10.800 13.680 270 342 gab_nachrichten 21.940
10.800 13.680 270 342 bericht_alon_caspi 36.033
20.640 22.080 516 552 lurastudent 18.294
20.640 22.080 516 552 gwinyai_machona 22.062
58.080 61.440 1452 1536 w_nachrichten 15.357
58.080 61.440 1452 1536 gwinyai_machona 39.062
58.320 61.440 1458 1536 lurastudent 28.294
88.320 92.640 2208 2316 gwinyai_machona 54.062
88.320 92.640 2208 2316 lurastudent 44.294
88.560 92.640 2214 2316 nachrichten 18.695
136.320 139.200 3408 3480 benjamin_netanjahu 39.930
136.080 139.200 3402 3480 ministerprasident_israel 51.668
