84.480 88.080 2112 2202 trainer_ingolstadt 49.302
84.480 88.080 2112 2202 ralph_hasenhuttl 19.379
84.960 88.080 2124 2202 hier 11.220
173.520 176.160 4338 4404 hier 10.220
173.040 176.400 4326 4410 trainer_ingolstadt 52.302
173.040 176.400 4326 4410 ralph_hasenhuttl 19.379
207.120 209.520 5178 5238 interview_j_schafer 14.644
207.360 209.760 5184 5244 ich 11.119
289.440 292.800 7236 7320 trainer_ingolstadt 49.302
289.440 292.800 7236 7320 ralph_hasenhuttl 19.379
289.680 293.040 7242 7326 hier 10.220
