6.960 8.160 174 204 nachrichten 11.267
6.960 8.160 174 204 bericht_gunnar_kohne 20.363
51.840 54.240 1296 1356 miuerimizin_basi_sagolsun 9.644
52.080 60.000 1302 1500 ogundem 10.164
52.080 60.000 1302 1500 cuununausman 3.073
68.400 71.520 1710 1788 gub_nachrichten 14.710
68.400 71.520 1710 1788 soli_ozel 36.526
68.400 71.520 1710 1788 politikwissenscha_ler 27.404
92.640 96.240 2316 2406 hilal_kaplan 37.421
92.880 96.240 2322 2406 nachrichten 17.183
92.880 96.240 2322 2406 publizistin 14.884
146.640 150.960 3666 3774 ozge_ak 38.025
146.640 150.960 3666 3774 lehrerin 47.663
146.880 150.960 3672 3774 nachrichten 25.933
161.760 164.400 4044 4110 hayan_du 4.412
