8.400 12.240 210 306 birgit_maab 49.863
8.400 12.480 210 312 journal_bericht 32.327
16.320 17.520 408 438 cedudie 3.237
37.200 42.240 930 1056 sanger 70.100
37.200 42.240 930 1056 journal_robert_cross 32.041
64.560 68.640 1614 1716 journal_victoria_ayling 23.032
64.560 68.640 1614 1716 ukipkandidatin 38.621
101.280 105.600 2532 2640 journal_birgit_maass 37.716
101.280 105.600 2532 2640 in_grimsby_grobbritannien 40.175
131.280 135.600 3282 3390 journal_martin_boyers 42.841
131.280 135.600 3282 3390 geschaftsfuhrer_hafen_grimsby 63.423
151.440 154.320 3786 3858 turbine_transfers 13.355
169.200 173.280 4230 4332 kandidat_der_konservativen 69.241
169.200 173.280 4230 4332 journal_marc_jones 24.927
