3.840 6.240 96 156 ainoitbahnhof 3.199
7.440 11.280 186 282 nachrichten 17.017
7.200 11.520 180 288 bericht_lefferson_chase_steffen_focke 44.637
35.520 40.320 888 1008 sporthistoriker 26.372
36.000 40.320 900 1008 w_nachrichten 22.357
35.520 40.320 888 1008 berno_bahro 54.652
60.960 62.160 1524 1554 sre_gehoren_zu_den_ersten_olympiahelden_der 30.952
61.200 62.400 1530 1560 deutschen_geschichte_bei_den_ersten_olympischen 38.219
73.920 76.320 1848 1908 einzig 2.931
85.680 89.520 2142 2238 w_nachrichten 18.357
85.680 89.520 2142 2238 sporthistoriker 25.372
85.680 89.520 2142 2238 berno_bahro 34.652
102.720 108.000 2568 2700 helliiolch 4.903
120.240 122.160 3006 3054 boxer 15.472
119.760 122.160 2994 3054 frich 15.654
120.480 122.160 3012 3054 boxer 12.472
141.600 150.480 3540 3762 berno_bahro 73.652
141.600 150.480 3540 3762 w_nachrichten 35.356
141.600 150.480 3540 3762 sporthistoriker 51.373
