7.200 10.080 180 252 bericht_sylvia_wassermann 27.331
7.200 10.080 180 252 nachrichten 16.600
35.760 40.320 894 1008 nachrichten 25.981
54.240 59.280 1356 1482 arsenij_iazenjuk 53.855
69.360 74.400 1734 1860 nachrichten 30.651
69.120 74.640 1728 1866 wladimir_putin 71.442
138.720 139.920 3468 3498 eden 3.450
152.640 156.480 3816 3912 correctw 19.057
158.880 164.400 3972 4110 david_crawford 53.548
159.120 164.400 3978 4110 nachrichten 25.067
159.120 164.640 3978 4116 correctiv 42.469
183.120 185.520 4578 4638 monuvsm_muten 4.702
