7.440 10.800 186 270 nachrichten 32.945
7.200 10.800 180 270 bericht_christopher_springate 56.453
18.480 22.560 462 564 iran 31.089
19.920 22.800 498 570 euaubenbeauftragte 17.442
19.920 22.800 498 570 federica_mogherini 35.449
18.480 23.520 462 588 iran_talks 58.500
26.160 30.000 654 750 frankwalter_steinmeier 45.755
26.160 30.000 654 750 aubenminister_deutschland 50.974
26.400 30.000 660 750 nachrichten 16.683
45.120 47.280 1128 1182 w_nachrichten 13.357
44.880 47.280 1122 1182 john_kerry 20.772
44.880 47.280 1122 1182 usaubenminister 26.355
41.040 48.240 1026 1206 viennaaustrim 10.792
88.800 93.840 2220 2346 hassan_rohani 50.157
89.040 93.840 2226 2346 prasident_iran 44.206
102.240 103.440 2556 2586 teh 17.040
125.280 130.560 3132 3264 barack_obama 42.742
125.280 130.560 3132 3264 usprasident 36.767
125.520 130.560 3138 3264 nachrichten 15.721
158.400 162.480 3960 4062 ministerprasident_israel 53.668
158.400 162.720 3960 4068 benjamin_netanjahu 52.930
158.400 162.720 3960 4068 nachrichten 24.667
