6.240 10.080 156 252 w_nachrichten 17.357
6.240 10.080 156 252 bericht_karl_harenbrock 40.372
33.120 36.720 828 918 manager_continental_farmer_group 53.223
33.120 36.720 828 918 nachrichten 22.600
33.120 36.720 828 918 andrew_bianco 55.753
99.360 102.960 2484 2574 w_nachrichten 19.357
99.360 102.960 2484 2574 stewart_alastair 55.781
99.360 102.960 2484 2574 finanzchef_continental_farmer_group 54.938
147.120 149.520 3678 3738 nachrichten 17.805
147.120 149.760 3678 3744 iury_kohut 15.277
147.120 149.760 3678 3744 fahrer 30.570
