8.640 11.520 216 288 nachrichten 15.267
8.640 11.520 216 288 bericht_adrian_kriesch_janphilipp_scholz 44.343
27.600 30.960 690 774 unfrledenstruppe_monusco 22.206
27.600 30.960 690 774 major_ak_gabi 32.718
27.600 30.960 690 774 nachrichten 20.642
69.600 73.200 1740 1830 adrian_kriesch 48.125
69.600 73.200 1740 1830 in_goma 27.224
93.840 98.880 2346 2472 frank_fikirini 55.119
93.840 98.880 2346 2472 lnformationsministerium_dr_kongo 28.681
94.080 98.880 2352 2472 nachrichten 29.387
149.040 153.840 3726 3846 chef_un_mission_monusco 37.778
148.800 153.840 3720 3846 martin_kobler 61.429
149.040 153.840 3726 3846 nachrichten 19.667
205.440 210.720 5136 5268 in_goma 30.224
205.440 210.720 5136 5268 nachrichten 29.827
205.440 210.720 5136 5268 adrian_kriesch 76.068
