37.680 39.600 942 990 exagent_des_kubanischen_geheimdienstes 30.330
37.680 39.600 942 990 caw_news 4.978
37.680 39.600 942 990 ismael_sena 15.530
58.080 60.480 1452 1512 ismael_sena 21.807
57.840 60.480 1446 1512 exagent_des_kubanischen_geheimdienstes 47.508
57.840 60.480 1446 1512 nachrichten 15.448
72.720 74.880 1818 1872 here 3.870
72.000 74.880 1800 1872 jerica 7.222
85.440 90.480 2136 2262 vicente_pompa 66.809
85.680 90.480 2142 2262 nachrichten 29.627
115.680 121.680 2892 3042 sprecherin__damen_in_weib 56.356
115.680 121.680 2892 3042 w_nachrichten 23.357
115.680 121.680 2892 3042 berta_soler 82.193
178.080 180.960 4452 4524 e_i_wege_iciciieini_beige 12.152
