9.600 11.520 240 288 nachrichten 12.124
9.600 11.520 240 288 bericht_bachir_amroune 35.095
24.480 25.920 612 648 fluchtling_aus_dem_libanon 25.504
24.480 25.920 612 648 reem_sahwil 23.571
35.520 37.200 888 930 was_uns_wichti 10.640
35.280 37.440 882 936 deutschland 30.270
35.520 37.440 888 936 gut_leben_in 22.060
51.360 57.360 1284 1434 bundesregierung 67.376
57.360 60.240 1434 1506 en_indeutschland 29.992
57.360 60.240 1434 1506 sie 2.161
71.520 75.120 1788 1878 fluchtling_aus_dem_libanon 46.504
71.520 75.120 1788 1878 reem_sahwil 46.571
71.520 75.120 1788 1878 nachrichten 22.149
133.680 136.800 3342 3420 fluchtling_aus_dem_libanon 35.504
133.680 136.800 3342 3420 reem_sahwil 45.571
133.680 136.800 3342 3420 nachrichten 24.214
151.440 155.040 3786 3876 atif_sahwil 46.025
151.440 155.040 3786 3876 vater_von_reem 45.236
