25.920 30.000 648 750 kuchenchef_sense_for_taste 56.746
25.680 30.000 642 750 peter_coucquyt 60.607
55.680 60.000 1392 1500 bernard_lahousse 66.490
55.680 60.000 1392 1500 aromaforscher 58.509
123.840 127.680 3096 3192 dominique_persoone 51.725
124.320 127.680 3108 3192 chocolatier 50.360
264.240 269.760 6606 6744 bernard_lahousse 77.490
264.240 269.760 6606 6744 foodpairingspezialist 17.671
276.960 279.600 6924 6990 gonna_ketels_ber_cht 15.299
276.960 279.600 6924 6990 michael_van_de_velde_kamera 49.085
276.960 279.600 6924 6990 jennifer_gartner_schnitt 16.264
