0 0
1 1
2 2
3 3
4 4
5 5
6 6
7 7
8 8
9 9
10 10
11 11
12 12
13 13
14 14
15 15
16 16
17 17
18 18
19 19
20 20
21 21
22 22
23 22
24 24
25 25
26 25
27 27
28 28
29 29
30 30
31 31
32 27
33 33
34 34
35 35
36 36
37 37
38 38
39 28
40 40
41 41
42 42
43 43
44 42
45 41
46 46
48 48
49 42
50 41
51 46
52 42
53 46
54 41
55 55
56 41
57 42
58 46
59 22
60 28
61 25
62 62
63 63
64 64
65 65
66 66
67 67
68 68
69 69
70 16
71 15
72 14
73 9
74 74
75 8
76 76
77 11
78 9
79 62
80 80
81 8
82 82
83 64
84 84
85 85
86 82
87 11
88 88
89 8
90 9
91 64
92 82
93 11
94 64
95 95
96 96
97 22
98 98
99 99
100 100
101 101
102 102
103 103
104 103
105 103
106 106
107 107
