0 0
1 1
2 2
3 3
4 4
5 5
6 6
7 7
8 1
9 9
10 10
11 11
12 12
13 13
14 14
15 15
16 16
17 17
18 18
19 19
20 20
21 21
22 22
23 23
24 24
25 2
26 26
27 3
28 28
29 29
30 13
31 31
32 13
33 33
34 34
35 35
36 36
37 37
38 38
39 39
40 40
41 41
42 42
43 43
44 44
45 45
46 46
47 14
48 13
49 12
50 50
51 13
52 10
53 53
54 12
55 12
56 1
57 57
58 4
59 59
60 60
61 61
62 62
63 63
64 64
65 65
66 66
67 67
68 57
69 4
70 70
71 71
72 72
73 4
74 74
75 4
76 72
78 4
79 4
80 1
81 6
82 82
83 83
84 84
85 85
86 85
87 85
88 88
89 89
90 90
91 85
92 85
93 93
94 94
95 95
96 96
97 97
98 98
99 99
100 95
101 101
102 1
103 103
104 104
105 105
106 106
107 107
108 108
109 109
110 107
111 107
112 104
113 1
114 114
115 115
116 116
117 117
118 118
119 119
120 116
121 121
122 122
123 123
124 124
125 124
126 1
127 0
128 114
129 18
