0 0
1 1
2 2
3 3
4 4
5 5
6 0
7 1
8 2
9 9
10 10
11 11
12 12
13 13
14 14
15 15
16 16
17 16
18 14
19 13
20 16
21 21
22 22
23 23
24 24
25 23
26 26
27 26
28 26
29 14
30 30
31 31
32 15
33 21
34 1
35 35
36 36
37 37
38 38
39 39
40 40
41 41
42 42
43 43
44 44
45 45
46 45
47 47
48 48
49 47
50 50
51 51
52 51
53 53
54 38
55 1
56 56
57 57
58 58
59 59
60 60
61 61
62 62
63 63
64 64
65 65
66 66
67 67
68 68
69 69
70 70
71 71
72 72
73 73
74 74
75 75
76 57
77 63
78 63
79 63
80 63
81 1
82 4
83 83
84 83
85 85
86 86
87 87
88 4
89 89
90 90
91 91
92 92
93 93
94 94
95 95
96 96
97 97
98 4
99 99
100 4
101 99
102 102
103 103
104 104
105 105
106 106
107 4
108 99
109 109
110 110
111 111
112 4
113 113
114 114
115 115
116 116
118 118
119 119
120 120
121 121
122 122
123 4
124 124
125 125
126 126
127 127
128 4
129 129
130 130
131 131
132 132
133 133
134 99
135 4
136 136
137 137
138 138
139 139
140 140
141 141
142 142
143 143
144 144
145 145
146 146
147 147
148 148
149 149
150 150
151 151
152 152
153 4
154 154
155 99
156 3
157 1
158 158
159 159
160 160
161 161
162 162
163 158
164 164
165 165
166 166
167 167
168 168
169 169
170 170
171 169
172 172
173 1
174 3
175 4
176 36
177 63
