3.040 0 0.208 0.194 0.378 0.500
3.080 0 0.208 0.194 0.378 0.500
3.120 0 0.203 0.189 0.378 0.503
3.160 0 0.208 0.186 0.386 0.506
3.200 0 0.198 0.186 0.375 0.506
3.240 0 0.208 0.186 0.386 0.506
3.280 0 0.200 0.186 0.375 0.500
3.320 0 0.209 0.189 0.384 0.503
3.360 0 0.208 0.194 0.377 0.497
3.400 0 0.206 0.194 0.372 0.492
3.440 0 0.209 0.189 0.377 0.489
3.480 0 0.206 0.186 0.372 0.483
3.520 0 0.209 0.183 0.380 0.486
3.560 0 0.211 0.183 0.380 0.486
3.600 0 0.212 0.186 0.381 0.489
3.640 0 0.216 0.194 0.381 0.489
3.680 0 0.211 0.189 0.377 0.486
3.720 0 0.214 0.189 0.381 0.489
3.760 0 0.212 0.192 0.377 0.486
3.800 0 0.216 0.189 0.383 0.489
3.840 0 0.212 0.192 0.377 0.486
3.880 0 0.216 0.189 0.383 0.489
3.920 0 0.214 0.189 0.378 0.486
3.960 0 0.216 0.186 0.383 0.486
4.000 0 0.216 0.183 0.383 0.483
4.040 0 0.211 0.181 0.378 0.483
4.080 0 0.214 0.178 0.380 0.475
4.120 0 0.214 0.169 0.380 0.467
4.160 0 0.208 0.167 0.375 0.464
4.200 0 0.216 0.164 0.383 0.464
4.240 0 0.212 0.164 0.380 0.464
4.280 0 0.222 0.169 0.388 0.467
4.320 0 0.219 0.169 0.386 0.469
4.360 0 0.227 0.172 0.392 0.469
4.400 0 0.220 0.169 0.388 0.469
4.440 0 0.227 0.172 0.391 0.469
4.480 0 0.222 0.178 0.386 0.472
4.520 0 0.223 0.178 0.389 0.475
4.560 0 0.220 0.181 0.383 0.472
4.600 0 0.220 0.178 0.384 0.472
4.640 0 0.222 0.175 0.388 0.472
4.680 0 0.217 0.178 0.381 0.472
4.720 0 0.220 0.178 0.383 0.469
4.760 0 0.223 0.181 0.386 0.472
4.800 0 0.222 0.178 0.386 0.472
4.840 0 0.222 0.183 0.383 0.472
4.880 0 0.225 0.181 0.389 0.475
4.920 0 0.222 0.183 0.384 0.475
4.960 0 0.223 0.181 0.389 0.478
5.000 0 0.216 0.183 0.383 0.483
5.040 0 0.211 0.175 0.377 0.472
5.080 0 0.211 0.175 0.380 0.478
5.120 0 0.206 0.181 0.372 0.481
5.160 0 0.206 0.181 0.375 0.486
5.200 0 0.203 0.189 0.369 0.486
5.240 0 0.202 0.186 0.369 0.489
5.280 0 0.203 0.189 0.370 0.489
5.320 0 0.203 0.189 0.369 0.489
5.360 0 0.203 0.189 0.370 0.489
5.400 0 0.203 0.189 0.370 0.489
5.440 0 0.205 0.192 0.370 0.492
5.480 0 0.205 0.194 0.372 0.492
5.520 0 0.206 0.194 0.372 0.494
5.560 0 0.211 0.194 0.378 0.492
5.600 0 0.209 0.194 0.375 0.489
5.640 0 0.214 0.192 0.384 0.494
5.680 0 0.209 0.194 0.377 0.494
5.720 0 0.214 0.197 0.383 0.503
5.760 0 0.208 0.206 0.375 0.503
5.800 0 0.211 0.206 0.378 0.506
5.840 0 0.212 0.203 0.380 0.503
5.880 0 0.214 0.200 0.381 0.500
5.920 0 0.216 0.200 0.381 0.500
5.960 0 0.217 0.200 0.383 0.497
6.000 0 0.216 0.183 0.383 0.483
6.040 0 0.223 0.189 0.389 0.486
6.080 0 0.223 0.186 0.389 0.481
6.120 0 0.225 0.183 0.391 0.483
6.160 0 0.225 0.183 0.391 0.481
6.200 0 0.228 0.183 0.395 0.483
6.240 0 0.223 0.186 0.386 0.478
6.280 0 0.228 0.186 0.394 0.486
6.320 0 0.222 0.192 0.386 0.483
6.360 0 0.225 0.192 0.392 0.489
6.400 0 0.222 0.194 0.388 0.494
6.440 0 0.222 0.200 0.391 0.503
6.480 0 0.219 0.206 0.386 0.503
6.520 0 0.220 0.208 0.389 0.511
6.560 0 0.220 0.211 0.391 0.517
6.600 0 0.222 0.217 0.388 0.514
6.640 0 0.220 0.217 0.388 0.514
6.680 0 0.222 0.214 0.391 0.517
6.720 0 0.225 0.217 0.389 0.514
6.760 0 0.223 0.211 0.394 0.514
6.800 0 0.227 0.211 0.394 0.511
6.840 0 0.225 0.206 0.397 0.514
6.880 0 0.225 0.203 0.398 0.514
6.920 0 0.227 0.206 0.400 0.517
6.960 0 0.227 0.208 0.395 0.511
7.000 0 0.234 0.217 0.402 0.517
7.040 0 0.237 0.206 0.405 0.506
7.080 0 0.239 0.206 0.406 0.503
7.120 0 0.239 0.203 0.409 0.506
7.160 0 0.242 0.194 0.417 0.508
7.200 0 0.248 0.189 0.427 0.506
7.240 0 0.255 0.183 0.433 0.503
7.280 0 0.255 0.178 0.434 0.500
7.320 0 0.255 0.169 0.431 0.483
7.360 0 0.255 0.169 0.431 0.483
7.400 0 0.250 0.172 0.427 0.486
7.440 0 0.250 0.172 0.427 0.486
7.480 0 0.248 0.175 0.422 0.481
7.520 0 0.250 0.169 0.428 0.483
7.560 0 0.250 0.169 0.423 0.481
7.600 0 0.256 0.175 0.425 0.475
7.640 0 0.256 0.178 0.425 0.475
7.680 0 0.258 0.181 0.423 0.475
7.720 0 0.261 0.183 0.427 0.478
7.760 0 0.256 0.181 0.423 0.478
7.800 0 0.256 0.181 0.423 0.478
7.840 0 0.261 0.186 0.425 0.478
7.880 0 0.255 0.183 0.422 0.478
7.920 0 0.261 0.194 0.422 0.481
7.960 0 0.250 0.189 0.414 0.478
8.000 0 0.252 0.183 0.420 0.483
8.040 0 0.252 0.194 0.422 0.497
8.080 0 0.248 0.194 0.419 0.497
8.120 0 0.253 0.194 0.422 0.497
8.160 0 0.255 0.197 0.423 0.497
8.200 0 0.256 0.200 0.425 0.500
8.240 0 0.258 0.200 0.428 0.503
8.280 0 0.259 0.203 0.430 0.506
8.320 0 0.261 0.203 0.431 0.506
8.360 0 0.263 0.206 0.431 0.508
8.400 0 0.264 0.206 0.433 0.508
8.440 0 0.264 0.208 0.434 0.508
8.480 0 0.266 0.208 0.434 0.511
8.520 0 0.264 0.211 0.434 0.511
8.560 0 0.264 0.211 0.433 0.514
8.600 0 0.264 0.214 0.433 0.514
8.640 0 0.263 0.211 0.433 0.514
8.680 0 0.263 0.211 0.431 0.514
8.720 0 0.261 0.208 0.430 0.508
8.760 0 0.261 0.208 0.428 0.506
8.800 0 0.259 0.206 0.427 0.503
8.840 0 0.258 0.206 0.427 0.503
8.880 0 0.258 0.203 0.428 0.506
8.920 0 0.255 0.206 0.422 0.503
8.960 0 0.256 0.206 0.425 0.503
9.000 0 0.252 0.217 0.420 0.517
9.040 0 0.247 0.219 0.411 0.511
9.080 0 0.245 0.219 0.411 0.514
9.120 0 0.244 0.217 0.409 0.511
9.160 0 0.242 0.217 0.408 0.511
9.200 0 0.241 0.214 0.406 0.511
9.240 0 0.239 0.214 0.405 0.511
9.280 0 0.239 0.214 0.405 0.511
9.320 0 0.236 0.217 0.405 0.519
9.360 0 0.230 0.217 0.398 0.519
9.400 0 0.234 0.217 0.405 0.519
9.440 0 0.234 0.217 0.405 0.522
9.480 0 0.237 0.217 0.409 0.522
9.520 0 0.234 0.219 0.403 0.522
9.560 0 0.236 0.219 0.406 0.522
9.600 0 0.233 0.222 0.400 0.519
9.640 0 0.233 0.219 0.400 0.519
9.680 0 0.233 0.219 0.400 0.519
9.720 0 0.233 0.219 0.398 0.519
9.760 0 0.233 0.219 0.398 0.519
9.800 0 0.233 0.219 0.398 0.517
9.840 0 0.236 0.225 0.400 0.517
9.880 0 0.231 0.222 0.392 0.511
9.920 0 0.234 0.219 0.400 0.517
9.960 0 0.230 0.217 0.397 0.517
10.000 0 0.234 0.217 0.402 0.517
10.040 0 0.239 0.208 0.408 0.508
10.080 0 0.234 0.206 0.405 0.508
10.120 0 0.237 0.206 0.408 0.511
10.160 0 0.237 0.208 0.406 0.508
10.200 0 0.233 0.211 0.402 0.514
10.240 0 0.236 0.217 0.403 0.514
10.280 0 0.237 0.219 0.403 0.514
10.320 0 0.237 0.222 0.403 0.517
10.360 0 0.239 0.222 0.405 0.517
10.400 0 0.241 0.222 0.406 0.519
10.440 0 0.242 0.222 0.409 0.522
10.480 0 0.244 0.225 0.411 0.522
10.520 0 0.250 0.225 0.417 0.522
10.560 0 0.250 0.228 0.416 0.522
10.600 0 0.255 0.228 0.422 0.525
10.640 0 0.253 0.225 0.420 0.522
10.680 0 0.261 0.225 0.427 0.525
10.720 0 0.256 0.225 0.423 0.522
10.760 0 0.259 0.225 0.430 0.528
10.800 0 0.256 0.225 0.423 0.525
10.840 0 0.258 0.225 0.425 0.525
10.880 0 0.256 0.228 0.423 0.525
10.920 0 0.253 0.225 0.419 0.522
10.960 0 0.253 0.225 0.422 0.525
11.000 0 0.252 0.217 0.420 0.517
11.040 0 0.248 0.217 0.417 0.517
11.080 0 0.244 0.217 0.414 0.517
11.120 0 0.237 0.217 0.403 0.514
11.160 0 0.236 0.214 0.402 0.508
11.200 0 0.227 0.208 0.394 0.503
11.240 0 0.223 0.206 0.389 0.500
11.280 0 0.212 0.200 0.381 0.500
11.320 0 0.203 0.194 0.373 0.497
11.360 0 0.195 0.192 0.366 0.494
11.400 0 0.191 0.189 0.362 0.494
11.440 0 0.183 0.194 0.352 0.492
11.480 0 0.181 0.189 0.352 0.492
42.120 1 0.422 -0.094 0.536 0.111
42.160 1 0.423 -0.078 0.537 0.125
42.200 1 0.420 -0.064 0.537 0.144
42.240 1 0.422 -0.047 0.539 0.158
42.280 1 0.420 -0.033 0.537 0.178
42.320 1 0.420 -0.017 0.541 0.194
42.360 1 0.420 0.000 0.539 0.211
42.400 1 0.422 0.011 0.539 0.222
42.440 1 0.420 0.028 0.537 0.239
42.480 1 0.422 0.042 0.539 0.247
42.520 1 0.420 0.056 0.537 0.264
42.560 1 0.422 0.069 0.539 0.275
42.600 1 0.420 0.081 0.537 0.289
42.640 1 0.420 0.089 0.545 0.311
42.680 1 0.422 0.103 0.542 0.314
42.720 1 0.422 0.114 0.545 0.333
42.760 1 0.422 0.122 0.542 0.339
42.800 1 0.422 0.131 0.539 0.342
42.840 1 0.420 0.144 0.539 0.353
42.880 1 0.422 0.150 0.542 0.364
42.920 1 0.420 0.156 0.542 0.375
42.960 1 0.422 0.167 0.537 0.372
43.000 1 0.420 0.172 0.537 0.381
43.040 1 0.420 0.178 0.539 0.389
43.080 1 0.419 0.181 0.539 0.394
43.120 1 0.422 0.186 0.542 0.397
43.160 1 0.417 0.189 0.537 0.406
43.200 1 0.422 0.194 0.542 0.406
43.240 1 0.420 0.197 0.537 0.408
43.280 1 0.420 0.200 0.537 0.411
43.320 1 0.422 0.203 0.539 0.414
43.360 1 0.419 0.206 0.537 0.417
43.400 1 0.420 0.208 0.541 0.419
43.440 1 0.420 0.208 0.539 0.419
43.480 1 0.420 0.211 0.537 0.422
43.520 1 0.419 0.211 0.537 0.425
43.560 1 0.422 0.214 0.539 0.425
43.600 1 0.420 0.217 0.537 0.425
43.640 1 0.419 0.217 0.536 0.425
43.680 1 0.422 0.219 0.539 0.428
43.720 1 0.419 0.219 0.536 0.428
43.760 1 0.422 0.219 0.537 0.425
43.800 1 0.420 0.217 0.539 0.425
43.840 1 0.419 0.217 0.536 0.428
43.880 1 0.420 0.217 0.539 0.428
43.920 1 0.419 0.219 0.536 0.428
43.960 1 0.422 0.219 0.539 0.428
44.000 1 0.420 0.219 0.537 0.428
44.040 1 0.420 0.219 0.537 0.428
44.080 1 0.420 0.219 0.537 0.428
44.120 1 0.420 0.219 0.537 0.428
44.160 1 0.420 0.219 0.537 0.428
44.200 1 0.420 0.219 0.537 0.428
44.240 1 0.420 0.219 0.537 0.428
44.280 1 0.420 0.219 0.537 0.428
44.320 1 0.420 0.219 0.537 0.428
44.360 1 0.420 0.219 0.537 0.428
44.400 1 0.420 0.219 0.537 0.428
44.440 1 0.420 0.219 0.537 0.428
44.480 1 0.420 0.219 0.537 0.428
44.520 1 0.420 0.219 0.537 0.428
44.560 1 0.420 0.219 0.537 0.428
44.600 1 0.420 0.219 0.537 0.428
80.600 2 0.244 0.042 0.306 0.153
80.640 2 0.244 0.053 0.306 0.164
80.680 2 0.244 0.064 0.306 0.175
80.720 2 0.244 0.075 0.306 0.186
80.760 2 0.244 0.086 0.308 0.200
80.800 2 0.244 0.094 0.309 0.208
80.840 2 0.247 0.106 0.311 0.219
80.880 2 0.247 0.111 0.312 0.228
80.920 2 0.248 0.125 0.312 0.239
80.960 2 0.250 0.133 0.314 0.250
81.000 2 0.250 0.139 0.317 0.258
81.040 2 0.250 0.144 0.319 0.267
81.080 2 0.256 0.150 0.325 0.272
81.120 2 0.258 0.161 0.323 0.278
81.160 2 0.264 0.167 0.330 0.283
81.200 2 0.264 0.172 0.331 0.292
81.240 2 0.269 0.181 0.334 0.297
81.280 2 0.273 0.186 0.339 0.300
81.320 2 0.275 0.189 0.339 0.303
81.360 2 0.280 0.192 0.342 0.303
81.400 2 0.280 0.194 0.342 0.306
81.440 2 0.283 0.197 0.345 0.306
81.480 2 0.281 0.197 0.342 0.306
81.520 2 0.283 0.197 0.344 0.306
81.560 2 0.280 0.197 0.342 0.306
81.600 2 0.281 0.200 0.342 0.308
81.640 2 0.280 0.200 0.341 0.308
81.680 2 0.278 0.206 0.341 0.314
81.720 2 0.278 0.208 0.339 0.317
81.760 2 0.278 0.211 0.338 0.317
81.800 2 0.278 0.214 0.338 0.319
81.840 2 0.278 0.214 0.336 0.319
81.880 2 0.278 0.217 0.338 0.319
81.920 2 0.281 0.217 0.339 0.319
81.960 2 0.277 0.214 0.336 0.317
82.000 2 0.277 0.214 0.336 0.317
82.040 2 0.277 0.211 0.334 0.317
82.080 2 0.275 0.211 0.333 0.314
82.120 2 0.272 0.211 0.330 0.314
82.160 2 0.270 0.214 0.328 0.314
82.200 2 0.267 0.214 0.323 0.317
82.240 2 0.264 0.214 0.320 0.317
82.280 2 0.259 0.214 0.317 0.317
82.320 2 0.255 0.214 0.312 0.317
82.360 2 0.250 0.214 0.308 0.314
82.400 2 0.244 0.208 0.300 0.311
85.800 3 0.312 0.144 0.380 0.261
85.840 3 0.316 0.144 0.381 0.261
85.880 3 0.312 0.147 0.380 0.264
85.920 3 0.311 0.150 0.378 0.269
85.960 3 0.308 0.153 0.373 0.269
86.000 3 0.303 0.153 0.370 0.272
86.040 3 0.295 0.150 0.369 0.278
86.080 3 0.294 0.147 0.366 0.275
86.120 3 0.292 0.144 0.364 0.272
86.160 3 0.294 0.144 0.366 0.272
86.200 3 0.297 0.144 0.367 0.269
86.240 3 0.292 0.144 0.364 0.269
86.280 3 0.292 0.142 0.364 0.269
86.320 3 0.287 0.142 0.359 0.269
86.360 3 0.291 0.142 0.362 0.269
86.400 3 0.286 0.142 0.358 0.269
86.440 3 0.287 0.139 0.361 0.269
86.480 3 0.284 0.142 0.356 0.269
86.520 3 0.280 0.144 0.352 0.272
86.560 3 0.278 0.150 0.350 0.278
86.600 3 0.280 0.150 0.353 0.281
86.640 3 0.278 0.153 0.352 0.283
86.680 3 0.277 0.158 0.348 0.286
86.720 3 0.275 0.161 0.347 0.289
86.760 3 0.275 0.164 0.347 0.292
86.800 3 0.277 0.167 0.350 0.297
86.840 3 0.278 0.169 0.352 0.300
86.880 3 0.283 0.175 0.355 0.303
86.920 3 0.283 0.175 0.355 0.303
86.960 3 0.284 0.172 0.359 0.306
87.000 3 0.283 0.167 0.364 0.311
87.040 3 0.289 0.164 0.367 0.303
87.080 3 0.292 0.164 0.372 0.306
87.120 3 0.297 0.167 0.377 0.308
87.160 3 0.300 0.167 0.378 0.306
87.200 3 0.302 0.167 0.381 0.308
87.240 3 0.303 0.167 0.384 0.311
87.280 3 0.305 0.169 0.386 0.314
87.320 3 0.308 0.172 0.388 0.317
87.360 3 0.308 0.169 0.391 0.319
87.400 3 0.308 0.172 0.392 0.319
87.440 3 0.309 0.175 0.392 0.322
87.480 3 0.309 0.175 0.394 0.325
87.520 3 0.311 0.178 0.395 0.328
87.560 3 0.312 0.178 0.397 0.331
87.600 3 0.312 0.181 0.398 0.333
87.640 3 0.317 0.181 0.402 0.333
87.680 3 0.317 0.181 0.403 0.333
87.720 3 0.322 0.183 0.408 0.333
87.760 3 0.322 0.183 0.408 0.336
87.800 3 0.327 0.186 0.412 0.339
87.840 3 0.327 0.189 0.414 0.344
87.880 3 0.333 0.192 0.419 0.344
87.920 3 0.334 0.194 0.422 0.350
87.960 3 0.338 0.194 0.425 0.350
88.000 3 0.345 0.200 0.427 0.344
88.040 3 0.347 0.208 0.428 0.356
88.080 3 0.350 0.208 0.431 0.356
88.120 3 0.353 0.208 0.434 0.353
88.160 3 0.356 0.208 0.438 0.353
88.200 3 0.355 0.211 0.436 0.353
88.240 3 0.358 0.211 0.441 0.356
88.280 3 0.355 0.211 0.438 0.356
88.320 3 0.358 0.208 0.441 0.358
88.360 3 0.356 0.211 0.441 0.361
88.400 3 0.356 0.214 0.441 0.364
88.440 3 0.356 0.214 0.441 0.364
88.480 3 0.355 0.214 0.442 0.367
88.520 3 0.355 0.211 0.442 0.367
88.560 3 0.355 0.214 0.442 0.369
88.600 3 0.355 0.214 0.444 0.369
88.640 3 0.356 0.214 0.447 0.372
88.680 3 0.358 0.214 0.447 0.375
88.720 3 0.358 0.214 0.448 0.375
88.760 3 0.358 0.214 0.450 0.378
88.800 3 0.359 0.217 0.452 0.378
88.840 3 0.359 0.217 0.452 0.381
88.880 3 0.359 0.217 0.453 0.383
88.920 3 0.359 0.217 0.455 0.383
88.960 3 0.362 0.219 0.456 0.386
89.000 3 0.361 0.222 0.458 0.394
89.040 3 0.366 0.222 0.459 0.389
89.080 3 0.366 0.219 0.461 0.389
89.120 3 0.366 0.219 0.461 0.389
89.160 3 0.366 0.217 0.463 0.389
89.200 3 0.364 0.217 0.461 0.389
89.240 3 0.367 0.219 0.464 0.392
89.280 3 0.364 0.219 0.463 0.394
89.320 3 0.364 0.217 0.466 0.397
89.360 3 0.366 0.217 0.467 0.397
89.400 3 0.366 0.214 0.469 0.400
89.440 3 0.364 0.214 0.470 0.400
89.480 3 0.366 0.214 0.472 0.403
89.520 3 0.366 0.214 0.472 0.406
89.560 3 0.366 0.214 0.473 0.406
89.600 3 0.366 0.214 0.475 0.408
89.640 3 0.362 0.214 0.475 0.414
89.680 3 0.364 0.214 0.477 0.414
89.720 3 0.362 0.214 0.477 0.417
89.760 3 0.361 0.214 0.475 0.417
89.800 3 0.362 0.217 0.477 0.419
89.840 3 0.361 0.217 0.477 0.422
89.880 3 0.361 0.217 0.478 0.425
89.920 3 0.362 0.217 0.480 0.428
89.960 3 0.364 0.219 0.483 0.431
90.000 3 0.369 0.219 0.486 0.428
90.040 3 0.358 0.214 0.497 0.461
90.080 3 0.356 0.217 0.494 0.461
90.120 3 0.358 0.214 0.500 0.464
90.160 3 0.358 0.211 0.497 0.461
90.200 3 0.359 0.208 0.502 0.464
90.240 3 0.358 0.208 0.502 0.461
90.280 3 0.359 0.208 0.503 0.467
90.320 3 0.358 0.208 0.503 0.467
90.360 3 0.359 0.208 0.505 0.467
90.400 3 0.362 0.206 0.509 0.469
90.440 3 0.358 0.203 0.506 0.467
90.480 3 0.358 0.206 0.506 0.469
90.520 3 0.358 0.206 0.508 0.472
90.560 3 0.359 0.206 0.509 0.472
90.600 3 0.361 0.206 0.511 0.472
90.640 3 0.358 0.200 0.511 0.475
90.680 3 0.359 0.203 0.511 0.475
90.720 3 0.359 0.206 0.511 0.475
90.760 3 0.355 0.206 0.506 0.475
90.800 3 0.355 0.211 0.503 0.475
90.840 3 0.350 0.217 0.498 0.481
90.880 3 0.345 0.219 0.495 0.486
90.920 3 0.341 0.222 0.491 0.489
90.960 3 0.338 0.219 0.491 0.494
91.000 3 0.327 0.217 0.495 0.517
91.040 3 0.331 0.211 0.486 0.486
91.080 3 0.330 0.208 0.486 0.486
91.120 3 0.323 0.206 0.481 0.486
91.160 3 0.322 0.206 0.480 0.486
91.200 3 0.316 0.203 0.475 0.483
91.240 3 0.314 0.200 0.473 0.483
91.280 3 0.308 0.194 0.469 0.481
91.320 3 0.308 0.192 0.470 0.481
91.360 3 0.302 0.189 0.466 0.481
91.400 3 0.302 0.189 0.469 0.486
91.440 3 0.298 0.186 0.467 0.486
91.480 3 0.302 0.186 0.472 0.489
91.520 3 0.295 0.189 0.467 0.494
91.560 3 0.298 0.192 0.473 0.500
91.600 3 0.294 0.197 0.469 0.506
91.640 3 0.295 0.200 0.472 0.511
91.680 3 0.289 0.203 0.466 0.517
91.720 3 0.289 0.203 0.470 0.522
91.760 3 0.283 0.206 0.464 0.525
91.800 3 0.286 0.206 0.469 0.531
91.840 3 0.280 0.208 0.464 0.536
91.880 3 0.283 0.211 0.469 0.542
91.920 3 0.281 0.217 0.467 0.547
91.960 3 0.280 0.217 0.469 0.553
92.000 3 0.289 0.217 0.458 0.517
92.040 3 0.280 0.208 0.461 0.531
92.080 3 0.283 0.211 0.466 0.536
92.120 3 0.280 0.219 0.463 0.544
92.160 3 0.280 0.217 0.467 0.553
92.200 3 0.277 0.225 0.464 0.558
92.240 3 0.278 0.228 0.469 0.567
92.280 3 0.273 0.233 0.464 0.572
92.320 3 0.277 0.239 0.470 0.583
92.360 3 0.273 0.250 0.463 0.586
92.400 3 0.273 0.253 0.467 0.600
92.440 3 0.272 0.261 0.467 0.608
92.480 3 0.272 0.267 0.469 0.619
92.520 3 0.273 0.272 0.473 0.631
92.560 3 0.273 0.281 0.473 0.636
92.600 3 0.272 0.283 0.475 0.644
92.640 3 0.275 0.286 0.480 0.653
92.680 3 0.270 0.289 0.478 0.658
92.720 3 0.270 0.286 0.483 0.664
92.760 3 0.269 0.286 0.484 0.669
92.800 3 0.267 0.286 0.486 0.672
92.840 3 0.267 0.283 0.487 0.678
92.880 3 0.266 0.286 0.489 0.681
92.920 3 0.266 0.283 0.491 0.686
92.960 3 0.264 0.281 0.492 0.686
93.000 3 0.256 0.267 0.498 0.697
93.040 3 0.267 0.281 0.498 0.692
93.080 3 0.264 0.281 0.495 0.692
93.120 3 0.261 0.278 0.495 0.694
93.160 3 0.259 0.278 0.494 0.697
93.200 3 0.255 0.278 0.492 0.697
93.240 3 0.252 0.275 0.492 0.700
93.280 3 0.247 0.272 0.491 0.703
93.320 3 0.242 0.267 0.489 0.706
93.360 3 0.239 0.267 0.486 0.708
93.400 3 0.234 0.267 0.484 0.711
93.440 3 0.233 0.269 0.483 0.714
93.480 3 0.230 0.269 0.481 0.717
93.520 3 0.230 0.269 0.481 0.717
93.560 3 0.228 0.272 0.480 0.719
93.600 3 0.228 0.272 0.480 0.722
93.640 3 0.225 0.272 0.480 0.722
93.680 3 0.225 0.272 0.478 0.725
93.720 3 0.223 0.275 0.478 0.728
93.760 3 0.222 0.278 0.477 0.731
93.800 3 0.220 0.281 0.477 0.736
93.840 3 0.220 0.286 0.475 0.739
93.880 3 0.219 0.289 0.475 0.742
93.920 3 0.219 0.292 0.475 0.747
93.960 3 0.219 0.294 0.475 0.753
94.000 3 0.230 0.314 0.472 0.744
94.040 3 0.222 0.317 0.461 0.744
94.080 3 0.225 0.317 0.466 0.744
94.120 3 0.227 0.317 0.466 0.742
94.160 3 0.227 0.311 0.470 0.744
94.200 3 0.228 0.308 0.473 0.744
94.240 3 0.230 0.308 0.475 0.744
94.280 3 0.233 0.306 0.480 0.744
94.320 3 0.228 0.303 0.477 0.744
94.360 3 0.233 0.314 0.475 0.744
94.400 3 0.233 0.317 0.473 0.742
94.440 3 0.237 0.314 0.480 0.744
94.480 3 0.241 0.319 0.478 0.742
94.520 3 0.236 0.317 0.477 0.744
94.560 3 0.244 0.322 0.478 0.739
94.600 3 0.239 0.317 0.475 0.736
94.640 3 0.241 0.314 0.481 0.742
94.680 3 0.231 0.314 0.475 0.747
94.720 3 0.237 0.314 0.484 0.753
94.760 3 0.237 0.322 0.481 0.756
94.800 3 0.245 0.325 0.489 0.758
94.840 3 0.244 0.325 0.487 0.758
94.880 3 0.250 0.319 0.494 0.753
94.920 3 0.239 0.317 0.480 0.744
94.960 3 0.245 0.314 0.487 0.744
95.000 3 0.230 0.314 0.472 0.744
95.040 3 0.231 0.319 0.472 0.747
95.080 3 0.239 0.328 0.478 0.753
95.120 3 0.233 0.331 0.477 0.764
95.160 3 0.237 0.331 0.478 0.758
95.200 3 0.231 0.325 0.470 0.750
95.240 3 0.237 0.317 0.472 0.733
95.280 3 0.236 0.314 0.473 0.736
95.320 3 0.236 0.311 0.478 0.742
95.360 3 0.237 0.317 0.480 0.744
95.400 3 0.234 0.319 0.473 0.744
95.440 3 0.242 0.319 0.481 0.747
95.480 3 0.233 0.322 0.472 0.744
95.520 3 0.228 0.317 0.469 0.744
95.560 3 0.227 0.319 0.466 0.742
95.600 3 0.225 0.319 0.466 0.744
95.640 3 0.225 0.319 0.464 0.744
95.680 3 0.223 0.319 0.464 0.747
95.720 3 0.223 0.319 0.464 0.744
95.760 3 0.231 0.319 0.472 0.747
95.800 3 0.227 0.311 0.470 0.744
95.840 3 0.230 0.317 0.469 0.742
95.880 3 0.230 0.319 0.467 0.742
95.920 3 0.230 0.319 0.466 0.739
95.960 3 0.230 0.319 0.469 0.742
96.000 3 0.230 0.314 0.472 0.744
96.040 3 0.227 0.322 0.470 0.758
96.080 3 0.233 0.322 0.477 0.758
96.120 3 0.233 0.325 0.477 0.758
96.160 3 0.236 0.322 0.480 0.758
96.200 3 0.234 0.325 0.473 0.753
96.240 3 0.230 0.328 0.472 0.758
96.280 3 0.230 0.328 0.472 0.758
96.320 3 0.230 0.325 0.472 0.758
96.360 3 0.227 0.325 0.472 0.761
96.400 3 0.217 0.325 0.461 0.758
96.440 3 0.219 0.325 0.464 0.758
96.480 3 0.214 0.322 0.459 0.756
96.520 3 0.217 0.322 0.461 0.756
96.560 3 0.212 0.322 0.456 0.756
96.600 3 0.206 0.319 0.452 0.756
96.640 3 0.205 0.319 0.453 0.758
96.680 3 0.202 0.322 0.447 0.758
96.720 3 0.203 0.333 0.444 0.761
96.760 3 0.197 0.347 0.439 0.778
96.800 3 0.191 0.344 0.434 0.778
96.840 3 0.198 0.339 0.444 0.775
96.880 3 0.195 0.333 0.442 0.772
96.920 3 0.202 0.331 0.452 0.772
96.960 3 0.197 0.333 0.448 0.781
97.000 3 0.203 0.361 0.445 0.792
97.040 3 0.197 0.353 0.442 0.789
97.080 3 0.195 0.353 0.441 0.789
97.120 3 0.203 0.342 0.448 0.781
97.160 3 0.212 0.325 0.456 0.758
97.200 3 0.217 0.306 0.461 0.739
97.240 3 0.225 0.281 0.470 0.717
97.280 3 0.233 0.261 0.480 0.700
97.320 3 0.241 0.247 0.486 0.683
97.360 3 0.244 0.233 0.492 0.675
97.400 3 0.252 0.233 0.497 0.669
97.440 3 0.264 0.236 0.508 0.669
97.480 3 0.266 0.239 0.511 0.672
97.520 3 0.275 0.242 0.517 0.669
97.560 3 0.275 0.236 0.516 0.664
97.600 3 0.283 0.231 0.522 0.656
97.640 3 0.280 0.231 0.516 0.650
97.680 3 0.283 0.236 0.517 0.650
97.720 3 0.283 0.242 0.516 0.653
97.760 3 0.291 0.242 0.523 0.656
97.800 3 0.277 0.236 0.512 0.653
97.840 3 0.284 0.231 0.519 0.650
97.880 3 0.272 0.228 0.509 0.650
97.920 3 0.263 0.222 0.505 0.653
97.960 3 0.266 0.228 0.508 0.658
98.000 3 0.256 0.219 0.498 0.650
98.040 3 0.263 0.261 0.494 0.672
98.080 3 0.264 0.264 0.492 0.672
98.120 3 0.250 0.261 0.480 0.672
98.160 3 0.233 0.256 0.461 0.661
98.200 3 0.212 0.256 0.442 0.667
98.240 3 0.197 0.258 0.427 0.669
98.280 3 0.180 0.256 0.408 0.661
98.320 3 0.169 0.267 0.394 0.667
98.360 3 0.164 0.267 0.389 0.667
98.400 3 0.161 0.272 0.388 0.675
98.440 3 0.167 0.283 0.391 0.683
98.480 3 0.169 0.289 0.394 0.692
98.520 3 0.169 0.286 0.397 0.694
98.560 3 0.175 0.278 0.406 0.689
98.600 3 0.180 0.267 0.409 0.681
98.640 3 0.189 0.261 0.420 0.675
98.680 3 0.191 0.258 0.425 0.675
98.720 3 0.192 0.256 0.427 0.672
98.760 3 0.191 0.247 0.425 0.667
98.800 3 0.188 0.236 0.423 0.656
98.840 3 0.183 0.225 0.420 0.647
98.880 3 0.180 0.217 0.417 0.639
98.920 3 0.178 0.208 0.414 0.631
98.960 3 0.177 0.200 0.412 0.622
99.000 3 0.177 0.219 0.417 0.650
99.040 3 0.181 0.208 0.425 0.644
99.080 3 0.180 0.208 0.423 0.644
99.120 3 0.180 0.217 0.422 0.647
99.160 3 0.178 0.219 0.420 0.653
99.200 3 0.175 0.222 0.419 0.656
99.240 3 0.172 0.222 0.417 0.658
99.280 3 0.170 0.222 0.416 0.658
99.320 3 0.177 0.222 0.422 0.661
99.360 3 0.175 0.233 0.420 0.669
99.400 3 0.175 0.242 0.416 0.672
99.440 3 0.175 0.250 0.416 0.678
99.480 3 0.183 0.253 0.423 0.681
99.520 3 0.180 0.253 0.420 0.681
99.560 3 0.188 0.256 0.428 0.681
99.600 3 0.186 0.256 0.425 0.683
99.640 3 0.194 0.261 0.433 0.689
99.680 3 0.189 0.264 0.430 0.692
99.720 3 0.197 0.269 0.438 0.697
99.760 3 0.194 0.272 0.434 0.703
99.800 3 0.195 0.275 0.441 0.711
99.840 3 0.195 0.281 0.434 0.706
99.880 3 0.197 0.278 0.438 0.708
99.920 3 0.197 0.278 0.434 0.700
99.960 3 0.200 0.275 0.441 0.706
100.000 3 0.203 0.267 0.445 0.697
100.040 3 0.200 0.250 0.447 0.686
100.080 3 0.200 0.250 0.444 0.686
100.120 3 0.198 0.250 0.444 0.683
100.160 3 0.197 0.244 0.441 0.681
100.200 3 0.200 0.244 0.444 0.681
100.240 3 0.195 0.247 0.436 0.678
100.280 3 0.198 0.247 0.441 0.681
100.320 3 0.192 0.247 0.436 0.683
100.360 3 0.197 0.250 0.442 0.686
100.400 3 0.195 0.253 0.436 0.681
100.440 3 0.197 0.256 0.439 0.689
100.480 3 0.200 0.264 0.444 0.700
100.520 3 0.192 0.272 0.434 0.703
100.560 3 0.198 0.283 0.439 0.714
100.600 3 0.192 0.292 0.431 0.717
100.640 3 0.195 0.294 0.436 0.722
100.680 3 0.188 0.297 0.428 0.725
100.720 3 0.191 0.294 0.433 0.728
100.760 3 0.186 0.300 0.425 0.728
100.800 3 0.189 0.303 0.430 0.733
100.840 3 0.183 0.311 0.422 0.736
100.880 3 0.186 0.314 0.427 0.744
100.920 3 0.178 0.325 0.419 0.753
100.960 3 0.181 0.328 0.422 0.758
101.000 3 0.177 0.314 0.417 0.744
101.040 3 0.170 0.314 0.411 0.744
101.080 3 0.181 0.314 0.423 0.747
101.120 3 0.177 0.314 0.412 0.736
101.160 3 0.178 0.317 0.417 0.744
101.200 3 0.178 0.317 0.417 0.744
101.240 3 0.178 0.317 0.416 0.742
101.280 3 0.178 0.317 0.416 0.742
101.320 3 0.183 0.311 0.423 0.742
101.360 3 0.178 0.311 0.417 0.739
101.400 3 0.183 0.308 0.425 0.742
101.440 3 0.181 0.308 0.419 0.736
101.480 3 0.181 0.308 0.419 0.733
108.560 4 0.116 0.250 0.319 0.611
108.600 4 0.116 0.250 0.319 0.611
108.640 4 0.116 0.250 0.319 0.608
108.680 4 0.117 0.250 0.319 0.611
108.720 4 0.117 0.250 0.319 0.611
108.760 4 0.117 0.253 0.320 0.611
108.800 4 0.119 0.253 0.320 0.614
108.840 4 0.119 0.256 0.322 0.614
108.880 4 0.120 0.256 0.322 0.614
108.920 4 0.122 0.256 0.323 0.614
108.960 4 0.123 0.258 0.325 0.617
109.000 4 0.123 0.261 0.325 0.619
109.040 4 0.123 0.278 0.322 0.631
109.080 4 0.131 0.278 0.328 0.628
109.120 4 0.128 0.272 0.327 0.625
109.160 4 0.134 0.258 0.334 0.617
109.200 4 0.142 0.250 0.345 0.611
109.240 4 0.150 0.244 0.353 0.606
109.280 4 0.153 0.244 0.355 0.603
109.320 4 0.152 0.239 0.359 0.608
109.360 4 0.156 0.242 0.361 0.606
109.400 4 0.152 0.239 0.358 0.603
109.440 4 0.156 0.236 0.361 0.600
109.480 4 0.150 0.231 0.356 0.597
109.520 4 0.153 0.228 0.359 0.594
109.560 4 0.150 0.225 0.358 0.592
109.600 4 0.148 0.219 0.356 0.586
109.640 4 0.148 0.214 0.356 0.583
109.680 4 0.147 0.211 0.355 0.581
109.720 4 0.147 0.211 0.353 0.581
109.760 4 0.144 0.211 0.350 0.581
109.800 4 0.145 0.211 0.353 0.581
109.840 4 0.145 0.211 0.353 0.581
109.880 4 0.145 0.208 0.353 0.578
109.920 4 0.142 0.200 0.353 0.575
109.960 4 0.145 0.200 0.356 0.575
110.000 4 0.147 0.222 0.348 0.581
110.040 4 0.153 0.231 0.336 0.558
110.080 4 0.153 0.231 0.338 0.558
110.120 4 0.153 0.228 0.341 0.561
110.160 4 0.155 0.228 0.339 0.553
110.200 4 0.155 0.222 0.341 0.553
110.240 4 0.156 0.222 0.339 0.547
110.280 4 0.156 0.222 0.339 0.547
110.320 4 0.156 0.222 0.339 0.550
110.360 4 0.158 0.219 0.344 0.553
110.400 4 0.152 0.217 0.339 0.550
110.440 4 0.155 0.217 0.344 0.556
110.480 4 0.155 0.219 0.339 0.547
110.520 4 0.156 0.219 0.339 0.544
110.560 4 0.155 0.219 0.336 0.544
110.600 4 0.158 0.217 0.342 0.547
110.640 4 0.156 0.217 0.339 0.544
110.680 4 0.155 0.211 0.344 0.547
110.720 4 0.158 0.214 0.342 0.544
110.760 4 0.153 0.211 0.338 0.542
110.800 4 0.158 0.214 0.342 0.542
110.840 4 0.155 0.208 0.341 0.542
110.880 4 0.158 0.211 0.342 0.542
110.920 4 0.156 0.211 0.341 0.542
110.960 4 0.155 0.214 0.339 0.542
111.000 4 0.159 0.217 0.327 0.517
111.040 4 0.152 0.203 0.336 0.531
111.080 4 0.148 0.194 0.336 0.531
111.120 4 0.153 0.200 0.338 0.528
111.160 4 0.150 0.200 0.334 0.528
111.200 4 0.148 0.200 0.333 0.528
111.240 4 0.147 0.200 0.333 0.531
111.280 4 0.147 0.203 0.331 0.533
111.320 4 0.147 0.203 0.331 0.531
111.360 4 0.147 0.200 0.333 0.531
111.400 4 0.147 0.200 0.331 0.528
111.440 4 0.147 0.200 0.328 0.519
111.480 4 0.148 0.197 0.333 0.528
111.520 4 0.144 0.197 0.328 0.525
111.560 4 0.145 0.197 0.330 0.528
111.600 4 0.145 0.197 0.331 0.528
111.640 4 0.147 0.194 0.331 0.528
111.680 4 0.147 0.194 0.333 0.525
111.720 4 0.147 0.194 0.333 0.528
111.760 4 0.147 0.197 0.334 0.531
111.800 4 0.147 0.203 0.334 0.536
111.840 4 0.148 0.206 0.336 0.542
111.880 4 0.153 0.208 0.339 0.542
111.920 4 0.150 0.200 0.339 0.539
111.960 4 0.156 0.200 0.342 0.531
112.000 4 0.147 0.183 0.348 0.542
112.040 4 0.144 0.189 0.342 0.542
112.080 4 0.145 0.192 0.345 0.547
112.120 4 0.147 0.192 0.348 0.550
112.160 4 0.150 0.189 0.352 0.547
112.200 4 0.155 0.189 0.356 0.544
112.240 4 0.156 0.183 0.358 0.539
112.280 4 0.163 0.175 0.364 0.533
112.320 4 0.172 0.175 0.373 0.533
112.360 4 0.170 0.175 0.372 0.536
112.400 4 0.175 0.178 0.380 0.542
112.440 4 0.170 0.189 0.372 0.550
112.480 4 0.178 0.194 0.380 0.553
112.520 4 0.178 0.194 0.378 0.553
112.560 4 0.175 0.189 0.378 0.547
112.600 4 0.175 0.183 0.377 0.542
112.640 4 0.172 0.181 0.375 0.542
112.680 4 0.172 0.183 0.375 0.542
112.720 4 0.172 0.186 0.377 0.547
112.760 4 0.172 0.186 0.377 0.550
112.800 4 0.173 0.183 0.378 0.547
112.840 4 0.170 0.181 0.373 0.542
112.880 4 0.172 0.175 0.381 0.547
112.920 4 0.170 0.178 0.373 0.542
112.960 4 0.175 0.181 0.378 0.542
113.000 4 0.169 0.183 0.370 0.542
113.040 4 0.167 0.189 0.370 0.550
113.080 4 0.163 0.192 0.364 0.550
113.120 4 0.167 0.194 0.369 0.553
113.160 4 0.164 0.194 0.366 0.550
113.200 4 0.166 0.194 0.370 0.558
113.240 4 0.158 0.194 0.359 0.556
113.280 4 0.167 0.197 0.369 0.556
113.320 4 0.163 0.203 0.361 0.556
113.360 4 0.167 0.206 0.370 0.564
113.400 4 0.164 0.208 0.364 0.564
113.440 4 0.169 0.211 0.366 0.561
113.480 4 0.167 0.203 0.370 0.564
113.520 4 0.166 0.206 0.367 0.564
113.560 4 0.167 0.208 0.370 0.569
113.600 4 0.164 0.211 0.367 0.575
113.640 4 0.170 0.211 0.375 0.575
113.680 4 0.166 0.200 0.375 0.575
113.720 4 0.177 0.208 0.383 0.572
113.760 4 0.172 0.214 0.373 0.572
113.800 4 0.180 0.219 0.380 0.578
113.840 4 0.175 0.222 0.375 0.578
113.880 4 0.177 0.222 0.377 0.575
113.920 4 0.172 0.219 0.372 0.575
113.960 4 0.175 0.219 0.375 0.575
114.000 4 0.169 0.222 0.370 0.581
114.040 4 0.170 0.211 0.373 0.572
114.080 4 0.169 0.208 0.370 0.569
114.120 4 0.166 0.206 0.370 0.567
114.160 4 0.166 0.206 0.369 0.567
114.200 4 0.164 0.203 0.369 0.567
114.240 4 0.163 0.200 0.367 0.564
114.280 4 0.159 0.197 0.364 0.561
114.320 4 0.158 0.194 0.361 0.558
114.360 4 0.158 0.194 0.362 0.558
114.400 4 0.152 0.197 0.355 0.558
114.440 4 0.152 0.197 0.355 0.558
114.480 4 0.153 0.192 0.358 0.556
114.520 4 0.153 0.189 0.358 0.553
114.560 4 0.152 0.186 0.358 0.550
114.600 4 0.152 0.183 0.356 0.550
114.640 4 0.150 0.186 0.353 0.547
114.680 4 0.152 0.192 0.356 0.553
114.720 4 0.147 0.197 0.352 0.561
114.760 4 0.144 0.214 0.350 0.581
114.800 4 0.139 0.219 0.342 0.583
114.840 4 0.133 0.225 0.336 0.589
114.880 4 0.125 0.228 0.331 0.592
114.920 4 0.123 0.228 0.327 0.589
114.960 4 0.120 0.228 0.325 0.589
115.000 4 0.123 0.222 0.325 0.581
115.040 4 0.127 0.225 0.331 0.589
115.080 4 0.127 0.225 0.330 0.589
115.120 4 0.127 0.228 0.330 0.589
115.160 4 0.125 0.228 0.328 0.592
115.200 4 0.123 0.231 0.328 0.592
115.240 4 0.123 0.236 0.328 0.600
115.280 4 0.127 0.244 0.331 0.606
115.320 4 0.123 0.253 0.328 0.617
115.360 4 0.131 0.267 0.334 0.628
115.400 4 0.134 0.275 0.338 0.636
115.440 4 0.141 0.281 0.341 0.636
115.480 4 0.142 0.278 0.344 0.636
115.520 4 0.141 0.269 0.342 0.628
115.560 4 0.136 0.261 0.338 0.619
115.600 4 0.128 0.253 0.331 0.614
115.640 4 0.119 0.253 0.320 0.611
115.680 4 0.116 0.256 0.319 0.617
115.720 4 0.116 0.261 0.319 0.622
115.760 4 0.117 0.267 0.320 0.628
115.800 4 0.120 0.269 0.325 0.631
115.840 4 0.125 0.269 0.328 0.633
115.880 4 0.128 0.267 0.334 0.633
115.920 4 0.136 0.264 0.338 0.625
115.960 4 0.139 0.261 0.339 0.617
116.000 4 0.147 0.261 0.348 0.619
116.040 4 0.145 0.244 0.348 0.608
116.080 4 0.147 0.250 0.350 0.608
116.120 4 0.144 0.253 0.341 0.603
116.160 4 0.134 0.250 0.334 0.606
116.200 4 0.133 0.244 0.336 0.606
116.240 4 0.125 0.242 0.328 0.603
116.280 4 0.123 0.239 0.327 0.600
116.320 4 0.122 0.239 0.325 0.600
116.360 4 0.120 0.236 0.323 0.597
116.400 4 0.119 0.231 0.323 0.594
116.440 4 0.119 0.228 0.322 0.592
116.480 4 0.116 0.222 0.320 0.589
116.520 4 0.117 0.219 0.323 0.589
116.560 4 0.113 0.219 0.319 0.586
116.600 4 0.111 0.222 0.317 0.589
116.640 4 0.109 0.228 0.316 0.592
116.680 4 0.106 0.228 0.314 0.594
116.720 4 0.106 0.231 0.311 0.594
116.760 4 0.103 0.231 0.309 0.594
116.800 4 0.102 0.233 0.306 0.597
116.840 4 0.100 0.236 0.305 0.600
116.880 4 0.102 0.236 0.306 0.600
116.920 4 0.097 0.236 0.302 0.600
116.960 4 0.102 0.236 0.305 0.597
117.000 4 0.102 0.222 0.303 0.581
117.040 4 0.102 0.222 0.303 0.581
117.080 4 0.103 0.225 0.305 0.583
117.120 4 0.103 0.225 0.303 0.581
117.160 4 0.100 0.228 0.297 0.578
117.200 4 0.106 0.231 0.305 0.583
117.240 4 0.103 0.222 0.305 0.581
117.280 4 0.105 0.225 0.306 0.583
117.320 4 0.106 0.225 0.308 0.586
117.360 4 0.100 0.231 0.300 0.586
117.400 4 0.103 0.231 0.303 0.589
117.440 4 0.102 0.231 0.305 0.589
117.480 4 0.102 0.231 0.306 0.594
117.520 4 0.097 0.236 0.298 0.594
117.560 4 0.105 0.239 0.303 0.594
117.600 4 0.108 0.228 0.305 0.581
117.640 4 0.119 0.225 0.316 0.578
117.680 4 0.136 0.228 0.328 0.567
117.720 4 0.152 0.233 0.342 0.572
117.760 4 0.156 0.236 0.347 0.578
117.800 4 0.166 0.233 0.358 0.575
117.840 4 0.170 0.228 0.358 0.564
117.520 5 0.066 0.228 0.284 0.617
117.560 5 0.066 0.228 0.281 0.611
117.600 5 0.078 0.225 0.292 0.606
117.640 5 0.084 0.211 0.300 0.594
117.680 5 0.098 0.219 0.309 0.592
117.720 5 0.111 0.225 0.319 0.597
117.760 5 0.122 0.231 0.327 0.594
117.800 5 0.123 0.222 0.331 0.589
117.840 5 0.133 0.219 0.336 0.581
117.880 5 0.136 0.211 0.338 0.569
117.920 5 0.142 0.214 0.344 0.572
117.960 5 0.145 0.219 0.347 0.578
118.000 5 0.147 0.222 0.348 0.581
118.040 5 0.158 0.239 0.361 0.600
118.080 5 0.153 0.236 0.356 0.597
118.120 5 0.156 0.236 0.358 0.594
118.160 5 0.148 0.231 0.356 0.600
118.200 5 0.148 0.239 0.350 0.597
118.240 5 0.147 0.236 0.348 0.594
118.280 5 0.145 0.233 0.347 0.592
118.320 5 0.144 0.228 0.347 0.589
118.360 5 0.144 0.225 0.348 0.589
118.400 5 0.136 0.222 0.342 0.589
118.440 5 0.136 0.222 0.344 0.592
118.480 5 0.136 0.219 0.344 0.589
118.520 5 0.134 0.214 0.344 0.586
118.560 5 0.134 0.208 0.344 0.583
118.600 5 0.134 0.208 0.342 0.578
118.640 5 0.133 0.206 0.342 0.578
118.680 5 0.131 0.208 0.341 0.581
118.720 5 0.130 0.211 0.341 0.583
118.760 5 0.131 0.214 0.339 0.583
118.800 5 0.130 0.214 0.338 0.581
118.840 5 0.136 0.214 0.341 0.578
118.880 5 0.133 0.211 0.336 0.572
118.920 5 0.139 0.208 0.342 0.569
118.960 5 0.136 0.206 0.338 0.561
119.000 5 0.147 0.222 0.348 0.581
119.040 5 0.142 0.222 0.344 0.581
119.080 5 0.141 0.225 0.339 0.575
119.120 5 0.145 0.219 0.347 0.578
119.160 5 0.144 0.217 0.342 0.572
119.200 5 0.148 0.214 0.348 0.567
119.240 5 0.145 0.208 0.345 0.564
119.280 5 0.152 0.203 0.352 0.558
119.320 5 0.148 0.200 0.348 0.553
119.360 5 0.155 0.194 0.353 0.550
119.400 5 0.150 0.192 0.350 0.547
119.440 5 0.155 0.189 0.356 0.547
119.480 5 0.150 0.186 0.353 0.547
119.520 5 0.155 0.183 0.358 0.542
119.560 5 0.152 0.178 0.355 0.542
119.600 5 0.156 0.178 0.359 0.536
119.640 5 0.152 0.175 0.356 0.539
119.680 5 0.153 0.175 0.359 0.539
119.720 5 0.155 0.178 0.358 0.539
119.760 5 0.150 0.178 0.353 0.536
119.800 5 0.155 0.175 0.361 0.542
119.840 5 0.150 0.178 0.356 0.542
119.880 5 0.156 0.178 0.361 0.542
119.920 5 0.155 0.178 0.358 0.542
119.960 5 0.155 0.178 0.359 0.542
120.000 5 0.147 0.183 0.348 0.542
120.040 5 0.155 0.181 0.356 0.539
120.080 5 0.156 0.186 0.358 0.542
120.120 5 0.155 0.183 0.355 0.539
120.160 5 0.156 0.183 0.358 0.539
120.200 5 0.158 0.181 0.361 0.542
120.240 5 0.153 0.181 0.356 0.539
120.280 5 0.156 0.181 0.359 0.542
120.320 5 0.156 0.178 0.353 0.531
120.360 5 0.158 0.178 0.358 0.536
120.400 5 0.153 0.181 0.352 0.533
120.440 5 0.158 0.183 0.356 0.536
120.480 5 0.155 0.186 0.353 0.539
120.520 5 0.155 0.189 0.356 0.544
120.560 5 0.156 0.189 0.358 0.547
120.600 5 0.159 0.189 0.356 0.542
120.640 5 0.158 0.183 0.359 0.542
120.680 5 0.159 0.183 0.361 0.542
120.720 5 0.158 0.189 0.356 0.539
120.760 5 0.166 0.194 0.362 0.542
120.800 5 0.163 0.189 0.362 0.544
120.840 5 0.164 0.189 0.366 0.544
120.880 5 0.163 0.186 0.364 0.544
120.920 5 0.163 0.186 0.364 0.544
120.960 5 0.163 0.186 0.364 0.544
121.000 5 0.169 0.183 0.370 0.542
121.040 5 0.170 0.183 0.373 0.544
121.080 5 0.170 0.186 0.372 0.544
121.120 5 0.170 0.189 0.372 0.547
121.160 5 0.170 0.192 0.370 0.550
121.200 5 0.170 0.194 0.369 0.550
121.240 5 0.169 0.197 0.367 0.550
121.280 5 0.167 0.197 0.367 0.553
121.320 5 0.166 0.200 0.366 0.556
121.360 5 0.164 0.197 0.366 0.558
121.400 5 0.163 0.197 0.366 0.556
121.440 5 0.163 0.197 0.364 0.558
121.480 5 0.163 0.197 0.364 0.556
121.520 5 0.161 0.197 0.362 0.556
121.560 5 0.161 0.197 0.362 0.556
121.600 5 0.158 0.194 0.361 0.553
121.640 5 0.161 0.192 0.362 0.550
121.680 5 0.164 0.189 0.364 0.547
121.720 5 0.159 0.186 0.361 0.547
121.760 5 0.164 0.186 0.366 0.544
121.800 5 0.161 0.186 0.361 0.542
121.840 5 0.166 0.186 0.366 0.542
121.880 5 0.163 0.183 0.362 0.542
121.920 5 0.167 0.186 0.367 0.542
121.960 5 0.164 0.186 0.364 0.539
122.000 5 0.169 0.183 0.370 0.542
122.040 5 0.172 0.178 0.377 0.542
122.080 5 0.170 0.178 0.372 0.536
122.120 5 0.173 0.172 0.378 0.536
122.160 5 0.170 0.172 0.372 0.531
122.200 5 0.170 0.172 0.372 0.531
122.240 5 0.170 0.172 0.372 0.531
133.800 6 0.270 0.189 0.367 0.361
133.840 6 0.277 0.192 0.370 0.358
133.880 6 0.273 0.192 0.369 0.358
133.920 6 0.277 0.189 0.372 0.358
133.960 6 0.280 0.192 0.373 0.358
134.000 6 0.286 0.183 0.383 0.356
134.040 6 0.292 0.183 0.388 0.353
133.800 7 0.697 0.150 0.836 0.400
133.840 7 0.695 0.147 0.834 0.394
133.880 7 0.695 0.142 0.833 0.392
133.920 7 0.689 0.128 0.833 0.386
133.960 7 0.694 0.131 0.831 0.378
134.000 7 0.692 0.125 0.831 0.375
134.040 7 0.692 0.125 0.827 0.361
134.080 7 0.691 0.119 0.825 0.358
134.120 7 0.689 0.117 0.822 0.356
134.160 7 0.686 0.114 0.819 0.353
134.200 7 0.684 0.111 0.817 0.347
134.240 7 0.683 0.111 0.814 0.347
134.280 7 0.677 0.108 0.808 0.347
134.320 7 0.677 0.108 0.811 0.347
134.360 7 0.673 0.108 0.806 0.347
134.400 7 0.669 0.111 0.800 0.347
134.440 7 0.666 0.111 0.797 0.347
134.480 7 0.662 0.114 0.792 0.347
134.520 7 0.661 0.119 0.789 0.347
134.560 7 0.658 0.119 0.786 0.350
134.600 7 0.653 0.122 0.781 0.353
134.640 7 0.655 0.125 0.781 0.353
134.680 7 0.650 0.125 0.777 0.353
134.720 7 0.645 0.125 0.772 0.353
134.760 7 0.647 0.128 0.773 0.353
134.800 7 0.644 0.128 0.769 0.350
134.840 7 0.645 0.125 0.770 0.347
134.880 7 0.642 0.125 0.766 0.344
134.920 7 0.644 0.125 0.767 0.344
134.960 7 0.641 0.125 0.762 0.344
135.000 7 0.641 0.128 0.758 0.336
135.040 7 0.636 0.131 0.756 0.347
135.080 7 0.636 0.133 0.756 0.347
135.120 7 0.633 0.133 0.753 0.347
135.160 7 0.634 0.136 0.753 0.347
135.200 7 0.630 0.136 0.748 0.347
135.240 7 0.633 0.136 0.752 0.347
135.280 7 0.630 0.139 0.747 0.347
135.320 7 0.631 0.139 0.748 0.347
135.360 7 0.628 0.142 0.744 0.347
135.400 7 0.628 0.142 0.745 0.350
135.440 7 0.625 0.144 0.742 0.350
135.480 7 0.627 0.142 0.745 0.353
135.520 7 0.628 0.142 0.744 0.344
135.560 7 0.628 0.139 0.744 0.342
135.600 7 0.630 0.136 0.745 0.342
135.640 7 0.627 0.133 0.742 0.339
135.680 7 0.628 0.133 0.744 0.339
135.720 7 0.625 0.131 0.741 0.336
135.760 7 0.628 0.128 0.744 0.333
135.800 7 0.628 0.128 0.744 0.333
135.840 7 0.631 0.125 0.747 0.331
135.880 7 0.628 0.125 0.744 0.331
135.920 7 0.631 0.125 0.745 0.328
135.960 7 0.630 0.125 0.745 0.328
136.000 7 0.628 0.128 0.745 0.336
136.040 7 0.641 0.142 0.739 0.319
136.080 7 0.641 0.142 0.739 0.317
136.120 7 0.641 0.142 0.739 0.319
136.160 7 0.639 0.144 0.734 0.319
136.200 7 0.639 0.147 0.736 0.322
136.240 7 0.637 0.153 0.733 0.325
136.280 7 0.636 0.156 0.733 0.328
136.320 7 0.634 0.158 0.730 0.331
136.360 7 0.631 0.161 0.727 0.331
136.400 7 0.631 0.161 0.725 0.331
136.440 7 0.628 0.164 0.722 0.331
136.480 7 0.625 0.164 0.719 0.331
136.520 7 0.623 0.164 0.716 0.331
136.560 7 0.620 0.167 0.713 0.331
136.600 7 0.617 0.167 0.708 0.331
136.640 7 0.613 0.172 0.703 0.333
136.680 7 0.609 0.172 0.702 0.336
136.720 7 0.606 0.172 0.698 0.339
136.760 7 0.603 0.175 0.695 0.342
136.800 7 0.598 0.175 0.692 0.342
136.840 7 0.602 0.175 0.692 0.339
136.880 7 0.597 0.175 0.688 0.339
136.920 7 0.595 0.175 0.686 0.336
136.960 7 0.591 0.175 0.681 0.336
137.000 7 0.598 0.183 0.678 0.328
137.040 7 0.592 0.183 0.677 0.333
137.080 7 0.589 0.186 0.672 0.336
137.120 7 0.588 0.189 0.667 0.331
137.160 7 0.586 0.192 0.666 0.336
137.200 7 0.583 0.192 0.662 0.333
137.240 7 0.583 0.192 0.662 0.333
137.280 7 0.580 0.189 0.659 0.331
137.320 7 0.580 0.189 0.659 0.331
137.360 7 0.578 0.186 0.658 0.328
137.400 7 0.575 0.183 0.655 0.325
137.440 7 0.573 0.183 0.653 0.325
137.480 7 0.572 0.183 0.650 0.325
137.520 7 0.570 0.183 0.650 0.325
137.560 7 0.569 0.183 0.647 0.325
137.600 7 0.566 0.183 0.644 0.325
137.640 7 0.566 0.183 0.644 0.325
137.680 7 0.564 0.186 0.642 0.325
137.720 7 0.564 0.186 0.642 0.325
137.760 7 0.564 0.183 0.642 0.328
137.800 7 0.564 0.183 0.642 0.325
137.840 7 0.564 0.183 0.642 0.322
137.880 7 0.564 0.183 0.642 0.319
137.920 7 0.566 0.183 0.642 0.319
137.960 7 0.562 0.183 0.641 0.322
138.000 7 0.561 0.183 0.642 0.328
138.040 7 0.562 0.186 0.637 0.319
138.080 7 0.564 0.183 0.641 0.319
138.120 7 0.564 0.183 0.639 0.319
138.160 7 0.566 0.181 0.642 0.317
138.200 7 0.567 0.181 0.642 0.317
138.240 7 0.567 0.178 0.644 0.317
138.280 7 0.569 0.181 0.644 0.317
138.320 7 0.569 0.178 0.645 0.317
138.360 7 0.570 0.178 0.647 0.314
138.400 7 0.572 0.178 0.650 0.319
138.440 7 0.575 0.175 0.655 0.319
138.480 7 0.578 0.175 0.658 0.317
138.520 7 0.581 0.172 0.661 0.317
138.560 7 0.586 0.172 0.664 0.314
138.600 7 0.591 0.172 0.669 0.311
138.640 7 0.595 0.172 0.675 0.311
138.680 7 0.600 0.167 0.678 0.308
138.720 7 0.602 0.161 0.684 0.311
138.760 7 0.606 0.158 0.691 0.311
138.800 7 0.611 0.158 0.694 0.306
138.840 7 0.616 0.156 0.698 0.303
138.880 7 0.620 0.153 0.705 0.306
138.920 7 0.625 0.153 0.709 0.306
138.960 7 0.630 0.150 0.716 0.306
139.000 7 0.634 0.153 0.714 0.297
139.040 7 0.636 0.147 0.723 0.306
139.080 7 0.639 0.147 0.730 0.308
139.120 7 0.644 0.147 0.734 0.308
139.160 7 0.648 0.150 0.739 0.311
139.200 7 0.652 0.150 0.744 0.314
139.240 7 0.656 0.147 0.752 0.317
139.280 7 0.659 0.153 0.752 0.317
139.320 7 0.662 0.150 0.755 0.317
139.360 7 0.667 0.153 0.758 0.317
139.400 7 0.669 0.153 0.761 0.317
139.440 7 0.670 0.153 0.762 0.317
139.480 7 0.673 0.153 0.764 0.314
139.520 7 0.672 0.150 0.764 0.314
139.560 7 0.675 0.150 0.766 0.311
139.600 7 0.672 0.147 0.762 0.311
139.640 7 0.675 0.147 0.767 0.311
139.680 7 0.673 0.147 0.764 0.311
139.720 7 0.672 0.150 0.764 0.314
139.760 7 0.672 0.150 0.762 0.314
139.800 7 0.670 0.153 0.761 0.317
139.840 7 0.669 0.156 0.759 0.317
139.880 7 0.669 0.161 0.758 0.319
139.920 7 0.669 0.161 0.758 0.322
139.960 7 0.669 0.167 0.756 0.325
140.000 7 0.664 0.164 0.761 0.336
140.040 7 0.667 0.169 0.756 0.331
140.080 7 0.666 0.172 0.756 0.333
140.120 7 0.666 0.178 0.755 0.336
140.160 7 0.664 0.178 0.755 0.339
140.200 7 0.664 0.181 0.753 0.339
140.240 7 0.667 0.183 0.756 0.339
140.280 7 0.666 0.181 0.753 0.339
140.320 7 0.666 0.181 0.756 0.342
140.360 7 0.664 0.178 0.755 0.339
140.400 7 0.662 0.175 0.755 0.339
140.440 7 0.664 0.172 0.756 0.336
140.480 7 0.662 0.172 0.755 0.336
140.520 7 0.664 0.172 0.758 0.336
140.560 7 0.662 0.169 0.756 0.336
140.600 7 0.664 0.167 0.759 0.336
140.640 7 0.662 0.164 0.758 0.333
140.680 7 0.662 0.161 0.759 0.331
140.720 7 0.659 0.156 0.758 0.331
140.760 7 0.659 0.153 0.759 0.328
140.800 7 0.656 0.150 0.756 0.328
140.840 7 0.656 0.147 0.758 0.328
140.880 7 0.653 0.147 0.755 0.328
140.920 7 0.653 0.147 0.755 0.328
140.960 7 0.652 0.144 0.755 0.328
141.000 7 0.653 0.144 0.750 0.317
141.040 7 0.642 0.128 0.753 0.322
141.080 7 0.641 0.128 0.750 0.319
141.120 7 0.641 0.128 0.750 0.319
141.160 7 0.639 0.131 0.748 0.322
141.200 7 0.642 0.133 0.750 0.325
141.240 7 0.639 0.136 0.747 0.328
141.280 7 0.641 0.139 0.748 0.328
141.320 7 0.637 0.139 0.745 0.331
141.360 7 0.639 0.142 0.748 0.333
141.400 7 0.637 0.142 0.747 0.333
141.440 7 0.639 0.142 0.747 0.333
141.480 7 0.639 0.144 0.747 0.333
141.520 7 0.642 0.142 0.750 0.336
141.560 7 0.644 0.144 0.752 0.336
141.600 7 0.650 0.144 0.756 0.336
141.640 7 0.652 0.147 0.758 0.336
141.680 7 0.658 0.147 0.761 0.331
141.720 7 0.662 0.147 0.766 0.328
141.760 7 0.667 0.142 0.773 0.328
141.800 7 0.672 0.142 0.778 0.328
141.840 7 0.677 0.139 0.783 0.325
141.880 7 0.680 0.136 0.786 0.322
141.920 7 0.683 0.131 0.791 0.319
141.960 7 0.684 0.125 0.792 0.317
142.000 7 0.680 0.106 0.797 0.311
142.040 7 0.688 0.108 0.798 0.306
142.080 7 0.686 0.103 0.798 0.303
142.120 7 0.689 0.100 0.803 0.303
142.160 7 0.686 0.097 0.802 0.300
142.200 7 0.691 0.100 0.803 0.300
142.240 7 0.686 0.094 0.800 0.297
142.280 7 0.691 0.094 0.805 0.297
142.320 7 0.686 0.094 0.800 0.297
142.360 7 0.689 0.097 0.802 0.297
142.400 7 0.688 0.100 0.800 0.297
142.440 7 0.688 0.103 0.798 0.300
142.480 7 0.688 0.106 0.797 0.300
142.520 7 0.686 0.108 0.795 0.303
142.560 7 0.683 0.108 0.792 0.303
142.600 7 0.681 0.111 0.791 0.303
142.640 7 0.681 0.117 0.787 0.306
142.680 7 0.680 0.119 0.786 0.306
142.720 7 0.680 0.122 0.786 0.308
142.760 7 0.680 0.125 0.784 0.311
142.800 7 0.677 0.131 0.780 0.311
142.840 7 0.673 0.133 0.777 0.314
142.880 7 0.670 0.133 0.773 0.317
142.920 7 0.666 0.133 0.769 0.317
142.960 7 0.662 0.136 0.764 0.317
143.000 7 0.664 0.144 0.761 0.317
143.040 7 0.655 0.139 0.758 0.319
143.080 7 0.652 0.142 0.752 0.319
143.120 7 0.648 0.147 0.748 0.325
143.160 7 0.645 0.150 0.745 0.328
143.200 7 0.642 0.153 0.742 0.331
143.240 7 0.639 0.153 0.739 0.333
143.280 7 0.634 0.158 0.734 0.336
143.320 7 0.630 0.156 0.733 0.336
143.360 7 0.627 0.156 0.728 0.336
143.400 7 0.625 0.156 0.728 0.336
143.440 7 0.623 0.153 0.727 0.336
143.480 7 0.620 0.153 0.723 0.333
143.520 7 0.619 0.150 0.723 0.333
143.560 7 0.614 0.144 0.717 0.328
143.600 7 0.613 0.142 0.716 0.325
143.640 7 0.606 0.139 0.711 0.325
143.680 7 0.605 0.139 0.711 0.325
143.720 7 0.600 0.139 0.705 0.325
143.760 7 0.598 0.136 0.705 0.325
143.800 7 0.592 0.136 0.700 0.325
143.840 7 0.592 0.133 0.698 0.322
143.880 7 0.586 0.128 0.695 0.319
143.920 7 0.589 0.125 0.697 0.317
143.960 7 0.583 0.117 0.694 0.311
144.000 7 0.577 0.106 0.694 0.311
144.040 7 0.583 0.117 0.692 0.308
144.080 7 0.578 0.117 0.689 0.311
144.120 7 0.580 0.117 0.691 0.308
144.160 7 0.577 0.114 0.688 0.308
144.200 7 0.575 0.117 0.686 0.311
144.240 7 0.573 0.114 0.684 0.311
144.280 7 0.570 0.117 0.683 0.311
144.320 7 0.570 0.117 0.683 0.314
144.360 7 0.566 0.119 0.678 0.317
144.400 7 0.561 0.122 0.673 0.319
144.440 7 0.561 0.122 0.672 0.319
144.480 7 0.566 0.144 0.667 0.322
144.520 7 0.566 0.147 0.667 0.325
144.560 7 0.561 0.147 0.664 0.328
144.600 7 0.562 0.150 0.666 0.331
144.640 7 0.559 0.150 0.661 0.328
144.680 7 0.562 0.150 0.662 0.325
144.720 7 0.561 0.150 0.662 0.325
144.760 7 0.566 0.153 0.662 0.322
144.800 7 0.564 0.150 0.659 0.317
144.840 7 0.566 0.150 0.666 0.322
144.880 7 0.559 0.147 0.661 0.322
144.920 7 0.562 0.147 0.662 0.319
144.960 7 0.561 0.144 0.662 0.319
145.000 7 0.566 0.144 0.664 0.317
145.040 7 0.570 0.147 0.667 0.314
145.080 7 0.569 0.144 0.666 0.314
145.120 7 0.573 0.144 0.669 0.311
145.160 7 0.578 0.144 0.672 0.311
145.200 7 0.572 0.128 0.681 0.325
145.240 7 0.575 0.131 0.683 0.322
145.280 7 0.578 0.131 0.688 0.325
145.320 7 0.581 0.128 0.692 0.325
145.360 7 0.584 0.125 0.697 0.325
145.400 7 0.588 0.125 0.702 0.325
145.440 7 0.592 0.122 0.706 0.325
145.480 7 0.597 0.122 0.713 0.325
145.520 7 0.600 0.122 0.714 0.325
145.560 7 0.602 0.125 0.714 0.325
145.600 7 0.603 0.128 0.716 0.328
145.640 7 0.605 0.128 0.717 0.331
145.680 7 0.605 0.131 0.719 0.331
145.720 7 0.608 0.131 0.720 0.331
145.760 7 0.611 0.131 0.723 0.328
145.800 7 0.609 0.133 0.720 0.328
145.840 7 0.614 0.133 0.723 0.328
145.880 7 0.614 0.136 0.720 0.325
145.920 7 0.619 0.142 0.723 0.328
145.960 7 0.617 0.139 0.723 0.331
146.000 7 0.616 0.128 0.731 0.336
146.040 7 0.620 0.128 0.734 0.336
146.080 7 0.617 0.128 0.733 0.336
146.120 7 0.617 0.131 0.733 0.336
146.160 7 0.614 0.133 0.728 0.339
146.200 7 0.616 0.133 0.731 0.342
146.240 7 0.613 0.139 0.725 0.342
146.280 7 0.613 0.139 0.727 0.344
146.320 7 0.611 0.142 0.722 0.342
146.360 7 0.609 0.142 0.722 0.344
146.400 7 0.606 0.144 0.719 0.344
146.440 7 0.603 0.144 0.716 0.347
146.480 7 0.603 0.147 0.717 0.350
146.520 7 0.600 0.147 0.713 0.353
146.560 7 0.602 0.150 0.713 0.353
146.600 7 0.597 0.147 0.709 0.353
146.640 7 0.594 0.153 0.705 0.353
146.680 7 0.594 0.153 0.705 0.353
146.720 7 0.588 0.158 0.698 0.358
146.760 7 0.588 0.156 0.698 0.356
146.800 7 0.586 0.153 0.695 0.353
146.760 8 0.598 0.178 0.695 0.344
146.800 8 0.598 0.175 0.695 0.342
146.840 8 0.594 0.172 0.691 0.339
146.880 8 0.594 0.169 0.689 0.336
146.920 8 0.588 0.164 0.684 0.336
146.960 8 0.591 0.164 0.689 0.336
147.000 8 0.588 0.164 0.686 0.336
147.040 8 0.588 0.161 0.688 0.336
147.080 8 0.588 0.158 0.688 0.336
147.120 8 0.588 0.158 0.688 0.333
147.160 8 0.588 0.156 0.688 0.333
147.200 8 0.586 0.153 0.688 0.331
147.240 8 0.584 0.150 0.686 0.328
147.280 8 0.583 0.147 0.686 0.328
147.320 8 0.581 0.147 0.684 0.328
147.360 8 0.578 0.144 0.681 0.328
147.400 8 0.575 0.144 0.680 0.331
147.440 8 0.573 0.147 0.678 0.331
147.480 8 0.572 0.150 0.675 0.333
147.520 8 0.572 0.153 0.675 0.333
147.560 8 0.569 0.153 0.672 0.333
147.600 8 0.570 0.150 0.673 0.333
147.640 8 0.569 0.147 0.670 0.328
147.680 8 0.569 0.142 0.672 0.322
147.720 8 0.569 0.142 0.672 0.322
147.760 8 0.569 0.142 0.670 0.319
147.800 8 0.569 0.142 0.670 0.319
147.840 8 0.564 0.139 0.667 0.319
147.880 8 0.559 0.142 0.662 0.322
147.920 8 0.559 0.142 0.659 0.319
147.960 8 0.561 0.147 0.655 0.311
148.000 8 0.556 0.144 0.653 0.317
148.040 8 0.556 0.150 0.650 0.317
148.080 8 0.558 0.153 0.650 0.317
148.120 8 0.555 0.153 0.647 0.317
148.160 8 0.556 0.156 0.648 0.319
148.200 8 0.555 0.158 0.645 0.319
148.240 8 0.555 0.161 0.647 0.325
148.280 8 0.552 0.164 0.644 0.328
148.320 8 0.555 0.169 0.647 0.331
148.360 8 0.553 0.175 0.644 0.336
148.400 8 0.562 0.183 0.652 0.342
148.440 8 0.570 0.186 0.658 0.342
148.480 8 0.577 0.186 0.664 0.342
148.520 8 0.584 0.186 0.670 0.339
148.560 8 0.592 0.183 0.680 0.336
148.600 8 0.600 0.186 0.686 0.339
148.640 8 0.606 0.189 0.692 0.342
148.680 8 0.611 0.189 0.698 0.344
148.720 8 0.616 0.192 0.703 0.347
148.760 8 0.617 0.194 0.705 0.350
148.800 8 0.619 0.194 0.706 0.347
148.840 8 0.620 0.194 0.708 0.347
148.880 8 0.620 0.200 0.706 0.350
148.920 8 0.620 0.203 0.705 0.353
148.960 8 0.623 0.208 0.708 0.356
149.000 8 0.625 0.217 0.706 0.361
149.040 8 0.627 0.219 0.708 0.364
149.080 8 0.631 0.214 0.711 0.356
149.120 8 0.634 0.214 0.714 0.358
149.160 8 0.636 0.208 0.717 0.356
149.200 8 0.634 0.206 0.716 0.353
149.240 8 0.633 0.203 0.716 0.350
149.280 8 0.634 0.203 0.717 0.350
149.320 8 0.631 0.200 0.716 0.350
149.360 8 0.633 0.200 0.716 0.350
149.400 8 0.630 0.200 0.713 0.350
149.440 8 0.625 0.200 0.709 0.353
149.480 8 0.623 0.203 0.708 0.353
149.520 8 0.622 0.203 0.708 0.356
149.560 8 0.619 0.203 0.705 0.358
149.600 8 0.622 0.203 0.708 0.356
149.640 8 0.617 0.197 0.705 0.353
149.680 8 0.620 0.194 0.709 0.353
149.720 8 0.617 0.192 0.708 0.353
149.760 8 0.620 0.189 0.711 0.350
149.800 8 0.617 0.186 0.709 0.350
149.840 8 0.617 0.189 0.709 0.353
149.880 8 0.614 0.192 0.705 0.356
149.920 8 0.609 0.189 0.705 0.356
149.960 8 0.608 0.189 0.703 0.358
150.000 8 0.598 0.183 0.695 0.356
150.040 8 0.595 0.169 0.695 0.350
150.080 8 0.594 0.164 0.695 0.347
150.120 8 0.589 0.161 0.692 0.347
150.160 8 0.586 0.158 0.692 0.344
150.200 8 0.583 0.156 0.689 0.344
150.240 8 0.578 0.153 0.686 0.344
150.280 8 0.573 0.153 0.681 0.344
150.320 8 0.569 0.153 0.677 0.344
150.360 8 0.562 0.150 0.672 0.344
150.400 8 0.558 0.150 0.666 0.344
150.440 8 0.553 0.153 0.661 0.347
150.480 8 0.547 0.156 0.656 0.353
150.520 8 0.539 0.156 0.652 0.356
150.560 8 0.534 0.161 0.647 0.361
150.600 8 0.528 0.164 0.641 0.364
150.640 8 0.523 0.169 0.633 0.367
150.680 8 0.517 0.172 0.627 0.367
150.720 8 0.512 0.172 0.620 0.367
150.760 8 0.506 0.172 0.614 0.367
150.800 8 0.500 0.175 0.608 0.369
150.840 8 0.492 0.175 0.600 0.369
150.880 8 0.487 0.178 0.597 0.372
150.920 8 0.481 0.175 0.594 0.378
150.960 8 0.475 0.183 0.588 0.383
151.000 8 0.473 0.172 0.589 0.381
151.040 8 0.469 0.186 0.586 0.397
151.080 8 0.463 0.189 0.583 0.406
151.120 8 0.455 0.186 0.580 0.408
151.160 8 0.453 0.194 0.575 0.411
151.200 8 0.448 0.194 0.572 0.417
151.240 8 0.444 0.197 0.566 0.419
151.280 8 0.436 0.194 0.564 0.425
151.320 8 0.431 0.194 0.556 0.419
151.360 8 0.428 0.194 0.553 0.419
151.400 8 0.430 0.192 0.555 0.417
151.440 8 0.422 0.189 0.548 0.417
151.480 8 0.423 0.186 0.552 0.417
151.520 8 0.419 0.189 0.548 0.419
151.560 8 0.420 0.186 0.550 0.419
151.600 8 0.419 0.186 0.548 0.422
151.640 8 0.423 0.189 0.553 0.422
151.680 8 0.422 0.189 0.552 0.425
151.720 8 0.428 0.192 0.559 0.428
151.760 8 0.433 0.194 0.562 0.428
151.800 8 0.439 0.192 0.570 0.431
151.840 8 0.444 0.194 0.575 0.431
151.880 8 0.450 0.192 0.586 0.436
151.920 8 0.455 0.194 0.589 0.439
151.960 8 0.458 0.194 0.595 0.442
152.000 8 0.459 0.208 0.598 0.458
152.040 8 0.463 0.200 0.603 0.453
152.080 8 0.466 0.200 0.606 0.453
152.120 8 0.470 0.203 0.611 0.456
152.160 8 0.467 0.200 0.609 0.456
152.200 8 0.472 0.203 0.614 0.458
152.240 8 0.469 0.200 0.613 0.458
152.280 8 0.473 0.200 0.619 0.461
152.320 8 0.470 0.194 0.619 0.461
152.360 8 0.475 0.189 0.627 0.461
152.400 8 0.478 0.186 0.630 0.458
152.440 8 0.483 0.186 0.634 0.458
152.480 8 0.484 0.183 0.634 0.456
152.520 8 0.484 0.178 0.639 0.456
152.560 8 0.489 0.178 0.642 0.453
152.600 8 0.483 0.175 0.639 0.456
152.640 8 0.483 0.175 0.644 0.461
152.680 8 0.480 0.181 0.639 0.464
152.720 8 0.483 0.181 0.644 0.469
152.760 8 0.480 0.181 0.644 0.475
152.800 8 0.480 0.183 0.641 0.472
152.840 8 0.477 0.181 0.637 0.469
152.880 8 0.473 0.175 0.636 0.467
152.920 8 0.467 0.169 0.630 0.461
152.960 8 0.467 0.164 0.631 0.458
153.000 8 0.458 0.150 0.625 0.450
153.040 8 0.448 0.156 0.622 0.464
153.080 8 0.444 0.156 0.617 0.467
153.120 8 0.438 0.164 0.614 0.478
153.160 8 0.431 0.169 0.609 0.489
153.200 8 0.422 0.175 0.606 0.500
153.240 8 0.422 0.175 0.600 0.494
153.280 8 0.419 0.172 0.597 0.492
153.320 8 0.416 0.169 0.595 0.489
153.360 8 0.416 0.169 0.595 0.489
153.400 8 0.409 0.167 0.591 0.492
153.440 8 0.411 0.169 0.594 0.497
153.480 8 0.403 0.169 0.588 0.500
153.520 8 0.402 0.167 0.588 0.503
153.560 8 0.400 0.169 0.584 0.500
153.600 8 0.394 0.172 0.581 0.506
153.640 8 0.391 0.178 0.578 0.511
153.680 8 0.388 0.178 0.578 0.519
153.720 8 0.384 0.181 0.575 0.522
153.760 8 0.381 0.181 0.577 0.525
153.800 8 0.381 0.183 0.573 0.528
153.840 8 0.378 0.183 0.572 0.528
153.880 8 0.380 0.181 0.575 0.531
153.920 8 0.375 0.181 0.570 0.528
153.960 8 0.375 0.181 0.569 0.528
154.000 8 0.370 0.183 0.572 0.542
154.040 8 0.369 0.178 0.570 0.539
154.080 8 0.367 0.175 0.570 0.536
154.120 8 0.364 0.175 0.567 0.536
154.160 8 0.359 0.175 0.567 0.542
154.200 8 0.353 0.178 0.561 0.547
154.240 8 0.345 0.181 0.555 0.553
154.280 8 0.338 0.186 0.547 0.558
154.320 8 0.333 0.186 0.539 0.553
154.360 8 0.330 0.197 0.531 0.556
154.400 8 0.331 0.197 0.534 0.558
154.440 8 0.325 0.194 0.528 0.556
154.480 8 0.327 0.200 0.530 0.561
154.520 8 0.322 0.211 0.520 0.567
154.560 8 0.322 0.208 0.525 0.569
154.600 8 0.316 0.211 0.517 0.569
154.640 8 0.316 0.208 0.520 0.575
154.680 8 0.309 0.211 0.514 0.575
154.720 8 0.312 0.211 0.517 0.575
154.760 8 0.317 0.208 0.527 0.578
154.800 8 0.317 0.206 0.523 0.572
154.840 8 0.323 0.206 0.530 0.569
157.840 9 0.381 0.292 0.520 0.542
157.880 9 0.381 0.292 0.520 0.542
157.920 9 0.381 0.292 0.520 0.542
157.960 9 0.381 0.292 0.520 0.542
158.000 9 0.381 0.292 0.520 0.542
158.040 9 0.383 0.292 0.522 0.542
158.080 9 0.380 0.289 0.520 0.542
158.120 9 0.381 0.292 0.520 0.542
158.160 9 0.381 0.292 0.520 0.542
158.200 9 0.381 0.292 0.520 0.542
158.240 9 0.381 0.292 0.520 0.542
158.280 9 0.381 0.292 0.520 0.542
158.320 9 0.381 0.292 0.520 0.542
158.360 9 0.381 0.292 0.520 0.542
158.400 9 0.381 0.292 0.520 0.542
158.440 9 0.381 0.292 0.520 0.542
158.480 9 0.381 0.292 0.520 0.542
158.520 9 0.381 0.292 0.520 0.542
158.560 9 0.381 0.292 0.520 0.542
158.600 9 0.381 0.292 0.520 0.542
158.640 9 0.381 0.292 0.520 0.542
158.680 9 0.381 0.292 0.520 0.542
158.720 9 0.381 0.292 0.520 0.542
158.760 9 0.381 0.292 0.522 0.544
158.800 9 0.378 0.289 0.520 0.544
158.840 9 0.383 0.292 0.523 0.544
158.880 9 0.378 0.289 0.520 0.542
158.920 9 0.383 0.292 0.523 0.544
158.960 9 0.378 0.289 0.520 0.544
159.000 9 0.381 0.292 0.520 0.542
159.040 9 0.381 0.292 0.520 0.542
159.080 9 0.381 0.292 0.520 0.542
159.120 9 0.381 0.292 0.520 0.542
159.160 9 0.381 0.292 0.520 0.542
159.200 9 0.381 0.292 0.520 0.542
159.240 9 0.381 0.292 0.520 0.542
159.280 9 0.381 0.292 0.520 0.542
159.320 9 0.381 0.292 0.520 0.542
159.360 9 0.381 0.292 0.520 0.542
159.400 9 0.381 0.292 0.520 0.542
159.440 9 0.381 0.292 0.520 0.542
159.480 9 0.381 0.292 0.520 0.542
159.520 9 0.381 0.292 0.520 0.542
159.560 9 0.381 0.292 0.520 0.542
159.600 9 0.380 0.286 0.523 0.544
159.640 9 0.380 0.289 0.523 0.544
159.680 9 0.381 0.292 0.520 0.542
159.720 9 0.381 0.292 0.520 0.542
159.760 9 0.380 0.289 0.520 0.542
159.800 9 0.383 0.289 0.523 0.544
159.840 9 0.381 0.292 0.520 0.542
159.880 9 0.381 0.292 0.520 0.542
159.920 9 0.380 0.289 0.520 0.542
159.960 9 0.383 0.292 0.523 0.544
160.000 9 0.381 0.292 0.520 0.542
160.040 9 0.375 0.286 0.519 0.544
160.080 9 0.383 0.289 0.527 0.547
160.120 9 0.377 0.289 0.520 0.547
160.160 9 0.377 0.283 0.530 0.558
160.200 9 0.375 0.283 0.527 0.556
160.240 9 0.377 0.278 0.534 0.561
160.280 9 0.372 0.278 0.528 0.561
160.320 9 0.373 0.281 0.530 0.558
160.360 9 0.375 0.281 0.528 0.558
160.400 10 0.444 0.292 0.583 0.542
160.440 10 0.444 0.292 0.583 0.542
160.480 10 0.444 0.292 0.583 0.542
160.520 10 0.444 0.292 0.583 0.542
160.560 10 0.444 0.292 0.583 0.542
160.600 10 0.444 0.292 0.583 0.542
160.640 10 0.444 0.292 0.583 0.542
160.680 10 0.445 0.292 0.584 0.542
160.720 10 0.441 0.283 0.584 0.544
160.760 10 0.447 0.292 0.586 0.542
160.800 10 0.441 0.292 0.580 0.542
160.840 10 0.444 0.292 0.583 0.542
160.880 10 0.447 0.297 0.583 0.539
160.920 10 0.447 0.292 0.586 0.542
160.960 10 0.441 0.292 0.580 0.542
161.000 10 0.444 0.292 0.583 0.542
161.040 10 0.444 0.292 0.583 0.542
161.080 10 0.444 0.292 0.583 0.542
161.120 10 0.444 0.292 0.583 0.542
161.160 10 0.444 0.292 0.583 0.542
161.200 10 0.444 0.292 0.583 0.542
161.240 10 0.444 0.292 0.583 0.542
161.280 10 0.444 0.292 0.583 0.542
161.320 10 0.444 0.292 0.583 0.542
161.360 10 0.444 0.292 0.583 0.542
161.400 10 0.444 0.292 0.583 0.542
161.440 10 0.444 0.292 0.583 0.542
161.480 10 0.444 0.292 0.583 0.542
161.520 10 0.444 0.292 0.583 0.542
161.560 10 0.444 0.292 0.583 0.542
161.600 10 0.444 0.292 0.583 0.542
161.640 10 0.444 0.292 0.583 0.542
161.680 10 0.444 0.292 0.583 0.542
161.720 10 0.444 0.292 0.583 0.542
161.760 10 0.444 0.292 0.583 0.542
161.800 10 0.444 0.292 0.583 0.542
161.840 10 0.444 0.292 0.583 0.542
161.880 10 0.444 0.292 0.583 0.542
161.920 10 0.444 0.292 0.583 0.542
161.960 10 0.444 0.292 0.583 0.542
162.000 10 0.444 0.292 0.583 0.542
162.040 10 0.444 0.292 0.583 0.542
162.080 10 0.444 0.292 0.583 0.542
162.120 10 0.444 0.292 0.583 0.542
162.160 10 0.444 0.292 0.583 0.542
162.200 10 0.444 0.292 0.583 0.542
162.240 10 0.444 0.292 0.583 0.542
162.280 10 0.444 0.292 0.583 0.542
162.320 10 0.444 0.292 0.583 0.542
162.360 10 0.444 0.292 0.583 0.542
162.400 10 0.444 0.292 0.583 0.542
162.440 10 0.444 0.292 0.583 0.542
162.480 10 0.444 0.292 0.583 0.542
162.520 10 0.444 0.292 0.583 0.542
162.560 10 0.444 0.292 0.583 0.542
162.600 10 0.444 0.292 0.583 0.542
162.640 10 0.444 0.292 0.583 0.542
162.680 10 0.444 0.292 0.583 0.542
162.720 10 0.444 0.292 0.583 0.542
162.760 10 0.444 0.292 0.583 0.542
162.800 10 0.444 0.292 0.583 0.542
162.840 10 0.444 0.292 0.583 0.542
162.880 10 0.444 0.292 0.583 0.542
162.920 10 0.444 0.292 0.583 0.542
162.960 10 0.442 0.292 0.583 0.542
168.440 11 0.428 0.169 0.670 0.597
168.480 11 0.422 0.169 0.664 0.597
168.520 11 0.427 0.169 0.669 0.597
168.560 11 0.420 0.169 0.664 0.597
168.600 11 0.427 0.169 0.667 0.597
168.640 11 0.420 0.169 0.662 0.597
168.680 11 0.425 0.169 0.667 0.597
168.720 11 0.419 0.172 0.661 0.600
168.760 11 0.423 0.172 0.666 0.600
168.800 11 0.417 0.175 0.659 0.600
168.840 11 0.423 0.175 0.664 0.600
168.880 11 0.417 0.175 0.658 0.600
168.920 11 0.409 0.169 0.655 0.603
168.960 11 0.417 0.172 0.659 0.600
169.000 11 0.417 0.172 0.659 0.600
169.040 11 0.423 0.192 0.652 0.597
169.080 11 0.427 0.194 0.655 0.597
169.120 11 0.422 0.194 0.648 0.597
169.160 11 0.423 0.189 0.653 0.597
169.200 11 0.423 0.186 0.652 0.594
169.240 11 0.423 0.186 0.652 0.592
169.280 11 0.422 0.181 0.650 0.586
169.320 11 0.422 0.175 0.650 0.581
169.360 11 0.422 0.172 0.648 0.578
169.400 11 0.422 0.167 0.648 0.572
169.440 11 0.423 0.161 0.648 0.564
169.480 11 0.422 0.156 0.650 0.561
169.520 11 0.430 0.147 0.653 0.544
169.560 11 0.427 0.142 0.648 0.539
169.600 11 0.431 0.133 0.656 0.533
169.640 11 0.431 0.136 0.647 0.519
169.680 11 0.438 0.133 0.653 0.517
169.720 11 0.441 0.139 0.647 0.506
169.760 11 0.447 0.136 0.658 0.511
169.800 11 0.456 0.144 0.658 0.500
169.840 11 0.466 0.144 0.667 0.503
169.880 11 0.470 0.153 0.661 0.489
169.920 11 0.481 0.156 0.667 0.489
169.960 11 0.481 0.161 0.666 0.486
170.000 11 0.495 0.183 0.662 0.483
170.040 11 0.494 0.186 0.669 0.497
170.080 11 0.500 0.192 0.670 0.494
170.120 11 0.508 0.189 0.677 0.489
170.160 11 0.514 0.194 0.681 0.492
170.200 11 0.520 0.197 0.686 0.492
170.240 11 0.522 0.203 0.684 0.492
170.280 11 0.530 0.208 0.688 0.489
170.320 11 0.534 0.214 0.688 0.489
170.360 11 0.537 0.222 0.689 0.492
170.400 11 0.539 0.228 0.689 0.497
170.440 11 0.544 0.239 0.689 0.500
170.480 11 0.545 0.244 0.688 0.500
170.520 11 0.547 0.247 0.688 0.497
170.560 11 0.548 0.250 0.686 0.494
170.600 11 0.548 0.250 0.686 0.494
170.640 11 0.548 0.250 0.684 0.492
170.680 11 0.550 0.250 0.683 0.489
170.720 11 0.552 0.250 0.684 0.486
170.760 11 0.550 0.250 0.680 0.481
170.800 11 0.553 0.247 0.684 0.478
170.840 11 0.552 0.244 0.681 0.475
170.880 11 0.555 0.242 0.684 0.472
170.920 11 0.553 0.239 0.683 0.469
170.960 11 0.558 0.239 0.688 0.469
171.000 11 0.552 0.236 0.692 0.486
171.040 11 0.561 0.236 0.694 0.472
171.080 11 0.566 0.236 0.697 0.472
171.120 11 0.564 0.236 0.695 0.469
171.160 11 0.570 0.239 0.698 0.469
171.200 11 0.567 0.236 0.697 0.467
171.240 11 0.572 0.236 0.700 0.464
171.280 11 0.569 0.233 0.695 0.464
171.320 11 0.572 0.236 0.698 0.464
171.360 11 0.567 0.233 0.697 0.464
171.400 11 0.566 0.233 0.694 0.464
171.440 11 0.567 0.233 0.695 0.464
171.480 11 0.564 0.233 0.694 0.464
171.520 11 0.564 0.233 0.694 0.464
171.560 11 0.566 0.233 0.695 0.467
171.600 11 0.562 0.236 0.691 0.467
171.640 11 0.564 0.239 0.694 0.469
171.680 11 0.562 0.239 0.692 0.469
171.720 11 0.562 0.242 0.691 0.469
171.760 11 0.564 0.244 0.691 0.469
171.800 11 0.561 0.242 0.691 0.469
171.840 11 0.559 0.242 0.689 0.469
171.880 11 0.558 0.239 0.688 0.469
171.920 11 0.556 0.242 0.683 0.469
171.960 11 0.558 0.242 0.684 0.467
172.000 11 0.564 0.242 0.680 0.450
172.040 11 0.562 0.242 0.677 0.447
172.080 11 0.562 0.242 0.677 0.447
172.120 11 0.562 0.242 0.677 0.444
172.160 11 0.561 0.239 0.675 0.444
172.200 11 0.561 0.239 0.675 0.444
172.240 11 0.561 0.239 0.675 0.444
172.280 11 0.559 0.239 0.675 0.444
172.320 11 0.559 0.236 0.675 0.442
172.360 11 0.561 0.236 0.677 0.442
172.400 11 0.562 0.236 0.677 0.442
172.440 11 0.564 0.236 0.678 0.442
172.480 11 0.567 0.236 0.681 0.442
172.520 11 0.567 0.236 0.681 0.442
172.560 11 0.569 0.236 0.683 0.442
172.600 11 0.569 0.236 0.684 0.444
172.640 11 0.570 0.239 0.686 0.447
172.680 11 0.570 0.242 0.686 0.450
172.720 11 0.570 0.244 0.688 0.453
172.760 11 0.569 0.247 0.686 0.458
172.800 11 0.572 0.253 0.689 0.461
172.840 11 0.569 0.256 0.686 0.464
172.880 11 0.570 0.258 0.688 0.467
172.920 11 0.567 0.261 0.684 0.469
172.960 11 0.569 0.264 0.684 0.472
173.000 11 0.564 0.267 0.680 0.472
173.040 11 0.562 0.278 0.677 0.483
173.080 11 0.561 0.281 0.675 0.483
173.120 11 0.559 0.281 0.673 0.486
173.160 11 0.555 0.281 0.670 0.486
173.200 11 0.553 0.283 0.667 0.489
173.240 11 0.548 0.283 0.664 0.489
173.280 11 0.550 0.283 0.666 0.489
173.320 11 0.547 0.283 0.662 0.489
173.360 11 0.547 0.286 0.664 0.494
173.400 11 0.542 0.283 0.661 0.497
173.440 11 0.542 0.286 0.662 0.500
173.480 11 0.537 0.286 0.658 0.500
173.520 11 0.536 0.286 0.658 0.506
173.560 11 0.533 0.286 0.656 0.508
173.600 11 0.528 0.289 0.653 0.511
173.640 11 0.525 0.286 0.652 0.511
173.680 11 0.520 0.292 0.645 0.517
173.720 11 0.519 0.294 0.644 0.519
173.760 11 0.517 0.297 0.644 0.522
173.800 11 0.509 0.300 0.639 0.531
173.840 11 0.506 0.303 0.639 0.542
173.880 11 0.503 0.306 0.637 0.547
173.920 11 0.498 0.308 0.636 0.553
173.960 11 0.494 0.308 0.630 0.553
174.000 11 0.491 0.319 0.630 0.569
174.040 11 0.466 0.286 0.636 0.589
174.080 11 0.463 0.281 0.637 0.592
174.120 11 0.455 0.281 0.630 0.594
174.160 11 0.447 0.278 0.622 0.589
174.200 11 0.438 0.278 0.611 0.589
174.240 11 0.433 0.272 0.606 0.583
174.280 11 0.422 0.269 0.598 0.583
174.320 11 0.416 0.264 0.594 0.583
174.360 11 0.406 0.261 0.586 0.583
174.400 11 0.403 0.258 0.584 0.583
174.440 11 0.402 0.261 0.581 0.583
174.480 11 0.397 0.264 0.577 0.583
174.520 11 0.398 0.261 0.580 0.586
174.560 11 0.394 0.264 0.573 0.586
174.600 11 0.395 0.261 0.580 0.592
174.640 11 0.391 0.264 0.572 0.589
174.680 11 0.391 0.264 0.575 0.594
174.720 11 0.388 0.267 0.572 0.597
174.760 11 0.388 0.267 0.575 0.600
174.800 11 0.389 0.267 0.580 0.606
174.840 11 0.389 0.269 0.581 0.611
174.880 11 0.388 0.267 0.581 0.617
174.920 11 0.381 0.267 0.578 0.617
174.960 11 0.386 0.267 0.583 0.619
175.000 11 0.364 0.219 0.606 0.650
175.040 11 0.373 0.222 0.606 0.636
175.080 11 0.372 0.219 0.608 0.639
175.120 11 0.367 0.217 0.608 0.642
175.160 11 0.373 0.214 0.614 0.644
175.200 11 0.367 0.217 0.606 0.642
175.240 11 0.369 0.214 0.614 0.650
175.280 11 0.359 0.214 0.608 0.656
175.320 11 0.362 0.217 0.611 0.658
175.360 11 0.362 0.219 0.611 0.661
175.400 11 0.362 0.219 0.613 0.664
175.440 11 0.362 0.219 0.613 0.664
175.480 11 0.362 0.219 0.613 0.664
175.520 11 0.362 0.219 0.613 0.664
175.560 11 0.358 0.211 0.613 0.664
175.600 11 0.362 0.214 0.617 0.667
175.640 11 0.355 0.214 0.609 0.667
175.680 11 0.359 0.214 0.616 0.672
175.720 11 0.353 0.217 0.609 0.672
175.760 11 0.356 0.217 0.614 0.678
175.800 11 0.350 0.219 0.608 0.675
175.840 11 0.358 0.228 0.608 0.672
175.880 11 0.353 0.219 0.608 0.672
175.920 11 0.352 0.217 0.606 0.669
175.960 11 0.352 0.214 0.606 0.669
176.000 11 0.364 0.219 0.606 0.650
176.040 11 0.356 0.214 0.602 0.650
176.080 11 0.359 0.217 0.605 0.653
176.120 11 0.362 0.217 0.608 0.656
176.160 11 0.366 0.222 0.613 0.658
176.200 11 0.369 0.225 0.616 0.661
176.240 11 0.366 0.228 0.613 0.664
176.280 11 0.372 0.228 0.619 0.667
176.320 11 0.369 0.233 0.609 0.661
176.360 11 0.372 0.231 0.613 0.661
176.400 11 0.367 0.225 0.611 0.656
176.440 11 0.367 0.222 0.608 0.650
176.480 11 0.366 0.222 0.605 0.644
176.520 11 0.366 0.219 0.605 0.644
176.560 11 0.362 0.214 0.603 0.642
176.600 11 0.361 0.211 0.602 0.639
176.640 11 0.358 0.208 0.600 0.636
176.680 11 0.355 0.206 0.597 0.633
176.720 11 0.353 0.203 0.597 0.633
176.760 11 0.352 0.197 0.595 0.631
176.800 11 0.350 0.194 0.594 0.625
176.840 11 0.348 0.186 0.594 0.619
176.880 11 0.348 0.181 0.592 0.614
176.920 11 0.347 0.178 0.591 0.611
176.960 11 0.345 0.175 0.591 0.608
177.000 11 0.338 0.172 0.580 0.600
177.040 11 0.341 0.175 0.583 0.606
177.080 11 0.336 0.175 0.580 0.606
177.120 11 0.333 0.172 0.578 0.608
177.160 11 0.333 0.178 0.575 0.608
177.200 11 0.330 0.181 0.572 0.611
177.240 11 0.319 0.181 0.561 0.608
177.280 11 0.311 0.181 0.552 0.608
177.320 11 0.298 0.175 0.542 0.606
177.360 11 0.302 0.175 0.545 0.608
177.400 11 0.298 0.178 0.544 0.611
177.440 11 0.312 0.183 0.553 0.608
177.480 11 0.317 0.186 0.555 0.608
177.520 11 0.320 0.192 0.558 0.611
177.560 11 0.320 0.192 0.559 0.617
177.600 11 0.322 0.194 0.561 0.617
177.640 11 0.327 0.200 0.562 0.619
177.680 11 0.331 0.203 0.569 0.625
177.720 11 0.336 0.208 0.573 0.631
177.760 11 0.333 0.208 0.570 0.631
177.800 11 0.339 0.217 0.570 0.628
177.840 11 0.334 0.214 0.569 0.631
177.880 11 0.341 0.217 0.578 0.636
177.920 11 0.338 0.217 0.575 0.639
177.960 11 0.342 0.219 0.581 0.642
178.000 11 0.338 0.219 0.580 0.650
178.040 11 0.344 0.214 0.589 0.647
178.080 11 0.345 0.217 0.588 0.647
178.120 11 0.345 0.222 0.586 0.647
178.160 11 0.345 0.222 0.586 0.653
178.200 11 0.345 0.228 0.584 0.653
178.240 11 0.344 0.228 0.584 0.658
178.280 11 0.344 0.228 0.586 0.658
178.320 11 0.339 0.228 0.584 0.661
178.360 11 0.345 0.231 0.586 0.658
178.400 11 0.345 0.228 0.586 0.658
178.440 11 0.345 0.228 0.588 0.661
178.480 11 0.345 0.231 0.588 0.661
178.520 11 0.347 0.231 0.589 0.661
178.560 11 0.347 0.231 0.589 0.661
178.600 11 0.344 0.228 0.589 0.664
178.640 11 0.348 0.231 0.592 0.664
178.680 11 0.350 0.225 0.595 0.664
178.720 11 0.352 0.225 0.595 0.658
178.760 11 0.353 0.219 0.597 0.656
178.800 11 0.355 0.219 0.598 0.653
178.840 11 0.355 0.219 0.598 0.653
178.880 11 0.352 0.219 0.595 0.653
178.920 11 0.355 0.219 0.597 0.653
178.960 11 0.355 0.222 0.597 0.653
179.000 11 0.364 0.219 0.606 0.650
179.040 11 0.361 0.222 0.605 0.653
179.080 11 0.370 0.225 0.611 0.653
179.120 11 0.362 0.222 0.606 0.653
179.160 11 0.369 0.222 0.611 0.653
179.200 11 0.364 0.217 0.608 0.653
179.240 11 0.369 0.225 0.609 0.653
179.280 11 0.370 0.225 0.609 0.650
179.320 11 0.370 0.225 0.611 0.650
179.360 11 0.370 0.222 0.609 0.650
179.400 11 0.367 0.219 0.606 0.647
179.440 11 0.361 0.217 0.602 0.644
179.480 11 0.358 0.211 0.598 0.639
179.520 11 0.356 0.206 0.600 0.642
179.560 11 0.353 0.200 0.602 0.642
179.600 11 0.355 0.197 0.603 0.639
179.640 11 0.355 0.206 0.598 0.639
179.680 11 0.355 0.203 0.602 0.642
179.720 11 0.348 0.206 0.595 0.642
179.760 11 0.353 0.203 0.602 0.644
179.800 11 0.350 0.200 0.597 0.642
179.840 11 0.355 0.211 0.597 0.642
179.880 11 0.356 0.211 0.598 0.642
179.920 11 0.358 0.214 0.598 0.644
179.960 11 0.359 0.217 0.602 0.647
180.000 11 0.364 0.219 0.606 0.650
180.040 11 0.361 0.219 0.603 0.650
180.080 11 0.359 0.219 0.602 0.650
180.120 11 0.367 0.222 0.608 0.650
180.160 11 0.362 0.217 0.605 0.647
180.200 11 0.369 0.214 0.611 0.647
180.240 11 0.362 0.211 0.606 0.644
180.280 11 0.369 0.211 0.614 0.644
180.320 11 0.367 0.211 0.611 0.644
180.360 11 0.369 0.211 0.611 0.644
180.400 11 0.369 0.211 0.611 0.644
180.440 11 0.367 0.211 0.611 0.644
180.480 11 0.367 0.211 0.611 0.644
180.520 11 0.369 0.211 0.613 0.644
180.560 11 0.370 0.214 0.614 0.647
180.600 11 0.372 0.219 0.616 0.653
180.640 11 0.375 0.222 0.619 0.656
180.680 11 0.377 0.225 0.620 0.658
180.720 11 0.380 0.225 0.623 0.658
180.760 11 0.383 0.225 0.627 0.658
180.800 11 0.381 0.222 0.627 0.661
180.840 11 0.388 0.225 0.631 0.658
180.880 11 0.389 0.225 0.633 0.658
180.920 11 0.391 0.222 0.633 0.656
180.960 11 0.392 0.219 0.636 0.656
181.000 11 0.391 0.219 0.633 0.650
181.040 11 0.388 0.233 0.628 0.661
181.080 11 0.391 0.231 0.631 0.658
181.120 11 0.394 0.231 0.634 0.658
181.160 11 0.394 0.228 0.634 0.653
181.200 11 0.394 0.225 0.634 0.653
181.240 11 0.389 0.222 0.633 0.653
181.280 11 0.397 0.222 0.637 0.650
181.320 11 0.389 0.217 0.634 0.653
181.360 11 0.394 0.219 0.636 0.650
181.400 11 0.394 0.219 0.636 0.650
181.440 11 0.395 0.217 0.637 0.647
181.480 11 0.397 0.214 0.639 0.647
181.520 11 0.398 0.214 0.639 0.642
181.560 11 0.398 0.208 0.641 0.639
181.600 11 0.400 0.206 0.641 0.636
181.640 11 0.400 0.203 0.642 0.633
181.680 11 0.402 0.203 0.642 0.633
181.720 11 0.398 0.206 0.639 0.633
181.760 11 0.405 0.203 0.645 0.633
181.800 11 0.398 0.200 0.644 0.633
181.840 11 0.400 0.203 0.644 0.636
181.880 11 0.400 0.206 0.642 0.636
181.920 11 0.398 0.206 0.642 0.639
181.960 11 0.398 0.206 0.641 0.636
182.000 11 0.391 0.219 0.633 0.650
182.040 11 0.400 0.217 0.641 0.644
182.080 11 0.398 0.214 0.639 0.642
182.120 11 0.397 0.214 0.637 0.642
182.160 11 0.395 0.214 0.637 0.642
182.200 11 0.394 0.214 0.636 0.642
182.240 11 0.394 0.211 0.636 0.644
182.280 11 0.394 0.211 0.636 0.642
182.320 11 0.392 0.211 0.634 0.642
182.360 11 0.392 0.208 0.634 0.639
182.400 11 0.391 0.208 0.633 0.636
182.440 11 0.389 0.206 0.631 0.636
182.480 11 0.389 0.208 0.630 0.636
182.520 11 0.388 0.211 0.628 0.639
182.560 11 0.386 0.214 0.627 0.642
182.600 11 0.384 0.217 0.627 0.644
182.640 11 0.383 0.219 0.625 0.650
182.680 11 0.381 0.222 0.623 0.653
182.720 11 0.381 0.225 0.623 0.656
182.760 11 0.381 0.225 0.623 0.656
182.800 11 0.381 0.225 0.623 0.658
182.840 11 0.381 0.225 0.627 0.664
182.880 11 0.381 0.225 0.625 0.658
182.920 11 0.378 0.225 0.619 0.653
182.960 11 0.383 0.222 0.628 0.658
183.000 11 0.391 0.219 0.633 0.650
183.040 11 0.383 0.219 0.627 0.653
183.080 11 0.389 0.217 0.633 0.650
183.120 11 0.383 0.211 0.628 0.647
183.160 11 0.389 0.208 0.634 0.647
183.200 11 0.384 0.208 0.630 0.642
183.240 11 0.391 0.206 0.636 0.642
183.280 11 0.389 0.208 0.631 0.639
183.320 11 0.389 0.206 0.631 0.639
183.360 11 0.391 0.206 0.634 0.639
183.400 11 0.384 0.203 0.628 0.636
183.440 11 0.386 0.200 0.636 0.644
183.480 11 0.386 0.203 0.628 0.636
183.520 11 0.394 0.206 0.633 0.631
183.560 11 0.389 0.206 0.627 0.628
183.600 11 0.394 0.208 0.630 0.628
183.640 11 0.391 0.203 0.628 0.625
183.680 11 0.389 0.203 0.628 0.625
183.720 11 0.389 0.200 0.628 0.625
183.760 11 0.389 0.200 0.628 0.625
183.800 11 0.388 0.203 0.623 0.622
183.840 11 0.392 0.206 0.630 0.628
183.880 11 0.389 0.208 0.627 0.633
183.920 11 0.395 0.214 0.634 0.639
183.960 11 0.391 0.217 0.631 0.642
184.000 11 0.391 0.219 0.633 0.650
184.040 11 0.394 0.214 0.637 0.647
184.080 11 0.394 0.206 0.639 0.642
184.120 11 0.398 0.200 0.641 0.631
184.160 11 0.400 0.192 0.644 0.625
184.200 11 0.392 0.181 0.637 0.617
184.240 11 0.405 0.183 0.645 0.611
184.280 11 0.392 0.178 0.637 0.614
184.320 11 0.400 0.186 0.641 0.617
184.360 11 0.392 0.192 0.634 0.619
184.400 11 0.397 0.197 0.636 0.622
184.440 11 0.391 0.203 0.630 0.625
184.480 11 0.392 0.203 0.631 0.625
184.520 11 0.392 0.203 0.628 0.622
184.560 11 0.392 0.203 0.627 0.619
184.600 11 0.394 0.203 0.628 0.619
184.640 11 0.395 0.206 0.630 0.622
184.680 11 0.398 0.208 0.631 0.625
184.720 11 0.398 0.214 0.633 0.631
184.760 11 0.398 0.219 0.630 0.633
184.800 11 0.395 0.219 0.628 0.633
184.840 11 0.398 0.225 0.628 0.633
184.880 11 0.395 0.231 0.625 0.636
184.920 11 0.400 0.231 0.631 0.642
184.960 11 0.392 0.231 0.625 0.642
185.000 11 0.391 0.219 0.633 0.650
185.040 11 0.373 0.200 0.641 0.675
185.080 11 0.377 0.200 0.647 0.681
185.120 11 0.372 0.203 0.637 0.675
185.160 11 0.378 0.203 0.644 0.675
185.200 11 0.375 0.203 0.639 0.672
185.240 11 0.380 0.206 0.644 0.675
185.280 11 0.373 0.203 0.642 0.681
185.320 11 0.372 0.206 0.637 0.678
185.360 11 0.373 0.203 0.644 0.683
185.400 11 0.372 0.203 0.637 0.678
185.440 11 0.370 0.200 0.641 0.683
185.480 11 0.367 0.206 0.633 0.681
185.520 11 0.367 0.206 0.634 0.681
185.560 11 0.367 0.206 0.637 0.686
185.600 11 0.370 0.208 0.639 0.689
185.640 11 0.372 0.206 0.642 0.689
185.680 11 0.373 0.203 0.647 0.689
185.720 11 0.372 0.206 0.644 0.689
185.760 11 0.373 0.208 0.644 0.689
185.800 11 0.375 0.211 0.645 0.692
185.840 11 0.378 0.211 0.648 0.692
185.880 11 0.381 0.214 0.650 0.694
185.920 11 0.383 0.217 0.652 0.697
185.960 11 0.384 0.219 0.653 0.697
186.000 11 0.373 0.206 0.662 0.722
186.040 11 0.392 0.217 0.661 0.694
186.080 11 0.394 0.219 0.662 0.697
186.120 11 0.397 0.219 0.664 0.697
186.160 11 0.394 0.219 0.664 0.697
186.200 11 0.400 0.219 0.667 0.697
186.240 11 0.403 0.222 0.670 0.697
186.280 11 0.405 0.219 0.672 0.697
186.320 11 0.408 0.219 0.673 0.694
186.360 11 0.406 0.217 0.675 0.694
186.400 11 0.409 0.217 0.675 0.692
186.440 11 0.408 0.217 0.677 0.692
186.480 11 0.414 0.219 0.680 0.692
186.520 11 0.406 0.217 0.675 0.694
186.560 11 0.416 0.219 0.680 0.689
186.600 11 0.408 0.217 0.672 0.686
186.640 11 0.411 0.214 0.677 0.686
186.680 11 0.408 0.211 0.672 0.683
186.720 11 0.406 0.208 0.672 0.681
186.760 11 0.406 0.208 0.670 0.681
186.800 11 0.403 0.208 0.666 0.678
186.840 11 0.408 0.211 0.670 0.681
186.880 11 0.400 0.211 0.661 0.675
186.920 11 0.405 0.211 0.666 0.675
186.960 11 0.397 0.211 0.658 0.672
187.000 11 0.417 0.219 0.659 0.650
187.040 11 0.416 0.217 0.656 0.644
187.080 11 0.409 0.217 0.652 0.647
187.120 11 0.412 0.219 0.653 0.647
187.160 11 0.406 0.219 0.645 0.647
187.200 11 0.409 0.214 0.653 0.647
187.240 11 0.409 0.214 0.653 0.647
187.280 11 0.414 0.208 0.662 0.650
187.320 11 0.412 0.211 0.659 0.647
187.360 11 0.414 0.208 0.661 0.647
187.400 11 0.409 0.206 0.658 0.647
187.440 11 0.414 0.206 0.664 0.647
187.480 11 0.412 0.206 0.662 0.650
187.520 11 0.412 0.208 0.661 0.650
187.560 11 0.411 0.208 0.659 0.650
187.600 11 0.412 0.211 0.659 0.650
187.640 11 0.411 0.214 0.658 0.653
187.680 11 0.409 0.214 0.656 0.653
187.720 11 0.408 0.214 0.655 0.653
187.760 11 0.406 0.214 0.653 0.653
187.800 11 0.403 0.214 0.652 0.656
187.840 11 0.403 0.217 0.650 0.656
187.880 11 0.402 0.217 0.648 0.656
187.920 11 0.400 0.219 0.645 0.658
187.960 11 0.400 0.228 0.641 0.656
188.000 11 0.391 0.219 0.633 0.650
188.040 11 0.392 0.219 0.636 0.650
188.080 11 0.391 0.219 0.631 0.650
188.120 11 0.386 0.217 0.628 0.644
188.160 11 0.383 0.214 0.623 0.642
188.200 11 0.380 0.208 0.620 0.639
188.240 11 0.377 0.208 0.617 0.633
188.280 11 0.373 0.203 0.614 0.633
188.320 11 0.372 0.203 0.613 0.631
188.360 11 0.370 0.203 0.613 0.631
188.400 11 0.369 0.203 0.613 0.633
188.440 11 0.369 0.203 0.613 0.636
188.480 11 0.369 0.203 0.613 0.636
188.520 11 0.370 0.206 0.614 0.639
188.560 11 0.372 0.206 0.616 0.639
188.600 11 0.372 0.208 0.616 0.642
188.640 11 0.373 0.211 0.617 0.644
188.680 11 0.375 0.211 0.619 0.644
188.720 11 0.377 0.214 0.620 0.647
188.760 11 0.377 0.214 0.620 0.647
188.800 11 0.378 0.214 0.622 0.647
188.840 11 0.381 0.211 0.627 0.647
188.880 11 0.380 0.214 0.623 0.644
188.920 11 0.383 0.214 0.625 0.644
188.960 11 0.384 0.217 0.627 0.647
189.000 11 0.391 0.219 0.633 0.650
189.040 11 0.392 0.222 0.633 0.650
189.080 11 0.392 0.225 0.631 0.656
189.120 11 0.405 0.228 0.644 0.653
189.160 11 0.414 0.231 0.648 0.650
189.200 11 0.420 0.219 0.658 0.644
189.240 11 0.431 0.222 0.667 0.644
189.280 11 0.438 0.225 0.675 0.647
189.320 11 0.445 0.231 0.683 0.653
189.360 11 0.453 0.236 0.689 0.658
189.400 11 0.459 0.242 0.695 0.661
189.440 11 0.463 0.242 0.700 0.667
189.480 11 0.463 0.239 0.705 0.669
189.520 11 0.467 0.236 0.709 0.669
189.560 11 0.467 0.233 0.713 0.672
189.600 11 0.469 0.233 0.714 0.669
189.640 11 0.469 0.233 0.716 0.675
189.680 11 0.463 0.233 0.708 0.669
189.720 11 0.472 0.233 0.717 0.672
189.760 11 0.469 0.236 0.713 0.669
189.800 11 0.467 0.233 0.711 0.669
189.840 11 0.466 0.231 0.709 0.667
189.880 11 0.464 0.231 0.706 0.664
189.920 11 0.459 0.228 0.703 0.658
189.960 11 0.456 0.225 0.698 0.656
190.000 11 0.445 0.219 0.686 0.650
190.040 11 0.422 0.208 0.694 0.692
190.080 11 0.414 0.208 0.686 0.694
190.120 11 0.417 0.217 0.684 0.694
190.160 11 0.405 0.206 0.678 0.694
190.200 11 0.400 0.211 0.670 0.694
190.240 11 0.402 0.211 0.672 0.692
190.280 11 0.392 0.211 0.662 0.697
190.320 11 0.389 0.211 0.659 0.692
190.360 11 0.383 0.208 0.653 0.692
190.400 11 0.383 0.208 0.656 0.697
190.440 11 0.375 0.211 0.645 0.692
190.480 11 0.375 0.208 0.650 0.700
190.520 11 0.369 0.214 0.639 0.694
190.560 11 0.370 0.211 0.645 0.700
190.600 11 0.362 0.214 0.634 0.700
190.640 11 0.366 0.217 0.639 0.703
190.680 11 0.359 0.217 0.630 0.700
190.720 11 0.362 0.217 0.634 0.700
190.760 11 0.355 0.217 0.625 0.697
190.800 11 0.356 0.217 0.627 0.697
190.840 11 0.356 0.217 0.627 0.697
190.880 11 0.355 0.217 0.625 0.697
190.920 11 0.355 0.214 0.623 0.694
190.960 11 0.355 0.211 0.623 0.692
191.000 11 0.341 0.206 0.631 0.722
191.040 11 0.359 0.217 0.628 0.694
191.080 11 0.356 0.217 0.625 0.694
191.120 11 0.361 0.217 0.631 0.697
191.160 11 0.355 0.217 0.625 0.697
191.200 11 0.364 0.217 0.634 0.697
191.240 11 0.358 0.214 0.630 0.694
191.280 11 0.367 0.214 0.637 0.694
191.320 11 0.362 0.211 0.633 0.692
191.360 11 0.369 0.208 0.641 0.692
191.400 11 0.364 0.208 0.636 0.692
191.440 11 0.373 0.211 0.642 0.689
191.480 11 0.367 0.206 0.641 0.692
191.520 11 0.372 0.211 0.642 0.692
191.560 11 0.372 0.211 0.644 0.694
191.600 11 0.375 0.211 0.645 0.694
191.640 11 0.375 0.214 0.644 0.692
191.680 11 0.375 0.211 0.644 0.692
191.720 11 0.373 0.208 0.644 0.689
191.760 11 0.370 0.206 0.641 0.686
191.800 11 0.375 0.206 0.644 0.683
191.840 11 0.369 0.203 0.637 0.681
191.880 11 0.372 0.203 0.641 0.681
191.920 11 0.378 0.208 0.642 0.675
191.960 11 0.373 0.203 0.641 0.678
192.000 11 0.391 0.219 0.633 0.650
192.040 11 0.395 0.219 0.637 0.647
192.080 11 0.400 0.219 0.642 0.650
192.120 11 0.394 0.219 0.637 0.653
192.160 11 0.400 0.225 0.641 0.653
192.200 11 0.392 0.222 0.636 0.656
192.240 11 0.395 0.225 0.639 0.658
192.280 11 0.394 0.225 0.639 0.658
192.320 11 0.394 0.228 0.637 0.661
192.360 11 0.392 0.228 0.636 0.664
192.400 11 0.391 0.228 0.634 0.661
192.440 11 0.392 0.225 0.639 0.664
192.480 11 0.391 0.228 0.636 0.664
192.520 11 0.389 0.225 0.634 0.664
192.560 11 0.388 0.222 0.633 0.661
192.600 11 0.388 0.222 0.631 0.656
192.640 11 0.386 0.219 0.627 0.647
192.680 11 0.383 0.217 0.623 0.644
192.720 11 0.381 0.217 0.623 0.647
192.760 11 0.375 0.214 0.617 0.647
192.800 11 0.372 0.217 0.614 0.650
192.840 11 0.364 0.222 0.606 0.653
192.880 11 0.361 0.222 0.602 0.653
192.920 11 0.358 0.225 0.598 0.653
192.960 11 0.356 0.228 0.594 0.650
193.000 11 0.364 0.219 0.606 0.650
193.040 11 0.370 0.225 0.608 0.647
193.080 11 0.373 0.219 0.613 0.644
193.120 11 0.378 0.228 0.614 0.644
193.160 11 0.384 0.219 0.625 0.647
193.200 11 0.381 0.219 0.623 0.653
193.240 11 0.386 0.222 0.630 0.656
193.280 11 0.380 0.225 0.625 0.658
193.320 11 0.388 0.228 0.630 0.658
193.360 11 0.384 0.228 0.627 0.658
193.400 11 0.391 0.228 0.631 0.656
193.440 11 0.392 0.231 0.631 0.656
193.480 11 0.398 0.231 0.637 0.656
193.520 11 0.398 0.228 0.639 0.656
193.560 11 0.398 0.228 0.637 0.653
193.600 11 0.397 0.225 0.636 0.650
193.640 11 0.395 0.225 0.634 0.650
193.680 11 0.395 0.222 0.634 0.647
193.720 11 0.397 0.225 0.633 0.644
193.760 11 0.395 0.219 0.634 0.644
193.800 11 0.395 0.219 0.636 0.647
193.840 11 0.395 0.219 0.636 0.644
193.880 11 0.395 0.219 0.634 0.644
193.920 11 0.398 0.222 0.636 0.644
193.960 11 0.391 0.219 0.630 0.644
194.000 11 0.391 0.219 0.633 0.650
194.040 11 0.391 0.219 0.630 0.644
194.080 11 0.394 0.219 0.634 0.647
194.120 11 0.398 0.219 0.639 0.647
194.160 11 0.403 0.225 0.639 0.642
194.200 11 0.403 0.217 0.641 0.642
194.240 11 0.405 0.217 0.641 0.636
194.280 11 0.406 0.214 0.645 0.636
194.320 11 0.412 0.217 0.650 0.639
194.360 11 0.414 0.211 0.653 0.636
194.400 11 0.414 0.206 0.658 0.639
194.440 11 0.411 0.203 0.658 0.642
194.480 11 0.408 0.203 0.658 0.647
194.520 11 0.411 0.208 0.659 0.650
194.560 11 0.417 0.217 0.658 0.647
194.600 11 0.420 0.219 0.661 0.647
194.640 11 0.423 0.217 0.664 0.644
194.680 11 0.420 0.217 0.661 0.644
194.720 11 0.420 0.217 0.661 0.644
194.760 11 0.422 0.217 0.661 0.644
194.800 11 0.423 0.219 0.664 0.647
194.840 11 0.423 0.219 0.666 0.650
194.880 11 0.419 0.217 0.666 0.656
194.920 11 0.420 0.225 0.661 0.650
194.960 11 0.422 0.225 0.662 0.653
195.000 11 0.417 0.219 0.659 0.650
195.040 11 0.398 0.208 0.667 0.683
195.080 11 0.402 0.206 0.669 0.683
195.120 11 0.395 0.203 0.666 0.686
195.160 11 0.398 0.206 0.667 0.683
195.200 11 0.397 0.206 0.666 0.683
195.240 11 0.397 0.203 0.664 0.681
195.280 11 0.395 0.203 0.664 0.681
195.320 11 0.392 0.197 0.662 0.678
195.360 11 0.394 0.194 0.670 0.686
195.400 11 0.392 0.197 0.664 0.683
195.440 11 0.388 0.189 0.662 0.683
195.480 11 0.392 0.192 0.669 0.686
195.520 11 0.386 0.194 0.661 0.683
195.560 11 0.391 0.197 0.666 0.686
195.600 11 0.386 0.200 0.658 0.683
195.640 11 0.391 0.203 0.664 0.689
195.680 11 0.384 0.206 0.655 0.689
195.720 11 0.389 0.208 0.661 0.692
195.760 11 0.383 0.211 0.652 0.689
195.800 11 0.388 0.214 0.658 0.694
195.840 11 0.383 0.217 0.648 0.692
195.880 11 0.388 0.214 0.655 0.694
195.920 11 0.380 0.208 0.655 0.694
195.960 11 0.388 0.219 0.652 0.692
196.000 11 0.373 0.206 0.662 0.722
196.040 11 0.375 0.189 0.661 0.700
196.080 11 0.380 0.192 0.662 0.697
196.120 11 0.383 0.197 0.661 0.694
196.160 11 0.384 0.192 0.666 0.694
196.200 11 0.386 0.194 0.664 0.692
196.240 11 0.381 0.183 0.670 0.700
196.280 11 0.381 0.183 0.667 0.697
196.320 11 0.378 0.186 0.664 0.694
196.360 11 0.372 0.169 0.670 0.706
196.400 11 0.381 0.181 0.669 0.694
196.440 11 0.386 0.186 0.669 0.689
196.480 11 0.384 0.178 0.675 0.694
196.520 11 0.383 0.175 0.673 0.694
196.560 11 0.381 0.172 0.672 0.692
196.600 11 0.380 0.169 0.670 0.689
196.640 11 0.380 0.169 0.669 0.689
196.680 11 0.380 0.169 0.669 0.686
196.720 11 0.378 0.167 0.667 0.686
196.760 11 0.377 0.164 0.667 0.683
196.800 11 0.377 0.164 0.666 0.681
196.840 11 0.375 0.164 0.666 0.681
196.880 11 0.380 0.167 0.666 0.678
196.920 11 0.367 0.158 0.662 0.686
196.960 11 0.377 0.167 0.666 0.683
197.000 11 0.373 0.147 0.662 0.664
197.040 11 0.375 0.175 0.661 0.686
197.080 11 0.373 0.175 0.662 0.692
197.120 11 0.377 0.175 0.664 0.689
197.160 11 0.370 0.175 0.658 0.692
197.200 11 0.373 0.175 0.662 0.692
197.240 11 0.373 0.175 0.662 0.692
197.280 11 0.378 0.178 0.664 0.689
197.320 11 0.372 0.178 0.656 0.686
197.360 11 0.378 0.181 0.661 0.686
197.400 11 0.372 0.172 0.661 0.689
197.440 11 0.370 0.169 0.666 0.700
197.480 11 0.369 0.178 0.652 0.686
197.520 11 0.383 0.181 0.664 0.686
197.560 11 0.373 0.183 0.650 0.678
197.600 11 0.381 0.189 0.655 0.678
197.640 11 0.372 0.178 0.659 0.692
197.680 11 0.372 0.175 0.661 0.694
197.720 11 0.370 0.181 0.656 0.692
197.760 11 0.377 0.181 0.666 0.697
197.800 11 0.370 0.186 0.647 0.681
197.840 11 0.384 0.192 0.661 0.686
197.880 11 0.375 0.189 0.653 0.689
197.920 11 0.373 0.183 0.659 0.694
197.960 11 0.370 0.183 0.658 0.697
198.000 11 0.373 0.206 0.662 0.722
198.040 11 0.373 0.206 0.662 0.722
198.080 11 0.373 0.206 0.662 0.722
198.120 11 0.372 0.206 0.662 0.722
198.160 11 0.372 0.206 0.661 0.722
198.200 11 0.372 0.203 0.661 0.722
198.240 11 0.372 0.203 0.661 0.722
198.280 11 0.370 0.203 0.661 0.722
198.320 11 0.370 0.203 0.659 0.722
