3.920 0 0.250 0.236 0.330 0.378
3.960 0 0.248 0.233 0.330 0.375
4.000 0 0.247 0.231 0.328 0.375
4.040 0 0.244 0.236 0.325 0.381
4.080 0 0.244 0.233 0.325 0.378
4.120 0 0.242 0.233 0.323 0.378
4.160 0 0.242 0.233 0.323 0.378
4.200 0 0.239 0.233 0.322 0.378
4.240 0 0.241 0.233 0.322 0.378
4.280 0 0.239 0.233 0.320 0.378
4.320 0 0.239 0.233 0.320 0.378
4.360 0 0.237 0.236 0.319 0.378
4.400 0 0.237 0.236 0.319 0.381
4.440 0 0.239 0.236 0.319 0.381
4.480 0 0.237 0.236 0.317 0.378
4.520 0 0.237 0.239 0.319 0.381
4.560 0 0.236 0.236 0.317 0.381
4.600 0 0.237 0.239 0.319 0.383
4.640 0 0.236 0.239 0.320 0.386
4.680 0 0.236 0.239 0.317 0.383
4.720 0 0.239 0.239 0.319 0.383
4.760 0 0.237 0.239 0.319 0.383
4.800 0 0.236 0.239 0.317 0.383
4.840 0 0.237 0.239 0.319 0.383
4.880 0 0.237 0.239 0.319 0.383
4.920 0 0.239 0.239 0.320 0.383
4.960 0 0.239 0.239 0.320 0.383
5.000 0 0.237 0.247 0.319 0.392
5.040 0 0.237 0.247 0.319 0.392
5.080 0 0.237 0.247 0.319 0.392
5.120 0 0.237 0.247 0.319 0.392
5.160 0 0.237 0.247 0.319 0.392
5.200 0 0.237 0.247 0.319 0.392
5.240 0 0.237 0.247 0.319 0.392
5.280 0 0.237 0.247 0.319 0.392
5.320 0 0.237 0.247 0.319 0.392
5.360 0 0.237 0.247 0.319 0.392
5.400 0 0.237 0.247 0.319 0.392
5.440 0 0.236 0.247 0.317 0.392
5.480 0 0.241 0.253 0.319 0.392
15.880 1 0.373 0.222 0.573 0.581
15.920 1 0.373 0.225 0.573 0.581
15.960 1 0.378 0.225 0.578 0.581
16.000 1 0.370 0.222 0.572 0.581
16.040 1 0.370 0.225 0.572 0.583
16.080 1 0.370 0.228 0.570 0.583
16.120 1 0.370 0.231 0.569 0.581
16.160 1 0.369 0.231 0.566 0.581
16.200 1 0.369 0.231 0.567 0.583
16.240 1 0.362 0.231 0.561 0.583
16.280 1 0.364 0.233 0.564 0.586
16.320 1 0.359 0.233 0.556 0.583
16.360 1 0.359 0.233 0.555 0.583
16.400 1 0.356 0.231 0.552 0.581
16.440 1 0.355 0.228 0.552 0.575
16.480 1 0.353 0.222 0.550 0.572
16.520 1 0.353 0.219 0.550 0.569
16.560 1 0.355 0.214 0.552 0.564
16.600 1 0.356 0.211 0.553 0.564
16.640 1 0.356 0.211 0.556 0.567
16.680 1 0.358 0.211 0.558 0.567
16.720 1 0.359 0.211 0.561 0.572
16.760 1 0.355 0.214 0.555 0.572
16.800 1 0.359 0.214 0.559 0.572
16.840 1 0.353 0.214 0.555 0.572
16.880 1 0.356 0.217 0.558 0.575
16.920 1 0.350 0.217 0.550 0.575
16.960 1 0.352 0.219 0.553 0.578
17.000 1 0.348 0.222 0.550 0.581
17.040 1 0.338 0.211 0.544 0.578
17.080 1 0.341 0.217 0.545 0.578
17.120 1 0.333 0.214 0.539 0.581
17.160 1 0.333 0.217 0.537 0.578
17.200 1 0.334 0.217 0.537 0.578
17.240 1 0.338 0.219 0.539 0.581
17.280 1 0.334 0.219 0.537 0.581
17.320 1 0.338 0.222 0.541 0.583
17.360 1 0.334 0.222 0.537 0.583
17.400 1 0.338 0.225 0.541 0.586
17.440 1 0.333 0.225 0.536 0.586
17.480 1 0.336 0.228 0.539 0.586
17.520 1 0.334 0.228 0.537 0.589
17.560 1 0.333 0.231 0.534 0.589
17.600 1 0.330 0.231 0.533 0.589
17.640 1 0.330 0.228 0.531 0.589
17.680 1 0.327 0.225 0.530 0.589
17.720 1 0.331 0.228 0.531 0.583
17.760 1 0.327 0.228 0.525 0.581
17.800 1 0.331 0.228 0.530 0.581
17.840 1 0.331 0.231 0.528 0.581
17.880 1 0.325 0.225 0.528 0.586
17.920 1 0.331 0.231 0.534 0.589
17.960 1 0.323 0.228 0.527 0.589
18.000 1 0.325 0.222 0.527 0.581
18.040 1 0.330 0.228 0.530 0.583
18.080 1 0.331 0.228 0.531 0.583
18.120 1 0.333 0.231 0.533 0.586
18.160 1 0.334 0.231 0.536 0.586
18.200 1 0.336 0.233 0.537 0.589
18.240 1 0.338 0.233 0.539 0.589
18.280 1 0.339 0.233 0.539 0.592
18.320 1 0.341 0.233 0.541 0.592
18.360 1 0.342 0.233 0.542 0.592
18.400 1 0.344 0.233 0.544 0.589
18.440 1 0.345 0.231 0.545 0.589
18.480 1 0.347 0.231 0.547 0.586
18.520 1 0.345 0.225 0.550 0.586
18.560 1 0.350 0.228 0.548 0.583
18.600 1 0.347 0.222 0.553 0.586
18.640 1 0.352 0.228 0.550 0.581
18.680 1 0.353 0.228 0.552 0.581
18.720 1 0.348 0.225 0.547 0.578
18.760 1 0.352 0.225 0.550 0.578
18.800 1 0.347 0.219 0.547 0.578
18.840 1 0.350 0.219 0.550 0.575
18.880 1 0.345 0.219 0.545 0.572
18.920 1 0.345 0.217 0.545 0.575
18.960 1 0.353 0.228 0.547 0.572
19.000 1 0.348 0.222 0.550 0.581
19.040 1 0.327 0.203 0.550 0.600
19.080 1 0.327 0.206 0.550 0.603
19.120 1 0.325 0.197 0.553 0.603
19.160 1 0.331 0.200 0.558 0.600
19.200 1 0.325 0.197 0.550 0.597
19.240 1 0.328 0.200 0.552 0.594
19.280 1 0.322 0.197 0.544 0.592
19.320 1 0.330 0.200 0.550 0.592
19.360 1 0.328 0.200 0.548 0.589
19.400 1 0.328 0.200 0.547 0.589
19.440 1 0.331 0.200 0.548 0.586
19.480 1 0.330 0.197 0.550 0.589
19.520 1 0.328 0.192 0.555 0.592
19.560 1 0.336 0.194 0.558 0.589
19.600 1 0.336 0.192 0.561 0.592
19.640 1 0.338 0.194 0.561 0.589
19.680 1 0.338 0.192 0.561 0.586
19.720 1 0.336 0.189 0.559 0.586
19.760 1 0.334 0.189 0.556 0.583
19.800 1 0.331 0.189 0.553 0.583
19.840 1 0.331 0.189 0.553 0.583
19.880 1 0.336 0.192 0.550 0.575
19.920 1 0.333 0.186 0.553 0.581
19.960 1 0.330 0.183 0.558 0.589
20.000 1 0.311 0.172 0.552 0.600
20.040 1 0.300 0.164 0.547 0.603
20.080 1 0.305 0.175 0.547 0.603
20.120 1 0.295 0.169 0.541 0.606
20.160 1 0.300 0.175 0.542 0.606
20.200 1 0.292 0.175 0.533 0.603
20.240 1 0.297 0.175 0.539 0.603
20.280 2 0.453 0.147 0.659 0.514
20.320 2 0.447 0.147 0.653 0.514
20.360 2 0.434 0.147 0.641 0.514
20.400 2 0.442 0.144 0.647 0.508
20.440 2 0.441 0.139 0.642 0.497
20.480 2 0.448 0.131 0.648 0.486
20.520 2 0.452 0.128 0.650 0.481
20.560 2 0.463 0.131 0.661 0.483
20.600 2 0.466 0.136 0.661 0.483
20.640 2 0.473 0.136 0.670 0.486
20.680 2 0.475 0.139 0.672 0.489
20.720 2 0.484 0.133 0.684 0.489
20.760 2 0.478 0.136 0.678 0.492
20.800 2 0.487 0.136 0.691 0.497
20.840 2 0.480 0.133 0.684 0.497
20.880 2 0.489 0.136 0.694 0.500
20.920 2 0.484 0.139 0.686 0.497
20.960 2 0.487 0.139 0.691 0.500
21.000 2 0.483 0.142 0.684 0.500
21.040 2 0.483 0.131 0.692 0.503
21.080 2 0.481 0.131 0.692 0.506
21.120 2 0.480 0.133 0.691 0.508
21.160 2 0.477 0.133 0.688 0.508
21.200 2 0.472 0.133 0.684 0.508
21.240 2 0.463 0.131 0.675 0.508
21.280 2 0.463 0.133 0.678 0.514
21.320 2 0.456 0.133 0.670 0.517
21.360 2 0.458 0.133 0.675 0.519
21.400 2 0.455 0.131 0.673 0.522
21.440 2 0.463 0.133 0.680 0.519
21.480 2 0.459 0.133 0.678 0.522
21.520 2 0.466 0.133 0.686 0.522
21.560 2 0.463 0.133 0.684 0.528
21.600 2 0.469 0.133 0.691 0.531
21.640 2 0.467 0.136 0.688 0.528
21.680 2 0.472 0.133 0.695 0.531
21.720 2 0.470 0.133 0.692 0.525
21.760 2 0.473 0.125 0.700 0.528
21.800 2 0.472 0.125 0.695 0.522
21.840 2 0.477 0.119 0.705 0.525
21.880 2 0.475 0.119 0.700 0.517
21.920 2 0.480 0.106 0.709 0.517
21.960 2 0.475 0.100 0.703 0.508
22.000 2 0.472 0.075 0.714 0.506
22.040 2 0.470 0.064 0.713 0.494
22.080 2 0.470 0.061 0.709 0.486
22.120 2 0.467 0.061 0.708 0.492
22.160 2 0.467 0.072 0.705 0.492
22.200 2 0.464 0.075 0.705 0.503
22.240 2 0.461 0.078 0.705 0.511
22.280 2 0.459 0.086 0.702 0.517
22.320 2 0.458 0.092 0.700 0.519
22.360 2 0.455 0.089 0.700 0.522
22.400 2 0.467 0.094 0.703 0.514
22.440 2 0.467 0.094 0.698 0.506
22.480 2 0.472 0.089 0.708 0.508
22.520 2 0.470 0.092 0.706 0.508
22.560 2 0.478 0.092 0.714 0.511
22.600 2 0.478 0.089 0.717 0.514
22.640 2 0.481 0.086 0.725 0.519
22.680 2 0.475 0.086 0.716 0.517
22.720 2 0.480 0.081 0.727 0.522
22.760 2 0.475 0.081 0.725 0.525
22.800 2 0.475 0.081 0.725 0.525
22.840 2 0.473 0.081 0.723 0.522
22.880 2 0.473 0.081 0.720 0.519
22.920 2 0.473 0.081 0.719 0.517
22.960 2 0.472 0.081 0.716 0.514
23.000 2 0.472 0.075 0.714 0.506
23.040 2 0.467 0.072 0.706 0.497
23.080 2 0.470 0.069 0.709 0.497
23.120 2 0.464 0.072 0.700 0.492
23.160 2 0.467 0.072 0.705 0.497
23.200 2 0.458 0.072 0.697 0.500
23.240 2 0.464 0.078 0.700 0.500
23.280 2 0.453 0.075 0.697 0.508
23.320 2 0.458 0.078 0.702 0.511
23.360 2 0.450 0.078 0.694 0.511
23.400 2 0.452 0.075 0.695 0.511
23.440 2 0.448 0.078 0.689 0.508
23.480 2 0.450 0.078 0.694 0.511
23.520 2 0.450 0.078 0.691 0.508
23.560 2 0.450 0.078 0.689 0.506
23.600 2 0.450 0.078 0.689 0.503
23.640 2 0.452 0.072 0.692 0.503
23.680 2 0.455 0.072 0.691 0.494
23.720 2 0.453 0.061 0.697 0.494
23.760 2 0.453 0.061 0.694 0.492
23.800 2 0.453 0.053 0.703 0.500
23.840 2 0.447 0.058 0.695 0.503
23.880 2 0.450 0.064 0.698 0.508
23.920 2 0.445 0.075 0.688 0.508
23.960 2 0.444 0.081 0.684 0.508
24.000 2 0.445 0.075 0.686 0.506
24.040 2 0.442 0.075 0.691 0.517
24.080 2 0.447 0.081 0.688 0.508
24.120 2 0.447 0.081 0.689 0.511
24.160 2 0.447 0.083 0.691 0.517
24.200 2 0.447 0.089 0.691 0.525
24.240 2 0.447 0.097 0.688 0.528
24.280 2 0.447 0.103 0.684 0.531
24.320 2 0.441 0.100 0.686 0.539
24.360 2 0.445 0.097 0.686 0.531
24.400 2 0.439 0.092 0.680 0.522
24.440 2 0.444 0.094 0.681 0.519
24.480 2 0.439 0.092 0.678 0.519
24.520 2 0.447 0.097 0.686 0.528
24.560 2 0.445 0.111 0.683 0.533
24.600 2 0.448 0.117 0.688 0.544
24.640 2 0.450 0.117 0.689 0.544
24.680 2 0.447 0.111 0.686 0.539
24.720 2 0.445 0.106 0.683 0.531
24.760 2 0.444 0.100 0.680 0.522
24.800 2 0.442 0.097 0.678 0.519
24.840 2 0.442 0.097 0.680 0.522
24.880 2 0.442 0.103 0.680 0.525
24.920 2 0.444 0.108 0.681 0.533
24.960 2 0.444 0.111 0.684 0.542
25.000 2 0.445 0.122 0.686 0.553
25.040 2 0.456 0.142 0.678 0.542
25.080 2 0.458 0.142 0.681 0.539
25.120 2 0.458 0.142 0.681 0.539
25.160 2 0.459 0.142 0.683 0.542
25.200 2 0.459 0.142 0.684 0.544
25.240 2 0.461 0.144 0.686 0.547
25.280 2 0.458 0.150 0.683 0.553
25.320 2 0.461 0.153 0.689 0.558
25.360 2 0.453 0.158 0.678 0.558
25.400 2 0.458 0.158 0.681 0.558
25.440 2 0.452 0.158 0.675 0.556
25.480 2 0.455 0.158 0.677 0.553
25.520 2 0.458 0.156 0.681 0.556
25.560 2 0.456 0.161 0.677 0.553
25.600 2 0.459 0.164 0.680 0.558
25.640 2 0.461 0.167 0.680 0.558
25.680 2 0.461 0.167 0.680 0.558
25.720 2 0.459 0.164 0.680 0.558
25.760 2 0.458 0.161 0.678 0.556
25.800 2 0.456 0.161 0.677 0.553
25.840 2 0.456 0.161 0.675 0.553
25.880 2 0.452 0.161 0.667 0.547
25.920 2 0.448 0.158 0.667 0.547
25.960 2 0.438 0.161 0.659 0.556
26.000 2 0.438 0.183 0.639 0.542
26.040 2 0.422 0.183 0.623 0.544
26.080 2 0.406 0.186 0.617 0.558
26.120 2 0.409 0.181 0.623 0.558
26.160 2 0.409 0.178 0.622 0.553
26.200 2 0.420 0.189 0.619 0.542
26.240 2 0.423 0.183 0.623 0.539
26.280 2 0.433 0.181 0.631 0.533
26.320 2 0.431 0.178 0.631 0.531
26.360 2 0.438 0.172 0.637 0.528
26.400 2 0.439 0.175 0.639 0.528
26.440 2 0.441 0.175 0.641 0.531
26.480 2 0.442 0.178 0.644 0.536
26.520 2 0.442 0.178 0.648 0.542
26.560 2 0.445 0.181 0.652 0.547
26.600 2 0.456 0.186 0.661 0.550
26.640 2 0.467 0.189 0.670 0.550
26.680 2 0.467 0.186 0.675 0.556
26.720 2 0.477 0.186 0.684 0.556
26.760 2 0.469 0.183 0.680 0.558
26.800 2 0.472 0.192 0.680 0.561
26.840 2 0.464 0.194 0.673 0.567
26.880 2 0.466 0.200 0.675 0.572
26.920 2 0.456 0.200 0.669 0.581
26.960 2 0.458 0.203 0.670 0.583
27.000 2 0.459 0.222 0.661 0.581
27.040 2 0.428 0.175 0.658 0.583
27.080 2 0.427 0.172 0.656 0.578
27.120 2 0.427 0.169 0.655 0.575
27.160 2 0.431 0.169 0.655 0.567
27.200 2 0.425 0.161 0.653 0.567
27.240 2 0.434 0.167 0.658 0.564
27.280 2 0.430 0.161 0.658 0.567
27.320 2 0.434 0.167 0.658 0.564
27.360 2 0.433 0.169 0.655 0.564
27.400 2 0.431 0.169 0.653 0.564
27.440 2 0.431 0.167 0.653 0.564
27.480 2 0.428 0.161 0.655 0.564
27.520 2 0.433 0.164 0.655 0.561
27.560 2 0.428 0.164 0.648 0.556
27.600 2 0.433 0.167 0.652 0.556
27.640 2 0.430 0.164 0.650 0.556
27.680 2 0.430 0.164 0.650 0.556
27.720 2 0.428 0.164 0.650 0.556
27.760 2 0.428 0.164 0.647 0.553
27.800 2 0.427 0.164 0.644 0.550
27.840 2 0.423 0.167 0.637 0.544
27.880 2 0.423 0.164 0.634 0.539
27.920 2 0.417 0.164 0.627 0.536
27.960 2 0.417 0.167 0.623 0.533
28.000 2 0.391 0.122 0.633 0.553
28.040 2 0.389 0.125 0.630 0.550
28.080 2 0.380 0.119 0.623 0.550
28.120 2 0.388 0.128 0.625 0.550
28.160 2 0.380 0.128 0.617 0.550
28.200 2 0.386 0.131 0.620 0.550
28.240 2 0.380 0.131 0.616 0.550
28.280 2 0.391 0.131 0.628 0.550
28.320 2 0.388 0.128 0.630 0.558
28.360 2 0.391 0.125 0.634 0.558
28.400 2 0.391 0.128 0.631 0.556
28.440 2 0.400 0.122 0.647 0.561
28.480 2 0.398 0.122 0.645 0.558
28.520 2 0.408 0.122 0.652 0.558
28.560 2 0.405 0.128 0.645 0.556
28.600 2 0.406 0.128 0.647 0.556
28.640 2 0.406 0.131 0.647 0.558
28.680 2 0.406 0.128 0.652 0.564
28.720 2 0.405 0.133 0.648 0.567
28.760 2 0.405 0.133 0.648 0.567
28.800 2 0.405 0.131 0.648 0.564
28.840 2 0.408 0.131 0.650 0.561
28.880 2 0.402 0.125 0.645 0.561
28.920 2 0.405 0.122 0.650 0.558
28.960 2 0.405 0.119 0.650 0.556
29.000 2 0.417 0.122 0.659 0.553
29.040 2 0.416 0.128 0.659 0.561
29.080 2 0.417 0.131 0.661 0.564
29.120 2 0.416 0.136 0.656 0.564
29.160 2 0.417 0.128 0.667 0.572
29.200 2 0.414 0.128 0.661 0.567
29.240 2 0.420 0.125 0.667 0.564
29.280 2 0.419 0.122 0.661 0.556
29.320 2 0.423 0.122 0.664 0.553
29.360 2 0.422 0.122 0.659 0.544
29.400 2 0.420 0.119 0.662 0.550
29.440 2 0.419 0.117 0.664 0.553
29.480 2 0.417 0.114 0.662 0.550
29.520 2 0.414 0.114 0.659 0.550
29.560 2 0.420 0.114 0.664 0.550
29.600 2 0.414 0.111 0.661 0.550
29.640 2 0.414 0.117 0.656 0.547
29.680 2 0.412 0.117 0.656 0.547
29.720 2 0.411 0.119 0.652 0.547
29.760 2 0.412 0.119 0.653 0.550
29.800 2 0.412 0.117 0.656 0.550
29.840 2 0.414 0.119 0.656 0.547
29.880 2 0.416 0.117 0.658 0.547
29.920 2 0.417 0.117 0.658 0.544
29.960 2 0.417 0.117 0.661 0.547
30.000 2 0.417 0.122 0.659 0.553
30.040 2 0.423 0.122 0.666 0.553
34.960 3 0.911 0.119 1.075 0.411
35.000 3 0.869 0.119 1.036 0.417
35.040 3 0.830 0.119 0.995 0.411
35.080 3 0.795 0.128 0.961 0.422
35.120 3 0.764 0.119 0.930 0.414
35.160 3 0.728 0.119 0.897 0.419
35.200 3 0.698 0.119 0.863 0.411
35.240 3 0.667 0.122 0.831 0.414
35.280 3 0.636 0.125 0.800 0.417
35.320 3 0.605 0.131 0.769 0.422
35.360 3 0.573 0.125 0.738 0.417
36.240 4 0.575 0.108 0.705 0.339
36.280 4 0.584 0.108 0.716 0.342
36.320 4 0.592 0.108 0.722 0.339
36.360 4 0.603 0.114 0.736 0.347
36.400 4 0.616 0.119 0.744 0.350
36.440 4 0.625 0.119 0.755 0.353
36.480 4 0.634 0.128 0.766 0.361
36.520 4 0.645 0.133 0.775 0.364
36.560 4 0.658 0.144 0.783 0.369
36.600 4 0.662 0.153 0.787 0.375
36.640 4 0.666 0.158 0.789 0.381
36.680 4 0.667 0.158 0.792 0.381
36.720 4 0.662 0.158 0.787 0.381
36.760 4 0.659 0.158 0.784 0.381
36.800 4 0.648 0.153 0.775 0.375
36.840 4 0.637 0.147 0.766 0.375
36.880 4 0.623 0.142 0.753 0.375
36.920 4 0.609 0.133 0.747 0.378
36.960 4 0.597 0.128 0.738 0.378
37.000 4 0.583 0.125 0.723 0.375
37.040 4 0.569 0.122 0.709 0.372
37.080 4 0.556 0.122 0.700 0.378
37.120 4 0.542 0.122 0.684 0.372
37.160 4 0.530 0.119 0.677 0.381
37.200 4 0.516 0.117 0.661 0.378
37.240 4 0.502 0.117 0.645 0.372
37.280 4 0.487 0.114 0.630 0.367
37.320 4 0.475 0.114 0.616 0.364
37.360 4 0.461 0.111 0.602 0.361
37.400 4 0.447 0.111 0.586 0.356
37.440 4 0.433 0.106 0.572 0.353
39.040 5 0.330 0.197 0.444 0.397
39.080 5 0.333 0.200 0.450 0.406
39.120 5 0.336 0.206 0.459 0.422
39.160 5 0.338 0.214 0.456 0.425
39.200 5 0.347 0.214 0.466 0.419
39.240 5 0.350 0.206 0.469 0.414
39.280 5 0.355 0.197 0.472 0.403
39.320 5 0.356 0.183 0.473 0.392
39.360 5 0.358 0.169 0.475 0.375
39.400 5 0.361 0.156 0.475 0.356
39.440 5 0.369 0.150 0.473 0.333
39.480 5 0.372 0.147 0.478 0.333
39.520 5 0.364 0.150 0.478 0.350
39.560 5 0.361 0.161 0.473 0.361
39.600 5 0.355 0.167 0.472 0.369
39.640 5 0.352 0.172 0.467 0.378
39.680 5 0.348 0.181 0.463 0.383
39.720 5 0.347 0.189 0.463 0.389
39.760 5 0.342 0.194 0.458 0.397
39.800 5 0.336 0.192 0.452 0.394
39.840 5 0.330 0.189 0.445 0.392
39.880 5 0.328 0.186 0.445 0.392
39.920 5 0.331 0.189 0.447 0.392
39.960 5 0.330 0.194 0.447 0.397
40.000 5 0.330 0.197 0.447 0.403
40.040 5 0.330 0.192 0.445 0.394
40.080 5 0.333 0.194 0.448 0.397
40.120 5 0.333 0.194 0.448 0.397
40.160 5 0.338 0.192 0.455 0.400
40.200 5 0.342 0.194 0.458 0.397
40.240 5 0.345 0.192 0.463 0.403
40.280 5 0.352 0.197 0.469 0.403
40.320 5 0.356 0.197 0.473 0.403
40.360 5 0.353 0.192 0.472 0.403
40.400 5 0.355 0.181 0.473 0.392
40.440 5 0.356 0.169 0.475 0.381
40.480 5 0.359 0.164 0.480 0.375
40.520 5 0.366 0.158 0.484 0.372
40.560 5 0.366 0.161 0.484 0.372
40.600 5 0.362 0.161 0.483 0.375
40.640 5 0.358 0.161 0.478 0.375
40.680 5 0.356 0.161 0.477 0.375
40.720 5 0.350 0.158 0.470 0.372
40.760 5 0.347 0.156 0.469 0.369
40.800 5 0.339 0.158 0.461 0.375
40.840 5 0.331 0.156 0.450 0.367
40.880 5 0.331 0.153 0.450 0.361
40.920 5 0.323 0.144 0.442 0.356
40.960 5 0.320 0.153 0.438 0.358
41.000 5 0.317 0.150 0.434 0.358
41.040 5 0.319 0.167 0.433 0.369
41.080 5 0.312 0.169 0.428 0.372
41.120 5 0.312 0.167 0.427 0.372
41.160 5 0.316 0.164 0.431 0.369
41.200 5 0.319 0.164 0.433 0.369
41.240 5 0.327 0.161 0.442 0.367
41.280 5 0.331 0.164 0.448 0.372
41.320 5 0.336 0.167 0.453 0.375
41.360 5 0.336 0.186 0.452 0.392
41.400 5 0.334 0.192 0.452 0.403
41.440 5 0.333 0.186 0.453 0.400
41.480 5 0.336 0.189 0.453 0.400
41.520 5 0.342 0.189 0.458 0.397
41.560 5 0.344 0.183 0.461 0.394
41.600 5 0.345 0.175 0.464 0.389
41.640 5 0.342 0.169 0.461 0.383
41.680 5 0.336 0.167 0.455 0.378
41.720 5 0.331 0.164 0.450 0.375
41.760 5 0.327 0.161 0.444 0.372
41.800 5 0.320 0.161 0.439 0.375
41.840 5 0.314 0.167 0.436 0.386
41.880 5 0.309 0.172 0.431 0.389
41.920 5 0.306 0.175 0.423 0.386
41.960 5 0.302 0.172 0.420 0.383
42.000 5 0.305 0.172 0.420 0.381
42.040 5 0.292 0.156 0.417 0.378
42.080 5 0.291 0.156 0.414 0.378
42.120 5 0.286 0.158 0.409 0.378
42.160 5 0.286 0.158 0.409 0.378
42.200 5 0.283 0.161 0.406 0.381
42.240 5 0.278 0.164 0.402 0.386
42.280 5 0.278 0.167 0.403 0.389
42.320 5 0.273 0.169 0.398 0.394
42.360 5 0.277 0.172 0.403 0.397
42.400 5 0.277 0.181 0.405 0.408
42.440 5 0.278 0.200 0.405 0.425
42.480 5 0.280 0.203 0.408 0.433
42.520 5 0.284 0.197 0.412 0.428
42.560 5 0.287 0.189 0.416 0.422
42.600 5 0.291 0.181 0.420 0.414
42.640 5 0.295 0.178 0.423 0.408
42.680 5 0.300 0.169 0.431 0.403
42.720 5 0.292 0.167 0.423 0.400
42.760 5 0.295 0.158 0.428 0.397
42.800 5 0.289 0.158 0.420 0.394
42.840 5 0.295 0.158 0.428 0.394
42.880 5 0.297 0.169 0.423 0.394
42.920 5 0.295 0.178 0.427 0.411
42.960 5 0.295 0.186 0.425 0.419
43.000 5 0.287 0.181 0.428 0.431
43.040 5 0.287 0.183 0.428 0.433
43.080 5 0.291 0.186 0.431 0.436
43.120 5 0.292 0.203 0.430 0.450
43.160 5 0.289 0.214 0.430 0.464
43.200 5 0.287 0.211 0.428 0.461
43.240 5 0.292 0.208 0.431 0.458
43.280 5 0.291 0.206 0.430 0.453
43.320 5 0.297 0.203 0.436 0.450
43.360 5 0.292 0.200 0.433 0.450
43.400 5 0.297 0.206 0.438 0.456
43.440 5 0.298 0.214 0.441 0.467
43.480 5 0.300 0.225 0.447 0.483
43.520 5 0.300 0.242 0.444 0.497
43.560 5 0.306 0.239 0.450 0.497
43.600 5 0.316 0.244 0.455 0.492
43.640 5 0.322 0.239 0.461 0.486
43.680 5 0.333 0.239 0.469 0.481
43.720 5 0.339 0.231 0.475 0.472
43.760 5 0.341 0.217 0.478 0.458
43.800 5 0.344 0.203 0.478 0.444
43.840 5 0.339 0.194 0.475 0.436
43.880 5 0.334 0.189 0.472 0.433
43.920 5 0.331 0.194 0.467 0.433
43.960 5 0.327 0.203 0.463 0.442
44.000 5 0.319 0.208 0.459 0.458
44.040 5 0.323 0.222 0.455 0.456
44.080 5 0.322 0.228 0.453 0.464
44.120 5 0.320 0.231 0.452 0.464
44.160 5 0.322 0.236 0.453 0.467
44.200 5 0.319 0.236 0.448 0.469
44.240 5 0.317 0.236 0.448 0.467
44.280 5 0.311 0.231 0.441 0.461
44.320 5 0.308 0.222 0.438 0.453
44.360 5 0.302 0.211 0.431 0.442
44.400 5 0.297 0.203 0.427 0.433
44.440 5 0.289 0.197 0.420 0.431
44.480 5 0.287 0.203 0.417 0.436
44.520 5 0.284 0.214 0.414 0.444
44.560 5 0.283 0.231 0.414 0.464
44.600 5 0.275 0.228 0.409 0.467
44.640 5 0.275 0.217 0.416 0.467
44.680 5 0.280 0.211 0.419 0.458
44.720 5 0.283 0.197 0.423 0.447
44.760 5 0.286 0.186 0.428 0.439
44.800 5 0.291 0.178 0.431 0.428
44.840 5 0.292 0.172 0.434 0.425
44.880 5 0.292 0.169 0.436 0.425
44.920 5 0.294 0.178 0.434 0.428
44.960 5 0.286 0.175 0.433 0.436
45.000 5 0.287 0.181 0.428 0.431
45.040 5 0.280 0.189 0.420 0.439
45.080 5 0.272 0.186 0.419 0.447
45.120 5 0.270 0.200 0.411 0.450
45.160 5 0.263 0.197 0.403 0.447
45.200 5 0.252 0.194 0.392 0.444
45.240 5 0.252 0.186 0.394 0.439
45.280 5 0.241 0.175 0.386 0.436
45.320 5 0.241 0.161 0.389 0.428
45.360 5 0.230 0.153 0.380 0.419
45.400 5 0.219 0.144 0.373 0.419
45.440 5 0.208 0.144 0.366 0.425
45.480 5 0.192 0.156 0.350 0.433
45.520 5 0.177 0.158 0.333 0.436
40.920 6 0.280 0.253 0.336 0.350
40.960 6 0.283 0.250 0.339 0.350
41.000 6 0.283 0.250 0.339 0.350
41.040 6 0.280 0.250 0.336 0.350
41.080 6 0.280 0.256 0.336 0.356
41.120 6 0.277 0.258 0.334 0.361
41.160 6 0.275 0.267 0.331 0.369
41.200 6 0.273 0.278 0.330 0.378
41.240 6 0.270 0.286 0.328 0.389
41.280 6 0.269 0.294 0.327 0.397
41.320 6 0.263 0.297 0.320 0.400
41.360 6 0.252 0.300 0.311 0.406
41.880 7 0.116 0.308 0.172 0.408
41.920 7 0.111 0.294 0.166 0.394
41.960 7 0.109 0.278 0.166 0.378
42.000 7 0.114 0.261 0.170 0.361
42.040 7 0.119 0.250 0.172 0.347
42.080 7 0.119 0.247 0.173 0.347
42.120 7 0.116 0.253 0.170 0.347
42.160 7 0.113 0.261 0.167 0.358
42.200 7 0.109 0.275 0.164 0.372
46.800 8 0.283 0.222 0.484 0.581
46.840 8 0.287 0.222 0.489 0.581
46.880 8 0.283 0.222 0.484 0.581
46.920 8 0.277 0.214 0.484 0.583
46.960 8 0.284 0.219 0.489 0.583
47.000 8 0.281 0.222 0.483 0.581
47.040 8 0.294 0.244 0.480 0.572
47.080 8 0.298 0.247 0.483 0.575
47.120 8 0.294 0.247 0.477 0.575
47.160 8 0.294 0.250 0.477 0.575
47.200 8 0.297 0.250 0.480 0.575
47.240 8 0.291 0.247 0.475 0.572
47.280 8 0.291 0.242 0.477 0.572
47.320 8 0.280 0.239 0.467 0.572
47.360 8 0.278 0.239 0.466 0.569
47.400 8 0.273 0.236 0.459 0.567
47.440 8 0.272 0.236 0.456 0.564
47.480 8 0.266 0.236 0.450 0.561
47.520 8 0.266 0.233 0.450 0.561
47.560 8 0.259 0.231 0.445 0.561
47.600 8 0.263 0.231 0.447 0.561
47.640 8 0.256 0.228 0.442 0.558
47.680 8 0.263 0.231 0.447 0.558
47.720 8 0.252 0.225 0.442 0.561
47.760 8 0.259 0.228 0.448 0.564
47.800 8 0.256 0.228 0.442 0.561
47.840 8 0.261 0.231 0.445 0.558
47.880 8 0.256 0.231 0.442 0.558
47.920 8 0.256 0.231 0.441 0.558
47.960 8 0.256 0.231 0.441 0.558
48.000 8 0.270 0.250 0.439 0.550
48.040 8 0.264 0.250 0.450 0.581
48.080 8 0.263 0.250 0.448 0.581
48.120 8 0.263 0.250 0.448 0.581
48.160 8 0.263 0.250 0.448 0.581
48.200 8 0.261 0.247 0.450 0.583
48.240 8 0.264 0.253 0.450 0.583
48.280 8 0.266 0.253 0.450 0.583
48.320 8 0.263 0.253 0.448 0.583
48.360 8 0.266 0.253 0.450 0.583
48.400 8 0.264 0.253 0.452 0.583
48.440 8 0.266 0.256 0.450 0.583
48.480 8 0.266 0.253 0.452 0.583
48.520 8 0.269 0.253 0.453 0.581
48.560 8 0.270 0.256 0.455 0.583
48.600 8 0.272 0.256 0.456 0.583
48.640 8 0.273 0.256 0.458 0.583
48.680 8 0.275 0.256 0.461 0.586
48.720 8 0.277 0.258 0.463 0.586
48.760 8 0.277 0.258 0.463 0.586
48.800 8 0.281 0.258 0.466 0.589
48.840 8 0.283 0.258 0.467 0.586
48.880 8 0.281 0.258 0.466 0.586
48.920 8 0.284 0.258 0.470 0.589
48.960 8 0.284 0.258 0.472 0.589
49.000 8 0.281 0.261 0.483 0.619
49.040 8 0.273 0.250 0.472 0.603
49.080 8 0.278 0.250 0.480 0.606
49.120 8 0.284 0.250 0.484 0.606
49.160 8 0.292 0.250 0.491 0.606
49.200 8 0.298 0.250 0.498 0.606
49.240 8 0.305 0.247 0.505 0.603
49.280 8 0.309 0.244 0.512 0.606
49.320 8 0.316 0.244 0.519 0.606
49.360 8 0.323 0.244 0.525 0.600
49.400 8 0.331 0.242 0.531 0.597
49.440 8 0.339 0.239 0.541 0.597
49.480 8 0.331 0.228 0.523 0.567
49.520 8 0.341 0.228 0.536 0.575
49.560 8 0.333 0.222 0.527 0.567
49.600 8 0.342 0.222 0.539 0.575
49.640 8 0.334 0.219 0.536 0.578
49.680 8 0.336 0.219 0.536 0.578
49.720 8 0.342 0.225 0.539 0.575
49.760 8 0.334 0.222 0.536 0.578
49.800 8 0.338 0.222 0.541 0.583
49.840 8 0.331 0.222 0.534 0.583
49.880 8 0.334 0.222 0.539 0.586
49.920 8 0.328 0.222 0.531 0.583
49.960 8 0.327 0.222 0.528 0.583
50.000 8 0.325 0.222 0.527 0.581
50.040 8 0.328 0.208 0.530 0.567
50.080 8 0.327 0.208 0.527 0.564
50.120 8 0.327 0.208 0.527 0.564
50.160 8 0.322 0.211 0.519 0.561
50.200 8 0.323 0.211 0.522 0.564
50.240 8 0.316 0.208 0.516 0.564
50.280 8 0.316 0.208 0.517 0.567
50.320 8 0.314 0.206 0.516 0.567
50.360 8 0.314 0.206 0.517 0.567
50.400 8 0.311 0.206 0.512 0.564
50.440 8 0.309 0.206 0.511 0.564
50.480 8 0.309 0.206 0.509 0.561
50.520 8 0.308 0.206 0.509 0.561
50.560 8 0.308 0.203 0.509 0.561
50.600 8 0.306 0.203 0.508 0.561
50.640 8 0.308 0.203 0.509 0.561
50.680 8 0.308 0.197 0.511 0.561
50.720 8 0.309 0.197 0.512 0.558
50.760 8 0.309 0.197 0.512 0.558
50.800 8 0.311 0.197 0.514 0.556
50.840 8 0.312 0.194 0.516 0.556
50.880 8 0.314 0.194 0.517 0.556
50.920 8 0.317 0.197 0.519 0.553
50.960 8 0.319 0.194 0.520 0.556
51.000 8 0.325 0.183 0.527 0.542
51.040 8 0.325 0.186 0.528 0.544
51.080 8 0.327 0.186 0.530 0.544
51.120 8 0.330 0.186 0.531 0.544
51.160 8 0.331 0.186 0.533 0.544
51.200 8 0.334 0.189 0.534 0.544
51.240 8 0.333 0.189 0.531 0.542
51.280 8 0.334 0.189 0.536 0.547
51.320 8 0.334 0.189 0.531 0.542
51.360 8 0.339 0.189 0.537 0.544
51.400 8 0.334 0.186 0.531 0.536
51.440 8 0.338 0.186 0.534 0.539
51.480 8 0.334 0.181 0.534 0.539
51.520 8 0.333 0.178 0.534 0.539
51.560 8 0.334 0.178 0.536 0.539
51.600 8 0.331 0.178 0.533 0.539
51.640 8 0.330 0.178 0.533 0.539
51.680 8 0.330 0.178 0.533 0.539
51.720 8 0.327 0.178 0.528 0.539
51.760 8 0.328 0.175 0.531 0.539
51.800 8 0.328 0.175 0.534 0.542
51.840 8 0.320 0.175 0.527 0.539
51.880 8 0.328 0.178 0.530 0.536
51.920 8 0.327 0.183 0.525 0.536
51.960 8 0.328 0.183 0.527 0.536
52.000 8 0.325 0.183 0.527 0.542
52.040 8 0.319 0.192 0.522 0.553
52.080 8 0.319 0.192 0.522 0.553
52.120 8 0.319 0.189 0.520 0.550
52.160 8 0.317 0.189 0.520 0.550
52.200 8 0.316 0.183 0.520 0.547
52.240 8 0.320 0.186 0.523 0.550
52.280 8 0.316 0.189 0.517 0.547
52.320 8 0.323 0.192 0.523 0.547
52.360 8 0.314 0.186 0.520 0.553
52.400 8 0.316 0.192 0.520 0.553
52.440 8 0.317 0.194 0.520 0.556
52.480 8 0.317 0.197 0.520 0.558
52.520 8 0.320 0.200 0.522 0.558
52.560 8 0.317 0.200 0.519 0.561
52.600 8 0.322 0.203 0.523 0.561
52.640 8 0.319 0.203 0.522 0.564
52.680 8 0.323 0.206 0.525 0.564
52.720 8 0.322 0.208 0.523 0.567
52.760 8 0.327 0.211 0.528 0.569
52.800 8 0.325 0.214 0.525 0.569
52.840 8 0.330 0.211 0.533 0.572
52.880 8 0.327 0.211 0.531 0.575
52.920 8 0.334 0.214 0.536 0.569
52.960 8 0.325 0.214 0.527 0.569
53.000 8 0.325 0.222 0.527 0.581
53.040 8 0.331 0.222 0.527 0.572
53.080 8 0.338 0.222 0.534 0.572
53.120 8 0.328 0.217 0.531 0.575
53.160 8 0.331 0.222 0.530 0.578
53.200 8 0.333 0.222 0.533 0.578
53.240 8 0.330 0.222 0.531 0.578
53.280 8 0.333 0.222 0.533 0.581
53.320 8 0.330 0.222 0.530 0.581
53.360 8 0.330 0.222 0.530 0.581
53.400 8 0.330 0.222 0.530 0.581
53.440 8 0.328 0.225 0.528 0.578
53.480 8 0.328 0.225 0.528 0.581
53.520 8 0.328 0.225 0.527 0.578
53.560 8 0.327 0.225 0.527 0.581
53.600 8 0.327 0.225 0.525 0.581
53.640 8 0.325 0.225 0.525 0.581
53.680 8 0.325 0.225 0.523 0.581
53.720 8 0.325 0.228 0.523 0.581
53.760 8 0.325 0.228 0.522 0.578
53.800 8 0.323 0.228 0.523 0.581
53.840 8 0.323 0.228 0.522 0.583
53.880 8 0.322 0.228 0.523 0.583
53.920 8 0.322 0.228 0.523 0.586
53.960 8 0.320 0.225 0.523 0.586
54.000 8 0.325 0.222 0.527 0.581
54.040 8 0.327 0.206 0.534 0.575
54.080 8 0.323 0.206 0.533 0.575
54.120 8 0.322 0.203 0.533 0.575
54.160 8 0.320 0.200 0.531 0.575
54.200 8 0.317 0.197 0.528 0.572
54.240 8 0.320 0.194 0.531 0.569
54.280 8 0.317 0.194 0.527 0.567
54.320 8 0.320 0.194 0.528 0.564
54.360 8 0.322 0.194 0.528 0.561
54.400 8 0.323 0.194 0.528 0.558
54.440 8 0.325 0.192 0.530 0.556
54.480 8 0.327 0.192 0.531 0.556
54.520 8 0.327 0.192 0.531 0.556
54.560 8 0.328 0.192 0.531 0.553
54.600 8 0.328 0.192 0.531 0.553
54.640 8 0.328 0.192 0.531 0.553
54.680 8 0.327 0.192 0.530 0.553
54.720 8 0.325 0.189 0.530 0.553
54.760 8 0.322 0.186 0.528 0.550
54.800 8 0.325 0.189 0.530 0.550
54.840 8 0.322 0.189 0.525 0.550
54.880 8 0.323 0.186 0.528 0.550
54.920 8 0.319 0.189 0.520 0.550
54.960 8 0.322 0.189 0.527 0.553
55.000 8 0.325 0.183 0.527 0.542
55.040 8 0.317 0.194 0.523 0.564
55.080 8 0.317 0.200 0.520 0.561
55.120 8 0.317 0.200 0.522 0.561
55.160 8 0.309 0.194 0.517 0.564
55.200 8 0.314 0.200 0.519 0.564
55.240 8 0.309 0.200 0.514 0.561
55.280 8 0.306 0.194 0.516 0.567
55.320 8 0.306 0.200 0.511 0.561
55.360 8 0.305 0.200 0.509 0.561
55.400 8 0.303 0.197 0.508 0.561
55.440 8 0.303 0.197 0.506 0.561
55.480 8 0.302 0.197 0.505 0.558
55.520 8 0.302 0.197 0.503 0.556
55.560 8 0.302 0.197 0.502 0.556
55.600 8 0.300 0.197 0.502 0.556
55.640 8 0.297 0.194 0.498 0.553
55.680 8 0.302 0.194 0.503 0.553
55.720 8 0.297 0.192 0.500 0.553
55.760 8 0.298 0.194 0.502 0.556
55.800 8 0.300 0.197 0.502 0.556
55.840 8 0.300 0.197 0.505 0.558
55.880 8 0.302 0.197 0.505 0.561
55.920 8 0.303 0.200 0.508 0.561
55.960 8 0.305 0.203 0.508 0.564
56.000 8 0.303 0.222 0.505 0.581
56.040 8 0.308 0.219 0.511 0.581
56.080 8 0.309 0.222 0.511 0.581
56.120 8 0.309 0.222 0.512 0.581
56.160 8 0.312 0.228 0.512 0.583
56.200 8 0.308 0.225 0.509 0.583
56.240 8 0.311 0.225 0.512 0.583
56.280 8 0.309 0.225 0.509 0.583
56.320 8 0.314 0.225 0.516 0.583
56.360 8 0.311 0.225 0.511 0.581
56.400 8 0.317 0.222 0.517 0.581
56.440 8 0.312 0.222 0.516 0.581
56.480 8 0.319 0.222 0.522 0.581
56.520 8 0.319 0.219 0.522 0.581
56.560 8 0.320 0.222 0.522 0.581
56.600 8 0.320 0.222 0.523 0.583
56.640 8 0.322 0.225 0.525 0.586
56.680 8 0.323 0.225 0.527 0.586
56.720 8 0.327 0.231 0.527 0.586
56.760 8 0.331 0.242 0.525 0.583
56.800 8 0.325 0.233 0.525 0.589
56.840 8 0.328 0.233 0.527 0.586
56.880 8 0.327 0.233 0.527 0.589
56.920 8 0.323 0.231 0.525 0.589
56.960 8 0.322 0.228 0.523 0.586
57.000 8 0.325 0.222 0.527 0.581
57.040 8 0.320 0.208 0.522 0.567
57.080 8 0.323 0.211 0.525 0.567
57.120 8 0.327 0.214 0.525 0.567
57.160 8 0.322 0.208 0.525 0.567
57.200 8 0.323 0.211 0.525 0.569
57.240 8 0.327 0.214 0.527 0.569
57.280 8 0.323 0.214 0.525 0.569
57.320 8 0.327 0.214 0.523 0.567
57.360 8 0.327 0.214 0.525 0.567
57.400 8 0.327 0.214 0.523 0.564
57.440 8 0.327 0.208 0.527 0.564
57.480 8 0.328 0.214 0.523 0.561
57.520 8 0.328 0.211 0.525 0.558
57.560 8 0.331 0.211 0.523 0.556
57.600 8 0.331 0.208 0.527 0.556
57.640 8 0.331 0.206 0.527 0.553
57.680 8 0.330 0.203 0.528 0.556
57.720 8 0.330 0.200 0.528 0.553
57.760 8 0.330 0.200 0.528 0.553
57.800 8 0.330 0.197 0.528 0.550
57.840 8 0.330 0.197 0.528 0.550
57.880 8 0.330 0.197 0.528 0.550
57.920 8 0.328 0.197 0.528 0.550
57.960 8 0.328 0.194 0.528 0.553
58.000 8 0.325 0.183 0.527 0.542
58.040 8 0.325 0.181 0.527 0.536
58.080 8 0.330 0.181 0.531 0.536
58.120 8 0.325 0.178 0.525 0.533
58.160 8 0.330 0.178 0.533 0.539
58.200 8 0.327 0.183 0.520 0.531
58.240 8 0.330 0.178 0.531 0.539
58.280 8 0.323 0.181 0.520 0.533
58.320 8 0.327 0.183 0.525 0.533
58.360 8 0.323 0.183 0.520 0.533
58.400 8 0.325 0.183 0.523 0.536
58.440 8 0.319 0.175 0.523 0.539
58.480 8 0.325 0.178 0.528 0.542
58.520 8 0.317 0.178 0.519 0.539
58.560 8 0.327 0.181 0.527 0.536
58.600 8 0.323 0.186 0.519 0.533
58.640 8 0.320 0.178 0.528 0.547
58.680 8 0.319 0.181 0.522 0.542
58.720 8 0.325 0.183 0.527 0.542
58.760 8 0.323 0.186 0.523 0.542
58.800 8 0.320 0.181 0.530 0.553
58.840 8 0.320 0.186 0.522 0.544
58.880 8 0.325 0.189 0.527 0.544
58.920 8 0.323 0.189 0.523 0.544
58.960 8 0.323 0.189 0.523 0.544
59.000 8 0.325 0.183 0.527 0.542
59.040 8 0.319 0.186 0.519 0.542
59.080 8 0.322 0.183 0.523 0.544
59.120 8 0.317 0.186 0.517 0.542
59.160 8 0.320 0.186 0.522 0.542
59.200 8 0.316 0.186 0.516 0.542
59.240 8 0.319 0.186 0.520 0.544
59.280 8 0.314 0.181 0.519 0.544
59.320 8 0.317 0.181 0.520 0.544
59.360 8 0.316 0.183 0.517 0.542
59.400 8 0.319 0.183 0.522 0.544
59.440 8 0.320 0.183 0.523 0.544
59.480 8 0.317 0.183 0.520 0.544
59.520 8 0.320 0.181 0.523 0.544
59.560 8 0.319 0.183 0.522 0.544
59.600 8 0.322 0.183 0.525 0.544
59.640 8 0.320 0.183 0.523 0.544
59.680 8 0.323 0.183 0.527 0.544
59.720 8 0.323 0.186 0.525 0.542
59.760 8 0.327 0.186 0.528 0.544
59.800 8 0.328 0.186 0.528 0.542
59.840 8 0.328 0.183 0.530 0.542
59.880 8 0.330 0.186 0.530 0.542
59.920 8 0.330 0.183 0.531 0.542
59.960 8 0.330 0.183 0.530 0.542
60.000 8 0.325 0.183 0.527 0.542
60.040 8 0.330 0.186 0.534 0.550
60.080 8 0.327 0.186 0.530 0.547
60.120 8 0.331 0.186 0.536 0.547
60.160 8 0.325 0.183 0.530 0.547
60.200 8 0.334 0.186 0.537 0.547
60.240 8 0.328 0.181 0.533 0.547
60.280 8 0.334 0.183 0.537 0.547
60.320 8 0.328 0.183 0.534 0.547
60.360 8 0.336 0.186 0.539 0.547
60.400 8 0.334 0.183 0.537 0.544
60.440 8 0.333 0.186 0.536 0.544
60.480 8 0.341 0.186 0.542 0.544
60.520 8 0.336 0.183 0.541 0.547
60.560 8 0.342 0.183 0.545 0.544
60.600 8 0.333 0.181 0.539 0.547
60.640 8 0.341 0.183 0.545 0.547
60.680 8 0.333 0.183 0.537 0.547
60.720 8 0.334 0.183 0.539 0.547
60.760 8 0.328 0.183 0.531 0.544
60.800 8 0.330 0.183 0.534 0.544
60.840 8 0.323 0.181 0.527 0.544
60.880 8 0.327 0.181 0.530 0.542
60.920 8 0.322 0.181 0.523 0.542
60.960 8 0.323 0.181 0.527 0.539
61.000 8 0.325 0.183 0.527 0.542
61.040 8 0.328 0.208 0.516 0.542
61.080 8 0.327 0.208 0.516 0.542
61.120 8 0.327 0.208 0.514 0.542
61.160 8 0.327 0.206 0.519 0.547
61.200 8 0.322 0.206 0.512 0.544
61.240 8 0.327 0.208 0.516 0.544
61.280 8 0.322 0.208 0.512 0.544
61.320 8 0.327 0.211 0.514 0.544
61.360 8 0.320 0.211 0.508 0.544
61.400 8 0.322 0.211 0.511 0.547
61.440 8 0.316 0.211 0.505 0.547
61.480 8 0.317 0.214 0.506 0.550
61.520 8 0.312 0.214 0.500 0.547
61.560 8 0.314 0.217 0.502 0.550
61.600 8 0.312 0.217 0.498 0.547
61.640 8 0.309 0.217 0.495 0.547
61.680 8 0.312 0.217 0.498 0.547
61.720 8 0.308 0.217 0.494 0.547
61.760 8 0.311 0.219 0.495 0.547
61.800 8 0.312 0.219 0.497 0.547
61.840 8 0.312 0.219 0.498 0.550
61.880 8 0.314 0.219 0.500 0.550
61.920 8 0.317 0.222 0.502 0.550
61.960 8 0.319 0.222 0.505 0.550
62.000 8 0.327 0.250 0.495 0.550
62.040 8 0.330 0.250 0.498 0.550
68.520 9 0.964 0.281 1.017 0.372
68.560 9 0.961 0.283 1.012 0.375
68.600 9 0.956 0.286 1.009 0.378
68.640 9 0.952 0.289 1.005 0.383
68.680 9 0.948 0.292 1.002 0.386
68.720 9 0.947 0.289 0.998 0.383
68.760 9 0.941 0.283 0.994 0.378
68.800 9 0.938 0.278 0.991 0.375
68.840 9 0.931 0.275 0.986 0.369
68.880 9 0.925 0.267 0.980 0.367
68.920 9 0.919 0.264 0.975 0.364
68.960 9 0.912 0.258 0.970 0.361
69.000 9 0.908 0.261 0.964 0.361
69.040 9 0.903 0.267 0.958 0.364
69.080 9 0.898 0.267 0.952 0.364
69.120 9 0.887 0.272 0.942 0.369
69.160 9 0.878 0.278 0.931 0.372
69.200 9 0.869 0.281 0.920 0.375
69.240 9 0.859 0.283 0.911 0.375
69.280 9 0.848 0.281 0.900 0.372
69.320 9 0.838 0.275 0.889 0.367
69.360 9 0.828 0.272 0.880 0.364
69.400 9 0.820 0.264 0.872 0.356
69.480 9 0.795 0.233 0.878 0.378
69.520 9 0.789 0.231 0.872 0.375
69.560 9 0.784 0.228 0.867 0.372
69.600 9 0.778 0.231 0.861 0.378
69.640 9 0.773 0.236 0.856 0.383
69.680 9 0.769 0.244 0.852 0.392
69.720 9 0.766 0.250 0.848 0.394
69.760 9 0.764 0.258 0.845 0.403
69.800 9 0.761 0.258 0.842 0.403
69.840 9 0.755 0.256 0.836 0.397
69.880 9 0.756 0.250 0.836 0.392
69.920 9 0.750 0.244 0.830 0.386
69.960 9 0.745 0.236 0.827 0.381
70.000 9 0.742 0.231 0.823 0.375
70.040 9 0.739 0.225 0.822 0.372
70.080 9 0.733 0.225 0.817 0.375
70.120 9 0.731 0.225 0.816 0.375
70.160 9 0.727 0.231 0.812 0.383
70.200 9 0.723 0.236 0.811 0.392
70.240 9 0.719 0.244 0.806 0.403
70.280 9 0.711 0.253 0.800 0.411
70.320 9 0.703 0.256 0.794 0.419
70.360 9 0.695 0.253 0.787 0.419
70.400 9 0.686 0.247 0.778 0.414
70.440 9 0.686 0.242 0.780 0.408
70.480 9 0.680 0.233 0.775 0.400
70.520 9 0.681 0.225 0.775 0.394
70.560 9 0.677 0.219 0.772 0.386
70.600 9 0.678 0.214 0.773 0.383
70.640 9 0.670 0.217 0.766 0.386
70.680 9 0.666 0.219 0.762 0.392
70.720 9 0.662 0.231 0.761 0.403
70.760 9 0.658 0.239 0.755 0.414
76.880 10 0.230 0.172 0.470 0.597
76.920 10 0.241 0.186 0.469 0.586
76.960 10 0.225 0.178 0.461 0.592
77.000 10 0.230 0.172 0.472 0.600
77.040 10 0.227 0.164 0.477 0.606
77.080 10 0.228 0.167 0.473 0.603
77.120 10 0.231 0.167 0.478 0.603
77.160 10 0.227 0.167 0.473 0.603
77.200 10 0.233 0.169 0.480 0.603
77.240 10 0.230 0.175 0.472 0.600
77.280 10 0.239 0.175 0.478 0.600
77.320 10 0.233 0.178 0.470 0.597
77.360 10 0.233 0.172 0.480 0.608
77.400 10 0.230 0.172 0.475 0.608
77.440 10 0.231 0.172 0.478 0.608
77.480 10 0.228 0.172 0.477 0.611
77.520 10 0.230 0.175 0.473 0.606
77.560 10 0.225 0.172 0.473 0.611
77.600 10 0.223 0.169 0.475 0.614
77.640 10 0.212 0.164 0.467 0.617
77.680 10 0.214 0.161 0.472 0.617
77.720 10 0.202 0.161 0.459 0.614
77.760 10 0.202 0.153 0.463 0.617
77.800 10 0.192 0.156 0.452 0.614
77.840 10 0.205 0.164 0.456 0.608
77.880 10 0.203 0.167 0.452 0.606
77.920 10 0.206 0.169 0.455 0.606
77.960 10 0.217 0.178 0.455 0.597
78.000 10 0.203 0.172 0.445 0.600
78.040 10 0.203 0.172 0.450 0.611
78.080 10 0.208 0.181 0.445 0.600
78.120 10 0.212 0.175 0.455 0.606
78.160 10 0.197 0.164 0.450 0.611
78.200 10 0.206 0.178 0.447 0.606
78.240 10 0.211 0.178 0.453 0.606
78.280 10 0.197 0.169 0.447 0.611
78.320 10 0.205 0.181 0.447 0.608
78.360 10 0.195 0.178 0.444 0.619
78.400 10 0.203 0.189 0.444 0.617
78.440 10 0.200 0.192 0.442 0.622
78.480 10 0.202 0.200 0.441 0.625
78.520 10 0.200 0.203 0.441 0.628
78.560 10 0.198 0.206 0.441 0.636
78.600 10 0.198 0.211 0.442 0.642
78.640 10 0.189 0.203 0.442 0.653
78.680 10 0.197 0.211 0.444 0.647
78.720 10 0.195 0.211 0.442 0.647
78.760 10 0.194 0.206 0.444 0.650
78.800 10 0.198 0.208 0.448 0.650
78.840 10 0.197 0.211 0.442 0.644
78.880 10 0.189 0.206 0.438 0.647
78.920 10 0.205 0.214 0.447 0.644
78.960 10 0.197 0.217 0.434 0.636
79.000 10 0.203 0.219 0.445 0.650
79.040 10 0.203 0.219 0.445 0.650
79.080 10 0.203 0.219 0.444 0.650
79.120 10 0.203 0.222 0.444 0.647
79.160 10 0.203 0.222 0.444 0.647
79.200 10 0.203 0.222 0.444 0.647
79.240 10 0.216 0.231 0.445 0.639
79.280 10 0.206 0.222 0.445 0.644
79.320 10 0.205 0.217 0.447 0.647
79.360 10 0.214 0.222 0.450 0.642
81.040 11 0.230 0.089 0.578 0.711
81.080 11 0.211 0.106 0.558 0.722
81.120 11 0.200 0.111 0.547 0.728
81.160 11 0.188 0.111 0.536 0.731
81.200 11 0.181 0.108 0.531 0.731
81.240 11 0.194 0.111 0.544 0.733
81.280 11 0.197 0.117 0.542 0.731
81.320 11 0.212 0.108 0.566 0.736
81.360 11 0.223 0.119 0.564 0.725
81.400 11 0.241 0.122 0.586 0.736
81.440 11 0.258 0.114 0.606 0.733
81.480 11 0.266 0.117 0.609 0.731
81.520 11 0.294 0.125 0.636 0.733
81.560 11 0.306 0.122 0.645 0.722
81.600 11 0.320 0.119 0.655 0.711
81.640 11 0.339 0.125 0.673 0.719
81.680 11 0.355 0.128 0.694 0.731
81.720 11 0.370 0.114 0.717 0.731
81.760 11 0.384 0.128 0.717 0.717
81.800 11 0.403 0.128 0.736 0.719
81.840 11 0.417 0.125 0.758 0.731
81.880 11 0.434 0.114 0.781 0.728
81.920 11 0.452 0.142 0.777 0.722
81.960 11 0.470 0.122 0.812 0.728
82.000 11 0.486 0.108 0.834 0.728
82.040 11 0.502 0.094 0.858 0.728
82.080 11 0.517 0.086 0.881 0.731
82.120 11 0.536 0.089 0.903 0.739
82.160 11 0.556 0.094 0.923 0.747
82.200 11 0.569 0.081 0.934 0.733
82.240 11 0.586 0.083 0.958 0.744
82.280 11 0.597 0.067 0.972 0.733
82.320 11 0.609 0.072 0.986 0.742
82.360 11 0.623 0.039 1.012 0.731
82.400 11 0.644 0.044 1.036 0.739
82.440 11 0.678 0.044 1.062 0.728
90.400 12 0.237 0.222 0.453 0.606
90.440 12 0.244 0.222 0.456 0.600
90.480 12 0.239 0.217 0.453 0.600
90.520 12 0.244 0.217 0.458 0.597
90.560 12 0.244 0.214 0.458 0.594
90.600 12 0.242 0.211 0.458 0.594
90.640 12 0.242 0.211 0.455 0.589
90.680 12 0.237 0.208 0.450 0.586
90.720 12 0.245 0.208 0.458 0.583
90.760 12 0.236 0.208 0.447 0.581
90.800 12 0.245 0.214 0.450 0.578
90.840 12 0.241 0.214 0.444 0.575
90.880 12 0.242 0.214 0.448 0.581
90.920 12 0.236 0.219 0.439 0.581
90.960 12 0.241 0.219 0.444 0.581
91.000 12 0.236 0.222 0.438 0.581
91.040 12 0.236 0.208 0.442 0.578
91.080 12 0.239 0.208 0.447 0.578
91.120 12 0.233 0.211 0.438 0.575
91.160 12 0.234 0.214 0.439 0.578
91.200 12 0.227 0.214 0.433 0.578
91.240 12 0.230 0.217 0.434 0.581
91.280 12 0.222 0.214 0.428 0.581
91.320 12 0.227 0.219 0.430 0.581
91.360 12 0.225 0.217 0.428 0.578
91.400 12 0.223 0.217 0.425 0.575
91.440 12 0.230 0.225 0.425 0.569
91.480 12 0.223 0.225 0.419 0.572
91.520 12 0.223 0.222 0.419 0.572
91.560 12 0.222 0.222 0.419 0.572
91.600 12 0.222 0.222 0.419 0.572
91.640 12 0.220 0.222 0.419 0.572
91.680 12 0.225 0.222 0.423 0.575
91.720 12 0.228 0.222 0.427 0.575
91.760 12 0.230 0.222 0.428 0.578
91.800 12 0.230 0.225 0.430 0.581
91.840 12 0.230 0.225 0.430 0.581
91.880 12 0.231 0.228 0.430 0.581
91.920 12 0.231 0.228 0.430 0.583
91.960 12 0.231 0.231 0.431 0.586
92.000 12 0.236 0.222 0.438 0.581
92.040 12 0.234 0.231 0.428 0.575
92.080 12 0.234 0.225 0.436 0.581
92.120 12 0.231 0.231 0.425 0.575
92.160 12 0.233 0.228 0.431 0.581
92.200 12 0.227 0.231 0.425 0.581
92.240 12 0.228 0.228 0.431 0.589
92.280 12 0.225 0.233 0.423 0.583
92.320 12 0.228 0.231 0.430 0.589
92.360 12 0.223 0.236 0.423 0.589
92.400 12 0.227 0.239 0.427 0.592
92.440 12 0.220 0.239 0.422 0.597
92.480 12 0.225 0.242 0.425 0.597
92.520 12 0.219 0.244 0.420 0.600
92.560 12 0.223 0.247 0.422 0.600
92.600 12 0.219 0.247 0.419 0.603
92.640 12 0.222 0.247 0.422 0.603
92.680 12 0.217 0.247 0.419 0.603
92.720 12 0.222 0.247 0.422 0.603
92.760 12 0.225 0.244 0.427 0.606
92.800 12 0.222 0.247 0.422 0.603
101.600 13 0.423 0.206 0.480 0.306
101.640 13 0.425 0.200 0.481 0.300
101.680 13 0.427 0.192 0.484 0.294
101.720 13 0.428 0.189 0.484 0.292
101.760 13 0.427 0.189 0.484 0.289
101.800 13 0.428 0.189 0.484 0.289
101.840 13 0.427 0.194 0.483 0.294
101.880 13 0.427 0.200 0.484 0.303
101.920 13 0.428 0.211 0.484 0.311
101.960 13 0.427 0.214 0.483 0.314
102.000 13 0.427 0.217 0.483 0.317
102.040 13 0.428 0.217 0.484 0.317
102.080 13 0.428 0.214 0.486 0.314
102.120 13 0.430 0.208 0.486 0.308
102.160 13 0.430 0.200 0.486 0.300
102.200 13 0.431 0.192 0.487 0.292
102.240 13 0.433 0.189 0.489 0.289
102.280 13 0.431 0.189 0.487 0.289
102.320 13 0.433 0.194 0.489 0.292
102.880 13 0.412 0.175 0.481 0.294
102.920 13 0.406 0.178 0.475 0.297
102.960 13 0.398 0.172 0.467 0.292
103.000 13 0.392 0.167 0.461 0.286
103.320 13 0.383 0.161 0.450 0.278
103.360 13 0.383 0.164 0.448 0.281
103.400 13 0.383 0.167 0.447 0.283
103.440 13 0.381 0.167 0.447 0.283
103.480 13 0.381 0.161 0.448 0.278
103.520 13 0.378 0.153 0.445 0.272
103.560 13 0.377 0.144 0.442 0.264
103.600 13 0.369 0.139 0.436 0.258
103.640 13 0.362 0.136 0.430 0.258
103.680 13 0.353 0.139 0.422 0.258
103.720 13 0.347 0.144 0.414 0.267
103.760 13 0.339 0.156 0.406 0.275
103.800 13 0.331 0.161 0.398 0.281
103.840 13 0.322 0.167 0.389 0.286
103.880 13 0.316 0.167 0.383 0.286
103.920 13 0.311 0.164 0.378 0.283
103.960 13 0.303 0.158 0.372 0.278
104.000 13 0.303 0.153 0.370 0.272
104.040 13 0.303 0.147 0.370 0.267
104.080 13 0.302 0.139 0.369 0.258
104.120 13 0.303 0.136 0.370 0.256
104.160 13 0.300 0.136 0.367 0.258
104.200 13 0.300 0.142 0.367 0.261
104.240 13 0.300 0.153 0.366 0.269
104.280 13 0.298 0.158 0.366 0.275
104.320 13 0.300 0.164 0.366 0.281
104.360 13 0.300 0.169 0.364 0.283
104.400 13 0.303 0.167 0.369 0.281
104.440 13 0.303 0.167 0.367 0.281
104.480 13 0.302 0.164 0.366 0.278
104.520 13 0.298 0.164 0.362 0.278
104.560 13 0.295 0.167 0.361 0.281
104.600 13 0.295 0.172 0.361 0.289
104.640 13 0.294 0.183 0.359 0.300
104.680 13 0.295 0.197 0.361 0.314
104.720 13 0.295 0.217 0.361 0.333
104.760 13 0.297 0.233 0.362 0.350
104.800 13 0.298 0.247 0.364 0.364
104.840 13 0.298 0.258 0.366 0.378
104.880 13 0.305 0.264 0.370 0.381
104.920 14 0.441 0.078 0.534 0.247
104.960 14 0.423 0.083 0.520 0.253
105.000 14 0.405 0.086 0.502 0.258
105.040 14 0.395 0.103 0.484 0.261
105.080 14 0.381 0.108 0.470 0.267
105.120 14 0.364 0.117 0.453 0.275
105.160 14 0.352 0.122 0.442 0.281
105.200 14 0.341 0.125 0.430 0.283
105.240 14 0.330 0.131 0.417 0.286
105.280 14 0.317 0.133 0.406 0.289
105.320 14 0.308 0.133 0.397 0.292
105.360 14 0.298 0.133 0.388 0.292
105.400 14 0.292 0.136 0.381 0.294
105.440 14 0.287 0.139 0.377 0.297
105.480 14 0.284 0.144 0.373 0.303
105.520 14 0.281 0.150 0.370 0.306
105.560 14 0.281 0.150 0.369 0.306
105.600 14 0.278 0.147 0.366 0.303
105.640 14 0.278 0.144 0.366 0.300
105.680 14 0.278 0.144 0.364 0.300
105.720 14 0.277 0.144 0.364 0.300
105.760 14 0.275 0.147 0.364 0.303
105.800 14 0.275 0.147 0.364 0.306
105.840 14 0.278 0.147 0.366 0.303
105.880 14 0.277 0.144 0.364 0.303
105.920 14 0.278 0.142 0.366 0.300
105.960 14 0.277 0.142 0.364 0.297
106.000 14 0.283 0.153 0.364 0.297
106.040 14 0.283 0.153 0.364 0.297
106.080 14 0.283 0.153 0.364 0.297
106.120 14 0.281 0.153 0.362 0.297
106.160 14 0.284 0.153 0.369 0.303
106.200 14 0.281 0.150 0.362 0.297
106.240 14 0.284 0.153 0.367 0.297
106.280 14 0.280 0.150 0.362 0.297
106.320 14 0.284 0.153 0.367 0.300
106.360 14 0.281 0.150 0.366 0.300
106.400 14 0.283 0.153 0.364 0.297
106.440 14 0.286 0.153 0.366 0.297
106.480 14 0.283 0.156 0.362 0.297
106.520 14 0.284 0.156 0.366 0.300
106.560 14 0.284 0.156 0.364 0.297
106.600 14 0.284 0.156 0.364 0.297
106.640 14 0.284 0.156 0.364 0.297
106.680 14 0.284 0.156 0.364 0.297
106.720 14 0.286 0.156 0.367 0.297
106.760 14 0.283 0.153 0.364 0.297
104.960 15 0.241 0.064 0.384 0.319
105.000 15 0.209 0.069 0.350 0.319
105.040 15 0.175 0.064 0.319 0.319
105.080 15 0.139 0.061 0.281 0.317
105.120 15 0.100 0.047 0.247 0.306
105.160 15 0.066 0.036 0.208 0.289
105.200 15 0.036 0.036 0.177 0.286
105.240 15 -0.008 0.022 0.142 0.286
105.280 15 -0.039 0.025 0.111 0.292
106.800 16 0.322 0.106 0.389 0.222
106.840 16 0.320 0.106 0.388 0.222
106.880 16 0.320 0.103 0.388 0.219
106.920 16 0.319 0.100 0.388 0.219
106.960 16 0.317 0.100 0.386 0.219
107.000 16 0.317 0.100 0.386 0.219
107.040 16 0.317 0.097 0.388 0.219
107.080 16 0.317 0.103 0.386 0.222
107.120 16 0.319 0.103 0.388 0.222
107.160 16 0.317 0.103 0.386 0.222
107.200 16 0.319 0.103 0.388 0.222
107.240 16 0.317 0.100 0.386 0.219
107.280 16 0.319 0.100 0.388 0.219
107.320 16 0.317 0.097 0.386 0.219
107.360 16 0.316 0.100 0.386 0.219
107.400 16 0.317 0.100 0.386 0.219
107.440 16 0.317 0.100 0.384 0.217
107.480 16 0.316 0.100 0.384 0.219
107.520 16 0.316 0.097 0.384 0.219
107.560 16 0.316 0.097 0.384 0.217
107.600 16 0.314 0.097 0.384 0.217
107.640 16 0.316 0.097 0.384 0.219
107.680 16 0.314 0.097 0.384 0.219
107.720 16 0.316 0.100 0.384 0.219
107.760 16 0.316 0.100 0.384 0.219
107.800 16 0.316 0.097 0.386 0.219
107.840 16 0.316 0.097 0.386 0.219
107.880 16 0.314 0.097 0.384 0.219
107.920 16 0.316 0.097 0.384 0.219
107.960 16 0.314 0.100 0.383 0.219
108.000 16 0.317 0.100 0.386 0.219
108.040 16 0.317 0.100 0.386 0.219
108.080 16 0.317 0.100 0.386 0.219
108.120 16 0.317 0.100 0.386 0.219
108.160 16 0.317 0.097 0.386 0.219
108.200 16 0.317 0.097 0.386 0.217
108.240 16 0.314 0.097 0.384 0.217
108.280 16 0.319 0.097 0.388 0.219
108.320 16 0.316 0.097 0.386 0.222
108.360 16 0.317 0.100 0.389 0.222
108.400 16 0.317 0.100 0.388 0.219
108.440 16 0.319 0.097 0.389 0.219
108.480 16 0.319 0.097 0.388 0.219
108.520 16 0.317 0.097 0.386 0.219
108.560 16 0.319 0.097 0.388 0.219
108.600 16 0.319 0.100 0.388 0.219
108.640 16 0.319 0.103 0.388 0.219
108.680 16 0.319 0.103 0.388 0.222
108.720 16 0.320 0.103 0.389 0.222
108.760 16 0.320 0.103 0.388 0.219
108.800 16 0.320 0.103 0.391 0.222
108.840 16 0.317 0.100 0.388 0.222
108.880 16 0.319 0.103 0.388 0.222
108.920 16 0.320 0.103 0.388 0.222
108.960 16 0.320 0.106 0.388 0.222
109.000 16 0.320 0.108 0.388 0.225
109.040 16 0.320 0.114 0.388 0.228
106.800 17 0.714 0.550 0.770 0.650
106.840 17 0.714 0.550 0.770 0.650
106.880 17 0.714 0.550 0.772 0.653
106.920 17 0.714 0.550 0.769 0.647
106.960 17 0.716 0.550 0.772 0.650
107.000 17 0.714 0.550 0.770 0.650
107.040 17 0.716 0.550 0.770 0.647
107.080 17 0.714 0.550 0.769 0.647
107.120 17 0.716 0.550 0.770 0.647
107.160 17 0.716 0.550 0.772 0.650
107.200 17 0.714 0.550 0.770 0.650
107.240 17 0.716 0.553 0.772 0.650
107.280 17 0.714 0.550 0.770 0.647
107.320 17 0.716 0.550 0.770 0.650
107.360 17 0.716 0.550 0.770 0.650
107.400 17 0.714 0.550 0.770 0.647
107.440 17 0.716 0.553 0.769 0.647
107.480 17 0.716 0.550 0.772 0.650
107.520 17 0.716 0.550 0.770 0.647
107.560 17 0.714 0.553 0.769 0.647
107.600 17 0.716 0.550 0.770 0.647
107.640 17 0.714 0.550 0.770 0.650
107.680 17 0.714 0.550 0.770 0.650
107.720 17 0.714 0.550 0.770 0.650
107.760 17 0.714 0.550 0.769 0.650
107.800 17 0.716 0.553 0.769 0.647
107.840 17 0.714 0.553 0.769 0.647
107.880 17 0.714 0.550 0.769 0.650
107.920 17 0.714 0.553 0.769 0.647
107.960 17 0.714 0.550 0.769 0.647
108.000 17 0.714 0.550 0.770 0.650
108.040 17 0.716 0.550 0.772 0.650
108.080 17 0.713 0.550 0.769 0.650
108.120 17 0.716 0.550 0.772 0.650
108.160 17 0.713 0.550 0.770 0.650
108.200 17 0.714 0.550 0.770 0.650
108.240 17 0.714 0.550 0.770 0.650
108.280 17 0.714 0.550 0.770 0.650
108.320 17 0.713 0.550 0.770 0.650
108.360 17 0.714 0.550 0.770 0.650
108.400 17 0.713 0.550 0.769 0.650
108.440 17 0.714 0.550 0.770 0.650
108.480 17 0.713 0.550 0.770 0.650
108.520 17 0.714 0.550 0.770 0.650
108.560 17 0.713 0.550 0.769 0.650
108.600 17 0.716 0.550 0.770 0.650
108.640 17 0.713 0.550 0.769 0.650
108.680 17 0.714 0.553 0.770 0.650
108.720 17 0.713 0.550 0.769 0.650
108.760 17 0.714 0.553 0.769 0.650
108.800 17 0.714 0.550 0.770 0.650
108.840 17 0.714 0.550 0.770 0.650
108.880 17 0.713 0.550 0.769 0.650
108.920 17 0.714 0.553 0.770 0.650
108.960 17 0.714 0.550 0.770 0.650
109.000 17 0.714 0.550 0.770 0.650
109.040 17 0.714 0.553 0.770 0.653
109.080 17 0.714 0.553 0.770 0.653
109.120 17 0.714 0.553 0.769 0.650
109.160 17 0.714 0.553 0.770 0.653
109.200 17 0.713 0.553 0.769 0.653
109.240 17 0.714 0.553 0.770 0.653
109.280 17 0.713 0.553 0.769 0.653
109.320 17 0.714 0.553 0.770 0.653
109.360 17 0.713 0.553 0.769 0.653
109.400 17 0.713 0.553 0.769 0.653
109.440 17 0.711 0.553 0.767 0.653
109.480 17 0.713 0.556 0.767 0.653
109.520 17 0.711 0.553 0.767 0.656
109.560 17 0.713 0.556 0.767 0.653
109.600 17 0.709 0.556 0.766 0.656
109.640 17 0.711 0.556 0.767 0.656
109.680 17 0.709 0.556 0.766 0.656
109.720 17 0.709 0.556 0.767 0.658
109.760 17 0.709 0.556 0.764 0.656
109.800 17 0.711 0.556 0.766 0.656
109.840 17 0.708 0.558 0.764 0.658
109.880 17 0.709 0.558 0.766 0.658
109.920 17 0.709 0.558 0.764 0.658
109.960 17 0.708 0.558 0.764 0.658
110.000 17 0.708 0.561 0.764 0.661
110.040 17 0.708 0.561 0.764 0.661
110.080 17 0.708 0.561 0.764 0.661
110.120 17 0.706 0.564 0.762 0.661
110.160 17 0.708 0.561 0.764 0.661
110.200 17 0.708 0.561 0.764 0.661
110.240 17 0.706 0.564 0.761 0.661
110.280 17 0.708 0.561 0.762 0.661
110.320 17 0.708 0.561 0.762 0.661
110.360 17 0.706 0.564 0.761 0.661
110.400 17 0.706 0.564 0.762 0.661
110.440 17 0.706 0.564 0.762 0.661
107.640 18 0.150 0.297 0.206 0.397
107.680 18 0.144 0.300 0.200 0.400
107.720 18 0.139 0.303 0.194 0.403
107.760 18 0.131 0.308 0.188 0.408
107.800 18 0.127 0.311 0.183 0.411
107.840 18 0.122 0.311 0.178 0.414
107.880 18 0.116 0.311 0.173 0.411
107.920 18 0.111 0.308 0.167 0.408
107.960 18 0.106 0.300 0.163 0.400
108.000 18 0.102 0.294 0.158 0.394
108.040 18 0.095 0.286 0.152 0.386
108.080 18 0.089 0.281 0.145 0.381
108.120 18 0.084 0.278 0.142 0.378
108.160 18 0.078 0.275 0.136 0.378
108.200 18 0.073 0.272 0.131 0.375
108.240 18 0.067 0.278 0.125 0.381
108.280 18 0.061 0.281 0.119 0.383
108.320 18 0.055 0.286 0.113 0.389
108.360 18 0.047 0.292 0.105 0.394
108.400 18 0.039 0.297 0.097 0.400
108.440 18 0.030 0.300 0.087 0.403
108.480 18 0.020 0.300 0.080 0.406
108.520 18 0.013 0.297 0.070 0.400
108.560 18 0.005 0.292 0.062 0.394
108.600 18 -0.003 0.286 0.055 0.389
108.640 18 -0.009 0.278 0.048 0.381
108.680 18 -0.013 0.272 0.045 0.375
108.720 18 -0.016 0.267 0.042 0.372
108.760 18 -0.019 0.267 0.039 0.369
124.520 19 0.297 0.269 0.464 0.569
124.560 19 0.302 0.269 0.467 0.564
124.600 19 0.298 0.267 0.464 0.561
124.640 19 0.305 0.267 0.470 0.561
124.680 19 0.303 0.267 0.467 0.558
124.720 19 0.308 0.267 0.472 0.556
124.760 19 0.306 0.261 0.469 0.553
124.800 19 0.308 0.256 0.470 0.544
124.840 19 0.308 0.247 0.472 0.539
124.880 19 0.312 0.247 0.478 0.542
124.920 19 0.308 0.247 0.477 0.547
124.960 19 0.308 0.247 0.477 0.547
125.000 19 0.308 0.250 0.477 0.550
125.040 19 0.300 0.250 0.487 0.583
125.080 19 0.303 0.256 0.491 0.589
125.120 19 0.300 0.264 0.486 0.597
125.160 19 0.302 0.269 0.487 0.600
125.200 19 0.298 0.275 0.478 0.597
125.240 19 0.300 0.272 0.481 0.594
125.280 19 0.294 0.269 0.475 0.592
125.320 19 0.295 0.269 0.477 0.592
125.360 19 0.292 0.269 0.473 0.592
125.400 19 0.289 0.272 0.470 0.594
125.440 19 0.286 0.272 0.467 0.592
125.480 19 0.287 0.269 0.469 0.594
125.520 19 0.286 0.269 0.469 0.594
125.560 19 0.284 0.269 0.469 0.597
125.600 19 0.281 0.269 0.466 0.597
125.640 19 0.283 0.269 0.467 0.597
125.680 19 0.283 0.269 0.467 0.594
125.720 19 0.283 0.269 0.466 0.594
125.760 19 0.283 0.267 0.467 0.594
125.800 19 0.286 0.267 0.469 0.594
125.840 19 0.284 0.267 0.467 0.594
125.880 19 0.284 0.269 0.469 0.594
125.920 19 0.286 0.269 0.469 0.592
125.960 19 0.286 0.267 0.470 0.594
126.000 19 0.281 0.261 0.483 0.619
126.040 19 0.289 0.264 0.475 0.594
126.080 19 0.287 0.261 0.473 0.592
126.120 19 0.289 0.261 0.475 0.589
126.160 19 0.294 0.264 0.473 0.586
126.200 19 0.291 0.261 0.475 0.589
126.240 19 0.291 0.264 0.470 0.583
126.280 19 0.295 0.267 0.473 0.583
126.320 19 0.292 0.258 0.478 0.589
126.360 19 0.294 0.256 0.483 0.592
126.400 19 0.295 0.253 0.487 0.592
126.440 19 0.298 0.256 0.489 0.597
126.480 19 0.309 0.264 0.502 0.606
126.520 19 0.306 0.275 0.495 0.611
126.560 19 0.311 0.275 0.502 0.617
126.600 19 0.308 0.278 0.498 0.614
126.640 19 0.311 0.275 0.500 0.611
126.680 19 0.309 0.272 0.498 0.608
126.720 19 0.308 0.269 0.497 0.606
126.760 19 0.308 0.269 0.498 0.606
126.800 19 0.309 0.269 0.502 0.611
126.840 19 0.306 0.269 0.500 0.614
126.880 19 0.312 0.272 0.506 0.617
126.920 19 0.311 0.275 0.503 0.614
126.960 19 0.317 0.275 0.506 0.611
127.000 19 0.327 0.283 0.495 0.583
127.040 19 0.322 0.281 0.492 0.583
127.080 19 0.322 0.281 0.492 0.581
127.120 19 0.323 0.281 0.492 0.581
127.160 19 0.325 0.281 0.492 0.578
127.200 19 0.323 0.281 0.491 0.578
127.240 19 0.323 0.283 0.489 0.575
127.280 19 0.325 0.281 0.491 0.575
127.320 19 0.320 0.278 0.487 0.575
127.360 19 0.320 0.278 0.487 0.578
127.400 19 0.320 0.281 0.484 0.575
127.440 19 0.322 0.272 0.487 0.567
127.480 19 0.320 0.264 0.486 0.558
127.520 19 0.319 0.258 0.483 0.553
127.560 19 0.320 0.258 0.486 0.553
127.600 19 0.314 0.256 0.481 0.553
127.640 19 0.316 0.258 0.483 0.556
127.680 19 0.312 0.261 0.480 0.558
127.720 19 0.317 0.264 0.484 0.564
127.760 19 0.311 0.264 0.481 0.567
127.800 19 0.314 0.269 0.483 0.569
127.840 19 0.309 0.275 0.480 0.578
127.880 19 0.311 0.283 0.481 0.586
127.920 19 0.312 0.286 0.480 0.586
127.960 19 0.312 0.286 0.480 0.583
128.000 19 0.308 0.283 0.477 0.583
128.040 19 0.312 0.275 0.483 0.578
128.080 19 0.306 0.275 0.475 0.575
128.120 19 0.314 0.275 0.484 0.578
128.160 19 0.308 0.272 0.480 0.575
128.200 19 0.309 0.275 0.480 0.575
128.240 19 0.309 0.272 0.478 0.575
128.280 19 0.308 0.272 0.477 0.572
128.320 19 0.308 0.269 0.477 0.569
128.360 19 0.306 0.267 0.475 0.567
128.400 19 0.305 0.264 0.475 0.564
128.440 19 0.308 0.264 0.475 0.561
128.480 19 0.306 0.261 0.475 0.561
128.520 19 0.305 0.258 0.473 0.558
128.560 19 0.306 0.256 0.477 0.558
128.600 19 0.305 0.256 0.473 0.558
128.640 19 0.305 0.258 0.473 0.558
128.680 19 0.306 0.258 0.473 0.558
128.720 19 0.309 0.264 0.473 0.558
128.760 19 0.303 0.258 0.473 0.561
128.800 19 0.308 0.261 0.478 0.561
128.840 19 0.308 0.264 0.475 0.561
128.880 19 0.308 0.264 0.475 0.561
128.920 19 0.306 0.261 0.475 0.561
128.960 19 0.305 0.261 0.475 0.561
129.000 19 0.308 0.250 0.477 0.550
129.040 19 0.297 0.233 0.484 0.569
129.080 19 0.297 0.233 0.484 0.567
129.120 19 0.297 0.231 0.484 0.561
129.160 19 0.298 0.228 0.484 0.558
129.200 19 0.300 0.222 0.484 0.550
129.240 19 0.300 0.217 0.486 0.547
129.280 19 0.300 0.214 0.486 0.544
129.320 19 0.302 0.211 0.487 0.542
129.360 19 0.302 0.208 0.487 0.539
129.400 19 0.303 0.206 0.491 0.539
129.440 19 0.303 0.206 0.491 0.542
129.480 19 0.305 0.211 0.495 0.547
129.520 19 0.303 0.219 0.494 0.556
129.560 19 0.309 0.231 0.498 0.567
129.600 19 0.308 0.231 0.497 0.567
129.640 19 0.314 0.228 0.500 0.558
129.680 19 0.309 0.222 0.498 0.556
129.720 19 0.317 0.225 0.502 0.553
129.760 19 0.314 0.228 0.500 0.558
129.800 19 0.317 0.236 0.502 0.564
129.840 19 0.314 0.239 0.498 0.567
129.880 19 0.317 0.242 0.502 0.567
129.920 19 0.312 0.231 0.500 0.564
129.960 19 0.316 0.233 0.502 0.564
130.000 19 0.303 0.222 0.505 0.581
130.040 19 0.308 0.239 0.492 0.567
130.080 19 0.312 0.244 0.494 0.567
130.120 19 0.306 0.242 0.491 0.569
130.160 19 0.311 0.244 0.494 0.569
130.200 19 0.308 0.244 0.491 0.569
130.240 19 0.306 0.244 0.489 0.569
130.280 19 0.305 0.247 0.487 0.572
130.320 19 0.303 0.250 0.486 0.575
130.360 19 0.302 0.250 0.484 0.575
130.400 19 0.302 0.250 0.484 0.575
130.440 19 0.302 0.250 0.483 0.572
130.480 19 0.303 0.250 0.486 0.572
130.520 19 0.303 0.250 0.481 0.569
130.560 19 0.303 0.258 0.481 0.575
130.600 19 0.306 0.258 0.483 0.575
130.640 19 0.303 0.253 0.486 0.578
130.680 19 0.303 0.247 0.486 0.572
130.720 19 0.302 0.244 0.486 0.569
130.760 19 0.302 0.242 0.486 0.569
130.800 19 0.302 0.242 0.484 0.569
130.840 19 0.300 0.242 0.484 0.567
130.880 19 0.300 0.242 0.484 0.569
130.920 19 0.300 0.239 0.484 0.567
130.960 19 0.300 0.236 0.486 0.567
131.000 19 0.308 0.250 0.477 0.550
131.040 19 0.308 0.253 0.477 0.553
131.080 19 0.309 0.258 0.478 0.558
131.120 19 0.311 0.261 0.480 0.561
131.160 19 0.311 0.261 0.480 0.561
131.200 19 0.311 0.258 0.481 0.561
131.240 19 0.309 0.256 0.480 0.558
131.280 19 0.314 0.256 0.484 0.558
131.320 19 0.308 0.253 0.478 0.556
131.360 19 0.314 0.253 0.486 0.558
131.400 19 0.309 0.250 0.481 0.556
131.440 19 0.316 0.253 0.484 0.553
131.480 19 0.312 0.250 0.483 0.553
131.520 19 0.316 0.253 0.486 0.556
131.560 19 0.312 0.253 0.483 0.556
131.600 19 0.317 0.256 0.486 0.556
131.640 19 0.316 0.256 0.484 0.556
131.680 19 0.316 0.253 0.484 0.553
131.720 19 0.314 0.250 0.484 0.550
131.760 19 0.314 0.247 0.480 0.544
131.800 19 0.314 0.244 0.484 0.547
131.840 19 0.309 0.247 0.480 0.547
131.880 19 0.314 0.247 0.483 0.550
131.920 19 0.308 0.247 0.478 0.550
131.960 19 0.312 0.247 0.481 0.550
132.000 19 0.308 0.250 0.477 0.550
132.040 19 0.298 0.233 0.484 0.564
132.080 19 0.303 0.239 0.486 0.564
132.120 19 0.302 0.233 0.487 0.564
132.160 19 0.295 0.233 0.481 0.564
132.200 19 0.295 0.233 0.484 0.569
132.240 19 0.291 0.233 0.477 0.567
132.280 19 0.292 0.236 0.478 0.567
132.320 19 0.287 0.236 0.473 0.567
132.360 19 0.292 0.242 0.475 0.564
132.400 19 0.284 0.239 0.470 0.567
132.440 19 0.287 0.239 0.470 0.567
132.480 19 0.286 0.239 0.470 0.567
132.520 19 0.286 0.239 0.469 0.567
132.560 19 0.284 0.239 0.469 0.564
132.600 19 0.284 0.239 0.469 0.564
132.640 19 0.284 0.239 0.467 0.564
132.680 19 0.284 0.239 0.466 0.564
132.720 19 0.281 0.236 0.469 0.569
132.760 19 0.284 0.242 0.469 0.569
132.800 19 0.281 0.242 0.466 0.569
132.840 19 0.283 0.239 0.470 0.569
132.880 19 0.286 0.239 0.469 0.564
132.920 19 0.291 0.242 0.472 0.564
132.960 19 0.287 0.239 0.470 0.564
133.000 19 0.281 0.222 0.483 0.581
133.040 19 0.291 0.236 0.475 0.567
133.080 19 0.291 0.236 0.477 0.567
133.120 19 0.289 0.236 0.475 0.567
133.160 19 0.294 0.236 0.480 0.567
133.200 19 0.289 0.236 0.473 0.567
133.240 19 0.294 0.236 0.483 0.572
133.280 19 0.291 0.236 0.477 0.567
133.320 19 0.297 0.239 0.481 0.564
133.360 19 0.295 0.242 0.473 0.558
133.400 19 0.300 0.244 0.480 0.561
133.440 19 0.295 0.242 0.478 0.567
133.480 19 0.302 0.242 0.481 0.564
133.520 19 0.298 0.242 0.478 0.561
133.560 19 0.306 0.244 0.484 0.561
133.600 19 0.300 0.242 0.480 0.561
133.640 19 0.305 0.239 0.489 0.567
133.680 19 0.297 0.239 0.480 0.567
133.720 19 0.300 0.239 0.487 0.572
133.760 19 0.298 0.239 0.483 0.567
133.800 19 0.305 0.239 0.487 0.564
133.840 19 0.300 0.239 0.484 0.567
133.880 19 0.303 0.239 0.486 0.564
133.920 19 0.302 0.239 0.484 0.564
133.960 19 0.303 0.236 0.487 0.564
134.000 19 0.308 0.250 0.477 0.550
134.040 19 0.306 0.256 0.475 0.556
134.080 19 0.305 0.256 0.473 0.553
134.120 19 0.306 0.256 0.475 0.556
134.160 19 0.305 0.256 0.472 0.553
134.200 19 0.305 0.256 0.475 0.558
134.240 19 0.306 0.256 0.477 0.558
134.280 19 0.308 0.256 0.478 0.558
134.320 19 0.308 0.256 0.478 0.561
134.360 19 0.306 0.258 0.477 0.561
134.400 19 0.305 0.261 0.475 0.567
134.440 19 0.298 0.269 0.469 0.575
134.480 19 0.295 0.267 0.467 0.572
134.520 19 0.289 0.267 0.461 0.572
134.560 19 0.294 0.267 0.463 0.569
134.600 19 0.291 0.264 0.461 0.567
134.640 19 0.297 0.261 0.466 0.561
134.680 19 0.295 0.258 0.464 0.558
134.720 19 0.300 0.256 0.469 0.556
134.760 19 0.297 0.256 0.464 0.553
134.800 19 0.300 0.253 0.467 0.553
134.840 19 0.294 0.256 0.463 0.553
134.880 19 0.300 0.253 0.469 0.553
134.920 19 0.300 0.250 0.467 0.550
134.960 19 0.306 0.250 0.475 0.547
135.000 19 0.308 0.250 0.477 0.550
135.040 19 0.312 0.244 0.483 0.550
135.080 19 0.311 0.244 0.481 0.547
135.120 19 0.316 0.242 0.486 0.547
135.160 19 0.306 0.239 0.477 0.544
135.200 19 0.306 0.242 0.480 0.547
135.240 19 0.306 0.242 0.478 0.547
135.280 19 0.311 0.236 0.484 0.547
135.320 19 0.311 0.236 0.481 0.542
135.360 19 0.309 0.233 0.481 0.542
135.400 19 0.303 0.236 0.477 0.544
135.440 19 0.302 0.242 0.475 0.553
135.480 19 0.306 0.253 0.480 0.561
135.520 19 0.308 0.256 0.481 0.564
135.560 19 0.308 0.256 0.480 0.561
135.600 19 0.306 0.250 0.480 0.558
135.640 19 0.306 0.250 0.480 0.558
135.680 19 0.302 0.250 0.477 0.558
135.720 19 0.306 0.250 0.480 0.561
135.760 19 0.311 0.253 0.483 0.558
135.800 19 0.308 0.250 0.480 0.556
144.880 20 0.537 0.217 0.673 0.458
144.920 20 0.531 0.217 0.666 0.456
144.960 20 0.528 0.214 0.666 0.456
145.000 20 0.520 0.208 0.661 0.458
145.040 20 0.512 0.203 0.656 0.458
145.080 20 0.516 0.200 0.661 0.458
145.120 20 0.505 0.200 0.648 0.456
145.160 20 0.503 0.197 0.647 0.453
145.200 20 0.495 0.200 0.639 0.456
145.240 20 0.486 0.203 0.627 0.456
145.280 20 0.477 0.203 0.620 0.456
150.440 21 0.434 0.203 0.630 0.550
150.480 21 0.436 0.203 0.631 0.550
150.520 21 0.438 0.206 0.633 0.550
150.560 21 0.441 0.206 0.636 0.553
150.600 21 0.442 0.203 0.641 0.556
150.640 21 0.442 0.208 0.639 0.558
150.680 21 0.453 0.214 0.650 0.561
150.720 21 0.450 0.217 0.645 0.561
150.760 21 0.453 0.211 0.652 0.564
150.800 21 0.458 0.206 0.658 0.564
150.840 21 0.464 0.206 0.662 0.558
150.880 21 0.473 0.206 0.672 0.558
150.920 21 0.477 0.208 0.677 0.564
150.960 21 0.480 0.217 0.681 0.572
151.000 21 0.483 0.222 0.684 0.581
151.040 21 0.489 0.250 0.673 0.575
151.080 21 0.495 0.242 0.680 0.569
151.120 21 0.498 0.233 0.683 0.561
151.160 21 0.503 0.225 0.686 0.553
151.200 21 0.509 0.219 0.691 0.544
151.240 21 0.512 0.219 0.694 0.544
151.280 21 0.516 0.225 0.702 0.556
151.320 21 0.520 0.228 0.705 0.561
151.360 21 0.527 0.219 0.714 0.553
151.400 21 0.533 0.208 0.720 0.544
151.440 21 0.537 0.200 0.728 0.539
151.480 21 0.544 0.192 0.739 0.539
151.520 21 0.548 0.200 0.742 0.544
151.560 21 0.553 0.206 0.745 0.547
151.600 21 0.556 0.211 0.747 0.553
151.640 21 0.558 0.214 0.748 0.553
151.680 21 0.559 0.217 0.748 0.553
151.720 21 0.559 0.217 0.748 0.556
151.760 21 0.558 0.219 0.747 0.556
151.800 21 0.558 0.225 0.744 0.558
151.840 21 0.555 0.225 0.741 0.558
151.880 21 0.556 0.225 0.742 0.556
151.920 21 0.550 0.222 0.736 0.553
151.960 21 0.548 0.222 0.734 0.553
152.000 21 0.552 0.250 0.719 0.550
152.040 21 0.541 0.247 0.714 0.556
152.080 21 0.537 0.247 0.711 0.556
152.120 21 0.534 0.247 0.706 0.556
152.160 21 0.534 0.247 0.705 0.550
152.200 21 0.531 0.253 0.698 0.550
152.240 21 0.530 0.250 0.698 0.550
152.280 21 0.525 0.253 0.691 0.550
152.320 21 0.525 0.250 0.692 0.550
152.360 21 0.520 0.256 0.684 0.547
152.400 21 0.517 0.253 0.683 0.550
152.440 21 0.517 0.250 0.684 0.550
152.480 21 0.522 0.250 0.689 0.550
152.520 21 0.530 0.258 0.697 0.556
152.560 21 0.537 0.267 0.708 0.569
152.600 21 0.542 0.275 0.716 0.583
152.640 21 0.548 0.281 0.720 0.586
152.680 21 0.555 0.272 0.725 0.578
152.720 21 0.558 0.267 0.727 0.569
152.760 21 0.562 0.256 0.733 0.561
152.800 21 0.567 0.253 0.738 0.556
152.840 21 0.570 0.250 0.739 0.553
152.880 21 0.575 0.247 0.745 0.553
152.920 21 0.581 0.247 0.752 0.550
152.960 21 0.577 0.247 0.748 0.553
153.000 21 0.550 0.222 0.752 0.581
153.040 21 0.545 0.222 0.752 0.589
153.080 21 0.544 0.225 0.745 0.583
153.120 21 0.553 0.228 0.752 0.581
153.160 21 0.564 0.228 0.762 0.581
153.200 21 0.573 0.228 0.775 0.586
153.240 21 0.580 0.228 0.780 0.583
153.280 21 0.578 0.225 0.780 0.583
153.320 21 0.575 0.222 0.778 0.581
153.360 21 0.577 0.219 0.778 0.581
153.400 21 0.578 0.222 0.780 0.581
153.440 21 0.580 0.219 0.783 0.581
153.480 21 0.572 0.217 0.778 0.581
153.520 21 0.573 0.214 0.781 0.583
153.560 21 0.573 0.214 0.780 0.583
153.600 21 0.570 0.214 0.780 0.586
153.640 21 0.569 0.214 0.780 0.589
153.680 21 0.567 0.214 0.778 0.589
153.720 21 0.569 0.214 0.780 0.586
153.760 21 0.566 0.217 0.772 0.583
153.800 21 0.569 0.217 0.777 0.586
153.840 21 0.567 0.219 0.773 0.586
153.880 21 0.566 0.219 0.773 0.589
153.920 21 0.567 0.219 0.773 0.589
153.960 21 0.567 0.219 0.775 0.586
154.000 21 0.572 0.222 0.773 0.581
154.040 21 0.570 0.214 0.772 0.575
154.080 21 0.569 0.217 0.770 0.575
154.120 21 0.567 0.217 0.770 0.581
154.160 21 0.567 0.219 0.769 0.578
154.200 21 0.566 0.219 0.767 0.578
154.240 21 0.564 0.219 0.767 0.578
154.280 21 0.564 0.219 0.764 0.575
154.320 21 0.562 0.217 0.762 0.575
154.360 21 0.561 0.214 0.761 0.572
154.400 21 0.559 0.214 0.759 0.569
154.440 21 0.558 0.211 0.758 0.567
154.480 21 0.556 0.208 0.756 0.564
154.520 21 0.555 0.206 0.756 0.561
154.560 21 0.553 0.203 0.755 0.561
154.600 21 0.552 0.200 0.755 0.561
154.640 21 0.548 0.197 0.753 0.558
154.680 21 0.545 0.192 0.750 0.556
154.720 21 0.544 0.189 0.747 0.550
154.760 21 0.541 0.183 0.745 0.547
154.800 21 0.539 0.183 0.744 0.544
154.840 21 0.539 0.181 0.742 0.542
154.880 21 0.536 0.183 0.739 0.544
154.920 21 0.534 0.183 0.736 0.542
154.960 21 0.531 0.183 0.734 0.544
155.000 21 0.527 0.183 0.728 0.542
155.040 21 0.525 0.178 0.728 0.539
155.080 21 0.519 0.181 0.723 0.544
155.120 21 0.514 0.181 0.717 0.542
155.160 21 0.505 0.181 0.708 0.542
155.200 21 0.503 0.175 0.708 0.542
155.240 21 0.492 0.172 0.698 0.536
155.280 21 0.489 0.169 0.695 0.533
155.320 21 0.483 0.175 0.684 0.533
155.360 21 0.477 0.178 0.677 0.533
155.400 21 0.472 0.183 0.670 0.533
155.440 21 0.470 0.186 0.666 0.533
155.480 21 0.464 0.186 0.658 0.531
155.520 21 0.463 0.189 0.656 0.533
155.560 21 0.461 0.194 0.653 0.536
155.600 21 0.459 0.197 0.650 0.536
155.640 21 0.458 0.197 0.648 0.539
155.680 21 0.458 0.197 0.648 0.536
155.720 21 0.456 0.197 0.647 0.536
155.760 21 0.455 0.197 0.645 0.536
155.800 21 0.458 0.200 0.648 0.539
155.840 21 0.456 0.200 0.645 0.536
155.880 21 0.458 0.200 0.647 0.539
155.920 21 0.459 0.203 0.648 0.539
155.960 21 0.459 0.203 0.648 0.539
156.000 21 0.459 0.183 0.661 0.542
156.040 21 0.464 0.203 0.664 0.558
156.080 21 0.461 0.203 0.662 0.561
156.120 21 0.469 0.206 0.667 0.556
156.160 21 0.464 0.200 0.666 0.556
156.200 21 0.470 0.200 0.672 0.558
156.240 21 0.467 0.197 0.670 0.558
156.280 21 0.477 0.203 0.675 0.556
156.320 21 0.475 0.200 0.673 0.556
156.360 21 0.475 0.200 0.677 0.556
156.400 21 0.477 0.200 0.677 0.556
156.440 21 0.480 0.200 0.678 0.553
156.480 21 0.480 0.200 0.680 0.556
156.520 21 0.481 0.200 0.681 0.558
156.560 21 0.481 0.203 0.683 0.558
156.600 21 0.481 0.203 0.684 0.564
156.640 21 0.481 0.206 0.686 0.569
156.680 21 0.483 0.206 0.688 0.569
156.720 21 0.483 0.200 0.691 0.569
156.760 21 0.486 0.200 0.691 0.561
156.800 21 0.487 0.194 0.695 0.564
156.840 21 0.492 0.197 0.697 0.561
156.880 21 0.494 0.200 0.698 0.564
156.920 21 0.497 0.203 0.702 0.564
156.960 21 0.500 0.203 0.703 0.564
157.000 21 0.505 0.222 0.706 0.581
157.040 21 0.514 0.231 0.700 0.561
157.080 21 0.517 0.231 0.702 0.561
157.120 21 0.522 0.236 0.705 0.561
157.160 21 0.517 0.228 0.705 0.564
157.200 21 0.523 0.228 0.709 0.558
157.240 21 0.517 0.222 0.705 0.556
157.280 21 0.520 0.222 0.706 0.553
157.320 21 0.512 0.217 0.706 0.561
157.360 21 0.503 0.217 0.698 0.564
157.400 21 0.500 0.222 0.695 0.572
157.440 21 0.494 0.228 0.688 0.572
157.480 21 0.498 0.236 0.684 0.569
157.520 21 0.492 0.236 0.678 0.569
157.560 21 0.489 0.239 0.675 0.569
157.600 21 0.486 0.236 0.673 0.572
157.640 21 0.484 0.239 0.670 0.572
157.680 21 0.483 0.239 0.669 0.572
157.720 21 0.484 0.242 0.672 0.575
157.760 21 0.481 0.242 0.664 0.569
157.800 21 0.484 0.242 0.669 0.572
157.840 21 0.486 0.242 0.669 0.572
157.880 21 0.483 0.239 0.670 0.575
157.920 21 0.486 0.239 0.675 0.575
157.960 21 0.483 0.239 0.670 0.575
158.000 21 0.495 0.250 0.662 0.550
158.040 21 0.498 0.239 0.670 0.544
158.080 21 0.508 0.228 0.680 0.536
158.120 21 0.525 0.233 0.691 0.531
158.160 21 0.537 0.236 0.703 0.533
158.200 21 0.548 0.236 0.717 0.539
158.240 21 0.552 0.247 0.722 0.553
158.760 21 0.552 0.261 0.762 0.633
158.800 21 0.547 0.247 0.756 0.619
158.840 21 0.539 0.236 0.750 0.611
158.880 21 0.536 0.228 0.744 0.597
158.920 21 0.525 0.225 0.731 0.594
158.960 21 0.509 0.217 0.714 0.578
159.000 21 0.505 0.222 0.706 0.581
159.040 21 0.500 0.239 0.697 0.589
159.080 21 0.494 0.244 0.691 0.592
159.120 21 0.487 0.253 0.684 0.603
159.160 21 0.480 0.250 0.680 0.606
159.200 21 0.472 0.250 0.673 0.608
159.240 21 0.477 0.247 0.683 0.611
159.280 21 0.464 0.244 0.672 0.611
159.320 21 0.470 0.242 0.680 0.611
159.360 21 0.461 0.242 0.669 0.611
159.400 21 0.467 0.244 0.675 0.614
159.440 21 0.464 0.239 0.673 0.611
159.480 21 0.470 0.239 0.680 0.611
159.520 21 0.463 0.236 0.672 0.608
159.560 21 0.475 0.242 0.680 0.608
159.600 21 0.473 0.242 0.677 0.603
159.640 21 0.481 0.242 0.681 0.597
159.680 21 0.487 0.236 0.689 0.597
159.720 21 0.494 0.236 0.697 0.597
159.760 21 0.502 0.236 0.702 0.594
159.680 22 0.487 0.239 0.681 0.583
159.720 22 0.492 0.233 0.689 0.583
159.760 22 0.498 0.228 0.697 0.583
159.800 22 0.509 0.231 0.708 0.583
159.840 22 0.520 0.228 0.719 0.583
159.880 22 0.530 0.231 0.731 0.589
159.920 22 0.544 0.236 0.747 0.597
159.960 22 0.561 0.228 0.761 0.583
160.000 22 0.572 0.222 0.773 0.581
160.040 22 0.583 0.203 0.786 0.567
160.080 22 0.591 0.194 0.795 0.558
160.120 22 0.589 0.197 0.791 0.553
160.160 22 0.597 0.192 0.797 0.550
160.200 22 0.600 0.192 0.800 0.547
160.240 22 0.602 0.192 0.802 0.547
160.280 22 0.605 0.192 0.806 0.547
160.320 22 0.608 0.192 0.812 0.553
160.360 22 0.614 0.192 0.819 0.556
160.400 22 0.622 0.194 0.827 0.558
160.440 22 0.630 0.200 0.833 0.561
160.480 22 0.636 0.206 0.841 0.569
160.520 22 0.637 0.208 0.844 0.575
160.560 22 0.639 0.214 0.845 0.581
160.600 22 0.639 0.217 0.848 0.586
160.640 22 0.642 0.222 0.848 0.592
160.680 22 0.644 0.228 0.850 0.594
160.720 22 0.642 0.231 0.850 0.597
160.760 22 0.637 0.231 0.844 0.597
160.800 22 0.633 0.231 0.842 0.603
160.840 22 0.634 0.231 0.842 0.600
160.880 22 0.628 0.231 0.838 0.603
160.920 22 0.625 0.231 0.828 0.594
160.960 22 0.620 0.231 0.827 0.594
161.000 22 0.617 0.222 0.819 0.581
161.040 22 0.622 0.236 0.809 0.569
161.080 22 0.617 0.233 0.805 0.564
161.120 22 0.613 0.228 0.798 0.558
161.160 22 0.608 0.225 0.792 0.556
161.200 22 0.605 0.228 0.787 0.556
161.240 22 0.600 0.228 0.783 0.553
161.280 22 0.597 0.228 0.780 0.556
161.320 22 0.594 0.228 0.778 0.556
161.360 22 0.592 0.228 0.775 0.553
161.400 22 0.588 0.225 0.773 0.556
161.440 22 0.584 0.225 0.770 0.556
161.480 22 0.583 0.222 0.769 0.553
161.520 22 0.581 0.222 0.767 0.553
161.560 22 0.581 0.222 0.764 0.550
161.600 22 0.580 0.222 0.762 0.550
161.640 22 0.577 0.222 0.759 0.547
161.680 22 0.580 0.225 0.762 0.547
161.720 22 0.578 0.225 0.759 0.547
161.760 22 0.577 0.225 0.759 0.547
161.800 22 0.575 0.222 0.758 0.547
161.840 22 0.575 0.219 0.758 0.544
161.880 22 0.578 0.222 0.759 0.547
161.920 22 0.575 0.228 0.758 0.553
161.960 22 0.581 0.236 0.761 0.556
162.000 22 0.588 0.250 0.756 0.550
162.040 22 0.578 0.239 0.762 0.567
162.080 22 0.575 0.233 0.759 0.561
162.120 22 0.580 0.225 0.766 0.556
162.160 22 0.584 0.219 0.773 0.556
162.200 22 0.586 0.219 0.778 0.558
162.240 22 0.589 0.219 0.783 0.564
162.280 22 0.589 0.219 0.786 0.567
162.320 22 0.589 0.217 0.786 0.567
162.360 22 0.595 0.219 0.792 0.569
162.400 22 0.594 0.222 0.791 0.572
162.440 22 0.592 0.225 0.786 0.569
162.480 22 0.595 0.225 0.789 0.569
162.520 22 0.592 0.225 0.783 0.567
162.560 22 0.594 0.225 0.786 0.567
162.600 22 0.594 0.231 0.783 0.564
162.640 22 0.592 0.228 0.781 0.564
162.680 22 0.589 0.228 0.780 0.564
162.720 22 0.589 0.225 0.783 0.569
162.760 22 0.581 0.225 0.773 0.567
162.800 22 0.588 0.225 0.781 0.569
162.840 22 0.583 0.225 0.773 0.567
162.880 22 0.584 0.225 0.777 0.567
162.920 22 0.584 0.228 0.773 0.564
162.960 22 0.584 0.228 0.773 0.564
163.000 22 0.572 0.222 0.773 0.581
163.040 22 0.580 0.233 0.766 0.564
163.080 22 0.578 0.231 0.762 0.561
163.120 22 0.578 0.233 0.762 0.561
163.160 22 0.570 0.233 0.755 0.558
163.200 22 0.566 0.239 0.747 0.561
163.240 22 0.561 0.231 0.741 0.553
163.280 22 0.555 0.222 0.734 0.542
163.320 22 0.548 0.217 0.727 0.533
163.360 22 0.547 0.211 0.725 0.528
163.400 22 0.545 0.208 0.725 0.528
163.440 22 0.548 0.211 0.727 0.528
163.480 22 0.555 0.219 0.730 0.531
163.520 22 0.552 0.225 0.728 0.539
163.560 22 0.553 0.228 0.730 0.544
163.600 22 0.552 0.228 0.730 0.544
163.640 22 0.553 0.228 0.728 0.542
163.680 22 0.553 0.231 0.728 0.542
163.720 22 0.553 0.233 0.727 0.544
163.760 22 0.552 0.233 0.727 0.550
163.800 22 0.552 0.239 0.723 0.547
163.840 22 0.550 0.236 0.723 0.550
163.880 22 0.548 0.239 0.722 0.550
163.920 22 0.547 0.239 0.723 0.556
163.960 22 0.545 0.242 0.722 0.556
164.000 22 0.552 0.250 0.719 0.550
164.040 22 0.547 0.250 0.714 0.550
164.080 22 0.552 0.250 0.717 0.550
164.120 22 0.547 0.250 0.714 0.550
164.160 22 0.553 0.250 0.722 0.553
164.200 22 0.550 0.253 0.713 0.542
164.240 22 0.550 0.250 0.717 0.550
164.280 22 0.553 0.247 0.723 0.553
164.320 22 0.552 0.250 0.719 0.550
164.360 22 0.556 0.250 0.723 0.550
164.400 22 0.553 0.250 0.719 0.547
164.440 22 0.558 0.250 0.723 0.547
164.480 22 0.555 0.250 0.720 0.547
164.520 22 0.555 0.250 0.720 0.547
164.560 22 0.555 0.250 0.720 0.547
164.600 22 0.559 0.250 0.727 0.547
164.640 22 0.558 0.250 0.722 0.544
164.680 22 0.561 0.247 0.728 0.544
164.720 22 0.558 0.247 0.725 0.544
