8.840 0 0.127 0.078 0.223 0.250
8.880 0 0.130 0.075 0.228 0.250
8.920 0 0.136 0.078 0.233 0.250
8.960 0 0.141 0.075 0.239 0.247
9.000 0 0.144 0.075 0.241 0.247
9.040 0 0.152 0.075 0.248 0.244
9.080 0 0.155 0.075 0.252 0.244
9.120 0 0.161 0.072 0.258 0.247
9.160 0 0.166 0.072 0.263 0.247
9.200 0 0.167 0.072 0.264 0.247
9.240 0 0.172 0.075 0.269 0.250
9.280 0 0.177 0.078 0.275 0.253
9.320 0 0.178 0.078 0.277 0.253
9.360 0 0.183 0.078 0.281 0.253
9.400 0 0.189 0.081 0.286 0.256
9.440 0 0.191 0.081 0.291 0.256
9.480 0 0.197 0.081 0.295 0.256
9.520 0 0.200 0.081 0.298 0.256
9.560 0 0.208 0.083 0.306 0.258
9.600 0 0.209 0.083 0.308 0.258
9.640 0 0.214 0.081 0.314 0.256
9.680 0 0.214 0.078 0.314 0.253
9.720 0 0.217 0.075 0.317 0.250
9.760 0 0.219 0.072 0.317 0.247
9.800 0 0.225 0.075 0.322 0.247
9.840 0 0.225 0.075 0.323 0.247
9.880 0 0.231 0.075 0.328 0.250
9.920 0 0.233 0.078 0.330 0.250
9.960 0 0.239 0.081 0.336 0.256
10.000 0 0.242 0.086 0.339 0.258
10.040 0 0.248 0.092 0.345 0.264
10.080 0 0.247 0.094 0.344 0.267
10.120 0 0.256 0.100 0.352 0.272
10.160 0 0.253 0.100 0.350 0.272
10.200 0 0.256 0.100 0.353 0.269
10.240 0 0.256 0.100 0.352 0.269
10.280 0 0.256 0.100 0.352 0.272
10.320 0 0.255 0.100 0.352 0.272
10.360 0 0.255 0.100 0.352 0.272
10.400 0 0.253 0.097 0.350 0.269
10.440 0 0.252 0.094 0.348 0.269
10.480 0 0.245 0.094 0.342 0.269
10.520 0 0.245 0.094 0.342 0.267
10.560 0 0.241 0.094 0.338 0.267
9.400 1 0.427 -0.050 0.539 0.175
9.440 1 0.423 -0.044 0.536 0.181
9.480 1 0.425 -0.044 0.537 0.181
9.520 1 0.419 -0.039 0.530 0.183
9.560 1 0.420 -0.042 0.534 0.186
9.600 1 0.420 -0.039 0.534 0.186
9.640 1 0.420 -0.039 0.534 0.186
9.680 1 0.420 -0.039 0.534 0.186
9.720 1 0.423 -0.033 0.534 0.189
9.760 1 0.423 -0.036 0.536 0.189
9.800 1 0.425 -0.036 0.537 0.189
9.840 1 0.428 -0.033 0.539 0.189
9.880 1 0.428 -0.031 0.539 0.189
9.920 1 0.433 -0.033 0.547 0.192
9.960 1 0.430 -0.033 0.544 0.194
10.000 1 0.434 -0.033 0.550 0.197
10.040 1 0.441 -0.033 0.556 0.197
10.080 1 0.444 -0.033 0.559 0.197
10.120 1 0.448 -0.033 0.562 0.197
10.160 1 0.452 -0.033 0.567 0.197
10.200 1 0.456 -0.033 0.570 0.194
10.240 1 0.456 -0.033 0.572 0.197
10.280 1 0.458 -0.033 0.573 0.197
10.320 1 0.459 -0.031 0.575 0.200
10.360 1 0.463 -0.031 0.578 0.200
10.400 1 0.455 -0.036 0.573 0.203
10.440 1 0.458 -0.031 0.575 0.203
10.480 1 0.453 -0.031 0.572 0.206
10.520 1 0.459 -0.028 0.577 0.206
10.560 1 0.456 -0.025 0.572 0.206
19.880 2 0.497 0.078 0.553 0.178
19.920 2 0.498 0.081 0.555 0.181
19.960 2 0.498 0.083 0.555 0.183
20.000 2 0.502 0.083 0.558 0.183
20.040 2 0.505 0.083 0.561 0.183
20.080 2 0.508 0.086 0.562 0.183
20.120 2 0.511 0.086 0.566 0.183
20.160 2 0.514 0.089 0.569 0.186
20.200 2 0.519 0.089 0.573 0.186
20.240 2 0.523 0.092 0.578 0.189
20.280 2 0.527 0.092 0.581 0.189
47.640 3 0.806 0.189 0.872 0.308
47.680 3 0.803 0.192 0.869 0.311
47.720 3 0.800 0.194 0.866 0.314
47.760 3 0.798 0.194 0.864 0.314
47.800 3 0.795 0.197 0.861 0.317
47.840 3 0.791 0.194 0.858 0.317
47.880 3 0.789 0.194 0.856 0.317
47.920 3 0.786 0.194 0.853 0.317
47.960 3 0.786 0.194 0.853 0.314
48.000 3 0.783 0.192 0.850 0.314
48.040 3 0.781 0.192 0.848 0.314
48.080 3 0.780 0.189 0.847 0.311
48.120 3 0.780 0.189 0.847 0.308
48.160 3 0.780 0.186 0.847 0.308
48.200 3 0.778 0.183 0.845 0.306
48.240 3 0.778 0.181 0.845 0.303
48.280 3 0.777 0.175 0.844 0.297
48.320 3 0.778 0.172 0.844 0.294
48.360 3 0.780 0.169 0.847 0.292
48.400 3 0.778 0.164 0.845 0.286
48.440 3 0.778 0.161 0.845 0.283
48.480 3 0.778 0.156 0.847 0.281
48.520 3 0.780 0.153 0.847 0.275
48.560 3 0.777 0.147 0.845 0.272
48.600 3 0.778 0.144 0.845 0.267
48.640 3 0.778 0.139 0.845 0.264
48.680 3 0.775 0.133 0.844 0.258
48.720 3 0.777 0.131 0.844 0.253
48.760 3 0.773 0.119 0.842 0.244
48.800 3 0.770 0.108 0.839 0.233
48.840 3 0.766 0.100 0.834 0.222
48.880 3 0.762 0.089 0.831 0.214
48.920 3 0.756 0.081 0.825 0.206
48.960 3 0.753 0.075 0.822 0.200
49.000 3 0.748 0.067 0.819 0.194
49.040 3 0.745 0.061 0.814 0.186
49.080 3 0.741 0.053 0.809 0.178
49.120 3 0.738 0.044 0.806 0.169
49.160 3 0.734 0.036 0.803 0.161
49.200 3 0.733 0.025 0.802 0.153
49.240 3 0.731 0.019 0.800 0.144
49.280 3 0.728 0.014 0.798 0.142
49.320 3 0.730 0.011 0.800 0.139
49.360 3 0.730 0.000 0.800 0.128
49.400 3 0.728 -0.011 0.800 0.119
49.440 3 0.730 -0.019 0.800 0.108
49.480 3 0.730 -0.033 0.802 0.097
49.520 3 0.733 -0.044 0.805 0.086
49.560 3 0.733 -0.058 0.806 0.075
53.720 4 0.662 0.214 0.759 0.386
53.760 4 0.661 0.214 0.758 0.386
53.800 4 0.662 0.217 0.758 0.383
53.840 4 0.658 0.217 0.755 0.389
53.880 4 0.659 0.219 0.755 0.389
53.920 4 0.656 0.219 0.753 0.392
53.960 4 0.658 0.222 0.752 0.392
54.000 4 0.653 0.222 0.750 0.394
54.040 4 0.647 0.214 0.747 0.392
54.080 4 0.648 0.214 0.748 0.394
54.120 4 0.645 0.214 0.745 0.392
54.160 4 0.645 0.214 0.745 0.392
54.200 4 0.644 0.214 0.744 0.392
54.240 4 0.642 0.214 0.742 0.392
54.280 4 0.641 0.211 0.741 0.389
54.320 4 0.639 0.211 0.741 0.389
54.360 4 0.637 0.208 0.739 0.389
54.400 4 0.639 0.206 0.741 0.389
54.440 4 0.639 0.206 0.741 0.386
54.480 4 0.644 0.206 0.745 0.386
54.520 4 0.644 0.203 0.748 0.389
54.560 4 0.647 0.203 0.752 0.386
54.600 4 0.652 0.200 0.756 0.386
54.640 4 0.656 0.197 0.761 0.383
54.680 4 0.659 0.194 0.766 0.383
54.720 4 0.664 0.194 0.770 0.383
54.760 4 0.669 0.192 0.775 0.383
54.800 4 0.670 0.189 0.780 0.383
54.840 4 0.675 0.189 0.784 0.383
54.880 4 0.678 0.186 0.789 0.383
54.920 4 0.681 0.183 0.794 0.383
54.960 4 0.681 0.183 0.795 0.383
55.000 4 0.680 0.172 0.797 0.381
55.040 4 0.688 0.178 0.805 0.386
55.080 4 0.688 0.175 0.806 0.386
55.120 4 0.688 0.175 0.808 0.389
55.160 4 0.688 0.175 0.809 0.392
55.200 4 0.688 0.178 0.809 0.394
55.240 4 0.686 0.178 0.809 0.397
55.280 4 0.684 0.181 0.808 0.400
55.320 4 0.683 0.183 0.806 0.403
55.360 4 0.681 0.186 0.805 0.408
55.400 4 0.680 0.192 0.802 0.411
55.440 4 0.675 0.194 0.798 0.414
55.480 4 0.673 0.197 0.797 0.419
55.520 4 0.670 0.206 0.791 0.422
55.560 4 0.670 0.208 0.791 0.422
55.600 4 0.666 0.208 0.786 0.425
55.640 4 0.661 0.211 0.781 0.425
55.680 4 0.658 0.214 0.778 0.428
55.720 4 0.655 0.211 0.777 0.428
55.760 4 0.653 0.211 0.773 0.428
55.800 4 0.652 0.214 0.772 0.428
55.840 4 0.650 0.214 0.770 0.428
55.880 4 0.648 0.214 0.767 0.428
55.920 4 0.648 0.217 0.767 0.428
55.960 4 0.648 0.217 0.766 0.428
56.000 4 0.655 0.219 0.770 0.428
56.040 4 0.650 0.219 0.769 0.431
56.080 4 0.648 0.219 0.767 0.428
56.120 4 0.647 0.217 0.766 0.428
56.160 4 0.645 0.217 0.762 0.425
56.200 4 0.644 0.214 0.761 0.425
56.240 4 0.642 0.214 0.761 0.422
56.280 4 0.642 0.211 0.758 0.419
56.320 4 0.644 0.211 0.759 0.417
56.360 4 0.639 0.208 0.756 0.417
56.400 4 0.641 0.208 0.756 0.414
56.440 4 0.636 0.206 0.752 0.414
56.480 4 0.636 0.203 0.753 0.411
56.520 4 0.633 0.200 0.750 0.408
56.560 4 0.634 0.200 0.750 0.406
56.600 4 0.631 0.197 0.748 0.403
56.640 4 0.634 0.194 0.750 0.403
56.680 4 0.633 0.194 0.748 0.400
56.720 4 0.636 0.194 0.752 0.397
56.760 4 0.636 0.194 0.752 0.397
56.800 4 0.637 0.194 0.753 0.400
56.840 4 0.641 0.194 0.756 0.400
56.880 4 0.642 0.194 0.756 0.400
56.920 4 0.644 0.194 0.758 0.400
56.960 4 0.644 0.197 0.758 0.400
57.000 4 0.641 0.197 0.758 0.403
57.040 4 0.636 0.189 0.756 0.400
57.080 4 0.636 0.189 0.756 0.400
57.120 4 0.631 0.189 0.752 0.400
57.160 4 0.630 0.189 0.752 0.400
57.200 4 0.627 0.189 0.747 0.400
57.240 4 0.623 0.186 0.744 0.400
57.280 4 0.622 0.186 0.741 0.394
57.320 4 0.619 0.186 0.736 0.392
57.360 4 0.617 0.186 0.733 0.389
57.400 4 0.616 0.183 0.733 0.386
57.440 4 0.616 0.183 0.731 0.386
57.480 4 0.614 0.183 0.730 0.386
57.520 4 0.614 0.186 0.728 0.386
57.560 4 0.614 0.186 0.728 0.386
57.600 4 0.613 0.189 0.727 0.386
57.640 4 0.613 0.189 0.727 0.389
57.680 4 0.613 0.192 0.725 0.389
57.720 4 0.614 0.194 0.725 0.389
57.760 4 0.613 0.194 0.723 0.389
57.800 4 0.611 0.194 0.722 0.392
57.840 4 0.611 0.197 0.722 0.392
57.880 4 0.609 0.200 0.720 0.394
57.920 4 0.609 0.203 0.720 0.394
57.960 4 0.608 0.203 0.719 0.400
58.000 4 0.602 0.197 0.719 0.403
58.040 4 0.606 0.194 0.725 0.406
58.080 4 0.608 0.200 0.727 0.408
58.120 4 0.611 0.206 0.728 0.414
58.160 4 0.614 0.214 0.731 0.419
58.200 4 0.616 0.222 0.731 0.425
58.240 4 0.623 0.228 0.738 0.431
58.280 4 0.627 0.233 0.742 0.439
58.320 4 0.631 0.239 0.747 0.444
58.360 4 0.637 0.247 0.753 0.450
58.400 4 0.645 0.253 0.759 0.453
58.440 4 0.652 0.253 0.767 0.458
58.480 4 0.661 0.256 0.777 0.461
58.520 4 0.667 0.253 0.783 0.461
58.560 4 0.672 0.253 0.791 0.464
58.600 4 0.680 0.258 0.798 0.467
58.640 4 0.688 0.267 0.803 0.469
58.680 4 0.692 0.269 0.808 0.475
58.720 4 0.695 0.272 0.812 0.478
58.760 4 0.700 0.275 0.814 0.478
58.800 4 0.703 0.278 0.816 0.478
58.840 4 0.702 0.278 0.816 0.478
58.880 4 0.703 0.275 0.817 0.478
58.920 4 0.703 0.275 0.817 0.478
58.960 4 0.703 0.275 0.816 0.475
59.000 4 0.706 0.267 0.822 0.472
59.040 4 0.706 0.267 0.820 0.469
59.080 4 0.705 0.267 0.819 0.469
59.120 4 0.705 0.264 0.817 0.467
59.160 4 0.703 0.261 0.816 0.461
59.200 4 0.703 0.256 0.816 0.456
59.240 4 0.698 0.250 0.811 0.450
59.280 4 0.697 0.247 0.809 0.447
59.320 4 0.695 0.244 0.808 0.444
59.360 5 0.280 0.569 0.359 0.708
59.400 5 0.283 0.569 0.361 0.708
59.440 5 0.280 0.569 0.359 0.708
59.480 5 0.280 0.569 0.359 0.708
59.520 5 0.280 0.567 0.358 0.708
59.560 5 0.280 0.569 0.358 0.708
59.600 5 0.277 0.567 0.356 0.708
59.640 5 0.280 0.567 0.359 0.708
59.680 5 0.280 0.567 0.359 0.706
59.720 5 0.281 0.567 0.361 0.708
59.760 5 0.283 0.567 0.361 0.708
59.800 5 0.283 0.567 0.361 0.708
59.840 5 0.283 0.567 0.362 0.708
59.880 5 0.281 0.567 0.361 0.708
59.920 5 0.280 0.564 0.359 0.706
59.960 5 0.284 0.567 0.364 0.708
60.000 5 0.281 0.564 0.359 0.706
60.040 5 0.284 0.567 0.364 0.708
60.080 5 0.283 0.564 0.362 0.708
60.120 5 0.283 0.564 0.362 0.708
60.160 5 0.281 0.564 0.361 0.708
60.200 5 0.283 0.564 0.364 0.708
60.240 5 0.283 0.564 0.362 0.708
60.280 5 0.283 0.564 0.362 0.708
60.320 5 0.281 0.564 0.362 0.708
60.360 5 0.283 0.564 0.362 0.706
60.400 5 0.280 0.561 0.361 0.708
60.440 5 0.278 0.561 0.359 0.708
60.480 5 0.278 0.564 0.359 0.708
60.520 5 0.280 0.564 0.359 0.706
60.560 5 0.277 0.564 0.356 0.706
60.600 5 0.278 0.564 0.358 0.706
60.640 5 0.275 0.564 0.355 0.706
60.680 5 0.277 0.564 0.358 0.706
60.720 5 0.277 0.564 0.355 0.706
60.760 5 0.278 0.561 0.358 0.706
60.800 5 0.278 0.561 0.356 0.703
60.840 5 0.280 0.564 0.359 0.706
60.880 5 0.277 0.561 0.358 0.706
60.920 5 0.277 0.561 0.358 0.706
60.960 5 0.277 0.561 0.356 0.706
61.000 5 0.278 0.564 0.358 0.706
61.040 5 0.275 0.561 0.356 0.706
61.080 5 0.275 0.561 0.355 0.706
61.120 5 0.275 0.564 0.355 0.706
61.160 5 0.275 0.561 0.355 0.706
61.200 5 0.275 0.561 0.355 0.706
61.240 5 0.275 0.564 0.355 0.706
61.280 5 0.275 0.564 0.355 0.706
61.320 5 0.275 0.564 0.355 0.706
61.360 5 0.275 0.564 0.355 0.706
61.400 5 0.275 0.564 0.356 0.706
61.440 5 0.275 0.564 0.356 0.708
61.480 5 0.275 0.564 0.356 0.708
61.520 5 0.277 0.564 0.356 0.708
61.560 5 0.277 0.567 0.358 0.708
61.600 5 0.278 0.567 0.358 0.711
61.640 5 0.278 0.567 0.359 0.711
61.680 5 0.280 0.567 0.359 0.711
61.720 5 0.278 0.567 0.358 0.708
61.760 5 0.280 0.567 0.361 0.708
61.800 5 0.281 0.567 0.361 0.708
61.840 5 0.281 0.569 0.358 0.706
61.880 5 0.284 0.569 0.362 0.708
61.920 5 0.283 0.569 0.359 0.706
61.960 5 0.286 0.569 0.364 0.708
62.000 5 0.283 0.567 0.364 0.711
62.040 5 0.283 0.567 0.364 0.711
62.080 5 0.283 0.569 0.364 0.711
62.120 5 0.283 0.569 0.364 0.711
62.160 5 0.284 0.569 0.364 0.714
62.200 5 0.284 0.569 0.364 0.714
62.240 5 0.281 0.569 0.362 0.714
62.280 5 0.284 0.569 0.367 0.717
62.320 5 0.284 0.572 0.362 0.711
62.360 5 0.284 0.572 0.364 0.714
62.400 5 0.284 0.575 0.364 0.717
62.440 5 0.284 0.575 0.366 0.717
62.480 5 0.284 0.575 0.366 0.717
62.520 5 0.286 0.572 0.369 0.719
62.560 5 0.286 0.575 0.366 0.717
62.600 5 0.286 0.575 0.366 0.717
62.640 5 0.286 0.575 0.366 0.717
62.680 5 0.286 0.575 0.366 0.717
62.720 5 0.287 0.572 0.369 0.719
62.760 5 0.287 0.575 0.364 0.714
62.800 5 0.286 0.575 0.366 0.717
62.880 6 0.342 0.214 0.520 0.528
62.920 6 0.339 0.214 0.512 0.522
62.960 6 0.348 0.214 0.519 0.519
63.000 6 0.345 0.217 0.514 0.517
63.040 6 0.327 0.197 0.514 0.531
63.080 6 0.333 0.200 0.519 0.531
63.120 6 0.328 0.203 0.514 0.531
63.160 6 0.334 0.200 0.520 0.533
63.200 6 0.330 0.203 0.511 0.525
63.240 6 0.336 0.206 0.517 0.528
63.280 6 0.331 0.203 0.514 0.531
63.320 6 0.330 0.203 0.514 0.531
63.360 6 0.334 0.206 0.516 0.528
63.400 6 0.330 0.203 0.514 0.531
63.440 6 0.331 0.200 0.516 0.531
63.480 6 0.330 0.197 0.517 0.531
63.520 6 0.333 0.200 0.519 0.528
63.560 6 0.331 0.194 0.520 0.531
63.600 6 0.333 0.194 0.519 0.525
63.640 6 0.333 0.194 0.520 0.525
63.680 6 0.334 0.192 0.520 0.525
63.720 6 0.336 0.194 0.523 0.525
63.760 6 0.334 0.192 0.522 0.525
63.800 6 0.334 0.192 0.522 0.525
63.840 6 0.336 0.194 0.523 0.525
63.880 6 0.336 0.194 0.523 0.528
63.920 6 0.338 0.197 0.523 0.528
63.960 6 0.339 0.197 0.525 0.528
64.000 6 0.325 0.183 0.527 0.542
64.040 6 0.327 0.192 0.527 0.544
64.080 6 0.323 0.194 0.520 0.544
64.120 6 0.328 0.189 0.531 0.553
64.160 6 0.320 0.192 0.519 0.544
64.200 6 0.327 0.192 0.528 0.547
64.240 6 0.323 0.192 0.522 0.544
64.280 6 0.327 0.194 0.523 0.544
64.320 6 0.328 0.194 0.525 0.544
64.360 6 0.325 0.192 0.523 0.544
64.400 6 0.328 0.192 0.527 0.544
64.440 6 0.327 0.192 0.527 0.544
64.480 6 0.327 0.192 0.527 0.544
64.520 6 0.327 0.192 0.525 0.544
64.560 6 0.325 0.189 0.523 0.542
64.600 6 0.328 0.189 0.527 0.542
64.640 6 0.323 0.189 0.522 0.542
64.680 6 0.325 0.186 0.525 0.542
64.720 6 0.325 0.186 0.528 0.544
64.760 6 0.322 0.183 0.525 0.544
64.800 6 0.319 0.175 0.530 0.553
64.840 6 0.317 0.169 0.530 0.547
64.880 6 0.328 0.175 0.536 0.544
64.920 6 0.322 0.172 0.528 0.539
64.960 6 0.330 0.175 0.536 0.539
65.000 6 0.325 0.183 0.527 0.542
65.040 6 0.336 0.197 0.522 0.528
65.080 6 0.333 0.197 0.520 0.528
65.120 6 0.334 0.200 0.520 0.528
65.160 6 0.336 0.200 0.520 0.531
65.200 6 0.336 0.203 0.520 0.531
65.240 6 0.338 0.206 0.522 0.531
65.280 6 0.339 0.206 0.522 0.533
65.320 6 0.339 0.208 0.522 0.533
65.360 6 0.341 0.211 0.522 0.533
65.400 6 0.341 0.211 0.523 0.536
65.440 6 0.342 0.217 0.523 0.536
65.480 6 0.339 0.214 0.520 0.536
65.520 6 0.341 0.211 0.523 0.536
65.560 6 0.345 0.214 0.525 0.536
65.600 6 0.341 0.211 0.522 0.533
65.640 6 0.342 0.206 0.523 0.531
65.680 6 0.341 0.200 0.525 0.528
65.720 6 0.341 0.197 0.525 0.522
65.760 6 0.339 0.192 0.523 0.519
65.800 6 0.338 0.192 0.525 0.522
65.840 6 0.339 0.194 0.523 0.522
65.880 6 0.336 0.192 0.523 0.528
65.920 6 0.338 0.200 0.522 0.528
65.960 6 0.336 0.200 0.522 0.533
66.000 6 0.345 0.217 0.514 0.517
66.040 6 0.341 0.203 0.525 0.531
66.080 6 0.342 0.203 0.530 0.533
66.120 6 0.338 0.203 0.523 0.533
66.160 6 0.341 0.203 0.528 0.536
66.200 6 0.339 0.208 0.522 0.533
66.240 6 0.345 0.211 0.527 0.533
66.280 6 0.339 0.211 0.519 0.531
66.320 6 0.344 0.214 0.523 0.533
66.360 6 0.339 0.214 0.519 0.533
66.400 6 0.341 0.211 0.522 0.533
66.440 6 0.336 0.211 0.517 0.533
66.480 6 0.338 0.211 0.522 0.539
66.520 6 0.331 0.206 0.517 0.536
66.560 6 0.334 0.208 0.520 0.536
66.600 6 0.338 0.208 0.522 0.536
66.640 6 0.331 0.206 0.517 0.536
66.680 6 0.334 0.206 0.520 0.536
66.720 6 0.331 0.203 0.519 0.536
66.760 6 0.331 0.203 0.519 0.536
66.800 6 0.331 0.203 0.517 0.533
66.840 6 0.330 0.200 0.517 0.531
66.880 6 0.330 0.200 0.516 0.531
66.920 6 0.330 0.200 0.516 0.531
66.960 6 0.328 0.200 0.514 0.531
67.000 6 0.325 0.183 0.527 0.542
67.040 6 0.322 0.181 0.525 0.542
67.080 6 0.325 0.181 0.530 0.544
67.120 6 0.320 0.181 0.522 0.542
67.160 6 0.322 0.181 0.525 0.542
67.200 6 0.319 0.181 0.520 0.539
67.240 6 0.322 0.181 0.523 0.539
67.280 6 0.323 0.181 0.525 0.539
67.320 6 0.319 0.181 0.522 0.539
67.360 6 0.322 0.181 0.523 0.539
67.400 6 0.322 0.181 0.523 0.539
67.440 6 0.322 0.181 0.523 0.539
67.480 6 0.322 0.181 0.523 0.539
67.520 6 0.323 0.186 0.523 0.542
67.560 6 0.319 0.183 0.517 0.536
67.600 6 0.325 0.183 0.525 0.539
67.640 6 0.323 0.183 0.522 0.539
67.680 6 0.323 0.186 0.522 0.539
67.720 6 0.320 0.186 0.520 0.539
67.760 6 0.323 0.186 0.522 0.539
67.800 6 0.323 0.186 0.522 0.539
67.840 6 0.325 0.186 0.523 0.539
67.880 6 0.323 0.189 0.520 0.539
67.920 6 0.325 0.186 0.523 0.539
67.960 6 0.327 0.186 0.527 0.542
68.000 6 0.325 0.183 0.527 0.542
68.040 6 0.325 0.183 0.527 0.542
68.080 6 0.322 0.183 0.522 0.539
68.120 6 0.325 0.181 0.530 0.542
68.160 6 0.322 0.181 0.523 0.539
68.200 6 0.327 0.181 0.530 0.542
68.240 6 0.325 0.183 0.527 0.539
68.280 6 0.327 0.181 0.530 0.542
68.320 6 0.327 0.183 0.528 0.544
68.360 6 0.317 0.178 0.527 0.547
68.400 6 0.328 0.178 0.536 0.547
68.440 6 0.320 0.175 0.528 0.547
68.480 6 0.323 0.172 0.539 0.558
68.520 6 0.317 0.172 0.531 0.553
68.560 6 0.327 0.178 0.534 0.550
68.600 6 0.325 0.181 0.531 0.547
68.640 6 0.320 0.175 0.531 0.553
68.680 6 0.328 0.181 0.534 0.547
68.720 6 0.327 0.183 0.531 0.544
68.760 6 0.327 0.183 0.530 0.544
68.800 6 0.327 0.183 0.530 0.544
68.840 6 0.330 0.183 0.531 0.542
68.880 6 0.322 0.178 0.528 0.544
68.920 6 0.331 0.186 0.533 0.544
68.960 6 0.325 0.183 0.527 0.542
69.000 6 0.325 0.183 0.527 0.542
69.040 6 0.327 0.178 0.531 0.542
69.080 6 0.330 0.181 0.533 0.539
69.120 6 0.325 0.172 0.534 0.547
69.160 6 0.325 0.178 0.531 0.544
69.200 6 0.333 0.181 0.537 0.542
69.240 6 0.330 0.183 0.531 0.539
69.280 6 0.333 0.183 0.534 0.542
69.320 6 0.328 0.178 0.533 0.544
69.360 6 0.327 0.178 0.536 0.550
69.400 6 0.331 0.181 0.534 0.542
69.440 6 0.330 0.181 0.531 0.542
69.480 6 0.327 0.181 0.533 0.547
69.520 6 0.328 0.183 0.530 0.544
69.560 6 0.327 0.186 0.531 0.550
69.600 6 0.327 0.189 0.530 0.553
69.640 6 0.323 0.192 0.528 0.556
69.680 6 0.325 0.194 0.530 0.558
69.720 6 0.328 0.192 0.533 0.556
69.760 6 0.323 0.186 0.527 0.547
69.800 6 0.323 0.178 0.530 0.544
69.840 6 0.319 0.172 0.525 0.539
69.880 6 0.323 0.178 0.525 0.536
69.920 6 0.319 0.181 0.520 0.539
69.960 6 0.323 0.181 0.525 0.542
70.000 6 0.325 0.183 0.527 0.542
70.040 6 0.331 0.211 0.514 0.539
70.080 6 0.331 0.217 0.514 0.542
70.120 6 0.333 0.217 0.516 0.544
70.160 6 0.333 0.219 0.517 0.547
70.200 6 0.336 0.222 0.520 0.553
70.240 6 0.339 0.228 0.522 0.556
70.280 6 0.342 0.233 0.525 0.558
70.320 6 0.344 0.236 0.525 0.558
70.360 6 0.344 0.236 0.525 0.558
70.400 6 0.342 0.236 0.522 0.558
70.440 6 0.347 0.236 0.528 0.558
70.480 6 0.342 0.233 0.522 0.553
70.520 6 0.345 0.233 0.523 0.553
70.560 6 0.342 0.231 0.523 0.550
70.600 6 0.342 0.231 0.523 0.553
70.640 6 0.339 0.228 0.522 0.553
70.680 6 0.345 0.231 0.525 0.550
70.720 6 0.342 0.228 0.523 0.550
70.760 6 0.345 0.231 0.525 0.550
70.800 6 0.341 0.228 0.522 0.550
70.840 6 0.342 0.228 0.523 0.550
70.880 6 0.344 0.228 0.525 0.550
70.920 6 0.344 0.228 0.525 0.550
70.960 6 0.341 0.228 0.523 0.553
71.000 6 0.345 0.250 0.514 0.550
71.040 6 0.339 0.222 0.525 0.553
71.080 6 0.339 0.225 0.523 0.553
71.120 6 0.336 0.219 0.523 0.556
71.160 6 0.339 0.219 0.527 0.553
71.200 6 0.336 0.219 0.523 0.553
71.240 6 0.338 0.222 0.523 0.550
71.280 6 0.339 0.219 0.527 0.553
71.320 6 0.333 0.217 0.522 0.550
71.360 6 0.341 0.219 0.530 0.556
71.400 6 0.331 0.217 0.520 0.553
71.440 6 0.342 0.222 0.530 0.556
71.480 6 0.331 0.217 0.520 0.553
71.520 6 0.339 0.219 0.525 0.550
71.560 6 0.338 0.219 0.522 0.550
71.600 6 0.334 0.219 0.520 0.550
71.640 6 0.336 0.219 0.522 0.550
71.680 6 0.336 0.219 0.522 0.550
71.720 6 0.336 0.219 0.520 0.547
71.760 6 0.336 0.219 0.520 0.547
71.800 6 0.336 0.219 0.520 0.547
71.840 6 0.336 0.219 0.519 0.544
71.880 6 0.336 0.217 0.519 0.542
71.920 6 0.336 0.214 0.519 0.542
71.960 6 0.334 0.211 0.519 0.539
72.000 6 0.325 0.183 0.527 0.542
72.040 6 0.327 0.183 0.530 0.544
72.080 6 0.327 0.183 0.528 0.542
72.120 6 0.327 0.183 0.528 0.542
72.160 6 0.327 0.183 0.528 0.542
72.200 6 0.327 0.183 0.528 0.542
72.240 6 0.327 0.183 0.528 0.542
72.280 6 0.327 0.183 0.530 0.544
72.320 6 0.327 0.186 0.525 0.539
72.360 6 0.331 0.189 0.528 0.539
72.400 6 0.330 0.192 0.523 0.536
72.440 6 0.327 0.186 0.528 0.544
72.480 6 0.328 0.189 0.527 0.544
72.520 6 0.331 0.194 0.527 0.542
72.560 6 0.327 0.189 0.528 0.544
72.600 6 0.327 0.186 0.528 0.547
72.640 6 0.325 0.183 0.528 0.544
72.680 6 0.323 0.181 0.527 0.544
72.720 6 0.323 0.181 0.527 0.542
72.760 6 0.322 0.181 0.525 0.542
72.800 6 0.322 0.181 0.525 0.542
72.840 6 0.322 0.181 0.525 0.539
72.880 6 0.322 0.181 0.525 0.539
72.920 6 0.322 0.181 0.525 0.539
72.960 6 0.322 0.181 0.525 0.539
73.000 6 0.325 0.183 0.527 0.542
73.040 6 0.328 0.203 0.520 0.542
73.080 6 0.331 0.203 0.523 0.544
73.120 6 0.328 0.203 0.520 0.544
73.160 6 0.328 0.206 0.520 0.544
73.200 6 0.330 0.206 0.520 0.547
73.240 6 0.333 0.208 0.522 0.544
73.280 6 0.331 0.211 0.519 0.544
73.320 6 0.328 0.211 0.517 0.550
73.360 6 0.333 0.214 0.522 0.553
73.400 6 0.330 0.217 0.519 0.553
73.440 6 0.334 0.222 0.519 0.553
73.480 6 0.336 0.225 0.519 0.550
73.520 6 0.338 0.225 0.520 0.550
73.560 6 0.338 0.228 0.520 0.550
73.600 6 0.338 0.228 0.520 0.550
73.640 6 0.339 0.228 0.520 0.550
73.680 6 0.341 0.231 0.522 0.553
73.720 6 0.341 0.231 0.522 0.553
73.760 6 0.341 0.231 0.522 0.553
73.800 6 0.342 0.228 0.527 0.556
73.840 6 0.341 0.225 0.527 0.556
73.880 6 0.339 0.228 0.522 0.553
73.920 6 0.339 0.228 0.522 0.553
73.960 6 0.338 0.228 0.520 0.553
74.000 6 0.345 0.250 0.514 0.550
74.040 6 0.336 0.225 0.522 0.553
74.080 6 0.330 0.219 0.519 0.556
74.120 6 0.334 0.217 0.531 0.564
74.160 6 0.325 0.211 0.520 0.561
74.200 6 0.334 0.217 0.527 0.561
74.240 6 0.331 0.217 0.522 0.558
74.280 6 0.333 0.217 0.527 0.558
74.320 6 0.330 0.211 0.523 0.556
74.360 6 0.333 0.217 0.522 0.553
74.400 6 0.336 0.219 0.523 0.553
74.440 6 0.333 0.217 0.520 0.553
74.480 6 0.330 0.217 0.520 0.556
74.520 6 0.334 0.217 0.525 0.553
74.560 6 0.331 0.211 0.520 0.550
74.600 6 0.333 0.206 0.523 0.544
74.640 6 0.331 0.200 0.523 0.542
74.680 6 0.331 0.200 0.523 0.539
74.720 6 0.334 0.200 0.525 0.539
74.760 6 0.333 0.200 0.522 0.539
74.800 6 0.336 0.206 0.523 0.539
74.840 6 0.331 0.203 0.520 0.539
74.880 6 0.334 0.203 0.527 0.542
74.920 6 0.330 0.200 0.522 0.544
74.960 6 0.331 0.200 0.525 0.544
75.000 6 0.325 0.183 0.527 0.542
75.040 6 0.328 0.214 0.517 0.550
75.080 6 0.333 0.217 0.522 0.553
75.120 6 0.328 0.217 0.517 0.553
75.160 6 0.331 0.219 0.517 0.550
75.200 6 0.331 0.219 0.517 0.553
75.240 6 0.330 0.219 0.517 0.553
75.280 6 0.331 0.219 0.517 0.550
75.320 6 0.330 0.217 0.516 0.550
75.360 6 0.333 0.219 0.519 0.550
75.400 6 0.328 0.222 0.512 0.547
75.440 6 0.334 0.225 0.517 0.550
75.480 6 0.331 0.225 0.511 0.544
75.520 6 0.333 0.225 0.516 0.547
75.560 6 0.328 0.228 0.509 0.547
75.600 6 0.331 0.228 0.512 0.547
75.640 6 0.328 0.231 0.506 0.547
75.680 6 0.331 0.236 0.508 0.547
75.720 6 0.327 0.239 0.503 0.553
75.760 6 0.330 0.242 0.506 0.558
75.800 6 0.325 0.242 0.502 0.558
75.840 6 0.327 0.239 0.505 0.556
75.880 6 0.323 0.231 0.505 0.553
75.920 6 0.322 0.225 0.505 0.553
75.960 6 0.320 0.222 0.505 0.547
76.000 6 0.327 0.250 0.495 0.550
76.040 6 0.331 0.236 0.502 0.539
76.080 6 0.330 0.236 0.498 0.536
76.120 6 0.330 0.239 0.497 0.533
76.160 6 0.330 0.239 0.497 0.536
76.200 6 0.328 0.239 0.494 0.536
76.240 6 0.330 0.239 0.498 0.536
76.280 6 0.327 0.242 0.494 0.536
76.320 6 0.333 0.242 0.498 0.539
76.360 6 0.330 0.244 0.492 0.536
76.400 6 0.330 0.242 0.497 0.542
76.440 6 0.327 0.244 0.492 0.539
76.480 6 0.327 0.242 0.495 0.542
76.520 6 0.325 0.233 0.494 0.536
76.560 6 0.323 0.228 0.492 0.531
76.600 6 0.320 0.222 0.491 0.525
76.640 6 0.322 0.219 0.494 0.525
76.680 6 0.320 0.225 0.487 0.519
76.720 6 0.325 0.228 0.492 0.522
76.760 6 0.322 0.231 0.491 0.528
76.800 6 0.325 0.236 0.487 0.525
76.840 6 0.328 0.236 0.494 0.528
76.880 6 0.320 0.231 0.489 0.528
76.920 6 0.322 0.225 0.497 0.533
76.960 6 0.322 0.228 0.492 0.531
77.000 6 0.327 0.217 0.495 0.517
77.040 6 0.327 0.228 0.495 0.528
77.080 6 0.328 0.231 0.498 0.533
77.120 6 0.325 0.233 0.497 0.539
77.160 6 0.330 0.236 0.502 0.539
77.200 6 0.328 0.233 0.498 0.539
77.240 6 0.327 0.231 0.502 0.539
77.280 6 0.325 0.228 0.502 0.542
77.320 6 0.328 0.228 0.505 0.542
77.360 6 0.325 0.231 0.498 0.536
77.400 6 0.330 0.231 0.505 0.544
77.440 6 0.325 0.233 0.495 0.539
77.480 6 0.331 0.236 0.502 0.539
77.520 6 0.325 0.228 0.498 0.536
77.560 6 0.327 0.231 0.498 0.533
77.600 6 0.328 0.228 0.500 0.536
77.640 6 0.323 0.231 0.495 0.536
77.680 6 0.328 0.233 0.500 0.536
77.720 6 0.327 0.236 0.497 0.539
77.760 6 0.328 0.239 0.500 0.542
77.800 6 0.325 0.242 0.495 0.544
77.840 6 0.327 0.242 0.500 0.547
77.880 6 0.325 0.244 0.494 0.547
77.920 6 0.328 0.244 0.500 0.550
77.960 6 0.323 0.244 0.494 0.547
78.000 6 0.327 0.250 0.495 0.550
78.040 6 0.319 0.222 0.503 0.547
78.080 6 0.319 0.222 0.503 0.547
78.120 6 0.319 0.222 0.503 0.547
78.160 6 0.319 0.222 0.503 0.547
78.200 6 0.319 0.219 0.502 0.547
78.240 6 0.319 0.219 0.502 0.547
78.280 6 0.317 0.219 0.502 0.547
78.320 6 0.317 0.219 0.502 0.547
78.360 6 0.317 0.219 0.502 0.547
78.400 6 0.317 0.219 0.502 0.547
78.440 6 0.317 0.217 0.502 0.547
78.480 6 0.316 0.217 0.502 0.547
78.520 6 0.316 0.217 0.502 0.547
78.560 6 0.316 0.217 0.500 0.544
78.600 6 0.316 0.217 0.500 0.544
78.640 6 0.316 0.217 0.500 0.544
78.680 6 0.316 0.217 0.500 0.544
78.720 6 0.316 0.217 0.500 0.544
78.760 6 0.314 0.217 0.500 0.544
78.800 6 0.317 0.217 0.502 0.547
78.840 6 0.314 0.217 0.498 0.544
78.880 6 0.314 0.217 0.497 0.544
78.920 6 0.314 0.217 0.497 0.544
78.960 6 0.312 0.214 0.497 0.542
79.000 6 0.303 0.183 0.505 0.542
79.040 6 0.303 0.189 0.505 0.547
79.080 6 0.303 0.186 0.503 0.542
79.120 6 0.300 0.178 0.505 0.542
79.160 6 0.298 0.172 0.505 0.539
79.200 6 0.298 0.172 0.502 0.531
79.240 6 0.303 0.172 0.508 0.533
79.280 6 0.298 0.172 0.500 0.531
79.320 6 0.302 0.169 0.508 0.536
79.360 6 0.300 0.169 0.503 0.531
79.400 6 0.302 0.172 0.505 0.536
79.440 6 0.302 0.175 0.505 0.536
79.480 6 0.303 0.172 0.508 0.536
79.520 6 0.302 0.172 0.505 0.533
79.560 6 0.303 0.178 0.505 0.536
79.600 6 0.303 0.178 0.505 0.536
79.640 6 0.306 0.181 0.506 0.536
79.680 6 0.305 0.181 0.505 0.536
79.720 6 0.303 0.181 0.503 0.536
79.760 6 0.302 0.181 0.503 0.536
79.800 6 0.303 0.181 0.503 0.536
79.840 6 0.305 0.183 0.502 0.533
79.880 6 0.303 0.178 0.503 0.536
79.920 6 0.303 0.175 0.503 0.533
79.960 6 0.303 0.175 0.505 0.533
80.000 6 0.303 0.183 0.505 0.542
80.040 6 0.303 0.183 0.505 0.542
80.080 6 0.303 0.183 0.505 0.542
80.120 6 0.300 0.186 0.500 0.542
80.160 6 0.311 0.192 0.506 0.539
80.200 6 0.306 0.194 0.500 0.539
80.240 6 0.305 0.189 0.506 0.547
80.280 6 0.306 0.189 0.508 0.547
80.320 6 0.311 0.189 0.514 0.550
80.360 6 0.306 0.183 0.509 0.547
80.400 6 0.311 0.183 0.516 0.544
80.440 6 0.306 0.181 0.511 0.544
80.480 6 0.306 0.181 0.511 0.544
80.520 6 0.306 0.181 0.511 0.544
80.560 6 0.308 0.186 0.509 0.544
80.600 6 0.308 0.186 0.509 0.544
104.760 7 0.416 0.169 0.659 0.600
104.800 7 0.417 0.172 0.653 0.589
104.840 7 0.420 0.167 0.667 0.606
104.880 7 0.411 0.169 0.653 0.600
104.920 7 0.417 0.172 0.659 0.600
104.960 7 0.417 0.172 0.659 0.600
105.000 7 0.417 0.172 0.659 0.600
105.040 7 0.417 0.172 0.662 0.603
105.080 7 0.412 0.172 0.656 0.603
105.120 7 0.416 0.172 0.658 0.600
105.160 7 0.416 0.169 0.662 0.606
105.200 7 0.412 0.169 0.658 0.606
105.240 7 0.417 0.172 0.664 0.606
105.280 7 0.412 0.172 0.658 0.606
105.320 7 0.417 0.172 0.662 0.606
105.360 7 0.412 0.175 0.656 0.606
105.400 7 0.417 0.175 0.662 0.608
105.440 7 0.411 0.178 0.656 0.608
105.480 7 0.414 0.178 0.658 0.608
105.520 7 0.411 0.178 0.655 0.608
105.560 7 0.414 0.178 0.658 0.608
105.600 7 0.406 0.178 0.647 0.603
105.640 7 0.417 0.175 0.662 0.608
105.680 7 0.405 0.175 0.650 0.606
105.720 7 0.414 0.175 0.659 0.608
105.760 7 0.409 0.175 0.655 0.608
105.800 7 0.416 0.175 0.661 0.606
105.840 7 0.411 0.172 0.656 0.606
105.880 7 0.419 0.172 0.662 0.603
105.920 7 0.412 0.169 0.658 0.600
105.960 7 0.422 0.172 0.662 0.597
106.000 7 0.417 0.172 0.659 0.600
106.040 7 0.412 0.175 0.652 0.597
106.080 7 0.417 0.181 0.658 0.606
106.120 7 0.414 0.189 0.658 0.619
106.160 7 0.411 0.194 0.656 0.625
106.200 7 0.417 0.200 0.661 0.631
106.240 7 0.412 0.197 0.658 0.631
106.280 7 0.419 0.192 0.666 0.625
106.320 7 0.417 0.186 0.659 0.614
106.360 7 0.422 0.181 0.664 0.608
106.400 7 0.417 0.175 0.659 0.603
106.440 7 0.419 0.172 0.662 0.603
106.480 7 0.422 0.178 0.664 0.606
106.520 7 0.419 0.178 0.659 0.603
106.560 7 0.422 0.181 0.662 0.606
106.600 7 0.423 0.181 0.666 0.608
106.640 7 0.420 0.181 0.661 0.606
106.680 7 0.422 0.181 0.662 0.608
106.720 7 0.422 0.181 0.664 0.608
106.760 7 0.422 0.181 0.664 0.608
106.800 7 0.420 0.181 0.664 0.608
106.840 7 0.420 0.181 0.662 0.608
106.880 7 0.422 0.181 0.662 0.606
106.920 7 0.422 0.181 0.662 0.606
106.960 7 0.420 0.175 0.664 0.606
107.000 7 0.417 0.172 0.659 0.600
107.040 7 0.419 0.175 0.658 0.600
107.080 7 0.417 0.172 0.659 0.600
107.120 7 0.416 0.169 0.662 0.603
107.160 7 0.416 0.167 0.661 0.600
107.200 7 0.419 0.167 0.664 0.600
107.240 7 0.416 0.167 0.661 0.600
107.280 7 0.416 0.167 0.661 0.600
107.320 7 0.416 0.167 0.661 0.600
107.360 7 0.416 0.164 0.661 0.600
107.400 7 0.416 0.164 0.662 0.600
107.440 7 0.414 0.158 0.664 0.600
107.480 7 0.414 0.158 0.662 0.597
107.520 7 0.416 0.158 0.662 0.594
107.560 7 0.416 0.161 0.662 0.594
107.600 7 0.416 0.161 0.662 0.597
107.640 7 0.417 0.161 0.664 0.597
107.680 7 0.417 0.161 0.664 0.600
107.720 7 0.417 0.164 0.664 0.600
107.760 7 0.417 0.164 0.664 0.600
107.800 7 0.417 0.164 0.664 0.600
107.840 7 0.414 0.164 0.661 0.600
107.880 7 0.420 0.167 0.666 0.600
107.920 7 0.414 0.167 0.659 0.600
107.960 7 0.419 0.167 0.666 0.600
108.000 7 0.417 0.172 0.659 0.600
108.040 7 0.430 0.178 0.653 0.572
108.080 7 0.428 0.178 0.650 0.572
108.120 7 0.431 0.178 0.653 0.572
108.160 7 0.427 0.178 0.648 0.572
108.200 7 0.431 0.178 0.655 0.572
108.240 7 0.427 0.178 0.650 0.572
108.280 7 0.431 0.175 0.655 0.572
108.320 7 0.428 0.175 0.655 0.578
108.360 7 0.430 0.178 0.653 0.572
108.400 7 0.428 0.175 0.650 0.569
108.440 7 0.433 0.178 0.655 0.572
108.480 7 0.427 0.181 0.648 0.572
108.520 7 0.428 0.178 0.655 0.578
108.560 7 0.427 0.175 0.650 0.572
108.600 7 0.428 0.172 0.652 0.569
108.640 7 0.425 0.172 0.648 0.569
108.680 7 0.423 0.172 0.652 0.575
108.720 7 0.430 0.175 0.655 0.572
108.760 7 0.425 0.172 0.648 0.569
108.800 7 0.428 0.172 0.650 0.567
108.840 7 0.425 0.175 0.647 0.569
108.880 7 0.430 0.175 0.652 0.569
108.920 7 0.427 0.175 0.650 0.569
108.960 7 0.427 0.178 0.648 0.569
109.000 7 0.438 0.183 0.639 0.542
109.040 7 0.423 0.178 0.645 0.569
109.080 7 0.430 0.178 0.650 0.569
109.120 7 0.425 0.181 0.648 0.578
109.160 7 0.427 0.181 0.647 0.569
109.200 7 0.430 0.181 0.650 0.569
109.240 7 0.427 0.181 0.647 0.569
109.280 7 0.430 0.181 0.650 0.569
109.320 7 0.428 0.183 0.645 0.569
109.360 7 0.427 0.186 0.641 0.567
109.400 7 0.430 0.183 0.652 0.578
109.440 7 0.427 0.178 0.647 0.569
109.480 7 0.430 0.169 0.650 0.561
109.520 7 0.427 0.161 0.647 0.553
109.560 7 0.428 0.156 0.648 0.547
109.600 7 0.430 0.158 0.650 0.550
109.640 7 0.433 0.169 0.653 0.558
109.680 7 0.428 0.178 0.648 0.567
109.720 7 0.430 0.181 0.645 0.564
109.760 7 0.431 0.178 0.652 0.569
109.800 7 0.425 0.178 0.647 0.569
109.840 7 0.431 0.178 0.653 0.569
109.880 7 0.427 0.175 0.648 0.567
109.920 7 0.428 0.175 0.650 0.569
109.960 7 0.428 0.175 0.652 0.569
110.000 7 0.417 0.172 0.659 0.600
110.040 7 0.422 0.175 0.661 0.597
110.080 7 0.417 0.175 0.655 0.594
110.120 7 0.417 0.169 0.662 0.603
110.160 7 0.417 0.169 0.661 0.600
110.200 7 0.417 0.169 0.661 0.600
110.240 7 0.416 0.172 0.659 0.603
110.280 7 0.420 0.178 0.658 0.597
110.320 7 0.422 0.178 0.658 0.594
110.360 7 0.417 0.178 0.656 0.600
110.400 7 0.419 0.178 0.659 0.600
110.440 7 0.416 0.181 0.650 0.597
110.480 7 0.417 0.181 0.653 0.597
110.520 7 0.417 0.181 0.653 0.597
110.560 7 0.417 0.181 0.650 0.592
110.600 7 0.417 0.175 0.658 0.600
110.640 7 0.409 0.172 0.652 0.600
110.680 7 0.414 0.175 0.653 0.600
110.720 7 0.414 0.178 0.655 0.600
110.760 7 0.416 0.178 0.655 0.600
110.800 7 0.416 0.178 0.658 0.606
110.840 7 0.414 0.181 0.653 0.603
110.880 7 0.417 0.181 0.655 0.600
110.920 7 0.420 0.181 0.655 0.597
110.960 7 0.417 0.175 0.658 0.600
111.000 7 0.417 0.172 0.659 0.600
111.040 7 0.419 0.178 0.656 0.600
111.080 7 0.416 0.175 0.656 0.603
111.120 7 0.419 0.181 0.659 0.606
111.160 7 0.414 0.192 0.655 0.617
111.200 7 0.417 0.189 0.661 0.619
111.240 7 0.416 0.192 0.658 0.617
111.280 7 0.412 0.183 0.655 0.611
111.320 7 0.414 0.169 0.661 0.606
111.360 7 0.416 0.161 0.661 0.597
111.400 7 0.416 0.153 0.666 0.594
111.440 7 0.419 0.156 0.666 0.594
111.480 7 0.412 0.161 0.659 0.594
111.520 7 0.419 0.167 0.662 0.594
111.560 7 0.411 0.164 0.659 0.603
111.600 7 0.416 0.164 0.664 0.603
111.640 7 0.412 0.164 0.659 0.600
111.680 7 0.416 0.164 0.661 0.600
111.720 7 0.416 0.164 0.659 0.594
111.760 7 0.416 0.161 0.666 0.603
111.800 7 0.411 0.164 0.659 0.603
111.840 7 0.417 0.167 0.666 0.606
111.880 7 0.411 0.167 0.658 0.603
111.920 7 0.417 0.169 0.661 0.603
111.960 7 0.419 0.167 0.666 0.603
112.000 7 0.417 0.172 0.659 0.600
112.040 7 0.419 0.167 0.659 0.594
112.080 7 0.414 0.164 0.658 0.597
112.120 7 0.420 0.169 0.664 0.597
112.160 7 0.420 0.175 0.656 0.589
112.200 7 0.419 0.172 0.658 0.592
112.240 7 0.419 0.164 0.658 0.586
112.280 7 0.417 0.150 0.656 0.572
112.320 7 0.419 0.133 0.661 0.561
112.360 7 0.419 0.119 0.666 0.553
112.400 7 0.420 0.114 0.667 0.547
112.440 7 0.422 0.111 0.672 0.553
112.480 7 0.416 0.114 0.669 0.561
112.520 7 0.419 0.131 0.670 0.575
112.560 7 0.408 0.131 0.664 0.583
112.600 7 0.409 0.142 0.662 0.589
112.640 7 0.409 0.150 0.659 0.592
112.680 7 0.408 0.153 0.658 0.592
112.720 7 0.408 0.156 0.655 0.592
112.760 7 0.409 0.161 0.655 0.594
112.800 7 0.409 0.167 0.655 0.597
112.840 7 0.411 0.169 0.655 0.603
112.880 7 0.412 0.172 0.656 0.603
112.920 7 0.412 0.175 0.656 0.603
112.960 7 0.411 0.172 0.655 0.606
113.000 7 0.417 0.172 0.659 0.600
113.040 7 0.431 0.169 0.672 0.597
113.080 7 0.423 0.169 0.662 0.594
113.120 7 0.430 0.167 0.675 0.603
113.160 7 0.425 0.167 0.669 0.597
113.200 7 0.433 0.169 0.672 0.594
113.240 7 0.427 0.169 0.664 0.589
113.280 7 0.431 0.172 0.670 0.594
113.320 7 0.430 0.172 0.664 0.589
113.360 7 0.428 0.169 0.667 0.594
113.400 7 0.428 0.169 0.669 0.594
113.440 7 0.427 0.167 0.669 0.597
113.480 7 0.427 0.167 0.669 0.597
113.520 7 0.427 0.169 0.669 0.597
113.560 7 0.428 0.172 0.669 0.597
113.600 7 0.428 0.175 0.667 0.600
113.640 7 0.428 0.178 0.667 0.600
113.680 7 0.430 0.181 0.667 0.603
113.720 7 0.430 0.181 0.669 0.603
113.760 7 0.430 0.181 0.669 0.603
113.800 7 0.427 0.181 0.667 0.606
113.840 7 0.431 0.181 0.669 0.606
113.880 7 0.428 0.181 0.669 0.606
113.920 7 0.436 0.181 0.673 0.603
113.960 7 0.430 0.175 0.672 0.603
114.000 7 0.445 0.172 0.686 0.600
114.040 7 0.441 0.167 0.684 0.600
114.080 7 0.438 0.161 0.681 0.594
114.120 7 0.445 0.158 0.689 0.592
114.160 7 0.445 0.158 0.689 0.592
114.200 7 0.448 0.158 0.691 0.592
114.240 7 0.450 0.161 0.692 0.592
114.280 7 0.452 0.158 0.694 0.592
114.320 7 0.452 0.156 0.695 0.589
114.360 7 0.453 0.156 0.697 0.586
114.400 7 0.453 0.150 0.698 0.586
114.440 7 0.453 0.150 0.703 0.594
114.480 7 0.450 0.150 0.697 0.592
114.520 7 0.456 0.153 0.703 0.592
114.560 7 0.452 0.156 0.695 0.589
114.600 7 0.456 0.156 0.702 0.592
114.640 7 0.453 0.158 0.697 0.592
114.680 7 0.453 0.161 0.697 0.592
114.720 7 0.453 0.161 0.697 0.594
114.760 7 0.456 0.164 0.698 0.597
114.800 7 0.452 0.169 0.692 0.597
114.840 7 0.455 0.172 0.702 0.611
114.880 7 0.447 0.178 0.689 0.606
114.920 7 0.456 0.178 0.697 0.606
114.960 7 0.450 0.175 0.691 0.603
115.000 7 0.445 0.172 0.686 0.600
115.040 7 0.448 0.167 0.692 0.597
115.080 7 0.444 0.161 0.686 0.594
115.120 7 0.447 0.156 0.695 0.597
115.160 7 0.442 0.153 0.691 0.597
115.200 7 0.448 0.158 0.697 0.600
115.240 7 0.450 0.172 0.694 0.606
115.280 7 0.444 0.175 0.689 0.611
115.320 7 0.450 0.189 0.694 0.622
115.360 7 0.439 0.186 0.689 0.631
115.400 7 0.444 0.181 0.698 0.633
115.440 7 0.438 0.178 0.691 0.628
115.480 7 0.445 0.175 0.698 0.625
115.520 7 0.438 0.172 0.691 0.622
115.560 7 0.442 0.169 0.694 0.619
115.600 7 0.444 0.175 0.689 0.611
115.640 7 0.439 0.181 0.678 0.606
115.680 7 0.452 0.186 0.689 0.608
115.720 7 0.442 0.183 0.678 0.603
115.760 7 0.447 0.186 0.683 0.606
115.800 7 0.442 0.186 0.678 0.606
115.840 7 0.445 0.183 0.683 0.606
115.880 7 0.441 0.181 0.680 0.603
115.920 7 0.445 0.175 0.686 0.603
115.960 7 0.441 0.172 0.681 0.600
116.000 7 0.445 0.172 0.686 0.600
116.040 7 0.441 0.169 0.681 0.600
116.080 7 0.442 0.169 0.684 0.597
116.120 7 0.442 0.161 0.689 0.600
116.160 7 0.442 0.161 0.686 0.594
116.200 7 0.441 0.158 0.688 0.597
116.240 7 0.444 0.158 0.688 0.592
116.280 7 0.445 0.161 0.688 0.592
116.320 7 0.447 0.161 0.689 0.592
116.360 7 0.448 0.167 0.688 0.594
116.400 7 0.448 0.172 0.689 0.597
116.440 7 0.447 0.172 0.686 0.597
116.480 7 0.448 0.172 0.692 0.603
116.520 7 0.447 0.167 0.689 0.600
116.560 7 0.450 0.164 0.694 0.600
116.600 7 0.448 0.161 0.692 0.594
116.640 7 0.447 0.161 0.691 0.594
116.680 7 0.452 0.169 0.692 0.597
116.720 7 0.445 0.183 0.684 0.608
116.760 7 0.456 0.183 0.692 0.603
116.800 7 0.445 0.178 0.680 0.594
116.840 7 0.453 0.169 0.689 0.589
116.880 7 0.450 0.169 0.683 0.583
116.920 7 0.452 0.172 0.688 0.589
116.960 7 0.452 0.172 0.689 0.594
117.000 7 0.445 0.172 0.686 0.600
117.040 7 0.445 0.181 0.681 0.600
117.080 7 0.445 0.181 0.681 0.603
117.120 7 0.444 0.183 0.680 0.603
117.160 7 0.444 0.183 0.680 0.603
117.200 7 0.442 0.181 0.678 0.603
117.240 7 0.441 0.181 0.678 0.603
117.280 7 0.439 0.181 0.675 0.597
117.320 7 0.442 0.181 0.680 0.600
117.360 7 0.438 0.181 0.672 0.597
117.400 7 0.442 0.181 0.681 0.603
117.440 7 0.438 0.181 0.675 0.603
117.480 7 0.442 0.178 0.681 0.606
117.520 7 0.439 0.178 0.677 0.603
117.560 7 0.444 0.175 0.684 0.606
117.600 7 0.439 0.175 0.680 0.603
117.640 7 0.444 0.169 0.688 0.600
117.680 7 0.439 0.167 0.681 0.600
117.720 7 0.445 0.164 0.689 0.597
117.760 7 0.439 0.164 0.684 0.597
117.800 7 0.447 0.164 0.691 0.597
117.840 7 0.444 0.164 0.688 0.597
117.880 7 0.447 0.164 0.692 0.597
117.920 7 0.445 0.164 0.689 0.597
117.960 7 0.445 0.164 0.689 0.597
118.000 7 0.445 0.172 0.686 0.600
118.040 7 0.447 0.167 0.689 0.597
118.080 7 0.448 0.167 0.692 0.600
118.120 7 0.452 0.172 0.688 0.592
118.160 7 0.447 0.169 0.686 0.597
118.200 7 0.445 0.172 0.683 0.594
118.240 7 0.448 0.175 0.684 0.594
118.280 7 0.447 0.172 0.684 0.597
118.320 7 0.447 0.175 0.683 0.594
118.360 7 0.445 0.175 0.683 0.597
118.400 7 0.445 0.175 0.683 0.597
118.440 7 0.442 0.178 0.680 0.597
118.480 7 0.445 0.175 0.683 0.600
118.520 7 0.444 0.175 0.683 0.600
118.560 7 0.447 0.175 0.688 0.600
118.600 7 0.445 0.172 0.683 0.597
118.640 7 0.445 0.172 0.691 0.608
118.680 7 0.444 0.178 0.683 0.600
118.720 7 0.444 0.178 0.681 0.600
118.760 7 0.444 0.181 0.680 0.600
118.800 7 0.444 0.181 0.678 0.597
118.840 7 0.444 0.181 0.681 0.603
118.880 7 0.445 0.181 0.678 0.597
118.920 7 0.445 0.181 0.681 0.600
118.960 7 0.445 0.181 0.681 0.600
119.000 7 0.445 0.172 0.686 0.600
119.040 7 0.448 0.172 0.686 0.597
119.080 7 0.447 0.172 0.686 0.597
119.120 7 0.448 0.172 0.689 0.600
119.160 7 0.450 0.172 0.692 0.603
119.200 7 0.447 0.172 0.689 0.603
119.240 7 0.450 0.175 0.691 0.600
119.280 7 0.447 0.172 0.689 0.603
119.320 7 0.444 0.172 0.686 0.603
119.360 7 0.444 0.172 0.686 0.603
119.400 7 0.445 0.172 0.688 0.606
119.440 7 0.444 0.169 0.688 0.603
119.480 7 0.448 0.172 0.684 0.594
119.520 7 0.444 0.172 0.686 0.600
119.560 7 0.447 0.175 0.688 0.603
119.600 7 0.441 0.175 0.681 0.603
119.640 7 0.442 0.175 0.683 0.603
119.680 7 0.442 0.175 0.681 0.603
119.720 7 0.436 0.178 0.673 0.600
119.760 7 0.444 0.181 0.680 0.600
119.800 7 0.442 0.186 0.677 0.600
119.840 7 0.452 0.186 0.684 0.600
119.880 7 0.445 0.189 0.678 0.600
119.920 7 0.450 0.186 0.686 0.606
119.960 7 0.442 0.181 0.681 0.606
120.000 7 0.445 0.172 0.686 0.600
120.040 7 0.441 0.128 0.705 0.600
120.080 7 0.433 0.114 0.705 0.597
120.120 7 0.442 0.108 0.714 0.592
120.160 7 0.438 0.103 0.711 0.589
120.200 7 0.448 0.106 0.719 0.586
120.240 7 0.444 0.106 0.716 0.589
120.280 7 0.445 0.106 0.720 0.594
120.320 7 0.444 0.106 0.722 0.597
120.360 7 0.444 0.103 0.725 0.606
120.400 7 0.438 0.103 0.720 0.606
120.440 7 0.447 0.108 0.728 0.606
120.480 7 0.438 0.111 0.713 0.600
120.520 7 0.448 0.111 0.725 0.606
120.560 7 0.441 0.114 0.716 0.600
120.600 7 0.444 0.117 0.720 0.608
120.640 7 0.441 0.119 0.713 0.603
120.680 7 0.444 0.122 0.719 0.608
120.720 7 0.444 0.128 0.709 0.600
120.760 7 0.452 0.128 0.716 0.597
120.800 7 0.447 0.128 0.711 0.597
120.840 7 0.450 0.133 0.713 0.603
120.880 7 0.445 0.133 0.708 0.600
120.920 7 0.447 0.131 0.713 0.603
120.960 7 0.447 0.128 0.713 0.600
121.000 7 0.438 0.092 0.728 0.608
121.040 7 0.445 0.106 0.713 0.581
121.080 7 0.438 0.108 0.702 0.578
121.120 7 0.450 0.108 0.714 0.578
121.160 7 0.438 0.103 0.705 0.578
121.200 7 0.452 0.114 0.713 0.581
121.240 7 0.441 0.114 0.703 0.581
121.280 7 0.445 0.111 0.714 0.592
121.320 7 0.436 0.106 0.706 0.589
121.360 7 0.445 0.108 0.716 0.592
121.400 7 0.438 0.106 0.708 0.589
121.440 7 0.445 0.108 0.714 0.589
121.480 7 0.439 0.106 0.711 0.592
121.520 7 0.444 0.117 0.709 0.589
121.560 7 0.439 0.117 0.706 0.592
121.600 7 0.445 0.119 0.708 0.589
121.640 7 0.445 0.117 0.708 0.586
121.680 7 0.447 0.111 0.713 0.586
121.720 7 0.441 0.108 0.708 0.586
121.760 7 0.447 0.106 0.716 0.586
121.800 7 0.444 0.108 0.711 0.583
121.840 7 0.444 0.106 0.711 0.583
121.880 7 0.444 0.106 0.711 0.581
121.920 7 0.442 0.106 0.709 0.581
121.960 7 0.444 0.106 0.711 0.581
122.000 7 0.445 0.122 0.686 0.553
122.040 7 0.447 0.125 0.686 0.553
122.080 7 0.445 0.125 0.684 0.556
122.120 7 0.445 0.133 0.678 0.550
122.160 7 0.439 0.131 0.678 0.556
122.200 7 0.442 0.128 0.683 0.558
122.240 7 0.436 0.122 0.678 0.556
122.280 7 0.441 0.117 0.684 0.553
122.320 7 0.441 0.114 0.684 0.553
122.360 7 0.438 0.114 0.680 0.547
122.400 7 0.444 0.119 0.683 0.547
122.440 7 0.438 0.122 0.677 0.550
122.480 7 0.444 0.131 0.678 0.550
122.520 7 0.438 0.133 0.673 0.556
122.560 7 0.441 0.144 0.675 0.564
122.600 7 0.441 0.153 0.675 0.572
122.640 7 0.441 0.156 0.673 0.575
122.680 7 0.439 0.156 0.673 0.572
122.720 7 0.441 0.150 0.677 0.569
122.760 7 0.438 0.147 0.672 0.567
122.800 7 0.442 0.142 0.678 0.564
122.840 7 0.439 0.139 0.673 0.558
122.880 7 0.442 0.131 0.680 0.556
122.920 7 0.439 0.128 0.675 0.550
122.960 7 0.447 0.128 0.683 0.547
123.000 7 0.445 0.122 0.686 0.553
123.040 7 0.445 0.125 0.688 0.556
123.080 7 0.452 0.125 0.692 0.556
123.120 7 0.448 0.125 0.689 0.556
123.160 7 0.452 0.125 0.692 0.558
123.200 7 0.445 0.125 0.688 0.558
123.240 7 0.450 0.128 0.692 0.558
123.280 7 0.444 0.131 0.684 0.561
123.320 7 0.450 0.139 0.688 0.564
123.360 7 0.444 0.147 0.677 0.564
123.400 7 0.448 0.153 0.680 0.567
123.440 7 0.442 0.158 0.672 0.569
123.480 7 0.445 0.156 0.675 0.567
123.520 7 0.441 0.150 0.670 0.561
123.560 7 0.444 0.142 0.678 0.561
123.600 7 0.439 0.139 0.672 0.556
123.640 7 0.442 0.133 0.675 0.550
123.680 7 0.442 0.131 0.678 0.553
123.720 7 0.438 0.133 0.672 0.553
123.760 7 0.444 0.139 0.680 0.558
123.800 7 0.438 0.144 0.670 0.558
123.840 7 0.441 0.142 0.678 0.564
123.880 7 0.444 0.142 0.677 0.558
123.920 7 0.442 0.131 0.680 0.558
123.960 7 0.445 0.128 0.680 0.547
124.000 7 0.445 0.122 0.686 0.553
124.040 7 0.438 0.117 0.700 0.583
124.080 7 0.434 0.114 0.698 0.586
124.120 7 0.434 0.114 0.698 0.586
124.160 7 0.434 0.114 0.698 0.583
124.200 7 0.436 0.117 0.698 0.583
124.240 7 0.436 0.117 0.698 0.583
124.280 7 0.438 0.117 0.698 0.583
124.320 7 0.433 0.117 0.694 0.583
124.360 7 0.436 0.117 0.697 0.583
124.400 7 0.439 0.117 0.700 0.581
124.440 7 0.431 0.114 0.692 0.581
124.480 7 0.438 0.111 0.700 0.581
124.520 7 0.438 0.108 0.697 0.569
124.560 7 0.441 0.111 0.694 0.564
124.600 7 0.447 0.114 0.697 0.561
124.640 7 0.442 0.114 0.697 0.569
124.680 7 0.441 0.128 0.694 0.578
124.720 7 0.447 0.139 0.702 0.592
124.760 7 0.447 0.156 0.697 0.603
124.800 7 0.444 0.169 0.691 0.611
124.840 7 0.453 0.181 0.697 0.617
124.880 7 0.447 0.183 0.691 0.617
124.920 7 0.450 0.178 0.695 0.614
124.960 7 0.448 0.169 0.691 0.603
125.000 7 0.445 0.172 0.686 0.600
125.040 7 0.444 0.158 0.683 0.583
125.080 7 0.445 0.150 0.683 0.575
125.120 7 0.447 0.147 0.688 0.575
125.160 7 0.445 0.147 0.684 0.575
125.200 7 0.445 0.147 0.686 0.575
125.240 7 0.444 0.144 0.686 0.575
125.280 7 0.444 0.144 0.686 0.575
125.320 7 0.444 0.144 0.684 0.572
125.360 7 0.441 0.142 0.681 0.569
125.400 7 0.444 0.136 0.684 0.567
125.440 7 0.438 0.131 0.678 0.561
125.480 7 0.441 0.131 0.680 0.556
125.520 7 0.442 0.131 0.680 0.558
125.560 7 0.442 0.139 0.681 0.564
125.600 7 0.444 0.144 0.683 0.569
125.640 7 0.442 0.158 0.681 0.583
125.680 7 0.442 0.164 0.678 0.583
125.720 7 0.438 0.158 0.677 0.583
125.760 7 0.444 0.150 0.683 0.575
125.800 7 0.439 0.144 0.680 0.569
125.840 7 0.444 0.133 0.683 0.558
125.880 7 0.442 0.128 0.680 0.553
125.920 7 0.444 0.128 0.681 0.550
125.960 7 0.445 0.128 0.683 0.553
126.000 7 0.445 0.122 0.686 0.553
126.040 7 0.447 0.122 0.692 0.561
126.080 7 0.442 0.128 0.684 0.564
126.120 7 0.447 0.128 0.688 0.558
126.160 7 0.444 0.117 0.688 0.553
126.200 7 0.444 0.111 0.686 0.544
126.240 7 0.442 0.114 0.684 0.544
126.280 7 0.445 0.125 0.681 0.547
126.320 7 0.438 0.147 0.677 0.578
126.360 7 0.439 0.161 0.673 0.583
126.400 7 0.433 0.156 0.667 0.578
126.440 7 0.438 0.150 0.672 0.567
126.480 7 0.439 0.133 0.675 0.556
126.520 7 0.441 0.122 0.678 0.544
126.560 7 0.436 0.108 0.678 0.542
126.600 7 0.439 0.111 0.683 0.544
126.640 7 0.439 0.117 0.680 0.547
126.680 7 0.441 0.122 0.680 0.553
126.720 7 0.442 0.125 0.683 0.553
126.760 7 0.439 0.125 0.678 0.550
126.800 7 0.448 0.128 0.683 0.547
126.840 7 0.444 0.128 0.680 0.547
126.880 7 0.447 0.131 0.681 0.550
126.920 7 0.447 0.131 0.681 0.550
126.960 7 0.447 0.131 0.681 0.550
127.000 7 0.445 0.122 0.686 0.553
127.040 7 0.445 0.122 0.686 0.553
127.080 7 0.441 0.128 0.677 0.550
127.120 7 0.444 0.125 0.684 0.556
127.160 7 0.444 0.125 0.684 0.553
141.040 8 0.486 0.236 0.583 0.411
141.080 8 0.491 0.236 0.591 0.414
141.120 8 0.489 0.239 0.586 0.411
141.160 8 0.491 0.239 0.588 0.414
141.200 8 0.489 0.242 0.584 0.411
141.240 8 0.489 0.242 0.588 0.414
141.280 8 0.489 0.244 0.584 0.414
141.320 8 0.489 0.244 0.584 0.414
141.360 8 0.487 0.244 0.584 0.417
141.400 8 0.486 0.242 0.583 0.417
141.440 8 0.489 0.244 0.586 0.417
141.480 8 0.486 0.242 0.584 0.417
141.520 8 0.489 0.244 0.586 0.414
141.560 8 0.486 0.239 0.584 0.417
141.600 8 0.491 0.242 0.586 0.414
141.640 8 0.487 0.242 0.583 0.411
141.680 8 0.491 0.242 0.586 0.411
141.720 8 0.491 0.242 0.586 0.411
141.760 8 0.491 0.242 0.586 0.411
141.800 8 0.491 0.242 0.586 0.411
141.840 8 0.491 0.242 0.586 0.414
141.880 8 0.487 0.239 0.586 0.414
141.920 8 0.491 0.242 0.588 0.414
141.960 8 0.486 0.239 0.586 0.417
142.000 8 0.491 0.242 0.588 0.414
142.040 8 0.486 0.242 0.583 0.414
142.080 8 0.486 0.242 0.583 0.414
142.120 8 0.486 0.242 0.583 0.414
142.160 8 0.487 0.242 0.584 0.414
142.200 8 0.486 0.242 0.583 0.414
142.240 8 0.487 0.242 0.584 0.414
142.280 8 0.486 0.242 0.583 0.414
142.320 8 0.486 0.242 0.583 0.414
142.360 8 0.486 0.242 0.583 0.414
142.400 8 0.486 0.242 0.583 0.414
142.440 8 0.486 0.242 0.583 0.414
142.480 8 0.486 0.242 0.583 0.414
142.520 8 0.486 0.242 0.583 0.414
142.560 8 0.486 0.244 0.583 0.414
142.600 8 0.486 0.242 0.584 0.414
142.640 8 0.484 0.244 0.581 0.414
142.680 8 0.486 0.244 0.581 0.414
142.720 8 0.484 0.242 0.581 0.414
142.760 8 0.484 0.242 0.581 0.414
142.800 8 0.484 0.242 0.581 0.414
142.840 8 0.483 0.242 0.580 0.414
142.880 8 0.486 0.242 0.583 0.414
142.920 8 0.484 0.242 0.580 0.414
142.960 8 0.483 0.239 0.581 0.414
143.000 8 0.480 0.242 0.577 0.414
143.040 8 0.486 0.247 0.573 0.406
143.080 8 0.486 0.244 0.575 0.403
143.120 8 0.486 0.244 0.577 0.403
143.160 8 0.486 0.244 0.575 0.403
143.200 8 0.484 0.244 0.575 0.403
143.240 8 0.486 0.244 0.577 0.403
143.280 8 0.484 0.244 0.573 0.403
143.320 8 0.486 0.244 0.575 0.403
143.360 8 0.484 0.247 0.572 0.406
143.400 8 0.484 0.247 0.575 0.406
143.440 8 0.484 0.247 0.573 0.406
143.480 8 0.484 0.247 0.572 0.403
143.520 8 0.486 0.247 0.573 0.403
143.560 8 0.484 0.247 0.572 0.403
143.600 8 0.484 0.244 0.573 0.403
143.640 8 0.484 0.244 0.573 0.403
143.680 8 0.484 0.244 0.572 0.403
143.720 8 0.484 0.247 0.570 0.403
143.760 8 0.486 0.247 0.573 0.403
143.800 8 0.484 0.244 0.573 0.403
143.840 8 0.483 0.242 0.573 0.403
143.880 8 0.484 0.242 0.575 0.403
143.920 8 0.483 0.242 0.573 0.403
143.960 8 0.483 0.242 0.573 0.403
144.000 8 0.489 0.247 0.570 0.392
144.040 8 0.486 0.236 0.573 0.394
144.080 8 0.486 0.236 0.573 0.394
144.120 8 0.486 0.236 0.573 0.394
144.160 8 0.486 0.236 0.573 0.394
144.200 8 0.484 0.236 0.573 0.394
144.240 8 0.484 0.233 0.573 0.392
144.280 8 0.484 0.236 0.572 0.392
144.320 8 0.484 0.233 0.573 0.392
144.360 8 0.484 0.233 0.573 0.392
144.400 8 0.484 0.233 0.572 0.389
144.440 8 0.484 0.233 0.575 0.392
144.480 8 0.484 0.233 0.573 0.392
144.520 8 0.484 0.233 0.573 0.394
144.560 8 0.484 0.233 0.573 0.392
144.600 8 0.484 0.233 0.572 0.392
144.640 8 0.483 0.233 0.572 0.392
144.680 8 0.483 0.233 0.572 0.392
144.720 8 0.483 0.233 0.572 0.392
144.760 8 0.483 0.233 0.572 0.392
144.800 8 0.484 0.233 0.573 0.392
144.840 8 0.483 0.233 0.572 0.392
144.880 8 0.484 0.233 0.572 0.392
144.920 8 0.483 0.233 0.572 0.392
144.960 8 0.484 0.233 0.573 0.392
145.000 8 0.480 0.222 0.577 0.394
145.040 8 0.483 0.225 0.578 0.394
145.080 8 0.484 0.225 0.580 0.394
145.120 8 0.483 0.225 0.580 0.394
145.160 8 0.484 0.225 0.580 0.394
145.200 8 0.483 0.225 0.580 0.394
145.240 8 0.484 0.225 0.580 0.394
145.280 8 0.483 0.222 0.580 0.394
145.320 8 0.483 0.222 0.581 0.394
145.360 8 0.484 0.222 0.581 0.394
145.400 8 0.483 0.222 0.580 0.394
145.440 8 0.483 0.222 0.581 0.394
145.480 8 0.483 0.222 0.581 0.394
145.520 8 0.484 0.222 0.581 0.394
145.560 8 0.484 0.222 0.581 0.394
145.600 8 0.484 0.222 0.581 0.394
145.640 8 0.486 0.222 0.584 0.394
145.680 8 0.484 0.222 0.581 0.394
145.720 8 0.486 0.222 0.583 0.397
145.760 8 0.486 0.225 0.584 0.397
145.800 8 0.484 0.222 0.584 0.400
145.840 8 0.487 0.222 0.586 0.400
145.880 8 0.486 0.222 0.584 0.397
145.920 8 0.487 0.219 0.584 0.394
145.960 8 0.487 0.219 0.586 0.394
146.000 8 0.491 0.222 0.588 0.394
146.040 8 0.492 0.225 0.588 0.394
146.080 8 0.489 0.225 0.586 0.397
146.120 8 0.492 0.225 0.588 0.394
146.160 8 0.491 0.225 0.586 0.394
146.200 8 0.494 0.225 0.589 0.394
146.240 8 0.487 0.222 0.586 0.397
146.280 8 0.491 0.222 0.588 0.394
146.320 8 0.489 0.222 0.586 0.394
146.360 8 0.491 0.222 0.589 0.397
146.400 8 0.489 0.222 0.588 0.397
146.440 8 0.489 0.222 0.588 0.397
146.480 8 0.491 0.222 0.588 0.394
146.520 8 0.491 0.222 0.588 0.394
146.560 8 0.489 0.222 0.586 0.394
146.600 8 0.491 0.222 0.588 0.394
146.640 8 0.487 0.222 0.586 0.394
146.680 8 0.491 0.222 0.588 0.394
146.720 8 0.489 0.219 0.586 0.394
146.760 8 0.492 0.219 0.589 0.394
146.800 8 0.489 0.219 0.588 0.394
146.840 8 0.492 0.219 0.589 0.394
146.880 8 0.489 0.219 0.588 0.394
146.920 8 0.492 0.219 0.589 0.394
146.960 8 0.489 0.219 0.588 0.394
147.000 8 0.491 0.222 0.588 0.394
147.040 8 0.492 0.225 0.588 0.397
147.080 8 0.489 0.225 0.586 0.397
147.120 8 0.491 0.225 0.589 0.400
147.160 8 0.491 0.225 0.588 0.394
147.200 8 0.491 0.225 0.586 0.394
147.240 8 0.491 0.225 0.586 0.394
147.280 8 0.491 0.225 0.586 0.394
147.320 8 0.491 0.222 0.586 0.394
147.360 8 0.491 0.222 0.586 0.394
147.400 8 0.491 0.222 0.586 0.394
147.440 8 0.491 0.222 0.586 0.394
147.480 8 0.489 0.222 0.584 0.394
147.520 8 0.491 0.222 0.588 0.394
147.560 8 0.489 0.222 0.586 0.394
147.600 8 0.492 0.222 0.589 0.394
147.640 8 0.489 0.222 0.586 0.394
147.680 8 0.494 0.222 0.589 0.394
147.720 8 0.489 0.222 0.586 0.392
147.760 8 0.492 0.222 0.589 0.394
147.800 8 0.491 0.219 0.589 0.394
147.840 8 0.491 0.219 0.589 0.394
147.880 8 0.491 0.219 0.588 0.394
147.920 8 0.489 0.219 0.588 0.394
147.960 8 0.491 0.219 0.589 0.394
148.000 8 0.491 0.222 0.588 0.394
148.040 8 0.492 0.225 0.588 0.394
148.080 8 0.491 0.225 0.586 0.392
148.120 8 0.492 0.222 0.588 0.394
148.160 8 0.491 0.222 0.588 0.394
148.200 8 0.491 0.222 0.588 0.394
148.240 8 0.491 0.222 0.588 0.394
148.280 8 0.491 0.222 0.589 0.397
148.320 8 0.489 0.222 0.586 0.397
148.360 8 0.491 0.222 0.588 0.394
148.400 8 0.492 0.225 0.588 0.394
148.440 8 0.491 0.222 0.588 0.394
148.480 8 0.491 0.222 0.588 0.394
148.520 8 0.491 0.222 0.588 0.394
148.560 8 0.491 0.222 0.588 0.394
148.600 8 0.492 0.222 0.589 0.394
148.640 8 0.491 0.222 0.586 0.392
148.680 8 0.492 0.219 0.589 0.394
148.720 8 0.491 0.219 0.589 0.394
148.760 8 0.489 0.217 0.591 0.397
148.800 8 0.491 0.217 0.591 0.394
148.840 8 0.491 0.219 0.589 0.394
148.880 8 0.491 0.219 0.591 0.394
148.920 8 0.491 0.219 0.588 0.394
148.960 8 0.487 0.219 0.586 0.394
149.000 8 0.491 0.222 0.588 0.394
149.040 8 0.491 0.217 0.586 0.386
149.080 8 0.491 0.217 0.586 0.386
149.120 8 0.491 0.214 0.586 0.386
149.160 8 0.489 0.214 0.586 0.386
149.200 8 0.491 0.214 0.586 0.386
149.240 8 0.491 0.214 0.586 0.383
149.280 8 0.489 0.214 0.584 0.383
149.320 8 0.492 0.214 0.588 0.383
149.360 8 0.491 0.214 0.586 0.383
149.400 8 0.491 0.211 0.588 0.383
149.440 8 0.491 0.211 0.588 0.381
149.480 8 0.492 0.214 0.586 0.381
149.520 8 0.492 0.214 0.586 0.381
149.560 8 0.492 0.214 0.588 0.381
149.600 8 0.492 0.211 0.586 0.381
149.640 8 0.492 0.211 0.589 0.383
149.680 8 0.491 0.211 0.588 0.383
149.720 8 0.492 0.211 0.589 0.383
149.760 8 0.491 0.211 0.589 0.383
149.800 8 0.491 0.211 0.589 0.383
149.840 8 0.491 0.211 0.589 0.383
149.880 8 0.491 0.211 0.588 0.381
149.920 8 0.492 0.208 0.589 0.383
149.960 8 0.489 0.211 0.586 0.383
150.000 8 0.491 0.203 0.588 0.375
150.040 8 0.489 0.203 0.592 0.386
150.080 8 0.486 0.203 0.589 0.386
150.120 8 0.491 0.203 0.594 0.386
150.160 8 0.486 0.200 0.591 0.386
150.200 8 0.487 0.200 0.594 0.386
150.240 8 0.486 0.197 0.592 0.386
150.280 8 0.487 0.200 0.594 0.389
150.320 8 0.487 0.200 0.594 0.389
150.360 8 0.487 0.200 0.594 0.389
150.400 8 0.489 0.200 0.594 0.389
150.440 8 0.489 0.200 0.595 0.389
150.480 8 0.489 0.200 0.595 0.389
150.520 8 0.491 0.203 0.595 0.389
150.560 8 0.489 0.200 0.594 0.389
150.600 8 0.491 0.200 0.595 0.389
150.640 8 0.491 0.203 0.594 0.386
150.680 8 0.492 0.203 0.597 0.386
150.720 8 0.489 0.203 0.594 0.389
150.760 8 0.492 0.200 0.597 0.389
150.800 8 0.491 0.200 0.595 0.386
150.840 8 0.492 0.200 0.597 0.386
150.880 8 0.491 0.200 0.595 0.386
150.920 8 0.492 0.200 0.598 0.389
150.960 8 0.491 0.200 0.595 0.386
151.000 8 0.486 0.197 0.602 0.403
151.040 8 0.494 0.203 0.598 0.392
151.080 8 0.491 0.203 0.597 0.392
151.120 8 0.495 0.203 0.600 0.389
151.160 8 0.492 0.203 0.597 0.389
151.200 8 0.494 0.200 0.598 0.389
151.240 8 0.494 0.203 0.598 0.386
151.280 8 0.494 0.200 0.598 0.389
151.320 8 0.494 0.200 0.600 0.389
151.360 8 0.494 0.203 0.600 0.392
151.400 8 0.494 0.203 0.600 0.392
151.440 8 0.492 0.203 0.597 0.389
151.480 8 0.497 0.206 0.600 0.389
151.520 8 0.492 0.203 0.598 0.389
151.560 8 0.495 0.203 0.600 0.389
151.600 8 0.494 0.200 0.598 0.386
151.640 8 0.495 0.200 0.600 0.386
151.680 8 0.494 0.197 0.598 0.386
151.720 8 0.497 0.200 0.602 0.386
151.760 8 0.494 0.197 0.600 0.386
151.800 8 0.497 0.197 0.603 0.386
151.840 8 0.495 0.197 0.602 0.386
151.880 8 0.497 0.200 0.602 0.386
151.920 8 0.495 0.197 0.600 0.386
151.960 8 0.497 0.197 0.603 0.386
152.000 8 0.502 0.203 0.598 0.375
152.040 8 0.502 0.206 0.598 0.375
152.080 8 0.502 0.206 0.598 0.375
152.120 8 0.503 0.206 0.598 0.375
152.160 8 0.502 0.206 0.598 0.375
152.200 8 0.502 0.206 0.598 0.375
152.240 8 0.502 0.206 0.597 0.375
152.280 8 0.502 0.203 0.598 0.375
152.320 8 0.502 0.206 0.598 0.378
152.360 8 0.502 0.203 0.598 0.378
152.400 8 0.502 0.203 0.600 0.378
152.440 8 0.503 0.203 0.600 0.375
152.480 8 0.502 0.203 0.598 0.375
152.520 8 0.505 0.203 0.602 0.375
152.560 8 0.502 0.203 0.600 0.375
152.600 8 0.503 0.203 0.602 0.375
152.640 8 0.502 0.203 0.598 0.375
152.680 8 0.502 0.203 0.600 0.375
152.720 8 0.502 0.203 0.600 0.375
152.760 8 0.502 0.200 0.602 0.378
152.800 8 0.502 0.203 0.600 0.378
152.840 8 0.503 0.203 0.602 0.378
152.880 8 0.502 0.203 0.600 0.378
152.920 8 0.502 0.203 0.600 0.378
152.960 8 0.502 0.203 0.598 0.375
153.000 8 0.502 0.203 0.598 0.375
153.040 8 0.494 0.189 0.600 0.378
153.080 8 0.495 0.189 0.600 0.378
153.120 8 0.494 0.189 0.598 0.378
153.160 8 0.495 0.189 0.602 0.378
153.200 8 0.495 0.189 0.600 0.378
153.240 8 0.494 0.186 0.600 0.378
153.280 8 0.494 0.189 0.600 0.378
153.320 8 0.495 0.189 0.600 0.378
153.360 8 0.491 0.186 0.598 0.381
153.400 8 0.494 0.189 0.600 0.381
153.440 8 0.491 0.189 0.597 0.381
153.480 8 0.492 0.189 0.598 0.381
153.520 8 0.491 0.189 0.597 0.378
153.560 8 0.494 0.189 0.598 0.378
153.600 8 0.492 0.189 0.597 0.378
153.640 8 0.492 0.186 0.598 0.378
153.680 8 0.492 0.186 0.598 0.378
153.720 8 0.492 0.186 0.598 0.378
153.760 8 0.491 0.183 0.598 0.375
153.800 8 0.494 0.183 0.602 0.375
153.840 8 0.491 0.183 0.598 0.375
153.880 8 0.494 0.183 0.602 0.375
153.920 8 0.494 0.183 0.600 0.375
153.960 8 0.494 0.183 0.600 0.375
154.000 8 0.486 0.172 0.602 0.381
154.040 8 0.489 0.175 0.605 0.381
154.080 8 0.486 0.175 0.602 0.383
154.120 8 0.486 0.175 0.602 0.383
154.160 8 0.486 0.175 0.602 0.383
154.200 8 0.486 0.172 0.602 0.381
154.240 8 0.486 0.172 0.602 0.381
154.280 8 0.487 0.172 0.603 0.383
154.320 8 0.486 0.172 0.602 0.383
154.360 8 0.486 0.172 0.603 0.383
154.400 8 0.486 0.172 0.602 0.383
154.440 8 0.486 0.172 0.602 0.381
154.480 8 0.486 0.172 0.602 0.383
154.520 8 0.486 0.172 0.602 0.381
154.560 8 0.486 0.172 0.602 0.381
154.600 8 0.486 0.172 0.602 0.381
154.640 8 0.486 0.172 0.602 0.381
154.680 8 0.486 0.172 0.602 0.381
154.720 8 0.486 0.172 0.600 0.378
154.760 8 0.487 0.172 0.602 0.378
154.800 8 0.486 0.172 0.600 0.378
154.840 8 0.486 0.169 0.602 0.381
154.880 8 0.487 0.172 0.602 0.378
154.920 8 0.486 0.172 0.600 0.378
154.960 8 0.487 0.169 0.603 0.381
155.000 8 0.486 0.172 0.602 0.381
155.040 8 0.491 0.175 0.606 0.383
155.080 8 0.491 0.175 0.606 0.383
155.120 8 0.491 0.175 0.606 0.383
155.160 8 0.491 0.172 0.609 0.383
155.200 8 0.487 0.172 0.606 0.383
155.240 8 0.491 0.169 0.611 0.386
155.280 8 0.487 0.169 0.606 0.383
155.320 8 0.491 0.169 0.611 0.386
155.360 8 0.486 0.169 0.605 0.383
155.400 8 0.491 0.169 0.611 0.383
155.440 8 0.486 0.167 0.606 0.383
155.480 8 0.491 0.167 0.611 0.383
155.520 8 0.486 0.164 0.606 0.383
155.560 8 0.491 0.167 0.613 0.383
155.600 8 0.489 0.167 0.609 0.383
155.640 8 0.489 0.164 0.611 0.383
155.680 8 0.487 0.164 0.609 0.381
155.720 8 0.489 0.164 0.613 0.383
155.760 8 0.489 0.164 0.609 0.383
155.800 8 0.489 0.167 0.611 0.383
155.840 8 0.491 0.167 0.611 0.381
155.880 8 0.492 0.167 0.611 0.381
155.920 8 0.494 0.169 0.613 0.381
155.960 8 0.494 0.169 0.611 0.381
156.000 8 0.498 0.172 0.616 0.381
156.040 8 0.494 0.169 0.614 0.383
156.080 8 0.489 0.167 0.609 0.383
156.120 8 0.494 0.169 0.616 0.386
156.160 8 0.489 0.169 0.611 0.386
156.200 8 0.492 0.172 0.614 0.386
156.240 8 0.489 0.169 0.611 0.386
156.280 8 0.492 0.169 0.613 0.386
156.320 8 0.494 0.172 0.609 0.383
156.360 8 0.492 0.169 0.613 0.383
156.400 8 0.492 0.169 0.611 0.386
156.440 8 0.492 0.169 0.613 0.386
156.480 8 0.489 0.169 0.611 0.386
156.520 8 0.492 0.169 0.616 0.389
156.560 8 0.491 0.169 0.609 0.383
156.600 8 0.494 0.172 0.613 0.383
156.640 8 0.494 0.172 0.611 0.383
156.680 8 0.494 0.169 0.614 0.386
156.720 8 0.491 0.169 0.611 0.386
156.760 8 0.491 0.169 0.613 0.383
156.800 8 0.494 0.169 0.613 0.381
156.840 8 0.492 0.172 0.609 0.381
156.880 8 0.494 0.175 0.608 0.381
156.920 8 0.492 0.172 0.609 0.381
156.960 8 0.491 0.175 0.606 0.381
157.000 8 0.486 0.172 0.602 0.381
157.040 8 0.481 0.169 0.598 0.383
157.080 8 0.484 0.172 0.600 0.381
157.120 8 0.480 0.172 0.597 0.381
157.160 8 0.483 0.175 0.598 0.381
157.200 8 0.478 0.172 0.595 0.381
157.240 8 0.480 0.175 0.595 0.381
157.280 8 0.475 0.172 0.592 0.383
157.320 8 0.473 0.178 0.586 0.383
157.360 8 0.466 0.178 0.581 0.386
159.280 9 0.441 0.197 0.558 0.406
159.320 9 0.447 0.194 0.564 0.403
159.360 9 0.455 0.192 0.570 0.397
159.400 9 0.459 0.186 0.578 0.394
159.440 9 0.464 0.183 0.581 0.392
159.480 9 0.470 0.178 0.589 0.389
159.520 9 0.473 0.175 0.592 0.386
159.560 9 0.478 0.172 0.597 0.386
159.600 9 0.481 0.169 0.602 0.383
159.640 9 0.484 0.167 0.605 0.381
159.680 9 0.487 0.167 0.609 0.381
159.720 9 0.492 0.167 0.613 0.381
159.760 9 0.497 0.167 0.614 0.375
159.800 9 0.500 0.167 0.617 0.375
159.840 9 0.502 0.167 0.619 0.375
159.880 9 0.502 0.167 0.620 0.378
159.920 9 0.502 0.167 0.620 0.378
159.960 9 0.502 0.169 0.620 0.381
160.000 9 0.505 0.167 0.623 0.381
160.040 9 0.502 0.169 0.620 0.381
160.080 9 0.502 0.169 0.620 0.381
160.120 9 0.505 0.169 0.623 0.381
160.160 9 0.502 0.169 0.620 0.381
160.200 9 0.502 0.169 0.620 0.381
160.240 9 0.502 0.169 0.620 0.381
160.280 9 0.502 0.169 0.620 0.381
160.320 9 0.502 0.169 0.620 0.381
160.360 9 0.502 0.169 0.620 0.381
160.400 9 0.498 0.167 0.619 0.383
160.440 9 0.505 0.169 0.623 0.381
160.480 9 0.502 0.169 0.620 0.381
160.520 9 0.502 0.169 0.620 0.381
160.560 9 0.502 0.169 0.619 0.381
160.600 9 0.502 0.169 0.619 0.381
160.640 9 0.500 0.169 0.619 0.381
160.680 9 0.502 0.169 0.619 0.381
160.720 9 0.503 0.169 0.622 0.381
160.760 9 0.500 0.172 0.619 0.381
160.800 9 0.502 0.169 0.620 0.381
160.840 9 0.500 0.172 0.617 0.381
160.880 9 0.502 0.169 0.620 0.383
160.920 9 0.498 0.172 0.616 0.381
160.960 9 0.500 0.169 0.620 0.383
161.000 9 0.498 0.172 0.616 0.381
161.040 9 0.498 0.172 0.616 0.381
161.080 9 0.498 0.172 0.616 0.381
161.120 9 0.498 0.172 0.616 0.381
161.160 9 0.498 0.172 0.616 0.381
161.200 9 0.498 0.172 0.616 0.381
161.240 9 0.502 0.172 0.617 0.381
165.800 10 0.120 0.194 0.191 0.322
165.840 10 0.108 0.194 0.180 0.319
165.880 10 0.097 0.197 0.167 0.322
165.920 10 0.089 0.194 0.158 0.319
165.960 10 0.078 0.203 0.147 0.325
166.000 10 0.070 0.206 0.138 0.325
166.040 10 0.059 0.206 0.128 0.328
166.080 10 0.050 0.211 0.119 0.331
166.120 10 0.042 0.214 0.109 0.336
