3.040 0 0.373 0.222 0.577 0.586
3.080 0 0.367 0.222 0.570 0.583
3.120 0 0.370 0.219 0.575 0.583
3.160 0 0.372 0.219 0.575 0.583
3.200 0 0.372 0.222 0.575 0.583
3.240 0 0.370 0.217 0.575 0.581
3.280 0 0.372 0.217 0.573 0.578
3.320 0 0.370 0.219 0.570 0.575
3.360 0 0.377 0.219 0.578 0.578
3.400 0 0.373 0.222 0.572 0.575
3.440 0 0.373 0.222 0.570 0.572
3.480 0 0.370 0.222 0.564 0.569
3.520 0 0.380 0.222 0.573 0.569
3.560 0 0.370 0.222 0.562 0.567
3.600 0 0.380 0.225 0.575 0.569
3.640 0 0.377 0.228 0.569 0.569
3.680 0 0.373 0.228 0.564 0.567
3.720 0 0.381 0.231 0.564 0.558
3.760 0 0.383 0.233 0.562 0.553
3.800 0 0.381 0.236 0.556 0.547
3.840 0 0.388 0.236 0.561 0.542
3.880 0 0.378 0.233 0.550 0.539
3.920 0 0.377 0.231 0.545 0.533
3.960 0 0.367 0.222 0.536 0.525
4.000 0 0.364 0.217 0.533 0.517
4.040 0 0.359 0.206 0.533 0.517
4.080 0 0.359 0.200 0.533 0.508
4.120 0 0.356 0.197 0.528 0.503
4.160 0 0.358 0.200 0.531 0.506
4.200 0 0.359 0.200 0.530 0.503
4.240 0 0.361 0.197 0.533 0.503
4.280 0 0.362 0.200 0.530 0.500
4.320 0 0.367 0.203 0.534 0.500
4.360 0 0.364 0.203 0.533 0.503
4.400 0 0.364 0.203 0.536 0.506
4.440 0 0.364 0.203 0.537 0.511
4.480 0 0.364 0.203 0.539 0.514
4.520 0 0.366 0.206 0.541 0.514
4.560 0 0.366 0.206 0.541 0.517
4.600 0 0.366 0.206 0.544 0.522
4.640 0 0.367 0.211 0.541 0.519
4.680 0 0.369 0.211 0.542 0.519
4.720 0 0.367 0.211 0.541 0.517
4.760 0 0.369 0.211 0.542 0.519
4.800 0 0.367 0.211 0.539 0.517
4.840 0 0.367 0.214 0.539 0.517
4.880 0 0.367 0.214 0.537 0.517
4.920 0 0.367 0.217 0.537 0.517
4.960 0 0.367 0.214 0.537 0.517
5.000 0 0.364 0.217 0.533 0.517
5.040 0 0.366 0.214 0.536 0.517
5.080 0 0.367 0.214 0.537 0.517
5.120 0 0.367 0.217 0.537 0.519
5.160 0 0.367 0.217 0.542 0.525
5.200 0 0.367 0.222 0.541 0.528
5.240 0 0.367 0.225 0.536 0.525
5.280 0 0.372 0.225 0.542 0.525
5.320 0 0.369 0.222 0.539 0.525
5.360 0 0.375 0.222 0.544 0.522
5.400 0 0.372 0.219 0.541 0.519
5.440 0 0.377 0.219 0.545 0.519
5.480 0 0.375 0.219 0.542 0.517
5.520 0 0.375 0.219 0.545 0.522
5.560 0 0.377 0.225 0.547 0.525
5.600 0 0.375 0.225 0.544 0.525
5.640 0 0.378 0.222 0.550 0.525
5.680 0 0.377 0.219 0.547 0.522
5.720 0 0.381 0.219 0.552 0.525
5.760 0 0.377 0.222 0.545 0.522
5.800 0 0.380 0.219 0.550 0.522
5.840 0 0.378 0.219 0.548 0.522
5.880 0 0.378 0.219 0.547 0.519
5.920 0 0.378 0.219 0.547 0.519
5.960 0 0.378 0.219 0.547 0.517
6.000 0 0.383 0.217 0.552 0.517
6.040 0 0.381 0.217 0.550 0.517
6.080 0 0.386 0.219 0.555 0.519
6.120 0 0.384 0.219 0.552 0.519
6.160 0 0.381 0.219 0.550 0.519
6.200 0 0.383 0.217 0.553 0.522
6.240 0 0.383 0.217 0.550 0.517
6.280 0 0.380 0.208 0.552 0.514
6.320 0 0.383 0.211 0.553 0.514
6.360 0 0.378 0.211 0.548 0.514
6.400 0 0.381 0.211 0.552 0.517
6.440 0 0.377 0.214 0.548 0.517
6.480 0 0.380 0.211 0.555 0.522
6.520 0 0.373 0.208 0.550 0.522
6.560 0 0.380 0.211 0.553 0.519
6.600 0 0.380 0.211 0.552 0.517
6.640 0 0.378 0.214 0.548 0.514
6.680 0 0.381 0.214 0.550 0.514
6.720 0 0.381 0.214 0.550 0.514
6.760 0 0.381 0.217 0.550 0.517
6.800 0 0.383 0.217 0.552 0.517
6.840 0 0.383 0.217 0.552 0.517
6.880 0 0.384 0.217 0.553 0.519
6.920 0 0.380 0.217 0.548 0.519
6.960 0 0.384 0.217 0.553 0.519
7.000 0 0.383 0.217 0.552 0.517
7.040 0 0.388 0.233 0.562 0.544
7.080 0 0.383 0.228 0.561 0.544
7.120 0 0.386 0.233 0.561 0.544
7.160 0 0.389 0.233 0.562 0.542
7.200 0 0.384 0.233 0.558 0.539
7.240 0 0.388 0.233 0.558 0.536
7.280 0 0.384 0.233 0.552 0.531
7.320 0 0.381 0.231 0.545 0.525
7.360 0 0.378 0.231 0.544 0.522
7.400 0 0.378 0.228 0.542 0.519
7.440 0 0.380 0.233 0.542 0.519
7.480 0 0.373 0.233 0.534 0.519
7.520 0 0.378 0.233 0.541 0.522
7.560 0 0.373 0.233 0.536 0.522
7.600 0 0.373 0.231 0.541 0.528
7.640 0 0.377 0.233 0.541 0.528
7.680 0 0.375 0.236 0.537 0.528
7.720 0 0.375 0.233 0.542 0.531
7.760 0 0.378 0.236 0.542 0.528
7.800 0 0.375 0.236 0.539 0.525
7.840 0 0.377 0.233 0.542 0.528
7.880 0 0.378 0.236 0.542 0.525
7.920 0 0.378 0.233 0.544 0.531
7.960 0 0.380 0.236 0.544 0.525
8.000 0 0.383 0.250 0.552 0.550
8.040 0 0.381 0.236 0.556 0.547
8.080 0 0.381 0.236 0.553 0.542
8.120 0 0.384 0.233 0.559 0.544
8.160 0 0.384 0.236 0.555 0.539
8.200 0 0.386 0.236 0.556 0.539
8.240 0 0.386 0.239 0.556 0.542
8.280 0 0.384 0.239 0.553 0.542
8.320 0 0.388 0.242 0.556 0.542
8.360 0 0.386 0.244 0.550 0.536
8.400 0 0.386 0.242 0.555 0.542
8.440 0 0.383 0.250 0.547 0.542
8.480 0 0.383 0.250 0.552 0.547
8.520 0 0.378 0.253 0.545 0.550
8.560 0 0.378 0.253 0.548 0.556
8.600 0 0.373 0.258 0.542 0.556
8.640 0 0.375 0.258 0.544 0.558
8.680 0 0.370 0.261 0.539 0.561
8.720 0 0.372 0.264 0.542 0.564
8.760 0 0.367 0.267 0.537 0.567
8.800 0 0.370 0.272 0.541 0.572
8.840 0 0.366 0.278 0.534 0.578
8.880 0 0.369 0.281 0.537 0.581
8.920 0 0.366 0.283 0.533 0.583
8.960 0 0.369 0.286 0.537 0.586
9.000 0 0.364 0.283 0.533 0.583
9.040 0 0.358 0.286 0.528 0.589
9.080 0 0.361 0.289 0.531 0.592
9.120 0 0.355 0.289 0.527 0.597
9.160 0 0.359 0.292 0.528 0.594
9.200 0 0.359 0.292 0.528 0.592
9.240 0 0.358 0.292 0.527 0.592
9.280 0 0.358 0.289 0.527 0.589
9.320 0 0.358 0.289 0.527 0.589
9.360 0 0.356 0.286 0.527 0.586
9.400 0 0.352 0.283 0.523 0.589
9.440 0 0.355 0.286 0.525 0.592
9.480 0 0.350 0.294 0.519 0.592
9.520 0 0.353 0.294 0.522 0.594
9.560 1 0.125 0.381 0.292 0.681
9.600 1 0.122 0.383 0.287 0.681
9.640 1 0.133 0.389 0.294 0.681
9.680 1 0.120 0.383 0.287 0.681
9.720 1 0.131 0.389 0.294 0.681
9.760 1 0.119 0.381 0.287 0.683
9.800 1 0.123 0.375 0.294 0.683
9.840 1 0.119 0.381 0.286 0.681
9.880 1 0.125 0.381 0.291 0.681
9.920 1 0.119 0.383 0.286 0.683
9.960 1 0.127 0.386 0.294 0.683
10.000 1 0.122 0.383 0.289 0.683
10.040 1 0.123 0.386 0.289 0.681
10.080 1 0.120 0.383 0.287 0.683
10.120 1 0.123 0.383 0.291 0.683
10.160 1 0.119 0.383 0.287 0.683
10.200 1 0.120 0.383 0.289 0.683
10.240 1 0.120 0.383 0.287 0.683
10.280 1 0.122 0.383 0.289 0.683
10.320 1 0.122 0.383 0.289 0.683
10.360 1 0.122 0.383 0.289 0.683
10.400 1 0.122 0.383 0.289 0.683
10.440 1 0.122 0.383 0.291 0.686
10.480 1 0.117 0.383 0.284 0.683
10.520 1 0.125 0.383 0.292 0.683
10.560 1 0.119 0.381 0.289 0.686
10.600 1 0.122 0.386 0.286 0.681
10.640 1 0.123 0.383 0.291 0.683
10.680 1 0.120 0.383 0.286 0.683
10.720 1 0.122 0.383 0.289 0.686
10.760 1 0.122 0.383 0.289 0.686
10.800 1 0.122 0.383 0.289 0.686
10.840 1 0.122 0.383 0.289 0.686
10.880 1 0.119 0.383 0.286 0.683
10.920 1 0.123 0.386 0.289 0.683
10.960 1 0.119 0.381 0.289 0.686
11.000 1 0.122 0.383 0.289 0.683
11.040 1 0.123 0.383 0.291 0.683
11.080 1 0.122 0.383 0.289 0.683
11.120 1 0.125 0.383 0.291 0.681
11.160 1 0.123 0.383 0.289 0.683
11.200 1 0.123 0.383 0.289 0.683
11.240 1 0.125 0.386 0.289 0.681
11.280 1 0.122 0.383 0.287 0.683
11.320 1 0.125 0.383 0.292 0.683
11.360 1 0.122 0.386 0.287 0.683
11.400 1 0.125 0.386 0.291 0.683
11.440 1 0.122 0.386 0.287 0.683
11.480 1 0.123 0.386 0.289 0.683
11.520 1 0.125 0.386 0.291 0.683
11.560 1 0.122 0.383 0.287 0.683
11.600 1 0.125 0.383 0.291 0.683
11.640 1 0.120 0.383 0.287 0.683
11.680 1 0.127 0.386 0.292 0.683
11.720 1 0.122 0.389 0.283 0.678
11.760 1 0.127 0.392 0.289 0.683
11.800 1 0.120 0.386 0.284 0.681
11.840 1 0.125 0.386 0.291 0.683
11.880 1 0.122 0.389 0.287 0.683
11.920 1 0.127 0.386 0.292 0.683
11.960 1 0.120 0.386 0.286 0.683
12.000 1 0.122 0.383 0.289 0.683
12.040 1 0.120 0.383 0.286 0.683
12.080 1 0.123 0.383 0.291 0.683
12.120 1 0.127 0.392 0.287 0.681
12.160 1 0.120 0.383 0.287 0.683
12.200 1 0.123 0.383 0.291 0.683
12.240 1 0.122 0.383 0.289 0.683
12.280 1 0.123 0.383 0.291 0.683
12.320 1 0.122 0.383 0.289 0.683
12.360 1 0.122 0.383 0.289 0.683
12.400 1 0.122 0.383 0.289 0.683
12.440 1 0.119 0.383 0.286 0.683
12.480 1 0.123 0.383 0.291 0.683
12.520 1 0.119 0.378 0.289 0.686
12.560 1 0.119 0.378 0.289 0.683
12.600 1 0.123 0.383 0.291 0.683
12.640 1 0.119 0.383 0.286 0.683
12.680 1 0.122 0.383 0.289 0.683
12.720 1 0.119 0.383 0.286 0.683
12.760 1 0.122 0.383 0.289 0.683
12.800 1 0.119 0.383 0.286 0.683
12.840 1 0.122 0.383 0.289 0.683
12.880 1 0.120 0.383 0.286 0.683
12.920 1 0.122 0.383 0.289 0.683
12.960 1 0.120 0.383 0.287 0.683
13.000 1 0.122 0.383 0.289 0.683
13.040 1 0.123 0.383 0.291 0.683
13.080 1 0.120 0.383 0.286 0.683
13.120 1 0.122 0.383 0.287 0.681
13.160 1 0.122 0.383 0.289 0.683
13.200 1 0.123 0.383 0.291 0.683
13.240 1 0.120 0.383 0.287 0.683
13.280 1 0.125 0.386 0.287 0.681
13.320 1 0.122 0.383 0.289 0.683
13.360 1 0.122 0.383 0.289 0.683
13.400 1 0.122 0.383 0.289 0.683
13.440 1 0.122 0.383 0.289 0.683
13.480 1 0.122 0.383 0.289 0.683
13.520 1 0.122 0.383 0.289 0.683
13.560 1 0.122 0.383 0.289 0.683
13.600 1 0.122 0.383 0.289 0.683
13.640 1 0.122 0.383 0.289 0.683
13.680 1 0.122 0.383 0.289 0.683
13.720 1 0.122 0.383 0.289 0.683
13.760 1 0.122 0.383 0.289 0.683
13.800 1 0.122 0.383 0.289 0.683
13.840 1 0.122 0.383 0.289 0.683
13.880 1 0.122 0.383 0.289 0.683
13.920 1 0.122 0.383 0.289 0.683
13.960 1 0.122 0.383 0.289 0.683
14.000 1 0.122 0.383 0.289 0.683
14.040 1 0.122 0.383 0.289 0.683
14.080 1 0.122 0.383 0.289 0.683
14.120 1 0.122 0.383 0.289 0.683
14.160 1 0.122 0.383 0.289 0.683
14.200 1 0.120 0.383 0.287 0.683
14.240 1 0.122 0.383 0.289 0.683
14.280 1 0.120 0.383 0.287 0.683
14.320 1 0.122 0.383 0.289 0.683
14.360 1 0.120 0.383 0.287 0.683
14.400 1 0.123 0.383 0.291 0.683
14.440 1 0.119 0.381 0.289 0.683
14.480 1 0.122 0.383 0.289 0.683
14.520 1 0.122 0.383 0.289 0.683
14.560 1 0.122 0.383 0.289 0.683
14.600 1 0.122 0.383 0.289 0.683
14.640 1 0.122 0.383 0.289 0.683
14.680 1 0.122 0.383 0.289 0.683
14.720 1 0.122 0.383 0.289 0.683
14.760 1 0.122 0.383 0.289 0.683
14.800 1 0.122 0.383 0.289 0.683
14.840 1 0.122 0.383 0.289 0.683
14.880 1 0.122 0.383 0.289 0.683
14.920 1 0.122 0.383 0.289 0.683
14.960 1 0.120 0.383 0.287 0.683
15.000 1 0.122 0.383 0.289 0.683
15.040 1 0.123 0.383 0.291 0.683
15.080 1 0.119 0.383 0.284 0.683
15.120 1 0.127 0.389 0.291 0.681
15.160 1 0.120 0.383 0.287 0.683
15.200 1 0.127 0.389 0.291 0.681
15.240 1 0.123 0.383 0.289 0.681
15.280 1 0.125 0.386 0.289 0.681
15.320 1 0.120 0.378 0.291 0.683
15.360 1 0.123 0.383 0.292 0.683
15.400 1 0.120 0.383 0.287 0.683
15.440 1 0.122 0.381 0.291 0.683
15.480 1 0.120 0.383 0.286 0.683
15.520 1 0.123 0.383 0.291 0.683
15.560 1 0.120 0.383 0.289 0.683
15.600 1 0.122 0.383 0.289 0.683
15.640 1 0.120 0.383 0.289 0.683
15.680 1 0.122 0.383 0.287 0.683
15.720 1 0.119 0.383 0.286 0.683
15.760 1 0.122 0.383 0.289 0.683
15.800 1 0.122 0.383 0.287 0.683
15.840 1 0.122 0.383 0.289 0.683
15.880 1 0.122 0.383 0.289 0.683
15.920 1 0.120 0.383 0.287 0.683
15.960 1 0.125 0.389 0.287 0.681
16.000 1 0.122 0.383 0.289 0.683
16.040 1 0.122 0.383 0.289 0.683
16.080 1 0.122 0.383 0.289 0.683
16.120 1 0.122 0.383 0.289 0.683
16.160 1 0.122 0.383 0.289 0.683
16.200 1 0.122 0.383 0.289 0.683
16.240 1 0.122 0.383 0.289 0.683
16.280 1 0.122 0.383 0.289 0.683
16.320 1 0.122 0.383 0.289 0.683
16.360 1 0.122 0.383 0.289 0.683
16.400 1 0.122 0.383 0.289 0.683
16.440 1 0.122 0.383 0.289 0.683
16.480 1 0.122 0.383 0.289 0.683
16.520 1 0.122 0.383 0.289 0.683
16.560 1 0.122 0.383 0.289 0.683
16.600 1 0.122 0.383 0.289 0.683
16.640 1 0.122 0.383 0.289 0.683
16.680 1 0.122 0.383 0.289 0.683
16.720 1 0.122 0.383 0.289 0.683
16.760 1 0.122 0.383 0.289 0.683
16.800 1 0.122 0.383 0.289 0.683
16.840 1 0.122 0.383 0.289 0.683
16.880 1 0.123 0.386 0.289 0.683
16.920 1 0.123 0.383 0.291 0.683
16.960 1 0.120 0.383 0.286 0.683
17.000 1 0.122 0.383 0.289 0.683
17.040 1 0.125 0.383 0.291 0.683
17.080 1 0.120 0.383 0.287 0.683
17.120 1 0.120 0.381 0.289 0.683
17.160 1 0.122 0.383 0.289 0.683
17.200 1 0.122 0.383 0.289 0.683
17.240 1 0.122 0.383 0.289 0.683
17.280 1 0.122 0.383 0.289 0.683
17.320 1 0.122 0.383 0.289 0.683
17.360 1 0.122 0.383 0.289 0.683
17.400 1 0.120 0.383 0.287 0.683
17.440 1 0.123 0.383 0.291 0.683
17.480 1 0.117 0.375 0.291 0.686
17.520 1 0.123 0.383 0.291 0.683
17.560 1 0.120 0.383 0.287 0.683
17.600 1 0.122 0.383 0.289 0.683
17.640 1 0.122 0.383 0.289 0.683
17.680 1 0.122 0.383 0.289 0.683
17.720 1 0.122 0.383 0.289 0.683
17.760 1 0.122 0.383 0.289 0.683
17.800 1 0.123 0.383 0.291 0.683
17.840 1 0.122 0.383 0.289 0.683
17.880 1 0.122 0.383 0.289 0.683
17.920 1 0.122 0.383 0.289 0.683
17.960 1 0.122 0.383 0.289 0.683
18.000 1 0.122 0.383 0.289 0.683
18.040 1 0.122 0.383 0.289 0.683
18.080 1 0.122 0.383 0.289 0.683
18.120 1 0.122 0.383 0.289 0.683
18.160 1 0.122 0.383 0.289 0.683
18.200 1 0.122 0.383 0.289 0.683
18.240 1 0.122 0.383 0.289 0.683
18.280 2 0.388 0.211 0.553 0.506
18.320 2 0.389 0.211 0.555 0.506
18.360 2 0.388 0.214 0.556 0.514
18.400 2 0.388 0.211 0.562 0.519
18.440 2 0.389 0.222 0.555 0.517
18.480 2 0.389 0.225 0.555 0.519
18.520 2 0.389 0.225 0.556 0.522
18.560 2 0.391 0.225 0.558 0.522
18.600 2 0.391 0.225 0.558 0.522
18.640 2 0.391 0.225 0.558 0.522
18.680 2 0.391 0.228 0.558 0.525
18.720 2 0.391 0.222 0.566 0.533
18.760 2 0.389 0.228 0.558 0.528
18.800 2 0.383 0.225 0.556 0.531
18.840 2 0.388 0.222 0.564 0.536
18.880 2 0.386 0.231 0.555 0.531
18.920 2 0.384 0.233 0.558 0.542
18.960 2 0.384 0.239 0.555 0.542
19.000 2 0.383 0.250 0.552 0.550
19.040 2 0.383 0.272 0.552 0.569
19.080 2 0.383 0.278 0.550 0.575
19.120 2 0.388 0.272 0.553 0.567
19.160 2 0.386 0.264 0.555 0.567
19.200 2 0.384 0.258 0.556 0.561
19.240 2 0.386 0.258 0.556 0.558
19.280 2 0.386 0.258 0.555 0.558
19.320 2 0.386 0.258 0.555 0.558
19.360 2 0.388 0.261 0.553 0.556
19.400 2 0.389 0.261 0.555 0.558
19.440 2 0.386 0.258 0.553 0.558
19.480 2 0.388 0.264 0.556 0.561
19.520 2 0.384 0.264 0.550 0.561
19.560 2 0.383 0.258 0.556 0.564
19.600 2 0.383 0.258 0.553 0.558
19.640 2 0.383 0.253 0.553 0.553
19.680 2 0.383 0.253 0.552 0.550
19.720 2 0.383 0.250 0.552 0.550
19.760 2 0.381 0.250 0.550 0.550
19.800 2 0.381 0.250 0.550 0.550
19.840 2 0.381 0.247 0.550 0.547
19.880 2 0.381 0.244 0.550 0.544
19.920 2 0.381 0.239 0.553 0.544
19.960 2 0.381 0.244 0.545 0.536
20.000 2 0.383 0.250 0.552 0.550
20.040 2 0.386 0.244 0.555 0.544
20.080 2 0.386 0.247 0.555 0.544
20.120 2 0.388 0.250 0.552 0.542
20.160 2 0.386 0.250 0.553 0.544
20.200 2 0.388 0.253 0.552 0.544
20.240 2 0.384 0.250 0.552 0.547
20.280 2 0.383 0.253 0.547 0.544
20.320 2 0.383 0.250 0.550 0.547
20.360 2 0.383 0.250 0.550 0.547
20.400 2 0.386 0.253 0.550 0.544
20.440 2 0.383 0.250 0.550 0.547
20.480 2 0.383 0.250 0.550 0.550
20.520 2 0.384 0.253 0.552 0.550
20.560 2 0.386 0.258 0.550 0.550
20.600 2 0.383 0.256 0.548 0.550
20.640 2 0.386 0.256 0.553 0.553
20.680 2 0.384 0.256 0.552 0.553
20.720 2 0.383 0.253 0.552 0.553
20.760 2 0.383 0.253 0.550 0.553
20.800 2 0.381 0.253 0.550 0.550
20.840 2 0.381 0.250 0.553 0.556
20.880 2 0.380 0.256 0.545 0.550
20.920 2 0.384 0.256 0.550 0.550
20.960 2 0.381 0.256 0.547 0.547
21.000 2 0.383 0.250 0.552 0.550
21.040 2 0.380 0.253 0.547 0.547
21.080 2 0.383 0.250 0.552 0.550
21.120 2 0.378 0.253 0.547 0.550
21.160 2 0.383 0.253 0.552 0.550
21.200 2 0.378 0.250 0.547 0.553
21.240 2 0.383 0.247 0.558 0.556
21.280 2 0.377 0.242 0.552 0.553
21.320 2 0.383 0.253 0.552 0.553
21.360 2 0.383 0.253 0.552 0.553
21.400 2 0.383 0.253 0.552 0.553
21.440 3 0.122 0.386 0.287 0.683
21.480 3 0.127 0.394 0.286 0.681
21.520 3 0.119 0.386 0.284 0.683
21.560 3 0.131 0.394 0.289 0.681
21.600 3 0.119 0.386 0.284 0.683
21.640 3 0.127 0.386 0.292 0.683
21.680 3 0.114 0.375 0.286 0.686
21.720 3 0.127 0.386 0.292 0.683
21.760 3 0.119 0.386 0.284 0.683
21.800 3 0.122 0.383 0.289 0.683
21.840 3 0.122 0.383 0.289 0.683
21.880 3 0.122 0.383 0.289 0.683
21.920 3 0.122 0.383 0.289 0.683
21.960 3 0.122 0.383 0.289 0.683
22.000 3 0.122 0.383 0.289 0.683
22.040 3 0.117 0.383 0.287 0.689
22.080 3 0.119 0.383 0.291 0.689
22.120 3 0.120 0.383 0.292 0.689
22.160 3 0.119 0.383 0.289 0.689
22.200 3 0.117 0.383 0.287 0.689
22.240 3 0.119 0.381 0.291 0.689
22.280 3 0.120 0.383 0.291 0.689
22.320 3 0.117 0.381 0.289 0.689
22.360 3 0.120 0.378 0.294 0.689
22.400 3 0.120 0.378 0.294 0.689
22.440 3 0.117 0.378 0.291 0.689
22.480 3 0.116 0.369 0.295 0.689
22.520 3 0.111 0.364 0.291 0.686
22.560 3 0.127 0.367 0.303 0.683
22.600 3 0.119 0.367 0.297 0.686
22.640 3 0.130 0.367 0.308 0.686
22.680 3 0.125 0.367 0.303 0.686
22.720 3 0.117 0.372 0.294 0.689
22.760 3 0.122 0.369 0.303 0.692
22.800 3 0.119 0.367 0.298 0.689
22.840 3 0.114 0.375 0.297 0.700
22.880 3 0.116 0.372 0.302 0.703
22.920 3 0.109 0.378 0.295 0.708
22.960 3 0.116 0.378 0.305 0.714
23.000 3 0.102 0.381 0.303 0.739
23.040 3 0.109 0.392 0.295 0.725
23.080 3 0.114 0.392 0.300 0.725
23.120 3 0.106 0.400 0.295 0.739
23.160 3 0.108 0.400 0.297 0.736
23.200 3 0.102 0.408 0.292 0.750
23.240 3 0.103 0.406 0.294 0.747
23.280 3 0.094 0.411 0.287 0.756
23.320 3 0.102 0.414 0.292 0.756
23.360 3 0.094 0.417 0.284 0.753
23.400 3 0.095 0.414 0.286 0.756
23.440 3 0.094 0.414 0.284 0.753
23.480 3 0.100 0.411 0.289 0.750
23.520 3 0.095 0.411 0.281 0.744
23.560 3 0.097 0.411 0.286 0.747
23.600 3 0.102 0.403 0.291 0.739
23.640 3 0.097 0.400 0.287 0.742
23.680 3 0.100 0.392 0.289 0.728
23.720 3 0.109 0.383 0.295 0.714
23.760 3 0.109 0.383 0.294 0.714
23.800 3 0.108 0.386 0.292 0.714
23.840 3 0.113 0.381 0.295 0.706
23.880 3 0.114 0.378 0.297 0.706
23.920 3 0.113 0.378 0.295 0.703
23.960 3 0.114 0.375 0.295 0.703
24.000 3 0.122 0.383 0.289 0.683
24.040 3 0.128 0.386 0.294 0.686
24.080 3 0.127 0.386 0.292 0.686
24.120 3 0.133 0.386 0.295 0.678
24.160 3 0.130 0.381 0.295 0.678
24.200 3 0.133 0.381 0.298 0.678
24.240 3 0.133 0.383 0.294 0.672
24.280 3 0.136 0.383 0.297 0.669
24.320 3 0.138 0.381 0.298 0.669
24.360 3 0.138 0.381 0.298 0.669
24.400 3 0.139 0.378 0.302 0.669
24.440 3 0.139 0.378 0.305 0.675
24.480 3 0.134 0.375 0.300 0.672
24.520 3 0.136 0.375 0.303 0.675
24.560 3 0.131 0.378 0.295 0.669
24.600 3 0.136 0.383 0.297 0.672
24.640 3 0.128 0.378 0.291 0.672
24.680 3 0.131 0.378 0.294 0.672
24.720 3 0.130 0.381 0.294 0.675
24.760 3 0.128 0.381 0.291 0.675
24.800 3 0.130 0.381 0.294 0.675
24.840 3 0.131 0.381 0.297 0.678
24.880 3 0.133 0.383 0.297 0.678
24.920 3 0.130 0.381 0.295 0.678
24.960 3 0.138 0.381 0.305 0.681
25.000 3 0.141 0.383 0.308 0.683
25.040 3 0.133 0.381 0.311 0.700
25.080 3 0.139 0.381 0.319 0.703
25.120 3 0.131 0.386 0.311 0.708
25.160 3 0.133 0.386 0.316 0.711
25.200 3 0.130 0.386 0.314 0.714
25.240 3 0.133 0.386 0.317 0.717
25.280 3 0.131 0.386 0.316 0.717
25.320 3 0.128 0.386 0.314 0.717
25.360 3 0.131 0.389 0.317 0.719
25.400 3 0.128 0.389 0.312 0.717
25.440 3 0.130 0.386 0.316 0.719
25.480 3 0.130 0.389 0.316 0.719
25.520 3 0.128 0.389 0.314 0.719
25.560 3 0.127 0.389 0.311 0.717
25.600 3 0.134 0.389 0.317 0.719
25.640 3 0.127 0.389 0.306 0.711
25.680 3 0.136 0.392 0.316 0.714
25.720 3 0.128 0.392 0.309 0.714
25.760 3 0.134 0.389 0.319 0.717
25.800 3 0.130 0.392 0.311 0.714
25.840 3 0.138 0.394 0.317 0.714
25.880 3 0.130 0.389 0.312 0.714
25.920 3 0.134 0.389 0.319 0.717
25.960 3 0.130 0.389 0.314 0.717
26.000 3 0.123 0.381 0.325 0.739
26.040 3 0.127 0.375 0.311 0.706
26.080 3 0.133 0.381 0.314 0.706
26.120 3 0.128 0.381 0.309 0.706
26.160 3 0.128 0.381 0.311 0.708
26.200 3 0.130 0.381 0.311 0.708
26.240 3 0.133 0.386 0.312 0.708
26.280 3 0.134 0.386 0.312 0.706
26.320 3 0.136 0.389 0.312 0.706
26.360 3 0.138 0.386 0.316 0.706
26.400 3 0.139 0.383 0.322 0.711
26.440 3 0.138 0.383 0.320 0.711
26.480 3 0.144 0.386 0.323 0.706
26.520 3 0.147 0.386 0.325 0.706
26.560 3 0.142 0.383 0.322 0.706
26.600 3 0.153 0.386 0.336 0.714
26.640 3 0.147 0.386 0.330 0.711
26.680 3 0.158 0.386 0.339 0.714
26.720 3 0.153 0.386 0.336 0.714
26.760 3 0.156 0.389 0.338 0.711
26.800 3 0.158 0.389 0.339 0.714
26.840 3 0.159 0.389 0.341 0.714
26.880 3 0.153 0.389 0.336 0.714
26.920 3 0.153 0.386 0.338 0.714
26.960 3 0.153 0.389 0.336 0.714
27.000 3 0.159 0.383 0.327 0.683
27.040 3 0.155 0.394 0.323 0.700
27.080 3 0.161 0.394 0.331 0.700
27.120 3 0.156 0.397 0.327 0.703
27.160 3 0.158 0.397 0.330 0.706
27.200 3 0.155 0.397 0.325 0.703
27.240 3 0.159 0.394 0.331 0.703
27.280 3 0.152 0.394 0.323 0.700
27.320 3 0.163 0.394 0.334 0.706
27.360 3 0.155 0.397 0.327 0.703
27.400 3 0.163 0.397 0.336 0.708
27.440 3 0.159 0.400 0.328 0.703
27.480 3 0.163 0.400 0.333 0.706
27.520 3 0.161 0.406 0.328 0.706
27.560 3 0.163 0.403 0.333 0.711
27.600 3 0.161 0.408 0.331 0.714
27.640 3 0.163 0.408 0.333 0.714
27.680 3 0.159 0.408 0.330 0.714
27.720 3 0.163 0.408 0.333 0.714
27.760 3 0.163 0.411 0.330 0.711
27.800 3 0.163 0.408 0.330 0.711
27.840 3 0.161 0.408 0.330 0.711
27.880 3 0.161 0.406 0.328 0.708
27.920 3 0.161 0.406 0.328 0.708
27.960 3 0.158 0.403 0.328 0.706
28.000 3 0.159 0.417 0.327 0.717
28.040 3 0.158 0.406 0.325 0.703
28.080 3 0.156 0.397 0.323 0.700
28.120 3 0.153 0.394 0.325 0.700
28.160 3 0.153 0.392 0.322 0.694
28.200 3 0.155 0.392 0.323 0.694
28.240 3 0.156 0.389 0.323 0.689
28.280 3 0.155 0.389 0.322 0.689
28.320 3 0.155 0.389 0.320 0.686
28.360 3 0.158 0.389 0.323 0.686
28.400 3 0.153 0.389 0.319 0.686
28.440 3 0.155 0.386 0.322 0.686
28.480 3 0.153 0.386 0.319 0.683
28.520 3 0.152 0.386 0.317 0.683
28.560 3 0.152 0.386 0.317 0.681
28.600 3 0.156 0.386 0.322 0.683
28.640 3 0.156 0.383 0.322 0.681
28.680 3 0.158 0.381 0.323 0.678
28.720 3 0.161 0.381 0.327 0.678
28.760 3 0.159 0.381 0.325 0.678
28.800 3 0.159 0.381 0.325 0.675
28.840 3 0.159 0.378 0.323 0.672
28.880 3 0.159 0.389 0.322 0.681
28.920 3 0.164 0.381 0.330 0.681
28.960 3 0.163 0.394 0.328 0.694
29.000 3 0.159 0.383 0.327 0.683
29.040 3 0.161 0.397 0.334 0.708
29.080 3 0.158 0.406 0.331 0.717
29.120 3 0.159 0.406 0.333 0.717
29.160 3 0.158 0.408 0.331 0.719
29.200 3 0.158 0.408 0.331 0.719
29.240 3 0.161 0.406 0.333 0.717
29.280 3 0.163 0.408 0.334 0.717
29.320 3 0.161 0.408 0.331 0.711
29.360 3 0.161 0.406 0.333 0.714
29.400 3 0.159 0.406 0.330 0.711
29.440 3 0.161 0.403 0.331 0.706
29.480 3 0.159 0.397 0.330 0.706
29.520 3 0.155 0.389 0.323 0.692
29.560 3 0.155 0.389 0.323 0.692
29.600 3 0.147 0.381 0.312 0.678
29.640 3 0.144 0.378 0.312 0.681
29.680 3 0.145 0.375 0.316 0.681
29.720 3 0.131 0.369 0.300 0.672
29.760 3 0.139 0.369 0.308 0.669
29.800 3 0.125 0.364 0.292 0.664
29.840 3 0.131 0.361 0.300 0.664
29.880 3 0.122 0.361 0.291 0.664
29.920 3 0.122 0.364 0.289 0.664
29.960 3 0.123 0.361 0.292 0.664
30.000 3 0.122 0.383 0.289 0.683
30.040 3 0.122 0.375 0.287 0.672
30.080 3 0.116 0.378 0.283 0.678
30.120 3 0.120 0.378 0.286 0.678
30.160 3 0.117 0.381 0.283 0.678
30.200 3 0.117 0.381 0.283 0.678
30.240 3 0.123 0.383 0.287 0.678
30.280 3 0.120 0.383 0.283 0.675
30.320 3 0.122 0.383 0.284 0.678
30.360 3 0.123 0.383 0.286 0.678
30.400 3 0.120 0.381 0.286 0.678
30.440 3 0.127 0.383 0.291 0.678
30.480 3 0.125 0.381 0.289 0.678
30.520 3 0.127 0.383 0.292 0.681
30.560 3 0.127 0.383 0.292 0.681
30.600 3 0.127 0.383 0.292 0.681
30.640 3 0.131 0.383 0.298 0.683
30.680 3 0.128 0.383 0.295 0.683
30.720 3 0.128 0.383 0.298 0.689
30.760 3 0.125 0.383 0.294 0.686
30.800 3 0.128 0.383 0.298 0.689
30.840 3 0.123 0.383 0.291 0.683
30.880 3 0.130 0.386 0.298 0.689
30.920 3 0.125 0.389 0.294 0.692
30.960 3 0.128 0.389 0.298 0.694
31.000 3 0.122 0.383 0.289 0.683
31.040 3 0.125 0.386 0.291 0.686
31.080 3 0.120 0.386 0.286 0.683
31.120 3 0.122 0.383 0.292 0.686
31.160 3 0.120 0.383 0.287 0.683
31.200 3 0.122 0.383 0.291 0.683
31.240 3 0.122 0.381 0.289 0.681
31.280 3 0.123 0.383 0.291 0.681
31.320 3 0.120 0.381 0.289 0.683
31.360 3 0.125 0.381 0.292 0.681
31.400 3 0.127 0.381 0.292 0.678
31.440 3 0.123 0.383 0.292 0.686
31.480 3 0.125 0.381 0.295 0.686
31.520 3 0.127 0.381 0.297 0.689
31.560 3 0.120 0.378 0.295 0.692
31.600 3 0.125 0.383 0.295 0.686
31.640 3 0.122 0.378 0.297 0.692
31.680 3 0.123 0.383 0.294 0.689
31.720 3 0.123 0.381 0.295 0.689
31.760 3 0.123 0.383 0.292 0.686
31.800 3 0.123 0.383 0.292 0.686
31.840 3 0.123 0.383 0.292 0.686
31.880 3 0.123 0.383 0.291 0.683
31.920 3 0.125 0.381 0.294 0.683
31.960 3 0.123 0.381 0.291 0.683
32.000 3 0.122 0.383 0.289 0.683
32.040 3 0.123 0.386 0.289 0.683
32.080 3 0.117 0.383 0.287 0.686
32.120 3 0.122 0.383 0.292 0.689
32.160 3 0.116 0.383 0.284 0.686
32.200 3 0.120 0.386 0.291 0.692
32.240 3 0.116 0.386 0.286 0.689
32.280 3 0.120 0.386 0.291 0.692
32.320 3 0.116 0.389 0.281 0.686
32.360 3 0.122 0.389 0.287 0.686
32.400 3 0.119 0.389 0.286 0.689
32.440 3 0.120 0.389 0.289 0.692
32.480 3 0.119 0.389 0.287 0.692
32.520 3 0.116 0.389 0.284 0.692
32.560 3 0.119 0.389 0.287 0.689
32.600 3 0.117 0.386 0.284 0.689
32.640 3 0.116 0.386 0.284 0.689
32.680 3 0.116 0.386 0.284 0.686
32.720 3 0.114 0.386 0.281 0.686
32.760 3 0.113 0.386 0.280 0.686
32.800 3 0.116 0.386 0.283 0.686
32.840 3 0.114 0.389 0.280 0.683
32.880 3 0.114 0.389 0.278 0.683
32.920 3 0.119 0.386 0.283 0.681
32.960 3 0.116 0.386 0.283 0.683
33.000 3 0.122 0.383 0.289 0.683
33.040 3 0.127 0.392 0.292 0.689
33.080 3 0.127 0.392 0.292 0.689
33.120 3 0.128 0.394 0.292 0.692
33.160 3 0.127 0.397 0.291 0.689
33.200 3 0.127 0.397 0.291 0.689
33.240 3 0.125 0.394 0.289 0.689
33.280 3 0.128 0.394 0.292 0.686
33.320 3 0.127 0.394 0.289 0.686
33.360 3 0.125 0.394 0.289 0.689
33.400 3 0.127 0.392 0.291 0.689
33.440 3 0.125 0.394 0.289 0.689
33.480 3 0.127 0.394 0.291 0.692
33.520 3 0.125 0.394 0.291 0.692
33.560 3 0.127 0.397 0.292 0.694
33.600 3 0.128 0.397 0.292 0.692
33.640 3 0.122 0.397 0.284 0.692
33.680 3 0.123 0.397 0.287 0.692
33.720 3 0.123 0.397 0.289 0.697
33.760 3 0.114 0.400 0.280 0.697
33.800 3 0.119 0.400 0.291 0.706
33.840 3 0.111 0.397 0.284 0.708
33.880 3 0.114 0.406 0.283 0.708
33.920 3 0.114 0.411 0.283 0.711
33.960 3 0.113 0.406 0.283 0.711
34.000 3 0.122 0.417 0.289 0.717
34.040 3 0.114 0.408 0.281 0.706
34.080 3 0.120 0.406 0.286 0.703
34.120 3 0.120 0.406 0.287 0.706
34.160 3 0.120 0.406 0.287 0.706
34.200 3 0.119 0.406 0.284 0.703
34.240 3 0.122 0.406 0.289 0.703
34.280 3 0.120 0.406 0.287 0.703
34.320 3 0.125 0.403 0.292 0.703
34.360 3 0.119 0.403 0.284 0.700
34.400 3 0.123 0.397 0.294 0.706
34.440 3 0.119 0.400 0.286 0.697
34.480 3 0.125 0.397 0.294 0.700
34.520 3 0.120 0.397 0.289 0.700
34.560 3 0.120 0.397 0.291 0.703
34.600 3 0.123 0.397 0.291 0.697
34.640 3 0.125 0.397 0.292 0.697
34.680 3 0.125 0.397 0.292 0.697
34.720 3 0.125 0.397 0.292 0.697
34.760 3 0.125 0.397 0.292 0.697
34.800 3 0.123 0.397 0.291 0.697
34.840 3 0.127 0.394 0.292 0.694
34.880 3 0.125 0.394 0.292 0.694
34.920 3 0.123 0.394 0.289 0.694
34.960 3 0.127 0.394 0.292 0.694
35.000 3 0.122 0.383 0.289 0.683
35.040 3 0.125 0.381 0.294 0.683
35.080 3 0.123 0.381 0.291 0.683
35.120 3 0.123 0.381 0.292 0.683
35.160 3 0.120 0.381 0.289 0.683
35.200 3 0.125 0.381 0.294 0.683
35.240 3 0.120 0.381 0.289 0.683
35.280 3 0.122 0.381 0.291 0.683
35.320 3 0.123 0.383 0.292 0.686
35.360 3 0.120 0.383 0.289 0.683
35.400 3 0.125 0.383 0.294 0.686
35.440 3 0.122 0.383 0.289 0.686
35.480 3 0.125 0.383 0.294 0.683
35.520 3 0.123 0.381 0.292 0.683
35.560 3 0.125 0.383 0.292 0.681
35.600 3 0.127 0.381 0.294 0.681
35.640 3 0.123 0.378 0.291 0.678
35.680 3 0.128 0.381 0.295 0.678
35.720 3 0.127 0.381 0.292 0.678
35.760 3 0.127 0.381 0.294 0.678
35.800 3 0.125 0.375 0.294 0.681
35.840 3 0.128 0.381 0.295 0.678
35.880 3 0.123 0.381 0.291 0.681
35.920 3 0.128 0.381 0.295 0.681
35.960 3 0.119 0.383 0.286 0.683
36.000 3 0.122 0.383 0.289 0.683
36.040 3 0.113 0.386 0.278 0.686
36.080 3 0.111 0.389 0.275 0.686
36.120 3 0.098 0.389 0.266 0.692
36.160 3 0.103 0.389 0.272 0.692
36.200 3 0.100 0.389 0.270 0.692
36.240 3 0.103 0.389 0.272 0.692
36.280 3 0.098 0.392 0.266 0.692
36.320 3 0.108 0.383 0.275 0.683
36.360 3 0.102 0.386 0.267 0.683
36.400 3 0.111 0.381 0.277 0.678
36.440 3 0.108 0.383 0.273 0.681
36.480 3 0.113 0.381 0.280 0.681
36.520 3 0.116 0.383 0.281 0.683
36.560 3 0.113 0.383 0.280 0.683
36.600 3 0.119 0.383 0.287 0.686
36.640 3 0.114 0.383 0.280 0.681
36.680 3 0.119 0.383 0.286 0.686
36.720 3 0.116 0.383 0.283 0.686
36.760 3 0.117 0.386 0.284 0.686
36.800 3 0.116 0.386 0.283 0.686
36.840 3 0.117 0.386 0.284 0.686
36.880 3 0.120 0.386 0.286 0.686
36.920 3 0.117 0.383 0.286 0.686
36.960 3 0.123 0.386 0.291 0.686
37.000 3 0.122 0.383 0.289 0.683
37.040 3 0.119 0.381 0.303 0.708
37.080 3 0.120 0.381 0.303 0.708
37.120 3 0.119 0.378 0.305 0.711
37.160 3 0.123 0.381 0.309 0.711
37.200 3 0.117 0.381 0.302 0.708
37.240 3 0.127 0.381 0.311 0.708
37.280 3 0.120 0.381 0.298 0.700
37.320 3 0.130 0.381 0.312 0.708
37.360 3 0.122 0.381 0.303 0.703
37.400 3 0.128 0.381 0.311 0.706
37.440 3 0.125 0.381 0.308 0.706
37.480 3 0.127 0.381 0.311 0.708
37.520 3 0.128 0.386 0.308 0.708
37.560 3 0.128 0.386 0.306 0.706
37.600 3 0.133 0.392 0.309 0.706
37.640 3 0.125 0.386 0.306 0.708
37.680 3 0.131 0.386 0.312 0.708
37.720 3 0.127 0.386 0.308 0.708
37.760 3 0.128 0.383 0.312 0.711
37.800 3 0.128 0.383 0.311 0.711
37.840 3 0.128 0.383 0.311 0.711
37.880 3 0.128 0.383 0.312 0.711
37.920 3 0.131 0.386 0.314 0.711
37.960 3 0.128 0.383 0.312 0.714
38.000 3 0.123 0.381 0.325 0.739
38.040 3 0.123 0.381 0.325 0.739
38.080 3 0.123 0.381 0.325 0.739
38.120 3 0.123 0.381 0.325 0.739
38.160 3 0.131 0.383 0.328 0.736
38.200 3 0.123 0.381 0.327 0.739
38.240 3 0.123 0.378 0.327 0.736
38.280 3 0.123 0.378 0.327 0.736
38.320 3 0.123 0.375 0.325 0.736
38.360 3 0.123 0.375 0.325 0.736
38.400 3 0.123 0.375 0.325 0.733
38.440 3 0.122 0.375 0.325 0.733
38.480 3 0.120 0.372 0.325 0.736
38.520 3 0.119 0.372 0.323 0.736
38.560 3 0.119 0.369 0.327 0.739
47.680 4 0.277 0.586 0.341 0.697
47.720 4 0.269 0.594 0.331 0.706
47.760 4 0.259 0.586 0.320 0.694
47.800 4 0.253 0.564 0.316 0.672
47.840 4 0.250 0.544 0.311 0.653
47.880 4 0.242 0.542 0.303 0.650
47.920 4 0.233 0.550 0.292 0.658
47.960 4 0.225 0.558 0.283 0.658
48.000 4 0.220 0.561 0.277 0.661
48.040 4 0.212 0.564 0.269 0.664
48.080 4 0.202 0.575 0.258 0.672
48.120 4 0.192 0.586 0.247 0.686
48.160 4 0.183 0.594 0.237 0.692
48.200 4 0.175 0.597 0.230 0.697
48.240 4 0.164 0.606 0.219 0.703
48.280 4 0.148 0.619 0.203 0.717
48.320 4 0.133 0.622 0.186 0.717
49.680 5 0.713 0.367 0.769 0.469
49.720 5 0.716 0.361 0.773 0.464
49.760 5 0.719 0.361 0.775 0.461
49.800 5 0.723 0.361 0.780 0.461
49.840 5 0.728 0.358 0.786 0.458
49.880 5 0.733 0.356 0.789 0.458
49.920 5 0.731 0.358 0.787 0.458
49.960 5 0.728 0.358 0.784 0.458
50.000 5 0.727 0.361 0.783 0.461
50.040 5 0.725 0.353 0.783 0.453
50.080 5 0.728 0.342 0.784 0.444
50.120 5 0.731 0.336 0.787 0.436
50.160 5 0.733 0.336 0.789 0.433
50.200 5 0.734 0.336 0.789 0.436
50.240 5 0.736 0.344 0.792 0.442
50.280 5 0.744 0.353 0.800 0.453
50.320 5 0.750 0.358 0.806 0.458
50.360 5 0.759 0.369 0.816 0.469
50.400 5 0.766 0.378 0.822 0.478
50.440 5 0.770 0.378 0.828 0.478
50.480 5 0.777 0.381 0.833 0.481
50.520 5 0.784 0.383 0.841 0.483
50.560 5 0.791 0.389 0.847 0.492
75.920 6 0.139 0.419 0.308 0.719
75.960 6 0.136 0.417 0.305 0.719
76.000 6 0.141 0.417 0.308 0.717
76.040 6 0.133 0.400 0.316 0.728
76.080 6 0.133 0.400 0.316 0.728
76.120 6 0.125 0.397 0.308 0.725
76.160 6 0.138 0.406 0.316 0.725
76.200 6 0.128 0.397 0.314 0.728
76.240 6 0.131 0.397 0.319 0.731
76.280 6 0.128 0.397 0.312 0.728
76.320 6 0.130 0.397 0.316 0.728
76.360 6 0.130 0.397 0.314 0.728
76.400 6 0.133 0.397 0.317 0.728
76.440 6 0.130 0.397 0.316 0.731
76.480 6 0.125 0.397 0.311 0.731
76.520 6 0.130 0.397 0.316 0.731
76.560 6 0.128 0.397 0.312 0.728
76.600 6 0.133 0.397 0.317 0.725
76.640 6 0.131 0.397 0.316 0.725
76.680 6 0.130 0.397 0.314 0.725
76.720 6 0.133 0.397 0.317 0.728
76.760 6 0.128 0.397 0.312 0.728
76.800 6 0.133 0.400 0.317 0.728
76.840 6 0.128 0.397 0.311 0.722
76.880 6 0.136 0.397 0.320 0.728
76.920 6 0.133 0.397 0.319 0.728
76.960 6 0.134 0.397 0.319 0.725
77.000 6 0.123 0.381 0.325 0.739
77.040 6 0.131 0.383 0.319 0.717
77.080 6 0.131 0.383 0.319 0.717
77.120 6 0.131 0.383 0.319 0.717
77.160 6 0.134 0.386 0.319 0.717
77.200 6 0.134 0.386 0.319 0.717
77.240 6 0.134 0.386 0.319 0.717
77.280 6 0.134 0.386 0.317 0.714
77.320 6 0.131 0.386 0.314 0.711
77.360 6 0.134 0.389 0.314 0.711
77.400 6 0.127 0.381 0.311 0.708
77.440 6 0.127 0.381 0.311 0.711
77.480 6 0.123 0.378 0.308 0.708
77.520 6 0.119 0.381 0.303 0.708
77.560 6 0.123 0.378 0.308 0.706
77.600 6 0.111 0.378 0.297 0.708
77.640 6 0.116 0.381 0.300 0.708
77.680 6 0.116 0.381 0.298 0.706
77.720 6 0.116 0.381 0.297 0.706
77.760 6 0.116 0.381 0.297 0.706
77.800 6 0.116 0.381 0.297 0.706
77.840 6 0.114 0.381 0.295 0.706
77.880 6 0.119 0.381 0.300 0.706
77.920 6 0.116 0.381 0.297 0.703
77.960 6 0.116 0.381 0.298 0.706
78.000 6 0.122 0.383 0.289 0.683
78.040 6 0.131 0.397 0.294 0.689
78.080 6 0.131 0.397 0.295 0.689
78.120 6 0.133 0.397 0.297 0.692
78.160 6 0.130 0.400 0.295 0.694
78.200 6 0.130 0.400 0.295 0.694
78.240 6 0.130 0.400 0.295 0.694
78.280 6 0.128 0.403 0.294 0.700
78.320 6 0.128 0.406 0.294 0.700
78.360 6 0.131 0.406 0.297 0.703
78.400 6 0.128 0.406 0.295 0.703
78.440 6 0.128 0.406 0.297 0.706
78.480 6 0.128 0.406 0.297 0.706
78.520 6 0.131 0.411 0.295 0.706
78.560 6 0.131 0.411 0.295 0.706
78.600 6 0.131 0.411 0.295 0.706
78.640 6 0.133 0.414 0.298 0.711
78.680 6 0.133 0.417 0.298 0.711
78.720 6 0.130 0.425 0.297 0.722
78.760 6 0.134 0.425 0.302 0.722
78.800 6 0.134 0.439 0.298 0.736
78.840 6 0.138 0.442 0.302 0.736
78.880 6 0.134 0.442 0.300 0.736
78.920 6 0.134 0.442 0.300 0.736
78.960 6 0.134 0.442 0.300 0.736
79.000 6 0.141 0.450 0.308 0.747
79.040 6 0.136 0.444 0.303 0.742
79.080 6 0.136 0.442 0.303 0.742
79.120 6 0.136 0.442 0.302 0.739
79.160 6 0.130 0.414 0.297 0.711
79.200 6 0.130 0.414 0.295 0.711
79.240 6 0.128 0.411 0.297 0.711
79.280 6 0.120 0.397 0.289 0.700
79.320 6 0.119 0.394 0.289 0.700
79.360 6 0.117 0.386 0.286 0.689
79.400 6 0.117 0.389 0.286 0.689
79.440 6 0.111 0.383 0.281 0.689
79.480 6 0.111 0.381 0.284 0.689
79.520 6 0.111 0.381 0.283 0.689
79.560 6 0.113 0.378 0.286 0.686
79.600 6 0.109 0.378 0.284 0.686
79.640 6 0.116 0.381 0.289 0.689
79.680 6 0.119 0.378 0.292 0.686
79.720 6 0.116 0.378 0.291 0.689
79.760 6 0.117 0.378 0.292 0.689
79.800 6 0.119 0.381 0.294 0.692
79.840 6 0.119 0.381 0.294 0.692
79.880 6 0.119 0.381 0.294 0.692
79.920 6 0.120 0.381 0.295 0.694
79.960 6 0.123 0.383 0.297 0.692
80.000 6 0.122 0.383 0.289 0.683
80.040 6 0.120 0.386 0.286 0.683
80.080 6 0.120 0.386 0.284 0.683
80.120 6 0.119 0.386 0.287 0.686
80.160 6 0.119 0.386 0.287 0.686
80.200 6 0.120 0.386 0.286 0.683
80.240 6 0.120 0.386 0.287 0.686
80.280 6 0.119 0.389 0.286 0.686
80.320 6 0.125 0.389 0.291 0.686
80.360 6 0.116 0.383 0.283 0.683
80.400 6 0.122 0.383 0.292 0.692
80.440 6 0.117 0.383 0.286 0.686
80.480 6 0.123 0.383 0.292 0.686
80.520 6 0.120 0.383 0.287 0.683
80.560 6 0.122 0.381 0.291 0.683
80.600 6 0.120 0.381 0.287 0.683
80.640 6 0.125 0.381 0.292 0.681
80.680 6 0.122 0.383 0.286 0.678
80.720 6 0.127 0.383 0.292 0.681
80.760 6 0.125 0.383 0.287 0.675
80.800 6 0.127 0.383 0.294 0.683
80.840 6 0.125 0.383 0.291 0.683
80.880 6 0.122 0.383 0.289 0.683
80.920 6 0.127 0.383 0.294 0.681
80.960 6 0.123 0.383 0.289 0.681
81.000 6 0.122 0.383 0.289 0.683
81.040 6 0.128 0.386 0.295 0.686
81.080 6 0.127 0.386 0.292 0.686
81.120 6 0.125 0.386 0.294 0.689
81.160 6 0.125 0.386 0.294 0.689
81.200 6 0.127 0.389 0.295 0.694
81.240 6 0.123 0.386 0.292 0.692
81.280 6 0.127 0.386 0.297 0.692
81.320 6 0.123 0.386 0.294 0.692
81.360 6 0.128 0.383 0.302 0.694
81.400 6 0.120 0.381 0.292 0.692
81.440 6 0.128 0.383 0.297 0.689
81.480 6 0.123 0.381 0.292 0.683
81.520 6 0.130 0.381 0.300 0.689
81.560 6 0.120 0.378 0.292 0.686
81.600 6 0.125 0.381 0.294 0.683
81.640 6 0.123 0.381 0.292 0.681
81.680 6 0.123 0.381 0.292 0.681
81.720 6 0.122 0.381 0.291 0.681
81.760 6 0.122 0.381 0.289 0.681
81.800 6 0.122 0.381 0.289 0.678
81.840 6 0.116 0.378 0.284 0.681
81.880 6 0.119 0.381 0.287 0.683
81.920 6 0.117 0.381 0.286 0.681
81.960 6 0.120 0.381 0.286 0.681
82.000 6 0.122 0.383 0.289 0.683
82.040 6 0.119 0.386 0.286 0.686
82.080 6 0.123 0.386 0.284 0.678
82.120 6 0.122 0.386 0.287 0.681
82.160 6 0.120 0.386 0.284 0.681
82.200 6 0.122 0.383 0.287 0.681
82.240 6 0.120 0.383 0.284 0.678
82.280 6 0.123 0.381 0.294 0.686
82.320 6 0.119 0.383 0.284 0.681
82.360 6 0.125 0.383 0.294 0.683
82.400 6 0.120 0.383 0.284 0.681
82.440 6 0.125 0.383 0.289 0.681
82.480 6 0.119 0.383 0.283 0.678
82.520 6 0.122 0.386 0.286 0.678
82.560 6 0.120 0.383 0.284 0.678
82.600 6 0.119 0.383 0.283 0.678
82.640 6 0.119 0.381 0.286 0.681
82.680 6 0.122 0.381 0.291 0.681
82.720 6 0.116 0.378 0.284 0.681
82.760 6 0.125 0.378 0.292 0.675
82.800 6 0.125 0.381 0.289 0.675
82.840 6 0.127 0.381 0.292 0.675
82.880 6 0.128 0.381 0.294 0.675
82.920 6 0.127 0.381 0.292 0.678
82.960 6 0.127 0.381 0.292 0.678
83.000 6 0.122 0.383 0.289 0.683
83.040 6 0.123 0.378 0.289 0.675
83.080 6 0.127 0.378 0.294 0.678
83.120 6 0.120 0.378 0.291 0.683
83.160 6 0.127 0.378 0.295 0.683
83.200 6 0.120 0.383 0.289 0.686
83.240 6 0.123 0.381 0.291 0.683
83.280 6 0.120 0.386 0.291 0.689
83.320 6 0.125 0.383 0.294 0.689
83.360 6 0.123 0.386 0.289 0.683
83.400 6 0.122 0.386 0.292 0.692
83.440 6 0.122 0.386 0.292 0.692
83.480 6 0.119 0.386 0.291 0.694
83.520 6 0.123 0.389 0.297 0.700
83.560 6 0.119 0.386 0.291 0.697
83.600 6 0.125 0.389 0.297 0.694
83.640 6 0.120 0.389 0.291 0.692
83.680 6 0.127 0.389 0.295 0.692
83.720 6 0.125 0.389 0.295 0.694
83.760 6 0.131 0.389 0.300 0.692
83.800 6 0.128 0.386 0.298 0.692
83.840 6 0.134 0.386 0.305 0.692
83.880 6 0.131 0.386 0.305 0.694
83.920 6 0.131 0.386 0.300 0.692
83.960 6 0.136 0.389 0.305 0.692
84.000 6 0.141 0.383 0.308 0.683
84.040 6 0.138 0.394 0.303 0.692
84.080 6 0.138 0.394 0.305 0.694
84.120 6 0.138 0.394 0.303 0.694
84.160 6 0.138 0.394 0.303 0.692
84.200 6 0.134 0.394 0.300 0.692
84.240 6 0.141 0.397 0.306 0.692
84.280 6 0.136 0.397 0.298 0.689
84.320 6 0.138 0.394 0.303 0.692
84.360 6 0.134 0.392 0.300 0.692
84.400 6 0.144 0.397 0.306 0.689
84.440 6 0.141 0.394 0.306 0.689
84.480 6 0.144 0.394 0.309 0.689
84.520 6 0.138 0.392 0.305 0.689
84.560 6 0.142 0.392 0.311 0.692
84.600 6 0.134 0.394 0.308 0.703
84.640 6 0.141 0.397 0.312 0.706
84.680 6 0.136 0.400 0.309 0.714
84.720 6 0.142 0.406 0.316 0.714
84.760 6 0.139 0.406 0.311 0.714
84.800 6 0.144 0.406 0.316 0.714
84.840 6 0.139 0.406 0.314 0.717
84.880 6 0.141 0.406 0.312 0.714
84.920 6 0.145 0.406 0.314 0.711
84.960 6 0.142 0.408 0.312 0.711
85.000 6 0.141 0.417 0.308 0.717
85.040 6 0.138 0.419 0.303 0.717
85.080 6 0.145 0.419 0.311 0.717
85.120 6 0.136 0.417 0.308 0.725
85.160 6 0.142 0.417 0.312 0.722
85.200 6 0.134 0.414 0.305 0.719
85.240 6 0.138 0.414 0.311 0.728
85.280 6 0.138 0.417 0.306 0.719
85.320 6 0.142 0.414 0.311 0.717
85.360 6 0.136 0.414 0.303 0.714
85.400 6 0.142 0.411 0.316 0.722
85.440 6 0.133 0.411 0.305 0.717
85.480 6 0.141 0.411 0.316 0.722
85.520 6 0.138 0.406 0.308 0.714
85.560 6 0.138 0.406 0.308 0.711
85.600 6 0.144 0.403 0.311 0.703
85.640 6 0.134 0.403 0.303 0.703
102.920 7 0.087 0.314 0.202 0.519
102.960 7 0.084 0.311 0.200 0.519
103.000 7 0.084 0.311 0.200 0.519
103.040 7 0.084 0.306 0.202 0.517
103.080 7 0.086 0.306 0.203 0.517
103.120 7 0.086 0.306 0.202 0.517
103.160 7 0.084 0.306 0.202 0.517
103.200 7 0.084 0.308 0.200 0.519
103.240 7 0.083 0.308 0.200 0.519
103.280 7 0.081 0.308 0.197 0.519
103.320 7 0.084 0.308 0.200 0.519
103.360 7 0.080 0.308 0.197 0.519
103.400 7 0.081 0.308 0.198 0.519
103.440 7 0.081 0.308 0.197 0.519
103.480 7 0.080 0.311 0.195 0.519
103.520 7 0.083 0.311 0.198 0.519
103.560 7 0.078 0.308 0.194 0.519
103.600 7 0.083 0.311 0.200 0.522
103.640 7 0.081 0.311 0.197 0.519
103.680 7 0.080 0.311 0.194 0.519
103.720 7 0.083 0.311 0.198 0.519
103.760 7 0.083 0.314 0.197 0.519
103.800 7 0.080 0.314 0.195 0.522
103.840 7 0.080 0.314 0.195 0.522
103.880 7 0.081 0.314 0.195 0.519
103.920 7 0.081 0.317 0.195 0.519
103.960 7 0.083 0.317 0.195 0.522
104.000 7 0.084 0.311 0.200 0.519
104.040 7 0.086 0.314 0.200 0.519
104.080 7 0.086 0.314 0.202 0.522
104.120 7 0.086 0.314 0.203 0.522
104.160 7 0.091 0.314 0.205 0.519
104.200 7 0.087 0.311 0.203 0.519
104.240 7 0.089 0.311 0.205 0.519
104.280 7 0.091 0.314 0.206 0.522
104.320 7 0.097 0.317 0.211 0.522
104.360 7 0.097 0.317 0.211 0.522
105.720 8 0.267 0.211 0.436 0.511
105.760 8 0.256 0.206 0.427 0.514
105.800 8 0.244 0.214 0.419 0.528
105.840 8 0.241 0.214 0.412 0.522
105.880 8 0.233 0.217 0.408 0.531
105.920 8 0.223 0.214 0.398 0.525
105.960 8 0.219 0.214 0.392 0.525
106.000 8 0.216 0.217 0.383 0.517
106.040 8 0.212 0.217 0.375 0.508
106.080 8 0.211 0.219 0.378 0.517
106.120 8 0.206 0.219 0.372 0.517
106.160 8 0.209 0.219 0.377 0.519
106.200 8 0.209 0.219 0.377 0.519
106.240 8 0.209 0.217 0.377 0.519
114.800 9 0.752 0.119 0.873 0.336
114.840 9 0.770 0.117 0.889 0.328
114.880 9 0.787 0.114 0.906 0.325
114.920 9 0.808 0.117 0.925 0.328
114.960 9 0.825 0.128 0.942 0.339
115.000 9 0.848 0.128 0.966 0.336
115.040 9 0.869 0.122 0.989 0.336
115.080 9 0.892 0.111 1.012 0.325
115.120 9 0.912 0.092 1.036 0.311
115.640 10 0.553 0.236 0.609 0.333
115.680 10 0.553 0.236 0.609 0.336
115.720 10 0.559 0.242 0.614 0.342
115.760 10 0.561 0.247 0.617 0.347
115.800 10 0.562 0.258 0.619 0.356
115.840 10 0.564 0.264 0.620 0.364
115.880 10 0.566 0.267 0.622 0.367
115.920 10 0.569 0.269 0.625 0.367
115.960 10 0.569 0.267 0.625 0.367
116.000 10 0.570 0.261 0.627 0.361
116.040 10 0.573 0.253 0.630 0.353
116.080 10 0.580 0.242 0.634 0.342
116.120 10 0.588 0.231 0.645 0.331
116.160 10 0.594 0.219 0.653 0.322
116.200 10 0.603 0.217 0.661 0.319
116.240 10 0.611 0.219 0.670 0.325
116.280 10 0.619 0.225 0.678 0.331
116.320 10 0.627 0.236 0.688 0.342
116.360 10 0.637 0.242 0.698 0.350
116.400 10 0.650 0.247 0.711 0.358
116.840 11 0.756 0.128 0.872 0.336
116.880 11 0.770 0.144 0.886 0.350
116.920 11 0.787 0.153 0.902 0.356
116.960 11 0.805 0.156 0.917 0.358
117.000 11 0.822 0.150 0.939 0.358
117.040 11 0.842 0.142 0.963 0.353
117.080 11 0.864 0.128 0.984 0.342
125.040 12 0.364 0.289 0.536 0.594
125.080 12 0.367 0.292 0.537 0.594
125.120 12 0.361 0.292 0.531 0.594
125.160 12 0.364 0.292 0.536 0.597
125.200 12 0.361 0.289 0.534 0.594
125.240 12 0.366 0.283 0.541 0.594
125.280 12 0.364 0.281 0.539 0.592
125.320 12 0.369 0.278 0.544 0.589
125.360 12 0.366 0.275 0.542 0.589
125.400 12 0.372 0.275 0.547 0.586
125.440 12 0.372 0.275 0.545 0.583
125.480 12 0.377 0.272 0.552 0.583
125.520 12 0.377 0.272 0.552 0.586
125.560 12 0.380 0.275 0.555 0.586
125.600 12 0.377 0.278 0.548 0.586
125.640 12 0.372 0.278 0.545 0.583
125.680 12 0.378 0.278 0.550 0.583
125.720 12 0.378 0.275 0.550 0.581
125.760 12 0.383 0.275 0.553 0.575
125.800 12 0.389 0.278 0.555 0.572
125.840 12 0.397 0.278 0.564 0.575
125.880 12 0.400 0.281 0.567 0.578
125.920 12 0.402 0.281 0.570 0.581
125.960 12 0.402 0.283 0.570 0.583
126.000 12 0.402 0.283 0.570 0.583
126.040 12 0.405 0.286 0.570 0.583
126.080 12 0.405 0.283 0.577 0.589
126.120 12 0.405 0.289 0.570 0.583
126.160 12 0.406 0.289 0.572 0.583
126.200 12 0.406 0.289 0.572 0.583
126.240 12 0.409 0.286 0.578 0.586
126.280 12 0.412 0.286 0.578 0.581
126.320 12 0.414 0.283 0.581 0.578
126.360 12 0.414 0.281 0.581 0.578
126.400 12 0.414 0.278 0.580 0.575
126.440 12 0.412 0.278 0.580 0.575
126.480 12 0.411 0.278 0.578 0.575
126.520 12 0.409 0.281 0.575 0.578
126.560 12 0.408 0.283 0.575 0.581
126.600 12 0.405 0.286 0.572 0.581
126.640 12 0.402 0.283 0.572 0.586
126.680 12 0.398 0.281 0.569 0.586
126.720 12 0.402 0.283 0.573 0.586
126.760 12 0.397 0.281 0.569 0.586
126.800 12 0.402 0.281 0.572 0.586
126.840 12 0.400 0.283 0.567 0.583
126.880 12 0.400 0.283 0.567 0.583
126.920 12 0.398 0.283 0.567 0.583
126.960 12 0.400 0.286 0.566 0.581
127.000 12 0.402 0.283 0.570 0.583
127.040 12 0.400 0.283 0.567 0.581
127.080 12 0.403 0.283 0.572 0.583
127.120 12 0.403 0.286 0.569 0.583
127.160 12 0.400 0.281 0.569 0.581
127.200 12 0.405 0.281 0.573 0.583
127.240 12 0.402 0.278 0.575 0.586
127.280 12 0.402 0.278 0.573 0.583
127.320 12 0.405 0.281 0.570 0.578
127.360 12 0.408 0.286 0.572 0.578
127.400 12 0.405 0.283 0.569 0.578
127.440 12 0.403 0.283 0.572 0.583
127.480 12 0.402 0.283 0.569 0.581
127.520 12 0.403 0.283 0.572 0.583
127.560 12 0.403 0.283 0.572 0.583
127.600 12 0.403 0.283 0.572 0.583
127.640 12 0.405 0.283 0.575 0.586
127.680 12 0.403 0.283 0.572 0.583
127.720 12 0.405 0.283 0.575 0.586
127.760 12 0.402 0.286 0.569 0.583
127.800 12 0.406 0.283 0.577 0.586
127.840 12 0.402 0.286 0.567 0.581
127.880 12 0.405 0.286 0.575 0.586
127.920 12 0.398 0.281 0.572 0.589
127.960 12 0.405 0.283 0.575 0.586
128.000 12 0.402 0.283 0.570 0.583
128.040 12 0.403 0.281 0.577 0.586
128.080 12 0.392 0.275 0.570 0.592
128.120 12 0.398 0.278 0.577 0.594
128.160 12 0.402 0.283 0.570 0.583
128.200 12 0.403 0.281 0.577 0.589
128.240 12 0.395 0.281 0.569 0.589
128.280 12 0.400 0.281 0.577 0.594
128.320 12 0.402 0.283 0.570 0.583
128.360 13 0.131 0.367 0.331 0.719
128.400 13 0.123 0.364 0.327 0.722
128.440 13 0.131 0.364 0.333 0.725
128.480 13 0.127 0.367 0.328 0.722
128.520 13 0.125 0.364 0.325 0.719
128.560 13 0.123 0.361 0.327 0.722
128.600 13 0.117 0.350 0.320 0.714
128.640 13 0.120 0.347 0.327 0.717
128.680 13 0.119 0.339 0.327 0.711
128.720 13 0.119 0.339 0.327 0.708
128.760 13 0.119 0.339 0.325 0.708
128.800 13 0.119 0.336 0.323 0.703
128.840 13 0.113 0.333 0.320 0.703
128.880 13 0.120 0.336 0.323 0.700
128.920 13 0.125 0.342 0.327 0.697
128.960 13 0.119 0.339 0.320 0.700
129.000 13 0.123 0.342 0.325 0.700
129.040 13 0.133 0.350 0.327 0.694
129.080 13 0.128 0.350 0.323 0.697
129.120 13 0.128 0.347 0.325 0.697
129.160 13 0.138 0.339 0.333 0.686
129.200 13 0.133 0.336 0.330 0.686
129.240 13 0.142 0.333 0.339 0.686
129.280 13 0.144 0.336 0.342 0.686
129.320 13 0.142 0.336 0.341 0.689
129.360 13 0.153 0.336 0.352 0.689
129.400 13 0.153 0.333 0.353 0.689
129.440 13 0.163 0.328 0.362 0.681
129.480 13 0.156 0.322 0.358 0.681
129.520 13 0.167 0.322 0.369 0.683
129.560 13 0.161 0.319 0.366 0.683
129.600 13 0.170 0.322 0.377 0.689
129.640 13 0.167 0.322 0.373 0.692
129.680 13 0.167 0.322 0.375 0.692
129.720 13 0.181 0.325 0.389 0.692
129.760 13 0.178 0.328 0.386 0.694
129.800 13 0.192 0.322 0.402 0.694
129.840 13 0.186 0.322 0.395 0.694
129.880 13 0.189 0.328 0.400 0.700
129.920 13 0.186 0.325 0.395 0.697
129.960 13 0.192 0.328 0.400 0.697
130.000 13 0.191 0.342 0.392 0.700
130.040 13 0.186 0.342 0.386 0.697
130.080 13 0.189 0.331 0.388 0.683
130.120 13 0.188 0.333 0.381 0.681
130.160 13 0.172 0.319 0.367 0.667
130.200 13 0.172 0.319 0.367 0.667
130.240 13 0.156 0.314 0.353 0.664
130.280 13 0.161 0.314 0.358 0.664
130.320 13 0.156 0.311 0.355 0.664
130.360 13 0.142 0.314 0.339 0.667
130.400 13 0.141 0.314 0.338 0.667
130.440 13 0.125 0.319 0.322 0.669
130.480 13 0.123 0.319 0.320 0.667
130.520 13 0.109 0.331 0.305 0.678
130.560 13 0.103 0.328 0.298 0.678
130.600 13 0.106 0.331 0.302 0.678
130.640 13 0.095 0.342 0.291 0.689
130.680 13 0.100 0.339 0.297 0.692
130.720 13 0.091 0.353 0.284 0.700
130.760 13 0.086 0.358 0.280 0.703
130.080 14 0.188 0.339 0.388 0.694
130.120 14 0.188 0.339 0.386 0.694
130.160 14 0.180 0.331 0.377 0.678
130.200 14 0.175 0.331 0.372 0.681
130.240 14 0.159 0.328 0.356 0.675
130.280 14 0.159 0.328 0.356 0.675
130.320 14 0.158 0.325 0.353 0.672
130.360 14 0.142 0.328 0.339 0.678
130.400 14 0.141 0.328 0.336 0.675
130.440 14 0.125 0.331 0.320 0.681
130.480 14 0.123 0.328 0.320 0.681
130.520 14 0.108 0.342 0.305 0.692
130.560 14 0.103 0.342 0.302 0.692
130.600 14 0.108 0.339 0.306 0.692
130.640 14 0.095 0.350 0.295 0.706
130.680 14 0.094 0.347 0.295 0.703
130.720 14 0.091 0.364 0.294 0.725
130.760 14 0.083 0.364 0.289 0.731
130.800 14 0.077 0.383 0.281 0.750
130.840 14 0.083 0.383 0.287 0.747
130.880 14 0.086 0.411 0.289 0.775
130.920 14 0.072 0.406 0.280 0.775
130.960 14 0.086 0.411 0.289 0.772
131.000 14 0.080 0.422 0.281 0.781
131.040 14 0.084 0.431 0.272 0.764
131.080 14 0.087 0.431 0.275 0.764
131.120 14 0.084 0.428 0.270 0.758
131.160 14 0.094 0.422 0.277 0.750
131.200 14 0.091 0.422 0.272 0.747
131.240 14 0.094 0.422 0.275 0.747
131.280 14 0.100 0.414 0.283 0.742
131.320 14 0.098 0.411 0.283 0.742
131.360 14 0.108 0.400 0.291 0.728
131.400 14 0.103 0.403 0.286 0.731
131.440 14 0.108 0.403 0.291 0.728
131.480 14 0.117 0.394 0.297 0.717
131.520 14 0.125 0.383 0.305 0.703
131.560 14 0.127 0.386 0.303 0.703
131.600 14 0.123 0.386 0.302 0.703
131.640 14 0.133 0.378 0.312 0.697
131.680 14 0.128 0.381 0.308 0.700
131.720 14 0.141 0.381 0.317 0.697
131.760 14 0.133 0.378 0.311 0.694
131.800 14 0.144 0.381 0.320 0.697
131.840 14 0.139 0.381 0.314 0.694
131.880 14 0.142 0.381 0.317 0.694
131.920 14 0.138 0.383 0.314 0.697
131.960 14 0.139 0.383 0.316 0.697
132.000 14 0.141 0.383 0.308 0.683
132.040 14 0.131 0.358 0.317 0.692
132.080 14 0.131 0.361 0.316 0.692
132.120 14 0.130 0.361 0.312 0.689
132.160 14 0.127 0.361 0.311 0.689
132.200 14 0.130 0.361 0.314 0.689
132.240 14 0.128 0.361 0.312 0.689
132.280 14 0.127 0.361 0.312 0.692
132.320 14 0.122 0.356 0.309 0.692
132.360 14 0.125 0.358 0.312 0.692
132.400 14 0.123 0.358 0.309 0.692
132.440 14 0.123 0.358 0.311 0.692
132.480 14 0.128 0.361 0.316 0.694
132.520 14 0.128 0.358 0.316 0.692
132.560 14 0.127 0.358 0.316 0.694
132.600 14 0.130 0.361 0.317 0.694
132.640 14 0.125 0.361 0.314 0.697
132.680 14 0.130 0.361 0.320 0.700
132.720 14 0.127 0.358 0.317 0.697
132.760 14 0.131 0.364 0.317 0.694
132.800 14 0.131 0.367 0.316 0.697
132.840 14 0.138 0.364 0.322 0.694
132.880 14 0.133 0.367 0.316 0.694
132.920 14 0.138 0.361 0.322 0.694
132.960 14 0.128 0.361 0.314 0.694
133.000 14 0.123 0.342 0.325 0.700
133.040 14 0.123 0.353 0.322 0.706
133.080 14 0.122 0.356 0.322 0.708
133.120 14 0.120 0.358 0.319 0.711
133.160 14 0.120 0.350 0.322 0.711
133.200 14 0.120 0.350 0.323 0.711
133.240 14 0.117 0.347 0.322 0.708
133.280 14 0.123 0.347 0.328 0.711
133.320 14 0.122 0.347 0.325 0.708
133.360 14 0.123 0.347 0.330 0.711
133.400 14 0.122 0.347 0.328 0.714
133.440 14 0.127 0.347 0.333 0.711
133.480 14 0.128 0.356 0.333 0.722
133.520 14 0.125 0.356 0.331 0.722
133.560 14 0.128 0.361 0.334 0.728
133.600 14 0.128 0.361 0.334 0.728
133.640 14 0.125 0.364 0.334 0.736
133.680 14 0.125 0.367 0.331 0.731
133.720 14 0.130 0.367 0.336 0.731
133.760 14 0.125 0.367 0.331 0.733
133.800 14 0.128 0.367 0.333 0.733
133.840 14 0.127 0.367 0.333 0.733
133.880 14 0.122 0.364 0.331 0.733
133.920 14 0.127 0.367 0.333 0.731
133.960 14 0.120 0.367 0.325 0.731
134.000 14 0.123 0.381 0.325 0.739
134.040 14 0.122 0.383 0.309 0.717
134.080 14 0.125 0.383 0.312 0.719
134.120 14 0.114 0.378 0.300 0.711
134.160 14 0.120 0.383 0.302 0.706
134.200 14 0.111 0.375 0.292 0.697
134.240 14 0.109 0.375 0.291 0.697
134.280 14 0.113 0.375 0.294 0.697
134.320 14 0.105 0.372 0.284 0.692
134.360 14 0.111 0.375 0.289 0.692
134.400 14 0.103 0.372 0.281 0.692
134.440 14 0.106 0.375 0.284 0.692
134.480 14 0.105 0.375 0.284 0.694
134.520 14 0.103 0.375 0.283 0.694
134.560 14 0.108 0.375 0.289 0.700
134.600 14 0.105 0.372 0.286 0.697
134.640 14 0.108 0.375 0.291 0.703
134.680 14 0.108 0.375 0.291 0.703
134.720 14 0.108 0.375 0.291 0.703
134.760 14 0.109 0.378 0.292 0.700
134.800 14 0.108 0.375 0.291 0.700
134.840 14 0.116 0.378 0.295 0.700
134.880 14 0.114 0.378 0.294 0.700
134.920 14 0.123 0.378 0.303 0.700
134.960 14 0.117 0.378 0.298 0.697
135.000 14 0.122 0.383 0.289 0.683
135.040 14 0.128 0.361 0.312 0.689
135.080 14 0.125 0.361 0.309 0.689
135.120 14 0.127 0.367 0.308 0.692
135.160 14 0.122 0.364 0.308 0.694
135.200 14 0.127 0.364 0.312 0.694
135.240 14 0.123 0.367 0.306 0.692
135.280 14 0.128 0.367 0.312 0.694
135.320 14 0.125 0.367 0.308 0.697
135.360 14 0.127 0.367 0.311 0.694
135.400 14 0.120 0.364 0.305 0.694
135.440 14 0.125 0.367 0.311 0.697
135.480 14 0.120 0.364 0.306 0.697
135.520 14 0.125 0.364 0.311 0.697
135.560 14 0.120 0.367 0.305 0.694
135.600 14 0.125 0.367 0.309 0.697
135.640 14 0.120 0.367 0.302 0.689
135.680 14 0.125 0.367 0.309 0.697
135.720 14 0.123 0.369 0.302 0.686
135.760 14 0.130 0.369 0.311 0.692
135.800 14 0.120 0.369 0.302 0.692
135.840 14 0.127 0.367 0.311 0.694
135.880 14 0.123 0.367 0.306 0.694
135.920 14 0.123 0.364 0.308 0.694
135.960 14 0.127 0.364 0.311 0.694
136.000 14 0.123 0.342 0.325 0.700
136.040 14 0.133 0.372 0.311 0.692
136.080 14 0.130 0.372 0.309 0.692
136.120 14 0.130 0.369 0.311 0.694
136.160 14 0.133 0.369 0.314 0.692
136.200 14 0.133 0.367 0.314 0.692
136.240 14 0.134 0.367 0.316 0.689
136.280 14 0.136 0.364 0.317 0.686
136.320 14 0.141 0.364 0.322 0.689
136.360 14 0.138 0.364 0.320 0.689
136.400 14 0.141 0.372 0.323 0.697
136.440 14 0.139 0.369 0.325 0.697
136.480 14 0.138 0.367 0.323 0.697
136.520 14 0.141 0.375 0.325 0.708
136.560 14 0.144 0.375 0.330 0.708
136.600 14 0.136 0.375 0.320 0.706
136.640 14 0.144 0.375 0.328 0.706
136.680 14 0.134 0.375 0.317 0.703
136.720 14 0.139 0.375 0.323 0.703
136.760 14 0.133 0.372 0.312 0.692
136.800 14 0.134 0.369 0.314 0.692
136.840 14 0.136 0.369 0.317 0.692
136.880 14 0.120 0.364 0.302 0.683
136.920 14 0.123 0.364 0.303 0.683
136.960 14 0.102 0.353 0.284 0.678
137.000 14 0.103 0.383 0.270 0.683
137.040 14 0.091 0.386 0.256 0.686
137.080 14 0.097 0.386 0.263 0.683
137.120 14 0.089 0.386 0.253 0.681
137.160 14 0.091 0.389 0.255 0.683
137.200 14 0.091 0.389 0.255 0.683
137.240 14 0.087 0.392 0.250 0.683
137.280 14 0.091 0.389 0.253 0.683
137.320 14 0.086 0.392 0.248 0.683
137.360 14 0.089 0.392 0.253 0.683
137.400 14 0.091 0.392 0.253 0.686
137.440 14 0.091 0.392 0.253 0.686
137.480 14 0.091 0.392 0.253 0.686
137.520 14 0.092 0.394 0.255 0.686
137.560 14 0.089 0.394 0.252 0.686
137.600 14 0.098 0.394 0.259 0.683
137.640 14 0.095 0.394 0.256 0.683
137.680 14 0.102 0.392 0.263 0.683
137.720 14 0.100 0.392 0.261 0.681
137.760 14 0.100 0.392 0.263 0.683
147.600 15 0.781 -0.061 0.878 0.133
147.640 15 0.775 -0.058 0.873 0.133
147.680 15 0.770 -0.056 0.867 0.136
147.720 15 0.767 -0.053 0.864 0.139
147.760 15 0.762 -0.053 0.859 0.136
147.800 15 0.762 -0.056 0.859 0.133
147.840 15 0.758 -0.056 0.853 0.133
147.880 15 0.762 -0.056 0.859 0.136
147.920 15 0.761 -0.053 0.858 0.142
147.960 15 0.759 -0.044 0.858 0.150
148.000 15 0.761 -0.028 0.858 0.164
148.040 15 0.764 -0.014 0.861 0.178
148.080 15 0.769 0.006 0.863 0.189
148.120 15 0.778 0.017 0.873 0.206
148.160 15 0.783 0.022 0.880 0.214
148.200 15 0.789 0.025 0.886 0.217
148.240 15 0.800 0.022 0.897 0.214
148.280 15 0.808 0.017 0.903 0.208
148.320 15 0.816 0.019 0.911 0.208
148.360 15 0.816 0.014 0.912 0.206
148.400 15 0.819 0.014 0.914 0.203
148.440 15 0.817 0.014 0.911 0.200
148.480 15 0.814 0.017 0.909 0.203
148.520 15 0.814 0.022 0.909 0.211
148.560 15 0.812 0.033 0.908 0.222
148.600 15 0.814 0.050 0.909 0.236
148.640 15 0.809 0.064 0.903 0.253
148.680 15 0.803 0.078 0.898 0.267
148.720 15 0.798 0.089 0.894 0.278
148.760 15 0.791 0.092 0.886 0.278
148.800 15 0.784 0.089 0.878 0.278
148.840 15 0.780 0.086 0.875 0.272
148.880 15 0.775 0.081 0.870 0.269
148.920 15 0.775 0.078 0.869 0.267
148.960 15 0.775 0.072 0.870 0.261
149.000 15 0.773 0.064 0.869 0.253
149.040 15 0.775 0.056 0.870 0.247
149.080 15 0.772 0.053 0.867 0.242
149.120 15 0.767 0.050 0.867 0.244
149.160 15 0.770 0.056 0.870 0.253
149.200 15 0.773 0.061 0.873 0.258
149.240 15 0.773 0.069 0.873 0.269
149.280 15 0.784 0.083 0.884 0.278
149.320 15 0.789 0.083 0.889 0.281
149.360 15 0.800 0.094 0.900 0.292
149.400 15 0.806 0.086 0.908 0.286
149.440 15 0.814 0.081 0.916 0.281
149.480 15 0.820 0.072 0.922 0.275
149.520 15 0.823 0.064 0.925 0.261
149.560 15 0.827 0.056 0.928 0.256
149.600 15 0.833 0.039 0.934 0.242
149.640 15 0.836 0.031 0.938 0.236
149.680 15 0.841 0.028 0.944 0.233
149.720 15 0.845 0.031 0.950 0.236
149.760 15 0.848 0.036 0.953 0.244
149.800 15 0.850 0.050 0.955 0.256
149.840 15 0.852 0.061 0.955 0.267
149.880 15 0.850 0.072 0.955 0.281
149.920 15 0.847 0.072 0.952 0.278
149.960 15 0.841 0.067 0.947 0.275
150.000 15 0.839 0.064 0.944 0.275
150.040 15 0.834 0.067 0.941 0.278
150.080 15 0.838 0.064 0.945 0.275
150.120 15 0.836 0.058 0.942 0.269
150.160 15 0.839 0.050 0.947 0.264
150.200 15 0.839 0.036 0.947 0.250
150.240 15 0.839 0.031 0.947 0.247
150.280 15 0.842 0.031 0.952 0.247
150.320 15 0.844 0.036 0.952 0.253
150.360 15 0.845 0.044 0.955 0.261
150.400 15 0.852 0.056 0.961 0.272
150.440 15 0.863 0.069 0.972 0.286
150.480 15 0.873 0.072 0.983 0.289
150.520 15 0.884 0.072 0.994 0.292
150.560 15 0.895 0.061 1.005 0.281
150.600 15 0.902 0.044 1.011 0.261
150.640 15 0.905 0.017 1.016 0.236
150.680 15 0.908 -0.008 1.019 0.208
148.960 16 0.461 0.292 0.517 0.392
149.000 16 0.466 0.289 0.522 0.389
149.040 16 0.472 0.281 0.528 0.383
149.080 16 0.473 0.278 0.531 0.381
149.120 16 0.477 0.272 0.534 0.375
149.160 16 0.480 0.269 0.537 0.372
149.200 16 0.483 0.272 0.541 0.375
149.240 16 0.486 0.278 0.542 0.378
149.280 16 0.486 0.281 0.544 0.386
149.320 16 0.486 0.289 0.544 0.392
149.360 16 0.487 0.297 0.545 0.400
149.400 16 0.486 0.303 0.545 0.408
149.440 16 0.483 0.308 0.542 0.414
149.480 16 0.481 0.311 0.541 0.417
149.520 16 0.481 0.311 0.541 0.417
149.560 16 0.477 0.311 0.534 0.414
149.600 16 0.477 0.300 0.534 0.406
149.640 16 0.477 0.292 0.536 0.397
149.680 16 0.475 0.281 0.534 0.386
149.720 16 0.477 0.278 0.536 0.383
149.760 16 0.480 0.275 0.537 0.375
149.800 16 0.483 0.275 0.539 0.375
149.840 16 0.486 0.278 0.542 0.378
149.880 16 0.487 0.286 0.544 0.386
149.920 16 0.489 0.294 0.545 0.394
149.960 16 0.495 0.300 0.552 0.400
150.000 16 0.495 0.306 0.552 0.406
150.040 16 0.498 0.311 0.555 0.411
150.080 16 0.503 0.314 0.559 0.411
150.120 16 0.505 0.308 0.561 0.408
150.160 16 0.508 0.306 0.564 0.406
150.200 16 0.509 0.297 0.566 0.397
150.240 16 0.509 0.292 0.566 0.389
150.280 16 0.509 0.283 0.564 0.381
150.320 16 0.509 0.278 0.564 0.375
150.360 16 0.508 0.275 0.562 0.372
150.400 16 0.505 0.272 0.561 0.372
150.440 16 0.502 0.278 0.558 0.378
150.480 16 0.497 0.283 0.555 0.386
150.520 16 0.494 0.292 0.552 0.397
150.560 16 0.487 0.300 0.548 0.406
150.600 16 0.483 0.308 0.544 0.414
150.640 16 0.478 0.311 0.537 0.417
150.680 16 0.472 0.314 0.531 0.419
150.720 16 0.470 0.306 0.530 0.411
150.760 16 0.466 0.297 0.525 0.403
150.800 16 0.464 0.292 0.523 0.397
150.840 16 0.464 0.281 0.523 0.386
150.880 16 0.464 0.275 0.523 0.383
150.920 16 0.464 0.278 0.523 0.383
150.960 16 0.467 0.281 0.527 0.389
151.000 16 0.470 0.294 0.527 0.394
151.040 16 0.469 0.303 0.527 0.406
151.080 16 0.472 0.314 0.528 0.414
151.120 16 0.473 0.322 0.530 0.422
151.160 16 0.475 0.331 0.531 0.431
151.200 16 0.480 0.333 0.536 0.433
151.240 16 0.478 0.333 0.534 0.433
151.280 16 0.481 0.333 0.537 0.431
151.320 16 0.481 0.325 0.536 0.419
151.360 16 0.481 0.319 0.536 0.414
151.400 16 0.478 0.311 0.533 0.406
151.440 16 0.473 0.303 0.528 0.400
151.480 16 0.469 0.303 0.523 0.400
151.520 16 0.466 0.306 0.520 0.403
151.560 16 0.461 0.306 0.516 0.403
151.600 16 0.458 0.311 0.512 0.408
151.640 16 0.452 0.322 0.506 0.419
151.680 16 0.444 0.333 0.498 0.431
151.720 16 0.436 0.336 0.492 0.436
151.760 16 0.430 0.342 0.486 0.439
163.400 17 0.116 0.372 0.284 0.675
163.440 17 0.125 0.375 0.294 0.678
163.480 17 0.117 0.375 0.284 0.675
163.520 17 0.127 0.378 0.294 0.678
163.560 17 0.122 0.381 0.289 0.683
163.600 17 0.122 0.381 0.289 0.683
163.640 17 0.125 0.381 0.294 0.683
163.680 17 0.117 0.381 0.286 0.683
163.720 17 0.120 0.381 0.289 0.683
163.760 17 0.122 0.381 0.289 0.681
163.800 17 0.120 0.381 0.289 0.683
163.840 17 0.120 0.381 0.294 0.694
163.880 17 0.117 0.383 0.286 0.683
163.920 17 0.125 0.383 0.292 0.683
163.960 17 0.117 0.383 0.284 0.683
164.000 17 0.122 0.383 0.289 0.683
164.040 17 0.125 0.383 0.292 0.681
164.080 17 0.123 0.383 0.291 0.683
164.120 17 0.123 0.383 0.287 0.678
164.160 17 0.127 0.383 0.291 0.681
164.200 17 0.122 0.383 0.287 0.681
164.240 17 0.123 0.383 0.289 0.681
164.280 17 0.127 0.381 0.294 0.678
164.320 17 0.119 0.381 0.286 0.678
164.360 17 0.123 0.378 0.295 0.683
164.400 17 0.122 0.378 0.289 0.678
164.440 17 0.127 0.378 0.292 0.678
164.480 17 0.123 0.381 0.289 0.675
164.520 17 0.125 0.381 0.291 0.678
164.560 17 0.123 0.383 0.287 0.681
164.600 17 0.125 0.383 0.289 0.678
164.640 17 0.127 0.383 0.289 0.675
164.680 17 0.123 0.383 0.289 0.681
164.720 17 0.123 0.386 0.287 0.681
164.760 17 0.122 0.386 0.289 0.689
164.800 17 0.120 0.386 0.289 0.689
164.840 17 0.120 0.386 0.289 0.689
164.880 17 0.120 0.386 0.287 0.686
164.920 17 0.123 0.383 0.291 0.683
164.960 17 0.120 0.383 0.286 0.683
165.000 17 0.122 0.383 0.289 0.683
165.040 17 0.109 0.378 0.294 0.708
165.080 17 0.113 0.378 0.294 0.700
165.120 17 0.113 0.381 0.295 0.706
165.160 17 0.113 0.378 0.294 0.703
165.200 17 0.113 0.378 0.295 0.703
165.240 17 0.117 0.381 0.298 0.706
165.280 17 0.114 0.381 0.295 0.706
165.320 17 0.114 0.378 0.297 0.706
165.360 17 0.120 0.381 0.302 0.706
165.400 17 0.116 0.383 0.295 0.706
165.440 17 0.120 0.381 0.303 0.706
165.480 17 0.119 0.383 0.300 0.706
165.520 17 0.120 0.383 0.303 0.708
165.560 17 0.122 0.386 0.302 0.706
165.600 17 0.120 0.386 0.298 0.706
165.640 17 0.123 0.386 0.303 0.706
165.680 17 0.116 0.386 0.295 0.706
165.720 17 0.122 0.386 0.302 0.706
165.760 17 0.116 0.386 0.297 0.711
165.800 17 0.119 0.386 0.298 0.706
165.840 17 0.113 0.386 0.292 0.708
165.880 17 0.117 0.386 0.298 0.708
165.920 17 0.111 0.389 0.291 0.708
165.960 17 0.119 0.386 0.300 0.711
166.000 17 0.102 0.381 0.303 0.739
166.040 17 0.092 0.375 0.297 0.739
166.080 17 0.098 0.375 0.303 0.739
166.120 17 0.095 0.378 0.297 0.736
166.160 17 0.100 0.378 0.303 0.742
166.200 17 0.087 0.369 0.298 0.742
166.240 17 0.098 0.378 0.302 0.739
166.280 17 0.098 0.381 0.297 0.733
166.320 17 0.100 0.378 0.303 0.739
166.360 17 0.098 0.378 0.300 0.739
166.400 17 0.100 0.381 0.302 0.739
166.440 17 0.098 0.381 0.298 0.736
166.480 17 0.105 0.381 0.305 0.736
166.520 17 0.102 0.381 0.302 0.736
166.560 17 0.103 0.381 0.305 0.739
166.600 17 0.103 0.381 0.305 0.739
166.640 17 0.100 0.378 0.305 0.742
166.680 17 0.106 0.381 0.311 0.744
166.720 17 0.102 0.381 0.305 0.742
166.760 17 0.108 0.383 0.308 0.739
166.800 17 0.105 0.383 0.306 0.739
166.840 17 0.106 0.383 0.305 0.739
166.880 17 0.108 0.386 0.306 0.739
166.920 17 0.108 0.383 0.305 0.736
166.960 17 0.105 0.383 0.305 0.739
167.000 17 0.102 0.381 0.303 0.739
167.040 17 0.102 0.381 0.303 0.739
167.080 17 0.102 0.381 0.303 0.739
167.120 17 0.102 0.381 0.303 0.739
167.160 17 0.102 0.381 0.303 0.739
167.200 17 0.102 0.381 0.303 0.739
167.240 17 0.102 0.381 0.303 0.739
167.280 17 0.102 0.381 0.303 0.739
167.320 17 0.106 0.381 0.309 0.742
167.360 17 0.097 0.383 0.298 0.739
167.400 17 0.105 0.381 0.305 0.733
167.440 17 0.100 0.383 0.297 0.736
167.480 17 0.102 0.381 0.303 0.739
167.520 17 0.105 0.381 0.309 0.742
167.560 17 0.097 0.381 0.298 0.742
167.600 17 0.105 0.378 0.314 0.750
167.640 18 0.384 0.236 0.527 0.489
167.680 18 0.383 0.233 0.523 0.486
167.720 18 0.386 0.233 0.530 0.489
167.760 18 0.378 0.233 0.522 0.489
167.800 18 0.384 0.236 0.522 0.483
167.840 18 0.383 0.239 0.517 0.481
167.880 18 0.384 0.233 0.523 0.486
167.920 18 0.384 0.236 0.523 0.486
167.960 18 0.384 0.233 0.527 0.489
168.000 18 0.381 0.236 0.520 0.486
168.040 18 0.372 0.242 0.523 0.514
168.080 18 0.372 0.239 0.530 0.519
168.120 18 0.369 0.244 0.523 0.519
168.160 18 0.370 0.242 0.528 0.525
168.200 18 0.366 0.244 0.523 0.525
168.240 18 0.366 0.244 0.527 0.531
168.280 18 0.362 0.250 0.516 0.525
168.320 18 0.366 0.253 0.517 0.522
168.360 18 0.361 0.250 0.514 0.522
168.400 18 0.364 0.250 0.514 0.517
168.440 18 0.359 0.247 0.511 0.517
168.480 18 0.362 0.244 0.516 0.519
168.520 18 0.361 0.244 0.516 0.519
168.560 18 0.362 0.244 0.516 0.519
168.600 18 0.362 0.247 0.512 0.517
168.640 18 0.366 0.244 0.519 0.517
168.680 18 0.364 0.244 0.514 0.514
168.720 18 0.367 0.242 0.520 0.517
168.760 18 0.367 0.244 0.519 0.517
168.800 18 0.372 0.250 0.522 0.517
168.840 18 0.367 0.253 0.516 0.517
168.880 18 0.372 0.250 0.523 0.522
168.920 18 0.369 0.250 0.520 0.519
168.960 18 0.372 0.244 0.528 0.522
169.000 18 0.364 0.250 0.533 0.550
169.040 18 0.366 0.242 0.534 0.542
169.080 18 0.367 0.242 0.537 0.544
169.120 18 0.367 0.242 0.541 0.547
169.160 18 0.366 0.242 0.537 0.547
169.200 18 0.372 0.242 0.544 0.547
169.240 18 0.369 0.244 0.542 0.550
169.280 18 0.375 0.244 0.548 0.553
169.320 18 0.373 0.250 0.545 0.556
169.360 18 0.378 0.261 0.548 0.561
169.400 18 0.380 0.275 0.544 0.569
169.440 18 0.383 0.292 0.545 0.583
169.480 18 0.384 0.303 0.547 0.592
169.520 18 0.384 0.308 0.547 0.600
169.560 18 0.389 0.311 0.553 0.603
169.600 18 0.386 0.311 0.550 0.603
169.640 18 0.391 0.311 0.553 0.603
169.680 18 0.389 0.308 0.555 0.603
169.720 18 0.389 0.308 0.555 0.603
169.760 18 0.389 0.308 0.555 0.600
169.800 18 0.389 0.306 0.555 0.603
169.840 18 0.388 0.303 0.555 0.600
169.880 18 0.386 0.300 0.553 0.594
169.920 18 0.388 0.286 0.555 0.583
169.960 18 0.383 0.275 0.550 0.569
170.000 18 0.383 0.250 0.552 0.550
170.040 18 0.383 0.244 0.550 0.542
170.080 18 0.373 0.239 0.542 0.536
170.120 18 0.378 0.236 0.548 0.539
170.160 18 0.369 0.233 0.541 0.542
170.200 18 0.369 0.242 0.545 0.556
170.240 18 0.367 0.250 0.541 0.556
170.280 18 0.375 0.258 0.544 0.558
170.320 18 0.367 0.258 0.536 0.556
170.360 18 0.372 0.253 0.537 0.547
170.400 18 0.370 0.244 0.537 0.544
170.440 18 0.369 0.242 0.536 0.539
170.480 18 0.370 0.244 0.534 0.536
170.520 18 0.364 0.244 0.528 0.536
170.560 18 0.367 0.247 0.531 0.536
170.600 18 0.362 0.247 0.527 0.539
170.640 18 0.364 0.244 0.531 0.542
170.680 18 0.362 0.242 0.528 0.536
170.720 18 0.366 0.236 0.537 0.542
170.760 18 0.364 0.236 0.534 0.539
170.800 18 0.369 0.244 0.534 0.542
170.840 18 0.366 0.250 0.530 0.542
170.880 18 0.369 0.256 0.533 0.544
170.920 18 0.362 0.253 0.527 0.547
170.960 18 0.367 0.253 0.536 0.550
171.000 18 0.364 0.250 0.533 0.550
171.040 18 0.369 0.253 0.527 0.533
171.080 18 0.370 0.256 0.528 0.539
171.120 18 0.372 0.261 0.530 0.544
171.160 18 0.373 0.264 0.531 0.547
171.200 18 0.373 0.264 0.531 0.547
171.240 18 0.372 0.258 0.534 0.547
171.280 18 0.373 0.258 0.531 0.539
171.320 18 0.373 0.253 0.533 0.539
171.360 18 0.377 0.256 0.533 0.533
171.400 18 0.378 0.253 0.534 0.533
171.440 18 0.377 0.256 0.528 0.528
171.480 18 0.377 0.256 0.528 0.528
171.520 18 0.377 0.253 0.531 0.528
171.560 18 0.373 0.250 0.528 0.528
171.600 18 0.372 0.253 0.527 0.528
171.640 18 0.373 0.256 0.527 0.531
171.680 18 0.372 0.258 0.525 0.531
171.720 18 0.373 0.261 0.523 0.531
171.760 18 0.373 0.264 0.523 0.533
171.800 18 0.375 0.264 0.525 0.533
171.840 18 0.375 0.267 0.527 0.533
171.880 18 0.380 0.264 0.531 0.533
171.920 18 0.378 0.264 0.530 0.531
171.960 18 0.381 0.261 0.531 0.533
172.000 18 0.381 0.264 0.520 0.514
172.040 18 0.373 0.244 0.533 0.525
172.080 18 0.375 0.247 0.530 0.525
172.120 18 0.372 0.244 0.531 0.528
172.160 18 0.373 0.250 0.528 0.525
172.200 18 0.373 0.250 0.527 0.525
172.240 18 0.372 0.253 0.525 0.528
172.280 18 0.372 0.256 0.525 0.528
172.320 18 0.372 0.256 0.525 0.531
172.360 18 0.372 0.258 0.525 0.531
172.400 18 0.370 0.258 0.523 0.531
172.440 18 0.372 0.261 0.522 0.531
172.480 18 0.369 0.261 0.522 0.533
172.520 18 0.372 0.267 0.520 0.531
172.560 18 0.367 0.264 0.522 0.536
172.600 18 0.367 0.264 0.522 0.539
172.640 18 0.369 0.267 0.522 0.539
172.680 18 0.369 0.267 0.522 0.542
172.720 18 0.369 0.267 0.522 0.542
172.760 18 0.369 0.267 0.522 0.542
172.800 18 0.369 0.267 0.522 0.542
172.840 18 0.370 0.272 0.522 0.542
172.880 18 0.369 0.272 0.519 0.539
172.920 18 0.369 0.267 0.523 0.544
172.960 18 0.369 0.272 0.519 0.539
173.000 18 0.364 0.250 0.533 0.550
173.040 18 0.370 0.269 0.525 0.544
173.080 18 0.372 0.267 0.530 0.550
173.120 18 0.370 0.267 0.525 0.544
173.160 18 0.373 0.264 0.531 0.547
173.200 18 0.373 0.269 0.528 0.544
173.240 18 0.375 0.272 0.528 0.544
173.280 18 0.372 0.272 0.527 0.547
173.320 18 0.375 0.269 0.531 0.547
173.360 18 0.373 0.269 0.528 0.547
173.400 18 0.377 0.269 0.533 0.550
173.440 18 0.377 0.272 0.530 0.547
173.480 18 0.375 0.267 0.533 0.550
173.520 18 0.377 0.269 0.534 0.550
173.560 18 0.373 0.272 0.527 0.544
173.600 18 0.377 0.269 0.533 0.547
173.640 18 0.372 0.269 0.527 0.547
173.680 18 0.377 0.272 0.533 0.547
173.720 18 0.370 0.267 0.527 0.547
173.760 18 0.378 0.269 0.534 0.550
173.800 18 0.372 0.267 0.528 0.547
173.840 18 0.375 0.272 0.530 0.547
173.880 18 0.375 0.272 0.530 0.547
173.920 18 0.373 0.269 0.530 0.547
173.960 18 0.377 0.272 0.531 0.547
174.000 18 0.381 0.292 0.520 0.542
174.040 18 0.377 0.289 0.517 0.542
174.080 18 0.384 0.292 0.525 0.544
174.120 18 0.375 0.283 0.519 0.544
174.160 18 0.384 0.292 0.525 0.544
174.200 18 0.375 0.286 0.519 0.544
174.240 18 0.383 0.292 0.525 0.547
174.280 18 0.380 0.292 0.517 0.539
174.320 18 0.380 0.294 0.519 0.542
174.360 18 0.375 0.292 0.516 0.544
174.400 18 0.381 0.292 0.523 0.547
174.440 18 0.380 0.292 0.516 0.539
174.480 18 0.378 0.294 0.517 0.544
174.520 18 0.378 0.294 0.519 0.544
174.560 18 0.378 0.294 0.517 0.544
174.600 18 0.378 0.294 0.517 0.544
174.640 18 0.378 0.294 0.517 0.544
174.680 18 0.378 0.294 0.517 0.544
174.720 18 0.378 0.294 0.517 0.544
174.760 18 0.378 0.294 0.517 0.544
174.800 18 0.378 0.294 0.519 0.544
174.840 18 0.378 0.294 0.517 0.544
174.880 18 0.378 0.294 0.517 0.544
174.920 18 0.378 0.294 0.519 0.544
174.960 18 0.378 0.294 0.519 0.544
175.000 19 0.147 0.381 0.348 0.739
175.040 19 0.152 0.381 0.350 0.736
175.080 19 0.158 0.381 0.358 0.736
175.120 19 0.152 0.381 0.348 0.733
175.160 19 0.158 0.383 0.356 0.736
175.200 19 0.152 0.383 0.347 0.731
175.240 19 0.155 0.383 0.353 0.733
175.280 19 0.152 0.381 0.350 0.733
175.320 19 0.152 0.381 0.352 0.736
175.360 19 0.150 0.381 0.348 0.733
175.400 19 0.158 0.386 0.352 0.733
175.440 19 0.152 0.383 0.348 0.731
175.480 19 0.153 0.378 0.352 0.731
175.520 19 0.150 0.375 0.352 0.736
175.560 19 0.145 0.372 0.348 0.736
175.600 19 0.141 0.372 0.344 0.733
175.640 19 0.145 0.369 0.355 0.742
175.680 19 0.141 0.375 0.345 0.739
175.720 19 0.142 0.375 0.348 0.742
175.760 19 0.139 0.378 0.345 0.742
175.800 19 0.144 0.378 0.352 0.747
175.840 19 0.138 0.378 0.344 0.742
175.880 19 0.144 0.378 0.348 0.742
175.920 19 0.139 0.383 0.339 0.739
175.960 19 0.144 0.383 0.347 0.744
176.000 19 0.147 0.381 0.348 0.739
176.040 19 0.147 0.386 0.345 0.739
176.080 19 0.147 0.386 0.345 0.739
176.120 19 0.148 0.389 0.344 0.733
176.160 19 0.147 0.386 0.344 0.739
176.200 19 0.148 0.383 0.352 0.742
176.240 19 0.144 0.381 0.347 0.744
176.280 19 0.144 0.383 0.348 0.747
176.320 19 0.147 0.383 0.348 0.742
176.360 19 0.150 0.381 0.353 0.742
176.400 19 0.144 0.381 0.348 0.742
176.440 19 0.147 0.381 0.353 0.744
176.480 19 0.147 0.381 0.348 0.739
176.520 19 0.148 0.378 0.350 0.736
176.560 19 0.142 0.372 0.352 0.744
176.600 19 0.144 0.375 0.353 0.744
176.640 19 0.142 0.369 0.352 0.742
176.680 19 0.147 0.375 0.352 0.739
176.720 19 0.144 0.372 0.350 0.736
176.760 19 0.145 0.369 0.352 0.739
176.800 19 0.144 0.375 0.347 0.736
176.840 19 0.147 0.375 0.350 0.736
176.880 19 0.147 0.375 0.350 0.736
176.920 19 0.147 0.375 0.350 0.736
176.960 19 0.147 0.375 0.350 0.736
177.000 19 0.147 0.381 0.348 0.739
177.040 19 0.148 0.369 0.353 0.736
177.080 19 0.141 0.369 0.347 0.736
177.120 19 0.147 0.369 0.355 0.739
177.160 19 0.139 0.367 0.345 0.733
177.200 19 0.148 0.367 0.355 0.733
177.240 19 0.144 0.375 0.347 0.736
177.280 19 0.150 0.375 0.355 0.739
177.320 19 0.145 0.381 0.347 0.739
177.360 19 0.147 0.381 0.348 0.739
177.400 19 0.144 0.381 0.347 0.739
177.440 19 0.147 0.381 0.350 0.742
177.480 19 0.142 0.386 0.347 0.747
177.520 19 0.147 0.386 0.352 0.747
177.560 19 0.144 0.389 0.344 0.742
177.600 19 0.150 0.389 0.348 0.742
177.640 19 0.147 0.389 0.342 0.736
177.680 19 0.152 0.389 0.348 0.742
177.720 19 0.147 0.389 0.344 0.739
177.760 19 0.153 0.386 0.355 0.744
177.800 19 0.144 0.389 0.345 0.744
177.840 19 0.148 0.386 0.352 0.750
177.880 19 0.150 0.389 0.347 0.739
177.920 19 0.152 0.389 0.352 0.744
177.960 19 0.147 0.389 0.347 0.744
178.000 19 0.147 0.381 0.348 0.739
178.040 19 0.150 0.386 0.352 0.742
178.080 19 0.144 0.383 0.347 0.744
178.120 19 0.152 0.389 0.350 0.742
178.160 19 0.147 0.383 0.345 0.736
178.200 19 0.148 0.381 0.348 0.739
178.240 19 0.148 0.381 0.345 0.733
178.280 19 0.152 0.383 0.348 0.736
178.320 19 0.145 0.381 0.345 0.736
178.360 19 0.147 0.381 0.347 0.736
178.400 19 0.147 0.381 0.345 0.733
178.440 19 0.148 0.378 0.350 0.736
178.480 19 0.145 0.378 0.348 0.739
178.520 19 0.145 0.378 0.348 0.739
178.560 19 0.150 0.381 0.348 0.736
178.600 19 0.144 0.381 0.344 0.736
178.640 19 0.145 0.381 0.347 0.739
178.680 19 0.148 0.381 0.347 0.733
178.720 19 0.147 0.381 0.347 0.736
178.760 19 0.144 0.381 0.348 0.742
178.800 19 0.145 0.375 0.350 0.739
178.840 19 0.148 0.375 0.353 0.739
178.880 19 0.147 0.375 0.347 0.733
178.920 19 0.147 0.375 0.350 0.736
178.960 19 0.147 0.375 0.350 0.736
179.000 19 0.147 0.381 0.348 0.739
179.040 19 0.145 0.389 0.344 0.742
179.080 19 0.153 0.389 0.353 0.742
179.120 19 0.147 0.389 0.344 0.742
179.160 19 0.152 0.394 0.347 0.742
179.200 19 0.148 0.389 0.347 0.742
179.240 19 0.148 0.389 0.347 0.742
179.280 19 0.148 0.389 0.347 0.742
179.320 19 0.148 0.394 0.344 0.742
179.360 19 0.153 0.394 0.348 0.742
179.400 19 0.150 0.392 0.342 0.733
179.440 19 0.150 0.389 0.352 0.747
179.480 19 0.145 0.389 0.344 0.744
179.520 19 0.153 0.386 0.355 0.744
179.560 19 0.144 0.386 0.344 0.742
179.600 19 0.153 0.381 0.353 0.736
179.640 19 0.144 0.378 0.341 0.728
179.680 19 0.155 0.381 0.352 0.731
179.720 19 0.144 0.375 0.344 0.728
179.760 19 0.148 0.375 0.353 0.736
179.800 19 0.141 0.369 0.348 0.739
179.840 19 0.145 0.369 0.355 0.744
179.880 19 0.138 0.369 0.345 0.742
179.920 19 0.148 0.372 0.355 0.739
179.960 19 0.144 0.375 0.342 0.731
180.000 19 0.147 0.381 0.348 0.739
180.040 19 0.141 0.378 0.344 0.739
180.080 19 0.141 0.378 0.344 0.736
180.120 19 0.141 0.378 0.344 0.736
180.160 19 0.142 0.378 0.345 0.739
180.200 19 0.142 0.378 0.345 0.739
180.240 19 0.145 0.378 0.352 0.742
180.280 19 0.138 0.375 0.344 0.742
180.320 19 0.142 0.375 0.350 0.744
180.360 19 0.145 0.378 0.348 0.739
180.400 19 0.147 0.378 0.352 0.739
180.440 19 0.148 0.381 0.350 0.742
180.480 19 0.152 0.383 0.353 0.742
180.520 19 0.156 0.383 0.358 0.742
180.560 19 0.153 0.383 0.355 0.742
180.600 19 0.159 0.383 0.361 0.742
180.640 19 0.159 0.383 0.359 0.739
180.680 19 0.159 0.383 0.359 0.739
180.720 19 0.153 0.378 0.355 0.736
180.760 19 0.161 0.378 0.364 0.739
180.800 19 0.148 0.375 0.353 0.739
180.840 19 0.156 0.375 0.362 0.742
180.880 19 0.147 0.375 0.353 0.742
180.920 19 0.153 0.381 0.359 0.747
180.960 19 0.148 0.386 0.348 0.739
181.000 19 0.147 0.381 0.348 0.739
181.040 19 0.152 0.378 0.358 0.744
181.080 19 0.153 0.378 0.359 0.744
181.120 19 0.150 0.381 0.355 0.742
181.160 19 0.155 0.372 0.361 0.739
181.200 19 0.148 0.372 0.355 0.736
181.240 19 0.155 0.372 0.361 0.736
181.280 19 0.148 0.369 0.353 0.733
181.320 19 0.156 0.369 0.362 0.736
181.360 19 0.144 0.361 0.353 0.733
181.400 19 0.152 0.364 0.358 0.731
181.440 19 0.142 0.356 0.350 0.725
181.480 19 0.145 0.356 0.353 0.725
181.520 19 0.141 0.356 0.348 0.725
181.560 19 0.136 0.347 0.342 0.711
181.600 19 0.122 0.339 0.325 0.703
181.640 19 0.128 0.339 0.331 0.700
181.680 19 0.127 0.339 0.330 0.700
181.720 19 0.120 0.333 0.322 0.694
181.760 19 0.120 0.336 0.322 0.694
181.800 19 0.117 0.333 0.319 0.692
181.840 19 0.131 0.339 0.325 0.683
181.880 19 0.122 0.336 0.323 0.694
181.920 19 0.122 0.336 0.323 0.694
181.960 19 0.123 0.342 0.325 0.700
182.000 19 0.123 0.342 0.325 0.700
182.040 19 0.131 0.333 0.328 0.683
182.080 19 0.128 0.342 0.323 0.692
182.120 19 0.133 0.344 0.330 0.694
182.160 19 0.130 0.344 0.330 0.697
182.200 19 0.134 0.342 0.334 0.700
182.240 19 0.130 0.339 0.333 0.700
182.280 19 0.134 0.344 0.336 0.703
182.320 19 0.131 0.339 0.334 0.703
182.360 19 0.141 0.342 0.344 0.703
182.400 19 0.134 0.344 0.336 0.700
182.440 19 0.141 0.342 0.342 0.703
182.480 19 0.136 0.342 0.339 0.703
182.520 19 0.138 0.344 0.339 0.703
182.560 19 0.139 0.342 0.341 0.700
182.600 19 0.141 0.342 0.341 0.697
182.640 19 0.141 0.344 0.341 0.700
182.680 19 0.141 0.344 0.342 0.700
182.720 19 0.142 0.344 0.345 0.706
182.760 19 0.142 0.344 0.345 0.706
182.800 19 0.144 0.350 0.347 0.711
182.840 19 0.144 0.350 0.347 0.711
182.880 19 0.144 0.350 0.347 0.711
182.920 19 0.145 0.353 0.348 0.714
182.960 19 0.145 0.350 0.348 0.714
183.000 19 0.147 0.342 0.348 0.700
183.040 19 0.152 0.361 0.334 0.689
183.080 19 0.150 0.361 0.334 0.692
183.120 19 0.150 0.361 0.334 0.692
183.160 19 0.148 0.361 0.331 0.689
183.200 19 0.150 0.361 0.333 0.689
183.240 19 0.152 0.361 0.334 0.689
183.280 19 0.150 0.361 0.336 0.692
183.320 19 0.150 0.361 0.336 0.692
183.360 19 0.153 0.361 0.338 0.692
183.400 19 0.153 0.361 0.341 0.694
183.440 19 0.152 0.361 0.338 0.694
183.480 19 0.156 0.361 0.344 0.697
183.520 19 0.152 0.361 0.338 0.694
183.560 19 0.156 0.361 0.344 0.694
183.600 19 0.153 0.364 0.339 0.694
183.640 19 0.159 0.364 0.344 0.694
183.680 19 0.156 0.364 0.341 0.692
183.720 19 0.156 0.364 0.344 0.697
183.760 19 0.155 0.361 0.341 0.694
183.800 19 0.158 0.364 0.344 0.694
183.840 19 0.153 0.364 0.338 0.692
183.880 19 0.159 0.364 0.344 0.692
183.920 19 0.152 0.361 0.336 0.692
183.960 19 0.156 0.364 0.342 0.694
184.000 19 0.159 0.383 0.327 0.683
184.040 19 0.150 0.378 0.334 0.708
184.080 19 0.155 0.378 0.339 0.708
184.120 19 0.152 0.383 0.334 0.708
184.160 19 0.156 0.383 0.334 0.703
184.200 19 0.155 0.381 0.339 0.708
184.240 19 0.150 0.381 0.334 0.708
184.280 19 0.153 0.378 0.338 0.708
184.320 19 0.153 0.378 0.338 0.708
184.360 19 0.153 0.378 0.338 0.708
184.400 19 0.153 0.378 0.338 0.708
184.440 19 0.153 0.378 0.338 0.708
184.480 19 0.150 0.378 0.336 0.708
184.520 19 0.152 0.381 0.336 0.708
184.560 19 0.153 0.383 0.338 0.711
184.600 19 0.153 0.383 0.338 0.711
184.640 19 0.155 0.383 0.338 0.711
184.680 19 0.155 0.386 0.336 0.711
184.720 19 0.158 0.381 0.342 0.708
184.760 19 0.150 0.378 0.336 0.708
184.800 19 0.153 0.378 0.339 0.708
184.840 19 0.156 0.375 0.339 0.703
184.880 19 0.150 0.372 0.336 0.703
184.920 19 0.156 0.375 0.342 0.708
184.960 19 0.155 0.378 0.339 0.706
185.000 19 0.147 0.381 0.348 0.739
185.040 19 0.148 0.367 0.352 0.731
185.080 19 0.147 0.367 0.352 0.731
185.120 19 0.150 0.369 0.352 0.728
185.160 19 0.150 0.369 0.352 0.728
185.200 19 0.152 0.361 0.356 0.725
185.240 19 0.150 0.367 0.355 0.728
185.280 19 0.150 0.367 0.353 0.728
185.320 19 0.145 0.367 0.348 0.728
185.360 19 0.152 0.364 0.355 0.722
185.400 19 0.145 0.361 0.347 0.719
185.440 19 0.152 0.361 0.356 0.725
185.480 19 0.145 0.364 0.347 0.722
185.520 19 0.152 0.364 0.355 0.725
185.560 19 0.145 0.367 0.348 0.725
185.600 19 0.148 0.367 0.352 0.728
185.640 19 0.147 0.364 0.350 0.728
185.680 19 0.147 0.364 0.350 0.728
185.720 19 0.147 0.364 0.350 0.728
185.760 19 0.147 0.364 0.350 0.725
185.800 19 0.147 0.364 0.350 0.725
185.840 19 0.147 0.361 0.348 0.719
185.880 19 0.145 0.361 0.348 0.719
185.920 19 0.147 0.361 0.348 0.719
185.960 19 0.145 0.356 0.347 0.714
186.000 19 0.147 0.342 0.348 0.700
186.040 19 0.147 0.342 0.348 0.700
186.080 19 0.147 0.342 0.348 0.700
186.120 19 0.145 0.342 0.347 0.700
186.160 19 0.144 0.342 0.347 0.700
186.200 19 0.139 0.342 0.339 0.700
186.240 19 0.145 0.342 0.347 0.700
186.280 19 0.145 0.339 0.347 0.697
222.000 20 0.103 0.372 0.309 0.739
222.040 20 0.111 0.372 0.316 0.736
222.080 20 0.103 0.375 0.306 0.736
222.120 20 0.109 0.375 0.309 0.733
222.160 20 0.109 0.375 0.309 0.733
222.200 20 0.108 0.375 0.309 0.733
222.240 20 0.103 0.375 0.306 0.733
222.280 20 0.109 0.375 0.309 0.733
222.320 20 0.109 0.378 0.309 0.731
222.360 20 0.111 0.378 0.306 0.725
222.400 20 0.113 0.372 0.317 0.739
222.440 20 0.102 0.372 0.308 0.739
222.480 20 0.111 0.372 0.322 0.747
222.520 20 0.102 0.372 0.309 0.739
222.560 20 0.111 0.372 0.322 0.747
222.600 20 0.100 0.372 0.308 0.739
222.640 20 0.111 0.372 0.317 0.742
222.680 20 0.106 0.375 0.309 0.736
222.720 20 0.106 0.375 0.309 0.736
222.760 20 0.106 0.375 0.309 0.736
222.800 20 0.106 0.372 0.314 0.742
222.840 20 0.103 0.375 0.308 0.739
222.880 20 0.098 0.375 0.311 0.750
222.920 20 0.095 0.375 0.302 0.742
222.960 20 0.105 0.375 0.311 0.742
223.000 20 0.102 0.381 0.303 0.739
223.040 20 0.105 0.383 0.303 0.739
223.080 20 0.100 0.383 0.298 0.739
223.120 20 0.102 0.383 0.302 0.739
223.160 20 0.102 0.383 0.302 0.739
223.200 20 0.102 0.383 0.302 0.739
223.240 20 0.106 0.381 0.303 0.733
223.280 20 0.105 0.383 0.302 0.733
223.320 20 0.103 0.381 0.303 0.736
223.360 20 0.103 0.378 0.303 0.733
223.400 20 0.105 0.381 0.303 0.733
223.440 20 0.103 0.378 0.305 0.736
223.480 20 0.103 0.378 0.305 0.736
223.520 20 0.103 0.378 0.305 0.736
223.560 20 0.103 0.378 0.305 0.733
223.600 20 0.103 0.378 0.305 0.733
223.640 20 0.103 0.378 0.302 0.731
223.680 20 0.106 0.378 0.306 0.733
223.720 20 0.102 0.378 0.300 0.733
223.760 20 0.106 0.381 0.305 0.733
223.800 20 0.103 0.381 0.300 0.731
223.840 20 0.103 0.378 0.303 0.733
223.880 20 0.103 0.381 0.303 0.736
223.920 20 0.103 0.378 0.303 0.736
223.960 20 0.103 0.381 0.303 0.736
224.000 20 0.102 0.381 0.303 0.739
224.040 20 0.100 0.381 0.302 0.739
224.080 20 0.105 0.381 0.305 0.736
224.120 20 0.103 0.381 0.302 0.733
224.160 20 0.102 0.381 0.303 0.739
224.200 20 0.102 0.381 0.303 0.739
224.240 20 0.102 0.381 0.303 0.739
224.280 20 0.102 0.381 0.305 0.739
224.320 20 0.102 0.381 0.303 0.739
224.360 20 0.102 0.381 0.303 0.739
224.400 20 0.102 0.381 0.303 0.739
224.440 20 0.102 0.381 0.303 0.739
224.480 20 0.102 0.381 0.303 0.739
224.520 20 0.102 0.381 0.303 0.739
224.560 20 0.102 0.381 0.303 0.739
224.600 20 0.102 0.381 0.303 0.739
224.640 20 0.100 0.381 0.300 0.736
224.680 20 0.105 0.383 0.305 0.736
224.720 20 0.102 0.383 0.298 0.733
224.760 20 0.105 0.383 0.305 0.736
224.800 20 0.103 0.383 0.300 0.733
224.840 20 0.102 0.381 0.303 0.739
224.880 20 0.102 0.381 0.303 0.739
224.920 20 0.100 0.383 0.300 0.739
224.960 20 0.105 0.383 0.305 0.739
225.000 20 0.102 0.381 0.303 0.739
225.040 20 0.102 0.381 0.303 0.739
225.080 20 0.102 0.381 0.303 0.739
225.120 20 0.102 0.381 0.303 0.739
225.160 20 0.102 0.381 0.303 0.739
225.200 20 0.102 0.381 0.303 0.739
225.240 20 0.102 0.381 0.303 0.739
225.280 20 0.102 0.381 0.303 0.739
225.320 20 0.102 0.381 0.303 0.739
225.360 20 0.102 0.381 0.303 0.739
225.400 20 0.102 0.381 0.303 0.739
225.440 20 0.102 0.381 0.303 0.739
225.480 20 0.102 0.381 0.303 0.739
225.520 20 0.102 0.381 0.303 0.739
225.560 20 0.102 0.381 0.303 0.739
225.600 20 0.102 0.381 0.302 0.739
225.640 20 0.102 0.383 0.300 0.733
225.680 20 0.103 0.381 0.305 0.739
225.720 20 0.098 0.381 0.300 0.739
225.760 20 0.102 0.381 0.302 0.739
225.800 20 0.102 0.381 0.303 0.739
225.840 20 0.102 0.381 0.303 0.739
225.880 20 0.098 0.381 0.300 0.739
225.920 20 0.103 0.381 0.305 0.739
225.960 20 0.102 0.381 0.303 0.739
226.000 20 0.102 0.381 0.303 0.739
226.040 20 0.106 0.392 0.297 0.731
226.080 20 0.106 0.392 0.295 0.728
226.120 20 0.109 0.392 0.297 0.728
226.160 20 0.103 0.389 0.294 0.731
226.200 20 0.109 0.389 0.302 0.731
226.240 20 0.103 0.392 0.294 0.731
226.280 20 0.105 0.403 0.295 0.742
226.320 20 0.109 0.406 0.298 0.742
226.360 20 0.105 0.414 0.298 0.761
226.400 20 0.103 0.411 0.297 0.761
226.440 20 0.108 0.408 0.303 0.758
226.480 20 0.108 0.383 0.302 0.731
226.520 20 0.102 0.383 0.297 0.733
226.560 20 0.109 0.367 0.298 0.706
226.600 20 0.111 0.367 0.298 0.703
226.640 20 0.114 0.358 0.298 0.689
226.680 20 0.116 0.361 0.300 0.692
226.720 20 0.117 0.364 0.298 0.686
226.760 20 0.122 0.356 0.302 0.678
226.800 20 0.119 0.353 0.302 0.681
226.840 20 0.122 0.347 0.305 0.672
226.880 20 0.114 0.344 0.297 0.672
226.920 20 0.119 0.342 0.298 0.664
226.960 20 0.116 0.342 0.294 0.661
227.000 20 0.122 0.350 0.289 0.650
227.040 20 0.116 0.347 0.278 0.639
227.080 20 0.122 0.347 0.281 0.636
227.120 20 0.113 0.344 0.273 0.631
227.160 20 0.122 0.347 0.281 0.633
227.200 20 0.113 0.344 0.272 0.631
227.240 20 0.116 0.344 0.275 0.631
227.280 20 0.120 0.342 0.280 0.628
227.320 20 0.116 0.339 0.275 0.625
227.360 20 0.117 0.342 0.277 0.628
227.400 20 0.122 0.333 0.281 0.622
227.440 20 0.113 0.331 0.273 0.619
227.480 20 0.120 0.331 0.283 0.625
227.520 20 0.113 0.331 0.275 0.622
227.560 20 0.116 0.328 0.278 0.619
227.600 20 0.113 0.328 0.273 0.617
227.640 20 0.114 0.328 0.273 0.617
