17.800 0 0.283 0.378 0.581 0.908
17.840 0 0.283 0.381 0.577 0.903
17.880 0 0.258 0.361 0.555 0.889
17.920 0 0.261 0.350 0.558 0.875
17.960 0 0.239 0.331 0.537 0.861
18.000 0 0.244 0.319 0.534 0.836
18.040 0 0.248 0.300 0.536 0.814
18.080 0 0.239 0.269 0.539 0.803
18.120 0 0.236 0.250 0.534 0.781
18.160 0 0.242 0.233 0.536 0.756
18.200 0 0.239 0.211 0.531 0.728
18.240 0 0.244 0.192 0.534 0.708
18.280 0 0.245 0.181 0.539 0.703
18.320 0 0.245 0.164 0.545 0.697
18.360 0 0.241 0.153 0.541 0.689
18.120 1 0.202 0.253 0.484 0.758
18.160 1 0.203 0.228 0.489 0.736
18.200 1 0.206 0.206 0.491 0.711
18.240 1 0.198 0.189 0.484 0.694
18.280 1 0.206 0.172 0.497 0.689
18.320 1 0.200 0.161 0.491 0.681
18.360 1 0.208 0.153 0.500 0.672
18.400 1 0.205 0.147 0.495 0.667
18.440 1 0.211 0.139 0.508 0.667
18.480 1 0.209 0.136 0.503 0.658
18.520 1 0.219 0.133 0.512 0.656
18.560 1 0.219 0.133 0.509 0.650
18.600 1 0.227 0.128 0.517 0.644
18.640 1 0.236 0.128 0.527 0.644
18.680 1 0.230 0.117 0.527 0.644
18.720 1 0.247 0.122 0.542 0.650
18.760 1 0.252 0.131 0.544 0.650
18.800 1 0.269 0.133 0.561 0.653
18.840 1 0.263 0.136 0.552 0.650
18.880 1 0.277 0.139 0.569 0.656
18.920 1 0.287 0.133 0.577 0.650
18.960 1 0.291 0.133 0.583 0.650
19.000 1 0.308 0.147 0.598 0.664
19.040 1 0.322 0.178 0.598 0.669
19.080 1 0.336 0.181 0.616 0.678
19.120 1 0.350 0.192 0.630 0.692
19.160 1 0.370 0.208 0.652 0.706
19.200 1 0.381 0.219 0.662 0.722
19.240 1 0.395 0.228 0.681 0.736
19.280 1 0.398 0.231 0.684 0.739
19.320 1 0.400 0.233 0.686 0.742
19.360 1 0.398 0.231 0.684 0.739
19.400 1 0.397 0.225 0.681 0.731
19.440 1 0.394 0.217 0.678 0.722
19.480 1 0.391 0.211 0.673 0.714
19.520 1 0.375 0.203 0.659 0.706
19.560 1 0.372 0.197 0.656 0.703
19.600 1 0.359 0.200 0.644 0.706
19.640 1 0.347 0.200 0.631 0.708
19.680 1 0.341 0.197 0.628 0.708
19.720 1 0.328 0.197 0.613 0.703
19.760 1 0.325 0.192 0.609 0.700
19.800 1 0.311 0.194 0.594 0.697
19.840 1 0.302 0.194 0.584 0.700
19.880 1 0.298 0.197 0.580 0.700
19.920 1 0.289 0.203 0.569 0.700
19.960 1 0.291 0.203 0.572 0.703
20.000 1 0.277 0.206 0.567 0.722
20.040 1 0.267 0.217 0.556 0.731
20.080 1 0.267 0.233 0.550 0.736
20.120 1 0.261 0.242 0.539 0.736
20.160 1 0.252 0.261 0.528 0.750
20.200 1 0.237 0.253 0.512 0.739
20.240 1 0.220 0.236 0.500 0.733
20.280 1 0.219 0.217 0.506 0.728
20.320 1 0.200 0.197 0.487 0.708
20.360 1 0.202 0.172 0.491 0.686
20.880 1 0.330 0.217 0.528 0.572
20.920 1 0.344 0.225 0.547 0.586
20.960 1 0.364 0.231 0.567 0.594
21.000 1 0.377 0.239 0.588 0.611
21.040 1 0.391 0.244 0.608 0.631
21.080 1 0.395 0.256 0.613 0.642
21.120 1 0.405 0.256 0.630 0.658
21.160 1 0.409 0.264 0.637 0.669
21.200 1 0.417 0.275 0.647 0.683
21.240 1 0.416 0.286 0.642 0.686
21.280 1 0.428 0.289 0.655 0.694
21.320 1 0.425 0.300 0.642 0.686
21.360 1 0.428 0.294 0.650 0.689
21.400 1 0.423 0.294 0.644 0.686
21.440 1 0.425 0.283 0.658 0.697
21.480 1 0.419 0.286 0.650 0.697
21.520 1 0.411 0.283 0.644 0.697
21.560 1 0.409 0.281 0.644 0.697
21.600 1 0.400 0.278 0.633 0.694
21.640 1 0.397 0.272 0.631 0.692
21.680 1 0.386 0.269 0.619 0.683
21.720 1 0.380 0.261 0.616 0.681
21.760 1 0.369 0.258 0.603 0.675
21.800 1 0.358 0.253 0.592 0.669
21.840 1 0.347 0.247 0.578 0.658
21.880 1 0.327 0.250 0.561 0.667
21.920 1 0.309 0.258 0.552 0.686
21.960 1 0.297 0.261 0.539 0.692
22.000 1 0.283 0.267 0.525 0.697
22.040 1 0.269 0.269 0.512 0.703
22.080 1 0.255 0.264 0.498 0.700
22.120 1 0.242 0.258 0.478 0.678
22.160 1 0.234 0.247 0.470 0.667
22.200 1 0.222 0.242 0.447 0.644
22.240 1 0.214 0.242 0.433 0.633
22.280 1 0.206 0.228 0.430 0.625
22.320 1 0.200 0.219 0.420 0.611
22.360 1 0.195 0.208 0.414 0.597
22.400 1 0.195 0.197 0.414 0.589
22.440 1 0.181 0.186 0.405 0.583
22.480 1 0.191 0.186 0.409 0.575
22.520 1 0.183 0.186 0.398 0.569
22.560 1 0.195 0.186 0.409 0.564
22.600 1 0.194 0.186 0.403 0.558
22.640 1 0.200 0.189 0.405 0.556
22.680 1 0.211 0.192 0.417 0.558
22.720 1 0.216 0.194 0.420 0.558
22.760 1 0.227 0.203 0.431 0.564
22.800 1 0.233 0.211 0.438 0.572
22.840 1 0.247 0.217 0.455 0.586
22.880 1 0.256 0.219 0.467 0.594
22.920 1 0.267 0.225 0.480 0.603
22.960 1 0.283 0.233 0.497 0.614
23.000 1 0.300 0.239 0.525 0.639
23.040 1 0.320 0.244 0.559 0.669
23.080 1 0.336 0.247 0.580 0.681
23.120 1 0.352 0.256 0.602 0.700
23.160 1 0.366 0.264 0.622 0.717
23.200 1 0.366 0.281 0.617 0.728
23.240 1 0.377 0.286 0.634 0.744
23.280 1 0.370 0.294 0.623 0.744
23.320 1 0.377 0.292 0.633 0.747
23.360 1 0.364 0.292 0.619 0.744
23.400 1 0.377 0.297 0.623 0.733
23.440 1 0.380 0.306 0.614 0.722
23.480 1 0.388 0.306 0.619 0.714
23.520 1 0.389 0.306 0.617 0.708
23.560 1 0.403 0.303 0.630 0.706
23.600 1 0.403 0.289 0.641 0.711
23.640 1 0.414 0.289 0.656 0.717
23.680 1 0.417 0.294 0.659 0.722
23.720 1 0.427 0.297 0.673 0.733
23.760 1 0.430 0.300 0.677 0.736
23.800 1 0.436 0.292 0.689 0.742
23.840 1 0.441 0.289 0.703 0.753
23.880 1 0.445 0.286 0.711 0.758
23.920 1 0.445 0.286 0.714 0.764
23.960 1 0.448 0.283 0.720 0.764
24.000 1 0.438 0.264 0.728 0.778
24.040 1 0.431 0.253 0.723 0.769
24.080 1 0.430 0.233 0.730 0.764
24.120 1 0.417 0.236 0.695 0.728
24.160 1 0.414 0.231 0.694 0.725
24.200 1 0.400 0.236 0.675 0.722
24.240 1 0.389 0.231 0.656 0.706
24.280 1 0.372 0.242 0.631 0.703
24.320 1 0.361 0.231 0.623 0.694
24.360 1 0.342 0.231 0.602 0.689
24.400 1 0.323 0.233 0.580 0.689
24.440 1 0.305 0.236 0.559 0.686
24.480 1 0.295 0.239 0.539 0.672
24.520 1 0.278 0.247 0.519 0.675
24.560 1 0.264 0.253 0.506 0.681
24.600 1 0.252 0.258 0.492 0.683
24.640 1 0.237 0.269 0.478 0.694
24.680 1 0.263 0.278 0.516 0.725
24.720 1 0.250 0.281 0.500 0.728
24.760 1 0.236 0.289 0.486 0.731
24.800 1 0.223 0.303 0.472 0.744
24.840 1 0.206 0.319 0.452 0.756
24.880 1 0.194 0.328 0.436 0.758
24.920 1 0.180 0.322 0.422 0.753
24.960 1 0.164 0.322 0.402 0.744
25.000 1 0.148 0.314 0.391 0.744
25.040 1 0.133 0.306 0.378 0.742
25.080 1 0.120 0.311 0.364 0.747
25.120 1 0.103 0.319 0.344 0.747
25.160 1 0.106 0.311 0.345 0.739
25.200 1 0.089 0.311 0.327 0.736
25.360 2 0.492 0.178 0.558 0.294
25.400 2 0.492 0.181 0.559 0.300
25.440 2 0.492 0.183 0.564 0.308
25.480 2 0.495 0.186 0.567 0.314
25.520 2 0.498 0.192 0.570 0.322
25.560 2 0.502 0.197 0.575 0.328
25.600 2 0.503 0.203 0.577 0.336
25.640 2 0.506 0.208 0.583 0.342
25.680 2 0.512 0.211 0.589 0.347
25.720 2 0.514 0.214 0.594 0.356
25.760 2 0.519 0.219 0.600 0.364
25.800 2 0.522 0.225 0.605 0.369
25.840 2 0.527 0.233 0.611 0.381
25.880 2 0.527 0.239 0.609 0.386
25.920 2 0.530 0.247 0.611 0.392
25.960 2 0.527 0.250 0.608 0.394
26.000 2 0.525 0.247 0.606 0.392
26.040 2 0.522 0.239 0.606 0.389
26.080 2 0.514 0.228 0.600 0.378
26.120 2 0.514 0.222 0.597 0.367
26.160 2 0.511 0.211 0.594 0.356
26.200 2 0.506 0.208 0.583 0.344
26.240 2 0.505 0.200 0.581 0.336
26.280 2 0.498 0.197 0.572 0.328
26.320 2 0.497 0.192 0.570 0.322
26.360 2 0.491 0.183 0.562 0.314
26.400 2 0.486 0.175 0.559 0.306
26.400 2 0.481 0.164 0.562 0.314
26.440 2 0.480 0.158 0.561 0.306
26.480 2 0.473 0.153 0.555 0.300
26.520 2 0.467 0.150 0.548 0.297
26.560 2 0.463 0.144 0.542 0.292
26.600 2 0.456 0.139 0.536 0.286
26.640 2 0.450 0.136 0.530 0.281
26.680 2 0.445 0.133 0.523 0.275
26.720 2 0.441 0.133 0.519 0.275
26.760 2 0.433 0.128 0.511 0.269
26.800 2 0.430 0.125 0.508 0.267
26.840 2 0.423 0.122 0.502 0.264
26.880 2 0.420 0.117 0.500 0.261
26.920 2 0.412 0.108 0.494 0.256
26.960 2 0.414 0.108 0.494 0.250
27.000 2 0.409 0.103 0.489 0.247
27.040 2 0.405 0.103 0.487 0.250
27.080 2 0.405 0.103 0.487 0.250
27.120 2 0.402 0.103 0.483 0.250
27.160 2 0.400 0.103 0.483 0.250
27.200 2 0.400 0.106 0.481 0.250
27.240 2 0.400 0.108 0.480 0.253
27.280 2 0.398 0.108 0.480 0.256
27.320 2 0.397 0.111 0.480 0.258
27.360 2 0.397 0.114 0.478 0.261
27.400 2 0.397 0.117 0.477 0.261
27.440 2 0.394 0.117 0.473 0.261
27.480 2 0.394 0.117 0.473 0.261
27.520 2 0.391 0.117 0.470 0.261
27.560 2 0.394 0.119 0.473 0.264
27.600 2 0.391 0.119 0.472 0.264
27.640 2 0.395 0.122 0.475 0.267
27.680 2 0.395 0.122 0.477 0.267
27.720 2 0.400 0.122 0.481 0.269
27.760 2 0.403 0.122 0.484 0.267
27.800 2 0.408 0.119 0.489 0.267
27.840 2 0.412 0.119 0.494 0.267
27.880 2 0.419 0.122 0.502 0.269
27.920 2 0.422 0.125 0.505 0.275
27.960 2 0.430 0.131 0.512 0.278
28.000 2 0.436 0.136 0.517 0.281
28.040 2 0.444 0.139 0.525 0.281
28.080 2 0.448 0.144 0.528 0.286
28.120 2 0.453 0.147 0.533 0.289
28.160 2 0.456 0.150 0.536 0.292
28.200 2 0.461 0.150 0.542 0.294
28.240 2 0.464 0.150 0.545 0.294
28.280 2 0.467 0.147 0.550 0.292
28.320 2 0.470 0.144 0.553 0.292
28.360 2 0.472 0.144 0.555 0.292
28.400 2 0.475 0.147 0.559 0.294
28.440 2 0.478 0.150 0.561 0.297
28.480 2 0.483 0.153 0.566 0.297
28.520 2 0.487 0.153 0.572 0.303
28.560 2 0.494 0.156 0.581 0.308
28.600 2 0.502 0.161 0.591 0.319
28.640 2 0.509 0.167 0.597 0.325
28.680 2 0.517 0.175 0.605 0.333
28.720 2 0.516 0.178 0.605 0.336
28.760 2 0.520 0.178 0.609 0.339
28.800 2 0.517 0.178 0.608 0.339
28.840 2 0.517 0.172 0.608 0.336
28.880 2 0.512 0.172 0.603 0.331
28.920 2 0.512 0.169 0.600 0.325
28.960 2 0.511 0.167 0.595 0.317
29.000 2 0.508 0.167 0.589 0.311
29.040 2 0.502 0.164 0.583 0.308
29.080 2 0.502 0.161 0.584 0.306
29.120 2 0.498 0.158 0.580 0.303
29.160 2 0.500 0.158 0.581 0.303
29.200 2 0.498 0.158 0.580 0.303
29.240 2 0.502 0.158 0.583 0.303
29.280 2 0.500 0.158 0.583 0.306
29.320 2 0.502 0.158 0.584 0.306
29.360 2 0.502 0.158 0.584 0.303
29.400 2 0.500 0.156 0.583 0.303
29.440 2 0.500 0.156 0.583 0.303
29.480 2 0.497 0.153 0.578 0.297
29.520 2 0.497 0.150 0.577 0.294
29.560 2 0.492 0.147 0.572 0.292
29.600 2 0.491 0.147 0.572 0.289
29.640 2 0.489 0.147 0.567 0.286
29.680 2 0.489 0.144 0.567 0.283
29.720 2 0.487 0.144 0.566 0.283
29.760 2 0.486 0.147 0.564 0.286
29.800 2 0.486 0.147 0.564 0.286
29.840 2 0.486 0.150 0.564 0.286
29.880 2 0.487 0.150 0.564 0.289
29.920 2 0.489 0.150 0.566 0.289
29.960 2 0.491 0.153 0.569 0.289
30.000 2 0.489 0.153 0.570 0.297
30.040 2 0.492 0.156 0.573 0.300
30.080 2 0.498 0.158 0.580 0.306
30.120 2 0.498 0.161 0.583 0.311
30.160 2 0.502 0.167 0.586 0.317
30.200 2 0.503 0.172 0.588 0.322
30.240 2 0.505 0.178 0.591 0.328
30.280 2 0.508 0.183 0.592 0.333
30.320 2 0.511 0.189 0.595 0.339
30.360 2 0.514 0.192 0.600 0.344
30.400 2 0.512 0.192 0.598 0.344
30.440 2 0.516 0.192 0.605 0.347
30.480 2 0.516 0.189 0.603 0.344
30.520 2 0.516 0.189 0.603 0.344
30.560 2 0.514 0.186 0.602 0.342
30.600 2 0.512 0.181 0.600 0.336
30.640 2 0.509 0.178 0.597 0.333
30.680 2 0.508 0.172 0.595 0.328
30.720 2 0.506 0.169 0.592 0.322
30.760 2 0.503 0.164 0.589 0.317
30.800 2 0.500 0.158 0.586 0.311
30.840 2 0.498 0.153 0.584 0.306
30.880 2 0.495 0.150 0.581 0.303
30.920 2 0.491 0.147 0.577 0.300
30.960 2 0.492 0.144 0.580 0.300
31.000 2 0.489 0.144 0.577 0.300
31.040 2 0.494 0.144 0.581 0.300
31.080 2 0.492 0.150 0.577 0.300
31.120 2 0.494 0.153 0.578 0.303
31.160 2 0.492 0.153 0.577 0.303
31.200 2 0.492 0.153 0.577 0.303
31.240 2 0.491 0.153 0.575 0.303
31.280 2 0.486 0.153 0.570 0.300
31.320 2 0.486 0.153 0.569 0.300
31.360 2 0.484 0.153 0.567 0.300
31.400 2 0.481 0.153 0.564 0.300
31.440 2 0.486 0.156 0.569 0.300
31.480 2 0.487 0.156 0.569 0.300
31.520 2 0.492 0.158 0.575 0.303
31.560 2 0.497 0.161 0.580 0.306
31.600 2 0.502 0.161 0.584 0.308
34.200 3 0.298 0.203 0.505 0.569
34.240 3 0.294 0.208 0.495 0.564
34.280 3 0.295 0.208 0.500 0.569
34.320 3 0.291 0.211 0.491 0.567
34.360 3 0.287 0.206 0.491 0.569
34.400 3 0.289 0.203 0.498 0.575
34.440 3 0.284 0.208 0.489 0.572
34.480 3 0.283 0.206 0.495 0.586
34.520 3 0.275 0.206 0.487 0.583
34.560 3 0.287 0.211 0.495 0.583
34.600 3 0.286 0.219 0.487 0.575
34.640 3 0.287 0.214 0.494 0.581
34.680 3 0.284 0.219 0.487 0.578
34.720 3 0.284 0.214 0.494 0.589
34.760 3 0.278 0.214 0.487 0.586
34.800 3 0.289 0.219 0.494 0.583
34.840 3 0.286 0.225 0.487 0.581
34.880 3 0.286 0.222 0.486 0.581
34.920 3 0.284 0.222 0.486 0.581
34.960 3 0.283 0.222 0.484 0.581
35.000 3 0.281 0.222 0.483 0.581
35.040 3 0.289 0.222 0.480 0.564
35.080 3 0.287 0.222 0.478 0.561
35.120 3 0.286 0.222 0.478 0.561
35.160 3 0.286 0.219 0.477 0.561
35.200 3 0.283 0.217 0.477 0.558
35.240 3 0.286 0.217 0.477 0.556
35.280 3 0.286 0.217 0.477 0.556
35.320 3 0.284 0.214 0.477 0.556
35.360 3 0.280 0.208 0.475 0.556
35.400 3 0.275 0.206 0.472 0.558
35.440 3 0.272 0.203 0.470 0.556
35.480 3 0.263 0.200 0.464 0.558
35.520 3 0.263 0.194 0.467 0.558
35.560 3 0.263 0.192 0.469 0.561
35.600 3 0.256 0.189 0.466 0.561
35.640 3 0.261 0.189 0.470 0.561
35.680 3 0.266 0.192 0.469 0.556
35.720 3 0.266 0.189 0.473 0.558
35.760 3 0.267 0.186 0.477 0.558
35.800 3 0.269 0.183 0.480 0.558
35.840 3 0.270 0.181 0.481 0.556
35.880 3 0.270 0.175 0.486 0.558
35.920 3 0.273 0.178 0.484 0.556
35.960 3 0.272 0.175 0.487 0.558
36.000 3 0.281 0.183 0.483 0.542
36.040 3 0.291 0.203 0.477 0.533
36.080 3 0.295 0.208 0.480 0.533
36.120 3 0.294 0.211 0.477 0.536
36.160 3 0.295 0.219 0.475 0.539
36.200 3 0.294 0.219 0.477 0.544
36.240 3 0.292 0.225 0.473 0.547
36.280 3 0.291 0.225 0.475 0.553
36.320 3 0.291 0.228 0.477 0.558
36.360 3 0.292 0.231 0.478 0.561
36.400 3 0.291 0.233 0.475 0.561
36.440 3 0.295 0.236 0.480 0.561
36.480 3 0.294 0.236 0.477 0.561
36.520 3 0.298 0.236 0.481 0.561
36.560 3 0.306 0.242 0.486 0.561
36.600 3 0.309 0.239 0.489 0.558
36.640 3 0.314 0.239 0.495 0.558
36.680 3 0.320 0.244 0.498 0.558
36.720 3 0.322 0.242 0.500 0.558
36.760 3 0.330 0.247 0.506 0.561
36.800 3 0.330 0.242 0.506 0.556
36.840 3 0.333 0.239 0.514 0.561
36.880 3 0.331 0.242 0.509 0.558
36.920 3 0.334 0.239 0.514 0.561
36.960 3 0.336 0.239 0.516 0.558
37.000 3 0.345 0.250 0.514 0.550
37.040 3 0.338 0.247 0.511 0.553
37.080 3 0.336 0.244 0.509 0.553
37.120 3 0.339 0.244 0.512 0.553
37.160 3 0.334 0.244 0.508 0.553
37.200 3 0.338 0.244 0.512 0.556
37.240 3 0.334 0.247 0.506 0.553
37.280 3 0.334 0.244 0.506 0.550
37.320 3 0.336 0.244 0.511 0.553
37.360 3 0.331 0.244 0.505 0.553
37.400 3 0.334 0.244 0.508 0.553
37.440 3 0.331 0.244 0.503 0.553
37.480 3 0.333 0.244 0.508 0.556
37.520 3 0.328 0.247 0.502 0.556
37.560 3 0.330 0.247 0.505 0.558
37.600 3 0.325 0.247 0.498 0.556
37.640 3 0.327 0.247 0.502 0.556
37.680 3 0.323 0.250 0.494 0.553
37.720 3 0.323 0.247 0.498 0.556
37.760 3 0.320 0.250 0.491 0.556
37.800 3 0.320 0.250 0.492 0.553
37.840 3 0.320 0.250 0.491 0.553
37.880 3 0.319 0.250 0.487 0.550
37.920 3 0.317 0.250 0.486 0.550
37.960 3 0.316 0.250 0.483 0.547
38.000 3 0.308 0.250 0.477 0.550
38.040 3 0.295 0.236 0.480 0.564
38.080 3 0.292 0.233 0.478 0.564
38.120 3 0.297 0.242 0.478 0.561
38.160 3 0.291 0.239 0.472 0.564
38.200 3 0.294 0.244 0.473 0.564
38.240 3 0.287 0.242 0.469 0.567
38.280 3 0.291 0.247 0.470 0.564
38.320 3 0.284 0.244 0.466 0.567
38.360 3 0.284 0.244 0.466 0.567
38.400 3 0.291 0.244 0.470 0.567
38.440 3 0.287 0.242 0.469 0.564
38.480 3 0.294 0.242 0.473 0.561
38.520 3 0.291 0.236 0.473 0.561
38.560 3 0.297 0.239 0.480 0.561
38.600 3 0.295 0.239 0.478 0.564
38.640 3 0.303 0.242 0.484 0.567
38.680 3 0.297 0.242 0.480 0.567
38.720 3 0.298 0.239 0.484 0.569
38.760 3 0.298 0.239 0.484 0.567
38.800 3 0.298 0.236 0.483 0.564
38.840 3 0.298 0.233 0.483 0.564
38.880 3 0.298 0.236 0.481 0.561
38.920 3 0.295 0.236 0.481 0.564
38.960 3 0.294 0.236 0.480 0.567
39.000 3 0.281 0.222 0.483 0.581
39.040 3 0.283 0.222 0.477 0.567
39.080 3 0.273 0.228 0.467 0.569
39.120 3 0.266 0.228 0.458 0.569
39.160 3 0.259 0.228 0.453 0.575
39.200 3 0.250 0.231 0.444 0.575
39.240 3 0.252 0.231 0.445 0.578
39.280 3 0.247 0.233 0.441 0.578
39.320 3 0.252 0.236 0.445 0.581
39.360 3 0.250 0.236 0.445 0.583
39.400 3 0.256 0.236 0.453 0.589
39.440 3 0.259 0.236 0.456 0.583
39.480 3 0.263 0.233 0.458 0.581
39.520 3 0.264 0.228 0.461 0.578
39.560 3 0.267 0.228 0.463 0.575
39.600 3 0.267 0.222 0.466 0.575
39.640 3 0.267 0.219 0.467 0.575
39.680 3 0.267 0.222 0.466 0.575
39.720 3 0.267 0.222 0.466 0.575
39.760 3 0.266 0.225 0.464 0.578
39.800 3 0.266 0.225 0.464 0.578
39.840 3 0.264 0.225 0.464 0.583
39.880 3 0.264 0.228 0.463 0.583
39.920 3 0.261 0.228 0.464 0.586
39.960 3 0.259 0.228 0.461 0.586
40.000 3 0.258 0.222 0.459 0.581
40.040 3 0.256 0.219 0.458 0.578
40.080 3 0.255 0.214 0.458 0.575
40.120 3 0.255 0.211 0.456 0.572
40.160 3 0.259 0.211 0.461 0.569
40.200 3 0.253 0.208 0.455 0.567
40.240 3 0.258 0.217 0.458 0.572
40.280 3 0.261 0.219 0.459 0.572
40.320 3 0.263 0.222 0.461 0.575
40.360 3 0.266 0.225 0.463 0.578
40.400 3 0.267 0.228 0.464 0.578
40.440 3 0.277 0.231 0.469 0.572
40.480 3 0.273 0.225 0.469 0.572
40.520 3 0.280 0.228 0.475 0.575
40.560 3 0.295 0.236 0.480 0.564
40.600 3 0.298 0.239 0.484 0.567
40.640 3 0.308 0.242 0.492 0.569
40.680 3 0.308 0.244 0.489 0.569
40.720 3 0.309 0.242 0.492 0.567
40.760 3 0.308 0.233 0.489 0.558
40.800 3 0.305 0.225 0.487 0.550
40.840 3 0.295 0.214 0.478 0.539
40.880 3 0.292 0.206 0.475 0.531
40.920 3 0.284 0.200 0.469 0.531
40.960 3 0.281 0.203 0.466 0.531
41.000 3 0.289 0.217 0.458 0.517
41.040 3 0.283 0.219 0.469 0.550
41.080 3 0.283 0.225 0.467 0.556
41.120 3 0.284 0.233 0.467 0.558
41.160 3 0.286 0.233 0.470 0.561
41.200 3 0.286 0.231 0.473 0.564
41.240 3 0.292 0.231 0.480 0.564
41.280 3 0.291 0.228 0.478 0.561
41.320 3 0.295 0.222 0.484 0.558
41.360 3 0.294 0.219 0.483 0.553
41.400 3 0.292 0.217 0.480 0.550
41.440 3 0.297 0.214 0.484 0.550
41.480 3 0.295 0.214 0.481 0.544
41.520 3 0.294 0.208 0.480 0.539
41.560 3 0.292 0.206 0.478 0.533
41.600 3 0.291 0.203 0.477 0.533
41.640 3 0.286 0.206 0.470 0.533
41.680 3 0.280 0.211 0.466 0.542
41.720 3 0.281 0.217 0.467 0.547
41.760 3 0.275 0.219 0.459 0.550
41.800 3 0.273 0.222 0.458 0.553
41.840 3 0.270 0.222 0.458 0.553
41.880 3 0.264 0.222 0.450 0.553
41.920 3 0.264 0.219 0.452 0.553
41.960 3 0.259 0.222 0.445 0.553
42.000 3 0.258 0.222 0.459 0.581
42.040 3 0.252 0.214 0.450 0.567
42.080 3 0.263 0.217 0.458 0.567
42.120 3 0.269 0.214 0.467 0.567
42.160 3 0.270 0.211 0.472 0.569
42.200 3 0.278 0.211 0.484 0.575
42.240 3 0.278 0.217 0.483 0.578
42.280 3 0.286 0.219 0.489 0.581
42.320 3 0.284 0.228 0.484 0.583
42.360 3 0.289 0.231 0.487 0.586
42.400 3 0.284 0.233 0.481 0.583
42.440 3 0.286 0.233 0.483 0.583
42.480 3 0.281 0.233 0.478 0.583
42.520 3 0.281 0.228 0.480 0.583
42.560 3 0.283 0.231 0.480 0.578
42.600 3 0.283 0.228 0.480 0.575
42.640 3 0.281 0.222 0.480 0.575
42.680 3 0.278 0.219 0.480 0.575
42.720 3 0.275 0.214 0.478 0.575
42.760 3 0.270 0.211 0.475 0.575
42.800 3 0.267 0.214 0.472 0.575
42.840 3 0.264 0.214 0.469 0.578
42.880 3 0.264 0.217 0.470 0.581
42.920 3 0.261 0.219 0.469 0.589
42.960 3 0.263 0.228 0.470 0.594
43.000 3 0.258 0.222 0.459 0.581
43.040 3 0.259 0.228 0.463 0.589
43.080 3 0.264 0.228 0.467 0.589
43.120 3 0.261 0.225 0.464 0.586
43.160 3 0.267 0.219 0.470 0.583
43.200 3 0.270 0.219 0.473 0.581
43.240 3 0.273 0.217 0.481 0.586
43.280 3 0.281 0.225 0.480 0.581
43.320 3 0.287 0.228 0.486 0.581
43.360 3 0.284 0.228 0.483 0.581
43.400 3 0.291 0.225 0.487 0.575
43.440 3 0.298 0.225 0.498 0.578
43.480 3 0.297 0.222 0.494 0.572
43.520 3 0.302 0.219 0.502 0.575
43.560 3 0.298 0.217 0.498 0.572
43.600 3 0.303 0.214 0.506 0.575
43.640 3 0.303 0.214 0.503 0.567
43.680 3 0.306 0.211 0.512 0.575
43.720 3 0.305 0.211 0.509 0.575
43.760 3 0.312 0.214 0.516 0.575
43.800 3 0.311 0.217 0.512 0.575
43.840 3 0.317 0.217 0.519 0.575
43.880 3 0.314 0.217 0.516 0.575
43.920 3 0.317 0.219 0.517 0.575
43.960 3 0.319 0.217 0.519 0.575
44.000 3 0.325 0.222 0.527 0.581
44.040 3 0.331 0.219 0.534 0.583
44.080 3 0.330 0.219 0.531 0.578
44.120 3 0.331 0.222 0.533 0.581
44.160 3 0.333 0.225 0.534 0.583
44.200 3 0.334 0.228 0.536 0.583
44.240 3 0.334 0.228 0.536 0.586
44.280 3 0.334 0.228 0.536 0.586
44.320 3 0.338 0.222 0.544 0.589
44.360 3 0.328 0.222 0.534 0.589
44.400 3 0.334 0.222 0.541 0.589
44.440 3 0.333 0.222 0.534 0.581
44.480 3 0.331 0.222 0.531 0.578
44.520 3 0.323 0.219 0.527 0.578
44.560 3 0.325 0.225 0.525 0.581
44.600 3 0.317 0.222 0.520 0.583
44.640 3 0.320 0.228 0.520 0.583
44.680 4 0.469 0.503 0.527 0.603
44.720 4 0.472 0.503 0.530 0.606
44.760 4 0.470 0.503 0.528 0.606
44.800 4 0.473 0.503 0.530 0.603
44.840 4 0.475 0.497 0.533 0.600
44.880 4 0.477 0.497 0.534 0.600
44.920 4 0.480 0.494 0.536 0.594
44.960 4 0.481 0.494 0.537 0.594
45.000 4 0.483 0.494 0.539 0.594
45.040 4 0.486 0.494 0.542 0.594
45.080 4 0.484 0.494 0.541 0.594
45.120 4 0.486 0.494 0.542 0.594
45.160 4 0.486 0.494 0.542 0.594
45.200 4 0.487 0.494 0.544 0.594
45.240 4 0.487 0.494 0.544 0.594
45.280 4 0.489 0.492 0.545 0.592
45.320 4 0.489 0.489 0.545 0.592
45.360 4 0.489 0.489 0.545 0.589
45.400 4 0.489 0.486 0.547 0.589
45.440 4 0.487 0.489 0.545 0.589
45.480 4 0.489 0.489 0.545 0.589
45.520 4 0.487 0.489 0.544 0.592
45.560 4 0.486 0.492 0.542 0.592
45.600 4 0.484 0.492 0.541 0.594
45.640 4 0.483 0.494 0.539 0.594
45.680 4 0.483 0.494 0.539 0.594
45.720 4 0.483 0.494 0.539 0.594
45.760 4 0.483 0.494 0.539 0.594
45.800 4 0.483 0.494 0.539 0.594
45.840 4 0.484 0.494 0.541 0.594
45.880 4 0.486 0.497 0.541 0.594
45.920 4 0.486 0.497 0.542 0.594
45.960 4 0.487 0.494 0.544 0.594
46.000 4 0.489 0.494 0.545 0.594
46.040 4 0.491 0.494 0.547 0.594
46.080 4 0.491 0.494 0.547 0.594
46.120 4 0.492 0.497 0.548 0.594
46.160 4 0.494 0.497 0.548 0.597
46.200 4 0.494 0.497 0.548 0.597
46.240 4 0.494 0.497 0.550 0.597
46.280 4 0.492 0.497 0.550 0.597
46.320 4 0.492 0.497 0.550 0.597
46.360 4 0.491 0.497 0.548 0.600
46.400 4 0.491 0.500 0.548 0.600
46.440 4 0.489 0.500 0.547 0.600
46.480 4 0.491 0.500 0.547 0.603
46.520 4 0.487 0.500 0.545 0.603
46.560 4 0.489 0.500 0.547 0.603
46.600 4 0.487 0.500 0.545 0.603
46.640 4 0.489 0.503 0.548 0.606
46.680 4 0.487 0.503 0.545 0.606
46.720 4 0.491 0.503 0.550 0.606
46.760 4 0.489 0.506 0.547 0.608
46.800 4 0.492 0.506 0.550 0.608
46.840 4 0.491 0.506 0.548 0.608
46.880 4 0.494 0.506 0.552 0.608
46.920 4 0.492 0.506 0.550 0.611
52.040 5 0.812 0.283 0.950 0.531
52.080 5 0.809 0.289 0.945 0.533
52.120 5 0.805 0.292 0.941 0.539
52.160 5 0.797 0.294 0.933 0.542
52.200 5 0.792 0.294 0.928 0.539
52.240 5 0.786 0.294 0.922 0.536
52.280 5 0.781 0.292 0.916 0.533
52.320 5 0.775 0.292 0.908 0.531
52.360 5 0.769 0.289 0.902 0.528
52.400 5 0.762 0.289 0.895 0.528
52.440 5 0.759 0.292 0.889 0.528
52.480 5 0.753 0.292 0.881 0.525
52.520 5 0.748 0.292 0.877 0.522
52.560 5 0.745 0.292 0.872 0.522
52.600 5 0.741 0.292 0.867 0.522
52.640 5 0.738 0.297 0.863 0.522
52.680 5 0.734 0.294 0.859 0.519
52.720 5 0.731 0.294 0.856 0.519
52.760 5 0.730 0.294 0.853 0.517
52.800 5 0.728 0.294 0.852 0.517
52.840 5 0.727 0.292 0.850 0.514
52.880 5 0.725 0.292 0.848 0.511
52.920 5 0.725 0.292 0.845 0.511
52.960 5 0.723 0.289 0.844 0.508
53.000 5 0.722 0.289 0.844 0.508
53.040 5 0.723 0.292 0.844 0.508
53.080 5 0.720 0.292 0.841 0.508
53.120 5 0.722 0.292 0.842 0.511
53.160 5 0.716 0.292 0.836 0.511
53.200 5 0.719 0.292 0.839 0.508
53.240 5 0.719 0.292 0.839 0.508
53.280 5 0.719 0.292 0.839 0.508
53.320 5 0.719 0.292 0.839 0.508
53.360 5 0.719 0.292 0.838 0.506
53.400 5 0.719 0.292 0.838 0.506
53.440 5 0.717 0.289 0.836 0.503
53.480 5 0.717 0.289 0.836 0.503
53.520 5 0.716 0.286 0.836 0.503
53.560 5 0.716 0.286 0.834 0.500
53.600 5 0.714 0.286 0.833 0.497
53.640 5 0.717 0.286 0.834 0.497
53.680 5 0.719 0.283 0.838 0.497
53.720 5 0.717 0.286 0.834 0.497
53.760 5 0.717 0.286 0.834 0.497
53.800 5 0.717 0.286 0.834 0.500
53.840 5 0.719 0.286 0.838 0.500
53.880 5 0.716 0.286 0.833 0.500
53.920 5 0.717 0.289 0.836 0.500
53.960 5 0.713 0.286 0.833 0.503
54.000 5 0.716 0.289 0.834 0.503
54.040 5 0.713 0.289 0.830 0.503
54.080 5 0.714 0.292 0.831 0.503
54.120 5 0.709 0.292 0.827 0.503
54.160 5 0.711 0.294 0.828 0.506
54.200 5 0.706 0.294 0.825 0.506
54.240 5 0.708 0.297 0.825 0.506
54.280 5 0.705 0.297 0.823 0.511
54.320 5 0.702 0.297 0.819 0.508
54.360 5 0.700 0.297 0.817 0.508
54.400 5 0.702 0.300 0.817 0.508
54.440 5 0.697 0.297 0.814 0.508
54.480 5 0.700 0.297 0.817 0.508
54.520 5 0.695 0.297 0.812 0.508
54.560 5 0.695 0.297 0.812 0.508
54.600 5 0.695 0.297 0.812 0.508
54.640 5 0.695 0.294 0.812 0.506
54.680 5 0.695 0.294 0.812 0.506
54.720 5 0.694 0.294 0.809 0.503
54.760 5 0.695 0.292 0.812 0.503
54.800 5 0.695 0.289 0.812 0.500
54.840 5 0.695 0.289 0.811 0.500
54.880 5 0.695 0.289 0.811 0.500
54.920 5 0.695 0.289 0.811 0.497
54.960 5 0.694 0.289 0.809 0.497
55.000 5 0.694 0.289 0.809 0.497
55.040 5 0.694 0.289 0.808 0.497
55.080 5 0.692 0.289 0.806 0.497
55.120 5 0.688 0.289 0.803 0.494
55.160 5 0.691 0.289 0.805 0.494
55.200 5 0.686 0.289 0.802 0.497
55.240 5 0.688 0.289 0.803 0.497
55.280 5 0.684 0.289 0.800 0.497
55.320 5 0.686 0.286 0.803 0.497
55.360 5 0.683 0.289 0.797 0.494
55.400 5 0.683 0.286 0.800 0.497
55.440 5 0.680 0.286 0.797 0.497
55.480 5 0.683 0.289 0.800 0.500
55.520 5 0.680 0.289 0.797 0.500
55.560 5 0.684 0.289 0.802 0.500
55.600 5 0.681 0.289 0.798 0.500
55.640 5 0.683 0.292 0.800 0.503
55.680 5 0.683 0.292 0.800 0.503
55.720 5 0.688 0.292 0.803 0.503
55.760 5 0.684 0.292 0.802 0.503
55.800 5 0.688 0.292 0.803 0.500
55.840 5 0.683 0.292 0.798 0.497
55.880 5 0.689 0.294 0.805 0.500
55.920 5 0.683 0.292 0.797 0.497
55.960 5 0.684 0.292 0.800 0.500
56.000 5 0.681 0.292 0.797 0.500
56.040 5 0.683 0.292 0.798 0.500
56.080 5 0.683 0.292 0.798 0.500
56.120 5 0.681 0.292 0.798 0.500
56.160 5 0.681 0.289 0.798 0.500
56.200 5 0.680 0.289 0.797 0.500
56.240 5 0.677 0.289 0.794 0.500
56.280 5 0.678 0.289 0.795 0.500
56.320 5 0.675 0.289 0.794 0.503
56.360 5 0.678 0.292 0.795 0.503
56.400 6 0.297 0.250 0.580 0.753
56.440 6 0.281 0.236 0.564 0.739
56.480 6 0.291 0.225 0.573 0.728
56.520 6 0.277 0.217 0.561 0.722
56.560 6 0.284 0.211 0.567 0.717
56.600 6 0.278 0.206 0.562 0.708
56.640 6 0.287 0.200 0.570 0.703
56.680 6 0.281 0.194 0.567 0.703
56.720 6 0.291 0.194 0.578 0.703
56.760 6 0.294 0.194 0.584 0.711
56.800 6 0.308 0.197 0.589 0.697
56.840 6 0.298 0.197 0.581 0.697
56.880 6 0.314 0.200 0.597 0.700
56.920 6 0.305 0.203 0.588 0.706
56.960 6 0.317 0.206 0.602 0.711
57.000 6 0.308 0.206 0.598 0.722
57.040 6 0.306 0.217 0.592 0.728
57.080 6 0.308 0.219 0.595 0.733
57.120 6 0.305 0.219 0.595 0.736
57.160 6 0.305 0.219 0.595 0.736
57.200 6 0.303 0.217 0.594 0.733
57.240 6 0.303 0.211 0.594 0.728
57.280 6 0.302 0.208 0.592 0.725
57.320 6 0.302 0.203 0.592 0.722
57.360 6 0.305 0.203 0.594 0.717
57.400 6 0.297 0.200 0.586 0.714
57.440 6 0.298 0.197 0.592 0.719
57.480 6 0.298 0.194 0.592 0.717
57.520 6 0.291 0.200 0.583 0.719
57.560 6 0.295 0.203 0.588 0.722
57.600 6 0.284 0.206 0.578 0.725
57.640 6 0.291 0.211 0.583 0.728
57.680 6 0.281 0.211 0.575 0.733
57.720 6 0.286 0.214 0.581 0.739
57.760 6 0.281 0.217 0.573 0.736
57.800 6 0.280 0.217 0.572 0.733
57.840 6 0.278 0.214 0.570 0.733
57.880 6 0.275 0.208 0.569 0.728
57.920 6 0.281 0.211 0.572 0.725
57.960 6 0.273 0.206 0.566 0.725
58.000 6 0.277 0.206 0.567 0.722
58.040 6 0.266 0.206 0.558 0.725
58.080 6 0.278 0.208 0.569 0.725
58.120 6 0.267 0.208 0.558 0.725
58.160 6 0.275 0.208 0.566 0.725
58.200 6 0.273 0.208 0.566 0.728
58.240 6 0.269 0.208 0.561 0.728
58.280 6 0.275 0.206 0.569 0.728
58.320 6 0.267 0.203 0.561 0.725
58.360 6 0.280 0.206 0.573 0.728
58.400 6 0.269 0.200 0.562 0.722
58.440 6 0.280 0.203 0.575 0.725
58.480 6 0.270 0.200 0.564 0.722
58.520 6 0.281 0.203 0.577 0.725
58.560 6 0.270 0.197 0.566 0.722
58.600 6 0.281 0.200 0.578 0.725
58.640 6 0.272 0.197 0.567 0.725
58.680 6 0.280 0.203 0.577 0.728
58.720 6 0.281 0.203 0.577 0.731
58.760 6 0.283 0.200 0.580 0.725
58.800 6 0.283 0.200 0.578 0.725
58.840 6 0.286 0.197 0.578 0.719
58.880 6 0.280 0.197 0.572 0.717
58.920 6 0.286 0.197 0.578 0.717
58.960 6 0.280 0.200 0.570 0.714
59.000 6 0.277 0.206 0.567 0.722
59.040 6 0.266 0.183 0.588 0.756
59.080 6 0.264 0.186 0.583 0.753
59.120 6 0.267 0.183 0.589 0.756
59.160 6 0.266 0.186 0.584 0.753
59.200 6 0.267 0.186 0.586 0.753
59.240 6 0.270 0.186 0.589 0.753
59.280 6 0.270 0.183 0.591 0.756
59.320 6 0.273 0.183 0.594 0.753
59.360 6 0.272 0.181 0.595 0.756
59.400 6 0.275 0.181 0.597 0.750
59.440 6 0.280 0.178 0.606 0.761
59.480 6 0.272 0.178 0.597 0.753
59.520 6 0.281 0.181 0.605 0.756
59.560 6 0.275 0.183 0.595 0.753
59.600 6 0.278 0.186 0.597 0.753
59.640 6 0.275 0.183 0.598 0.758
59.680 6 0.275 0.189 0.594 0.756
59.720 6 0.272 0.186 0.595 0.761
59.760 6 0.272 0.192 0.589 0.758
59.800 6 0.267 0.192 0.591 0.764
59.840 6 0.269 0.197 0.586 0.761
59.880 6 0.264 0.194 0.584 0.764
59.920 6 0.269 0.200 0.586 0.761
59.960 6 0.269 0.200 0.588 0.764
60.000 6 0.255 0.178 0.603 0.797
60.040 6 0.245 0.178 0.594 0.797
60.080 6 0.261 0.178 0.611 0.800
60.120 6 0.252 0.189 0.597 0.803
60.160 6 0.259 0.183 0.611 0.808
60.200 6 0.239 0.183 0.592 0.811
60.240 6 0.255 0.181 0.609 0.811
60.280 6 0.234 0.169 0.592 0.808
62.480 7 0.455 0.225 0.617 0.517
62.520 7 0.450 0.217 0.617 0.519
62.560 7 0.456 0.222 0.622 0.517
62.600 7 0.458 0.222 0.623 0.519
62.640 7 0.458 0.219 0.627 0.525
62.680 7 0.452 0.217 0.625 0.525
62.720 7 0.459 0.222 0.628 0.522
62.760 7 0.458 0.219 0.625 0.519
62.800 7 0.463 0.219 0.628 0.517
62.840 7 0.463 0.219 0.628 0.517
62.880 7 0.461 0.217 0.628 0.517
62.920 7 0.459 0.217 0.627 0.517
62.960 7 0.458 0.217 0.625 0.517
63.000 7 0.458 0.217 0.625 0.517
63.040 7 0.458 0.208 0.627 0.511
63.080 7 0.458 0.206 0.625 0.508
63.120 7 0.459 0.206 0.630 0.514
63.160 7 0.455 0.206 0.625 0.511
63.200 7 0.459 0.206 0.630 0.511
63.240 7 0.456 0.206 0.627 0.511
63.280 7 0.461 0.206 0.631 0.511
63.320 7 0.459 0.206 0.630 0.511
63.360 7 0.459 0.206 0.631 0.511
63.400 7 0.459 0.206 0.631 0.514
63.440 7 0.459 0.208 0.631 0.517
63.480 7 0.461 0.208 0.631 0.517
63.520 7 0.459 0.208 0.633 0.519
63.560 7 0.459 0.211 0.631 0.519
63.600 7 0.458 0.211 0.631 0.522
63.640 7 0.459 0.214 0.631 0.522
63.680 7 0.458 0.217 0.631 0.525
63.720 7 0.459 0.222 0.628 0.525
63.760 7 0.456 0.222 0.628 0.531
63.800 7 0.456 0.228 0.625 0.531
63.840 7 0.453 0.225 0.627 0.536
63.880 7 0.453 0.225 0.623 0.528
63.920 7 0.458 0.225 0.627 0.528
63.960 7 0.455 0.222 0.625 0.528
64.000 7 0.458 0.217 0.625 0.517
64.040 7 0.463 0.222 0.631 0.525
64.080 7 0.463 0.225 0.630 0.525
64.120 7 0.463 0.225 0.631 0.528
64.160 7 0.461 0.222 0.630 0.525
64.200 7 0.458 0.219 0.627 0.522
64.240 7 0.464 0.222 0.633 0.525
64.280 7 0.459 0.222 0.627 0.522
64.320 7 0.464 0.222 0.631 0.522
64.360 7 0.461 0.219 0.630 0.522
64.400 7 0.466 0.219 0.631 0.517
64.440 7 0.463 0.217 0.631 0.517
64.480 7 0.463 0.217 0.628 0.514
64.520 7 0.466 0.214 0.633 0.514
64.560 7 0.464 0.211 0.631 0.511
64.600 7 0.466 0.211 0.634 0.514
64.640 7 0.467 0.211 0.634 0.514
64.680 7 0.467 0.214 0.634 0.514
64.720 7 0.467 0.214 0.634 0.514
64.760 7 0.469 0.217 0.636 0.514
64.800 7 0.469 0.214 0.637 0.517
64.840 7 0.470 0.214 0.637 0.514
64.880 7 0.470 0.211 0.639 0.514
64.920 7 0.472 0.211 0.639 0.514
64.960 7 0.472 0.211 0.639 0.511
65.000 7 0.477 0.217 0.644 0.517
65.040 7 0.478 0.225 0.644 0.519
65.080 7 0.478 0.225 0.644 0.519
65.120 7 0.478 0.225 0.642 0.519
65.160 7 0.478 0.225 0.642 0.519
65.200 7 0.478 0.225 0.642 0.519
65.240 7 0.478 0.222 0.642 0.517
65.280 7 0.477 0.219 0.641 0.514
65.320 7 0.478 0.214 0.647 0.517
65.360 7 0.473 0.211 0.642 0.514
65.400 7 0.477 0.211 0.647 0.514
65.440 7 0.477 0.214 0.644 0.514
65.480 7 0.478 0.214 0.645 0.514
65.520 7 0.477 0.214 0.642 0.511
65.560 7 0.477 0.217 0.641 0.511
65.600 7 0.480 0.217 0.644 0.514
65.640 7 0.475 0.214 0.641 0.514
65.680 7 0.475 0.214 0.644 0.514
65.720 7 0.478 0.214 0.645 0.514
65.760 7 0.473 0.214 0.641 0.514
65.800 7 0.475 0.211 0.644 0.517
65.840 7 0.473 0.208 0.648 0.519
65.880 7 0.472 0.208 0.644 0.517
65.920 7 0.473 0.208 0.644 0.514
65.960 7 0.473 0.208 0.644 0.511
66.000 7 0.477 0.217 0.644 0.517
66.040 7 0.464 0.206 0.647 0.531
66.080 7 0.466 0.208 0.645 0.528
66.120 7 0.466 0.206 0.648 0.531
66.160 7 0.467 0.206 0.648 0.528
66.200 7 0.466 0.206 0.645 0.528
66.240 7 0.466 0.200 0.652 0.531
66.280 7 0.464 0.200 0.650 0.528
66.320 7 0.464 0.197 0.650 0.528
66.360 7 0.466 0.197 0.648 0.525
66.400 7 0.466 0.194 0.652 0.528
66.440 7 0.466 0.194 0.653 0.531
66.480 7 0.463 0.194 0.650 0.528
66.520 7 0.467 0.194 0.652 0.528
66.560 7 0.467 0.194 0.653 0.528
66.600 7 0.467 0.194 0.653 0.528
66.640 7 0.467 0.194 0.655 0.531
66.680 7 0.467 0.194 0.653 0.528
66.720 7 0.469 0.194 0.658 0.531
66.760 7 0.470 0.194 0.658 0.531
66.800 7 0.469 0.194 0.655 0.528
66.840 7 0.470 0.192 0.661 0.533
66.880 7 0.466 0.192 0.655 0.531
66.920 7 0.472 0.192 0.659 0.531
66.960 7 0.467 0.192 0.656 0.531
67.000 7 0.459 0.183 0.661 0.542
67.040 7 0.473 0.197 0.659 0.528
67.080 7 0.477 0.200 0.662 0.531
67.120 7 0.478 0.200 0.664 0.531
67.160 7 0.481 0.203 0.666 0.533
67.200 7 0.483 0.203 0.669 0.533
67.240 7 0.484 0.203 0.670 0.536
67.280 7 0.484 0.203 0.670 0.536
67.320 7 0.487 0.203 0.673 0.533
67.360 7 0.481 0.203 0.669 0.533
67.400 7 0.484 0.200 0.670 0.533
67.440 7 0.481 0.200 0.666 0.531
67.480 7 0.483 0.197 0.667 0.528
67.520 7 0.480 0.197 0.664 0.525
67.560 7 0.484 0.194 0.669 0.525
67.600 7 0.483 0.194 0.666 0.522
67.640 7 0.484 0.197 0.669 0.528
67.680 7 0.484 0.200 0.670 0.533
67.720 7 0.481 0.200 0.667 0.531
67.760 7 0.484 0.197 0.673 0.533
67.800 7 0.483 0.197 0.672 0.536
67.840 7 0.483 0.197 0.672 0.536
67.880 7 0.483 0.200 0.670 0.536
67.920 7 0.483 0.200 0.670 0.536
67.960 7 0.481 0.200 0.670 0.536
68.000 7 0.495 0.217 0.662 0.517
68.040 7 0.495 0.217 0.664 0.519
68.080 7 0.495 0.217 0.664 0.519
68.120 7 0.494 0.214 0.664 0.519
68.160 7 0.494 0.211 0.662 0.517
68.200 7 0.494 0.211 0.664 0.519
68.240 7 0.489 0.214 0.658 0.517
68.280 7 0.498 0.219 0.664 0.517
68.320 7 0.492 0.219 0.658 0.517
68.360 7 0.498 0.225 0.662 0.517
68.400 7 0.492 0.225 0.655 0.517
68.440 7 0.498 0.228 0.661 0.519
68.480 7 0.492 0.228 0.656 0.519
68.520 7 0.492 0.225 0.658 0.522
68.560 7 0.494 0.225 0.655 0.517
68.600 7 0.494 0.225 0.659 0.522
68.640 7 0.492 0.225 0.658 0.522
68.680 7 0.492 0.225 0.658 0.522
68.720 7 0.494 0.228 0.658 0.522
68.760 7 0.495 0.228 0.661 0.525
68.800 7 0.494 0.228 0.658 0.522
68.840 7 0.498 0.231 0.661 0.519
68.880 7 0.494 0.225 0.659 0.525
68.920 7 0.498 0.225 0.661 0.519
68.960 7 0.495 0.222 0.658 0.514
69.000 7 0.495 0.217 0.662 0.517
69.040 7 0.477 0.197 0.662 0.531
69.080 7 0.477 0.197 0.661 0.528
69.120 7 0.477 0.197 0.661 0.528
69.160 7 0.473 0.197 0.658 0.528
69.200 7 0.475 0.197 0.659 0.528
69.240 7 0.473 0.197 0.658 0.528
69.280 7 0.477 0.197 0.661 0.528
69.320 7 0.473 0.200 0.656 0.525
69.360 7 0.478 0.203 0.659 0.528
69.400 7 0.473 0.203 0.655 0.528
69.440 7 0.480 0.203 0.661 0.525
69.480 7 0.478 0.203 0.661 0.528
69.520 7 0.483 0.203 0.666 0.528
69.560 7 0.478 0.200 0.661 0.528
69.600 7 0.480 0.200 0.666 0.531
69.640 7 0.480 0.197 0.664 0.528
69.680 7 0.478 0.197 0.664 0.528
69.720 7 0.477 0.197 0.662 0.528
69.760 7 0.477 0.194 0.662 0.528
69.800 7 0.478 0.194 0.664 0.528
69.840 7 0.473 0.194 0.659 0.528
69.880 7 0.480 0.194 0.666 0.528
69.920 7 0.472 0.194 0.659 0.528
69.960 7 0.480 0.197 0.666 0.531
70.000 7 0.459 0.183 0.661 0.542
70.040 7 0.469 0.181 0.658 0.517
70.080 7 0.469 0.181 0.656 0.517
70.120 7 0.469 0.183 0.655 0.517
70.160 7 0.469 0.183 0.655 0.517
70.200 7 0.467 0.183 0.653 0.517
70.240 7 0.467 0.183 0.653 0.517
70.280 7 0.464 0.183 0.652 0.517
70.320 7 0.467 0.186 0.652 0.517
70.360 7 0.469 0.189 0.653 0.514
70.400 7 0.467 0.186 0.652 0.514
70.440 7 0.466 0.186 0.650 0.514
70.480 7 0.466 0.189 0.650 0.514
70.520 7 0.464 0.186 0.645 0.511
70.560 7 0.470 0.186 0.655 0.514
70.600 7 0.464 0.189 0.647 0.514
70.640 7 0.469 0.186 0.653 0.514
70.680 7 0.466 0.189 0.647 0.511
70.720 7 0.469 0.183 0.655 0.517
70.760 7 0.467 0.186 0.648 0.511
70.800 7 0.469 0.181 0.656 0.517
70.840 7 0.469 0.183 0.652 0.511
70.880 7 0.469 0.186 0.650 0.511
70.920 7 0.469 0.186 0.650 0.508
70.960 7 0.472 0.189 0.648 0.506
71.000 7 0.477 0.183 0.644 0.483
71.040 7 0.477 0.197 0.645 0.500
71.080 7 0.475 0.197 0.642 0.500
71.120 7 0.478 0.197 0.648 0.503
71.160 7 0.475 0.200 0.642 0.500
71.200 7 0.480 0.200 0.648 0.506
71.240 7 0.475 0.200 0.642 0.500
71.280 7 0.480 0.200 0.647 0.500
71.320 7 0.478 0.203 0.644 0.500
71.360 7 0.480 0.200 0.647 0.500
71.400 7 0.478 0.203 0.644 0.500
71.440 7 0.477 0.200 0.644 0.500
71.480 7 0.475 0.203 0.642 0.500
71.520 7 0.480 0.203 0.645 0.500
71.560 7 0.475 0.203 0.639 0.497
71.600 7 0.480 0.203 0.645 0.500
71.640 7 0.477 0.200 0.644 0.500
71.680 7 0.477 0.200 0.644 0.500
71.720 7 0.478 0.200 0.647 0.500
71.760 7 0.473 0.200 0.642 0.500
71.800 7 0.478 0.200 0.647 0.503
71.840 7 0.473 0.200 0.642 0.503
71.880 7 0.478 0.200 0.647 0.506
71.920 7 0.475 0.197 0.645 0.503
71.960 7 0.473 0.197 0.645 0.506
72.000 7 0.477 0.217 0.644 0.517
72.040 7 0.475 0.203 0.642 0.503
72.080 7 0.475 0.206 0.642 0.503
72.120 7 0.475 0.206 0.641 0.503
72.160 7 0.473 0.206 0.641 0.503
72.200 7 0.473 0.206 0.639 0.503
72.240 7 0.472 0.206 0.639 0.503
72.280 7 0.472 0.206 0.639 0.503
72.320 7 0.472 0.203 0.639 0.503
72.360 7 0.472 0.203 0.637 0.500
72.400 7 0.470 0.200 0.637 0.500
72.440 7 0.470 0.200 0.636 0.497
72.480 7 0.470 0.197 0.636 0.497
72.520 7 0.470 0.194 0.636 0.494
72.560 7 0.469 0.194 0.636 0.494
72.600 7 0.467 0.194 0.634 0.494
72.640 7 0.469 0.194 0.636 0.492
72.680 7 0.464 0.192 0.631 0.494
72.720 7 0.467 0.194 0.634 0.494
72.760 7 0.461 0.192 0.630 0.497
72.800 7 0.466 0.197 0.633 0.497
72.840 7 0.458 0.194 0.628 0.497
72.880 7 0.461 0.194 0.628 0.497
72.920 7 0.458 0.194 0.625 0.497
72.960 7 0.459 0.197 0.627 0.497
73.000 7 0.458 0.183 0.625 0.483
73.040 7 0.455 0.183 0.623 0.486
73.080 7 0.452 0.183 0.619 0.483
73.120 7 0.452 0.183 0.619 0.483
73.160 7 0.452 0.183 0.619 0.483
73.200 7 0.452 0.183 0.619 0.483
73.240 7 0.452 0.183 0.617 0.483
73.280 7 0.450 0.183 0.616 0.481
73.320 7 0.453 0.183 0.619 0.481
73.360 7 0.448 0.183 0.614 0.481
73.400 7 0.450 0.181 0.617 0.481
73.440 7 0.452 0.181 0.619 0.481
73.480 7 0.450 0.181 0.616 0.481
73.520 7 0.447 0.178 0.616 0.481
73.560 7 0.447 0.181 0.614 0.481
73.600 7 0.447 0.183 0.611 0.478
73.640 7 0.445 0.183 0.613 0.481
73.680 7 0.447 0.186 0.611 0.478
73.720 7 0.445 0.186 0.611 0.481
73.760 7 0.445 0.186 0.609 0.481
73.800 7 0.444 0.183 0.611 0.483
73.840 7 0.444 0.183 0.609 0.481
73.880 7 0.447 0.186 0.611 0.481
73.920 7 0.444 0.183 0.608 0.478
73.960 7 0.444 0.183 0.609 0.481
74.000 7 0.439 0.183 0.606 0.483
74.040 7 0.445 0.194 0.613 0.497
74.080 7 0.445 0.194 0.611 0.492
74.120 7 0.447 0.197 0.614 0.494
74.160 7 0.445 0.194 0.613 0.497
74.200 7 0.442 0.194 0.613 0.500
74.240 7 0.444 0.197 0.609 0.494
74.280 7 0.447 0.200 0.611 0.497
74.320 7 0.439 0.197 0.606 0.497
74.360 7 0.445 0.200 0.611 0.497
74.400 7 0.438 0.197 0.606 0.497
74.440 7 0.442 0.197 0.613 0.500
74.480 7 0.438 0.197 0.606 0.500
74.520 7 0.439 0.197 0.609 0.500
74.560 7 0.439 0.197 0.606 0.500
74.600 7 0.438 0.197 0.608 0.500
74.640 7 0.438 0.200 0.606 0.500
74.680 7 0.436 0.197 0.606 0.503
74.720 7 0.434 0.197 0.603 0.503
74.760 7 0.436 0.197 0.605 0.500
74.800 7 0.436 0.200 0.603 0.500
74.840 7 0.436 0.200 0.603 0.500
74.880 7 0.436 0.203 0.602 0.500
74.920 7 0.434 0.203 0.602 0.503
74.960 7 0.434 0.206 0.600 0.503
75.000 7 0.439 0.217 0.606 0.517
75.040 7 0.438 0.206 0.606 0.506
75.080 7 0.438 0.203 0.606 0.506
75.120 7 0.436 0.200 0.608 0.508
75.160 7 0.441 0.203 0.608 0.506
75.200 7 0.436 0.203 0.605 0.506
75.240 7 0.441 0.206 0.606 0.506
75.280 7 0.442 0.206 0.608 0.503
75.320 7 0.444 0.203 0.609 0.500
75.360 7 0.447 0.203 0.611 0.497
75.400 7 0.448 0.200 0.614 0.497
75.440 7 0.448 0.194 0.616 0.494
75.480 7 0.452 0.194 0.616 0.489
75.520 7 0.452 0.192 0.617 0.489
75.560 7 0.453 0.192 0.619 0.489
75.600 7 0.450 0.194 0.613 0.486
75.640 7 0.452 0.192 0.617 0.492
75.680 7 0.447 0.194 0.611 0.489
75.720 7 0.448 0.194 0.616 0.494
75.760 7 0.445 0.197 0.609 0.494
75.800 7 0.445 0.197 0.613 0.494
75.840 7 0.445 0.197 0.611 0.494
75.880 7 0.444 0.194 0.609 0.494
75.920 7 0.442 0.194 0.609 0.494
75.960 7 0.442 0.197 0.606 0.492
76.000 7 0.439 0.183 0.606 0.483
76.040 7 0.439 0.178 0.606 0.478
76.080 7 0.438 0.178 0.605 0.475
76.120 7 0.442 0.181 0.606 0.475
76.160 7 0.438 0.178 0.605 0.478
76.200 7 0.439 0.183 0.602 0.475
76.240 7 0.439 0.181 0.605 0.478
76.280 7 0.439 0.183 0.605 0.478
76.320 7 0.438 0.183 0.605 0.483
76.360 7 0.441 0.186 0.603 0.478
76.400 7 0.438 0.181 0.606 0.483
76.440 7 0.441 0.183 0.608 0.483
76.480 7 0.439 0.181 0.605 0.481
76.520 7 0.439 0.181 0.608 0.483
76.560 7 0.441 0.183 0.606 0.481
76.600 7 0.441 0.181 0.609 0.481
76.640 7 0.444 0.181 0.609 0.478
76.680 7 0.444 0.175 0.611 0.478
76.720 7 0.447 0.178 0.613 0.478
76.760 7 0.444 0.175 0.611 0.475
76.800 7 0.445 0.181 0.613 0.478
76.840 7 0.441 0.183 0.608 0.481
76.880 7 0.444 0.186 0.609 0.483
76.920 7 0.439 0.192 0.603 0.486
76.960 7 0.439 0.189 0.606 0.489
77.000 7 0.439 0.183 0.606 0.483
77.040 7 0.439 0.183 0.606 0.483
77.080 7 0.439 0.183 0.605 0.483
77.120 7 0.431 0.181 0.602 0.486
77.160 7 0.438 0.183 0.603 0.481
77.200 7 0.438 0.186 0.603 0.481
77.240 7 0.438 0.183 0.602 0.481
77.280 7 0.438 0.183 0.602 0.478
77.320 7 0.439 0.178 0.608 0.481
77.360 7 0.438 0.181 0.602 0.475
77.400 7 0.442 0.181 0.606 0.475
77.440 7 0.439 0.178 0.605 0.475
77.480 7 0.439 0.175 0.605 0.472
77.520 7 0.442 0.172 0.609 0.472
80.920 8 0.314 0.283 0.484 0.586
80.960 8 0.309 0.283 0.478 0.583
81.000 8 0.308 0.283 0.477 0.583
81.040 8 0.306 0.275 0.472 0.572
81.080 8 0.306 0.275 0.473 0.572
81.120 8 0.305 0.272 0.472 0.572
81.160 8 0.302 0.272 0.470 0.572
81.200 8 0.300 0.272 0.469 0.572
81.240 8 0.298 0.269 0.467 0.569
81.280 8 0.297 0.269 0.466 0.569
81.320 8 0.295 0.269 0.464 0.567
81.360 8 0.294 0.267 0.463 0.567
81.400 8 0.294 0.267 0.461 0.564
81.440 8 0.294 0.264 0.461 0.561
81.480 8 0.292 0.261 0.461 0.558
81.520 8 0.292 0.258 0.459 0.558
81.560 8 0.289 0.256 0.458 0.556
81.600 8 0.287 0.253 0.456 0.553
81.640 8 0.286 0.247 0.455 0.547
81.680 8 0.284 0.242 0.455 0.544
81.720 8 0.283 0.236 0.452 0.539
81.760 8 0.281 0.233 0.450 0.536
81.800 8 0.278 0.231 0.448 0.533
81.840 8 0.277 0.231 0.445 0.531
81.880 8 0.273 0.228 0.444 0.531
81.920 8 0.272 0.228 0.441 0.528
81.960 8 0.272 0.228 0.441 0.525
82.000 8 0.270 0.217 0.439 0.517
82.040 8 0.269 0.222 0.434 0.519
82.080 8 0.270 0.222 0.436 0.517
82.120 8 0.269 0.219 0.434 0.517
82.160 8 0.269 0.219 0.436 0.517
82.200 8 0.270 0.219 0.436 0.517
82.240 8 0.270 0.219 0.436 0.514
82.280 8 0.272 0.219 0.438 0.514
82.320 8 0.270 0.217 0.436 0.514
82.360 8 0.269 0.217 0.434 0.514
82.400 8 0.266 0.214 0.431 0.511
82.440 8 0.263 0.211 0.427 0.506
82.480 8 0.256 0.206 0.422 0.503
82.520 8 0.250 0.203 0.417 0.500
82.560 8 0.247 0.203 0.411 0.497
82.600 8 0.242 0.206 0.406 0.497
82.640 8 0.239 0.206 0.403 0.500
82.680 8 0.237 0.208 0.402 0.503
82.720 8 0.234 0.208 0.400 0.503
82.760 8 0.233 0.208 0.400 0.506
82.800 8 0.233 0.211 0.398 0.506
82.840 8 0.234 0.214 0.398 0.508
82.880 8 0.234 0.214 0.398 0.508
82.920 8 0.233 0.211 0.400 0.508
82.960 8 0.234 0.214 0.400 0.511
83.000 8 0.234 0.217 0.402 0.517
83.040 8 0.237 0.225 0.402 0.519
83.080 8 0.239 0.225 0.405 0.519
83.120 8 0.241 0.228 0.406 0.522
83.160 8 0.244 0.231 0.408 0.525
83.200 8 0.245 0.233 0.409 0.528
83.240 8 0.248 0.236 0.414 0.531
83.280 8 0.252 0.239 0.417 0.536
83.320 8 0.256 0.244 0.419 0.536
83.360 8 0.259 0.242 0.423 0.539
83.400 8 0.263 0.242 0.428 0.539
83.440 8 0.264 0.239 0.431 0.539
83.480 8 0.270 0.239 0.436 0.533
83.520 8 0.273 0.233 0.439 0.531
83.560 8 0.277 0.228 0.442 0.525
83.600 8 0.278 0.222 0.444 0.517
83.640 8 0.278 0.217 0.445 0.514
83.680 8 0.280 0.211 0.448 0.511
83.720 8 0.277 0.206 0.444 0.508
83.760 8 0.277 0.197 0.448 0.506
83.800 8 0.272 0.194 0.444 0.500
83.840 8 0.273 0.189 0.447 0.497
83.880 8 0.269 0.186 0.442 0.494
83.920 8 0.272 0.181 0.444 0.489
83.960 8 0.270 0.178 0.442 0.483
84.000 8 0.270 0.183 0.439 0.483
84.040 8 0.269 0.183 0.438 0.483
84.080 8 0.264 0.183 0.433 0.483
84.120 8 0.267 0.192 0.433 0.489
84.160 8 0.261 0.200 0.428 0.500
84.200 8 0.256 0.214 0.420 0.506
84.240 8 0.248 0.225 0.409 0.511
84.280 8 0.242 0.231 0.398 0.508
84.320 8 0.239 0.236 0.394 0.511
84.360 8 0.241 0.242 0.394 0.511
84.400 8 0.236 0.242 0.391 0.517
84.440 8 0.245 0.247 0.400 0.522
91.160 9 0.305 0.172 0.486 0.492
91.200 9 0.305 0.169 0.483 0.486
91.240 9 0.303 0.169 0.480 0.483
91.280 9 0.305 0.169 0.478 0.481
91.320 9 0.303 0.169 0.477 0.478
91.360 9 0.298 0.167 0.473 0.475
91.400 9 0.294 0.158 0.473 0.478
91.440 9 0.284 0.156 0.464 0.475
91.480 9 0.273 0.150 0.456 0.475
91.520 9 0.269 0.144 0.455 0.475
91.560 9 0.256 0.142 0.447 0.483
91.600 9 0.261 0.139 0.453 0.481
91.640 9 0.250 0.139 0.442 0.478
91.680 9 0.256 0.133 0.450 0.478
91.720 9 0.247 0.133 0.439 0.475
91.760 9 0.250 0.125 0.448 0.478
91.800 9 0.252 0.125 0.450 0.481
91.840 9 0.253 0.128 0.453 0.483
91.880 9 0.255 0.128 0.456 0.486
91.920 9 0.256 0.131 0.458 0.489
91.960 9 0.256 0.136 0.458 0.494
92.000 9 0.258 0.142 0.459 0.500
92.040 9 0.258 0.142 0.458 0.500
92.080 9 0.259 0.139 0.463 0.500
92.120 9 0.255 0.139 0.456 0.494
92.160 9 0.255 0.128 0.459 0.492
92.200 9 0.255 0.125 0.459 0.492
92.240 9 0.253 0.131 0.455 0.489
92.280 9 0.252 0.133 0.453 0.492
92.320 9 0.252 0.136 0.453 0.497
92.360 9 0.252 0.139 0.455 0.497
92.400 9 0.255 0.139 0.456 0.500
92.440 9 0.258 0.142 0.459 0.500
92.480 9 0.261 0.144 0.461 0.500
92.520 9 0.266 0.139 0.469 0.497
92.560 9 0.269 0.139 0.470 0.500
92.600 9 0.270 0.136 0.473 0.494
92.640 9 0.280 0.133 0.483 0.494
92.680 9 0.284 0.131 0.484 0.486
92.720 9 0.291 0.128 0.494 0.492
92.760 9 0.294 0.131 0.495 0.489
92.800 9 0.297 0.131 0.498 0.492
92.840 9 0.300 0.133 0.502 0.492
92.880 9 0.303 0.133 0.505 0.494
92.920 9 0.305 0.136 0.508 0.497
92.960 9 0.305 0.142 0.508 0.500
93.000 9 0.303 0.142 0.505 0.500
93.040 9 0.298 0.144 0.498 0.500
93.080 9 0.302 0.144 0.503 0.506
93.120 9 0.297 0.153 0.494 0.500
93.160 9 0.297 0.150 0.498 0.508
93.200 9 0.289 0.150 0.494 0.514
93.240 9 0.294 0.153 0.497 0.514
93.280 9 0.294 0.156 0.497 0.517
93.320 9 0.294 0.153 0.502 0.522
93.360 9 0.297 0.158 0.505 0.528
93.400 9 0.300 0.161 0.509 0.533
93.440 9 0.303 0.161 0.512 0.533
93.480 9 0.308 0.167 0.516 0.536
93.520 9 0.309 0.172 0.517 0.542
93.560 9 0.312 0.181 0.520 0.550
93.600 9 0.317 0.189 0.522 0.556
94.480 9 0.302 0.214 0.497 0.561
94.520 9 0.305 0.200 0.498 0.544
94.560 9 0.308 0.186 0.500 0.528
94.600 9 0.311 0.175 0.502 0.514
94.640 9 0.312 0.164 0.503 0.506
94.680 9 0.300 0.153 0.498 0.503
94.720 9 0.298 0.150 0.494 0.500
94.760 9 0.300 0.153 0.491 0.492
94.800 9 0.287 0.150 0.481 0.492
94.840 9 0.287 0.150 0.478 0.489
94.880 9 0.277 0.144 0.469 0.486
94.920 9 0.266 0.150 0.466 0.503
94.960 9 0.259 0.144 0.459 0.500
95.000 9 0.258 0.142 0.459 0.500
95.040 9 0.256 0.133 0.473 0.522
95.080 9 0.253 0.128 0.472 0.517
95.120 9 0.266 0.133 0.483 0.519
95.160 9 0.266 0.128 0.486 0.519
95.200 9 0.270 0.133 0.489 0.522
95.240 9 0.272 0.133 0.491 0.522
95.280 9 0.272 0.128 0.494 0.519
95.320 9 0.275 0.122 0.494 0.511
95.360 9 0.273 0.108 0.495 0.500
95.400 9 0.270 0.097 0.492 0.492
95.440 9 0.269 0.089 0.492 0.489
95.480 9 0.270 0.089 0.491 0.481
95.520 9 0.270 0.086 0.495 0.486
95.560 9 0.273 0.089 0.494 0.483
95.600 9 0.272 0.086 0.497 0.483
95.640 9 0.272 0.081 0.497 0.481
95.680 9 0.270 0.075 0.492 0.472
95.720 9 0.275 0.075 0.495 0.464
95.760 9 0.269 0.072 0.491 0.467
95.800 9 0.275 0.072 0.497 0.467
95.840 9 0.275 0.072 0.497 0.469
95.880 9 0.281 0.069 0.508 0.472
95.920 9 0.281 0.072 0.508 0.475
95.960 9 0.289 0.075 0.516 0.478
96.000 9 0.283 0.075 0.525 0.506
96.040 9 0.284 0.078 0.527 0.508
96.080 9 0.286 0.081 0.527 0.511
96.120 9 0.287 0.086 0.528 0.514
96.160 9 0.280 0.083 0.523 0.517
96.200 9 0.286 0.086 0.528 0.514
96.240 9 0.286 0.086 0.527 0.514
96.280 9 0.287 0.086 0.525 0.511
96.320 9 0.289 0.089 0.527 0.511
96.360 9 0.292 0.089 0.528 0.511
96.400 9 0.295 0.094 0.531 0.514
96.440 9 0.300 0.100 0.536 0.522
96.480 9 0.302 0.106 0.542 0.531
96.520 9 0.303 0.108 0.548 0.542
97.240 9 0.294 0.061 0.528 0.478
97.280 9 0.275 0.056 0.509 0.475
97.320 9 0.270 0.050 0.505 0.469
97.360 9 0.261 0.050 0.494 0.464
97.400 9 0.259 0.050 0.489 0.458
97.440 9 0.256 0.042 0.492 0.461
97.480 9 0.253 0.039 0.492 0.461
97.520 9 0.250 0.036 0.491 0.464
97.560 9 0.255 0.036 0.497 0.467
97.600 9 0.250 0.042 0.489 0.464
97.640 9 0.250 0.042 0.489 0.467
97.680 9 0.247 0.033 0.491 0.467
97.720 9 0.255 0.031 0.498 0.467
97.760 9 0.245 0.033 0.486 0.461
97.800 9 0.253 0.033 0.489 0.456
97.840 9 0.247 0.031 0.486 0.456
97.880 9 0.256 0.033 0.494 0.456
97.920 9 0.258 0.033 0.497 0.458
97.960 9 0.258 0.033 0.498 0.458
98.000 9 0.256 0.028 0.498 0.458
98.040 9 0.261 0.042 0.489 0.447
98.080 9 0.259 0.039 0.484 0.442
98.120 9 0.256 0.036 0.481 0.439
98.160 9 0.255 0.036 0.481 0.439
98.200 9 0.256 0.039 0.480 0.439
98.240 9 0.258 0.042 0.481 0.439
98.280 9 0.259 0.047 0.481 0.442
98.320 9 0.261 0.050 0.483 0.444
98.360 9 0.263 0.053 0.484 0.447
98.400 9 0.261 0.056 0.481 0.447
98.440 9 0.264 0.058 0.483 0.450
98.480 9 0.264 0.064 0.484 0.453
98.520 9 0.267 0.067 0.484 0.453
98.560 9 0.270 0.064 0.487 0.453
98.600 9 0.272 0.064 0.487 0.447
98.640 9 0.273 0.061 0.491 0.444
98.680 9 0.277 0.061 0.492 0.447
98.720 9 0.280 0.061 0.500 0.453
98.760 9 0.284 0.058 0.505 0.453
98.800 9 0.281 0.061 0.503 0.453
98.840 9 0.291 0.064 0.511 0.456
98.880 9 0.287 0.069 0.508 0.461
98.920 9 0.292 0.072 0.514 0.464
98.960 9 0.289 0.078 0.509 0.467
99.000 9 0.303 0.103 0.505 0.461
99.040 9 0.298 0.106 0.498 0.461
99.080 10 0.495 0.200 0.552 0.300
99.120 10 0.494 0.200 0.548 0.297
99.160 10 0.497 0.200 0.552 0.297
99.200 10 0.495 0.200 0.550 0.297
99.240 10 0.495 0.200 0.550 0.297
99.280 10 0.497 0.200 0.552 0.300
99.320 10 0.494 0.200 0.548 0.300
99.360 10 0.495 0.200 0.550 0.297
99.400 10 0.494 0.200 0.550 0.297
99.440 10 0.495 0.197 0.550 0.292
99.480 10 0.497 0.194 0.552 0.289
99.520 10 0.498 0.192 0.552 0.286
99.560 10 0.502 0.194 0.555 0.289
99.600 10 0.503 0.194 0.558 0.292
99.640 10 0.505 0.197 0.559 0.294
99.680 10 0.506 0.203 0.561 0.297
99.720 10 0.508 0.206 0.562 0.303
99.760 10 0.506 0.208 0.561 0.306
99.800 10 0.508 0.208 0.564 0.308
99.840 10 0.506 0.211 0.562 0.311
99.880 10 0.509 0.211 0.566 0.311
99.920 10 0.508 0.214 0.564 0.314
99.960 10 0.508 0.217 0.564 0.317
100.000 10 0.508 0.217 0.564 0.317
100.040 10 0.509 0.217 0.566 0.317
100.080 10 0.509 0.219 0.566 0.319
100.120 10 0.508 0.222 0.564 0.319
100.160 10 0.506 0.225 0.562 0.322
100.200 10 0.503 0.225 0.561 0.325
100.240 10 0.502 0.225 0.558 0.325
100.280 10 0.500 0.225 0.556 0.325
100.320 10 0.498 0.222 0.555 0.322
100.360 10 0.495 0.219 0.553 0.322
100.400 10 0.492 0.217 0.550 0.319
100.440 10 0.489 0.214 0.547 0.317
100.480 10 0.487 0.211 0.544 0.311
100.520 10 0.483 0.208 0.541 0.308
100.560 10 0.480 0.206 0.537 0.306
100.600 10 0.478 0.203 0.534 0.303
100.640 10 0.475 0.203 0.533 0.303
100.680 10 0.473 0.203 0.528 0.303
100.720 10 0.470 0.206 0.528 0.308
100.760 10 0.469 0.208 0.525 0.311
100.800 10 0.469 0.211 0.525 0.311
100.840 10 0.467 0.214 0.523 0.314
100.880 10 0.469 0.217 0.525 0.317
100.920 10 0.467 0.217 0.523 0.317
100.960 10 0.469 0.217 0.523 0.317
101.000 10 0.470 0.217 0.527 0.317
101.040 10 0.472 0.214 0.528 0.314
101.080 10 0.472 0.217 0.528 0.317
101.120 10 0.473 0.217 0.530 0.317
101.160 10 0.472 0.217 0.530 0.317
101.200 10 0.475 0.217 0.533 0.319
101.240 10 0.477 0.214 0.536 0.317
101.280 10 0.478 0.208 0.536 0.314
101.320 10 0.480 0.206 0.539 0.311
101.360 10 0.483 0.206 0.541 0.306
101.400 10 0.484 0.203 0.542 0.306
101.440 10 0.486 0.203 0.544 0.303
101.480 10 0.484 0.203 0.542 0.306
101.520 10 0.487 0.203 0.545 0.306
101.560 10 0.486 0.206 0.544 0.308
101.600 10 0.489 0.206 0.547 0.308
101.640 10 0.486 0.206 0.545 0.308
101.680 10 0.487 0.206 0.545 0.308
101.720 10 0.487 0.203 0.545 0.306
101.760 10 0.487 0.203 0.545 0.306
101.800 10 0.487 0.203 0.545 0.306
101.840 10 0.487 0.206 0.544 0.306
101.880 10 0.484 0.206 0.542 0.306
101.920 10 0.486 0.206 0.542 0.306
101.960 10 0.484 0.208 0.541 0.308
102.000 10 0.483 0.206 0.539 0.306
102.040 10 0.481 0.211 0.536 0.308
102.080 10 0.480 0.211 0.534 0.306
102.120 10 0.478 0.206 0.533 0.306
102.160 10 0.475 0.203 0.530 0.300
102.200 10 0.473 0.197 0.528 0.294
102.240 10 0.470 0.192 0.525 0.289
102.280 10 0.467 0.189 0.523 0.286
102.320 10 0.466 0.183 0.522 0.283
102.360 10 0.464 0.183 0.519 0.281
102.400 10 0.463 0.183 0.519 0.281
102.440 10 0.461 0.183 0.517 0.283
102.480 10 0.461 0.183 0.516 0.281
102.520 10 0.459 0.183 0.516 0.283
102.560 10 0.456 0.183 0.514 0.283
102.600 10 0.456 0.183 0.514 0.286
102.640 10 0.456 0.186 0.514 0.289
102.680 10 0.456 0.189 0.514 0.289
102.720 10 0.458 0.192 0.514 0.292
102.760 10 0.458 0.194 0.514 0.294
102.800 10 0.458 0.197 0.516 0.300
102.840 10 0.459 0.200 0.517 0.303
102.880 10 0.459 0.203 0.517 0.306
102.920 10 0.459 0.206 0.517 0.308
102.960 10 0.463 0.206 0.520 0.308
103.000 10 0.464 0.206 0.520 0.306
103.040 10 0.466 0.208 0.520 0.303
103.080 10 0.469 0.206 0.522 0.303
103.120 10 0.469 0.206 0.523 0.303
103.160 10 0.469 0.206 0.523 0.303
103.200 10 0.469 0.206 0.525 0.303
103.240 10 0.469 0.206 0.525 0.306
103.280 10 0.469 0.206 0.525 0.303
103.320 10 0.470 0.203 0.527 0.303
103.360 10 0.470 0.203 0.527 0.303
103.400 10 0.470 0.203 0.527 0.303
103.440 10 0.469 0.206 0.525 0.303
103.480 10 0.469 0.206 0.525 0.306
103.520 10 0.469 0.208 0.525 0.306
103.560 10 0.469 0.208 0.525 0.308
103.600 10 0.467 0.211 0.523 0.311
103.640 10 0.464 0.214 0.522 0.314
103.680 10 0.464 0.214 0.520 0.314
103.720 10 0.459 0.211 0.517 0.314
103.760 10 0.459 0.208 0.517 0.311
103.800 10 0.456 0.206 0.514 0.308
103.840 10 0.453 0.203 0.511 0.306
103.880 10 0.450 0.200 0.508 0.303
103.920 10 0.448 0.197 0.508 0.300
103.960 10 0.447 0.194 0.505 0.300
104.000 10 0.445 0.194 0.502 0.294
104.040 10 0.444 0.189 0.500 0.289
104.080 10 0.442 0.186 0.498 0.286
104.120 10 0.442 0.183 0.498 0.286
104.160 10 0.441 0.183 0.498 0.286
104.200 10 0.442 0.186 0.500 0.289
104.240 10 0.442 0.189 0.500 0.292
104.280 10 0.442 0.192 0.500 0.294
104.320 10 0.441 0.197 0.500 0.303
104.360 10 0.439 0.203 0.498 0.308
104.400 10 0.439 0.206 0.498 0.311
104.440 10 0.438 0.208 0.497 0.314
104.480 10 0.438 0.211 0.497 0.314
104.520 10 0.439 0.211 0.498 0.317
104.560 10 0.439 0.214 0.498 0.319
104.600 10 0.442 0.214 0.500 0.317
104.640 10 0.444 0.211 0.502 0.314
104.680 10 0.445 0.206 0.503 0.311
104.720 10 0.447 0.203 0.505 0.306
104.760 10 0.448 0.200 0.505 0.300
104.800 10 0.450 0.197 0.508 0.300
104.840 10 0.450 0.197 0.506 0.300
104.880 10 0.452 0.197 0.509 0.300
104.920 10 0.452 0.200 0.508 0.303
104.960 10 0.452 0.203 0.508 0.306
105.000 10 0.452 0.206 0.508 0.306
105.040 10 0.453 0.214 0.505 0.308
105.080 10 0.452 0.217 0.505 0.311
105.120 10 0.450 0.219 0.503 0.314
105.160 10 0.448 0.225 0.502 0.319
105.200 10 0.448 0.228 0.500 0.322
105.240 10 0.445 0.228 0.498 0.325
105.280 10 0.444 0.231 0.497 0.328
105.320 10 0.442 0.233 0.495 0.328
105.360 10 0.439 0.236 0.492 0.331
105.400 10 0.438 0.233 0.491 0.331
105.440 10 0.433 0.231 0.487 0.328
105.480 10 0.431 0.225 0.486 0.325
105.520 10 0.425 0.219 0.481 0.319
105.560 10 0.420 0.217 0.478 0.317
105.600 10 0.417 0.214 0.475 0.317
105.640 10 0.414 0.217 0.473 0.319
105.680 10 0.414 0.219 0.470 0.319
105.720 10 0.412 0.222 0.469 0.322
105.760 10 0.412 0.225 0.469 0.325
105.800 10 0.414 0.228 0.469 0.325
105.840 10 0.412 0.228 0.469 0.325
105.880 10 0.414 0.225 0.469 0.325
105.920 10 0.414 0.225 0.469 0.325
105.960 10 0.414 0.225 0.470 0.325
106.000 10 0.414 0.228 0.470 0.328
106.040 10 0.414 0.222 0.475 0.331
106.080 10 0.416 0.222 0.477 0.331
106.120 10 0.417 0.225 0.478 0.333
106.160 10 0.419 0.225 0.478 0.333
106.200 10 0.420 0.225 0.480 0.333
106.240 10 0.423 0.222 0.483 0.331
106.280 10 0.427 0.219 0.486 0.325
106.320 10 0.430 0.214 0.489 0.319
106.360 10 0.433 0.206 0.492 0.311
106.400 10 0.434 0.200 0.494 0.306
106.440 10 0.436 0.197 0.497 0.303
106.480 10 0.441 0.192 0.502 0.300
106.520 10 0.442 0.192 0.503 0.300
106.560 10 0.444 0.192 0.505 0.300
106.600 10 0.445 0.194 0.506 0.300
106.640 10 0.447 0.194 0.508 0.303
106.680 10 0.448 0.194 0.508 0.303
106.720 10 0.448 0.197 0.509 0.303
106.760 10 0.450 0.200 0.511 0.306
106.800 10 0.448 0.200 0.509 0.308
106.840 10 0.450 0.203 0.511 0.311
106.880 10 0.448 0.206 0.509 0.314
106.920 10 0.448 0.208 0.509 0.317
106.960 10 0.447 0.208 0.509 0.319
107.000 10 0.445 0.206 0.512 0.325
107.040 10 0.442 0.208 0.509 0.328
107.080 10 0.441 0.208 0.508 0.328
107.120 10 0.438 0.206 0.505 0.328
107.160 10 0.436 0.203 0.505 0.325
107.200 10 0.434 0.200 0.502 0.319
107.240 10 0.431 0.197 0.500 0.317
107.280 10 0.430 0.194 0.498 0.314
107.320 10 0.428 0.192 0.495 0.311
107.360 10 0.427 0.189 0.495 0.311
107.400 10 0.425 0.189 0.494 0.311
107.440 10 0.423 0.189 0.492 0.311
107.480 10 0.423 0.189 0.494 0.311
107.520 10 0.422 0.189 0.491 0.314
107.560 10 0.422 0.189 0.492 0.314
107.600 10 0.420 0.189 0.489 0.314
107.640 10 0.422 0.192 0.491 0.314
107.680 10 0.420 0.192 0.489 0.317
107.720 10 0.420 0.192 0.491 0.317
107.760 10 0.420 0.194 0.489 0.317
107.800 10 0.422 0.194 0.492 0.317
107.840 10 0.425 0.192 0.494 0.317
107.880 10 0.428 0.194 0.497 0.317
107.920 10 0.433 0.197 0.500 0.317
107.960 10 0.436 0.200 0.503 0.322
108.000 10 0.438 0.206 0.505 0.325
108.040 10 0.438 0.203 0.514 0.339
108.080 10 0.441 0.203 0.517 0.339
108.120 10 0.444 0.200 0.519 0.336
108.160 10 0.447 0.200 0.523 0.336
108.200 10 0.447 0.197 0.523 0.333
108.240 10 0.448 0.197 0.525 0.333
108.280 10 0.448 0.200 0.525 0.333
108.320 10 0.450 0.200 0.527 0.336
108.360 10 0.448 0.197 0.527 0.336
108.400 10 0.448 0.197 0.525 0.336
108.440 10 0.448 0.200 0.527 0.336
108.480 10 0.447 0.200 0.523 0.336
108.520 10 0.447 0.200 0.523 0.336
108.560 10 0.445 0.200 0.522 0.336
108.600 10 0.444 0.203 0.520 0.339
108.640 10 0.444 0.206 0.519 0.339
108.680 10 0.441 0.206 0.517 0.339
108.720 10 0.439 0.206 0.516 0.342
108.760 10 0.436 0.208 0.514 0.344
108.800 10 0.433 0.211 0.511 0.347
108.840 10 0.430 0.211 0.508 0.350
108.880 10 0.425 0.211 0.503 0.347
108.920 10 0.423 0.206 0.502 0.344
108.960 10 0.419 0.203 0.495 0.339
109.000 10 0.417 0.200 0.498 0.344
109.040 10 0.412 0.194 0.494 0.339
109.080 10 0.409 0.192 0.489 0.333
109.120 10 0.405 0.186 0.486 0.333
109.160 10 0.403 0.186 0.484 0.331
109.200 10 0.398 0.183 0.481 0.328
109.240 10 0.400 0.183 0.483 0.331
109.280 10 0.398 0.183 0.480 0.331
109.320 10 0.400 0.186 0.481 0.331
109.360 10 0.398 0.189 0.480 0.333
109.400 10 0.398 0.194 0.480 0.339
109.440 10 0.397 0.197 0.480 0.342
109.480 10 0.398 0.200 0.480 0.347
109.520 10 0.398 0.206 0.480 0.350
109.560 10 0.398 0.208 0.481 0.356
109.600 10 0.398 0.214 0.483 0.361
109.640 10 0.398 0.217 0.484 0.369
109.680 10 0.400 0.222 0.484 0.372
109.720 10 0.402 0.228 0.487 0.381
109.760 10 0.405 0.233 0.489 0.386
109.800 10 0.408 0.239 0.492 0.389
109.840 10 0.412 0.244 0.495 0.394
109.880 10 0.417 0.242 0.502 0.392
109.920 10 0.419 0.236 0.503 0.389
109.960 10 0.423 0.233 0.508 0.383
110.000 10 0.427 0.231 0.508 0.375
110.040 10 0.428 0.225 0.516 0.381
110.080 10 0.433 0.222 0.520 0.378
110.120 10 0.434 0.217 0.527 0.381
110.160 10 0.439 0.219 0.528 0.378
110.200 10 0.441 0.222 0.530 0.381
110.240 10 0.445 0.222 0.534 0.381
110.280 10 0.445 0.225 0.534 0.383
110.320 10 0.447 0.225 0.536 0.383
110.360 10 0.447 0.228 0.534 0.383
110.400 10 0.447 0.228 0.536 0.383
110.440 10 0.447 0.228 0.534 0.383
110.480 10 0.447 0.228 0.533 0.383
110.520 10 0.445 0.228 0.534 0.386
110.560 10 0.444 0.231 0.533 0.386
110.600 10 0.444 0.231 0.531 0.386
110.640 10 0.444 0.231 0.531 0.386
110.680 10 0.442 0.233 0.530 0.389
110.720 10 0.442 0.233 0.530 0.392
110.760 10 0.441 0.236 0.530 0.394
110.800 10 0.439 0.239 0.528 0.397
110.840 10 0.436 0.236 0.527 0.397
110.880 10 0.436 0.236 0.528 0.397
110.920 10 0.430 0.231 0.522 0.394
110.960 10 0.430 0.228 0.523 0.392
111.000 10 0.427 0.222 0.523 0.394
111.040 10 0.423 0.214 0.517 0.381
111.080 10 0.422 0.211 0.516 0.378
111.120 10 0.417 0.208 0.512 0.375
111.160 10 0.416 0.206 0.509 0.369
111.200 10 0.412 0.203 0.505 0.369
111.240 10 0.409 0.200 0.503 0.367
111.280 10 0.406 0.200 0.500 0.367
111.320 10 0.402 0.197 0.495 0.364
111.360 10 0.397 0.194 0.492 0.364
111.400 10 0.395 0.194 0.491 0.364
111.440 10 0.392 0.194 0.487 0.364
111.480 10 0.394 0.200 0.487 0.364
111.520 10 0.391 0.197 0.484 0.367
111.560 10 0.392 0.197 0.487 0.367
111.600 10 0.391 0.197 0.487 0.367
111.640 10 0.392 0.194 0.489 0.367
111.680 10 0.391 0.197 0.486 0.367
111.720 10 0.392 0.197 0.489 0.369
111.760 10 0.391 0.200 0.487 0.369
111.800 10 0.394 0.200 0.491 0.369
111.840 10 0.394 0.200 0.491 0.369
111.880 10 0.395 0.197 0.494 0.372
111.920 10 0.398 0.194 0.497 0.369
111.960 10 0.400 0.194 0.498 0.369
112.000 10 0.405 0.183 0.502 0.356
112.040 10 0.406 0.178 0.502 0.347
112.080 10 0.409 0.178 0.505 0.347
112.120 10 0.409 0.181 0.503 0.350
112.160 10 0.408 0.189 0.503 0.356
112.200 10 0.406 0.194 0.502 0.364
112.240 10 0.405 0.200 0.500 0.367
112.280 10 0.409 0.203 0.502 0.367
112.320 10 0.408 0.200 0.500 0.367
112.360 10 0.406 0.200 0.500 0.364
112.400 10 0.409 0.200 0.503 0.364
112.440 10 0.408 0.200 0.500 0.364
112.480 10 0.409 0.197 0.503 0.364
112.520 10 0.406 0.197 0.500 0.361
112.560 10 0.408 0.197 0.500 0.361
112.600 10 0.406 0.194 0.498 0.358
112.640 10 0.405 0.192 0.497 0.356
112.680 10 0.405 0.192 0.495 0.353
112.720 10 0.405 0.194 0.494 0.353
112.760 10 0.403 0.194 0.494 0.356
112.800 10 0.403 0.197 0.492 0.356
112.840 10 0.402 0.200 0.492 0.358
112.880 10 0.402 0.203 0.491 0.361
112.920 10 0.400 0.206 0.491 0.364
112.960 10 0.400 0.206 0.491 0.367
113.000 10 0.394 0.203 0.491 0.375
113.040 10 0.391 0.203 0.489 0.378
113.080 10 0.392 0.206 0.489 0.378
113.120 10 0.392 0.206 0.489 0.378
113.160 10 0.394 0.208 0.489 0.378
113.200 10 0.394 0.211 0.489 0.381
113.240 10 0.395 0.211 0.489 0.381
113.280 10 0.395 0.214 0.491 0.381
113.320 10 0.400 0.214 0.492 0.381
113.360 10 0.397 0.211 0.491 0.381
113.400 10 0.400 0.214 0.494 0.378
113.440 10 0.398 0.211 0.492 0.378
113.480 10 0.398 0.214 0.492 0.381
113.520 10 0.398 0.214 0.492 0.381
113.560 10 0.400 0.214 0.494 0.381
113.600 10 0.400 0.214 0.494 0.381
113.640 10 0.400 0.217 0.494 0.381
113.680 10 0.400 0.217 0.494 0.383
113.720 10 0.400 0.217 0.494 0.383
113.760 10 0.400 0.217 0.494 0.383
128.360 11 0.291 0.183 0.530 0.606
128.400 11 0.300 0.183 0.541 0.608
128.440 11 0.295 0.183 0.534 0.608
128.480 11 0.294 0.183 0.534 0.608
128.520 11 0.298 0.183 0.541 0.611
128.560 11 0.294 0.183 0.533 0.608
128.600 11 0.297 0.186 0.537 0.611
128.640 11 0.289 0.186 0.530 0.611
128.680 11 0.287 0.181 0.536 0.619
128.720 11 0.283 0.186 0.528 0.619
128.760 11 0.275 0.183 0.520 0.614
128.800 11 0.277 0.186 0.523 0.619
128.840 11 0.266 0.183 0.508 0.614
128.880 11 0.263 0.183 0.503 0.608
128.920 11 0.261 0.181 0.500 0.606
128.960 11 0.258 0.178 0.498 0.603
129.000 11 0.256 0.172 0.498 0.600
129.040 11 0.261 0.158 0.508 0.594
129.080 11 0.255 0.156 0.503 0.592
129.120 11 0.259 0.153 0.509 0.594
129.160 11 0.250 0.144 0.506 0.600
129.200 11 0.259 0.153 0.512 0.600
129.240 11 0.253 0.158 0.505 0.603
129.280 11 0.261 0.158 0.516 0.608
129.320 11 0.250 0.158 0.505 0.608
129.360 11 0.259 0.164 0.512 0.611
129.400 11 0.250 0.167 0.503 0.614
129.440 11 0.259 0.169 0.512 0.617
129.480 11 0.250 0.169 0.502 0.617
129.520 11 0.255 0.172 0.506 0.617
129.560 11 0.255 0.172 0.506 0.617
129.600 11 0.261 0.172 0.509 0.614
129.640 11 0.259 0.169 0.511 0.614
129.680 11 0.264 0.172 0.512 0.611
129.720 11 0.266 0.172 0.514 0.611
129.760 11 0.267 0.172 0.514 0.611
129.800 11 0.269 0.175 0.516 0.608
129.840 11 0.270 0.175 0.516 0.608
129.880 11 0.272 0.175 0.517 0.608
129.920 11 0.273 0.175 0.519 0.608
129.960 11 0.275 0.178 0.519 0.608
130.000 11 0.283 0.172 0.525 0.600
130.040 11 0.277 0.172 0.522 0.606
130.080 11 0.283 0.172 0.530 0.608
130.120 11 0.280 0.172 0.527 0.606
130.160 11 0.287 0.175 0.533 0.608
130.200 11 0.284 0.175 0.530 0.608
130.240 11 0.291 0.175 0.534 0.606
130.280 11 0.291 0.172 0.537 0.608
130.320 11 0.294 0.175 0.537 0.603
130.360 11 0.300 0.178 0.539 0.603
130.400 11 0.295 0.178 0.536 0.603
130.440 11 0.302 0.178 0.542 0.603
130.480 11 0.294 0.178 0.536 0.606
130.520 11 0.297 0.181 0.533 0.600
130.560 11 0.298 0.178 0.537 0.603
130.600 11 0.291 0.178 0.531 0.603
130.640 11 0.294 0.181 0.534 0.606
130.680 11 0.289 0.178 0.531 0.606
130.720 11 0.291 0.181 0.530 0.603
130.760 11 0.294 0.178 0.534 0.606
130.800 11 0.295 0.181 0.533 0.603
130.840 11 0.295 0.181 0.533 0.600
130.880 11 0.294 0.178 0.531 0.600
130.920 11 0.292 0.178 0.530 0.597
130.960 11 0.289 0.175 0.528 0.597
131.000 11 0.283 0.172 0.525 0.600
131.040 11 0.278 0.172 0.522 0.603
131.080 11 0.277 0.169 0.520 0.600
131.120 11 0.272 0.164 0.517 0.597
131.160 11 0.267 0.161 0.514 0.597
131.200 11 0.258 0.156 0.508 0.597
131.240 11 0.259 0.153 0.508 0.592
131.280 11 0.252 0.147 0.502 0.589
131.320 11 0.252 0.142 0.505 0.586
131.360 11 0.252 0.133 0.509 0.589
131.400 11 0.245 0.131 0.505 0.589
131.440 11 0.250 0.131 0.512 0.592
131.480 11 0.245 0.131 0.503 0.586
131.520 11 0.250 0.139 0.505 0.586
131.560 11 0.247 0.142 0.498 0.586
131.600 11 0.250 0.144 0.502 0.592
131.640 11 0.248 0.147 0.502 0.592
131.680 11 0.252 0.147 0.505 0.594
131.720 11 0.245 0.147 0.498 0.594
131.760 11 0.248 0.150 0.502 0.594
131.800 11 0.245 0.153 0.498 0.597
131.840 11 0.248 0.156 0.500 0.597
131.880 11 0.245 0.156 0.497 0.600
131.920 11 0.253 0.158 0.503 0.600
131.960 11 0.250 0.161 0.498 0.600
132.000 11 0.256 0.172 0.498 0.600
132.040 11 0.264 0.178 0.503 0.597
132.080 11 0.261 0.175 0.505 0.606
132.120 11 0.259 0.172 0.503 0.603
132.160 11 0.261 0.169 0.505 0.603
132.200 11 0.261 0.175 0.502 0.600
132.240 11 0.261 0.175 0.502 0.600
132.280 11 0.259 0.172 0.502 0.603
132.320 11 0.256 0.169 0.502 0.603
132.360 11 0.255 0.169 0.498 0.600
132.400 11 0.252 0.169 0.497 0.600
132.440 11 0.250 0.167 0.495 0.603
132.480 11 0.248 0.169 0.494 0.603
132.520 11 0.247 0.169 0.492 0.603
132.560 11 0.245 0.169 0.492 0.606
132.600 11 0.245 0.175 0.487 0.603
132.640 11 0.245 0.175 0.491 0.608
132.680 11 0.241 0.172 0.487 0.608
132.720 11 0.245 0.175 0.491 0.608
132.760 11 0.237 0.172 0.483 0.606
132.800 11 0.247 0.169 0.495 0.606
132.840 11 0.234 0.164 0.483 0.603
132.880 11 0.247 0.169 0.492 0.603
132.920 11 0.247 0.167 0.491 0.600
132.960 11 0.248 0.167 0.495 0.600
133.000 11 0.256 0.172 0.498 0.600
133.040 11 0.259 0.164 0.503 0.594
133.080 11 0.261 0.164 0.506 0.597
133.120 11 0.263 0.167 0.508 0.597
133.160 11 0.266 0.167 0.509 0.597
133.200 11 0.267 0.167 0.511 0.597
133.240 11 0.269 0.167 0.514 0.597
133.280 11 0.270 0.161 0.522 0.603
133.320 11 0.272 0.164 0.519 0.600
133.360 11 0.275 0.167 0.520 0.600
133.400 11 0.275 0.167 0.520 0.600
133.440 11 0.277 0.169 0.520 0.600
133.480 11 0.277 0.169 0.520 0.600
133.520 11 0.278 0.172 0.520 0.603
133.560 11 0.280 0.178 0.520 0.603
133.600 11 0.280 0.178 0.520 0.603
133.640 11 0.280 0.178 0.520 0.603
133.680 11 0.281 0.178 0.522 0.603
133.720 11 0.281 0.178 0.522 0.603
133.760 11 0.280 0.181 0.519 0.603
133.800 11 0.283 0.181 0.522 0.603
133.840 11 0.281 0.181 0.519 0.603
133.880 11 0.287 0.183 0.527 0.606
133.920 11 0.281 0.183 0.519 0.603
133.960 11 0.286 0.181 0.527 0.606
134.000 11 0.283 0.172 0.525 0.600
134.040 11 0.291 0.169 0.534 0.603
134.080 11 0.291 0.169 0.534 0.603
134.120 11 0.292 0.172 0.534 0.603
134.160 11 0.291 0.175 0.531 0.600
134.200 11 0.294 0.175 0.534 0.600
134.240 11 0.295 0.172 0.536 0.600
134.280 11 0.297 0.175 0.536 0.600
134.320 11 0.292 0.169 0.536 0.603
134.360 11 0.294 0.169 0.536 0.600
134.400 11 0.295 0.172 0.536 0.600
134.440 11 0.295 0.172 0.536 0.600
134.480 11 0.295 0.172 0.536 0.600
134.520 11 0.297 0.172 0.536 0.597
134.560 11 0.298 0.175 0.537 0.597
134.600 11 0.298 0.175 0.537 0.597
134.640 11 0.302 0.178 0.537 0.597
134.680 11 0.303 0.181 0.537 0.597
134.720 11 0.305 0.181 0.539 0.597
134.760 11 0.305 0.181 0.539 0.597
134.800 11 0.300 0.178 0.536 0.597
134.840 11 0.309 0.186 0.539 0.594
134.880 11 0.303 0.186 0.534 0.597
134.920 11 0.306 0.181 0.542 0.600
134.960 11 0.305 0.181 0.539 0.600
135.000 11 0.308 0.181 0.544 0.600
135.040 11 0.306 0.183 0.541 0.597
135.080 11 0.306 0.183 0.541 0.597
135.120 11 0.308 0.181 0.544 0.600
135.160 11 0.300 0.178 0.542 0.606
135.200 11 0.300 0.175 0.542 0.606
135.240 11 0.297 0.178 0.537 0.603
135.280 11 0.297 0.178 0.537 0.606
135.320 11 0.297 0.181 0.537 0.606
135.360 11 0.297 0.181 0.536 0.606
135.400 11 0.302 0.181 0.544 0.606
135.440 11 0.297 0.178 0.537 0.603
135.480 11 0.302 0.175 0.545 0.606
135.520 11 0.300 0.175 0.542 0.606
135.560 11 0.302 0.178 0.542 0.603
135.600 11 0.302 0.175 0.544 0.603
135.640 11 0.302 0.172 0.544 0.603
135.680 11 0.303 0.172 0.544 0.600
135.720 11 0.303 0.172 0.545 0.600
135.760 11 0.305 0.172 0.545 0.597
135.800 11 0.308 0.172 0.547 0.597
135.840 11 0.300 0.169 0.542 0.597
135.880 11 0.305 0.164 0.552 0.603
135.920 11 0.302 0.169 0.544 0.597
135.960 11 0.300 0.169 0.541 0.600
136.000 11 0.311 0.172 0.552 0.600
136.040 11 0.298 0.178 0.542 0.608
136.080 11 0.302 0.178 0.545 0.608
136.120 11 0.298 0.175 0.544 0.611
136.160 11 0.303 0.175 0.550 0.611
136.200 11 0.297 0.172 0.545 0.614
136.240 11 0.303 0.175 0.552 0.617
136.280 11 0.295 0.172 0.545 0.614
136.320 11 0.302 0.178 0.545 0.608
136.360 11 0.302 0.178 0.545 0.608
136.400 11 0.298 0.178 0.542 0.608
136.440 11 0.300 0.175 0.545 0.608
136.480 11 0.298 0.175 0.544 0.611
136.520 11 0.295 0.172 0.544 0.611
136.560 11 0.295 0.172 0.545 0.614
136.600 11 0.294 0.175 0.537 0.608
136.640 11 0.292 0.175 0.534 0.606
136.680 11 0.292 0.175 0.534 0.606
136.720 11 0.292 0.175 0.533 0.603
136.760 11 0.291 0.172 0.533 0.603
136.800 11 0.291 0.172 0.533 0.603
136.840 11 0.294 0.178 0.530 0.594
136.880 11 0.291 0.172 0.528 0.594
136.920 11 0.294 0.172 0.531 0.594
136.960 11 0.291 0.167 0.531 0.594
137.000 11 0.283 0.172 0.525 0.600
137.040 11 0.300 0.200 0.525 0.597
137.080 11 0.295 0.203 0.522 0.603
137.120 11 0.302 0.206 0.527 0.603
137.160 11 0.294 0.206 0.520 0.608
137.200 11 0.297 0.208 0.522 0.606
137.240 11 0.291 0.208 0.514 0.603
137.280 11 0.295 0.211 0.519 0.606
137.320 11 0.291 0.214 0.512 0.606
137.360 11 0.292 0.214 0.516 0.608
137.400 11 0.292 0.214 0.516 0.611
137.440 11 0.294 0.214 0.516 0.608
137.480 11 0.294 0.214 0.516 0.608
137.520 11 0.295 0.214 0.519 0.608
137.560 11 0.295 0.211 0.519 0.608
137.600 11 0.298 0.214 0.522 0.608
137.640 11 0.292 0.214 0.516 0.608
137.680 11 0.294 0.217 0.514 0.608
137.720 11 0.294 0.219 0.512 0.606
137.760 11 0.295 0.219 0.516 0.608
137.800 11 0.292 0.214 0.512 0.606
137.840 11 0.297 0.214 0.517 0.606
137.880 11 0.298 0.208 0.520 0.600
137.920 11 0.302 0.208 0.520 0.594
137.960 11 0.302 0.206 0.522 0.594
138.000 11 0.295 0.203 0.517 0.597
138.040 11 0.297 0.203 0.520 0.603
138.080 11 0.297 0.206 0.522 0.603
138.120 11 0.298 0.208 0.522 0.606
138.160 11 0.300 0.214 0.522 0.608
138.200 11 0.300 0.214 0.522 0.608
138.240 11 0.302 0.217 0.522 0.608
138.280 11 0.303 0.219 0.523 0.608
138.320 11 0.306 0.219 0.523 0.606
138.360 11 0.308 0.219 0.528 0.608
138.400 11 0.309 0.217 0.530 0.608
138.440 11 0.309 0.217 0.531 0.608
138.480 11 0.311 0.217 0.533 0.611
138.520 11 0.312 0.219 0.534 0.611
138.560 11 0.314 0.222 0.536 0.614
138.600 11 0.316 0.225 0.536 0.614
138.640 11 0.316 0.225 0.536 0.617
138.680 11 0.314 0.225 0.536 0.617
138.720 11 0.316 0.225 0.536 0.617
138.760 11 0.312 0.225 0.533 0.614
138.800 11 0.314 0.228 0.534 0.617
138.840 11 0.316 0.225 0.536 0.614
138.880 11 0.317 0.225 0.536 0.614
138.920 11 0.314 0.225 0.533 0.611
138.960 11 0.317 0.225 0.537 0.614
139.000 11 0.314 0.222 0.534 0.611
139.040 11 0.312 0.217 0.533 0.608
139.080 11 0.308 0.211 0.531 0.606
139.120 11 0.305 0.211 0.528 0.606
139.160 11 0.297 0.206 0.520 0.606
139.200 11 0.289 0.208 0.514 0.608
139.240 11 0.291 0.211 0.519 0.614
139.280 11 0.287 0.219 0.509 0.614
139.320 11 0.291 0.222 0.514 0.617
139.360 11 0.283 0.225 0.508 0.619
139.400 11 0.284 0.222 0.508 0.619
139.440 11 0.283 0.222 0.506 0.619
139.480 11 0.283 0.222 0.506 0.619
139.520 11 0.281 0.222 0.505 0.619
139.560 11 0.280 0.219 0.506 0.619
139.600 11 0.280 0.219 0.506 0.619
139.640 11 0.278 0.219 0.506 0.622
139.680 11 0.278 0.219 0.505 0.622
139.720 11 0.278 0.219 0.506 0.625
139.760 11 0.278 0.222 0.506 0.628
139.800 11 0.278 0.225 0.506 0.628
139.840 11 0.281 0.225 0.508 0.628
139.880 11 0.283 0.228 0.508 0.625
139.920 11 0.286 0.231 0.508 0.625
139.960 11 0.287 0.231 0.508 0.622
140.000 11 0.303 0.261 0.505 0.619
140.040 11 0.291 0.219 0.514 0.614
140.080 11 0.294 0.219 0.514 0.611
140.120 11 0.294 0.219 0.516 0.611
140.160 11 0.292 0.219 0.514 0.611
140.200 11 0.300 0.222 0.519 0.611
140.240 11 0.300 0.222 0.519 0.611
140.280 11 0.295 0.219 0.516 0.611
140.320 11 0.300 0.219 0.523 0.614
140.360 11 0.295 0.222 0.516 0.614
140.400 11 0.298 0.225 0.519 0.614
140.440 11 0.297 0.222 0.516 0.611
140.480 11 0.295 0.222 0.512 0.608
140.520 11 0.298 0.222 0.516 0.608
140.560 11 0.292 0.219 0.509 0.606
140.600 11 0.295 0.219 0.512 0.603
140.640 11 0.291 0.217 0.508 0.603
140.680 11 0.292 0.217 0.511 0.603
140.720 11 0.287 0.217 0.506 0.606
140.760 11 0.281 0.214 0.502 0.603
140.800 11 0.278 0.214 0.497 0.603
140.840 11 0.275 0.214 0.495 0.603
140.880 11 0.272 0.211 0.494 0.606
140.920 11 0.270 0.211 0.494 0.606
140.960 11 0.269 0.208 0.495 0.608
141.000 11 0.256 0.172 0.498 0.600
141.040 11 0.258 0.175 0.500 0.603
141.080 11 0.255 0.172 0.500 0.606
141.120 11 0.255 0.169 0.502 0.606
141.160 11 0.252 0.169 0.497 0.606
141.200 11 0.250 0.172 0.494 0.603
141.240 11 0.248 0.175 0.492 0.606
141.280 11 0.245 0.175 0.489 0.608
141.320 11 0.244 0.181 0.486 0.608
141.360 11 0.242 0.183 0.483 0.608
141.400 11 0.237 0.183 0.478 0.608
141.440 11 0.245 0.181 0.486 0.606
141.480 11 0.242 0.178 0.483 0.606
141.520 11 0.248 0.178 0.492 0.608
141.560 11 0.248 0.178 0.491 0.606
141.600 11 0.252 0.178 0.494 0.606
141.640 11 0.255 0.181 0.497 0.608
141.680 11 0.259 0.175 0.503 0.606
141.720 11 0.263 0.172 0.506 0.603
141.760 11 0.272 0.175 0.514 0.603
141.800 11 0.270 0.169 0.512 0.597
141.840 11 0.277 0.169 0.522 0.603
141.880 11 0.277 0.172 0.516 0.597
141.920 11 0.281 0.169 0.527 0.600
141.960 11 0.280 0.169 0.523 0.600
142.000 11 0.283 0.172 0.525 0.600
142.040 11 0.270 0.158 0.537 0.633
142.080 11 0.267 0.161 0.533 0.631
142.120 11 0.267 0.161 0.533 0.633
142.160 11 0.266 0.161 0.530 0.631
142.200 11 0.272 0.161 0.536 0.631
142.240 11 0.266 0.161 0.530 0.631
142.280 11 0.272 0.167 0.531 0.628
142.320 11 0.269 0.164 0.530 0.625
142.360 11 0.273 0.167 0.531 0.625
142.400 11 0.273 0.164 0.536 0.628
142.440 11 0.275 0.164 0.537 0.628
142.480 11 0.278 0.164 0.539 0.628
142.520 11 0.278 0.167 0.539 0.628
142.560 11 0.278 0.164 0.539 0.628
142.600 11 0.275 0.161 0.539 0.628
142.640 11 0.270 0.156 0.539 0.631
142.680 11 0.264 0.150 0.537 0.633
142.720 11 0.266 0.156 0.534 0.631
142.760 11 0.263 0.153 0.533 0.633
142.800 11 0.261 0.156 0.531 0.633
142.840 11 0.261 0.158 0.528 0.631
142.880 11 0.258 0.156 0.530 0.636
142.920 11 0.258 0.158 0.527 0.633
142.960 11 0.259 0.161 0.525 0.631
143.000 11 0.244 0.147 0.534 0.664
143.040 11 0.253 0.178 0.517 0.647
143.080 11 0.252 0.178 0.516 0.644
143.120 11 0.255 0.175 0.519 0.647
143.160 11 0.250 0.178 0.512 0.644
143.200 11 0.255 0.175 0.522 0.647
143.240 11 0.255 0.175 0.519 0.647
143.280 11 0.258 0.175 0.525 0.647
143.320 11 0.256 0.178 0.520 0.647
143.360 11 0.258 0.178 0.522 0.647
143.400 11 0.261 0.181 0.522 0.647
143.440 11 0.263 0.183 0.523 0.647
143.480 11 0.261 0.186 0.520 0.644
143.520 11 0.266 0.181 0.530 0.650
143.560 11 0.256 0.178 0.522 0.650
143.600 11 0.269 0.183 0.531 0.650
143.640 11 0.263 0.178 0.528 0.650
143.680 11 0.266 0.181 0.530 0.650
143.720 11 0.267 0.183 0.530 0.650
143.760 11 0.266 0.189 0.527 0.653
143.800 11 0.261 0.189 0.525 0.656
143.840 11 0.259 0.189 0.522 0.656
143.880 11 0.255 0.189 0.517 0.658
143.920 11 0.250 0.186 0.517 0.661
143.960 11 0.245 0.186 0.516 0.667
144.000 11 0.256 0.219 0.498 0.650
144.040 11 0.256 0.219 0.498 0.650
144.080 11 0.255 0.217 0.497 0.650
144.120 11 0.253 0.217 0.495 0.647
144.160 11 0.250 0.214 0.495 0.647
144.200 11 0.247 0.208 0.494 0.647
144.240 11 0.247 0.211 0.489 0.642
144.280 11 0.244 0.208 0.486 0.642
144.320 11 0.239 0.208 0.484 0.642
144.360 11 0.236 0.206 0.481 0.642
144.400 11 0.233 0.203 0.478 0.642
144.440 11 0.231 0.203 0.477 0.639
144.480 11 0.230 0.203 0.477 0.639
144.520 11 0.237 0.203 0.481 0.636
144.560 11 0.233 0.200 0.477 0.633
144.600 11 0.241 0.200 0.481 0.628
144.640 11 0.236 0.197 0.478 0.628
144.680 11 0.244 0.197 0.487 0.631
144.720 11 0.242 0.197 0.486 0.631
158.480 12 0.517 0.211 0.573 0.311
158.520 12 0.519 0.217 0.575 0.317
158.560 12 0.517 0.222 0.573 0.322
158.600 12 0.512 0.225 0.570 0.325
158.640 12 0.508 0.225 0.566 0.328
158.680 12 0.505 0.222 0.561 0.322
158.720 12 0.500 0.219 0.556 0.319
158.760 12 0.495 0.211 0.553 0.314
158.800 12 0.495 0.203 0.552 0.303
158.840 12 0.497 0.192 0.555 0.294
158.880 12 0.498 0.181 0.556 0.286
158.920 12 0.500 0.178 0.558 0.283
158.960 12 0.502 0.181 0.559 0.283
159.000 12 0.508 0.183 0.564 0.283
159.040 12 0.512 0.189 0.570 0.289
159.080 12 0.516 0.197 0.573 0.297
159.120 12 0.523 0.203 0.580 0.303
159.160 12 0.531 0.200 0.588 0.300
159.200 12 0.537 0.192 0.594 0.292
159.240 12 0.541 0.181 0.598 0.283
159.280 12 0.541 0.169 0.597 0.269
159.320 12 0.537 0.153 0.594 0.253
159.360 12 0.536 0.136 0.592 0.239
159.400 12 0.531 0.131 0.589 0.233
159.440 12 0.527 0.128 0.586 0.231
159.480 12 0.527 0.122 0.584 0.225
159.520 12 0.522 0.119 0.580 0.222
159.560 12 0.520 0.122 0.578 0.228
159.600 12 0.519 0.136 0.577 0.239
159.640 12 0.517 0.147 0.575 0.250
159.680 12 0.514 0.158 0.572 0.258
159.720 12 0.511 0.161 0.569 0.264
159.760 12 0.511 0.158 0.569 0.261
159.800 12 0.512 0.156 0.570 0.258
159.840 12 0.512 0.147 0.570 0.250
159.880 12 0.512 0.133 0.570 0.236
159.920 12 0.514 0.131 0.572 0.233
168.000 13 0.391 0.075 0.633 0.506
168.040 13 0.392 0.083 0.641 0.528
168.080 13 0.392 0.086 0.642 0.531
168.120 13 0.395 0.100 0.634 0.528
168.160 13 0.400 0.108 0.639 0.533
168.200 13 0.391 0.111 0.628 0.533
168.240 13 0.397 0.108 0.636 0.533
168.280 13 0.397 0.103 0.641 0.536
168.320 13 0.402 0.103 0.644 0.533
168.360 13 0.403 0.100 0.647 0.533
168.400 13 0.405 0.100 0.650 0.536
168.440 13 0.406 0.100 0.653 0.539
168.480 13 0.408 0.100 0.656 0.542
168.520 13 0.411 0.100 0.661 0.542
168.560 13 0.416 0.100 0.667 0.547
168.600 13 0.412 0.097 0.664 0.544
168.640 13 0.422 0.097 0.672 0.544
168.680 13 0.416 0.097 0.667 0.544
168.720 13 0.412 0.097 0.664 0.544
168.760 13 0.408 0.097 0.659 0.544
168.800 13 0.409 0.100 0.658 0.542
168.840 13 0.405 0.097 0.652 0.536
168.880 13 0.394 0.100 0.639 0.536
168.920 13 0.395 0.103 0.637 0.533
168.960 13 0.392 0.106 0.634 0.536
169.000 13 0.391 0.122 0.633 0.553
169.040 13 0.384 0.131 0.622 0.553
169.080 13 0.384 0.131 0.627 0.561
169.120 13 0.375 0.131 0.620 0.567
169.160 13 0.386 0.131 0.623 0.553
169.200 13 0.394 0.125 0.630 0.544
169.240 13 0.395 0.122 0.627 0.533
169.280 13 0.403 0.117 0.634 0.528
169.320 13 0.411 0.108 0.641 0.517
169.360 13 0.409 0.106 0.644 0.525
169.400 13 0.411 0.108 0.648 0.528
169.440 13 0.414 0.119 0.648 0.533
169.480 13 0.412 0.128 0.645 0.544
169.520 13 0.417 0.133 0.648 0.542
169.560 13 0.425 0.125 0.656 0.536
169.600 13 0.425 0.119 0.655 0.531
169.640 13 0.431 0.117 0.662 0.528
169.680 13 0.430 0.117 0.658 0.522
169.720 13 0.434 0.114 0.664 0.522
169.760 13 0.430 0.108 0.661 0.519
169.800 13 0.430 0.106 0.661 0.517
169.840 13 0.428 0.103 0.661 0.514
169.880 13 0.427 0.100 0.659 0.514
169.920 13 0.423 0.097 0.658 0.511
169.960 13 0.422 0.094 0.655 0.508
170.000 13 0.420 0.094 0.653 0.506
170.040 13 0.419 0.092 0.652 0.503
170.080 13 0.417 0.089 0.648 0.503
170.120 13 0.416 0.089 0.648 0.503
170.160 13 0.414 0.089 0.647 0.503
170.200 13 0.408 0.089 0.641 0.506
170.240 13 0.409 0.092 0.644 0.508
170.280 13 0.405 0.092 0.637 0.508
170.320 13 0.412 0.094 0.645 0.508
170.360 13 0.409 0.092 0.642 0.506
170.400 13 0.409 0.092 0.642 0.508
170.440 13 0.403 0.092 0.637 0.508
170.480 13 0.408 0.094 0.641 0.506
170.520 13 0.408 0.094 0.641 0.508
170.560 13 0.402 0.094 0.634 0.508
170.600 13 0.406 0.100 0.637 0.511
170.640 13 0.402 0.103 0.633 0.514
170.680 13 0.406 0.111 0.634 0.517
170.720 13 0.400 0.111 0.630 0.519
170.760 13 0.408 0.111 0.636 0.517
170.800 13 0.406 0.108 0.633 0.514
170.840 13 0.412 0.106 0.641 0.511
170.880 13 0.411 0.106 0.639 0.508
170.920 13 0.412 0.106 0.639 0.511
170.960 13 0.412 0.108 0.641 0.511
171.000 13 0.420 0.108 0.647 0.511
171.040 13 0.416 0.106 0.642 0.508
171.080 13 0.422 0.106 0.647 0.508
171.120 13 0.409 0.106 0.636 0.506
171.160 13 0.414 0.106 0.639 0.508
171.200 13 0.408 0.108 0.633 0.508
171.240 13 0.411 0.111 0.637 0.511
171.280 13 0.411 0.114 0.637 0.514
171.320 13 0.408 0.117 0.633 0.517
171.360 13 0.420 0.117 0.645 0.517
171.400 13 0.412 0.106 0.639 0.508
171.440 13 0.414 0.094 0.642 0.500
171.480 13 0.417 0.081 0.645 0.483
171.520 13 0.417 0.067 0.645 0.469
171.560 13 0.419 0.056 0.645 0.461
171.600 13 0.408 0.053 0.634 0.458
171.640 13 0.409 0.058 0.636 0.461
171.680 13 0.414 0.083 0.630 0.467
171.720 13 0.412 0.100 0.628 0.481
171.760 13 0.408 0.119 0.623 0.503
171.800 13 0.400 0.131 0.616 0.511
171.840 13 0.403 0.133 0.619 0.517
171.880 13 0.402 0.133 0.616 0.514
171.920 13 0.403 0.133 0.616 0.511
171.960 13 0.403 0.128 0.619 0.511
172.000 13 0.416 0.142 0.617 0.500
172.040 13 0.423 0.142 0.614 0.481
172.080 13 0.427 0.139 0.617 0.478
172.120 13 0.431 0.125 0.623 0.464
172.160 13 0.438 0.117 0.630 0.458
172.200 13 0.442 0.108 0.634 0.450
172.240 13 0.444 0.103 0.636 0.447
172.280 13 0.445 0.100 0.637 0.444
172.320 13 0.447 0.100 0.642 0.444
172.360 13 0.444 0.100 0.641 0.450
172.400 13 0.441 0.111 0.636 0.458
172.440 13 0.442 0.122 0.637 0.472
172.480 13 0.434 0.128 0.633 0.481
172.520 13 0.434 0.131 0.633 0.481
172.560 13 0.434 0.122 0.633 0.475
172.600 13 0.436 0.114 0.634 0.464
172.640 13 0.439 0.108 0.634 0.456
172.680 13 0.439 0.103 0.636 0.456
172.720 13 0.441 0.103 0.637 0.453
172.760 13 0.438 0.106 0.633 0.453
172.800 13 0.436 0.114 0.631 0.461
172.840 13 0.436 0.119 0.631 0.469
172.880 13 0.430 0.122 0.627 0.472
172.920 13 0.434 0.122 0.630 0.469
172.960 13 0.438 0.117 0.633 0.464
173.000 13 0.444 0.117 0.639 0.464
173.040 13 0.445 0.117 0.641 0.464
173.080 13 0.450 0.114 0.645 0.464
173.120 13 0.450 0.114 0.645 0.464
173.160 13 0.458 0.114 0.655 0.464
173.200 13 0.456 0.111 0.653 0.458
173.240 13 0.459 0.108 0.655 0.456
173.280 13 0.458 0.108 0.655 0.456
173.320 13 0.455 0.108 0.652 0.458
173.360 13 0.453 0.111 0.650 0.464
173.400 13 0.445 0.125 0.645 0.481
173.440 13 0.438 0.133 0.639 0.492
173.480 13 0.428 0.144 0.630 0.506
173.520 13 0.420 0.147 0.620 0.506
173.560 13 0.423 0.139 0.625 0.497
173.600 13 0.419 0.128 0.619 0.483
173.640 13 0.422 0.119 0.620 0.472
173.680 13 0.416 0.117 0.616 0.472
173.720 13 0.411 0.117 0.614 0.478
173.760 13 0.405 0.117 0.608 0.475
173.800 13 0.406 0.106 0.611 0.469
173.840 13 0.405 0.100 0.609 0.464
173.880 13 0.411 0.094 0.616 0.461
173.920 13 0.411 0.094 0.616 0.461
173.960 13 0.412 0.100 0.617 0.467
174.000 13 0.416 0.103 0.617 0.461
174.040 13 0.420 0.114 0.625 0.475
174.080 13 0.423 0.114 0.627 0.475
174.120 13 0.427 0.114 0.630 0.475
174.160 13 0.427 0.119 0.630 0.478
174.200 13 0.428 0.122 0.631 0.483
174.240 13 0.428 0.125 0.633 0.489
174.280 13 0.430 0.128 0.634 0.492
174.320 13 0.431 0.131 0.634 0.494
174.360 13 0.433 0.133 0.634 0.494
174.400 13 0.433 0.136 0.636 0.497
174.440 13 0.436 0.139 0.637 0.497
174.480 13 0.431 0.142 0.631 0.500
174.520 13 0.434 0.144 0.634 0.500
174.560 13 0.430 0.153 0.628 0.506
174.600 13 0.434 0.161 0.630 0.508
174.640 13 0.431 0.167 0.628 0.517
174.680 13 0.433 0.169 0.628 0.517
174.720 13 0.434 0.169 0.631 0.519
174.760 13 0.438 0.167 0.633 0.517
174.800 13 0.439 0.167 0.636 0.517
174.840 13 0.442 0.167 0.637 0.517
174.880 13 0.444 0.164 0.641 0.514
174.920 13 0.445 0.164 0.642 0.514
174.960 13 0.447 0.164 0.644 0.514
175.000 13 0.447 0.161 0.644 0.511
175.040 13 0.448 0.158 0.645 0.508
175.080 13 0.450 0.156 0.645 0.503
175.120 13 0.452 0.153 0.647 0.500
175.160 13 0.452 0.147 0.648 0.497
175.200 13 0.455 0.147 0.648 0.492
175.240 13 0.455 0.147 0.647 0.489
175.280 13 0.455 0.144 0.648 0.489
175.320 13 0.455 0.144 0.648 0.489
175.360 13 0.456 0.144 0.648 0.489
175.400 13 0.458 0.144 0.650 0.486
175.440 13 0.458 0.147 0.652 0.489
175.480 13 0.458 0.150 0.652 0.492
175.520 13 0.459 0.150 0.650 0.492
175.560 13 0.456 0.144 0.650 0.489
175.600 13 0.456 0.139 0.650 0.483
175.640 13 0.455 0.131 0.650 0.478
175.680 13 0.456 0.125 0.652 0.472
175.720 13 0.456 0.117 0.652 0.464
175.760 13 0.458 0.108 0.655 0.461
175.800 13 0.456 0.106 0.653 0.456
175.840 13 0.456 0.106 0.653 0.456
175.880 13 0.452 0.108 0.650 0.461
175.920 13 0.448 0.119 0.644 0.467
175.960 13 0.444 0.133 0.636 0.472
176.000 13 0.438 0.142 0.639 0.500
176.040 13 0.433 0.139 0.633 0.494
176.080 13 0.433 0.131 0.633 0.486
176.120 13 0.431 0.125 0.630 0.481
176.160 13 0.434 0.122 0.634 0.478
176.200 13 0.427 0.133 0.628 0.489
176.240 13 0.420 0.153 0.620 0.508
176.280 13 0.414 0.153 0.614 0.508
176.320 13 0.419 0.147 0.619 0.503
176.360 13 0.423 0.139 0.622 0.492
176.400 13 0.427 0.139 0.625 0.489
176.440 13 0.428 0.139 0.627 0.492
176.480 13 0.430 0.142 0.628 0.494
176.520 13 0.431 0.147 0.628 0.494
176.560 13 0.431 0.147 0.628 0.494
176.600 13 0.438 0.144 0.634 0.494
176.640 13 0.436 0.142 0.631 0.492
176.680 13 0.442 0.139 0.637 0.489
176.720 13 0.441 0.136 0.637 0.486
176.760 13 0.448 0.136 0.642 0.483
176.800 13 0.455 0.133 0.648 0.481
176.840 13 0.456 0.128 0.650 0.475
176.880 13 0.459 0.128 0.655 0.475
176.920 13 0.456 0.128 0.653 0.478
176.960 13 0.463 0.133 0.659 0.483
177.000 13 0.459 0.144 0.656 0.494
177.040 13 0.458 0.158 0.655 0.508
177.080 13 0.456 0.169 0.652 0.517
177.120 13 0.459 0.169 0.656 0.517
177.160 13 0.467 0.156 0.662 0.506
177.200 13 0.469 0.150 0.664 0.500
177.240 13 0.472 0.144 0.666 0.489
177.280 13 0.473 0.136 0.669 0.483
177.320 13 0.477 0.133 0.672 0.481
177.360 13 0.477 0.136 0.673 0.483
177.400 13 0.477 0.142 0.673 0.492
177.440 13 0.473 0.150 0.670 0.500
177.480 13 0.469 0.150 0.664 0.497
177.520 13 0.466 0.142 0.659 0.489
177.560 13 0.463 0.133 0.658 0.478
177.600 13 0.459 0.125 0.655 0.472
177.640 13 0.458 0.122 0.652 0.467
177.680 13 0.455 0.117 0.650 0.464
177.720 13 0.450 0.117 0.645 0.464
177.760 13 0.447 0.117 0.642 0.467
177.800 13 0.445 0.117 0.639 0.464
177.840 13 0.447 0.111 0.641 0.456
177.880 13 0.453 0.100 0.647 0.447
177.920 13 0.459 0.094 0.653 0.439
177.960 13 0.466 0.094 0.659 0.439
178.000 13 0.472 0.100 0.667 0.444
178.040 13 0.473 0.108 0.667 0.456
178.080 13 0.480 0.122 0.673 0.469
178.120 13 0.480 0.142 0.673 0.486
178.160 13 0.480 0.161 0.673 0.506
178.200 13 0.475 0.169 0.670 0.517
178.240 13 0.475 0.169 0.670 0.517
178.280 13 0.480 0.164 0.673 0.508
178.320 13 0.480 0.156 0.673 0.503
178.360 13 0.478 0.153 0.673 0.500
178.400 13 0.475 0.153 0.670 0.500
178.440 13 0.473 0.156 0.667 0.500
178.480 13 0.470 0.158 0.664 0.503
178.520 13 0.469 0.161 0.661 0.503
178.560 13 0.467 0.161 0.659 0.506
178.600 13 0.466 0.167 0.658 0.508
178.640 13 0.464 0.169 0.658 0.511
178.680 13 0.466 0.164 0.658 0.506
178.720 13 0.467 0.153 0.661 0.497
178.760 13 0.473 0.150 0.666 0.489
178.800 13 0.469 0.153 0.661 0.494
178.840 13 0.469 0.158 0.661 0.500
178.880 13 0.464 0.158 0.656 0.500
178.920 13 0.464 0.158 0.656 0.497
178.960 13 0.466 0.158 0.658 0.500
179.000 13 0.466 0.161 0.658 0.500
179.040 13 0.467 0.158 0.659 0.500
179.080 13 0.470 0.156 0.661 0.497
179.120 13 0.473 0.156 0.664 0.497
179.160 13 0.470 0.158 0.661 0.497
179.200 13 0.475 0.158 0.666 0.497
179.240 13 0.472 0.161 0.662 0.500
179.280 13 0.477 0.161 0.667 0.500
179.320 13 0.473 0.161 0.664 0.500
179.360 13 0.481 0.161 0.672 0.497
179.400 13 0.475 0.156 0.666 0.494
179.440 13 0.483 0.158 0.673 0.494
179.480 13 0.480 0.156 0.669 0.494
179.520 13 0.478 0.156 0.669 0.494
179.560 13 0.480 0.156 0.669 0.494
179.600 13 0.473 0.158 0.662 0.494
179.640 13 0.475 0.161 0.664 0.497
179.680 13 0.467 0.164 0.655 0.497
179.720 13 0.473 0.167 0.661 0.500
179.760 13 0.466 0.164 0.653 0.497
179.800 13 0.470 0.164 0.658 0.497
179.840 13 0.472 0.164 0.658 0.497
179.880 13 0.472 0.164 0.659 0.497
179.920 13 0.473 0.164 0.659 0.494
179.960 13 0.475 0.164 0.659 0.494
180.000 13 0.477 0.164 0.662 0.494
180.040 13 0.473 0.167 0.658 0.494
180.080 13 0.472 0.167 0.656 0.497
180.120 13 0.470 0.164 0.655 0.492
180.160 13 0.475 0.153 0.659 0.481
180.200 13 0.477 0.147 0.661 0.475
180.240 13 0.478 0.147 0.662 0.475
180.280 13 0.472 0.147 0.656 0.472
180.320 13 0.473 0.147 0.658 0.475
180.360 13 0.469 0.147 0.653 0.475
180.400 13 0.472 0.147 0.656 0.475
180.440 13 0.467 0.147 0.652 0.475
180.480 13 0.466 0.144 0.648 0.472
180.520 13 0.464 0.139 0.647 0.467
180.560 13 0.463 0.133 0.647 0.461
180.600 13 0.461 0.131 0.645 0.458
180.640 13 0.466 0.131 0.652 0.458
180.680 13 0.464 0.133 0.650 0.461
180.720 13 0.463 0.136 0.648 0.467
180.760 13 0.461 0.144 0.648 0.475
180.800 13 0.459 0.150 0.647 0.483
180.840 13 0.456 0.164 0.644 0.497
180.880 13 0.452 0.172 0.641 0.508
180.920 13 0.455 0.172 0.645 0.508
180.960 13 0.458 0.167 0.647 0.503
181.000 13 0.458 0.164 0.647 0.503
181.040 13 0.455 0.167 0.645 0.506
181.080 13 0.453 0.169 0.644 0.508
181.120 13 0.442 0.169 0.634 0.508
181.160 13 0.445 0.164 0.636 0.506
181.200 13 0.438 0.158 0.630 0.500
181.240 13 0.441 0.150 0.633 0.492
181.280 13 0.441 0.142 0.634 0.486
181.320 13 0.436 0.142 0.630 0.486
181.360 13 0.436 0.147 0.631 0.492
181.400 13 0.433 0.161 0.627 0.506
181.440 13 0.428 0.178 0.623 0.525
181.480 13 0.427 0.181 0.622 0.528
181.520 13 0.430 0.178 0.623 0.522
181.560 13 0.436 0.164 0.630 0.511
181.600 13 0.442 0.158 0.636 0.506
181.640 13 0.448 0.153 0.642 0.497
181.680 13 0.456 0.150 0.650 0.494
181.720 13 0.458 0.150 0.652 0.494
181.760 13 0.464 0.147 0.658 0.494
181.800 13 0.466 0.142 0.662 0.492
181.840 13 0.472 0.142 0.667 0.489
181.880 13 0.477 0.142 0.669 0.486
181.920 13 0.480 0.144 0.672 0.486
181.960 13 0.483 0.147 0.673 0.486
182.000 13 0.484 0.147 0.675 0.486
182.040 13 0.484 0.147 0.677 0.486
182.080 13 0.484 0.144 0.675 0.483
182.120 13 0.483 0.144 0.673 0.481
182.160 13 0.486 0.142 0.675 0.478
182.200 13 0.480 0.139 0.669 0.475
182.240 13 0.481 0.133 0.670 0.469
182.280 13 0.473 0.128 0.662 0.464
182.320 13 0.472 0.128 0.659 0.458
182.360 13 0.470 0.125 0.656 0.456
182.400 13 0.464 0.125 0.652 0.458
182.440 13 0.463 0.133 0.647 0.464
182.480 13 0.459 0.142 0.647 0.472
182.520 13 0.456 0.150 0.644 0.483
182.560 13 0.455 0.158 0.642 0.489
182.600 13 0.452 0.164 0.639 0.497
182.640 13 0.450 0.169 0.637 0.503
182.680 13 0.448 0.172 0.636 0.506
182.720 13 0.450 0.172 0.637 0.506
182.760 13 0.447 0.172 0.634 0.506
182.800 13 0.445 0.169 0.633 0.503
182.840 13 0.448 0.164 0.636 0.500
182.880 13 0.442 0.158 0.633 0.497
182.920 13 0.447 0.156 0.637 0.494
182.960 13 0.442 0.153 0.634 0.494
183.000 13 0.438 0.142 0.639 0.500
183.040 13 0.438 0.142 0.639 0.500
183.080 13 0.439 0.142 0.642 0.503
183.120 13 0.439 0.142 0.645 0.506
183.160 13 0.444 0.144 0.647 0.506
183.200 13 0.445 0.144 0.648 0.506
183.240 13 0.447 0.144 0.650 0.506
183.280 13 0.448 0.147 0.648 0.506
183.320 13 0.448 0.150 0.648 0.506
183.360 13 0.453 0.147 0.655 0.506
183.400 13 0.448 0.139 0.653 0.503
183.440 13 0.456 0.133 0.659 0.494
183.480 13 0.459 0.128 0.666 0.494
183.520 13 0.453 0.128 0.659 0.497
183.560 13 0.458 0.131 0.662 0.497
183.600 13 0.458 0.133 0.664 0.500
183.640 13 0.458 0.142 0.662 0.506
183.680 13 0.453 0.147 0.656 0.511
183.720 13 0.458 0.156 0.659 0.514
183.760 13 0.458 0.158 0.659 0.517
183.800 13 0.458 0.161 0.659 0.517
183.840 13 0.463 0.156 0.666 0.517
183.880 13 0.459 0.153 0.662 0.514
183.920 13 0.461 0.153 0.661 0.508
183.960 13 0.461 0.153 0.659 0.506
184.000 13 0.455 0.156 0.655 0.508
184.040 13 0.459 0.161 0.655 0.508
184.080 13 0.453 0.164 0.648 0.511
184.120 13 0.458 0.167 0.652 0.511
184.160 13 0.450 0.164 0.645 0.511
184.200 13 0.452 0.167 0.645 0.511
184.240 13 0.450 0.164 0.645 0.508
184.280 13 0.448 0.158 0.644 0.506
184.320 13 0.447 0.158 0.642 0.506
184.360 13 0.445 0.156 0.641 0.503
184.400 13 0.444 0.153 0.639 0.500
184.440 13 0.444 0.150 0.639 0.497
184.480 13 0.442 0.147 0.637 0.494
184.520 13 0.442 0.144 0.637 0.492
184.560 13 0.442 0.142 0.637 0.489
184.600 13 0.442 0.139 0.637 0.486
184.640 13 0.445 0.139 0.642 0.489
184.680 13 0.439 0.139 0.636 0.486
184.720 13 0.442 0.144 0.639 0.492
184.760 13 0.438 0.147 0.634 0.500
184.800 13 0.441 0.153 0.639 0.503
184.840 13 0.433 0.153 0.634 0.511
184.880 13 0.438 0.161 0.636 0.517
184.920 13 0.431 0.167 0.630 0.519
184.960 13 0.428 0.175 0.628 0.531
185.000 13 0.431 0.178 0.631 0.533
185.040 13 0.434 0.169 0.637 0.531
185.080 13 0.433 0.164 0.634 0.522
185.120 13 0.439 0.161 0.641 0.517
185.160 13 0.438 0.153 0.639 0.508
185.200 13 0.444 0.153 0.645 0.511
185.240 13 0.438 0.150 0.639 0.508
185.280 13 0.441 0.153 0.642 0.511
185.320 13 0.442 0.153 0.644 0.514
185.360 13 0.442 0.153 0.644 0.514
185.400 13 0.442 0.153 0.645 0.514
185.640 14 0.278 0.172 0.392 0.375
185.680 14 0.289 0.175 0.405 0.383
185.720 14 0.297 0.178 0.414 0.383
185.760 14 0.306 0.181 0.423 0.386
185.800 14 0.312 0.172 0.430 0.378
185.840 14 0.317 0.169 0.433 0.375
185.880 14 0.319 0.164 0.439 0.375
185.920 14 0.323 0.158 0.442 0.372
185.960 14 0.327 0.153 0.447 0.369
186.000 14 0.330 0.150 0.447 0.358
186.040 14 0.334 0.147 0.450 0.353
186.080 14 0.333 0.144 0.450 0.353
186.120 14 0.338 0.144 0.453 0.350
186.160 14 0.341 0.144 0.456 0.350
186.200 14 0.345 0.144 0.459 0.347
188.760 15 0.384 0.175 0.483 0.347
188.800 15 0.391 0.175 0.487 0.350
188.840 15 0.397 0.175 0.495 0.350
188.880 15 0.403 0.178 0.500 0.350
188.920 15 0.406 0.178 0.502 0.347
188.960 15 0.411 0.181 0.506 0.350
189.000 15 0.412 0.181 0.508 0.350
189.040 15 0.417 0.181 0.514 0.353
189.080 15 0.422 0.178 0.520 0.353
189.120 15 0.423 0.181 0.522 0.356
189.160 15 0.428 0.186 0.527 0.358
189.200 15 0.430 0.189 0.528 0.361
189.240 15 0.436 0.194 0.533 0.364
189.280 15 0.439 0.194 0.537 0.369
189.320 15 0.438 0.194 0.539 0.375
189.360 15 0.445 0.197 0.545 0.375
189.400 15 0.442 0.197 0.544 0.378
189.440 15 0.448 0.200 0.547 0.378
189.480 15 0.450 0.203 0.550 0.381
189.520 15 0.452 0.203 0.553 0.383
189.560 15 0.448 0.203 0.548 0.381
189.600 15 0.450 0.203 0.553 0.383
189.640 15 0.447 0.203 0.547 0.383
189.680 15 0.445 0.200 0.547 0.381
189.720 15 0.441 0.203 0.541 0.381
189.760 15 0.434 0.197 0.534 0.375
189.800 15 0.433 0.192 0.533 0.369
189.840 15 0.427 0.192 0.523 0.364
189.880 15 0.420 0.189 0.519 0.361
189.920 15 0.416 0.186 0.512 0.358
189.960 15 0.409 0.186 0.508 0.358
190.000 15 0.405 0.183 0.502 0.356
190.040 15 0.398 0.181 0.497 0.353
190.080 15 0.392 0.175 0.489 0.347
190.120 15 0.386 0.172 0.484 0.347
190.160 15 0.380 0.169 0.475 0.342
190.200 15 0.375 0.169 0.469 0.339
190.240 15 0.367 0.169 0.463 0.342
190.280 15 0.361 0.169 0.456 0.339
190.320 15 0.355 0.169 0.450 0.339
190.360 15 0.348 0.167 0.444 0.336
190.400 15 0.342 0.161 0.436 0.331
190.440 15 0.336 0.158 0.431 0.328
190.480 15 0.331 0.158 0.427 0.328
190.520 15 0.327 0.158 0.420 0.325
190.560 15 0.333 0.144 0.428 0.314
190.600 15 0.328 0.144 0.423 0.314
190.640 15 0.322 0.144 0.417 0.314
190.680 15 0.320 0.142 0.416 0.311
190.720 15 0.316 0.142 0.411 0.314
190.760 15 0.312 0.144 0.408 0.314
190.800 15 0.309 0.144 0.405 0.317
190.840 15 0.303 0.147 0.400 0.317
190.880 15 0.302 0.144 0.400 0.319
190.920 15 0.297 0.144 0.394 0.317
190.960 15 0.300 0.144 0.397 0.314
191.000 15 0.297 0.144 0.394 0.317
191.040 15 0.294 0.147 0.389 0.317
191.080 15 0.292 0.150 0.389 0.322
191.120 15 0.294 0.153 0.392 0.328
191.160 15 0.295 0.156 0.392 0.328
191.200 15 0.295 0.156 0.392 0.328
191.240 15 0.297 0.158 0.394 0.331
191.280 15 0.302 0.167 0.397 0.336
191.320 15 0.305 0.175 0.402 0.347
191.360 15 0.309 0.181 0.408 0.358
192.840 16 0.516 0.264 0.600 0.414
192.880 16 0.517 0.253 0.600 0.400
192.920 16 0.519 0.244 0.602 0.392
192.960 16 0.517 0.236 0.600 0.383
193.000 16 0.517 0.231 0.598 0.375
193.040 16 0.517 0.222 0.597 0.367
193.080 16 0.511 0.217 0.591 0.358
193.120 16 0.512 0.214 0.592 0.356
193.160 16 0.508 0.211 0.588 0.353
193.200 16 0.503 0.211 0.584 0.356
193.240 16 0.495 0.206 0.578 0.350
193.280 16 0.492 0.197 0.573 0.342
193.320 16 0.487 0.189 0.567 0.333
195.680 17 0.411 0.100 0.511 0.278
195.720 17 0.423 0.103 0.522 0.278
195.760 17 0.436 0.106 0.534 0.281
195.800 17 0.448 0.106 0.547 0.281
195.840 17 0.459 0.108 0.558 0.283
195.880 17 0.472 0.111 0.570 0.283
195.920 17 0.483 0.119 0.578 0.289
195.960 17 0.492 0.122 0.589 0.294
196.000 17 0.502 0.125 0.598 0.297
196.040 17 0.511 0.128 0.608 0.300
196.080 17 0.519 0.128 0.616 0.303
196.120 17 0.530 0.133 0.625 0.303
196.160 17 0.537 0.142 0.630 0.306
196.200 17 0.544 0.147 0.636 0.314
196.240 17 0.547 0.153 0.641 0.322
196.280 17 0.553 0.158 0.648 0.325
196.320 17 0.555 0.161 0.652 0.331
196.360 17 0.559 0.164 0.656 0.336
196.400 17 0.558 0.167 0.653 0.339
196.440 17 0.558 0.169 0.656 0.342
196.480 17 0.558 0.167 0.656 0.342
196.520 17 0.558 0.164 0.655 0.336
196.560 17 0.556 0.161 0.653 0.333
196.600 17 0.552 0.158 0.647 0.331
196.640 17 0.550 0.156 0.647 0.328
196.680 17 0.545 0.153 0.641 0.322
196.720 17 0.541 0.150 0.636 0.319
196.760 17 0.534 0.144 0.628 0.311
196.800 17 0.528 0.139 0.620 0.306
196.840 17 0.520 0.136 0.613 0.300
