3.040 0 0.398 0.175 0.475 0.311
3.080 0 0.394 0.192 0.470 0.328
3.120 0 0.389 0.206 0.466 0.342
3.160 0 0.394 0.197 0.470 0.333
3.200 0 0.395 0.186 0.470 0.322
3.240 0 0.394 0.178 0.470 0.314
3.280 0 0.389 0.167 0.466 0.300
3.320 0 0.391 0.147 0.467 0.286
3.360 0 0.403 0.147 0.480 0.283
3.400 0 0.405 0.139 0.483 0.278
3.440 0 0.408 0.142 0.486 0.281
3.480 0 0.416 0.156 0.494 0.294
3.520 0 0.430 0.167 0.506 0.303
3.560 0 0.434 0.178 0.511 0.317
3.600 0 0.441 0.178 0.517 0.314
3.640 0 0.441 0.167 0.519 0.306
3.680 0 0.445 0.150 0.523 0.292
3.720 0 0.448 0.136 0.530 0.278
3.760 0 0.461 0.117 0.541 0.258
3.800 0 0.480 0.122 0.559 0.264
3.840 0 0.489 0.128 0.569 0.269
3.880 0 0.500 0.114 0.581 0.256
3.920 0 0.500 0.114 0.580 0.256
3.960 0 0.491 0.114 0.572 0.258
4.000 0 0.472 0.103 0.553 0.247
4.040 0 0.472 0.089 0.552 0.231
4.080 0 0.477 0.083 0.556 0.228
4.120 0 0.472 0.100 0.555 0.247
4.160 0 0.477 0.122 0.559 0.267
4.240 0 0.505 0.189 0.570 0.308
4.280 0 0.506 0.206 0.573 0.325
4.320 0 0.505 0.208 0.572 0.331
4.360 0 0.503 0.200 0.569 0.319
4.400 0 0.492 0.189 0.558 0.311
4.440 0 0.477 0.172 0.544 0.294
4.480 0 0.473 0.158 0.541 0.281
4.520 0 0.467 0.158 0.536 0.281
4.560 0 0.464 0.164 0.531 0.283
4.600 0 0.466 0.158 0.533 0.281
4.640 0 0.475 0.156 0.544 0.281
4.680 0 0.489 0.156 0.558 0.281
4.720 0 0.492 0.161 0.561 0.286
4.760 0 0.494 0.183 0.562 0.308
4.800 0 0.502 0.200 0.570 0.325
4.840 0 0.506 0.214 0.575 0.339
4.880 0 0.514 0.219 0.583 0.344
4.920 0 0.519 0.222 0.584 0.342
4.960 0 0.527 0.208 0.594 0.328
5.000 0 0.536 0.192 0.603 0.314
5.040 0 0.552 0.178 0.619 0.300
5.080 0 0.562 0.158 0.630 0.283
5.120 0 0.567 0.147 0.636 0.269
5.160 0 0.569 0.136 0.637 0.261
5.200 0 0.572 0.125 0.641 0.250
5.240 0 0.581 0.114 0.650 0.239
5.280 0 0.583 0.108 0.652 0.233
5.320 0 0.578 0.122 0.647 0.247
5.360 0 0.578 0.139 0.648 0.267
5.400 0 0.578 0.158 0.648 0.286
5.440 0 0.577 0.169 0.647 0.294
5.480 0 0.588 0.172 0.658 0.300
5.520 0 0.588 0.181 0.658 0.311
5.560 0 0.573 0.189 0.645 0.319
5.600 0 0.564 0.197 0.634 0.325
5.640 0 0.552 0.206 0.623 0.336
5.680 0 0.536 0.203 0.606 0.331
5.720 0 0.519 0.194 0.591 0.325
5.760 0 0.500 0.183 0.572 0.314
5.800 0 0.491 0.172 0.561 0.300
5.840 0 0.481 0.161 0.553 0.292
5.880 0 0.472 0.161 0.542 0.292
5.920 0 0.461 0.156 0.533 0.289
5.960 0 0.450 0.164 0.522 0.294
6.000 0 0.442 0.169 0.516 0.303
6.040 0 0.442 0.178 0.514 0.308
6.080 0 0.442 0.194 0.516 0.325
6.120 0 0.436 0.211 0.508 0.342
6.160 0 0.428 0.228 0.500 0.361
6.200 0 0.431 0.244 0.505 0.378
6.240 0 0.436 0.256 0.509 0.389
6.280 0 0.447 0.264 0.520 0.397
6.320 0 0.455 0.258 0.530 0.394
6.360 0 0.463 0.250 0.537 0.386
6.400 0 0.470 0.247 0.544 0.383
6.440 0 0.475 0.239 0.550 0.375
6.480 0 0.477 0.233 0.552 0.372
6.520 0 0.472 0.236 0.547 0.372
6.560 0 0.478 0.233 0.553 0.369
6.600 0 0.487 0.236 0.564 0.378
6.640 0 0.494 0.247 0.570 0.389
6.680 0 0.497 0.261 0.573 0.403
6.720 0 0.502 0.278 0.578 0.417
8.840 1 0.533 0.158 0.653 0.369
8.880 1 0.528 0.136 0.650 0.347
8.920 1 0.522 0.122 0.641 0.331
8.960 1 0.508 0.108 0.630 0.322
9.000 1 0.511 0.106 0.628 0.311
9.040 1 0.497 0.106 0.608 0.300
9.080 1 0.483 0.097 0.591 0.283
9.120 1 0.470 0.086 0.577 0.272
9.160 1 0.456 0.086 0.564 0.275
9.200 1 0.444 0.103 0.545 0.281
38.440 2 0.553 0.183 0.911 0.819
38.480 2 0.555 0.186 0.914 0.825
38.520 2 0.544 0.186 0.902 0.822
38.560 2 0.541 0.186 0.897 0.822
38.600 2 0.541 0.189 0.895 0.819
38.640 2 0.542 0.189 0.892 0.811
38.680 2 0.544 0.194 0.887 0.803
38.720 2 0.550 0.200 0.887 0.800
38.760 2 0.533 0.192 0.873 0.797
38.800 2 0.539 0.186 0.891 0.811
38.840 2 0.530 0.186 0.880 0.811
38.880 2 0.528 0.186 0.878 0.808
38.920 2 0.527 0.183 0.875 0.800
38.960 2 0.525 0.181 0.873 0.800
39.000 2 0.525 0.178 0.873 0.797
39.040 2 0.517 0.139 0.875 0.775
39.080 2 0.523 0.144 0.878 0.775
39.120 2 0.520 0.150 0.870 0.772
39.160 2 0.519 0.139 0.873 0.769
39.200 2 0.527 0.142 0.881 0.772
39.240 2 0.520 0.142 0.870 0.764
39.280 2 0.527 0.142 0.872 0.758
39.320 2 0.528 0.133 0.877 0.753
39.360 2 0.530 0.131 0.880 0.753
39.400 2 0.523 0.133 0.869 0.747
39.440 2 0.530 0.136 0.870 0.742
39.480 2 0.522 0.131 0.870 0.747
39.520 2 0.530 0.128 0.881 0.753
39.560 2 0.523 0.122 0.877 0.750
39.600 2 0.528 0.131 0.877 0.750
39.640 2 0.530 0.133 0.877 0.750
39.680 2 0.528 0.131 0.875 0.747
39.720 2 0.528 0.128 0.875 0.747
39.760 2 0.527 0.125 0.883 0.758
39.800 2 0.516 0.128 0.864 0.747
39.840 2 0.530 0.133 0.877 0.753
39.880 2 0.519 0.131 0.869 0.753
39.920 2 0.528 0.133 0.877 0.753
39.960 2 0.520 0.133 0.866 0.747
40.000 2 0.525 0.108 0.873 0.728
40.040 2 0.534 0.117 0.877 0.725
40.080 2 0.536 0.108 0.884 0.728
40.120 2 0.536 0.108 0.886 0.731
40.160 2 0.541 0.114 0.889 0.733
40.200 2 0.531 0.114 0.881 0.733
40.240 2 0.537 0.117 0.884 0.733
40.280 2 0.527 0.111 0.875 0.731
40.320 2 0.530 0.108 0.878 0.728
40.360 2 0.516 0.100 0.869 0.728
40.400 2 0.527 0.094 0.881 0.725
40.440 2 0.517 0.092 0.869 0.719
40.480 2 0.527 0.094 0.875 0.717
40.520 2 0.519 0.089 0.870 0.714
40.560 2 0.519 0.100 0.867 0.717
40.600 2 0.514 0.103 0.863 0.719
40.640 2 0.523 0.100 0.872 0.719
40.680 2 0.512 0.092 0.869 0.722
40.720 2 0.522 0.097 0.875 0.728
40.760 2 0.519 0.100 0.867 0.722
40.800 2 0.519 0.103 0.867 0.725
40.840 2 0.519 0.103 0.869 0.725
40.880 2 0.520 0.103 0.870 0.725
40.920 2 0.516 0.103 0.866 0.725
40.960 2 0.522 0.106 0.870 0.725
41.000 2 0.525 0.108 0.873 0.728
41.040 2 0.533 0.153 0.848 0.717
41.080 2 0.528 0.153 0.845 0.719
41.120 2 0.536 0.153 0.856 0.725
41.160 2 0.537 0.144 0.861 0.719
41.200 2 0.539 0.133 0.864 0.714
41.240 2 0.541 0.125 0.867 0.706
41.280 2 0.542 0.117 0.870 0.700
41.320 2 0.544 0.108 0.872 0.692
41.360 2 0.547 0.106 0.873 0.689
41.400 2 0.547 0.106 0.873 0.686
41.440 2 0.550 0.108 0.875 0.689
41.480 2 0.555 0.111 0.877 0.686
41.520 2 0.555 0.111 0.877 0.686
41.560 2 0.555 0.117 0.873 0.683
41.600 2 0.564 0.117 0.883 0.686
41.640 2 0.556 0.117 0.870 0.678
41.680 2 0.559 0.114 0.881 0.686
41.720 2 0.558 0.114 0.877 0.683
41.760 2 0.559 0.117 0.875 0.678
41.800 2 0.562 0.114 0.875 0.669
41.840 2 0.564 0.111 0.883 0.678
41.880 2 0.553 0.111 0.869 0.675
41.920 2 0.564 0.111 0.881 0.675
41.960 2 0.561 0.111 0.875 0.672
42.000 2 0.567 0.147 0.856 0.664
42.040 2 0.559 0.119 0.878 0.689
42.080 2 0.552 0.117 0.873 0.692
42.120 2 0.561 0.117 0.883 0.692
42.160 2 0.555 0.119 0.873 0.689
42.200 2 0.556 0.122 0.880 0.697
42.240 2 0.547 0.125 0.867 0.697
42.280 2 0.556 0.125 0.880 0.700
42.320 2 0.550 0.133 0.861 0.689
42.360 2 0.552 0.133 0.870 0.700
42.400 2 0.547 0.136 0.866 0.706
42.440 2 0.545 0.136 0.867 0.708
42.480 2 0.545 0.142 0.864 0.708
42.520 2 0.545 0.142 0.863 0.708
42.560 2 0.541 0.136 0.861 0.708
42.600 2 0.542 0.131 0.863 0.700
42.640 2 0.545 0.122 0.866 0.692
42.680 2 0.537 0.114 0.858 0.686
42.720 2 0.541 0.111 0.863 0.683
42.760 2 0.542 0.111 0.863 0.683
42.800 2 0.534 0.114 0.853 0.681
42.840 2 0.541 0.117 0.861 0.686
42.880 2 0.533 0.122 0.852 0.692
42.920 2 0.536 0.125 0.856 0.697
42.960 2 0.536 0.131 0.856 0.703
43.000 2 0.525 0.108 0.873 0.728
43.040 2 0.522 0.097 0.869 0.711
43.080 2 0.516 0.094 0.863 0.708
43.120 2 0.527 0.092 0.872 0.706
43.160 2 0.522 0.089 0.869 0.706
43.200 2 0.522 0.092 0.869 0.708
43.240 2 0.523 0.094 0.870 0.711
43.280 2 0.523 0.097 0.870 0.714
43.320 2 0.520 0.097 0.866 0.714
43.360 2 0.523 0.092 0.873 0.714
43.400 2 0.522 0.097 0.870 0.717
43.440 2 0.522 0.100 0.869 0.717
43.480 2 0.517 0.103 0.864 0.719
43.520 2 0.525 0.106 0.872 0.719
43.560 2 0.519 0.100 0.867 0.717
43.600 2 0.523 0.106 0.869 0.719
43.640 2 0.523 0.108 0.869 0.722
43.680 2 0.523 0.111 0.867 0.722
43.720 2 0.522 0.111 0.867 0.725
43.760 2 0.522 0.114 0.867 0.728
43.800 2 0.523 0.117 0.869 0.731
43.840 2 0.523 0.119 0.870 0.736
43.880 2 0.523 0.119 0.870 0.736
43.920 2 0.527 0.122 0.873 0.739
43.960 2 0.525 0.119 0.877 0.744
44.000 2 0.525 0.108 0.873 0.728
44.040 2 0.544 0.114 0.892 0.736
44.080 2 0.555 0.108 0.902 0.725
44.120 2 0.556 0.092 0.908 0.719
44.160 2 0.569 0.092 0.919 0.714
44.200 2 0.570 0.086 0.923 0.714
44.240 2 0.573 0.083 0.930 0.714
44.280 2 0.581 0.086 0.936 0.717
44.320 2 0.577 0.081 0.931 0.711
44.360 2 0.584 0.078 0.942 0.714
44.400 2 0.581 0.075 0.939 0.714
44.440 2 0.578 0.081 0.936 0.717
44.480 2 0.581 0.081 0.942 0.719
44.520 2 0.581 0.081 0.944 0.725
44.560 2 0.584 0.083 0.945 0.725
44.600 2 0.588 0.081 0.948 0.722
44.640 2 0.591 0.081 0.952 0.725
44.680 2 0.591 0.086 0.953 0.728
44.720 2 0.594 0.083 0.955 0.725
44.760 2 0.598 0.089 0.955 0.722
44.800 2 0.589 0.089 0.947 0.725
44.840 2 0.598 0.097 0.950 0.722
44.880 2 0.598 0.097 0.948 0.717
44.920 2 0.584 0.092 0.941 0.722
44.960 2 0.591 0.089 0.945 0.719
45.000 2 0.603 0.108 0.952 0.728
45.040 2 0.591 0.100 0.947 0.733
45.080 2 0.595 0.100 0.952 0.731
45.120 2 0.589 0.100 0.942 0.728
45.160 2 0.588 0.100 0.938 0.722
45.200 2 0.586 0.103 0.930 0.714
45.240 2 0.578 0.100 0.923 0.711
45.280 2 0.578 0.106 0.917 0.708
45.320 2 0.572 0.106 0.911 0.706
45.360 2 0.567 0.103 0.906 0.706
45.400 2 0.561 0.106 0.902 0.708
45.440 2 0.556 0.103 0.903 0.717
45.480 2 0.552 0.103 0.902 0.725
45.520 2 0.550 0.111 0.897 0.728
45.560 2 0.545 0.111 0.892 0.731
45.600 2 0.542 0.114 0.887 0.728
45.640 2 0.539 0.117 0.881 0.728
45.680 2 0.536 0.119 0.880 0.731
45.720 2 0.533 0.119 0.875 0.731
45.760 2 0.530 0.119 0.873 0.731
45.800 2 0.527 0.122 0.867 0.728
45.840 2 0.520 0.111 0.870 0.733
45.880 2 0.520 0.122 0.864 0.733
45.920 2 0.530 0.119 0.873 0.728
45.960 2 0.527 0.117 0.867 0.722
46.000 2 0.525 0.108 0.873 0.728
46.040 2 0.522 0.106 0.869 0.725
46.080 2 0.522 0.106 0.866 0.717
46.120 2 0.527 0.106 0.872 0.719
46.160 2 0.517 0.103 0.864 0.717
46.200 2 0.530 0.100 0.877 0.717
46.240 2 0.514 0.097 0.859 0.708
46.280 2 0.536 0.108 0.875 0.711
46.320 2 0.517 0.103 0.859 0.708
46.360 2 0.530 0.108 0.867 0.711
46.400 2 0.523 0.100 0.870 0.714
46.440 2 0.525 0.100 0.870 0.714
46.480 2 0.525 0.103 0.870 0.717
46.520 2 0.523 0.103 0.867 0.717
46.560 2 0.528 0.103 0.873 0.717
46.600 2 0.525 0.103 0.869 0.717
46.640 2 0.528 0.103 0.875 0.717
46.680 2 0.527 0.106 0.870 0.714
46.720 2 0.533 0.103 0.875 0.711
46.760 2 0.525 0.103 0.872 0.719
46.800 2 0.534 0.100 0.883 0.719
46.840 2 0.531 0.100 0.877 0.714
46.880 2 0.533 0.100 0.883 0.722
46.920 2 0.523 0.103 0.872 0.722
46.960 2 0.531 0.103 0.880 0.722
47.000 2 0.525 0.108 0.873 0.728
47.040 2 0.539 0.114 0.861 0.686
47.080 2 0.548 0.117 0.870 0.689
47.120 2 0.545 0.122 0.858 0.678
47.160 2 0.550 0.128 0.864 0.683
47.200 2 0.545 0.125 0.858 0.681
47.240 2 0.547 0.125 0.864 0.689
47.280 2 0.550 0.122 0.869 0.689
47.320 2 0.545 0.122 0.864 0.689
47.360 2 0.547 0.117 0.873 0.697
47.400 2 0.542 0.119 0.863 0.692
47.440 2 0.542 0.119 0.867 0.697
47.480 2 0.544 0.125 0.861 0.689
47.520 2 0.544 0.122 0.861 0.686
47.560 2 0.544 0.122 0.859 0.683
47.600 2 0.536 0.122 0.852 0.683
47.640 2 0.544 0.122 0.861 0.686
47.680 2 0.534 0.128 0.852 0.692
47.720 2 0.530 0.131 0.848 0.700
47.760 2 0.517 0.139 0.833 0.700
47.800 2 0.514 0.142 0.830 0.703
47.840 2 0.528 0.153 0.812 0.656
47.880 2 0.531 0.158 0.811 0.656
47.920 2 0.520 0.142 0.812 0.661
47.960 2 0.533 0.150 0.819 0.658
48.000 2 0.534 0.147 0.825 0.664
48.040 2 0.525 0.139 0.855 0.725
48.080 2 0.527 0.142 0.858 0.733
48.120 2 0.528 0.147 0.859 0.736
48.160 2 0.530 0.158 0.856 0.736
48.200 2 0.533 0.167 0.850 0.731
48.240 2 0.527 0.164 0.839 0.719
48.280 2 0.533 0.161 0.839 0.708
48.320 2 0.527 0.158 0.833 0.700
48.360 2 0.533 0.153 0.836 0.692
48.400 2 0.528 0.144 0.834 0.689
48.440 2 0.528 0.142 0.834 0.686
48.480 2 0.530 0.142 0.834 0.683
48.520 2 0.530 0.136 0.838 0.683
48.560 2 0.531 0.139 0.836 0.681
48.600 2 0.531 0.133 0.839 0.681
48.640 2 0.534 0.136 0.838 0.675
48.680 2 0.536 0.133 0.841 0.672
48.720 2 0.533 0.125 0.836 0.664
48.760 2 0.539 0.128 0.842 0.669
48.800 2 0.533 0.119 0.838 0.661
48.840 2 0.539 0.119 0.845 0.664
48.880 2 0.533 0.114 0.841 0.661
48.920 2 0.534 0.111 0.848 0.669
48.960 2 0.530 0.114 0.842 0.669
49.000 2 0.525 0.108 0.873 0.728
49.040 2 0.527 0.103 0.877 0.725
49.080 2 0.536 0.097 0.883 0.717
49.120 2 0.531 0.089 0.881 0.711
49.160 2 0.539 0.086 0.892 0.711
49.200 2 0.531 0.081 0.886 0.714
49.240 2 0.536 0.083 0.891 0.714
49.280 2 0.534 0.083 0.889 0.714
49.320 2 0.534 0.086 0.889 0.717
49.360 2 0.531 0.094 0.884 0.722
49.400 2 0.530 0.100 0.883 0.725
49.440 2 0.527 0.111 0.877 0.731
49.480 2 0.523 0.117 0.873 0.739
49.520 2 0.523 0.125 0.872 0.742
49.560 2 0.525 0.125 0.873 0.742
49.600 2 0.528 0.119 0.872 0.733
49.640 2 0.528 0.117 0.870 0.725
49.680 2 0.525 0.108 0.866 0.714
49.720 2 0.531 0.108 0.872 0.714
49.760 2 0.525 0.114 0.861 0.711
49.800 2 0.530 0.122 0.864 0.714
49.840 2 0.530 0.122 0.864 0.717
49.880 2 0.528 0.131 0.859 0.719
49.920 2 0.531 0.131 0.863 0.719
49.960 2 0.536 0.128 0.866 0.717
50.000 2 0.525 0.108 0.873 0.728
50.040 2 0.516 0.081 0.870 0.711
50.080 2 0.511 0.081 0.867 0.714
50.120 2 0.508 0.089 0.864 0.719
50.160 2 0.506 0.089 0.861 0.719
50.200 2 0.514 0.089 0.869 0.719
50.240 2 0.505 0.092 0.859 0.722
50.280 2 0.506 0.092 0.861 0.722
50.320 2 0.506 0.089 0.859 0.717
50.360 2 0.505 0.086 0.859 0.717
50.400 2 0.502 0.086 0.856 0.717
50.440 2 0.503 0.083 0.859 0.717
50.480 2 0.495 0.067 0.861 0.719
50.520 2 0.503 0.081 0.858 0.711
50.560 2 0.500 0.083 0.855 0.714
50.600 2 0.508 0.089 0.858 0.711
50.640 2 0.495 0.083 0.848 0.708
50.680 2 0.500 0.086 0.853 0.711
50.720 2 0.497 0.086 0.850 0.714
50.760 2 0.497 0.089 0.848 0.714
50.800 2 0.500 0.092 0.847 0.708
50.840 2 0.497 0.083 0.847 0.706
50.880 2 0.495 0.081 0.844 0.700
50.920 2 0.502 0.075 0.845 0.689
50.960 2 0.500 0.072 0.844 0.681
51.000 2 0.486 0.042 0.834 0.661
51.040 2 0.487 0.053 0.839 0.678
51.080 2 0.487 0.050 0.839 0.675
51.120 2 0.491 0.053 0.842 0.675
51.160 2 0.487 0.050 0.841 0.678
51.200 2 0.492 0.050 0.847 0.681
51.240 2 0.487 0.044 0.850 0.689
51.280 2 0.489 0.047 0.847 0.683
51.320 2 0.497 0.047 0.853 0.681
51.360 2 0.489 0.056 0.841 0.681
51.400 2 0.492 0.056 0.847 0.686
51.440 2 0.484 0.064 0.836 0.686
51.480 2 0.495 0.064 0.845 0.689
51.520 2 0.481 0.056 0.839 0.692
51.560 2 0.492 0.061 0.853 0.703
51.600 2 0.484 0.075 0.838 0.700
51.640 2 0.487 0.072 0.839 0.700
51.680 2 0.483 0.075 0.833 0.700
51.720 2 0.481 0.069 0.841 0.708
51.760 2 0.478 0.075 0.831 0.703
51.800 2 0.487 0.078 0.839 0.706
51.840 2 0.478 0.081 0.833 0.708
51.880 2 0.486 0.083 0.839 0.711
51.920 2 0.484 0.089 0.833 0.708
51.960 2 0.480 0.083 0.834 0.714
52.000 2 0.486 0.108 0.834 0.728
52.040 2 0.480 0.111 0.833 0.736
52.080 2 0.480 0.117 0.828 0.736
52.120 2 0.487 0.119 0.838 0.742
52.160 2 0.477 0.117 0.831 0.744
52.200 2 0.484 0.114 0.841 0.747
52.240 2 0.477 0.108 0.838 0.747
52.280 2 0.483 0.119 0.833 0.742
52.320 2 0.481 0.117 0.831 0.736
52.360 2 0.481 0.117 0.830 0.736
52.400 2 0.477 0.103 0.831 0.731
52.440 2 0.484 0.108 0.834 0.731
52.480 2 0.475 0.108 0.827 0.736
52.520 2 0.480 0.106 0.838 0.742
52.560 2 0.478 0.108 0.830 0.733
52.600 2 0.487 0.114 0.838 0.736
52.640 2 0.477 0.114 0.827 0.736
52.680 2 0.483 0.119 0.830 0.736
52.720 2 0.484 0.122 0.828 0.733
52.760 2 0.484 0.125 0.828 0.733
52.800 2 0.484 0.122 0.830 0.736
52.840 2 0.486 0.122 0.831 0.733
52.880 2 0.484 0.114 0.834 0.733
52.920 2 0.487 0.114 0.833 0.731
52.960 2 0.484 0.106 0.836 0.731
53.000 2 0.486 0.108 0.834 0.728
53.040 2 0.487 0.108 0.831 0.719
53.080 2 0.484 0.111 0.827 0.719
53.120 2 0.487 0.108 0.831 0.722
53.160 2 0.489 0.111 0.834 0.722
53.200 2 0.478 0.108 0.827 0.728
53.240 2 0.487 0.111 0.834 0.728
53.280 2 0.480 0.103 0.831 0.731
53.320 2 0.489 0.122 0.831 0.731
53.360 2 0.478 0.119 0.823 0.733
53.400 2 0.489 0.128 0.833 0.739
53.440 2 0.480 0.128 0.819 0.728
53.480 2 0.484 0.122 0.827 0.731
53.520 2 0.483 0.114 0.830 0.731
53.560 2 0.486 0.114 0.830 0.725
53.600 2 0.484 0.111 0.828 0.722
53.640 2 0.487 0.117 0.830 0.722
53.680 2 0.483 0.117 0.825 0.722
53.720 2 0.492 0.117 0.834 0.722
53.760 2 0.487 0.114 0.831 0.725
53.800 2 0.487 0.114 0.831 0.725
53.840 2 0.489 0.111 0.834 0.725
53.880 2 0.480 0.103 0.836 0.736
53.920 2 0.486 0.106 0.842 0.742
53.960 2 0.484 0.103 0.839 0.736
54.000 2 0.486 0.108 0.834 0.728
54.040 2 0.487 0.114 0.830 0.719
54.080 2 0.498 0.114 0.841 0.722
54.120 2 0.497 0.114 0.838 0.719
54.160 2 0.506 0.114 0.848 0.722
54.200 2 0.498 0.111 0.842 0.722
54.240 2 0.511 0.111 0.858 0.728
54.280 2 0.506 0.111 0.855 0.728
54.320 2 0.509 0.111 0.859 0.733
54.360 2 0.512 0.108 0.866 0.736
54.400 2 0.512 0.111 0.866 0.736
54.440 2 0.516 0.114 0.867 0.739
54.480 2 0.512 0.111 0.866 0.742
54.520 2 0.522 0.117 0.873 0.742
54.560 2 0.519 0.117 0.869 0.742
54.600 2 0.530 0.119 0.880 0.739
54.640 2 0.523 0.117 0.872 0.736
54.680 2 0.536 0.119 0.883 0.736
54.720 2 0.531 0.114 0.878 0.731
54.760 2 0.539 0.108 0.892 0.736
54.800 2 0.534 0.106 0.886 0.728
54.840 2 0.547 0.106 0.897 0.728
54.880 2 0.544 0.106 0.894 0.728
54.920 2 0.547 0.106 0.898 0.728
54.960 2 0.552 0.106 0.905 0.733
55.000 2 0.564 0.108 0.912 0.728
55.040 2 0.575 0.097 0.920 0.711
55.080 2 0.566 0.092 0.919 0.719
55.120 2 0.578 0.094 0.930 0.719
55.160 2 0.575 0.097 0.927 0.719
55.200 2 0.588 0.103 0.938 0.725
55.240 2 0.583 0.103 0.933 0.728
55.280 2 0.591 0.103 0.944 0.731
55.320 2 0.595 0.103 0.950 0.733
55.360 2 0.600 0.106 0.955 0.736
55.400 2 0.598 0.111 0.947 0.731
55.440 2 0.606 0.106 0.956 0.728
55.480 2 0.598 0.100 0.945 0.717
55.520 2 0.600 0.089 0.950 0.711
55.560 2 0.589 0.078 0.939 0.700
55.600 2 0.588 0.069 0.936 0.689
55.640 2 0.583 0.061 0.931 0.678
55.680 2 0.581 0.056 0.928 0.672
55.720 2 0.584 0.058 0.930 0.669
55.760 2 0.570 0.053 0.916 0.667
55.800 2 0.583 0.058 0.925 0.669
55.840 2 0.572 0.058 0.916 0.669
55.880 2 0.577 0.061 0.922 0.672
55.920 2 0.572 0.061 0.916 0.672
55.960 2 0.575 0.061 0.919 0.672
56.000 2 0.564 0.042 0.912 0.661
56.040 2 0.558 0.067 0.900 0.678
56.080 2 0.562 0.067 0.906 0.678
56.120 2 0.556 0.072 0.895 0.672
56.160 2 0.562 0.069 0.903 0.678
56.200 2 0.556 0.075 0.894 0.678
56.240 2 0.555 0.072 0.895 0.681
56.280 2 0.562 0.067 0.905 0.678
56.320 2 0.556 0.064 0.898 0.672
56.360 2 0.566 0.064 0.906 0.669
56.400 2 0.561 0.061 0.900 0.667
56.440 2 0.562 0.064 0.908 0.678
56.480 2 0.558 0.072 0.897 0.675
56.520 2 0.561 0.072 0.906 0.683
56.560 2 0.553 0.078 0.895 0.683
56.600 2 0.555 0.081 0.900 0.692
56.640 2 0.545 0.081 0.889 0.692
56.680 2 0.559 0.083 0.903 0.694
56.720 2 0.550 0.081 0.891 0.686
56.760 2 0.559 0.072 0.905 0.686
56.800 2 0.559 0.072 0.909 0.694
56.840 2 0.561 0.072 0.914 0.697
56.880 2 0.564 0.075 0.916 0.703
56.920 2 0.564 0.078 0.919 0.706
56.960 2 0.566 0.078 0.920 0.708
57.000 2 0.564 0.108 0.912 0.728
57.040 2 0.573 0.119 0.927 0.750
57.080 2 0.577 0.125 0.930 0.753
57.120 2 0.570 0.125 0.923 0.753
57.160 2 0.581 0.131 0.934 0.758
57.200 2 0.569 0.133 0.919 0.758
57.240 2 0.578 0.136 0.930 0.761
57.280 2 0.575 0.128 0.923 0.750
57.320 2 0.588 0.125 0.934 0.742
57.360 2 0.581 0.114 0.931 0.736
57.400 2 0.592 0.108 0.941 0.728
57.440 2 0.583 0.094 0.938 0.725
57.480 2 0.588 0.078 0.945 0.717
57.520 2 0.597 0.086 0.948 0.711
57.560 2 0.591 0.089 0.939 0.708
57.600 2 0.600 0.092 0.945 0.706
57.640 2 0.597 0.092 0.941 0.703
57.680 2 0.597 0.092 0.941 0.703
57.720 2 0.597 0.092 0.939 0.703
57.760 2 0.597 0.097 0.939 0.706
57.800 2 0.597 0.097 0.941 0.706
57.840 2 0.598 0.097 0.942 0.708
57.880 2 0.594 0.094 0.941 0.711
57.920 2 0.603 0.094 0.948 0.708
57.960 2 0.597 0.092 0.944 0.708
58.000 2 0.603 0.108 0.952 0.728
58.040 2 0.603 0.108 0.952 0.728
58.080 2 0.603 0.108 0.953 0.728
58.120 2 0.603 0.111 0.953 0.731
58.160 2 0.588 0.106 0.950 0.750
58.200 2 0.592 0.119 0.953 0.761
58.240 2 0.580 0.133 0.942 0.778
58.280 2 0.567 0.139 0.931 0.786
58.320 2 0.553 0.158 0.920 0.811
58.360 2 0.547 0.172 0.909 0.819
58.400 2 0.537 0.172 0.903 0.822
58.440 2 0.527 0.175 0.891 0.822
58.480 2 0.527 0.178 0.887 0.819
58.320 3 0.611 0.172 0.908 0.703
58.360 3 0.600 0.181 0.898 0.711
58.400 3 0.592 0.197 0.887 0.722
58.440 3 0.575 0.192 0.872 0.719
58.480 3 0.570 0.186 0.870 0.719
58.520 3 0.556 0.189 0.853 0.719
58.560 3 0.552 0.186 0.847 0.714
58.600 3 0.555 0.192 0.848 0.711
58.640 3 0.547 0.194 0.838 0.711
58.680 3 0.548 0.197 0.841 0.714
58.720 3 0.542 0.197 0.833 0.714
58.760 3 0.547 0.208 0.833 0.717
58.800 3 0.537 0.208 0.823 0.717
58.840 3 0.548 0.208 0.839 0.722
58.880 3 0.539 0.206 0.833 0.728
58.920 3 0.539 0.206 0.831 0.725
58.960 3 0.536 0.206 0.828 0.725
59.000 3 0.534 0.206 0.825 0.722
59.040 3 0.516 0.164 0.838 0.736
59.080 3 0.511 0.169 0.833 0.742
59.120 3 0.508 0.175 0.830 0.747
59.160 3 0.505 0.183 0.823 0.750
59.200 3 0.503 0.189 0.822 0.756
59.240 3 0.502 0.194 0.820 0.761
59.280 3 0.500 0.197 0.819 0.764
59.320 3 0.497 0.200 0.816 0.767
59.360 3 0.495 0.206 0.814 0.772
59.400 3 0.491 0.208 0.809 0.775
59.440 3 0.491 0.211 0.809 0.778
59.480 3 0.486 0.211 0.806 0.778
59.520 3 0.483 0.214 0.798 0.775
59.560 3 0.486 0.217 0.798 0.772
59.600 3 0.484 0.217 0.795 0.767
59.640 3 0.484 0.217 0.794 0.767
59.680 3 0.483 0.222 0.787 0.764
59.720 3 0.481 0.225 0.784 0.761
59.760 3 0.483 0.233 0.780 0.764
59.800 3 0.481 0.239 0.777 0.761
59.840 3 0.481 0.244 0.772 0.761
59.880 3 0.481 0.244 0.772 0.761
59.920 3 0.484 0.239 0.775 0.756
59.960 3 0.487 0.236 0.778 0.753
60.000 3 0.489 0.233 0.780 0.747
60.040 3 0.486 0.231 0.773 0.742
60.080 3 0.492 0.233 0.778 0.742
60.120 3 0.484 0.233 0.769 0.739
60.160 3 0.489 0.233 0.773 0.739
60.200 3 0.491 0.236 0.772 0.736
60.240 3 0.492 0.233 0.775 0.736
60.280 3 0.492 0.233 0.775 0.736
60.320 3 0.491 0.231 0.775 0.736
60.360 3 0.492 0.228 0.777 0.733
60.400 3 0.491 0.228 0.777 0.736
60.440 3 0.486 0.225 0.775 0.739
60.480 3 0.486 0.222 0.775 0.739
60.520 3 0.486 0.217 0.778 0.736
60.560 3 0.489 0.211 0.781 0.731
60.600 3 0.484 0.203 0.780 0.728
60.640 3 0.487 0.206 0.783 0.731
60.680 3 0.484 0.206 0.781 0.731
60.720 3 0.487 0.203 0.784 0.733
60.760 3 0.487 0.203 0.786 0.733
60.800 3 0.484 0.203 0.784 0.736
60.840 3 0.484 0.206 0.786 0.739
60.880 3 0.486 0.206 0.786 0.739
60.920 3 0.481 0.206 0.784 0.742
60.960 3 0.489 0.203 0.792 0.742
61.000 3 0.483 0.197 0.787 0.739
61.040 3 0.492 0.192 0.798 0.739
61.080 3 0.486 0.183 0.795 0.733
61.120 3 0.492 0.175 0.806 0.733
61.160 3 0.487 0.169 0.802 0.728
61.200 3 0.492 0.169 0.806 0.728
61.240 3 0.484 0.172 0.794 0.722
61.280 3 0.489 0.178 0.794 0.719
61.320 3 0.480 0.178 0.783 0.717
61.360 3 0.484 0.181 0.786 0.717
61.400 3 0.484 0.181 0.786 0.714
61.440 3 0.481 0.181 0.781 0.714
61.480 3 0.487 0.181 0.789 0.714
61.520 3 0.484 0.183 0.784 0.717
61.560 3 0.494 0.186 0.791 0.717
61.600 3 0.489 0.186 0.787 0.717
61.640 3 0.492 0.189 0.791 0.719
61.680 3 0.492 0.186 0.792 0.719
61.720 3 0.494 0.189 0.795 0.722
61.760 3 0.489 0.186 0.789 0.719
61.800 3 0.492 0.183 0.792 0.719
61.840 3 0.489 0.175 0.794 0.717
61.880 3 0.498 0.181 0.800 0.717
61.920 3 0.491 0.181 0.792 0.717
61.960 3 0.497 0.181 0.798 0.717
62.000 3 0.498 0.178 0.800 0.714
62.040 3 0.497 0.178 0.797 0.711
62.080 3 0.500 0.172 0.802 0.708
62.120 3 0.498 0.169 0.798 0.703
62.160 3 0.500 0.167 0.805 0.708
62.200 3 0.498 0.164 0.802 0.703
62.240 3 0.502 0.158 0.809 0.706
62.280 3 0.500 0.158 0.806 0.706
62.320 3 0.500 0.158 0.806 0.700
62.360 3 0.503 0.156 0.809 0.700
62.400 3 0.508 0.153 0.817 0.703
62.440 3 0.497 0.153 0.808 0.703
62.480 3 0.508 0.153 0.819 0.706
62.520 3 0.502 0.150 0.814 0.706
62.560 3 0.500 0.147 0.816 0.708
62.600 3 0.500 0.150 0.814 0.708
62.640 3 0.495 0.144 0.817 0.717
62.680 3 0.497 0.150 0.812 0.711
62.720 3 0.502 0.156 0.817 0.717
62.760 3 0.497 0.153 0.812 0.714
62.800 3 0.508 0.156 0.822 0.714
62.840 3 0.505 0.158 0.819 0.717
62.880 3 0.503 0.156 0.817 0.717
62.920 3 0.506 0.156 0.820 0.714
62.960 3 0.500 0.156 0.814 0.711
63.000 3 0.486 0.108 0.834 0.728
63.040 3 0.495 0.111 0.842 0.728
63.080 3 0.489 0.108 0.836 0.728
63.120 3 0.500 0.111 0.847 0.728
63.160 3 0.475 0.092 0.834 0.733
63.200 3 0.495 0.103 0.853 0.739
63.240 3 0.475 0.094 0.834 0.733
63.280 3 0.495 0.103 0.855 0.742
63.320 3 0.477 0.103 0.836 0.742
63.360 3 0.495 0.114 0.841 0.728
63.400 3 0.492 0.111 0.838 0.722
63.440 3 0.502 0.114 0.844 0.722
63.480 3 0.494 0.111 0.838 0.722
63.520 3 0.494 0.111 0.838 0.722
63.560 3 0.497 0.111 0.839 0.719
63.600 3 0.508 0.114 0.848 0.722
63.640 3 0.484 0.100 0.833 0.719
73.760 4 0.527 0.106 0.753 0.508
73.800 4 0.533 0.100 0.762 0.506
73.840 4 0.544 0.083 0.778 0.500
73.880 4 0.550 0.078 0.789 0.503
73.920 4 0.542 0.072 0.786 0.506
73.960 4 0.552 0.075 0.792 0.503
74.000 4 0.552 0.075 0.794 0.506
74.040 4 0.555 0.086 0.797 0.517
74.080 4 0.561 0.083 0.806 0.519
74.120 4 0.562 0.089 0.805 0.519
74.160 4 0.562 0.083 0.809 0.522
74.200 4 0.567 0.083 0.814 0.522
74.240 4 0.567 0.086 0.811 0.519
74.280 4 0.573 0.083 0.820 0.519
74.320 4 0.577 0.083 0.820 0.517
74.360 4 0.580 0.092 0.822 0.522
74.400 4 0.589 0.092 0.831 0.519
74.440 4 0.588 0.097 0.828 0.525
74.480 4 0.594 0.100 0.836 0.528
74.520 4 0.592 0.100 0.833 0.528
74.560 4 0.598 0.103 0.839 0.531
74.600 4 0.595 0.103 0.838 0.533
74.640 4 0.600 0.097 0.845 0.533
74.680 4 0.597 0.097 0.841 0.531
74.720 4 0.603 0.097 0.844 0.528
74.760 4 0.602 0.094 0.847 0.531
74.800 4 0.603 0.097 0.847 0.531
74.840 4 0.608 0.103 0.845 0.525
74.880 4 0.611 0.103 0.847 0.522
74.920 4 0.605 0.108 0.842 0.528
74.960 4 0.611 0.108 0.848 0.533
75.000 4 0.606 0.122 0.848 0.553
75.040 4 0.602 0.114 0.842 0.542
75.080 4 0.603 0.117 0.842 0.544
75.120 4 0.598 0.119 0.842 0.553
75.160 4 0.605 0.122 0.848 0.556
75.200 4 0.600 0.119 0.845 0.558
75.240 4 0.603 0.139 0.839 0.558
75.280 4 0.602 0.142 0.834 0.556
75.320 4 0.606 0.142 0.842 0.558
75.360 4 0.600 0.144 0.834 0.561
75.400 4 0.606 0.144 0.841 0.561
75.440 4 0.602 0.147 0.838 0.567
75.480 4 0.605 0.153 0.841 0.572
75.520 4 0.609 0.156 0.844 0.572
75.560 4 0.608 0.158 0.839 0.572
75.600 4 0.613 0.156 0.848 0.575
75.640 4 0.606 0.156 0.839 0.569
75.680 4 0.613 0.153 0.852 0.578
75.720 4 0.611 0.150 0.844 0.564
75.760 4 0.620 0.153 0.853 0.564
75.800 4 0.613 0.150 0.847 0.567
75.840 4 0.619 0.144 0.856 0.567
75.880 4 0.613 0.144 0.850 0.567
75.920 4 0.616 0.147 0.855 0.572
75.960 4 0.614 0.142 0.853 0.569
76.000 4 0.606 0.122 0.848 0.553
76.040 4 0.606 0.136 0.853 0.572
76.080 4 0.598 0.131 0.848 0.572
76.120 4 0.602 0.125 0.853 0.572
76.160 4 0.603 0.128 0.853 0.569
76.200 4 0.597 0.122 0.852 0.572
76.240 4 0.598 0.122 0.853 0.572
76.280 4 0.600 0.131 0.847 0.567
76.320 4 0.602 0.131 0.845 0.564
76.360 4 0.597 0.125 0.850 0.575
76.400 4 0.592 0.133 0.842 0.575
76.440 4 0.592 0.131 0.848 0.583
76.480 4 0.591 0.142 0.841 0.586
76.520 4 0.598 0.150 0.847 0.592
76.560 4 0.588 0.147 0.838 0.589
76.600 4 0.598 0.153 0.845 0.589
76.640 4 0.591 0.147 0.839 0.586
76.680 4 0.600 0.150 0.848 0.589
76.720 4 0.589 0.147 0.836 0.586
76.760 4 0.598 0.150 0.848 0.592
76.800 4 0.597 0.150 0.842 0.581
76.840 4 0.605 0.147 0.852 0.583
76.880 4 0.605 0.150 0.848 0.583
76.920 4 0.603 0.147 0.855 0.592
76.960 4 0.602 0.150 0.848 0.586
77.000 4 0.606 0.172 0.848 0.600
77.040 4 0.609 0.158 0.848 0.583
77.080 4 0.609 0.158 0.848 0.581
77.120 4 0.606 0.153 0.847 0.578
77.160 4 0.603 0.147 0.844 0.572
77.200 4 0.602 0.144 0.842 0.569
77.240 4 0.602 0.139 0.841 0.567
77.280 4 0.600 0.139 0.839 0.564
77.320 4 0.597 0.136 0.838 0.567
77.360 4 0.598 0.136 0.842 0.567
77.400 4 0.595 0.136 0.839 0.567
77.440 4 0.594 0.142 0.833 0.564
77.480 4 0.597 0.136 0.842 0.569
77.520 4 0.591 0.133 0.838 0.569
77.560 4 0.597 0.133 0.844 0.572
77.600 4 0.595 0.136 0.841 0.569
77.640 4 0.598 0.142 0.839 0.569
77.680 4 0.600 0.144 0.839 0.569
77.720 4 0.602 0.142 0.842 0.569
77.760 4 0.603 0.139 0.845 0.567
77.800 4 0.605 0.139 0.847 0.569
77.840 4 0.606 0.139 0.848 0.567
77.880 4 0.606 0.136 0.850 0.567
77.920 4 0.603 0.136 0.844 0.564
77.960 4 0.609 0.133 0.853 0.567
78.000 4 0.606 0.122 0.848 0.553
78.040 4 0.605 0.094 0.845 0.522
78.080 4 0.602 0.094 0.844 0.528
78.120 4 0.600 0.103 0.841 0.531
78.160 4 0.597 0.103 0.838 0.531
78.200 4 0.591 0.103 0.831 0.531
78.240 4 0.584 0.108 0.825 0.536
78.280 4 0.578 0.111 0.816 0.536
78.320 4 0.570 0.108 0.809 0.531
78.360 4 0.566 0.106 0.805 0.531
78.400 4 0.562 0.103 0.800 0.528
78.440 4 0.558 0.100 0.798 0.528
78.480 4 0.555 0.103 0.797 0.531
78.520 4 0.556 0.103 0.797 0.531
78.560 4 0.552 0.106 0.792 0.533
78.600 4 0.550 0.108 0.791 0.536
78.640 4 0.548 0.108 0.787 0.533
78.680 4 0.545 0.106 0.784 0.531
78.720 4 0.542 0.103 0.781 0.525
78.760 4 0.541 0.094 0.778 0.519
78.800 4 0.537 0.089 0.777 0.514
78.840 4 0.534 0.081 0.773 0.508
78.880 4 0.537 0.083 0.775 0.506
78.920 4 0.530 0.081 0.769 0.506
78.960 4 0.536 0.081 0.775 0.506
79.000 4 0.533 0.078 0.773 0.506
79.040 4 0.531 0.075 0.772 0.503
79.080 4 0.530 0.072 0.772 0.503
79.120 4 0.530 0.069 0.772 0.500
79.160 4 0.530 0.067 0.770 0.497
79.200 4 0.528 0.067 0.770 0.494
79.240 4 0.525 0.061 0.769 0.492
79.280 4 0.530 0.064 0.772 0.494
79.320 4 0.523 0.064 0.766 0.497
79.360 4 0.531 0.067 0.773 0.497
79.400 4 0.525 0.064 0.766 0.494
79.440 4 0.531 0.069 0.773 0.500
79.480 4 0.528 0.069 0.769 0.500
79.520 4 0.530 0.075 0.769 0.500
79.560 4 0.522 0.075 0.762 0.503
79.600 4 0.530 0.075 0.769 0.500
79.640 4 0.531 0.081 0.766 0.497
79.680 4 0.523 0.075 0.761 0.497
79.720 4 0.528 0.067 0.769 0.494
79.760 4 0.520 0.064 0.762 0.494
79.800 4 0.525 0.061 0.769 0.494
79.840 4 0.519 0.056 0.764 0.492
79.880 4 0.522 0.056 0.766 0.492
79.920 4 0.523 0.056 0.769 0.489
79.960 4 0.523 0.053 0.769 0.489
80.000 4 0.525 0.028 0.767 0.458
80.040 4 0.531 0.025 0.773 0.453
80.080 4 0.525 0.033 0.762 0.456
80.120 4 0.531 0.025 0.773 0.453
80.160 4 0.522 0.025 0.758 0.444
80.200 4 0.530 0.025 0.766 0.444
80.240 4 0.522 0.022 0.758 0.442
80.280 4 0.520 0.028 0.759 0.450
80.320 4 0.516 0.033 0.753 0.456
80.360 4 0.519 0.031 0.759 0.458
80.400 4 0.519 0.031 0.759 0.458
80.440 4 0.527 0.033 0.764 0.453
80.480 4 0.516 0.031 0.753 0.453
80.520 4 0.527 0.033 0.764 0.456
80.560 4 0.519 0.036 0.756 0.458
80.600 4 0.522 0.042 0.758 0.461
80.640 4 0.522 0.044 0.758 0.464
80.680 4 0.517 0.044 0.752 0.464
80.720 4 0.525 0.044 0.759 0.461
80.760 4 0.519 0.042 0.756 0.464
80.800 4 0.519 0.042 0.756 0.464
80.840 4 0.519 0.042 0.756 0.467
80.880 4 0.528 0.044 0.762 0.464
80.920 4 0.517 0.042 0.752 0.461
80.960 4 0.530 0.042 0.766 0.461
81.000 4 0.527 0.039 0.761 0.458
81.040 4 0.525 0.039 0.761 0.458
81.080 4 0.520 0.042 0.755 0.458
81.120 4 0.534 0.042 0.767 0.458
81.160 4 0.523 0.036 0.762 0.461
81.200 4 0.528 0.044 0.764 0.464
81.240 4 0.530 0.047 0.767 0.467
81.280 4 0.531 0.047 0.767 0.467
81.320 4 0.531 0.047 0.767 0.467
81.360 4 0.533 0.050 0.767 0.467
81.400 4 0.533 0.053 0.767 0.469
81.440 4 0.533 0.058 0.767 0.475
81.480 4 0.534 0.064 0.766 0.475
81.520 4 0.528 0.067 0.759 0.481
81.560 4 0.533 0.078 0.762 0.486
81.600 4 0.525 0.083 0.756 0.494
113.520 5 0.325 0.139 0.503 0.456
113.560 5 0.319 0.144 0.497 0.461
113.600 5 0.328 0.144 0.506 0.461
113.640 5 0.323 0.144 0.502 0.461
113.680 5 0.325 0.144 0.503 0.461
113.720 5 0.327 0.144 0.505 0.464
113.760 5 0.328 0.150 0.506 0.467
113.800 5 0.325 0.150 0.503 0.464
113.840 5 0.331 0.150 0.508 0.464
113.880 5 0.330 0.150 0.506 0.464
113.920 5 0.339 0.147 0.516 0.464
113.960 5 0.333 0.150 0.511 0.464
114.000 5 0.333 0.147 0.509 0.464
114.040 5 0.331 0.144 0.509 0.464
114.080 5 0.333 0.150 0.509 0.464
114.120 5 0.328 0.150 0.503 0.461
114.160 5 0.325 0.150 0.502 0.464
114.200 5 0.320 0.158 0.494 0.467
114.240 5 0.308 0.164 0.480 0.469
114.280 5 0.298 0.167 0.470 0.472
114.320 5 0.289 0.175 0.461 0.481
114.360 5 0.286 0.183 0.453 0.481
114.400 5 0.280 0.186 0.448 0.486
114.440 5 0.273 0.192 0.444 0.492
114.480 5 0.270 0.200 0.438 0.497
114.520 5 0.266 0.203 0.434 0.503
114.560 5 0.261 0.208 0.430 0.508
114.600 5 0.263 0.211 0.431 0.511
114.640 5 0.258 0.214 0.427 0.514
114.680 5 0.259 0.214 0.427 0.514
114.720 5 0.261 0.219 0.427 0.514
114.760 5 0.255 0.217 0.423 0.517
114.800 5 0.258 0.217 0.427 0.517
114.840 5 0.253 0.219 0.422 0.517
114.880 5 0.253 0.219 0.422 0.517
114.920 5 0.253 0.219 0.422 0.517
114.960 5 0.252 0.217 0.420 0.517
115.000 5 0.252 0.217 0.420 0.517
115.040 5 0.255 0.214 0.422 0.514
115.080 5 0.253 0.211 0.422 0.514
115.120 5 0.256 0.214 0.423 0.514
115.160 5 0.252 0.211 0.420 0.514
115.200 5 0.258 0.206 0.428 0.511
115.240 5 0.252 0.203 0.423 0.511
115.280 5 0.256 0.206 0.427 0.508
115.320 5 0.250 0.206 0.420 0.508
115.360 5 0.253 0.206 0.422 0.506
115.400 5 0.250 0.203 0.417 0.503
115.440 5 0.252 0.203 0.419 0.503
115.480 5 0.248 0.206 0.414 0.503
115.520 5 0.252 0.211 0.417 0.508
115.560 5 0.245 0.214 0.412 0.511
115.600 5 0.248 0.214 0.416 0.514
115.640 5 0.242 0.219 0.411 0.522
115.680 5 0.245 0.222 0.416 0.528
115.720 5 0.245 0.236 0.411 0.531
115.760 5 0.248 0.242 0.411 0.533
115.800 5 0.245 0.244 0.406 0.533
115.840 5 0.245 0.244 0.412 0.542
115.880 5 0.237 0.244 0.408 0.547
115.920 5 0.237 0.250 0.405 0.550
115.960 5 0.231 0.250 0.400 0.550
116.000 5 0.234 0.250 0.402 0.550
116.040 5 0.225 0.239 0.412 0.575
116.080 5 0.225 0.239 0.412 0.572
116.120 5 0.231 0.233 0.420 0.569
116.160 5 0.230 0.225 0.419 0.561
116.200 5 0.231 0.214 0.420 0.553
116.240 5 0.230 0.206 0.419 0.542
116.280 5 0.233 0.197 0.420 0.533
116.320 5 0.233 0.192 0.417 0.519
116.360 5 0.237 0.186 0.420 0.511
116.400 5 0.233 0.183 0.414 0.506
116.440 5 0.234 0.178 0.417 0.503
116.480 5 0.231 0.172 0.416 0.500
116.520 5 0.230 0.169 0.412 0.497
116.560 5 0.231 0.169 0.416 0.497
116.600 5 0.231 0.161 0.414 0.492
116.640 5 0.230 0.156 0.412 0.486
116.680 5 0.223 0.153 0.408 0.483
116.720 5 0.223 0.150 0.408 0.478
116.760 5 0.217 0.144 0.403 0.475
116.800 5 0.220 0.142 0.405 0.472
116.840 5 0.220 0.133 0.406 0.464
116.880 5 0.220 0.128 0.405 0.456
116.920 5 0.219 0.122 0.400 0.450
116.960 5 0.222 0.117 0.405 0.442
117.000 5 0.214 0.103 0.416 0.461
117.040 5 0.214 0.094 0.412 0.444
117.080 5 0.217 0.089 0.414 0.442
117.120 5 0.211 0.086 0.409 0.439
117.160 5 0.216 0.083 0.414 0.436
117.200 5 0.209 0.083 0.408 0.436
117.240 5 0.216 0.083 0.414 0.436
117.280 5 0.209 0.081 0.409 0.436
117.320 5 0.209 0.081 0.408 0.436
117.360 5 0.208 0.075 0.406 0.431
117.400 5 0.208 0.075 0.406 0.431
117.440 5 0.202 0.078 0.400 0.431
117.480 5 0.203 0.078 0.400 0.428
117.520 5 0.205 0.078 0.402 0.428
117.560 5 0.200 0.078 0.395 0.425
117.600 5 0.202 0.078 0.397 0.425
117.640 5 0.203 0.078 0.398 0.425
117.680 5 0.205 0.078 0.402 0.425
117.720 5 0.208 0.078 0.403 0.425
117.760 5 0.211 0.078 0.405 0.425
117.800 5 0.211 0.078 0.406 0.425
117.840 5 0.209 0.081 0.403 0.425
117.880 5 0.216 0.083 0.408 0.428
117.920 5 0.209 0.083 0.402 0.428
117.960 5 0.214 0.086 0.409 0.431
118.000 5 0.209 0.086 0.405 0.433
118.040 5 0.212 0.089 0.408 0.436
118.080 5 0.212 0.089 0.408 0.439
118.120 5 0.211 0.092 0.408 0.442
118.160 5 0.211 0.094 0.408 0.442
118.200 5 0.212 0.097 0.408 0.447
118.240 5 0.212 0.097 0.408 0.447
118.280 5 0.217 0.097 0.412 0.444
118.320 5 0.212 0.094 0.409 0.444
118.360 5 0.211 0.097 0.408 0.444
118.400 5 0.211 0.092 0.408 0.442
118.440 5 0.212 0.089 0.411 0.439
118.480 5 0.212 0.089 0.411 0.442
118.520 5 0.212 0.083 0.412 0.439
118.560 5 0.214 0.081 0.414 0.439
118.600 5 0.214 0.081 0.416 0.442
118.640 5 0.216 0.081 0.419 0.444
118.680 5 0.214 0.081 0.419 0.444
118.720 5 0.219 0.081 0.423 0.444
118.760 5 0.223 0.081 0.428 0.444
118.800 5 0.225 0.078 0.431 0.444
118.840 5 0.231 0.075 0.438 0.442
118.880 5 0.234 0.075 0.441 0.442
118.920 5 0.237 0.075 0.442 0.442
118.960 5 0.237 0.075 0.444 0.442
119.000 5 0.242 0.078 0.448 0.444
119.040 5 0.245 0.075 0.450 0.442
119.080 5 0.247 0.075 0.453 0.442
119.120 5 0.242 0.075 0.448 0.442
119.160 5 0.247 0.078 0.453 0.444
119.200 5 0.244 0.078 0.450 0.444
119.240 5 0.250 0.075 0.456 0.442
119.280 5 0.247 0.072 0.452 0.439
119.320 5 0.252 0.069 0.458 0.436
119.360 5 0.247 0.067 0.455 0.436
119.400 5 0.248 0.069 0.455 0.439
119.440 5 0.248 0.069 0.455 0.436
119.480 5 0.255 0.072 0.459 0.439
119.520 5 0.252 0.072 0.458 0.436
119.560 5 0.258 0.072 0.463 0.436
119.600 5 0.258 0.075 0.463 0.436
119.640 5 0.263 0.075 0.467 0.439
119.680 5 0.266 0.075 0.470 0.439
119.720 5 0.263 0.078 0.469 0.444
119.760 5 0.263 0.081 0.469 0.444
119.800 5 0.266 0.081 0.470 0.444
119.840 5 0.269 0.083 0.473 0.444
119.880 5 0.272 0.083 0.475 0.444
119.920 5 0.273 0.086 0.475 0.444
119.960 5 0.275 0.089 0.477 0.447
120.000 5 0.277 0.089 0.478 0.450
120.040 5 0.277 0.089 0.480 0.450
120.080 5 0.280 0.092 0.481 0.450
120.120 5 0.278 0.092 0.480 0.450
120.160 5 0.284 0.092 0.486 0.450
120.200 5 0.283 0.092 0.483 0.447
120.240 5 0.289 0.089 0.489 0.444
120.280 5 0.286 0.089 0.484 0.442
120.320 5 0.291 0.086 0.491 0.442
120.360 5 0.287 0.083 0.487 0.439
120.400 5 0.289 0.081 0.489 0.433
120.440 5 0.287 0.078 0.487 0.433
120.480 5 0.284 0.078 0.486 0.436
120.520 5 0.289 0.078 0.489 0.433
120.560 5 0.283 0.078 0.484 0.436
120.600 5 0.284 0.078 0.487 0.436
120.640 5 0.280 0.078 0.481 0.436
120.680 5 0.284 0.083 0.486 0.442
120.720 5 0.281 0.083 0.483 0.444
120.760 5 0.280 0.083 0.483 0.444
120.800 5 0.272 0.089 0.473 0.447
120.840 5 0.264 0.097 0.464 0.453
120.880 5 0.256 0.097 0.458 0.453
120.920 5 0.247 0.103 0.447 0.458
120.960 5 0.239 0.108 0.439 0.464
121.000 5 0.236 0.103 0.438 0.461
121.040 5 0.219 0.083 0.441 0.478
121.080 5 0.216 0.083 0.439 0.481
121.120 5 0.212 0.083 0.441 0.489
121.160 5 0.211 0.089 0.438 0.492
121.200 5 0.209 0.089 0.438 0.494
121.240 5 0.211 0.097 0.434 0.494
121.280 5 0.208 0.094 0.434 0.500
121.320 5 0.208 0.100 0.431 0.497
121.360 5 0.208 0.103 0.431 0.500
121.400 5 0.206 0.100 0.433 0.503
121.440 5 0.206 0.103 0.428 0.500
121.480 5 0.209 0.103 0.433 0.497
121.520 5 0.214 0.108 0.434 0.500
121.560 5 0.212 0.114 0.430 0.500
121.600 5 0.216 0.108 0.439 0.506
121.640 5 0.216 0.108 0.434 0.497
121.680 5 0.219 0.114 0.434 0.497
121.720 5 0.216 0.114 0.433 0.500
121.760 5 0.214 0.106 0.439 0.503
121.800 5 0.216 0.106 0.436 0.500
121.840 5 0.216 0.108 0.438 0.503
121.880 5 0.214 0.111 0.434 0.500
121.920 5 0.216 0.106 0.438 0.500
121.960 5 0.217 0.103 0.439 0.497
122.000 5 0.203 0.075 0.445 0.506
122.040 5 0.209 0.083 0.441 0.494
122.080 5 0.208 0.089 0.438 0.494
122.120 5 0.212 0.092 0.439 0.494
122.160 5 0.206 0.089 0.433 0.492
122.200 5 0.208 0.083 0.438 0.492
122.240 5 0.200 0.081 0.430 0.486
122.280 5 0.203 0.078 0.434 0.489
122.320 5 0.197 0.075 0.430 0.486
122.360 5 0.202 0.069 0.439 0.492
122.400 5 0.197 0.064 0.439 0.494
122.440 5 0.203 0.064 0.444 0.492
122.480 5 0.209 0.067 0.448 0.494
122.520 5 0.214 0.069 0.453 0.497
122.560 5 0.214 0.067 0.458 0.500
122.600 5 0.217 0.058 0.463 0.497
122.640 5 0.220 0.056 0.466 0.494
122.680 5 0.217 0.047 0.470 0.500
122.720 5 0.217 0.042 0.473 0.497
122.760 5 0.219 0.042 0.473 0.494
122.800 5 0.222 0.039 0.475 0.489
122.840 5 0.223 0.033 0.477 0.483
122.880 5 0.223 0.028 0.480 0.483
122.920 5 0.219 0.028 0.473 0.481
122.960 5 0.220 0.025 0.473 0.475
123.000 5 0.230 0.028 0.472 0.458
123.040 5 0.234 0.050 0.458 0.447
123.080 5 0.230 0.050 0.450 0.442
123.120 5 0.231 0.039 0.455 0.436
123.160 5 0.228 0.036 0.450 0.431
123.200 5 0.228 0.033 0.450 0.428
123.240 5 0.228 0.028 0.453 0.431
123.280 5 0.228 0.028 0.456 0.431
123.320 5 0.231 0.025 0.458 0.428
123.360 5 0.231 0.022 0.459 0.428
123.400 5 0.231 0.014 0.464 0.431
123.440 5 0.233 0.014 0.466 0.428
123.480 5 0.236 0.014 0.470 0.431
123.520 5 0.237 0.014 0.470 0.425
123.560 5 0.241 0.011 0.473 0.422
123.600 5 0.244 0.011 0.473 0.419
123.640 5 0.247 0.006 0.477 0.414
123.680 5 0.248 0.006 0.477 0.411
123.720 5 0.252 0.006 0.480 0.408
123.760 5 0.253 0.003 0.481 0.406
123.800 5 0.263 -0.003 0.487 0.397
123.840 5 0.259 -0.008 0.487 0.397
123.880 5 0.266 -0.011 0.497 0.397
123.920 5 0.263 -0.017 0.492 0.392
123.960 5 0.267 -0.022 0.498 0.389
124.000 5 0.264 -0.025 0.495 0.386
124.040 5 0.273 -0.025 0.505 0.386
124.080 5 0.263 -0.031 0.494 0.381
124.120 5 0.275 -0.025 0.503 0.381
124.160 5 0.270 -0.031 0.500 0.378
124.200 5 0.277 -0.033 0.506 0.375
124.240 5 0.277 -0.033 0.506 0.375
124.280 5 0.277 -0.031 0.506 0.378
124.320 5 0.277 -0.033 0.506 0.378
124.360 5 0.284 -0.028 0.512 0.378
124.400 5 0.284 -0.031 0.514 0.378
124.440 5 0.287 -0.031 0.517 0.378
124.480 5 0.292 -0.031 0.520 0.375
124.520 5 0.294 -0.031 0.520 0.375
124.560 5 0.297 -0.031 0.525 0.375
124.600 5 0.295 -0.033 0.525 0.372
124.640 5 0.295 -0.036 0.525 0.372
124.680 5 0.300 -0.039 0.530 0.372
124.720 5 0.291 -0.039 0.519 0.367
124.760 5 0.295 -0.036 0.523 0.372
124.800 5 0.289 -0.036 0.517 0.369
124.840 5 0.292 -0.036 0.522 0.375
124.880 5 0.284 -0.028 0.514 0.381
124.920 5 0.289 -0.025 0.520 0.383
124.960 5 0.283 -0.022 0.512 0.386
125.000 5 0.286 -0.017 0.516 0.389
125.040 5 0.281 -0.017 0.509 0.392
125.080 5 0.287 -0.011 0.516 0.397
125.120 5 0.284 -0.003 0.512 0.403
125.160 5 0.287 0.003 0.516 0.408
125.200 5 0.287 0.008 0.517 0.414
125.240 5 0.289 0.014 0.519 0.422
125.280 5 0.286 0.017 0.516 0.422
125.320 5 0.284 0.014 0.516 0.425
125.360 5 0.284 0.017 0.514 0.425
125.400 5 0.281 0.014 0.509 0.419
125.440 5 0.281 0.022 0.506 0.419
125.480 5 0.272 0.017 0.500 0.419
125.520 5 0.272 0.017 0.498 0.419
125.560 5 0.269 0.019 0.494 0.419
125.600 5 0.266 0.017 0.495 0.425
125.640 5 0.261 0.017 0.494 0.431
125.680 5 0.261 0.019 0.494 0.433
125.720 5 0.259 0.022 0.495 0.442
125.760 5 0.256 0.028 0.492 0.444
125.800 5 0.253 0.025 0.491 0.447
125.840 5 0.247 0.022 0.486 0.447
125.880 5 0.245 0.017 0.487 0.447
125.920 5 0.248 0.019 0.491 0.447
125.960 5 0.244 0.017 0.484 0.444
126.000 5 0.258 0.064 0.459 0.422
126.040 5 0.266 0.067 0.463 0.417
126.080 5 0.259 0.058 0.461 0.417
126.120 5 0.259 0.056 0.461 0.414
126.160 5 0.258 0.050 0.461 0.411
126.200 5 0.263 0.050 0.467 0.411
126.240 5 0.255 0.042 0.463 0.411
126.280 5 0.261 0.053 0.463 0.414
126.320 5 0.261 0.056 0.464 0.414
126.360 5 0.263 0.058 0.463 0.414
126.400 5 0.269 0.061 0.467 0.414
126.440 5 0.256 0.056 0.456 0.411
126.480 5 0.255 0.061 0.458 0.422
126.520 5 0.269 0.072 0.466 0.419
126.560 5 0.267 0.056 0.469 0.414
126.600 5 0.272 0.053 0.473 0.411
126.640 5 0.278 0.047 0.480 0.403
126.680 5 0.284 0.042 0.486 0.400
126.720 5 0.292 0.039 0.494 0.397
126.760 5 0.300 0.039 0.498 0.394
126.800 5 0.298 0.039 0.495 0.389
126.840 5 0.303 0.036 0.500 0.386
126.880 5 0.292 0.036 0.489 0.383
126.920 5 0.300 0.033 0.495 0.383
126.960 5 0.297 0.033 0.494 0.381
127.000 5 0.302 0.031 0.498 0.381
127.040 5 0.291 0.033 0.487 0.383
127.080 5 0.295 0.039 0.491 0.383
127.120 5 0.295 0.039 0.489 0.383
127.160 5 0.295 0.039 0.489 0.381
127.200 5 0.289 0.036 0.483 0.381
127.240 5 0.283 0.039 0.477 0.383
127.280 5 0.284 0.042 0.478 0.386
127.320 5 0.289 0.039 0.483 0.386
127.360 5 0.278 0.039 0.472 0.383
127.400 5 0.287 0.042 0.483 0.389
127.440 5 0.280 0.036 0.473 0.383
127.480 5 0.289 0.039 0.484 0.386
127.520 5 0.287 0.033 0.483 0.381
127.560 5 0.289 0.036 0.484 0.383
127.600 5 0.291 0.039 0.486 0.386
127.640 5 0.292 0.042 0.489 0.392
127.680 5 0.295 0.042 0.492 0.394
127.720 5 0.297 0.044 0.495 0.397
127.760 5 0.289 0.050 0.489 0.403
127.800 5 0.284 0.053 0.484 0.406
127.840 5 0.280 0.053 0.480 0.408
127.880 5 0.284 0.053 0.486 0.411
127.920 5 0.273 0.053 0.475 0.408
127.960 5 0.272 0.050 0.475 0.411
128.000 5 0.270 0.047 0.473 0.408
128.040 5 0.277 0.042 0.478 0.400
128.080 5 0.273 0.036 0.475 0.397
128.120 5 0.281 0.036 0.481 0.389
128.160 5 0.275 0.033 0.473 0.386
128.200 5 0.284 0.039 0.483 0.394
128.240 5 0.277 0.044 0.477 0.400
128.280 5 0.281 0.047 0.481 0.406
128.320 5 0.273 0.047 0.475 0.406
128.360 5 0.267 0.050 0.469 0.406
128.400 5 0.256 0.053 0.456 0.411
128.440 5 0.241 0.061 0.441 0.417
128.480 5 0.230 0.058 0.430 0.411
128.520 5 0.219 0.064 0.417 0.417
128.560 5 0.205 0.067 0.402 0.419
128.600 5 0.189 0.072 0.386 0.422
128.640 5 0.178 0.078 0.375 0.425
128.560 6 0.222 0.094 0.428 0.464
128.600 6 0.206 0.100 0.411 0.467
128.640 6 0.194 0.103 0.402 0.472
128.680 6 0.183 0.103 0.389 0.467
128.720 6 0.180 0.100 0.386 0.464
128.760 6 0.177 0.100 0.381 0.464
128.800 6 0.175 0.100 0.378 0.464
128.840 6 0.175 0.097 0.378 0.461
128.880 6 0.175 0.097 0.383 0.469
128.920 6 0.172 0.100 0.373 0.458
128.960 6 0.175 0.100 0.375 0.456
129.000 6 0.169 0.103 0.370 0.461
129.040 6 0.155 0.081 0.378 0.481
129.080 6 0.158 0.086 0.380 0.483
129.120 6 0.150 0.089 0.373 0.483
129.160 6 0.155 0.089 0.378 0.486
129.200 6 0.152 0.086 0.375 0.483
129.240 6 0.155 0.083 0.378 0.481
129.280 6 0.152 0.081 0.375 0.478
129.320 6 0.155 0.081 0.378 0.478
129.360 6 0.156 0.072 0.381 0.475
129.400 6 0.159 0.069 0.386 0.472
129.440 6 0.161 0.067 0.388 0.472
129.480 6 0.164 0.064 0.391 0.469
129.520 6 0.166 0.067 0.391 0.467
129.560 6 0.169 0.064 0.392 0.461
129.600 6 0.173 0.061 0.402 0.464
129.640 6 0.175 0.064 0.400 0.464
129.680 6 0.178 0.067 0.403 0.467
129.720 6 0.180 0.067 0.406 0.472
129.760 6 0.180 0.067 0.406 0.469
129.800 6 0.191 0.072 0.416 0.469
129.840 6 0.186 0.069 0.411 0.469
129.880 6 0.194 0.069 0.417 0.469
129.920 6 0.200 0.064 0.425 0.461
129.960 6 0.205 0.061 0.427 0.456
130.000 6 0.203 0.028 0.445 0.458
130.040 6 0.217 0.028 0.459 0.458
130.080 6 0.223 0.019 0.466 0.450
130.120 6 0.222 0.014 0.464 0.444
130.160 6 0.230 0.017 0.467 0.442
130.200 6 0.225 0.017 0.463 0.439
130.240 6 0.233 0.017 0.470 0.439
130.280 6 0.228 0.017 0.466 0.439
130.320 6 0.234 0.014 0.475 0.439
130.360 6 0.230 0.008 0.472 0.439
130.400 6 0.239 0.008 0.480 0.436
130.440 6 0.237 0.006 0.477 0.431
130.480 6 0.244 0.003 0.486 0.431
130.520 6 0.239 0.000 0.481 0.431
130.560 6 0.248 0.000 0.489 0.428
130.600 6 0.247 -0.006 0.489 0.425
130.640 6 0.256 -0.006 0.497 0.422
130.680 6 0.253 -0.008 0.495 0.419
130.720 6 0.264 -0.008 0.502 0.414
130.760 6 0.261 -0.014 0.502 0.411
130.800 6 0.261 -0.011 0.502 0.417
130.840 6 0.255 -0.008 0.497 0.419
130.880 6 0.259 -0.008 0.502 0.422
130.920 6 0.253 -0.008 0.497 0.425
153.800 7 0.139 0.164 0.237 0.336
153.840 7 0.141 0.167 0.237 0.339
153.880 7 0.138 0.167 0.234 0.339
153.920 7 0.136 0.167 0.233 0.339
153.960 7 0.136 0.164 0.233 0.336
154.000 7 0.134 0.164 0.231 0.336
154.040 7 0.134 0.161 0.231 0.333
154.080 7 0.138 0.158 0.234 0.333
154.120 7 0.138 0.158 0.234 0.331
154.160 7 0.142 0.153 0.239 0.325
154.200 7 0.147 0.156 0.241 0.322
154.240 7 0.152 0.150 0.247 0.319
154.280 7 0.155 0.147 0.252 0.319
154.320 7 0.159 0.147 0.256 0.319
154.360 7 0.163 0.144 0.261 0.319
154.400 7 0.163 0.144 0.261 0.319
154.440 7 0.164 0.144 0.263 0.319
154.480 8 0.661 -0.025 0.800 0.228
154.520 8 0.678 -0.022 0.817 0.231
154.560 8 0.689 -0.022 0.827 0.225
154.600 8 0.703 -0.014 0.841 0.233
154.640 8 0.714 -0.014 0.852 0.236
154.680 8 0.723 -0.008 0.863 0.242
154.720 8 0.734 -0.006 0.873 0.244
154.760 8 0.742 0.000 0.881 0.250
154.800 8 0.753 -0.003 0.892 0.247
154.840 8 0.756 0.000 0.894 0.247
154.880 8 0.761 0.000 0.902 0.250
154.920 8 0.764 0.000 0.903 0.253
154.960 8 0.766 0.003 0.905 0.253
155.000 8 0.767 0.008 0.906 0.256
155.040 8 0.764 0.014 0.902 0.258
155.080 8 0.766 0.017 0.902 0.261
155.120 8 0.759 0.019 0.897 0.267
155.160 8 0.762 0.022 0.897 0.264
155.200 8 0.758 0.025 0.892 0.267
155.240 8 0.753 0.022 0.889 0.267
155.280 8 0.748 0.022 0.884 0.267
155.320 8 0.752 0.028 0.884 0.267
155.360 8 0.747 0.031 0.878 0.267
155.400 8 0.748 0.033 0.880 0.269
155.440 8 0.752 0.039 0.881 0.272
155.480 8 0.753 0.042 0.883 0.275
155.520 8 0.755 0.044 0.884 0.275
155.560 8 0.756 0.044 0.886 0.275
155.600 8 0.755 0.042 0.884 0.272
155.640 8 0.761 0.042 0.894 0.278
155.680 8 0.753 0.039 0.887 0.281
155.720 8 0.756 0.036 0.894 0.286
155.760 8 0.756 0.036 0.895 0.286
155.800 8 0.758 0.039 0.897 0.286
155.840 8 0.758 0.039 0.897 0.289
155.880 8 0.759 0.042 0.898 0.289
155.920 8 0.764 0.047 0.898 0.289
155.960 8 0.756 0.042 0.897 0.292
156.000 8 0.755 0.042 0.894 0.292
156.040 8 0.753 0.042 0.892 0.292
156.080 8 0.752 0.042 0.889 0.289
156.120 8 0.744 0.039 0.883 0.289
156.160 8 0.741 0.039 0.880 0.289
156.200 8 0.736 0.039 0.877 0.292
156.240 8 0.734 0.036 0.878 0.294
156.280 8 0.728 0.039 0.870 0.292
156.320 8 0.733 0.039 0.872 0.289
156.360 8 0.727 0.039 0.864 0.289
156.400 8 0.723 0.039 0.863 0.289
156.440 8 0.719 0.039 0.859 0.289
156.480 8 0.722 0.044 0.859 0.292
156.520 8 0.717 0.044 0.855 0.292
156.560 8 0.713 0.044 0.850 0.294
156.600 8 0.713 0.047 0.852 0.297
156.640 8 0.709 0.050 0.847 0.300
156.680 8 0.713 0.056 0.848 0.303
156.720 8 0.713 0.058 0.848 0.303
156.760 8 0.713 0.058 0.848 0.306
156.800 8 0.711 0.058 0.850 0.308
156.840 8 0.708 0.061 0.847 0.308
156.880 8 0.716 0.064 0.853 0.311
156.920 8 0.709 0.061 0.848 0.308
156.960 8 0.713 0.061 0.852 0.311
157.000 8 0.713 0.061 0.852 0.311
157.040 8 0.711 0.058 0.852 0.311
157.080 8 0.708 0.061 0.847 0.311
157.120 8 0.709 0.064 0.848 0.314
157.160 8 0.702 0.067 0.841 0.317
157.200 8 0.697 0.069 0.836 0.319
157.240 8 0.692 0.069 0.833 0.319
157.280 8 0.688 0.072 0.828 0.325
157.320 8 0.680 0.075 0.820 0.325
157.360 8 0.669 0.078 0.808 0.328
157.400 8 0.658 0.075 0.797 0.325
157.440 8 0.645 0.078 0.783 0.328
157.480 8 0.634 0.081 0.772 0.331
157.520 8 0.620 0.083 0.759 0.333
157.560 8 0.606 0.081 0.745 0.331
157.600 8 0.589 0.081 0.727 0.328
157.640 8 0.580 0.083 0.717 0.328
157.680 8 0.566 0.081 0.703 0.325
157.720 8 0.555 0.078 0.692 0.322
158.520 8 0.514 0.050 0.667 0.322
158.560 8 0.523 0.053 0.675 0.325
158.600 8 0.531 0.050 0.684 0.322
158.640 8 0.539 0.047 0.692 0.319
158.680 8 0.548 0.047 0.700 0.314
158.720 8 0.558 0.050 0.708 0.317
158.760 8 0.570 0.053 0.717 0.317
158.800 8 0.578 0.044 0.727 0.308
158.840 8 0.588 0.044 0.734 0.308
158.880 8 0.595 0.042 0.741 0.300
158.920 8 0.602 0.042 0.745 0.297
158.960 8 0.609 0.042 0.753 0.294
159.000 8 0.616 0.036 0.756 0.289
159.040 8 0.620 0.033 0.761 0.283
159.080 8 0.623 0.028 0.766 0.278
159.120 8 0.628 0.022 0.770 0.272
159.160 8 0.634 0.017 0.775 0.267
159.200 8 0.639 0.017 0.778 0.264
159.240 8 0.647 0.019 0.784 0.264
159.280 8 0.648 0.022 0.786 0.267
159.320 8 0.656 0.025 0.794 0.272
159.360 8 0.655 0.025 0.795 0.278
159.400 8 0.662 0.031 0.803 0.281
159.440 8 0.664 0.033 0.805 0.283
159.480 8 0.669 0.039 0.806 0.286
159.520 8 0.670 0.044 0.808 0.289
159.560 8 0.673 0.050 0.811 0.294
159.600 8 0.681 0.056 0.817 0.297
159.640 8 0.677 0.058 0.812 0.300
159.680 8 0.680 0.058 0.817 0.303
159.720 8 0.678 0.058 0.816 0.300
159.760 8 0.683 0.058 0.817 0.297
159.800 8 0.681 0.053 0.817 0.294
159.840 8 0.680 0.050 0.817 0.292
159.880 8 0.680 0.047 0.817 0.292
159.920 8 0.678 0.044 0.817 0.292
159.960 8 0.677 0.042 0.817 0.292
160.000 8 0.677 0.042 0.817 0.292
160.040 8 0.675 0.042 0.816 0.294
160.080 8 0.675 0.044 0.814 0.292
160.120 8 0.677 0.044 0.814 0.292
160.160 8 0.672 0.044 0.809 0.292
160.200 8 0.670 0.044 0.809 0.292
160.240 8 0.666 0.044 0.805 0.292
160.280 8 0.664 0.044 0.805 0.292
160.320 8 0.661 0.039 0.802 0.289
160.360 8 0.659 0.036 0.800 0.289
160.400 8 0.656 0.036 0.798 0.289
160.440 8 0.650 0.033 0.792 0.286
160.480 8 0.645 0.036 0.787 0.289
160.520 8 0.642 0.039 0.781 0.289
160.560 8 0.637 0.039 0.778 0.289
160.600 8 0.630 0.042 0.772 0.292
160.640 8 0.625 0.044 0.767 0.294
160.680 8 0.620 0.044 0.762 0.297
160.720 8 0.616 0.050 0.758 0.300
160.760 8 0.609 0.050 0.752 0.300
160.800 8 0.608 0.047 0.750 0.300
160.840 8 0.600 0.047 0.742 0.300
160.880 8 0.605 0.044 0.745 0.297
160.920 8 0.600 0.047 0.739 0.292
160.960 8 0.600 0.044 0.739 0.292
161.000 8 0.598 0.042 0.739 0.292
161.040 8 0.598 0.039 0.738 0.289
161.080 8 0.597 0.036 0.738 0.286
161.120 8 0.603 0.039 0.741 0.283
161.160 8 0.597 0.039 0.733 0.278
161.200 8 0.605 0.042 0.739 0.278
161.240 8 0.597 0.036 0.731 0.275
161.280 8 0.595 0.033 0.734 0.281
161.320 8 0.588 0.036 0.727 0.283
161.360 8 0.583 0.039 0.722 0.289
161.400 8 0.580 0.044 0.719 0.292
161.440 8 0.577 0.047 0.716 0.294
161.480 8 0.577 0.050 0.717 0.300
161.520 8 0.567 0.053 0.711 0.306
161.560 8 0.566 0.061 0.709 0.317
157.440 9 0.077 0.297 0.169 0.458
157.480 9 0.073 0.292 0.169 0.461
157.520 9 0.069 0.292 0.164 0.458
157.560 9 0.072 0.289 0.166 0.456
157.600 9 0.072 0.286 0.166 0.453
157.640 9 0.075 0.281 0.169 0.447
157.680 9 0.077 0.272 0.170 0.439
157.720 9 0.081 0.269 0.175 0.439
157.760 9 0.084 0.269 0.178 0.436
157.800 9 0.091 0.267 0.183 0.431
157.840 9 0.094 0.264 0.186 0.428
157.880 9 0.098 0.258 0.188 0.417
157.920 9 0.098 0.253 0.189 0.411
157.960 9 0.102 0.250 0.197 0.417
158.000 9 0.102 0.242 0.198 0.414
158.040 9 0.105 0.239 0.202 0.414
158.080 9 0.105 0.236 0.200 0.408
158.120 9 0.108 0.236 0.203 0.406
158.160 9 0.109 0.233 0.206 0.406
158.200 9 0.109 0.231 0.205 0.403
158.240 9 0.108 0.228 0.205 0.400
158.280 9 0.106 0.225 0.202 0.394
158.320 9 0.098 0.219 0.195 0.389
158.920 9 0.123 0.231 0.225 0.408
158.960 9 0.134 0.236 0.234 0.414
159.000 9 0.145 0.242 0.242 0.414
159.040 9 0.150 0.239 0.248 0.414
159.080 9 0.155 0.242 0.250 0.408
159.120 9 0.158 0.239 0.253 0.406
159.160 9 0.161 0.236 0.256 0.403
159.200 9 0.161 0.233 0.255 0.400
159.240 9 0.164 0.233 0.258 0.400
159.280 9 0.169 0.236 0.259 0.397
159.320 9 0.166 0.236 0.256 0.397
159.360 9 0.170 0.233 0.263 0.397
159.400 9 0.172 0.239 0.263 0.397
159.440 9 0.177 0.239 0.267 0.400
159.480 9 0.178 0.242 0.267 0.400
159.520 9 0.180 0.244 0.269 0.403
159.560 9 0.184 0.250 0.272 0.403
159.600 9 0.186 0.253 0.272 0.406
165.520 10 0.536 0.017 0.648 0.219
165.560 10 0.541 0.028 0.655 0.231
165.600 10 0.542 0.042 0.655 0.242
165.640 10 0.542 0.050 0.658 0.253
165.680 10 0.542 0.058 0.658 0.264
165.720 10 0.542 0.067 0.659 0.275
165.760 10 0.542 0.078 0.656 0.281
165.800 10 0.537 0.083 0.653 0.286
165.840 10 0.542 0.086 0.658 0.292
165.880 10 0.539 0.089 0.655 0.292
165.920 10 0.544 0.086 0.658 0.292
165.960 10 0.547 0.083 0.662 0.289
166.000 10 0.550 0.081 0.667 0.289
166.040 10 0.553 0.092 0.664 0.289
166.080 10 0.556 0.089 0.670 0.289
166.120 10 0.555 0.089 0.669 0.289
166.160 10 0.559 0.086 0.673 0.289
166.200 10 0.558 0.089 0.673 0.292
166.240 10 0.562 0.089 0.677 0.292
166.280 10 0.566 0.089 0.681 0.294
166.320 10 0.569 0.089 0.686 0.297
166.360 10 0.573 0.089 0.692 0.300
166.400 10 0.581 0.086 0.702 0.300
166.440 10 0.589 0.083 0.709 0.297
166.480 10 0.598 0.083 0.719 0.297
166.520 10 0.606 0.081 0.730 0.300
166.560 10 0.614 0.078 0.738 0.297
166.600 10 0.625 0.078 0.747 0.294
166.640 10 0.634 0.075 0.758 0.292
166.680 10 0.642 0.072 0.766 0.289
166.720 10 0.648 0.067 0.773 0.289
166.760 10 0.655 0.064 0.780 0.283
166.800 10 0.659 0.056 0.784 0.275
166.840 10 0.666 0.050 0.791 0.272
166.880 10 0.670 0.039 0.795 0.261
166.920 10 0.677 0.033 0.803 0.258
166.960 10 0.681 0.033 0.808 0.256
167.000 10 0.684 0.028 0.812 0.253
167.040 10 0.684 0.025 0.811 0.250
167.080 10 0.688 0.022 0.816 0.250
167.120 10 0.686 0.022 0.816 0.247
167.160 10 0.689 0.019 0.819 0.247
167.200 10 0.688 0.019 0.817 0.247
167.240 10 0.689 0.019 0.819 0.247
167.280 10 0.683 0.019 0.812 0.247
167.320 10 0.681 0.017 0.809 0.244
167.360 10 0.673 0.019 0.803 0.247
167.400 10 0.666 0.019 0.795 0.247
167.440 10 0.658 0.022 0.784 0.247
167.480 10 0.648 0.025 0.775 0.250
167.520 10 0.637 0.028 0.764 0.253
167.560 10 0.628 0.033 0.755 0.253
167.600 10 0.617 0.031 0.744 0.256
167.640 10 0.608 0.031 0.734 0.256
167.680 10 0.598 0.033 0.723 0.256
167.720 10 0.588 0.036 0.714 0.258
167.760 10 0.578 0.033 0.706 0.261
167.800 10 0.570 0.033 0.697 0.258
167.840 10 0.564 0.033 0.689 0.256
167.880 10 0.561 0.036 0.683 0.253
167.920 10 0.553 0.033 0.677 0.250
167.960 10 0.552 0.028 0.677 0.247
168.000 10 0.550 0.036 0.667 0.242
168.040 10 0.545 0.022 0.669 0.242
168.080 10 0.542 0.019 0.664 0.236
168.120 10 0.539 0.019 0.661 0.236
168.160 10 0.542 0.025 0.661 0.236
168.200 10 0.537 0.022 0.659 0.239
168.240 10 0.539 0.025 0.661 0.242
168.280 10 0.539 0.031 0.661 0.244
168.320 10 0.542 0.031 0.661 0.244
168.360 10 0.544 0.033 0.662 0.244
168.400 10 0.547 0.033 0.667 0.244
168.440 10 0.547 0.036 0.666 0.244
168.480 10 0.553 0.036 0.670 0.244
168.520 10 0.552 0.036 0.670 0.247
168.560 10 0.558 0.036 0.677 0.247
168.600 10 0.555 0.036 0.673 0.247
168.640 10 0.561 0.039 0.680 0.247
168.680 10 0.558 0.039 0.675 0.247
168.720 10 0.562 0.042 0.680 0.247
168.760 10 0.562 0.042 0.678 0.244
168.800 10 0.564 0.042 0.678 0.244
168.840 10 0.566 0.042 0.680 0.244
168.880 10 0.561 0.039 0.677 0.242
168.920 10 0.566 0.042 0.680 0.242
168.960 10 0.562 0.042 0.677 0.242
169.000 10 0.564 0.036 0.680 0.242
169.040 10 0.570 0.042 0.677 0.233
169.080 10 0.570 0.042 0.678 0.233
169.120 10 0.573 0.042 0.680 0.231
169.160 10 0.575 0.042 0.681 0.231
169.200 10 0.575 0.039 0.681 0.231
169.240 10 0.578 0.039 0.684 0.231
169.280 10 0.577 0.039 0.683 0.231
169.320 10 0.580 0.042 0.686 0.231
169.360 10 0.578 0.042 0.684 0.231
169.400 10 0.581 0.042 0.688 0.231
169.440 10 0.581 0.042 0.688 0.233
169.480 10 0.584 0.044 0.691 0.233
169.520 10 0.583 0.044 0.688 0.233
169.560 10 0.588 0.044 0.692 0.233
169.600 10 0.588 0.042 0.695 0.233
169.640 10 0.589 0.042 0.697 0.233
169.680 10 0.595 0.044 0.700 0.233
169.720 10 0.597 0.044 0.703 0.233
169.760 10 0.598 0.042 0.705 0.231
169.800 10 0.600 0.044 0.706 0.233
169.840 10 0.602 0.042 0.708 0.233
169.880 10 0.602 0.044 0.708 0.233
169.920 10 0.605 0.042 0.711 0.233
169.960 10 0.600 0.042 0.706 0.233
170.000 10 0.609 0.047 0.706 0.222
170.040 10 0.609 0.047 0.706 0.222
170.080 10 0.611 0.050 0.708 0.222
170.120 10 0.616 0.053 0.713 0.228
170.160 10 0.620 0.053 0.719 0.231
170.200 10 0.625 0.056 0.722 0.233
170.240 10 0.630 0.058 0.728 0.236
