7.280 0 0.578 0.311 0.645 0.428
7.320 0 0.578 0.308 0.644 0.428
7.360 0 0.575 0.308 0.641 0.425
7.400 0 0.575 0.308 0.641 0.425
7.440 0 0.569 0.308 0.636 0.428
7.480 0 0.570 0.308 0.637 0.428
7.520 0 0.569 0.308 0.636 0.428
7.560 0 0.566 0.308 0.634 0.428
7.600 0 0.566 0.306 0.633 0.428
7.640 0 0.564 0.306 0.633 0.425
7.680 0 0.564 0.306 0.631 0.425
7.720 0 0.564 0.303 0.631 0.425
7.760 0 0.559 0.303 0.628 0.422
7.800 0 0.562 0.303 0.630 0.422
7.840 0 0.559 0.303 0.625 0.419
7.880 0 0.561 0.303 0.628 0.419
7.920 0 0.559 0.300 0.625 0.419
7.960 0 0.558 0.300 0.625 0.419
8.000 0 0.558 0.300 0.625 0.419
8.040 0 0.558 0.300 0.625 0.419
8.080 0 0.556 0.297 0.625 0.417
8.120 0 0.558 0.297 0.627 0.419
8.160 0 0.553 0.294 0.623 0.422
8.200 0 0.555 0.292 0.623 0.417
8.240 0 0.553 0.292 0.623 0.414
15.800 1 0.388 0.492 0.469 0.636
15.840 1 0.388 0.492 0.469 0.636
15.880 1 0.389 0.494 0.470 0.639
15.920 1 0.389 0.497 0.470 0.642
15.960 1 0.391 0.497 0.473 0.644
16.000 1 0.391 0.503 0.472 0.647
16.040 1 0.391 0.508 0.470 0.650
16.080 1 0.394 0.511 0.475 0.656
16.120 1 0.395 0.514 0.477 0.658
16.160 1 0.395 0.514 0.477 0.658
16.200 1 0.395 0.514 0.477 0.658
16.240 1 0.397 0.511 0.478 0.656
16.280 1 0.394 0.508 0.475 0.653
16.320 1 0.395 0.503 0.478 0.650
16.360 1 0.398 0.500 0.481 0.647
16.400 1 0.397 0.492 0.481 0.639
16.440 1 0.398 0.486 0.481 0.633
16.480 1 0.405 0.481 0.487 0.631
16.520 1 0.409 0.483 0.492 0.631
16.560 1 0.416 0.481 0.498 0.628
16.600 1 0.420 0.483 0.505 0.631
16.400 2 0.395 0.481 0.478 0.625
16.440 2 0.398 0.475 0.481 0.622
16.480 2 0.400 0.469 0.484 0.619
16.520 2 0.406 0.469 0.491 0.619
16.560 2 0.414 0.472 0.497 0.619
16.600 2 0.420 0.469 0.503 0.617
16.640 2 0.427 0.467 0.509 0.614
16.680 2 0.431 0.464 0.511 0.608
16.720 2 0.434 0.461 0.512 0.603
16.760 2 0.434 0.453 0.514 0.594
16.800 2 0.438 0.450 0.517 0.589
16.840 2 0.439 0.444 0.517 0.586
16.880 2 0.441 0.439 0.520 0.581
16.920 2 0.441 0.433 0.522 0.578
16.960 2 0.445 0.431 0.523 0.569
17.000 2 0.445 0.425 0.525 0.567
17.040 2 0.447 0.431 0.527 0.572
17.080 2 0.447 0.431 0.525 0.572
17.120 2 0.448 0.433 0.527 0.569
17.160 2 0.448 0.431 0.525 0.569
17.200 2 0.448 0.431 0.523 0.567
17.240 2 0.448 0.425 0.527 0.564
17.280 2 0.445 0.422 0.523 0.561
17.320 2 0.444 0.419 0.522 0.558
17.360 2 0.442 0.417 0.520 0.558
17.400 2 0.442 0.414 0.522 0.558
17.440 2 0.442 0.411 0.522 0.556
17.480 2 0.441 0.408 0.520 0.553
17.520 2 0.442 0.408 0.522 0.553
17.560 2 0.439 0.406 0.520 0.550
17.600 2 0.441 0.406 0.522 0.550
17.640 2 0.439 0.403 0.520 0.547
17.680 2 0.441 0.403 0.522 0.544
17.720 2 0.439 0.400 0.520 0.544
17.760 2 0.442 0.397 0.523 0.542
17.800 2 0.441 0.397 0.522 0.542
17.840 2 0.444 0.397 0.523 0.542
17.880 2 0.442 0.400 0.522 0.542
17.920 2 0.444 0.400 0.523 0.542
17.960 2 0.444 0.400 0.522 0.542
18.000 2 0.445 0.408 0.525 0.553
18.040 2 0.447 0.400 0.527 0.542
18.080 2 0.445 0.400 0.523 0.542
18.120 2 0.447 0.403 0.525 0.539
18.160 2 0.448 0.403 0.523 0.539
18.200 2 0.447 0.403 0.522 0.539
18.240 2 0.447 0.403 0.522 0.536
18.280 2 0.447 0.403 0.520 0.536
18.320 2 0.447 0.403 0.520 0.536
18.360 2 0.445 0.403 0.520 0.536
18.400 2 0.445 0.403 0.520 0.536
18.440 2 0.445 0.403 0.522 0.539
18.480 2 0.445 0.406 0.520 0.539
18.520 2 0.445 0.406 0.519 0.539
18.560 2 0.448 0.406 0.522 0.539
18.600 2 0.447 0.406 0.520 0.539
18.640 2 0.448 0.406 0.522 0.539
18.680 2 0.450 0.408 0.522 0.536
18.720 2 0.452 0.406 0.523 0.536
18.760 2 0.453 0.406 0.527 0.539
18.800 2 0.452 0.406 0.525 0.536
18.840 2 0.455 0.406 0.530 0.539
18.880 2 0.453 0.403 0.527 0.536
18.920 2 0.456 0.406 0.531 0.539
18.960 2 0.456 0.403 0.530 0.539
19.000 2 0.453 0.392 0.534 0.536
19.040 2 0.455 0.392 0.536 0.536
19.080 2 0.455 0.394 0.537 0.539
19.120 2 0.458 0.394 0.537 0.539
19.160 2 0.458 0.397 0.539 0.539
19.200 2 0.461 0.397 0.541 0.539
19.240 2 0.458 0.397 0.536 0.536
19.280 2 0.459 0.394 0.539 0.536
19.320 2 0.458 0.394 0.537 0.533
19.360 2 0.459 0.392 0.537 0.531
19.400 2 0.459 0.392 0.537 0.531
19.440 2 0.458 0.392 0.536 0.531
19.480 2 0.458 0.392 0.536 0.531
19.520 2 0.459 0.389 0.537 0.531
19.560 2 0.458 0.389 0.537 0.528
19.600 2 0.459 0.389 0.539 0.528
19.640 2 0.458 0.386 0.537 0.528
19.680 2 0.461 0.386 0.541 0.528
19.720 2 0.459 0.383 0.539 0.528
19.760 2 0.461 0.383 0.541 0.525
19.800 2 0.461 0.381 0.541 0.522
19.840 2 0.463 0.381 0.542 0.522
19.880 2 0.461 0.378 0.541 0.519
19.920 2 0.464 0.378 0.544 0.519
19.960 2 0.461 0.378 0.541 0.519
20.000 2 0.463 0.375 0.544 0.519
20.040 2 0.466 0.378 0.545 0.519
20.080 2 0.467 0.372 0.548 0.517
20.120 2 0.470 0.367 0.552 0.511
20.160 2 0.473 0.364 0.555 0.508
20.200 2 0.472 0.361 0.553 0.506
20.240 2 0.473 0.361 0.553 0.503
20.280 2 0.473 0.361 0.552 0.500
20.320 2 0.473 0.361 0.552 0.500
20.360 2 0.470 0.361 0.548 0.500
20.400 2 0.470 0.369 0.548 0.508
20.440 2 0.467 0.369 0.547 0.511
20.480 2 0.464 0.369 0.544 0.511
20.520 2 0.463 0.369 0.542 0.508
20.560 2 0.461 0.369 0.539 0.508
20.600 2 0.459 0.367 0.537 0.506
20.640 2 0.458 0.367 0.536 0.506
20.680 2 0.456 0.367 0.536 0.506
20.720 2 0.456 0.367 0.536 0.508
20.760 2 0.455 0.367 0.536 0.511
20.800 2 0.455 0.369 0.536 0.514
20.840 2 0.453 0.369 0.536 0.517
20.880 2 0.453 0.372 0.534 0.517
20.920 2 0.453 0.369 0.536 0.517
20.960 2 0.452 0.369 0.534 0.517
21.000 2 0.453 0.375 0.534 0.519
21.040 2 0.456 0.372 0.536 0.514
21.080 2 0.456 0.372 0.537 0.514
21.120 2 0.453 0.369 0.534 0.514
21.160 2 0.455 0.367 0.536 0.511
21.200 2 0.453 0.367 0.533 0.511
21.240 2 0.455 0.367 0.536 0.511
21.280 2 0.452 0.367 0.531 0.511
21.320 2 0.455 0.367 0.534 0.508
21.360 2 0.450 0.361 0.533 0.508
21.400 2 0.452 0.361 0.534 0.508
21.440 2 0.448 0.358 0.531 0.506
21.480 2 0.450 0.358 0.531 0.503
21.520 2 0.447 0.356 0.530 0.503
21.560 2 0.445 0.356 0.527 0.503
21.600 2 0.441 0.353 0.525 0.500
21.640 2 0.438 0.350 0.522 0.497
21.680 2 0.434 0.347 0.516 0.494
21.720 2 0.433 0.344 0.516 0.492
21.760 2 0.430 0.342 0.514 0.489
21.800 2 0.434 0.342 0.516 0.489
21.840 2 0.431 0.344 0.512 0.489
21.880 2 0.433 0.344 0.514 0.489
21.920 2 0.434 0.344 0.514 0.489
21.960 2 0.433 0.344 0.514 0.489
22.000 2 0.436 0.344 0.517 0.489
22.040 2 0.434 0.347 0.517 0.494
22.080 2 0.434 0.344 0.519 0.492
22.120 2 0.434 0.344 0.517 0.492
22.160 2 0.434 0.344 0.517 0.492
22.200 2 0.434 0.344 0.517 0.492
22.240 2 0.433 0.344 0.516 0.492
22.280 2 0.434 0.344 0.517 0.492
22.320 2 0.434 0.342 0.517 0.492
22.360 2 0.433 0.342 0.517 0.492
22.400 2 0.434 0.342 0.517 0.489
22.440 2 0.436 0.339 0.519 0.489
22.480 2 0.434 0.339 0.517 0.486
22.520 2 0.436 0.336 0.519 0.483
22.560 2 0.434 0.336 0.517 0.483
22.600 2 0.436 0.336 0.517 0.483
22.640 2 0.436 0.336 0.519 0.483
22.680 2 0.434 0.336 0.516 0.483
22.720 2 0.436 0.339 0.516 0.481
22.760 2 0.433 0.336 0.514 0.481
22.800 2 0.433 0.336 0.514 0.481
22.840 2 0.431 0.336 0.511 0.478
22.880 2 0.431 0.336 0.511 0.481
22.920 2 0.430 0.339 0.509 0.481
22.960 2 0.430 0.339 0.509 0.481
23.000 2 0.427 0.344 0.508 0.489
23.040 2 0.425 0.344 0.506 0.489
23.080 2 0.423 0.350 0.505 0.494
23.120 2 0.423 0.356 0.503 0.497
23.160 2 0.423 0.358 0.503 0.500
23.200 2 0.423 0.358 0.505 0.503
23.240 2 0.423 0.358 0.505 0.503
23.280 2 0.425 0.356 0.508 0.503
23.320 2 0.423 0.356 0.506 0.503
23.360 2 0.427 0.358 0.509 0.503
23.400 2 0.425 0.361 0.508 0.506
23.440 2 0.428 0.364 0.511 0.511
23.480 2 0.427 0.367 0.509 0.514
23.520 2 0.427 0.367 0.509 0.514
23.560 2 0.427 0.367 0.509 0.514
23.600 2 0.428 0.369 0.509 0.517
23.640 2 0.427 0.369 0.509 0.517
23.680 2 0.428 0.372 0.511 0.519
23.720 2 0.425 0.372 0.508 0.519
23.760 2 0.427 0.375 0.508 0.519
23.800 2 0.428 0.375 0.509 0.519
23.840 2 0.425 0.375 0.506 0.519
23.880 2 0.428 0.378 0.509 0.522
23.920 2 0.427 0.381 0.508 0.525
23.960 2 0.425 0.375 0.509 0.528
24.000 2 0.427 0.375 0.508 0.519
24.040 2 0.425 0.372 0.505 0.517
24.080 2 0.425 0.372 0.506 0.517
24.120 2 0.425 0.372 0.506 0.517
24.160 2 0.423 0.372 0.505 0.517
24.200 2 0.425 0.369 0.508 0.517
24.240 2 0.423 0.369 0.506 0.517
24.280 2 0.427 0.367 0.509 0.514
24.320 2 0.425 0.367 0.509 0.511
24.360 2 0.428 0.364 0.511 0.511
24.400 2 0.425 0.364 0.508 0.508
24.440 2 0.430 0.364 0.511 0.508
24.480 2 0.428 0.364 0.509 0.508
24.520 2 0.428 0.364 0.509 0.508
24.560 2 0.427 0.364 0.508 0.506
24.600 2 0.427 0.361 0.509 0.506
24.640 2 0.428 0.361 0.509 0.506
24.680 2 0.428 0.361 0.509 0.506
24.720 2 0.428 0.361 0.511 0.506
24.760 2 0.427 0.361 0.509 0.506
24.800 2 0.430 0.361 0.511 0.506
24.840 2 0.428 0.361 0.508 0.506
24.880 2 0.430 0.361 0.511 0.506
24.920 2 0.428 0.361 0.509 0.503
24.960 2 0.430 0.361 0.511 0.503
25.000 2 0.427 0.361 0.508 0.503
25.040 2 0.430 0.364 0.511 0.508
25.080 2 0.431 0.364 0.514 0.508
25.120 2 0.428 0.364 0.509 0.506
25.160 2 0.431 0.361 0.512 0.506
25.200 2 0.431 0.358 0.511 0.503
25.240 2 0.431 0.353 0.512 0.497
25.280 2 0.430 0.353 0.511 0.494
25.320 2 0.433 0.353 0.512 0.494
25.360 2 0.430 0.350 0.509 0.494
25.400 2 0.433 0.353 0.512 0.494
25.440 2 0.433 0.356 0.511 0.494
25.480 2 0.434 0.358 0.512 0.497
25.520 2 0.434 0.364 0.512 0.503
25.560 2 0.438 0.369 0.514 0.508
25.600 2 0.436 0.372 0.514 0.511
25.640 2 0.438 0.375 0.516 0.514
25.680 2 0.439 0.378 0.517 0.517
25.720 2 0.439 0.378 0.519 0.519
25.760 2 0.441 0.381 0.519 0.519
25.800 2 0.441 0.381 0.520 0.519
25.840 2 0.441 0.381 0.520 0.519
25.880 2 0.442 0.381 0.522 0.519
25.920 2 0.441 0.375 0.520 0.519
25.960 2 0.442 0.375 0.522 0.517
26.000 2 0.445 0.375 0.525 0.519
26.040 2 0.442 0.372 0.523 0.517
26.080 2 0.444 0.369 0.525 0.517
26.120 2 0.444 0.367 0.523 0.511
26.160 2 0.447 0.364 0.525 0.506
26.200 2 0.445 0.361 0.523 0.500
26.240 2 0.447 0.358 0.523 0.497
26.280 2 0.445 0.356 0.522 0.494
26.320 2 0.447 0.356 0.523 0.494
26.360 2 0.444 0.358 0.522 0.497
26.400 2 0.447 0.358 0.523 0.500
26.440 2 0.445 0.358 0.525 0.500
26.480 2 0.448 0.358 0.528 0.500
26.520 2 0.450 0.356 0.530 0.500
26.560 2 0.452 0.356 0.530 0.497
26.600 2 0.453 0.358 0.531 0.497
26.640 2 0.452 0.358 0.530 0.497
26.680 2 0.452 0.356 0.530 0.497
26.720 2 0.452 0.356 0.530 0.494
26.760 2 0.452 0.353 0.528 0.494
26.800 2 0.450 0.353 0.528 0.492
26.840 2 0.448 0.353 0.527 0.492
26.880 2 0.448 0.350 0.525 0.492
26.920 2 0.448 0.350 0.527 0.489
26.960 2 0.447 0.347 0.525 0.489
27.000 2 0.445 0.344 0.525 0.489
27.040 2 0.444 0.347 0.525 0.489
27.080 2 0.444 0.344 0.525 0.489
27.120 2 0.444 0.344 0.523 0.489
27.160 2 0.442 0.347 0.523 0.492
27.200 2 0.442 0.347 0.525 0.492
27.240 2 0.442 0.347 0.523 0.492
27.280 2 0.439 0.347 0.520 0.492
27.320 2 0.439 0.347 0.520 0.492
27.360 2 0.438 0.347 0.519 0.492
27.400 2 0.438 0.347 0.519 0.492
27.440 2 0.436 0.347 0.517 0.492
27.480 2 0.436 0.347 0.517 0.492
27.520 2 0.434 0.344 0.514 0.489
27.560 2 0.434 0.344 0.516 0.486
27.600 2 0.431 0.342 0.512 0.486
27.640 2 0.433 0.342 0.514 0.486
27.680 2 0.431 0.344 0.511 0.486
27.720 2 0.433 0.344 0.512 0.486
27.760 2 0.433 0.347 0.511 0.486
27.800 2 0.430 0.344 0.511 0.489
27.840 2 0.430 0.347 0.511 0.492
27.880 2 0.428 0.350 0.508 0.492
27.920 2 0.428 0.356 0.508 0.497
27.960 2 0.428 0.358 0.509 0.500
28.000 2 0.427 0.361 0.508 0.503
28.040 2 0.425 0.361 0.506 0.503
28.080 2 0.427 0.364 0.508 0.503
28.120 2 0.427 0.361 0.508 0.503
28.160 2 0.425 0.361 0.506 0.503
28.200 2 0.422 0.361 0.505 0.506
28.240 2 0.423 0.361 0.508 0.508
28.280 2 0.420 0.358 0.505 0.506
28.320 2 0.423 0.353 0.508 0.500
28.360 2 0.423 0.353 0.505 0.494
28.400 2 0.422 0.350 0.503 0.492
28.440 2 0.422 0.350 0.503 0.492
28.480 2 0.419 0.350 0.500 0.492
28.520 2 0.422 0.347 0.505 0.492
28.560 2 0.417 0.347 0.500 0.492
37.680 3 0.922 0.283 0.981 0.386
37.720 3 0.919 0.281 0.977 0.383
37.760 3 0.919 0.275 0.977 0.381
37.800 3 0.916 0.272 0.973 0.375
37.840 3 0.916 0.269 0.975 0.375
37.880 3 0.914 0.269 0.972 0.372
37.920 3 0.911 0.272 0.969 0.372
37.960 3 0.908 0.272 0.964 0.372
38.000 3 0.902 0.272 0.958 0.372
38.040 3 0.894 0.272 0.950 0.372
38.080 3 0.884 0.278 0.941 0.378
38.120 3 0.872 0.283 0.928 0.383
41.840 4 0.880 0.233 0.950 0.358
41.880 4 0.878 0.236 0.947 0.361
41.920 4 0.877 0.239 0.947 0.361
41.960 4 0.875 0.242 0.944 0.364
42.000 4 0.873 0.247 0.941 0.367
42.040 4 0.872 0.253 0.938 0.372
42.080 4 0.869 0.256 0.934 0.372
42.120 4 0.864 0.258 0.930 0.378
42.160 4 0.859 0.261 0.925 0.378
42.200 4 0.853 0.264 0.917 0.378
42.240 4 0.847 0.267 0.911 0.383
42.280 4 0.841 0.267 0.905 0.383
42.320 4 0.836 0.267 0.900 0.383
42.360 4 0.831 0.264 0.895 0.381
42.400 4 0.825 0.261 0.891 0.375
42.440 4 0.822 0.261 0.886 0.375
42.480 4 0.819 0.264 0.883 0.378
42.520 4 0.814 0.267 0.878 0.381
42.560 4 0.811 0.269 0.875 0.381
42.600 4 0.808 0.272 0.870 0.383
42.640 4 0.803 0.272 0.866 0.383
42.680 4 0.798 0.275 0.861 0.389
42.720 4 0.794 0.278 0.856 0.389
42.760 4 0.787 0.281 0.850 0.392
42.800 4 0.781 0.281 0.842 0.389
42.840 4 0.775 0.278 0.838 0.386
42.880 4 0.772 0.278 0.831 0.386
42.920 4 0.766 0.278 0.825 0.386
42.960 4 0.761 0.281 0.820 0.386
43.000 4 0.758 0.283 0.814 0.383
43.040 4 0.755 0.283 0.809 0.381
43.080 4 0.750 0.283 0.806 0.383
43.120 4 0.747 0.283 0.803 0.383
43.160 4 0.744 0.286 0.800 0.386
43.200 4 0.741 0.286 0.795 0.386
43.240 4 0.736 0.289 0.791 0.386
43.280 4 0.731 0.289 0.787 0.389
43.320 4 0.727 0.292 0.781 0.389
43.360 4 0.720 0.292 0.773 0.386
43.400 4 0.714 0.292 0.767 0.389
43.440 4 0.705 0.289 0.759 0.386
44.120 5 0.430 0.197 0.645 0.581
44.160 5 0.431 0.197 0.647 0.581
44.200 5 0.434 0.197 0.650 0.581
44.240 5 0.433 0.194 0.648 0.578
44.280 5 0.447 0.200 0.659 0.578
44.320 5 0.441 0.200 0.653 0.578
44.360 5 0.447 0.200 0.658 0.575
44.400 5 0.456 0.206 0.662 0.572
44.440 5 0.459 0.206 0.667 0.575
44.480 5 0.463 0.208 0.669 0.575
44.520 5 0.464 0.208 0.669 0.572
44.560 5 0.469 0.208 0.677 0.578
44.600 5 0.472 0.211 0.678 0.578
44.640 5 0.475 0.211 0.680 0.575
44.680 5 0.478 0.214 0.683 0.575
44.720 5 0.480 0.214 0.684 0.575
44.760 5 0.481 0.214 0.686 0.578
44.800 5 0.483 0.217 0.686 0.578
44.840 5 0.475 0.208 0.686 0.583
44.880 5 0.484 0.214 0.698 0.594
44.920 5 0.478 0.217 0.683 0.583
44.960 5 0.487 0.222 0.691 0.581
45.000 5 0.483 0.222 0.684 0.581
45.040 5 0.481 0.228 0.678 0.575
45.080 5 0.486 0.231 0.680 0.578
45.120 5 0.480 0.231 0.673 0.575
45.160 5 0.481 0.231 0.677 0.578
45.200 5 0.480 0.231 0.675 0.578
45.240 5 0.478 0.228 0.673 0.575
45.280 5 0.478 0.228 0.673 0.575
45.320 5 0.477 0.228 0.672 0.575
45.360 5 0.477 0.228 0.670 0.572
45.400 5 0.477 0.228 0.672 0.575
45.440 5 0.470 0.225 0.667 0.575
45.480 5 0.475 0.228 0.670 0.575
45.520 5 0.469 0.225 0.664 0.575
45.560 5 0.472 0.228 0.667 0.575
45.600 5 0.466 0.225 0.664 0.578
45.640 5 0.470 0.228 0.667 0.578
45.680 5 0.464 0.228 0.662 0.581
45.720 5 0.467 0.231 0.666 0.583
45.760 5 0.461 0.228 0.661 0.586
45.800 5 0.463 0.228 0.662 0.586
45.840 5 0.464 0.228 0.666 0.586
45.880 5 0.463 0.228 0.664 0.583
45.920 5 0.461 0.225 0.664 0.583
45.960 5 0.461 0.222 0.664 0.583
46.000 5 0.459 0.222 0.661 0.581
46.040 5 0.466 0.214 0.664 0.567
46.080 5 0.466 0.211 0.664 0.567
46.120 5 0.464 0.211 0.662 0.564
46.160 5 0.464 0.211 0.661 0.561
46.200 5 0.464 0.208 0.658 0.556
46.240 5 0.461 0.208 0.655 0.553
46.280 5 0.459 0.206 0.653 0.550
46.320 5 0.458 0.203 0.652 0.547
46.360 5 0.456 0.200 0.650 0.544
46.400 5 0.455 0.197 0.648 0.544
46.440 5 0.452 0.192 0.650 0.542
46.480 5 0.452 0.189 0.648 0.539
46.520 5 0.450 0.186 0.647 0.536
46.560 5 0.453 0.186 0.648 0.533
46.600 5 0.448 0.189 0.642 0.533
46.640 5 0.452 0.189 0.645 0.533
46.680 5 0.444 0.186 0.641 0.536
46.720 5 0.447 0.189 0.644 0.539
46.760 5 0.442 0.186 0.642 0.542
46.800 5 0.441 0.186 0.641 0.542
46.840 5 0.441 0.189 0.639 0.542
46.880 5 0.441 0.192 0.637 0.542
46.920 5 0.441 0.200 0.633 0.542
46.960 5 0.441 0.203 0.631 0.542
47.000 5 0.438 0.183 0.639 0.542
47.040 5 0.438 0.172 0.641 0.536
47.080 5 0.442 0.178 0.644 0.536
47.120 5 0.434 0.175 0.637 0.536
47.160 5 0.439 0.181 0.639 0.536
47.200 5 0.433 0.181 0.634 0.539
47.240 5 0.436 0.183 0.637 0.539
47.280 5 0.430 0.181 0.633 0.542
47.320 5 0.436 0.183 0.639 0.542
47.360 5 0.430 0.183 0.630 0.539
47.400 5 0.436 0.186 0.637 0.544
47.440 5 0.431 0.186 0.628 0.539
47.480 5 0.434 0.186 0.634 0.542
47.520 5 0.434 0.186 0.636 0.544
47.560 5 0.434 0.186 0.636 0.544
47.600 5 0.436 0.189 0.636 0.544
47.640 5 0.436 0.189 0.636 0.544
47.680 5 0.438 0.189 0.637 0.544
47.720 5 0.441 0.197 0.636 0.542
47.760 5 0.431 0.189 0.633 0.547
47.800 5 0.439 0.194 0.637 0.547
47.840 5 0.430 0.192 0.631 0.547
47.880 5 0.436 0.192 0.637 0.547
47.920 5 0.431 0.192 0.633 0.550
47.960 5 0.434 0.192 0.636 0.547
48.000 5 0.438 0.183 0.639 0.542
48.040 5 0.433 0.192 0.631 0.544
48.080 5 0.433 0.192 0.631 0.544
48.120 5 0.431 0.192 0.630 0.542
48.160 5 0.431 0.189 0.630 0.542
48.200 5 0.431 0.189 0.630 0.544
48.240 5 0.425 0.189 0.623 0.542
48.280 5 0.425 0.189 0.623 0.544
48.320 5 0.422 0.192 0.620 0.542
48.360 5 0.420 0.192 0.617 0.539
48.400 5 0.419 0.189 0.616 0.539
48.440 5 0.419 0.189 0.616 0.539
48.480 5 0.417 0.186 0.616 0.539
48.520 5 0.417 0.181 0.617 0.536
48.560 5 0.419 0.178 0.619 0.533
48.600 5 0.422 0.178 0.619 0.528
48.640 5 0.423 0.178 0.620 0.528
48.680 5 0.430 0.183 0.620 0.522
48.720 5 0.423 0.181 0.617 0.522
48.760 5 0.425 0.178 0.620 0.525
48.800 5 0.423 0.178 0.620 0.528
48.840 5 0.425 0.178 0.623 0.528
48.880 5 0.422 0.175 0.620 0.528
48.920 5 0.423 0.178 0.622 0.531
48.960 5 0.423 0.178 0.623 0.533
49.000 5 0.416 0.183 0.617 0.542
49.040 5 0.414 0.189 0.613 0.539
49.080 5 0.416 0.192 0.613 0.542
49.120 5 0.417 0.194 0.614 0.542
49.160 5 0.414 0.194 0.609 0.542
49.200 5 0.422 0.194 0.616 0.539
49.240 5 0.420 0.189 0.617 0.539
49.280 5 0.430 0.183 0.625 0.533
49.320 5 0.434 0.181 0.631 0.531
49.360 5 0.433 0.178 0.630 0.528
49.400 5 0.439 0.178 0.637 0.528
49.440 5 0.436 0.175 0.634 0.528
49.480 5 0.439 0.172 0.641 0.528
49.520 5 0.436 0.169 0.636 0.525
49.560 5 0.441 0.169 0.641 0.525
49.600 5 0.439 0.169 0.637 0.525
49.640 5 0.439 0.172 0.639 0.525
49.680 5 0.434 0.169 0.634 0.525
49.720 5 0.436 0.169 0.637 0.528
49.760 5 0.431 0.172 0.630 0.525
49.800 5 0.434 0.175 0.633 0.528
49.840 5 0.427 0.175 0.627 0.531
49.880 5 0.428 0.175 0.630 0.533
49.920 5 0.420 0.178 0.623 0.539
49.960 5 0.422 0.181 0.627 0.542
50.000 5 0.416 0.183 0.617 0.542
50.040 5 0.409 0.161 0.625 0.544
50.080 5 0.409 0.161 0.623 0.542
50.120 5 0.409 0.158 0.622 0.536
50.160 5 0.406 0.156 0.620 0.533
50.200 5 0.412 0.156 0.622 0.528
50.240 5 0.411 0.153 0.619 0.522
50.280 5 0.416 0.150 0.622 0.519
50.320 5 0.414 0.150 0.617 0.514
50.360 5 0.419 0.150 0.622 0.511
50.400 5 0.417 0.147 0.619 0.506
50.440 5 0.420 0.147 0.623 0.508
50.480 5 0.419 0.150 0.617 0.506
50.520 5 0.427 0.153 0.622 0.503
50.560 5 0.425 0.156 0.622 0.503
50.600 5 0.427 0.156 0.622 0.503
50.640 5 0.428 0.156 0.623 0.503
50.680 5 0.431 0.156 0.627 0.503
50.720 5 0.431 0.156 0.627 0.503
50.760 5 0.434 0.156 0.630 0.503
50.800 5 0.433 0.156 0.630 0.506
50.840 5 0.434 0.156 0.631 0.506
50.880 5 0.436 0.156 0.633 0.506
50.920 5 0.438 0.158 0.633 0.506
50.960 5 0.439 0.156 0.634 0.503
51.000 5 0.438 0.142 0.639 0.500
51.040 5 0.442 0.144 0.641 0.500
51.080 5 0.441 0.147 0.637 0.497
51.120 5 0.445 0.147 0.642 0.497
51.160 5 0.441 0.144 0.637 0.497
51.200 5 0.441 0.142 0.641 0.500
51.240 5 0.436 0.144 0.633 0.494
51.280 5 0.438 0.144 0.634 0.494
51.320 5 0.433 0.144 0.630 0.494
51.360 5 0.430 0.139 0.630 0.497
51.400 5 0.427 0.139 0.630 0.497
51.440 5 0.423 0.131 0.634 0.506
51.480 5 0.417 0.125 0.634 0.511
51.520 5 0.422 0.125 0.639 0.511
51.560 5 0.416 0.131 0.631 0.514
51.600 5 0.416 0.133 0.636 0.522
51.640 5 0.409 0.136 0.628 0.528
51.680 5 0.411 0.139 0.630 0.528
51.720 5 0.403 0.139 0.620 0.525
51.760 5 0.409 0.136 0.630 0.531
51.800 5 0.397 0.133 0.620 0.528
51.840 5 0.406 0.133 0.625 0.522
51.880 5 0.403 0.136 0.616 0.514
51.920 5 0.409 0.136 0.619 0.508
51.960 5 0.406 0.136 0.614 0.506
52.000 5 0.416 0.142 0.617 0.500
52.040 5 0.420 0.144 0.622 0.503
52.080 5 0.416 0.139 0.619 0.503
52.120 5 0.425 0.142 0.623 0.497
52.160 5 0.420 0.139 0.620 0.497
52.200 5 0.428 0.142 0.627 0.494
52.240 5 0.425 0.139 0.623 0.492
52.280 5 0.430 0.142 0.627 0.492
52.320 5 0.431 0.142 0.628 0.492
52.360 5 0.433 0.142 0.631 0.492
52.400 5 0.434 0.142 0.633 0.492
52.440 5 0.436 0.139 0.634 0.494
52.480 5 0.438 0.139 0.636 0.492
52.520 5 0.439 0.142 0.636 0.492
52.560 5 0.441 0.139 0.639 0.492
52.600 5 0.441 0.139 0.639 0.492
52.640 5 0.442 0.139 0.641 0.492
52.680 5 0.442 0.139 0.641 0.492
52.720 5 0.442 0.136 0.642 0.492
52.760 5 0.445 0.136 0.644 0.492
52.800 5 0.442 0.136 0.642 0.492
52.840 5 0.442 0.136 0.642 0.492
52.880 5 0.441 0.139 0.641 0.492
52.920 5 0.441 0.142 0.639 0.492
52.960 5 0.441 0.144 0.637 0.494
53.000 5 0.438 0.142 0.639 0.500
53.040 5 0.434 0.153 0.641 0.519
53.080 5 0.434 0.153 0.641 0.519
53.120 5 0.438 0.156 0.642 0.517
53.160 5 0.436 0.153 0.641 0.517
53.200 5 0.433 0.156 0.637 0.519
53.240 5 0.438 0.156 0.642 0.519
53.280 5 0.433 0.158 0.636 0.519
53.320 5 0.436 0.158 0.639 0.519
53.360 5 0.433 0.158 0.636 0.519
53.400 5 0.436 0.158 0.641 0.522
53.440 5 0.433 0.161 0.634 0.522
53.480 5 0.434 0.158 0.641 0.525
53.520 5 0.430 0.158 0.636 0.525
53.560 5 0.431 0.161 0.637 0.525
53.600 5 0.428 0.158 0.636 0.528
53.640 5 0.431 0.161 0.637 0.528
53.680 5 0.430 0.161 0.634 0.528
53.720 5 0.431 0.161 0.637 0.528
53.760 5 0.428 0.161 0.634 0.528
53.800 5 0.431 0.161 0.637 0.528
53.840 5 0.431 0.161 0.637 0.528
53.880 5 0.433 0.164 0.639 0.531
53.920 5 0.433 0.164 0.639 0.531
53.960 5 0.433 0.164 0.641 0.533
54.000 5 0.438 0.183 0.639 0.542
54.040 5 0.434 0.181 0.636 0.539
54.080 5 0.436 0.183 0.637 0.542
54.120 5 0.436 0.186 0.637 0.544
54.160 5 0.438 0.189 0.639 0.547
54.200 5 0.438 0.192 0.639 0.547
54.240 5 0.439 0.192 0.641 0.550
54.280 5 0.441 0.192 0.641 0.550
54.320 5 0.441 0.192 0.641 0.550
54.360 5 0.441 0.192 0.641 0.550
54.400 5 0.441 0.192 0.641 0.550
54.440 5 0.441 0.192 0.641 0.550
54.480 5 0.441 0.192 0.642 0.550
54.520 5 0.439 0.192 0.642 0.550
54.560 5 0.438 0.189 0.639 0.550
54.600 5 0.442 0.189 0.644 0.547
54.640 5 0.438 0.189 0.639 0.547
54.680 5 0.439 0.186 0.647 0.556
54.720 5 0.438 0.186 0.641 0.547
54.760 5 0.442 0.189 0.645 0.547
54.800 5 0.438 0.189 0.642 0.553
54.840 5 0.444 0.189 0.644 0.547
54.880 5 0.444 0.192 0.644 0.547
54.920 5 0.444 0.189 0.645 0.547
54.960 5 0.439 0.186 0.641 0.547
55.000 5 0.438 0.183 0.639 0.542
55.040 6 0.291 0.178 0.494 0.542
55.080 6 0.289 0.178 0.494 0.542
55.120 6 0.289 0.178 0.492 0.539
55.160 6 0.294 0.186 0.497 0.547
55.200 6 0.286 0.189 0.491 0.553
55.240 6 0.287 0.194 0.494 0.561
55.280 6 0.280 0.194 0.487 0.561
55.320 6 0.286 0.189 0.495 0.561
55.360 6 0.277 0.183 0.484 0.553
55.400 6 0.286 0.189 0.489 0.553
55.440 6 0.281 0.189 0.484 0.550
55.480 6 0.281 0.186 0.491 0.561
55.520 6 0.278 0.192 0.483 0.558
55.560 6 0.275 0.186 0.481 0.556
55.600 6 0.289 0.197 0.480 0.539
55.640 6 0.278 0.192 0.473 0.539
55.680 6 0.278 0.186 0.481 0.547
55.720 6 0.278 0.186 0.483 0.550
55.760 6 0.278 0.186 0.483 0.550
55.800 6 0.275 0.175 0.483 0.547
55.840 6 0.286 0.186 0.486 0.542
55.880 6 0.277 0.186 0.477 0.542
55.920 6 0.280 0.183 0.483 0.544
55.960 6 0.280 0.192 0.473 0.536
56.000 6 0.281 0.183 0.483 0.542
56.040 6 0.283 0.183 0.486 0.544
56.080 6 0.284 0.186 0.484 0.542
56.120 6 0.284 0.183 0.486 0.542
56.160 6 0.286 0.183 0.486 0.539
56.200 6 0.286 0.183 0.486 0.542
56.240 6 0.286 0.183 0.486 0.539
56.280 6 0.286 0.183 0.484 0.536
56.320 6 0.289 0.186 0.487 0.539
56.360 6 0.284 0.183 0.483 0.539
56.400 6 0.286 0.183 0.487 0.542
56.440 6 0.291 0.183 0.492 0.542
56.480 6 0.283 0.181 0.486 0.542
56.520 6 0.287 0.181 0.491 0.542
56.560 6 0.283 0.178 0.489 0.544
56.600 6 0.287 0.183 0.489 0.542
56.640 6 0.286 0.183 0.487 0.542
56.680 6 0.289 0.183 0.491 0.542
56.720 6 0.291 0.186 0.491 0.542
56.760 6 0.292 0.183 0.494 0.542
56.800 6 0.294 0.183 0.494 0.539
56.840 6 0.295 0.181 0.497 0.539
56.880 6 0.295 0.183 0.495 0.539
56.920 6 0.302 0.181 0.503 0.539
56.960 6 0.300 0.181 0.502 0.542
57.000 6 0.303 0.183 0.505 0.542
57.040 6 0.294 0.183 0.500 0.550
57.080 6 0.295 0.186 0.500 0.550
57.120 6 0.297 0.189 0.502 0.550
57.160 6 0.297 0.189 0.502 0.550
57.200 6 0.298 0.189 0.502 0.553
57.240 6 0.298 0.192 0.502 0.553
57.280 6 0.298 0.192 0.502 0.553
57.320 6 0.300 0.194 0.503 0.556
57.360 6 0.302 0.194 0.505 0.556
57.400 6 0.303 0.197 0.505 0.556
57.440 6 0.303 0.200 0.505 0.556
57.480 6 0.305 0.200 0.506 0.558
57.520 6 0.302 0.200 0.503 0.558
57.560 6 0.308 0.203 0.508 0.558
57.600 6 0.305 0.203 0.506 0.561
57.640 6 0.312 0.208 0.512 0.564
57.680 6 0.309 0.211 0.511 0.569
57.720 6 0.317 0.217 0.519 0.575
57.760 6 0.316 0.222 0.516 0.578
57.800 6 0.323 0.228 0.522 0.581
57.840 6 0.322 0.231 0.519 0.581
57.880 6 0.323 0.231 0.522 0.583
57.920 6 0.317 0.231 0.516 0.583
57.960 6 0.319 0.228 0.519 0.583
58.000 6 0.303 0.222 0.505 0.581
58.040 6 0.297 0.211 0.502 0.572
58.080 6 0.297 0.197 0.505 0.567
58.120 6 0.286 0.192 0.489 0.553
58.160 6 0.283 0.186 0.489 0.553
58.200 6 0.275 0.181 0.481 0.547
58.240 6 0.277 0.181 0.483 0.547
58.280 6 0.273 0.181 0.477 0.544
58.320 6 0.277 0.178 0.480 0.539
58.360 6 0.272 0.178 0.473 0.536
58.400 6 0.277 0.175 0.480 0.536
58.440 6 0.275 0.172 0.477 0.533
58.480 6 0.281 0.172 0.484 0.533
58.520 6 0.277 0.172 0.480 0.533
58.560 6 0.280 0.172 0.484 0.533
58.600 6 0.280 0.172 0.484 0.533
58.640 6 0.280 0.172 0.483 0.533
58.680 6 0.281 0.172 0.484 0.533
58.720 6 0.275 0.172 0.478 0.533
58.760 6 0.280 0.172 0.483 0.533
58.800 6 0.273 0.175 0.477 0.536
58.840 6 0.280 0.183 0.480 0.539
58.880 6 0.269 0.181 0.472 0.542
58.920 6 0.277 0.183 0.480 0.542
58.960 6 0.275 0.183 0.477 0.542
59.000 6 0.281 0.183 0.483 0.542
59.040 6 0.287 0.189 0.484 0.542
59.080 6 0.281 0.189 0.480 0.542
59.120 6 0.286 0.192 0.483 0.544
59.160 6 0.278 0.192 0.478 0.547
59.200 6 0.283 0.197 0.481 0.547
59.240 6 0.277 0.197 0.475 0.553
59.280 6 0.280 0.200 0.477 0.553
59.320 6 0.272 0.200 0.469 0.553
59.360 6 0.277 0.203 0.473 0.553
59.400 6 0.270 0.200 0.466 0.550
59.440 6 0.272 0.197 0.469 0.547
59.480 6 0.264 0.194 0.463 0.547
59.520 6 0.266 0.194 0.464 0.547
59.560 6 0.259 0.192 0.459 0.547
59.600 6 0.261 0.189 0.461 0.547
59.640 6 0.253 0.186 0.455 0.544
59.680 6 0.255 0.183 0.456 0.544
59.720 6 0.250 0.183 0.450 0.539
59.760 6 0.252 0.183 0.452 0.539
59.800 6 0.252 0.186 0.450 0.539
59.840 6 0.252 0.186 0.450 0.542
59.880 6 0.253 0.189 0.450 0.539
59.920 6 0.244 0.181 0.447 0.542
59.960 6 0.237 0.175 0.445 0.544
60.000 6 0.236 0.183 0.438 0.542
60.040 6 0.222 0.175 0.430 0.547
60.080 6 0.208 0.164 0.420 0.542
60.120 6 0.197 0.158 0.408 0.536
60.160 6 0.181 0.153 0.391 0.525
60.200 6 0.169 0.147 0.380 0.519
60.240 6 0.161 0.150 0.364 0.508
60.280 6 0.147 0.139 0.347 0.494
60.320 6 0.123 0.122 0.331 0.489
60.360 6 0.100 0.119 0.303 0.483
60.400 6 0.069 0.108 0.273 0.472
60.440 6 0.039 0.094 0.245 0.461
60.480 6 0.009 0.092 0.216 0.456
60.520 6 -0.020 0.078 0.186 0.444
60.560 6 -0.045 0.064 0.161 0.433
60.600 6 -0.075 0.039 0.139 0.419
60.480 7 0.747 0.344 0.859 0.542
60.520 7 0.713 0.322 0.827 0.522
60.560 7 0.680 0.306 0.795 0.508
60.600 7 0.647 0.286 0.762 0.489
60.640 7 0.620 0.272 0.736 0.472
60.680 7 0.594 0.250 0.709 0.453
60.720 7 0.562 0.233 0.680 0.439
60.760 7 0.533 0.217 0.650 0.422
60.800 7 0.502 0.200 0.620 0.406
60.840 7 0.470 0.183 0.591 0.392
60.880 7 0.439 0.161 0.561 0.372
60.920 7 0.411 0.144 0.530 0.353
60.960 7 0.383 0.125 0.502 0.331
61.000 7 0.356 0.106 0.473 0.311
61.040 7 0.331 0.086 0.448 0.292
61.080 7 0.305 0.061 0.427 0.275
61.120 7 0.283 0.036 0.402 0.244
61.160 7 0.259 0.014 0.380 0.228
61.200 7 0.236 -0.006 0.358 0.206
61.240 7 0.214 -0.022 0.334 0.186
61.280 7 0.195 -0.036 0.312 0.169
61.320 7 0.178 -0.053 0.297 0.153
61.360 7 0.159 -0.069 0.277 0.136
63.160 8 0.953 0.028 1.023 0.153
63.200 8 0.941 0.031 1.011 0.156
63.240 8 0.931 0.031 1.002 0.156
63.280 8 0.922 0.036 0.992 0.161
63.320 8 0.916 0.042 0.984 0.164
63.360 8 0.909 0.044 0.978 0.164
63.400 8 0.905 0.044 0.972 0.164
63.440 8 0.898 0.047 0.966 0.167
63.480 8 0.891 0.050 0.958 0.169
63.520 8 0.884 0.056 0.952 0.172
63.560 8 0.877 0.061 0.945 0.181
63.600 8 0.870 0.067 0.939 0.189
63.640 8 0.863 0.078 0.930 0.197
63.680 8 0.855 0.083 0.922 0.203
63.720 8 0.848 0.094 0.914 0.211
63.760 8 0.844 0.100 0.909 0.217
63.800 8 0.838 0.108 0.905 0.228
63.840 8 0.836 0.117 0.902 0.233
63.880 8 0.834 0.125 0.900 0.242
63.920 8 0.831 0.131 0.898 0.250
63.960 8 0.830 0.136 0.895 0.253
64.000 8 0.828 0.139 0.895 0.258
64.040 8 0.825 0.139 0.895 0.267
64.080 8 0.822 0.142 0.894 0.267
64.120 8 0.819 0.142 0.891 0.269
64.160 8 0.819 0.142 0.891 0.269
64.200 8 0.817 0.142 0.891 0.269
64.240 8 0.817 0.139 0.891 0.269
64.280 8 0.817 0.139 0.892 0.269
64.320 8 0.819 0.139 0.894 0.272
64.360 8 0.817 0.136 0.892 0.269
64.400 8 0.819 0.139 0.894 0.272
64.440 8 0.817 0.139 0.894 0.272
64.480 8 0.817 0.139 0.894 0.272
64.520 8 0.817 0.136 0.894 0.272
64.560 8 0.816 0.133 0.894 0.272
64.600 8 0.817 0.133 0.894 0.272
64.640 8 0.814 0.133 0.892 0.272
64.680 8 0.816 0.133 0.894 0.269
64.720 8 0.812 0.131 0.889 0.269
64.760 8 0.812 0.131 0.891 0.269
64.800 8 0.809 0.131 0.887 0.269
64.840 8 0.806 0.131 0.884 0.269
64.880 8 0.805 0.131 0.883 0.269
64.920 8 0.803 0.133 0.880 0.272
64.960 8 0.800 0.136 0.878 0.272
65.000 8 0.795 0.136 0.877 0.281
65.040 8 0.792 0.136 0.873 0.281
65.080 8 0.795 0.139 0.875 0.281
65.120 8 0.794 0.136 0.873 0.281
65.160 8 0.794 0.136 0.873 0.278
65.200 8 0.794 0.136 0.873 0.278
65.240 8 0.792 0.136 0.872 0.278
65.280 8 0.789 0.136 0.870 0.278
65.320 8 0.792 0.136 0.870 0.278
65.360 8 0.789 0.136 0.869 0.278
65.400 8 0.791 0.139 0.870 0.278
65.440 8 0.787 0.136 0.867 0.281
65.480 8 0.789 0.139 0.869 0.281
65.520 8 0.789 0.139 0.869 0.281
65.560 8 0.787 0.139 0.867 0.281
65.600 8 0.792 0.142 0.870 0.281
65.640 8 0.792 0.142 0.870 0.281
65.680 8 0.794 0.139 0.873 0.281
65.720 8 0.797 0.139 0.877 0.281
65.760 8 0.798 0.139 0.878 0.281
65.800 8 0.798 0.139 0.877 0.281
65.840 8 0.802 0.139 0.880 0.278
65.880 8 0.800 0.139 0.878 0.278
65.920 8 0.802 0.139 0.880 0.281
65.960 9 0.377 0.117 0.433 0.217
66.000 9 0.377 0.117 0.433 0.217
66.040 9 0.377 0.111 0.434 0.211
66.080 9 0.377 0.111 0.433 0.211
66.120 9 0.377 0.111 0.433 0.211
66.160 9 0.378 0.111 0.433 0.208
66.200 9 0.377 0.111 0.431 0.208
66.240 9 0.378 0.111 0.433 0.208
66.280 9 0.377 0.111 0.431 0.208
66.320 9 0.377 0.111 0.431 0.211
66.360 9 0.377 0.111 0.431 0.208
66.400 9 0.375 0.111 0.430 0.208
66.440 9 0.375 0.111 0.428 0.206
66.480 9 0.372 0.114 0.425 0.208
66.520 9 0.373 0.114 0.427 0.208
66.560 9 0.372 0.117 0.425 0.211
66.600 9 0.372 0.117 0.425 0.211
66.640 9 0.370 0.119 0.423 0.214
66.680 9 0.372 0.119 0.425 0.211
66.720 9 0.372 0.119 0.425 0.214
66.760 9 0.372 0.119 0.425 0.214
66.800 9 0.370 0.119 0.425 0.214
66.840 9 0.372 0.119 0.425 0.214
66.880 9 0.370 0.119 0.425 0.217
66.920 9 0.372 0.119 0.427 0.217
66.960 9 0.373 0.117 0.428 0.214
67.000 9 0.377 0.117 0.433 0.217
67.040 9 0.383 0.119 0.438 0.217
67.080 9 0.388 0.122 0.442 0.219
67.120 9 0.391 0.122 0.445 0.219
67.160 9 0.392 0.119 0.447 0.217
67.200 9 0.394 0.114 0.448 0.211
67.240 9 0.395 0.108 0.450 0.206
67.280 9 0.397 0.106 0.452 0.203
67.320 9 0.398 0.103 0.455 0.200
67.360 9 0.402 0.100 0.456 0.197
67.400 9 0.403 0.100 0.458 0.197
67.440 9 0.403 0.100 0.459 0.197
67.480 9 0.408 0.103 0.463 0.200
68.280 10 0.347 0.106 0.427 0.250
68.320 10 0.345 0.114 0.427 0.258
68.360 10 0.341 0.117 0.422 0.258
68.400 10 0.342 0.119 0.422 0.261
68.440 10 0.336 0.119 0.417 0.261
68.480 10 0.338 0.119 0.419 0.264
68.520 10 0.333 0.119 0.414 0.267
68.560 10 0.336 0.122 0.419 0.269
68.600 10 0.333 0.122 0.417 0.275
68.640 10 0.334 0.128 0.419 0.278
68.680 10 0.334 0.131 0.419 0.281
68.720 10 0.333 0.133 0.419 0.283
68.760 10 0.333 0.139 0.419 0.289
68.800 10 0.333 0.142 0.417 0.292
68.840 10 0.334 0.144 0.419 0.294
68.880 10 0.334 0.144 0.419 0.294
68.920 10 0.339 0.142 0.422 0.289
68.960 10 0.344 0.139 0.423 0.281
69.000 10 0.345 0.136 0.427 0.281
69.040 10 0.345 0.139 0.430 0.289
69.080 10 0.347 0.142 0.430 0.292
69.120 10 0.350 0.147 0.434 0.297
69.160 10 0.352 0.153 0.434 0.300
69.200 10 0.355 0.153 0.438 0.303
69.240 10 0.356 0.150 0.442 0.303
69.280 10 0.358 0.147 0.442 0.300
69.320 10 0.358 0.147 0.444 0.300
69.360 10 0.356 0.144 0.444 0.297
69.400 10 0.356 0.142 0.442 0.294
69.440 10 0.350 0.136 0.441 0.297
69.480 10 0.345 0.131 0.436 0.292
69.520 10 0.339 0.128 0.428 0.286
69.560 10 0.344 0.125 0.434 0.286
69.600 10 0.341 0.128 0.433 0.289
69.640 10 0.345 0.128 0.438 0.292
69.680 10 0.344 0.131 0.434 0.294
69.720 10 0.345 0.133 0.438 0.297
69.760 10 0.342 0.136 0.434 0.300
69.800 10 0.342 0.136 0.436 0.303
69.840 10 0.338 0.136 0.430 0.300
69.880 10 0.336 0.133 0.430 0.300
69.920 10 0.331 0.133 0.425 0.300
69.960 10 0.325 0.128 0.420 0.297
70.000 10 0.319 0.125 0.416 0.297
70.040 10 0.306 0.108 0.419 0.308
70.080 10 0.302 0.111 0.414 0.311
70.120 10 0.298 0.117 0.409 0.314
70.160 10 0.292 0.125 0.405 0.328
70.200 10 0.287 0.133 0.400 0.331
70.240 10 0.284 0.144 0.397 0.342
70.280 10 0.281 0.147 0.394 0.344
70.320 10 0.278 0.150 0.392 0.350
70.360 10 0.278 0.150 0.392 0.353
70.400 10 0.278 0.150 0.392 0.353
70.440 10 0.278 0.150 0.394 0.356
70.480 10 0.278 0.153 0.394 0.358
70.520 10 0.278 0.156 0.394 0.364
70.560 10 0.281 0.158 0.397 0.364
70.600 10 0.277 0.158 0.394 0.367
70.640 10 0.281 0.158 0.400 0.367
70.680 10 0.281 0.156 0.398 0.364
70.720 10 0.283 0.150 0.400 0.361
70.760 10 0.283 0.150 0.402 0.358
70.800 10 0.284 0.147 0.403 0.358
70.840 10 0.286 0.147 0.405 0.358
70.880 10 0.284 0.147 0.403 0.358
70.920 10 0.289 0.147 0.408 0.358
70.960 10 0.284 0.147 0.403 0.358
71.000 10 0.272 0.125 0.412 0.375
71.040 10 0.281 0.136 0.409 0.364
71.080 10 0.278 0.133 0.408 0.364
71.120 10 0.283 0.133 0.411 0.361
71.160 10 0.280 0.128 0.409 0.358
71.200 10 0.283 0.128 0.412 0.356
71.240 10 0.280 0.122 0.411 0.353
71.280 10 0.283 0.122 0.414 0.353
71.320 10 0.280 0.125 0.408 0.350
71.360 10 0.283 0.119 0.412 0.350
71.400 10 0.281 0.119 0.411 0.347
71.440 10 0.283 0.119 0.411 0.344
71.480 10 0.281 0.117 0.409 0.342
71.520 10 0.281 0.114 0.409 0.342
71.560 10 0.280 0.114 0.409 0.342
71.600 10 0.280 0.111 0.409 0.339
71.640 10 0.281 0.111 0.409 0.339
71.680 10 0.280 0.114 0.406 0.336
71.720 10 0.283 0.114 0.409 0.336
71.760 10 0.281 0.114 0.406 0.333
71.800 10 0.284 0.114 0.408 0.331
71.840 10 0.283 0.114 0.405 0.331
71.880 10 0.286 0.114 0.408 0.331
71.920 10 0.286 0.108 0.409 0.325
71.960 10 0.287 0.106 0.411 0.322
72.000 10 0.291 0.106 0.408 0.311
72.040 10 0.294 0.100 0.403 0.294
72.080 10 0.291 0.094 0.403 0.292
72.120 10 0.289 0.089 0.402 0.286
72.160 10 0.289 0.086 0.402 0.283
72.200 10 0.286 0.083 0.397 0.278
72.240 10 0.287 0.081 0.398 0.278
72.280 10 0.284 0.081 0.394 0.275
72.320 10 0.284 0.081 0.395 0.278
72.360 10 0.280 0.081 0.392 0.281
72.400 10 0.281 0.081 0.394 0.281
72.440 10 0.278 0.083 0.391 0.283
72.480 10 0.281 0.086 0.395 0.289
72.520 10 0.278 0.089 0.392 0.292
72.560 10 0.278 0.092 0.394 0.294
72.600 10 0.278 0.097 0.394 0.300
72.640 10 0.280 0.100 0.394 0.303
72.680 10 0.280 0.103 0.395 0.308
72.720 10 0.281 0.106 0.397 0.311
72.760 10 0.283 0.108 0.397 0.314
72.800 10 0.284 0.111 0.398 0.314
72.840 10 0.286 0.114 0.400 0.314
72.880 10 0.286 0.117 0.403 0.322
72.920 10 0.289 0.125 0.403 0.325
72.960 10 0.294 0.128 0.408 0.331
73.000 10 0.291 0.128 0.408 0.336
73.040 10 0.292 0.131 0.409 0.339
73.080 10 0.297 0.131 0.414 0.339
73.120 10 0.298 0.125 0.414 0.331
73.160 10 0.300 0.119 0.414 0.322
73.200 10 0.298 0.111 0.411 0.314
73.240 10 0.300 0.106 0.412 0.306
73.280 10 0.297 0.100 0.409 0.303
73.320 10 0.298 0.097 0.412 0.300
73.360 10 0.298 0.094 0.412 0.300
73.400 10 0.302 0.092 0.422 0.303
73.520 10 0.309 0.094 0.434 0.319
73.560 10 0.316 0.097 0.439 0.319
73.600 10 0.312 0.097 0.436 0.319
73.640 10 0.314 0.100 0.438 0.319
73.680 10 0.311 0.103 0.433 0.322
73.720 10 0.312 0.108 0.433 0.322
73.760 10 0.306 0.108 0.430 0.331
73.800 10 0.308 0.108 0.431 0.331
73.840 10 0.305 0.114 0.427 0.333
73.880 10 0.306 0.114 0.428 0.336
73.920 10 0.305 0.122 0.423 0.333
73.960 10 0.305 0.119 0.427 0.342
74.000 10 0.305 0.128 0.420 0.336
74.040 10 0.303 0.133 0.414 0.333
74.080 10 0.303 0.131 0.419 0.339
74.120 10 0.303 0.136 0.414 0.336
74.160 10 0.303 0.133 0.417 0.339
74.200 10 0.302 0.139 0.414 0.342
74.240 10 0.303 0.142 0.416 0.344
74.280 10 0.298 0.139 0.416 0.350
74.320 10 0.302 0.142 0.416 0.350
74.360 10 0.302 0.142 0.416 0.350
74.400 10 0.298 0.144 0.412 0.347
74.440 10 0.305 0.144 0.419 0.353
74.480 10 0.297 0.136 0.417 0.353
74.520 10 0.305 0.142 0.422 0.356
74.560 10 0.298 0.139 0.417 0.353
74.600 10 0.302 0.136 0.422 0.353
74.640 10 0.300 0.133 0.419 0.347
74.680 10 0.300 0.133 0.416 0.339
74.720 10 0.292 0.125 0.409 0.336
74.760 10 0.284 0.122 0.400 0.331
73.000 11 0.183 0.272 0.239 0.372
73.040 11 0.170 0.275 0.228 0.378
73.080 11 0.158 0.281 0.212 0.378
74.600 12 0.298 0.122 0.430 0.353
74.640 12 0.295 0.114 0.430 0.356
74.680 12 0.294 0.111 0.430 0.350
74.720 12 0.284 0.103 0.420 0.344
74.760 12 0.280 0.097 0.416 0.339
74.800 12 0.272 0.094 0.408 0.333
74.840 12 0.259 0.081 0.400 0.331
74.880 12 0.253 0.081 0.391 0.325
74.920 12 0.244 0.075 0.384 0.325
74.960 12 0.236 0.072 0.377 0.322
75.000 12 0.225 0.069 0.366 0.319
75.040 12 0.214 0.067 0.355 0.317
75.080 12 0.202 0.067 0.339 0.311
75.120 12 0.178 0.050 0.323 0.311
75.160 12 0.161 0.050 0.305 0.306
75.200 12 0.139 0.047 0.284 0.303
75.240 12 0.119 0.044 0.263 0.300
75.280 12 0.091 0.044 0.236 0.306
75.320 12 0.062 0.031 0.208 0.292
75.360 12 0.033 0.031 0.181 0.294
75.400 12 -0.005 0.022 0.144 0.286
78.000 13 0.477 0.053 0.644 0.350
78.040 13 0.523 0.039 0.697 0.347
78.080 13 0.566 0.011 0.744 0.328
81.840 14 0.362 0.267 0.417 0.364
81.880 14 0.358 0.267 0.412 0.364
81.920 14 0.352 0.267 0.406 0.364
81.960 14 0.347 0.275 0.402 0.372
82.000 14 0.339 0.283 0.395 0.383
82.040 14 0.334 0.294 0.389 0.392
82.080 14 0.327 0.306 0.381 0.403
82.120 14 0.314 0.306 0.369 0.403
82.160 14 0.306 0.300 0.361 0.397
83.320 15 0.897 0.214 0.952 0.311
83.360 15 0.894 0.217 0.950 0.314
83.400 15 0.892 0.217 0.947 0.317
83.440 15 0.887 0.214 0.944 0.314
83.480 15 0.886 0.211 0.941 0.308
83.520 15 0.883 0.208 0.938 0.306
83.560 15 0.883 0.206 0.938 0.303
83.600 15 0.881 0.203 0.936 0.303
83.640 15 0.881 0.206 0.938 0.306
83.680 15 0.881 0.208 0.938 0.308
83.720 15 0.880 0.214 0.936 0.314
83.760 15 0.880 0.219 0.936 0.319
83.800 15 0.880 0.225 0.936 0.325
83.840 15 0.880 0.231 0.936 0.331
83.880 15 0.880 0.236 0.936 0.339
83.920 15 0.881 0.244 0.938 0.344
83.960 15 0.881 0.247 0.938 0.347
84.000 15 0.883 0.250 0.939 0.350
84.040 15 0.884 0.247 0.939 0.344
84.080 15 0.886 0.244 0.941 0.342
84.120 15 0.887 0.242 0.942 0.339
84.160 15 0.887 0.233 0.942 0.333
84.200 15 0.887 0.231 0.942 0.328
84.240 15 0.884 0.228 0.941 0.328
84.280 15 0.883 0.225 0.939 0.328
84.320 15 0.880 0.228 0.938 0.328
84.360 15 0.877 0.228 0.934 0.331
84.400 15 0.872 0.233 0.930 0.333
84.440 15 0.867 0.236 0.925 0.339
84.480 15 0.863 0.239 0.920 0.342
84.520 15 0.856 0.242 0.916 0.347
84.560 15 0.853 0.247 0.911 0.350
84.600 15 0.848 0.244 0.906 0.347
84.640 15 0.842 0.242 0.902 0.347
84.680 15 0.839 0.236 0.897 0.339
84.720 15 0.833 0.233 0.892 0.336
84.760 15 0.834 0.228 0.892 0.331
84.800 15 0.830 0.222 0.889 0.328
84.840 15 0.831 0.219 0.889 0.325
84.880 15 0.831 0.217 0.891 0.325
84.920 15 0.831 0.219 0.891 0.325
84.960 15 0.831 0.225 0.891 0.328
85.000 15 0.833 0.228 0.889 0.328
85.040 15 0.834 0.233 0.891 0.333
85.080 15 0.838 0.239 0.894 0.339
85.120 15 0.839 0.247 0.894 0.347
85.160 15 0.841 0.253 0.898 0.353
85.200 15 0.845 0.256 0.902 0.356
85.240 15 0.848 0.253 0.905 0.356
85.280 15 0.852 0.250 0.908 0.353
85.320 15 0.853 0.244 0.911 0.347
85.360 15 0.855 0.236 0.912 0.339
85.400 15 0.856 0.231 0.912 0.331
85.440 15 0.856 0.225 0.912 0.325
85.480 15 0.856 0.222 0.914 0.325
85.520 15 0.856 0.222 0.912 0.322
85.560 15 0.855 0.222 0.912 0.325
85.600 15 0.853 0.228 0.911 0.328
85.640 15 0.852 0.231 0.909 0.333
85.680 15 0.850 0.239 0.908 0.339
85.720 15 0.848 0.242 0.906 0.342
85.760 15 0.845 0.244 0.903 0.347
85.800 15 0.842 0.244 0.900 0.347
85.840 15 0.839 0.242 0.897 0.344
85.880 15 0.836 0.236 0.894 0.339
85.920 15 0.834 0.231 0.892 0.333
85.960 15 0.831 0.222 0.891 0.328
86.000 15 0.833 0.217 0.889 0.317
86.040 15 0.833 0.211 0.889 0.311
86.080 15 0.833 0.208 0.889 0.308
86.120 15 0.834 0.208 0.891 0.308
86.160 15 0.833 0.208 0.889 0.308
86.200 15 0.833 0.208 0.892 0.311
86.240 15 0.833 0.211 0.891 0.317
86.280 15 0.836 0.217 0.895 0.319
86.320 15 0.836 0.219 0.895 0.325
86.360 15 0.841 0.225 0.900 0.331
86.400 15 0.845 0.225 0.905 0.331
86.440 15 0.848 0.225 0.909 0.331
86.480 15 0.853 0.219 0.914 0.325
86.520 15 0.858 0.214 0.919 0.319
86.560 15 0.859 0.206 0.920 0.311
86.600 15 0.861 0.200 0.920 0.306
86.640 15 0.861 0.192 0.922 0.300
86.680 15 0.861 0.189 0.922 0.294
86.720 15 0.859 0.186 0.919 0.294
86.760 15 0.859 0.189 0.920 0.294
86.800 15 0.858 0.192 0.919 0.300
86.840 15 0.856 0.194 0.917 0.303
86.880 15 0.855 0.200 0.916 0.308
89.640 16 0.255 0.350 0.286 0.406
89.680 16 0.259 0.350 0.291 0.406
89.720 16 0.266 0.350 0.297 0.406
89.760 16 0.272 0.353 0.303 0.408
89.800 16 0.277 0.353 0.308 0.408
89.840 16 0.280 0.356 0.311 0.411
89.880 16 0.281 0.356 0.312 0.411
89.920 16 0.281 0.356 0.314 0.411
89.960 16 0.281 0.353 0.314 0.408
90.000 16 0.283 0.350 0.316 0.408
90.040 16 0.284 0.350 0.317 0.408
90.080 16 0.284 0.344 0.317 0.406
90.120 16 0.283 0.339 0.317 0.400
90.160 16 0.283 0.331 0.317 0.389
90.200 16 0.283 0.322 0.316 0.383
90.240 16 0.281 0.317 0.316 0.378
90.280 16 0.283 0.317 0.317 0.375
90.320 16 0.286 0.317 0.320 0.378
90.360 16 0.287 0.322 0.322 0.383
90.400 16 0.286 0.328 0.320 0.389
90.440 16 0.286 0.333 0.322 0.394
90.480 16 0.284 0.336 0.320 0.397
90.520 16 0.283 0.339 0.319 0.400
90.560 16 0.283 0.336 0.319 0.400
90.600 16 0.283 0.333 0.319 0.397
90.640 16 0.283 0.336 0.319 0.400
90.680 16 0.283 0.347 0.319 0.411
90.720 16 0.283 0.356 0.320 0.422
90.760 16 0.284 0.367 0.322 0.433
90.800 16 0.284 0.369 0.322 0.436
90.840 16 0.286 0.369 0.323 0.436
90.880 16 0.287 0.372 0.325 0.439
90.920 16 0.287 0.367 0.327 0.433
90.960 16 0.289 0.364 0.328 0.431
91.000 16 0.289 0.358 0.328 0.428
91.040 16 0.291 0.356 0.330 0.425
91.080 16 0.292 0.356 0.331 0.425
91.120 16 0.295 0.358 0.334 0.428
91.160 16 0.297 0.364 0.336 0.433
91.200 16 0.300 0.369 0.339 0.439
91.240 16 0.306 0.375 0.345 0.444
91.280 16 0.312 0.381 0.353 0.453
91.320 16 0.320 0.386 0.361 0.458
91.360 16 0.325 0.386 0.366 0.461
91.400 16 0.328 0.389 0.369 0.461
91.440 16 0.330 0.389 0.372 0.461
91.480 16 0.328 0.386 0.369 0.461
91.520 16 0.322 0.381 0.362 0.456
91.560 16 0.319 0.372 0.361 0.447
91.600 16 0.312 0.364 0.355 0.439
91.640 16 0.309 0.356 0.352 0.431
91.680 16 0.306 0.350 0.350 0.425
91.720 16 0.302 0.344 0.345 0.422
91.760 16 0.298 0.342 0.342 0.419
91.800 16 0.295 0.342 0.341 0.419
91.840 16 0.294 0.342 0.339 0.422
91.880 16 0.292 0.344 0.338 0.425
91.920 16 0.291 0.350 0.338 0.433
91.960 16 0.289 0.356 0.336 0.439
92.000 16 0.286 0.361 0.333 0.444
92.040 16 0.281 0.361 0.330 0.447
92.080 16 0.280 0.367 0.327 0.450
92.120 16 0.278 0.369 0.325 0.456
92.160 16 0.275 0.369 0.323 0.456
92.200 16 0.273 0.372 0.322 0.458
92.240 16 0.273 0.369 0.322 0.456
92.280 16 0.272 0.364 0.320 0.450
92.320 16 0.270 0.358 0.319 0.444
92.360 16 0.269 0.353 0.319 0.442
92.400 16 0.266 0.347 0.317 0.436
92.440 16 0.267 0.344 0.317 0.436
92.480 16 0.266 0.344 0.316 0.433
92.520 16 0.269 0.344 0.319 0.436
92.560 16 0.269 0.347 0.322 0.442
92.600 16 0.275 0.353 0.327 0.444
92.640 16 0.281 0.353 0.333 0.447
92.680 16 0.284 0.353 0.338 0.447
92.720 16 0.287 0.353 0.341 0.447
92.760 16 0.289 0.350 0.342 0.444
92.800 16 0.287 0.350 0.342 0.444
92.840 16 0.283 0.347 0.339 0.444
92.880 16 0.275 0.336 0.333 0.439
92.920 16 0.267 0.331 0.322 0.431
92.960 16 0.259 0.322 0.314 0.422
93.000 16 0.252 0.317 0.308 0.417
93.040 16 0.250 0.322 0.298 0.411
93.080 16 0.244 0.319 0.294 0.411
93.120 16 0.239 0.319 0.289 0.411
93.160 16 0.234 0.322 0.286 0.414
93.200 16 0.230 0.322 0.281 0.414
93.240 16 0.225 0.322 0.277 0.417
93.280 16 0.220 0.325 0.272 0.419
93.320 16 0.216 0.325 0.269 0.419
93.360 16 0.209 0.325 0.264 0.422
93.400 16 0.205 0.322 0.259 0.419
93.440 16 0.200 0.317 0.255 0.414
93.480 16 0.195 0.319 0.250 0.417
93.520 16 0.189 0.317 0.245 0.417
93.560 16 0.181 0.311 0.239 0.414
93.600 16 0.177 0.303 0.234 0.406
93.640 16 0.170 0.294 0.228 0.397
93.680 16 0.170 0.289 0.228 0.394
93.720 16 0.167 0.283 0.227 0.389
93.760 16 0.166 0.281 0.225 0.386
93.800 16 0.163 0.275 0.223 0.383
93.840 16 0.158 0.269 0.219 0.381
93.880 16 0.153 0.267 0.216 0.378
93.920 16 0.148 0.264 0.209 0.372
93.960 16 0.141 0.256 0.203 0.369
94.000 16 0.139 0.261 0.195 0.361
94.040 16 0.133 0.256 0.191 0.356
94.080 16 0.125 0.253 0.183 0.356
94.120 16 0.119 0.253 0.177 0.358
94.160 16 0.113 0.258 0.170 0.361
94.200 16 0.105 0.258 0.164 0.364
94.240 16 0.097 0.264 0.158 0.369
94.280 16 0.087 0.267 0.148 0.372
94.320 16 0.073 0.272 0.133 0.378
94.360 16 0.053 0.269 0.116 0.383
94.400 16 0.039 0.278 0.098 0.383
94.440 16 0.023 0.269 0.086 0.383
94.480 16 0.013 0.269 0.073 0.381
94.520 16 0.003 0.267 0.067 0.381
94.560 16 -0.008 0.261 0.059 0.381
94.600 16 -0.019 0.256 0.050 0.378
94.640 16 -0.031 0.250 0.037 0.372
91.520 17 0.287 0.383 0.327 0.450
91.560 17 0.281 0.375 0.320 0.444
91.600 17 0.277 0.367 0.316 0.433
91.640 17 0.270 0.358 0.309 0.425
91.680 17 0.264 0.350 0.302 0.419
91.720 17 0.258 0.344 0.297 0.414
91.760 17 0.250 0.342 0.289 0.414
91.800 17 0.245 0.342 0.284 0.411
91.840 17 0.242 0.342 0.281 0.414
91.880 17 0.239 0.344 0.280 0.417
91.920 17 0.236 0.350 0.277 0.422
91.960 17 0.233 0.356 0.273 0.428
92.000 17 0.228 0.361 0.270 0.433
92.040 17 0.222 0.361 0.266 0.436
92.080 17 0.219 0.367 0.261 0.442
92.120 17 0.212 0.367 0.256 0.444
92.160 17 0.209 0.369 0.253 0.447
92.200 17 0.208 0.372 0.252 0.450
92.240 17 0.205 0.369 0.250 0.450
92.280 17 0.202 0.364 0.248 0.444
92.320 17 0.200 0.358 0.247 0.442
92.360 17 0.195 0.353 0.242 0.436
92.400 17 0.191 0.347 0.237 0.431
92.440 17 0.188 0.342 0.236 0.428
92.480 17 0.184 0.339 0.234 0.425
92.520 17 0.184 0.339 0.234 0.428
92.560 17 0.184 0.342 0.233 0.431
92.600 17 0.188 0.347 0.236 0.436
92.640 17 0.189 0.347 0.239 0.433
92.680 17 0.194 0.347 0.244 0.436
92.720 17 0.195 0.344 0.247 0.436
92.760 17 0.192 0.342 0.245 0.436
92.800 17 0.188 0.342 0.239 0.433
92.840 17 0.180 0.339 0.233 0.433
92.880 17 0.170 0.328 0.225 0.428
92.920 17 0.159 0.322 0.214 0.419
92.960 17 0.148 0.311 0.205 0.411
93.000 17 0.139 0.306 0.195 0.406
93.040 17 0.131 0.303 0.188 0.403
93.080 17 0.122 0.297 0.180 0.400
93.120 17 0.116 0.297 0.173 0.400
93.160 17 0.106 0.297 0.164 0.400
93.200 17 0.100 0.297 0.158 0.403
93.240 17 0.092 0.300 0.150 0.403
93.280 17 0.084 0.300 0.141 0.400
93.320 17 0.075 0.297 0.136 0.406
93.360 17 0.066 0.292 0.128 0.403
93.400 17 0.059 0.289 0.120 0.397
93.440 17 0.050 0.283 0.113 0.397
93.480 17 0.039 0.283 0.103 0.397
93.520 17 0.028 0.281 0.094 0.397
93.560 17 0.019 0.278 0.084 0.397
93.600 17 0.008 0.269 0.077 0.389
93.640 17 -0.002 0.267 0.066 0.386
93.680 17 -0.009 0.256 0.061 0.381
93.720 17 -0.013 0.258 0.055 0.378
93.760 17 -0.020 0.253 0.047 0.372
93.800 17 -0.027 0.244 0.042 0.369
102.800 18 0.880 0.411 0.933 0.506
102.840 18 0.884 0.406 0.939 0.500
102.880 18 0.891 0.403 0.944 0.497
102.920 18 0.897 0.406 0.950 0.500
102.960 18 0.902 0.408 0.956 0.508
103.000 18 0.908 0.417 0.964 0.517
103.040 18 0.911 0.422 0.969 0.525
103.080 18 0.912 0.433 0.972 0.536
103.120 18 0.912 0.442 0.972 0.547
103.160 18 0.912 0.453 0.972 0.558
103.200 18 0.909 0.458 0.970 0.567
103.240 18 0.906 0.467 0.967 0.575
103.280 18 0.906 0.475 0.966 0.583
103.320 18 0.903 0.481 0.964 0.589
103.360 18 0.902 0.486 0.966 0.600
103.400 18 0.902 0.497 0.966 0.611
103.440 18 0.900 0.508 0.966 0.625
103.480 18 0.900 0.522 0.967 0.639
103.520 18 0.898 0.536 0.966 0.656
103.560 18 0.895 0.547 0.964 0.667
103.600 18 0.894 0.558 0.961 0.681
103.640 18 0.889 0.561 0.958 0.683
103.680 18 0.886 0.556 0.955 0.681
103.720 18 0.881 0.547 0.952 0.672
103.760 18 0.875 0.539 0.945 0.667
107.960 19 0.925 0.539 0.981 0.639
108.000 19 0.927 0.539 0.983 0.639
108.040 19 0.928 0.539 0.984 0.639
108.080 19 0.928 0.542 0.984 0.642
108.120 19 0.930 0.544 0.986 0.644
108.160 19 0.928 0.544 0.984 0.644
108.200 19 0.931 0.544 0.986 0.644
108.240 19 0.930 0.544 0.986 0.644
108.280 19 0.931 0.542 0.988 0.642
108.320 19 0.930 0.542 0.984 0.639
108.360 19 0.933 0.539 0.988 0.636
108.400 19 0.930 0.536 0.984 0.633
108.440 19 0.928 0.533 0.984 0.631
108.480 19 0.928 0.528 0.983 0.625
108.520 19 0.928 0.522 0.983 0.619
108.560 19 0.925 0.517 0.981 0.617
108.600 19 0.925 0.511 0.980 0.611
108.640 19 0.923 0.506 0.978 0.606
108.680 19 0.919 0.500 0.975 0.603
108.720 19 0.919 0.497 0.975 0.597
108.760 19 0.914 0.492 0.972 0.594
107.960 20 0.352 0.483 0.406 0.583
108.000 20 0.352 0.483 0.408 0.583
108.040 20 0.356 0.486 0.409 0.581
108.360 20 0.356 0.483 0.411 0.583
108.400 20 0.355 0.481 0.408 0.578
108.440 20 0.356 0.481 0.411 0.575
108.480 20 0.352 0.475 0.406 0.572
108.520 20 0.352 0.472 0.408 0.572
108.560 20 0.350 0.469 0.405 0.567
108.600 20 0.348 0.467 0.405 0.567
108.640 20 0.348 0.464 0.405 0.564
108.680 20 0.348 0.467 0.403 0.561
108.720 20 0.345 0.464 0.402 0.564
108.760 20 0.344 0.461 0.403 0.567
108.800 20 0.342 0.464 0.398 0.564
108.840 20 0.339 0.458 0.398 0.564
108.880 20 0.345 0.464 0.403 0.567
108.920 20 0.345 0.467 0.402 0.569
108.960 20 0.348 0.469 0.405 0.569
109.000 20 0.352 0.472 0.408 0.572
109.040 20 0.353 0.472 0.409 0.572
109.080 20 0.355 0.469 0.414 0.572
109.120 20 0.355 0.469 0.411 0.569
109.160 20 0.355 0.469 0.411 0.569
109.200 20 0.355 0.469 0.411 0.569
109.240 20 0.353 0.467 0.411 0.572
109.280 20 0.352 0.469 0.411 0.575
109.320 20 0.355 0.475 0.412 0.575
109.360 20 0.355 0.481 0.412 0.581
109.400 20 0.359 0.486 0.416 0.586
109.440 20 0.361 0.492 0.419 0.594
109.480 20 0.362 0.497 0.422 0.603
109.520 20 0.367 0.506 0.423 0.608
109.560 20 0.366 0.508 0.423 0.611
109.600 20 0.367 0.508 0.427 0.614
109.640 20 0.366 0.511 0.423 0.617
109.680 20 0.367 0.511 0.427 0.617
109.720 20 0.367 0.514 0.425 0.614
109.760 20 0.369 0.511 0.427 0.617
109.800 20 0.369 0.508 0.427 0.614
109.840 20 0.369 0.508 0.425 0.608
109.880 20 0.369 0.503 0.425 0.606
109.920 20 0.364 0.500 0.422 0.603
109.960 20 0.361 0.497 0.419 0.600
110.000 20 0.358 0.497 0.416 0.600
110.040 20 0.356 0.494 0.412 0.594
110.080 20 0.350 0.492 0.409 0.594
110.120 20 0.348 0.489 0.406 0.592
110.160 20 0.347 0.489 0.402 0.589
110.200 20 0.342 0.489 0.400 0.589
110.240 20 0.341 0.489 0.395 0.589
110.280 20 0.338 0.492 0.392 0.589
110.320 20 0.334 0.492 0.389 0.592
110.360 20 0.330 0.494 0.386 0.594
110.400 20 0.327 0.494 0.383 0.594
110.440 20 0.323 0.494 0.380 0.594
110.480 20 0.319 0.494 0.375 0.594
110.800 20 0.294 0.492 0.350 0.592
110.840 20 0.292 0.492 0.348 0.592
110.880 20 0.289 0.494 0.345 0.594
110.920 20 0.286 0.492 0.342 0.592
110.960 20 0.281 0.494 0.338 0.594
111.000 20 0.277 0.494 0.333 0.594
111.040 20 0.272 0.494 0.328 0.597
109.640 21 0.725 0.528 0.783 0.631
109.680 21 0.722 0.525 0.780 0.631
109.720 21 0.723 0.525 0.781 0.628
109.760 21 0.723 0.525 0.781 0.628
109.800 21 0.725 0.522 0.784 0.628
109.840 21 0.720 0.519 0.781 0.625
109.880 21 0.723 0.519 0.783 0.625
109.920 21 0.720 0.519 0.777 0.619
109.960 21 0.717 0.517 0.773 0.617
110.000 21 0.714 0.517 0.770 0.617
110.040 21 0.709 0.511 0.767 0.614
110.080 21 0.706 0.508 0.764 0.611
110.120 21 0.703 0.506 0.761 0.608
110.160 21 0.700 0.506 0.758 0.606
110.200 21 0.697 0.506 0.755 0.608
110.240 21 0.694 0.506 0.750 0.608
110.280 21 0.691 0.508 0.747 0.608
110.320 21 0.688 0.511 0.744 0.608
110.360 21 0.683 0.508 0.739 0.608
110.400 21 0.680 0.511 0.736 0.608
110.440 21 0.677 0.508 0.731 0.608
110.480 21 0.672 0.508 0.730 0.608
110.520 21 0.669 0.506 0.725 0.606
110.560 21 0.666 0.506 0.722 0.606
110.600 21 0.662 0.506 0.719 0.606
110.640 21 0.659 0.506 0.716 0.606
110.680 21 0.656 0.503 0.713 0.606
110.720 21 0.653 0.503 0.709 0.603
110.760 21 0.650 0.503 0.706 0.606
110.800 21 0.648 0.503 0.705 0.606
110.840 21 0.645 0.506 0.703 0.606
110.880 21 0.644 0.506 0.700 0.608
110.920 21 0.639 0.508 0.697 0.608
110.960 21 0.636 0.508 0.694 0.611
111.000 21 0.633 0.506 0.689 0.606
111.040 21 0.628 0.503 0.688 0.608
111.080 21 0.625 0.508 0.681 0.608
111.120 21 0.623 0.508 0.680 0.608
111.160 21 0.622 0.511 0.678 0.611
111.200 21 0.619 0.511 0.677 0.611
111.240 21 0.616 0.508 0.673 0.614
111.280 21 0.614 0.508 0.672 0.614
111.320 21 0.614 0.511 0.672 0.611
111.360 21 0.614 0.514 0.669 0.611
111.400 21 0.614 0.511 0.670 0.614
111.440 21 0.616 0.511 0.673 0.614
111.480 21 0.617 0.511 0.675 0.614
111.520 21 0.619 0.511 0.677 0.614
111.560 21 0.620 0.508 0.678 0.611
111.600 21 0.622 0.508 0.680 0.611
111.640 21 0.622 0.508 0.678 0.608
111.680 21 0.622 0.506 0.678 0.606
111.720 21 0.622 0.506 0.678 0.606
112.600 22 0.698 0.417 0.834 0.653
112.640 22 0.713 0.408 0.847 0.644
112.680 22 0.723 0.406 0.858 0.642
112.720 22 0.736 0.403 0.872 0.642
112.760 22 0.747 0.406 0.883 0.642
112.800 22 0.761 0.408 0.894 0.644
112.840 22 0.777 0.403 0.912 0.644
112.880 22 0.792 0.406 0.930 0.647
112.920 22 0.811 0.392 0.953 0.644
112.960 22 0.833 0.375 0.980 0.633
113.000 22 0.863 0.375 1.003 0.622
113.040 22 0.886 0.367 1.027 0.614
113.080 22 0.911 0.356 1.048 0.597
113.480 23 0.817 0.458 0.870 0.556
113.520 23 0.817 0.461 0.872 0.556
113.560 23 0.820 0.458 0.877 0.556
113.600 23 0.823 0.456 0.878 0.553
113.640 23 0.827 0.447 0.881 0.544
113.680 23 0.827 0.444 0.881 0.542
113.720 23 0.820 0.453 0.875 0.550
113.760 23 0.806 0.458 0.861 0.556
113.800 23 0.800 0.461 0.853 0.558
113.840 23 0.795 0.433 0.852 0.533
113.880 23 0.797 0.417 0.852 0.514
113.920 23 0.794 0.406 0.850 0.506
113.960 23 0.792 0.408 0.848 0.506
114.000 23 0.789 0.417 0.845 0.517
114.040 23 0.786 0.425 0.845 0.531
114.080 23 0.787 0.433 0.845 0.539
114.120 23 0.791 0.442 0.850 0.547
114.160 23 0.792 0.453 0.850 0.558
114.200 23 0.794 0.464 0.853 0.569
114.240 23 0.795 0.475 0.853 0.578
114.280 23 0.795 0.481 0.853 0.583
114.320 23 0.795 0.483 0.853 0.586
114.360 23 0.795 0.486 0.853 0.589
114.400 23 0.797 0.489 0.855 0.589
114.440 23 0.795 0.486 0.853 0.589
114.480 23 0.795 0.483 0.853 0.586
114.520 23 0.797 0.481 0.853 0.581
114.560 23 0.792 0.475 0.848 0.578
114.600 23 0.794 0.475 0.850 0.575
114.640 23 0.791 0.472 0.847 0.572
114.680 23 0.792 0.472 0.848 0.572
114.720 23 0.791 0.472 0.847 0.572
114.760 23 0.792 0.472 0.847 0.572
114.800 23 0.791 0.475 0.847 0.572
114.840 23 0.791 0.475 0.845 0.572
114.880 23 0.792 0.475 0.847 0.572
114.920 23 0.791 0.475 0.845 0.572
114.960 23 0.792 0.478 0.847 0.575
115.000 23 0.789 0.472 0.845 0.572
115.040 23 0.789 0.475 0.845 0.572
115.080 23 0.787 0.475 0.844 0.575
115.120 23 0.789 0.478 0.844 0.575
115.160 23 0.791 0.481 0.844 0.575
115.200 23 0.789 0.481 0.842 0.578
115.240 23 0.792 0.483 0.845 0.578
115.280 23 0.791 0.486 0.842 0.578
115.320 23 0.794 0.486 0.845 0.578
115.360 23 0.794 0.486 0.844 0.575
128.280 24 0.677 0.125 0.797 0.342
128.320 24 0.680 0.125 0.800 0.342
128.360 24 0.680 0.125 0.802 0.342
128.400 24 0.681 0.125 0.802 0.342
128.440 24 0.683 0.128 0.803 0.342
128.480 24 0.683 0.125 0.805 0.342
128.520 24 0.681 0.125 0.803 0.342
128.560 24 0.686 0.125 0.806 0.339
128.600 24 0.684 0.125 0.805 0.339
128.640 24 0.684 0.125 0.805 0.339
128.680 24 0.681 0.122 0.803 0.339
128.720 24 0.686 0.125 0.806 0.339
128.760 24 0.683 0.125 0.803 0.339
128.800 24 0.684 0.125 0.806 0.339
128.840 24 0.681 0.125 0.802 0.339
128.880 24 0.681 0.125 0.800 0.339
128.920 24 0.684 0.128 0.802 0.336
128.960 24 0.680 0.128 0.798 0.336
129.000 24 0.680 0.128 0.797 0.336
129.040 24 0.677 0.128 0.792 0.336
129.080 24 0.678 0.128 0.795 0.336
129.120 24 0.675 0.131 0.792 0.336
129.160 24 0.683 0.131 0.798 0.336
129.200 24 0.677 0.131 0.791 0.333
129.240 24 0.683 0.133 0.798 0.339
129.280 24 0.681 0.136 0.792 0.333
129.320 24 0.681 0.139 0.794 0.336
129.360 24 0.684 0.136 0.798 0.339
129.400 24 0.681 0.139 0.795 0.339
129.440 24 0.689 0.139 0.805 0.344
129.480 24 0.695 0.139 0.811 0.347
129.800 24 0.698 0.161 0.795 0.333
129.840 24 0.692 0.164 0.791 0.336
129.880 24 0.686 0.167 0.786 0.344
129.920 24 0.686 0.181 0.783 0.350
129.960 24 0.684 0.181 0.781 0.353
130.000 24 0.686 0.183 0.783 0.356
130.040 24 0.677 0.178 0.786 0.372
130.080 24 0.677 0.178 0.786 0.372
130.120 24 0.675 0.178 0.784 0.375
130.160 24 0.675 0.178 0.786 0.375
130.200 24 0.675 0.178 0.784 0.372
130.240 24 0.673 0.178 0.783 0.372
130.280 24 0.670 0.178 0.780 0.372
130.320 24 0.670 0.178 0.778 0.369
130.360 24 0.667 0.178 0.775 0.369
130.400 24 0.667 0.178 0.775 0.369
130.440 24 0.664 0.178 0.773 0.369
130.480 24 0.662 0.178 0.770 0.369
130.520 24 0.662 0.181 0.769 0.367
130.560 24 0.659 0.178 0.766 0.369
130.600 24 0.659 0.178 0.766 0.367
130.640 24 0.658 0.178 0.764 0.367
130.680 24 0.656 0.178 0.764 0.367
130.720 24 0.659 0.181 0.764 0.367
130.760 24 0.655 0.181 0.759 0.367
130.800 24 0.658 0.181 0.762 0.367
130.840 24 0.653 0.181 0.759 0.369
130.880 24 0.656 0.178 0.762 0.367
130.920 24 0.650 0.181 0.756 0.369
130.960 24 0.653 0.181 0.759 0.369
131.000 24 0.641 0.172 0.758 0.381
131.040 24 0.641 0.181 0.750 0.375
131.080 24 0.641 0.181 0.750 0.375
131.120 24 0.639 0.181 0.747 0.372
131.160 24 0.636 0.181 0.744 0.372
131.200 24 0.634 0.181 0.742 0.369
131.240 24 0.633 0.181 0.741 0.369
131.280 24 0.631 0.181 0.739 0.372
131.320 24 0.628 0.183 0.736 0.375
131.360 24 0.628 0.189 0.736 0.381
131.400 24 0.625 0.192 0.731 0.383
131.440 24 0.625 0.192 0.734 0.386
131.480 24 0.622 0.194 0.731 0.386
131.520 24 0.623 0.197 0.731 0.389
131.560 24 0.622 0.200 0.728 0.389
131.600 24 0.623 0.200 0.731 0.389
131.640 24 0.625 0.200 0.731 0.389
131.680 24 0.628 0.197 0.734 0.386
131.720 24 0.633 0.194 0.738 0.383
131.760 24 0.633 0.192 0.738 0.378
131.800 24 0.636 0.189 0.741 0.378
131.840 24 0.634 0.189 0.739 0.375
131.880 24 0.637 0.189 0.744 0.378
131.920 24 0.637 0.192 0.742 0.378
131.960 24 0.637 0.192 0.744 0.381
132.000 24 0.642 0.203 0.739 0.375
132.040 24 0.642 0.200 0.739 0.372
132.080 24 0.644 0.200 0.742 0.375
132.120 24 0.642 0.200 0.739 0.375
132.160 24 0.644 0.203 0.739 0.375
132.200 24 0.641 0.200 0.736 0.369
132.240 24 0.642 0.197 0.738 0.369
132.280 24 0.639 0.197 0.734 0.367
132.320 24 0.641 0.197 0.736 0.367
132.360 24 0.639 0.197 0.736 0.367
132.400 24 0.641 0.197 0.736 0.367
132.440 24 0.639 0.194 0.736 0.367
132.480 24 0.642 0.194 0.738 0.367
132.520 24 0.641 0.194 0.736 0.364
132.560 24 0.644 0.194 0.739 0.364
132.600 24 0.642 0.192 0.739 0.364
132.640 24 0.644 0.192 0.741 0.364
132.680 24 0.645 0.194 0.741 0.361
132.720 24 0.647 0.194 0.741 0.364
132.760 24 0.647 0.197 0.741 0.364
132.800 24 0.647 0.200 0.742 0.367
132.840 24 0.648 0.203 0.742 0.369
132.880 24 0.650 0.203 0.744 0.369
132.920 24 0.650 0.206 0.744 0.372
132.960 24 0.652 0.208 0.745 0.375
133.000 24 0.653 0.203 0.750 0.375
133.040 24 0.655 0.206 0.752 0.375
133.080 24 0.655 0.206 0.752 0.378
133.120 24 0.656 0.208 0.753 0.381
133.160 24 0.656 0.208 0.753 0.381
133.200 24 0.658 0.208 0.753 0.381
133.240 24 0.658 0.208 0.753 0.381
133.280 24 0.658 0.208 0.753 0.381
139.720 25 0.180 0.183 0.366 0.517
139.760 25 0.169 0.186 0.355 0.519
139.800 25 0.163 0.200 0.342 0.522
139.840 25 0.158 0.206 0.328 0.508
139.880 25 0.156 0.206 0.323 0.503
139.920 25 0.148 0.197 0.314 0.494
139.960 25 0.142 0.189 0.309 0.489
140.000 25 0.141 0.183 0.308 0.483
140.040 25 0.141 0.181 0.308 0.478
140.080 25 0.144 0.172 0.312 0.475
140.120 25 0.142 0.169 0.311 0.472
140.160 25 0.145 0.153 0.312 0.450
140.200 25 0.145 0.153 0.311 0.450
140.240 25 0.147 0.158 0.311 0.453
140.280 25 0.150 0.167 0.314 0.458
140.320 25 0.147 0.175 0.312 0.472
140.360 25 0.155 0.186 0.322 0.483
140.400 25 0.158 0.200 0.325 0.497
140.440 25 0.169 0.208 0.336 0.508
140.480 25 0.177 0.217 0.345 0.517
140.520 25 0.186 0.222 0.356 0.528
140.560 25 0.195 0.228 0.366 0.531
140.600 25 0.205 0.231 0.375 0.533
140.640 25 0.216 0.233 0.383 0.533
140.680 25 0.225 0.239 0.392 0.539
140.720 25 0.234 0.244 0.400 0.539
140.760 25 0.242 0.244 0.409 0.542
140.800 25 0.252 0.244 0.419 0.539
140.840 25 0.261 0.239 0.428 0.536
140.880 25 0.270 0.236 0.438 0.533
140.920 25 0.280 0.233 0.447 0.531
140.960 25 0.289 0.236 0.456 0.533
141.000 25 0.289 0.217 0.458 0.517
141.040 25 0.295 0.217 0.463 0.511
141.080 25 0.308 0.214 0.477 0.514
141.520 26 0.445 0.239 0.717 0.722
141.560 26 0.436 0.203 0.719 0.708
141.600 26 0.430 0.194 0.709 0.692
141.640 26 0.423 0.186 0.706 0.689
141.680 26 0.420 0.181 0.713 0.700
141.720 26 0.409 0.178 0.705 0.706
141.760 26 0.412 0.186 0.706 0.708
141.800 26 0.403 0.192 0.697 0.714
141.840 26 0.411 0.206 0.697 0.714
141.880 26 0.400 0.206 0.692 0.722
141.920 26 0.403 0.208 0.692 0.725
141.960 26 0.402 0.214 0.684 0.717
142.000 26 0.405 0.206 0.695 0.722
142.040 26 0.411 0.203 0.703 0.722
142.080 26 0.406 0.203 0.695 0.717
142.120 26 0.412 0.197 0.703 0.717
142.160 26 0.406 0.197 0.697 0.711
142.200 26 0.409 0.186 0.709 0.719
142.240 26 0.394 0.181 0.698 0.725
142.280 26 0.409 0.181 0.714 0.722
142.320 26 0.402 0.186 0.702 0.719
142.360 26 0.408 0.194 0.706 0.725
142.400 27 0.419 0.225 0.658 0.653
142.440 27 0.416 0.225 0.653 0.653
142.480 27 0.422 0.225 0.661 0.653
142.520 27 0.417 0.222 0.656 0.650
142.560 27 0.425 0.225 0.664 0.650
142.600 27 0.427 0.222 0.666 0.650
142.640 27 0.430 0.225 0.669 0.653
142.680 27 0.431 0.225 0.670 0.653
142.720 27 0.433 0.225 0.672 0.653
142.760 27 0.430 0.222 0.670 0.653
142.800 27 0.438 0.225 0.678 0.653
142.840 27 0.433 0.222 0.673 0.653
142.880 27 0.442 0.222 0.681 0.653
142.920 27 0.436 0.217 0.678 0.653
142.960 27 0.444 0.219 0.684 0.650
143.000 27 0.445 0.219 0.686 0.650
143.040 27 0.461 0.231 0.683 0.628
143.080 27 0.463 0.233 0.684 0.631
143.120 27 0.464 0.236 0.686 0.631
143.160 27 0.466 0.239 0.688 0.633
143.200 27 0.467 0.239 0.689 0.633
143.240 27 0.469 0.242 0.691 0.636
143.280 27 0.472 0.244 0.692 0.639
143.320 27 0.472 0.244 0.694 0.642
143.360 27 0.473 0.247 0.697 0.642
143.400 27 0.478 0.250 0.698 0.644
143.440 27 0.475 0.250 0.695 0.644
143.480 27 0.481 0.253 0.703 0.647
143.520 27 0.480 0.253 0.700 0.647
143.560 27 0.486 0.256 0.706 0.647
143.600 27 0.484 0.258 0.702 0.644
143.640 27 0.489 0.258 0.708 0.647
143.680 27 0.480 0.253 0.703 0.650
143.720 27 0.481 0.256 0.702 0.650
143.760 27 0.480 0.256 0.700 0.650
143.800 27 0.477 0.253 0.697 0.647
143.840 27 0.475 0.253 0.695 0.644
143.880 27 0.473 0.253 0.692 0.642
143.920 27 0.472 0.253 0.691 0.642
143.960 27 0.472 0.253 0.688 0.639
144.000 27 0.483 0.261 0.684 0.619
144.040 27 0.464 0.233 0.691 0.639
144.080 27 0.469 0.233 0.697 0.639
144.120 27 0.463 0.228 0.695 0.642
144.160 27 0.470 0.225 0.700 0.636
144.200 27 0.467 0.222 0.694 0.625
144.240 27 0.470 0.217 0.698 0.622
144.280 27 0.463 0.214 0.692 0.622
144.320 27 0.466 0.214 0.694 0.622
144.360 27 0.464 0.222 0.691 0.625
144.400 27 0.467 0.228 0.694 0.633
144.440 27 0.466 0.236 0.691 0.636
144.480 27 0.466 0.233 0.691 0.636
144.520 27 0.466 0.228 0.692 0.633
144.560 27 0.463 0.219 0.695 0.633
144.600 27 0.458 0.211 0.694 0.633
144.640 27 0.459 0.214 0.695 0.636
144.680 27 0.456 0.217 0.689 0.631
144.720 27 0.461 0.222 0.691 0.633
144.760 27 0.461 0.228 0.686 0.631
144.800 27 0.461 0.236 0.684 0.633
144.840 27 0.455 0.231 0.681 0.633
144.880 27 0.458 0.231 0.684 0.633
144.920 27 0.456 0.233 0.681 0.633
144.960 27 0.453 0.233 0.683 0.642
145.000 27 0.445 0.219 0.686 0.650
145.040 27 0.436 0.214 0.684 0.658
145.080 27 0.448 0.211 0.698 0.661
145.120 27 0.441 0.211 0.691 0.661
145.160 27 0.455 0.214 0.705 0.661
145.200 27 0.447 0.217 0.695 0.664
145.240 27 0.459 0.219 0.709 0.667
144.480 28 0.950 0.583 1.016 0.700
144.520 28 0.945 0.586 1.011 0.700
144.560 28 0.941 0.586 1.006 0.703
144.600 28 0.938 0.589 1.003 0.706
144.640 28 0.931 0.592 0.998 0.708
144.680 28 0.928 0.592 0.995 0.711
144.720 28 0.925 0.594 0.992 0.711
144.760 28 0.922 0.597 0.988 0.714
144.800 28 0.919 0.600 0.984 0.717
144.840 28 0.916 0.603 0.981 0.719
144.880 28 0.912 0.603 0.978 0.722
144.920 28 0.912 0.603 0.980 0.722
144.960 28 0.911 0.606 0.978 0.725
145.000 28 0.911 0.606 0.978 0.725
145.040 28 0.912 0.608 0.980 0.728
145.080 28 0.916 0.608 0.986 0.733
145.120 28 0.922 0.608 0.991 0.731
145.160 28 0.927 0.611 0.994 0.731
145.200 28 0.931 0.608 1.000 0.731
145.240 28 0.936 0.608 1.005 0.731
145.280 29 0.419 0.250 0.548 0.483
145.320 29 0.420 0.256 0.550 0.489
145.360 29 0.420 0.256 0.553 0.494
145.400 29 0.422 0.258 0.555 0.497
145.440 29 0.423 0.258 0.558 0.500
145.480 29 0.417 0.258 0.555 0.506
145.520 29 0.423 0.261 0.562 0.511
145.560 29 0.419 0.261 0.559 0.514
145.600 29 0.420 0.264 0.562 0.517
145.640 29 0.419 0.267 0.556 0.514
145.680 29 0.422 0.267 0.559 0.514
145.720 29 0.420 0.264 0.559 0.514
145.760 29 0.427 0.264 0.567 0.517
145.800 29 0.422 0.264 0.562 0.519
145.840 29 0.428 0.264 0.570 0.522
145.880 29 0.422 0.264 0.562 0.519
145.920 29 0.427 0.267 0.566 0.517
145.960 29 0.425 0.264 0.564 0.514
146.000 29 0.428 0.264 0.567 0.514
146.040 29 0.425 0.258 0.564 0.508
146.080 29 0.423 0.256 0.562 0.508
146.120 29 0.428 0.256 0.567 0.506
146.160 29 0.425 0.253 0.566 0.508
146.200 29 0.428 0.253 0.570 0.508
146.240 29 0.430 0.253 0.570 0.506
146.280 29 0.434 0.256 0.573 0.503
146.320 29 0.431 0.253 0.572 0.506
146.360 29 0.436 0.253 0.577 0.503
146.400 29 0.433 0.253 0.573 0.503
146.440 29 0.438 0.253 0.577 0.503
146.480 29 0.434 0.250 0.573 0.503
146.520 29 0.436 0.250 0.577 0.500
146.560 29 0.431 0.247 0.572 0.500
146.600 29 0.434 0.247 0.573 0.497
146.640 29 0.434 0.247 0.573 0.497
146.680 29 0.436 0.250 0.577 0.503
146.720 29 0.438 0.253 0.578 0.506
146.760 29 0.439 0.253 0.580 0.503
146.800 29 0.441 0.250 0.581 0.500
146.840 29 0.442 0.244 0.583 0.497
146.880 29 0.442 0.239 0.584 0.494
146.920 29 0.448 0.242 0.588 0.492
146.960 29 0.447 0.242 0.586 0.492
147.000 29 0.444 0.236 0.583 0.486
147.040 29 0.444 0.236 0.588 0.492
147.080 29 0.442 0.236 0.584 0.492
147.120 29 0.447 0.236 0.588 0.489
147.160 29 0.445 0.233 0.586 0.486
147.200 29 0.448 0.233 0.591 0.486
147.240 29 0.447 0.231 0.588 0.486
147.280 29 0.450 0.228 0.594 0.483
147.320 29 0.448 0.228 0.591 0.481
147.360 29 0.453 0.225 0.595 0.481
147.400 29 0.448 0.225 0.592 0.483
147.440 29 0.452 0.222 0.597 0.483
147.480 29 0.455 0.222 0.598 0.478
147.520 29 0.453 0.217 0.597 0.475
147.560 29 0.458 0.217 0.602 0.475
147.600 29 0.461 0.217 0.603 0.472
147.640 29 0.464 0.219 0.606 0.475
147.680 29 0.469 0.219 0.608 0.469
147.720 29 0.473 0.217 0.611 0.464
147.760 29 0.478 0.217 0.614 0.461
147.800 29 0.483 0.214 0.619 0.458
147.840 29 0.484 0.214 0.619 0.456
147.880 29 0.487 0.214 0.622 0.453
147.920 29 0.492 0.214 0.625 0.453
147.960 29 0.494 0.214 0.623 0.447
148.000 29 0.491 0.208 0.630 0.458
148.040 29 0.487 0.206 0.630 0.461
148.080 29 0.489 0.211 0.630 0.464
148.120 29 0.489 0.214 0.630 0.467
148.160 29 0.491 0.217 0.630 0.467
148.200 29 0.489 0.219 0.630 0.472
148.240 29 0.489 0.225 0.628 0.475
148.280 29 0.491 0.233 0.625 0.475
148.320 29 0.492 0.236 0.628 0.481
148.360 29 0.491 0.239 0.627 0.483
148.400 29 0.492 0.239 0.628 0.486
148.440 29 0.494 0.244 0.628 0.486
148.480 29 0.489 0.239 0.628 0.489
148.520 29 0.494 0.239 0.633 0.489
148.560 29 0.491 0.239 0.628 0.489
148.600 29 0.489 0.242 0.628 0.489
148.640 29 0.489 0.242 0.627 0.489
148.680 29 0.494 0.242 0.630 0.486
148.720 29 0.492 0.244 0.628 0.486
148.760 29 0.492 0.244 0.627 0.486
148.800 29 0.494 0.242 0.630 0.489
148.840 29 0.495 0.239 0.633 0.483
148.880 29 0.491 0.239 0.627 0.483
148.920 29 0.497 0.239 0.633 0.483
148.960 29 0.497 0.239 0.633 0.483
149.000 29 0.491 0.236 0.630 0.486
149.040 29 0.491 0.236 0.630 0.486
149.080 29 0.495 0.233 0.631 0.481
149.120 29 0.498 0.236 0.628 0.467
149.160 29 0.498 0.231 0.628 0.464
149.200 29 0.498 0.228 0.628 0.458
149.240 29 0.498 0.228 0.625 0.453
149.280 29 0.498 0.225 0.627 0.453
149.320 29 0.498 0.222 0.627 0.453
149.360 29 0.498 0.219 0.628 0.453
149.400 29 0.502 0.219 0.631 0.453
149.440 29 0.498 0.219 0.630 0.453
149.480 29 0.503 0.222 0.634 0.458
149.520 29 0.502 0.225 0.633 0.458
149.560 29 0.505 0.225 0.636 0.461
149.600 29 0.503 0.228 0.634 0.464
149.640 29 0.503 0.228 0.637 0.467
149.680 29 0.503 0.228 0.639 0.469
149.720 29 0.505 0.228 0.641 0.472
149.760 29 0.505 0.231 0.641 0.472
149.800 29 0.508 0.236 0.639 0.472
149.840 29 0.508 0.236 0.642 0.475
149.880 29 0.508 0.233 0.642 0.475
149.920 29 0.505 0.233 0.641 0.475
149.960 29 0.506 0.233 0.644 0.478
150.000 29 0.505 0.236 0.645 0.486
150.040 29 0.503 0.231 0.644 0.481
150.080 29 0.503 0.233 0.644 0.483
150.120 29 0.502 0.233 0.642 0.486
150.160 29 0.500 0.236 0.641 0.489
150.200 29 0.498 0.239 0.641 0.492
150.240 29 0.498 0.247 0.639 0.497
150.280 29 0.498 0.253 0.637 0.500
150.320 29 0.498 0.256 0.637 0.506
150.360 29 0.498 0.258 0.637 0.508
150.400 29 0.498 0.261 0.639 0.514
150.440 29 0.497 0.261 0.641 0.517
150.480 29 0.497 0.258 0.642 0.519
150.520 29 0.492 0.258 0.639 0.522
150.560 29 0.498 0.258 0.645 0.522
150.600 29 0.491 0.256 0.637 0.519
150.640 29 0.497 0.256 0.644 0.519
150.680 29 0.495 0.258 0.639 0.517
150.720 29 0.495 0.258 0.639 0.514
150.760 29 0.495 0.253 0.637 0.508
150.800 29 0.495 0.250 0.637 0.506
150.840 29 0.494 0.250 0.636 0.503
150.880 29 0.492 0.247 0.636 0.500
150.920 29 0.492 0.244 0.634 0.500
150.960 29 0.491 0.242 0.634 0.497
151.000 29 0.491 0.236 0.630 0.486
151.040 29 0.483 0.211 0.639 0.492
151.080 29 0.481 0.211 0.637 0.489
151.120 29 0.480 0.206 0.637 0.489
151.160 29 0.478 0.206 0.636 0.489
151.200 29 0.475 0.203 0.636 0.492
151.240 29 0.473 0.206 0.634 0.494
151.280 29 0.473 0.208 0.634 0.494
151.320 29 0.473 0.211 0.631 0.494
151.360 29 0.475 0.211 0.631 0.494
151.400 29 0.472 0.217 0.627 0.494
151.440 29 0.475 0.217 0.630 0.494
151.480 29 0.475 0.217 0.628 0.494
151.520 29 0.472 0.217 0.627 0.494
151.560 29 0.477 0.217 0.630 0.492
151.600 29 0.475 0.217 0.627 0.492
151.640 29 0.478 0.217 0.630 0.492
151.680 29 0.477 0.219 0.627 0.489
151.720 29 0.481 0.219 0.630 0.489
151.760 29 0.478 0.217 0.627 0.483
151.800 29 0.483 0.214 0.633 0.481
151.840 29 0.483 0.208 0.631 0.475
151.880 29 0.483 0.206 0.633 0.475
151.920 29 0.483 0.203 0.634 0.475
151.960 29 0.483 0.203 0.633 0.472
152.000 29 0.477 0.183 0.644 0.483
152.040 29 0.487 0.219 0.633 0.481
152.080 29 0.487 0.222 0.633 0.483
152.120 29 0.484 0.222 0.631 0.486
152.160 29 0.484 0.225 0.631 0.489
152.200 29 0.483 0.228 0.630 0.492
152.240 29 0.483 0.231 0.630 0.494
152.280 29 0.484 0.231 0.631 0.497
152.320 29 0.484 0.233 0.633 0.497
152.360 29 0.484 0.233 0.633 0.497
152.400 29 0.487 0.233 0.636 0.500
152.440 29 0.483 0.231 0.631 0.500
152.480 29 0.487 0.231 0.636 0.497
152.520 29 0.481 0.228 0.630 0.494
152.560 29 0.486 0.228 0.636 0.494
152.600 29 0.484 0.222 0.634 0.492
152.640 29 0.483 0.219 0.633 0.489
152.680 29 0.486 0.214 0.639 0.492
152.720 29 0.480 0.214 0.634 0.489
152.760 29 0.483 0.208 0.642 0.494
152.800 29 0.478 0.206 0.637 0.492
152.840 29 0.483 0.208 0.639 0.489
152.880 29 0.480 0.206 0.637 0.489
152.920 29 0.484 0.208 0.642 0.489
152.960 29 0.478 0.208 0.634 0.486
153.000 29 0.491 0.236 0.630 0.486
153.040 29 0.487 0.228 0.623 0.472
153.080 29 0.487 0.219 0.625 0.467
153.120 29 0.487 0.214 0.627 0.464
153.160 29 0.484 0.206 0.628 0.464
153.200 29 0.486 0.203 0.630 0.461
153.240 29 0.481 0.203 0.627 0.464
153.280 29 0.484 0.206 0.630 0.467
153.320 29 0.481 0.206 0.627 0.467
153.360 29 0.481 0.206 0.628 0.469
153.400 29 0.483 0.208 0.630 0.472
153.440 29 0.486 0.219 0.628 0.475
153.480 29 0.489 0.231 0.628 0.478
153.520 29 0.494 0.239 0.630 0.483
153.560 29 0.492 0.247 0.625 0.489
153.600 29 0.491 0.253 0.627 0.494
153.640 29 0.487 0.256 0.627 0.506
153.680 29 0.489 0.261 0.630 0.514
153.720 29 0.487 0.267 0.628 0.519
153.760 29 0.491 0.269 0.631 0.522
153.800 29 0.489 0.272 0.630 0.525
153.840 29 0.492 0.272 0.634 0.528
153.880 29 0.486 0.267 0.633 0.528
153.920 29 0.495 0.269 0.641 0.531
153.960 29 0.487 0.267 0.633 0.528
154.000 29 0.491 0.264 0.630 0.514
154.040 29 0.497 0.261 0.633 0.508
154.080 29 0.494 0.261 0.630 0.503
154.120 29 0.495 0.258 0.628 0.497
154.160 29 0.495 0.253 0.630 0.494
154.200 29 0.491 0.244 0.627 0.489
154.240 29 0.487 0.242 0.625 0.489
154.280 29 0.484 0.236 0.622 0.483
154.320 29 0.483 0.236 0.619 0.481
154.360 29 0.481 0.236 0.617 0.481
154.400 29 0.480 0.231 0.616 0.475
154.440 29 0.477 0.225 0.614 0.475
154.400 30 0.495 0.225 0.630 0.467
154.440 30 0.487 0.222 0.623 0.467
154.480 30 0.483 0.217 0.622 0.467
154.520 30 0.484 0.217 0.623 0.469
154.560 30 0.477 0.214 0.617 0.467
154.600 30 0.478 0.219 0.619 0.469
154.640 30 0.475 0.219 0.614 0.472
154.680 30 0.477 0.222 0.617 0.475
154.720 30 0.473 0.225 0.614 0.475
154.760 30 0.473 0.225 0.616 0.478
154.800 30 0.475 0.225 0.617 0.481
154.840 30 0.469 0.225 0.614 0.486
154.880 30 0.477 0.228 0.623 0.492
154.920 30 0.469 0.225 0.614 0.489
154.960 30 0.478 0.233 0.617 0.486
155.000 30 0.475 0.236 0.614 0.486
155.040 30 0.467 0.244 0.605 0.492
155.080 30 0.467 0.244 0.605 0.492
155.120 30 0.467 0.244 0.605 0.492
155.160 30 0.467 0.244 0.605 0.492
155.200 30 0.467 0.244 0.605 0.489
155.240 30 0.466 0.242 0.603 0.489
155.280 30 0.469 0.242 0.606 0.489
155.320 30 0.466 0.242 0.603 0.489
155.360 30 0.466 0.242 0.605 0.492
155.400 30 0.466 0.239 0.605 0.492
155.440 30 0.467 0.242 0.605 0.492
155.480 30 0.466 0.242 0.605 0.492
155.520 30 0.466 0.242 0.605 0.492
155.560 30 0.464 0.242 0.603 0.492
155.600 30 0.469 0.242 0.606 0.489
155.640 30 0.467 0.239 0.605 0.489
155.680 30 0.466 0.236 0.606 0.489
155.720 30 0.466 0.236 0.606 0.489
155.760 30 0.469 0.239 0.608 0.489
155.800 30 0.466 0.239 0.603 0.486
155.840 30 0.467 0.236 0.606 0.489
155.880 30 0.467 0.236 0.608 0.489
155.920 30 0.467 0.233 0.606 0.486
155.960 30 0.469 0.233 0.606 0.483
156.000 30 0.459 0.236 0.598 0.486
156.040 30 0.463 0.233 0.602 0.483
156.080 30 0.463 0.231 0.600 0.481
156.120 30 0.464 0.225 0.606 0.481
156.160 30 0.466 0.217 0.609 0.475
156.200 30 0.463 0.206 0.609 0.472
156.240 30 0.467 0.200 0.616 0.467
156.280 30 0.466 0.192 0.617 0.464
156.320 30 0.470 0.189 0.622 0.461
156.360 30 0.466 0.181 0.620 0.458
156.400 30 0.466 0.178 0.620 0.456
156.440 30 0.463 0.183 0.613 0.453
156.480 30 0.464 0.183 0.616 0.456
156.600 30 0.467 0.200 0.614 0.464
156.640 30 0.463 0.203 0.609 0.469
156.680 30 0.456 0.208 0.605 0.478
156.720 30 0.455 0.217 0.605 0.486
156.760 30 0.452 0.228 0.597 0.489
156.800 30 0.448 0.233 0.591 0.489
156.840 30 0.445 0.239 0.584 0.486
156.880 30 0.445 0.239 0.583 0.486
156.920 30 0.445 0.239 0.583 0.486
156.960 30 0.444 0.236 0.583 0.486
157.000 30 0.444 0.236 0.583 0.486
157.040 30 0.444 0.236 0.583 0.486
157.080 30 0.447 0.233 0.586 0.483
157.120 30 0.444 0.231 0.584 0.481
157.160 30 0.448 0.231 0.588 0.481
157.200 30 0.442 0.231 0.580 0.475
157.240 30 0.452 0.233 0.586 0.478
157.280 30 0.450 0.225 0.589 0.475
157.320 30 0.448 0.233 0.583 0.472
157.360 30 0.452 0.231 0.584 0.467
157.400 30 0.452 0.225 0.584 0.464
157.440 30 0.455 0.222 0.586 0.458
157.480 30 0.455 0.217 0.588 0.456
157.520 30 0.458 0.214 0.594 0.456
157.560 30 0.456 0.214 0.591 0.456
157.600 30 0.458 0.214 0.592 0.456
157.640 30 0.458 0.208 0.595 0.456
157.680 30 0.456 0.208 0.592 0.453
157.720 30 0.459 0.206 0.597 0.456
157.760 30 0.456 0.206 0.595 0.456
157.800 30 0.456 0.206 0.598 0.458
157.840 30 0.455 0.206 0.597 0.461
157.880 30 0.459 0.206 0.600 0.458
157.920 30 0.458 0.203 0.598 0.456
157.960 30 0.461 0.200 0.605 0.458
158.000 30 0.459 0.208 0.598 0.458
158.040 30 0.469 0.208 0.603 0.450
158.080 30 0.469 0.214 0.603 0.456
158.120 30 0.470 0.222 0.605 0.464
158.160 30 0.469 0.228 0.605 0.472
158.200 30 0.470 0.233 0.608 0.481
158.240 30 0.469 0.239 0.606 0.486
158.280 30 0.470 0.244 0.609 0.492
158.320 30 0.472 0.247 0.611 0.494
158.360 30 0.470 0.244 0.609 0.494
158.400 30 0.469 0.244 0.608 0.494
158.440 30 0.470 0.242 0.613 0.494
158.480 30 0.467 0.242 0.608 0.494
158.520 30 0.470 0.242 0.611 0.494
158.560 30 0.469 0.239 0.613 0.497
158.600 30 0.469 0.236 0.614 0.497
158.640 30 0.466 0.236 0.611 0.497
158.680 30 0.469 0.233 0.617 0.500
158.720 30 0.467 0.233 0.613 0.494
158.760 30 0.469 0.231 0.617 0.497
158.800 30 0.469 0.228 0.616 0.492
158.840 30 0.472 0.222 0.619 0.486
158.880 30 0.473 0.219 0.620 0.483
158.920 30 0.477 0.214 0.625 0.481
158.960 30 0.478 0.211 0.623 0.472
159.000 30 0.491 0.208 0.630 0.458
159.040 30 0.491 0.200 0.628 0.444
159.080 30 0.494 0.200 0.627 0.439
159.120 30 0.497 0.203 0.628 0.436
159.160 30 0.500 0.203 0.630 0.436
159.200 30 0.500 0.203 0.631 0.439
159.240 30 0.503 0.208 0.634 0.442
159.280 30 0.505 0.214 0.634 0.447
159.320 30 0.505 0.217 0.636 0.453
159.360 30 0.502 0.222 0.633 0.456
159.400 30 0.506 0.228 0.636 0.461
159.440 30 0.503 0.228 0.636 0.467
159.480 30 0.503 0.228 0.636 0.467
159.520 30 0.502 0.231 0.634 0.467
159.560 30 0.506 0.228 0.637 0.464
159.600 30 0.503 0.228 0.633 0.461
159.640 30 0.508 0.231 0.636 0.461
159.680 30 0.505 0.228 0.634 0.461
159.720 30 0.506 0.228 0.637 0.461
159.760 30 0.503 0.231 0.633 0.464
159.800 30 0.506 0.231 0.636 0.464
159.840 30 0.506 0.233 0.636 0.464
159.880 30 0.509 0.231 0.639 0.464
159.920 30 0.512 0.231 0.644 0.464
159.960 30 0.512 0.228 0.642 0.461
160.000 30 0.505 0.208 0.645 0.458
160.040 30 0.506 0.203 0.652 0.464
160.080 30 0.502 0.203 0.645 0.458
160.120 30 0.505 0.206 0.648 0.461
160.160 30 0.500 0.206 0.645 0.464
160.200 30 0.509 0.208 0.653 0.467
160.240 30 0.502 0.203 0.645 0.458
160.280 30 0.511 0.197 0.652 0.447
160.320 30 0.511 0.197 0.650 0.444
160.360 30 0.511 0.192 0.650 0.439
160.400 30 0.516 0.192 0.652 0.436
160.440 30 0.511 0.189 0.650 0.436
160.480 30 0.511 0.192 0.647 0.433
160.520 30 0.512 0.194 0.645 0.431
160.240 31 0.498 0.197 0.655 0.478
160.280 31 0.497 0.194 0.655 0.472
160.320 31 0.502 0.189 0.658 0.467
160.360 31 0.500 0.186 0.655 0.464
160.400 31 0.505 0.186 0.658 0.461
160.440 31 0.502 0.189 0.655 0.458
160.480 31 0.505 0.189 0.658 0.458
160.520 31 0.509 0.192 0.659 0.458
160.560 31 0.505 0.197 0.653 0.461
160.600 31 0.505 0.203 0.653 0.467
160.640 31 0.509 0.211 0.653 0.467
160.680 31 0.506 0.217 0.648 0.467
160.720 31 0.508 0.219 0.652 0.472
160.760 31 0.505 0.219 0.645 0.472
160.800 31 0.508 0.219 0.650 0.472
160.840 31 0.505 0.214 0.648 0.469
160.880 31 0.509 0.208 0.655 0.464
160.920 31 0.503 0.206 0.647 0.461
160.960 31 0.508 0.206 0.652 0.461
161.000 31 0.505 0.208 0.645 0.458
161.040 31 0.503 0.222 0.644 0.472
161.080 31 0.502 0.222 0.642 0.472
161.120 31 0.498 0.222 0.637 0.469
161.160 31 0.503 0.222 0.642 0.469
161.200 31 0.498 0.222 0.637 0.472
161.240 31 0.498 0.222 0.639 0.475
161.280 31 0.494 0.222 0.636 0.478
161.320 31 0.492 0.222 0.634 0.478
161.360 31 0.491 0.225 0.631 0.478
161.400 31 0.487 0.225 0.630 0.478
161.440 31 0.487 0.225 0.628 0.478
161.480 31 0.489 0.228 0.628 0.478
161.520 31 0.489 0.231 0.628 0.481
161.560 31 0.487 0.231 0.627 0.481
161.600 31 0.487 0.231 0.628 0.483
161.640 31 0.487 0.231 0.630 0.481
161.680 31 0.489 0.228 0.630 0.483
161.720 31 0.484 0.228 0.627 0.481
161.760 31 0.489 0.228 0.630 0.478
161.800 31 0.487 0.228 0.628 0.478
161.840 31 0.487 0.228 0.625 0.475
161.880 31 0.492 0.228 0.628 0.472
161.920 31 0.489 0.228 0.627 0.472
161.960 31 0.492 0.225 0.631 0.475
162.000 31 0.491 0.236 0.630 0.486
162.040 31 0.489 0.231 0.631 0.486
162.080 31 0.489 0.231 0.631 0.486
162.120 31 0.491 0.228 0.637 0.492
162.160 31 0.489 0.228 0.633 0.489
162.200 31 0.491 0.231 0.636 0.489
162.240 31 0.487 0.228 0.633 0.489
162.280 31 0.489 0.228 0.636 0.489
162.320 31 0.487 0.225 0.633 0.486
162.360 31 0.487 0.217 0.637 0.486
162.400 31 0.486 0.211 0.637 0.483
162.440 31 0.483 0.206 0.639 0.483
162.480 31 0.481 0.200 0.637 0.481
162.520 31 0.478 0.200 0.634 0.481
162.560 31 0.477 0.200 0.633 0.481
162.600 31 0.475 0.203 0.630 0.478
162.640 31 0.473 0.203 0.628 0.481
162.680 31 0.472 0.203 0.627 0.478
162.720 31 0.473 0.206 0.623 0.475
162.760 31 0.473 0.208 0.622 0.475
162.800 31 0.472 0.208 0.620 0.475
162.840 31 0.472 0.211 0.619 0.475
162.880 31 0.472 0.211 0.619 0.472
162.920 31 0.470 0.208 0.617 0.472
162.960 31 0.470 0.206 0.619 0.472
163.000 31 0.475 0.208 0.614 0.458
163.040 31 0.483 0.211 0.611 0.442
163.080 31 0.486 0.214 0.611 0.436
163.120 31 0.481 0.206 0.611 0.436
163.160 31 0.473 0.200 0.605 0.436
163.200 31 0.469 0.194 0.602 0.431
163.240 31 0.466 0.192 0.600 0.431
163.280 31 0.466 0.189 0.600 0.431
163.320 31 0.466 0.189 0.597 0.428
163.360 31 0.469 0.192 0.597 0.422
163.400 31 0.463 0.192 0.591 0.422
163.440 31 0.459 0.192 0.588 0.425
163.480 31 0.458 0.200 0.584 0.425
163.520 31 0.466 0.194 0.595 0.428
163.560 31 0.461 0.197 0.591 0.431
163.600 31 0.466 0.197 0.595 0.431
163.640 31 0.466 0.200 0.594 0.428
163.680 31 0.472 0.200 0.600 0.428
163.720 31 0.470 0.194 0.598 0.428
163.760 31 0.473 0.194 0.603 0.428
163.800 31 0.473 0.192 0.608 0.433
163.840 31 0.477 0.197 0.611 0.439
163.880 31 0.472 0.200 0.613 0.450
163.920 31 0.473 0.206 0.613 0.456
163.960 31 0.475 0.208 0.614 0.458
164.000 31 0.475 0.208 0.614 0.458
164.040 31 0.481 0.217 0.617 0.464
164.080 31 0.480 0.219 0.616 0.464
164.120 31 0.480 0.222 0.617 0.467
164.160 31 0.478 0.222 0.616 0.469
164.200 31 0.478 0.222 0.614 0.467
164.240 31 0.478 0.222 0.616 0.469
164.280 31 0.478 0.225 0.616 0.469
164.320 31 0.478 0.225 0.614 0.469
164.360 31 0.480 0.219 0.616 0.464
164.400 31 0.480 0.214 0.617 0.461
164.440 31 0.480 0.214 0.616 0.461
164.480 31 0.478 0.214 0.614 0.461
164.520 31 0.475 0.217 0.616 0.467
164.560 31 0.472 0.219 0.613 0.472
164.600 31 0.470 0.228 0.613 0.483
164.640 31 0.475 0.233 0.617 0.489
164.680 31 0.472 0.236 0.614 0.492
164.720 31 0.473 0.236 0.614 0.492
164.760 31 0.473 0.233 0.616 0.489
164.800 31 0.469 0.228 0.613 0.486
164.840 31 0.475 0.231 0.617 0.486
164.880 31 0.467 0.225 0.613 0.486
164.920 31 0.475 0.228 0.617 0.486
164.960 31 0.466 0.225 0.611 0.486
165.000 31 0.475 0.236 0.614 0.486
165.040 31 0.469 0.228 0.609 0.481
165.080 31 0.469 0.228 0.609 0.481
165.120 31 0.467 0.225 0.611 0.481
165.160 31 0.469 0.225 0.609 0.478
165.200 31 0.469 0.222 0.613 0.481
165.240 31 0.469 0.219 0.611 0.472
165.280 31 0.475 0.211 0.619 0.469
165.320 31 0.480 0.206 0.623 0.461
165.360 31 0.487 0.200 0.631 0.456
165.400 31 0.497 0.192 0.641 0.450
165.440 31 0.497 0.186 0.641 0.444
165.480 31 0.502 0.192 0.642 0.444
165.520 31 0.495 0.189 0.639 0.447
165.560 31 0.492 0.186 0.637 0.447
165.600 31 0.486 0.186 0.630 0.444
165.640 31 0.483 0.189 0.623 0.442
165.680 31 0.477 0.186 0.619 0.442
165.720 31 0.472 0.186 0.614 0.444
165.760 31 0.472 0.183 0.620 0.450
165.800 31 0.469 0.189 0.620 0.461
165.840 31 0.473 0.200 0.623 0.469
165.880 31 0.473 0.211 0.614 0.464
165.920 31 0.478 0.217 0.616 0.461
165.960 31 0.472 0.217 0.608 0.461
166.000 31 0.475 0.208 0.614 0.458
166.040 31 0.477 0.208 0.616 0.458
166.080 31 0.475 0.208 0.614 0.458
166.120 31 0.473 0.206 0.614 0.461
166.160 31 0.477 0.208 0.616 0.458
166.200 31 0.473 0.206 0.613 0.458
166.240 31 0.478 0.208 0.617 0.458
166.280 31 0.473 0.203 0.616 0.461
166.320 31 0.473 0.203 0.616 0.458
166.360 31 0.472 0.203 0.614 0.458
166.400 31 0.473 0.203 0.617 0.461
166.440 31 0.472 0.203 0.617 0.464
166.480 31 0.472 0.200 0.617 0.461
166.520 31 0.472 0.197 0.617 0.458
166.560 31 0.472 0.194 0.619 0.458
166.600 31 0.473 0.192 0.620 0.456
166.640 31 0.473 0.189 0.622 0.458
166.680 31 0.472 0.189 0.619 0.456
166.720 31 0.472 0.186 0.617 0.447
166.760 31 0.475 0.178 0.619 0.436
166.800 31 0.477 0.169 0.620 0.428
166.840 31 0.478 0.167 0.619 0.422
166.880 31 0.478 0.167 0.619 0.419
166.920 31 0.481 0.172 0.619 0.417
166.960 31 0.480 0.178 0.617 0.422
167.000 31 0.475 0.181 0.614 0.431
167.040 31 0.467 0.175 0.616 0.442
167.080 31 0.475 0.183 0.622 0.447
167.120 31 0.463 0.178 0.617 0.453
167.160 31 0.470 0.178 0.623 0.456
167.200 31 0.463 0.178 0.617 0.453
167.240 31 0.475 0.181 0.620 0.442
167.280 31 0.473 0.178 0.614 0.431
167.320 31 0.473 0.167 0.617 0.422
167.360 31 0.466 0.161 0.608 0.417
167.400 31 0.466 0.158 0.606 0.411
167.440 31 0.459 0.156 0.600 0.411
167.480 31 0.459 0.158 0.600 0.408
167.520 31 0.456 0.164 0.595 0.414
167.560 31 0.452 0.169 0.591 0.419
167.600 31 0.456 0.178 0.591 0.419
167.640 31 0.458 0.175 0.589 0.411
167.680 31 0.461 0.169 0.594 0.406
167.720 31 0.458 0.164 0.589 0.400
167.760 31 0.458 0.161 0.591 0.400
167.800 31 0.456 0.161 0.591 0.400
167.840 31 0.455 0.164 0.586 0.403
167.880 31 0.458 0.169 0.589 0.406
167.240 32 0.481 0.178 0.633 0.450
167.280 32 0.477 0.172 0.628 0.442
167.320 32 0.478 0.161 0.631 0.436
167.360 32 0.478 0.156 0.630 0.428
167.400 32 0.469 0.153 0.620 0.425
167.440 32 0.473 0.150 0.623 0.422
167.480 32 0.467 0.150 0.620 0.425
167.520 32 0.467 0.156 0.620 0.431
167.560 32 0.463 0.158 0.617 0.436
167.600 32 0.456 0.161 0.613 0.442
167.640 32 0.461 0.156 0.617 0.436
167.680 32 0.458 0.150 0.613 0.431
167.720 32 0.459 0.144 0.619 0.428
167.760 32 0.455 0.136 0.619 0.431
167.800 32 0.461 0.136 0.625 0.431
167.840 32 0.455 0.139 0.620 0.436
167.880 32 0.455 0.142 0.622 0.442
167.920 32 0.455 0.144 0.623 0.444
167.960 32 0.456 0.147 0.623 0.447
168.000 32 0.458 0.150 0.625 0.450
168.040 32 0.466 0.167 0.616 0.433
168.080 32 0.467 0.167 0.617 0.439
168.120 32 0.469 0.169 0.619 0.442
168.160 32 0.469 0.169 0.622 0.444
168.200 32 0.470 0.172 0.625 0.450
168.240 32 0.470 0.172 0.627 0.453
168.280 32 0.472 0.178 0.628 0.458
168.320 32 0.470 0.181 0.627 0.461
168.360 32 0.473 0.183 0.630 0.464
168.400 32 0.469 0.186 0.627 0.469
168.440 32 0.470 0.186 0.630 0.472
168.480 32 0.469 0.192 0.627 0.472
168.520 32 0.473 0.194 0.630 0.475
168.560 32 0.472 0.194 0.628 0.478
168.600 32 0.472 0.197 0.630 0.481
168.640 32 0.472 0.197 0.630 0.481
168.680 32 0.470 0.197 0.628 0.483
168.720 32 0.473 0.200 0.630 0.483
168.760 32 0.469 0.200 0.625 0.483
168.800 32 0.472 0.200 0.630 0.483
168.840 32 0.469 0.200 0.625 0.483
168.880 32 0.470 0.200 0.628 0.481
168.920 32 0.469 0.197 0.627 0.478
168.960 32 0.469 0.194 0.627 0.478
169.000 32 0.475 0.208 0.614 0.458
169.040 32 0.475 0.208 0.614 0.458
169.080 32 0.475 0.208 0.614 0.458
169.120 32 0.472 0.211 0.609 0.458
169.160 32 0.473 0.208 0.616 0.467
169.200 32 0.473 0.208 0.616 0.464
169.240 32 0.473 0.208 0.614 0.461
169.280 32 0.473 0.208 0.614 0.461
169.320 32 0.473 0.208 0.616 0.461
169.360 32 0.477 0.206 0.619 0.464
169.400 32 0.473 0.206 0.616 0.461
169.440 32 0.478 0.206 0.620 0.461
169.480 32 0.472 0.206 0.614 0.461
169.520 32 0.477 0.203 0.623 0.467
169.560 32 0.469 0.203 0.616 0.464
169.600 32 0.477 0.203 0.623 0.464
169.640 32 0.473 0.203 0.617 0.458
169.680 32 0.477 0.203 0.619 0.461
169.720 32 0.477 0.203 0.619 0.461
169.760 32 0.480 0.203 0.623 0.461
169.800 32 0.473 0.200 0.617 0.458
169.840 32 0.478 0.200 0.622 0.458
169.880 32 0.477 0.197 0.620 0.456
169.920 32 0.477 0.197 0.620 0.456
169.960 32 0.480 0.194 0.625 0.456
