22.480 0 0.889 0.564 1.003 0.767
22.520 0 0.880 0.558 0.994 0.764
22.560 0 0.873 0.561 0.988 0.767
22.600 0 0.866 0.553 0.983 0.764
22.640 0 0.856 0.556 0.973 0.764
22.680 0 0.856 0.564 0.972 0.769
22.720 0 0.852 0.564 0.969 0.772
22.760 0 0.845 0.561 0.963 0.769
22.800 0 0.842 0.561 0.961 0.772
22.840 0 0.838 0.561 0.958 0.775
22.880 0 0.833 0.567 0.948 0.769
22.920 0 0.827 0.564 0.942 0.767
22.960 0 0.819 0.564 0.936 0.772
23.000 0 0.822 0.564 0.939 0.772
23.040 0 0.822 0.561 0.947 0.783
23.080 0 0.817 0.564 0.941 0.781
23.120 0 0.819 0.567 0.941 0.783
23.160 0 0.814 0.569 0.934 0.783
23.200 0 0.811 0.569 0.931 0.783
23.240 0 0.811 0.567 0.933 0.783
23.280 0 0.806 0.567 0.928 0.783
23.320 0 0.808 0.567 0.928 0.781
23.360 0 0.803 0.567 0.925 0.781
23.400 0 0.803 0.564 0.925 0.778
23.440 0 0.798 0.561 0.920 0.778
23.480 0 0.800 0.558 0.923 0.775
23.520 0 0.797 0.556 0.919 0.772
23.560 0 0.800 0.556 0.922 0.769
23.600 0 0.798 0.553 0.920 0.769
23.640 0 0.803 0.550 0.925 0.769
23.680 0 0.805 0.553 0.927 0.769
23.720 0 0.809 0.550 0.931 0.767
23.760 0 0.817 0.550 0.939 0.764
23.800 0 0.823 0.544 0.948 0.764
23.840 0 0.831 0.539 0.956 0.758
23.880 0 0.839 0.539 0.963 0.756
23.920 0 0.847 0.539 0.972 0.761
23.960 0 0.855 0.544 0.980 0.764
24.000 0 0.847 0.542 0.988 0.789
24.040 0 0.844 0.547 0.988 0.800
24.080 0 0.838 0.544 0.984 0.803
24.120 0 0.834 0.547 0.980 0.800
24.160 0 0.819 0.542 0.972 0.811
24.200 0 0.808 0.539 0.959 0.806
24.280 0 0.787 0.558 0.902 0.758
24.320 0 0.775 0.561 0.887 0.758
24.360 0 0.767 0.564 0.878 0.761
24.400 0 0.762 0.564 0.875 0.764
24.440 0 0.755 0.567 0.869 0.767
24.480 0 0.756 0.567 0.870 0.769
24.520 0 0.752 0.567 0.866 0.769
24.560 0 0.758 0.567 0.872 0.769
24.600 0 0.759 0.564 0.877 0.772
24.640 0 0.756 0.561 0.875 0.772
24.680 0 0.756 0.556 0.880 0.775
24.720 0 0.762 0.561 0.883 0.775
24.760 0 0.756 0.558 0.877 0.775
24.800 0 0.756 0.558 0.877 0.775
24.840 0 0.752 0.561 0.872 0.772
24.880 0 0.750 0.558 0.870 0.772
24.920 0 0.742 0.558 0.864 0.772
24.960 0 0.736 0.558 0.856 0.772
25.000 0 0.731 0.564 0.848 0.772
25.040 0 0.730 0.572 0.842 0.775
25.080 0 0.722 0.575 0.834 0.775
25.120 0 0.716 0.575 0.828 0.775
25.160 0 0.709 0.578 0.822 0.775
25.200 0 0.705 0.578 0.816 0.775
25.240 0 0.698 0.578 0.809 0.772
25.280 0 0.695 0.578 0.805 0.772
25.320 0 0.689 0.578 0.798 0.769
25.360 0 0.681 0.578 0.789 0.772
25.400 0 0.672 0.578 0.781 0.772
25.440 0 0.659 0.581 0.769 0.775
25.480 0 0.644 0.583 0.753 0.778
25.520 0 0.631 0.583 0.742 0.778
25.560 0 0.619 0.583 0.728 0.781
25.600 0 0.608 0.583 0.717 0.781
25.640 0 0.594 0.583 0.703 0.781
25.680 0 0.580 0.581 0.691 0.775
25.720 0 0.566 0.572 0.675 0.767
25.760 0 0.552 0.564 0.662 0.761
25.800 0 0.536 0.561 0.647 0.756
25.840 0 0.519 0.558 0.630 0.753
25.880 0 0.502 0.553 0.613 0.750
25.920 0 0.486 0.544 0.597 0.742
25.960 0 0.473 0.533 0.586 0.733
26.000 0 0.459 0.519 0.577 0.728
26.040 0 0.447 0.511 0.566 0.722
26.080 0 0.433 0.503 0.552 0.717
26.120 0 0.419 0.494 0.541 0.711
26.160 0 0.409 0.489 0.533 0.708
26.200 0 0.405 0.481 0.528 0.700
26.240 0 0.395 0.475 0.519 0.694
26.280 0 0.386 0.469 0.509 0.689
26.320 0 0.377 0.461 0.500 0.683
26.360 0 0.367 0.456 0.491 0.675
26.400 0 0.361 0.447 0.487 0.672
26.440 0 0.352 0.442 0.477 0.664
26.480 0 0.344 0.436 0.470 0.661
26.520 0 0.338 0.433 0.464 0.658
26.560 0 0.336 0.431 0.463 0.656
26.600 0 0.334 0.428 0.463 0.656
26.640 0 0.338 0.428 0.467 0.656
23.600 1 0.617 0.839 0.705 1.000
23.640 1 0.614 0.842 0.702 1.000
23.680 1 0.609 0.839 0.697 0.997
23.720 1 0.613 0.839 0.700 0.997
23.760 1 0.609 0.842 0.695 0.994
23.800 1 0.613 0.839 0.697 0.992
23.840 1 0.609 0.839 0.692 0.989
23.880 1 0.606 0.842 0.689 0.992
23.920 1 0.605 0.844 0.686 0.992
23.960 1 0.602 0.847 0.684 0.997
24.000 1 0.598 0.856 0.678 1.000
24.040 1 0.595 0.861 0.675 1.006
24.080 1 0.592 0.861 0.670 1.006
24.120 1 0.588 0.861 0.666 1.003
24.160 1 0.584 0.861 0.664 1.006
24.200 1 0.583 0.858 0.664 1.008
24.240 1 0.578 0.861 0.659 1.008
24.280 1 0.577 0.858 0.659 1.008
24.320 1 0.572 0.858 0.653 1.008
24.360 1 0.572 0.858 0.655 1.008
24.400 1 0.566 0.856 0.650 1.011
24.440 1 0.564 0.858 0.648 1.011
24.480 1 0.567 0.858 0.652 1.011
24.520 1 0.566 0.858 0.648 1.008
36.200 2 0.205 0.186 0.403 0.539
36.240 2 0.205 0.183 0.405 0.542
36.280 2 0.205 0.186 0.405 0.542
36.320 2 0.206 0.186 0.406 0.544
36.360 2 0.208 0.186 0.408 0.544
36.400 2 0.209 0.186 0.409 0.544
36.440 2 0.206 0.189 0.405 0.542
36.480 2 0.211 0.186 0.412 0.544
36.520 2 0.209 0.189 0.406 0.542
36.560 2 0.212 0.186 0.416 0.547
36.600 2 0.211 0.189 0.409 0.542
36.640 2 0.214 0.183 0.419 0.547
36.680 2 0.216 0.183 0.420 0.547
36.720 2 0.220 0.189 0.422 0.550
36.760 2 0.214 0.186 0.416 0.544
36.800 2 0.222 0.186 0.427 0.547
36.840 2 0.217 0.186 0.420 0.544
36.880 2 0.217 0.186 0.419 0.544
36.920 2 0.216 0.186 0.419 0.544
36.960 2 0.214 0.183 0.417 0.544
37.000 2 0.214 0.183 0.416 0.542
37.040 2 0.225 0.181 0.423 0.536
37.080 2 0.220 0.183 0.416 0.531
37.120 2 0.225 0.183 0.419 0.528
37.160 2 0.223 0.183 0.416 0.525
37.200 2 0.225 0.183 0.420 0.531
37.240 2 0.223 0.183 0.416 0.528
37.280 2 0.222 0.183 0.419 0.533
37.320 2 0.222 0.183 0.420 0.536
37.360 2 0.222 0.183 0.420 0.536
37.400 2 0.222 0.183 0.420 0.536
37.440 2 0.220 0.183 0.420 0.536
37.480 2 0.223 0.183 0.422 0.536
37.520 2 0.220 0.186 0.416 0.536
37.560 2 0.223 0.186 0.420 0.536
37.600 2 0.219 0.186 0.416 0.536
37.640 2 0.222 0.186 0.420 0.539
37.680 2 0.217 0.189 0.414 0.539
37.720 2 0.220 0.189 0.419 0.542
37.760 2 0.216 0.189 0.412 0.542
37.800 2 0.219 0.192 0.417 0.542
37.840 2 0.211 0.189 0.411 0.544
37.880 2 0.214 0.189 0.414 0.544
37.920 2 0.208 0.189 0.408 0.544
37.960 2 0.208 0.189 0.408 0.544
38.000 2 0.214 0.183 0.416 0.542
38.040 2 0.212 0.181 0.416 0.539
38.080 2 0.209 0.178 0.414 0.539
38.120 2 0.212 0.178 0.417 0.542
38.160 2 0.206 0.175 0.411 0.539
38.200 2 0.209 0.175 0.416 0.542
38.240 2 0.206 0.172 0.416 0.544
38.280 2 0.209 0.175 0.417 0.544
38.320 2 0.209 0.181 0.414 0.544
38.360 2 0.208 0.183 0.412 0.544
38.400 2 0.208 0.186 0.409 0.544
38.440 2 0.206 0.183 0.406 0.542
38.480 2 0.205 0.183 0.403 0.536
38.520 2 0.205 0.181 0.402 0.531
38.560 2 0.205 0.181 0.402 0.531
38.600 2 0.202 0.175 0.402 0.531
38.640 2 0.206 0.175 0.406 0.531
38.680 2 0.206 0.178 0.405 0.531
38.720 2 0.212 0.183 0.411 0.533
38.760 2 0.211 0.183 0.409 0.536
38.800 2 0.217 0.186 0.416 0.536
38.840 2 0.214 0.181 0.412 0.533
38.880 2 0.219 0.183 0.416 0.533
38.920 2 0.214 0.183 0.411 0.533
38.960 2 0.216 0.186 0.412 0.536
39.000 2 0.214 0.183 0.416 0.542
39.040 2 0.217 0.183 0.419 0.539
39.080 2 0.217 0.183 0.419 0.542
39.120 2 0.217 0.178 0.423 0.544
39.160 2 0.211 0.175 0.417 0.542
39.200 2 0.212 0.172 0.419 0.542
39.240 2 0.209 0.172 0.419 0.542
39.280 2 0.211 0.175 0.414 0.539
39.320 2 0.211 0.178 0.412 0.539
39.360 2 0.211 0.181 0.412 0.539
39.400 2 0.211 0.183 0.411 0.536
39.440 2 0.209 0.181 0.411 0.539
39.480 2 0.209 0.183 0.411 0.542
39.520 2 0.208 0.183 0.411 0.542
39.560 2 0.211 0.181 0.414 0.542
39.600 2 0.209 0.183 0.409 0.539
39.640 2 0.209 0.183 0.411 0.544
39.680 2 0.209 0.183 0.412 0.544
39.720 2 0.209 0.183 0.412 0.547
39.760 2 0.209 0.183 0.414 0.547
39.800 2 0.212 0.183 0.417 0.547
39.840 2 0.209 0.183 0.414 0.547
39.880 2 0.209 0.181 0.417 0.547
39.920 2 0.209 0.186 0.412 0.547
39.960 2 0.211 0.186 0.414 0.547
40.000 2 0.214 0.183 0.416 0.542
40.040 2 0.208 0.181 0.412 0.544
40.080 2 0.208 0.181 0.411 0.544
40.120 2 0.206 0.181 0.411 0.542
40.160 2 0.209 0.181 0.412 0.542
40.200 2 0.203 0.181 0.406 0.542
40.240 2 0.208 0.183 0.409 0.542
40.280 2 0.200 0.183 0.403 0.542
40.320 2 0.202 0.183 0.403 0.542
40.360 2 0.200 0.181 0.402 0.539
40.400 2 0.198 0.181 0.398 0.536
40.440 2 0.197 0.178 0.397 0.533
40.480 2 0.194 0.175 0.394 0.531
40.520 2 0.194 0.175 0.392 0.528
40.560 2 0.194 0.178 0.389 0.525
40.600 2 0.197 0.183 0.391 0.528
40.640 2 0.194 0.183 0.389 0.531
40.680 2 0.194 0.186 0.391 0.536
40.720 2 0.195 0.189 0.388 0.531
40.760 2 0.200 0.192 0.391 0.533
40.800 2 0.195 0.189 0.388 0.533
40.840 2 0.195 0.186 0.392 0.536
40.880 2 0.198 0.186 0.394 0.533
40.920 2 0.197 0.186 0.392 0.533
40.960 2 0.197 0.186 0.394 0.536
41.000 2 0.191 0.183 0.392 0.542
41.040 2 0.188 0.183 0.389 0.542
41.080 2 0.189 0.186 0.389 0.542
41.120 2 0.189 0.186 0.391 0.542
41.160 2 0.192 0.186 0.392 0.542
41.200 2 0.194 0.183 0.392 0.539
41.240 2 0.194 0.181 0.394 0.539
41.280 2 0.195 0.181 0.395 0.536
41.320 2 0.192 0.178 0.395 0.539
41.360 2 0.198 0.178 0.400 0.539
41.400 2 0.194 0.175 0.397 0.536
41.440 2 0.200 0.175 0.403 0.536
41.480 2 0.198 0.181 0.397 0.531
41.520 2 0.200 0.181 0.398 0.533
41.560 2 0.198 0.181 0.400 0.536
41.600 2 0.198 0.181 0.402 0.539
41.640 2 0.200 0.183 0.402 0.542
41.680 2 0.200 0.186 0.402 0.544
41.720 2 0.200 0.186 0.402 0.544
41.760 2 0.200 0.183 0.402 0.542
41.800 2 0.195 0.178 0.400 0.539
41.840 2 0.198 0.178 0.403 0.542
41.880 2 0.194 0.181 0.395 0.539
41.920 2 0.195 0.181 0.400 0.544
41.960 2 0.189 0.181 0.392 0.544
42.000 2 0.191 0.183 0.392 0.542
42.040 2 0.195 0.181 0.397 0.542
42.080 2 0.195 0.183 0.397 0.544
42.120 2 0.195 0.186 0.397 0.544
42.160 2 0.194 0.189 0.397 0.547
42.200 2 0.192 0.189 0.394 0.547
42.240 2 0.195 0.189 0.397 0.547
42.280 2 0.194 0.186 0.397 0.547
42.320 2 0.192 0.186 0.397 0.547
42.360 2 0.192 0.186 0.395 0.547
42.400 2 0.192 0.186 0.392 0.544
42.440 2 0.191 0.186 0.394 0.547
42.480 2 0.191 0.192 0.391 0.544
42.520 2 0.189 0.186 0.391 0.547
42.560 2 0.186 0.186 0.388 0.547
42.600 2 0.188 0.189 0.386 0.542
42.640 2 0.188 0.192 0.386 0.544
42.680 2 0.188 0.189 0.388 0.544
42.720 2 0.186 0.186 0.386 0.542
42.760 2 0.188 0.189 0.383 0.539
42.800 2 0.188 0.186 0.389 0.544
42.840 2 0.183 0.183 0.384 0.542
42.880 2 0.186 0.183 0.388 0.542
42.920 2 0.188 0.183 0.391 0.544
42.960 2 0.184 0.181 0.388 0.542
43.000 2 0.191 0.183 0.392 0.542
43.040 2 0.195 0.186 0.397 0.547
43.080 2 0.188 0.183 0.392 0.547
43.120 2 0.191 0.181 0.400 0.553
43.160 2 0.192 0.183 0.392 0.539
43.200 2 0.197 0.183 0.400 0.544
43.240 2 0.186 0.181 0.392 0.547
43.280 2 0.191 0.181 0.400 0.550
43.320 2 0.192 0.183 0.395 0.542
43.360 2 0.194 0.183 0.395 0.542
43.400 2 0.195 0.186 0.397 0.542
43.440 2 0.189 0.183 0.394 0.544
43.480 2 0.194 0.186 0.395 0.544
43.520 2 0.189 0.186 0.392 0.550
43.560 2 0.194 0.192 0.394 0.550
43.600 2 0.188 0.192 0.389 0.550
43.640 2 0.189 0.192 0.392 0.553
43.680 2 0.189 0.189 0.388 0.542
43.720 2 0.189 0.186 0.388 0.539
43.760 2 0.189 0.181 0.388 0.536
43.800 2 0.189 0.181 0.389 0.539
43.840 2 0.189 0.181 0.389 0.539
43.880 2 0.191 0.183 0.391 0.539
43.920 2 0.192 0.183 0.392 0.539
43.960 2 0.186 0.178 0.389 0.539
44.000 2 0.191 0.183 0.392 0.542
44.040 2 0.191 0.183 0.394 0.544
44.080 2 0.191 0.183 0.394 0.544
44.120 2 0.192 0.183 0.394 0.542
44.160 2 0.188 0.186 0.388 0.539
44.200 2 0.191 0.186 0.391 0.542
44.240 2 0.186 0.186 0.384 0.539
44.280 2 0.189 0.189 0.388 0.542
44.320 2 0.183 0.189 0.381 0.539
44.360 2 0.184 0.186 0.383 0.542
44.400 2 0.183 0.186 0.381 0.542
44.440 2 0.181 0.186 0.381 0.539
44.480 2 0.180 0.183 0.380 0.539
44.520 2 0.180 0.186 0.377 0.536
44.560 2 0.183 0.192 0.377 0.536
44.600 2 0.177 0.186 0.377 0.539
44.640 2 0.178 0.186 0.378 0.542
44.680 2 0.177 0.183 0.377 0.542
44.720 2 0.175 0.183 0.377 0.542
44.760 2 0.175 0.183 0.375 0.542
44.800 2 0.177 0.183 0.377 0.542
44.840 2 0.172 0.183 0.373 0.542
44.880 2 0.173 0.183 0.375 0.542
44.920 2 0.170 0.183 0.370 0.542
44.960 2 0.172 0.183 0.372 0.542
45.000 2 0.169 0.183 0.370 0.542
45.040 2 0.166 0.186 0.364 0.539
45.080 2 0.166 0.186 0.364 0.539
45.120 2 0.167 0.189 0.364 0.539
45.160 2 0.163 0.186 0.359 0.539
45.200 2 0.163 0.183 0.366 0.542
45.240 2 0.163 0.181 0.364 0.539
45.280 2 0.161 0.181 0.362 0.539
45.320 2 0.163 0.181 0.366 0.542
45.360 2 0.161 0.181 0.361 0.536
45.400 2 0.161 0.181 0.361 0.536
45.440 2 0.161 0.181 0.359 0.533
45.480 2 0.159 0.178 0.359 0.533
45.520 2 0.158 0.181 0.358 0.536
45.560 2 0.156 0.183 0.356 0.539
45.600 2 0.155 0.183 0.358 0.542
45.640 2 0.152 0.181 0.356 0.542
45.680 2 0.155 0.178 0.361 0.544
45.720 2 0.153 0.181 0.356 0.539
45.760 2 0.150 0.178 0.356 0.542
45.800 2 0.150 0.181 0.353 0.542
45.840 2 0.150 0.186 0.350 0.542
45.880 2 0.152 0.186 0.352 0.539
45.920 2 0.150 0.183 0.350 0.539
45.960 2 0.152 0.183 0.353 0.542
46.000 2 0.147 0.183 0.348 0.542
46.040 2 0.141 0.175 0.362 0.567
46.080 2 0.144 0.178 0.364 0.567
46.120 2 0.142 0.178 0.359 0.564
46.160 2 0.142 0.178 0.364 0.569
46.200 2 0.142 0.178 0.364 0.572
46.240 2 0.142 0.178 0.366 0.572
46.280 2 0.142 0.178 0.366 0.575
46.320 2 0.139 0.178 0.362 0.575
46.360 2 0.144 0.181 0.367 0.575
46.400 2 0.138 0.178 0.362 0.575
46.440 2 0.141 0.181 0.366 0.578
46.480 2 0.139 0.178 0.364 0.575
46.520 2 0.142 0.178 0.366 0.575
46.560 2 0.139 0.178 0.362 0.575
46.600 2 0.142 0.178 0.366 0.575
46.640 2 0.136 0.181 0.358 0.572
46.680 2 0.141 0.181 0.362 0.575
46.720 2 0.134 0.181 0.355 0.572
46.760 2 0.136 0.181 0.359 0.575
46.800 2 0.131 0.183 0.352 0.572
46.840 2 0.133 0.178 0.358 0.578
46.880 2 0.130 0.183 0.348 0.572
46.920 2 0.130 0.183 0.352 0.572
46.960 2 0.127 0.183 0.347 0.572
47.000 2 0.122 0.172 0.364 0.600
47.040 2 0.120 0.156 0.359 0.581
47.080 2 0.119 0.156 0.358 0.578
47.120 2 0.117 0.153 0.356 0.578
47.160 2 0.116 0.150 0.355 0.572
47.200 2 0.114 0.147 0.353 0.569
47.240 2 0.114 0.147 0.353 0.569
47.280 2 0.114 0.147 0.353 0.569
47.320 2 0.114 0.147 0.353 0.569
47.360 2 0.114 0.144 0.352 0.567
47.400 2 0.113 0.144 0.352 0.569
47.440 2 0.109 0.142 0.350 0.569
47.480 2 0.109 0.139 0.355 0.572
47.520 2 0.103 0.142 0.344 0.569
47.560 2 0.106 0.139 0.353 0.575
47.600 2 0.102 0.144 0.342 0.569
47.640 2 0.106 0.147 0.345 0.569
47.680 2 0.102 0.142 0.344 0.572
47.720 2 0.102 0.139 0.348 0.575
47.760 2 0.098 0.139 0.342 0.572
47.800 2 0.098 0.136 0.347 0.575
47.840 2 0.097 0.139 0.341 0.572
47.880 2 0.095 0.139 0.344 0.578
47.920 2 0.087 0.136 0.336 0.575
47.960 2 0.098 0.136 0.348 0.578
48.000 2 0.095 0.122 0.338 0.553
48.040 2 0.097 0.122 0.338 0.550
48.080 2 0.098 0.122 0.338 0.550
48.120 2 0.098 0.122 0.338 0.547
48.160 2 0.098 0.122 0.338 0.547
48.200 2 0.095 0.125 0.330 0.542
48.240 2 0.100 0.122 0.338 0.547
48.280 2 0.091 0.128 0.325 0.544
48.320 2 0.094 0.125 0.333 0.550
48.360 2 0.089 0.125 0.327 0.544
48.400 2 0.092 0.125 0.330 0.547
48.440 2 0.087 0.125 0.323 0.544
48.480 2 0.094 0.122 0.330 0.544
48.520 2 0.092 0.122 0.328 0.544
48.560 2 0.092 0.122 0.330 0.544
48.600 2 0.092 0.122 0.331 0.547
48.640 2 0.092 0.122 0.333 0.547
48.680 2 0.095 0.119 0.338 0.550
48.720 2 0.094 0.122 0.331 0.544
48.760 2 0.094 0.122 0.336 0.553
48.800 2 0.094 0.125 0.338 0.556
48.840 2 0.094 0.122 0.338 0.556
48.880 2 0.094 0.122 0.341 0.561
48.920 2 0.089 0.117 0.338 0.561
48.960 2 0.092 0.122 0.339 0.558
49.000 2 0.095 0.122 0.338 0.553
49.040 2 0.094 0.128 0.333 0.553
49.080 2 0.095 0.125 0.338 0.558
49.120 2 0.094 0.122 0.336 0.553
49.160 2 0.094 0.122 0.334 0.550
49.200 2 0.094 0.122 0.333 0.547
49.240 2 0.095 0.122 0.334 0.550
49.280 2 0.089 0.122 0.327 0.547
49.320 2 0.092 0.122 0.333 0.550
49.360 2 0.086 0.125 0.325 0.547
49.400 2 0.089 0.125 0.330 0.553
49.440 2 0.087 0.122 0.328 0.550
49.480 2 0.087 0.122 0.328 0.550
49.520 2 0.087 0.122 0.328 0.550
49.560 2 0.087 0.122 0.331 0.556
49.600 2 0.084 0.125 0.320 0.544
49.640 2 0.092 0.125 0.330 0.547
49.680 2 0.087 0.125 0.322 0.542
49.720 2 0.092 0.125 0.328 0.544
49.760 2 0.092 0.122 0.330 0.544
49.800 2 0.092 0.122 0.331 0.544
49.840 2 0.095 0.119 0.334 0.544
49.880 2 0.094 0.122 0.328 0.539
49.920 2 0.095 0.122 0.333 0.544
49.960 2 0.095 0.122 0.336 0.550
50.000 2 0.095 0.122 0.338 0.553
50.040 2 0.094 0.122 0.338 0.558
50.080 2 0.097 0.122 0.342 0.561
50.120 2 0.092 0.122 0.339 0.561
50.160 2 0.097 0.122 0.345 0.564
50.200 2 0.094 0.128 0.338 0.561
50.240 2 0.095 0.125 0.342 0.567
50.280 2 0.095 0.125 0.339 0.558
50.320 2 0.095 0.122 0.339 0.553
50.360 2 0.097 0.119 0.338 0.550
50.400 2 0.100 0.119 0.338 0.542
50.440 2 0.100 0.119 0.341 0.547
50.480 2 0.095 0.122 0.331 0.542
50.520 2 0.100 0.117 0.342 0.550
50.560 2 0.097 0.119 0.339 0.550
50.600 2 0.097 0.119 0.342 0.556
50.640 2 0.094 0.119 0.338 0.550
50.680 2 0.100 0.119 0.342 0.550
50.720 2 0.098 0.122 0.338 0.550
50.760 2 0.094 0.122 0.331 0.544
50.800 2 0.098 0.119 0.341 0.553
50.840 2 0.092 0.119 0.334 0.550
50.880 2 0.097 0.122 0.338 0.547
50.920 2 0.097 0.119 0.338 0.547
50.960 2 0.098 0.119 0.339 0.550
51.000 2 0.095 0.122 0.338 0.553
51.040 2 0.097 0.128 0.336 0.553
51.080 2 0.098 0.128 0.336 0.553
51.120 2 0.095 0.128 0.334 0.553
51.160 2 0.098 0.128 0.338 0.553
51.200 2 0.098 0.125 0.339 0.553
51.240 2 0.098 0.131 0.334 0.550
51.280 2 0.102 0.125 0.339 0.547
51.320 2 0.097 0.128 0.333 0.550
51.360 2 0.103 0.125 0.341 0.547
51.400 2 0.098 0.125 0.334 0.547
51.440 2 0.105 0.122 0.341 0.542
51.480 2 0.100 0.122 0.338 0.544
51.520 2 0.108 0.122 0.348 0.550
51.560 2 0.102 0.119 0.339 0.544
51.600 2 0.109 0.117 0.352 0.547
51.640 2 0.106 0.117 0.348 0.547
51.680 2 0.109 0.119 0.352 0.550
51.720 2 0.109 0.122 0.350 0.550
51.760 2 0.111 0.119 0.356 0.556
51.800 2 0.113 0.119 0.358 0.553
51.840 2 0.114 0.117 0.361 0.556
51.880 2 0.114 0.119 0.356 0.550
51.920 2 0.116 0.117 0.364 0.556
51.960 2 0.119 0.119 0.362 0.550
52.000 2 0.122 0.122 0.364 0.553
52.040 2 0.119 0.125 0.356 0.550
52.080 2 0.122 0.128 0.358 0.547
52.120 2 0.119 0.125 0.356 0.547
52.160 2 0.123 0.122 0.364 0.553
52.200 2 0.120 0.125 0.358 0.547
52.240 2 0.123 0.117 0.366 0.550
52.280 2 0.123 0.122 0.362 0.547
52.320 2 0.120 0.117 0.366 0.550
52.360 2 0.125 0.119 0.364 0.547
52.400 2 0.128 0.119 0.370 0.550
52.440 2 0.128 0.117 0.370 0.550
52.480 2 0.134 0.119 0.375 0.550
52.520 2 0.136 0.117 0.378 0.550
52.560 2 0.144 0.119 0.386 0.553
52.600 2 0.145 0.119 0.391 0.556
52.640 2 0.148 0.119 0.397 0.561
52.680 2 0.156 0.122 0.405 0.564
52.720 2 0.152 0.119 0.398 0.561
52.760 2 0.166 0.128 0.408 0.558
52.800 2 0.163 0.125 0.405 0.556
52.840 2 0.170 0.125 0.412 0.556
52.880 2 0.167 0.122 0.409 0.556
52.920 2 0.177 0.125 0.417 0.553
52.960 2 0.173 0.119 0.417 0.553
53.000 2 0.177 0.122 0.417 0.553
53.040 2 0.192 0.147 0.412 0.539
53.080 2 0.191 0.147 0.411 0.539
53.120 2 0.192 0.147 0.412 0.542
53.160 2 0.194 0.150 0.414 0.542
53.200 2 0.195 0.150 0.417 0.547
53.240 2 0.194 0.150 0.412 0.542
53.280 2 0.195 0.150 0.416 0.542
53.320 2 0.195 0.150 0.416 0.542
53.360 2 0.198 0.150 0.419 0.544
53.400 2 0.192 0.150 0.411 0.539
53.440 2 0.197 0.150 0.420 0.547
53.480 2 0.194 0.150 0.412 0.542
53.520 2 0.195 0.150 0.416 0.542
53.560 2 0.198 0.150 0.417 0.542
53.600 2 0.198 0.150 0.419 0.542
53.640 2 0.203 0.150 0.423 0.544
53.680 2 0.202 0.153 0.419 0.539
53.720 2 0.203 0.153 0.422 0.544
53.760 2 0.205 0.156 0.422 0.544
53.800 2 0.205 0.158 0.423 0.544
53.840 2 0.206 0.158 0.423 0.547
53.880 2 0.208 0.164 0.423 0.550
53.920 2 0.203 0.161 0.422 0.550
53.960 2 0.208 0.161 0.427 0.553
54.000 2 0.214 0.183 0.416 0.542
54.040 2 0.212 0.189 0.411 0.542
54.080 2 0.212 0.189 0.411 0.542
54.120 2 0.211 0.186 0.412 0.544
54.160 2 0.214 0.189 0.411 0.539
54.200 2 0.214 0.186 0.414 0.542
54.240 2 0.217 0.186 0.417 0.542
54.280 2 0.216 0.189 0.416 0.542
54.320 2 0.217 0.189 0.416 0.544
54.360 2 0.220 0.192 0.417 0.544
54.400 2 0.217 0.194 0.414 0.542
54.440 2 0.219 0.192 0.419 0.544
54.480 2 0.222 0.192 0.420 0.544
54.520 2 0.217 0.192 0.416 0.544
54.560 2 0.220 0.189 0.419 0.544
54.600 2 0.219 0.186 0.417 0.542
54.640 2 0.217 0.186 0.416 0.536
54.680 2 0.222 0.186 0.417 0.536
54.720 2 0.216 0.183 0.414 0.536
54.760 2 0.217 0.181 0.417 0.536
54.800 2 0.217 0.183 0.414 0.533
54.840 2 0.222 0.186 0.417 0.536
54.880 2 0.212 0.183 0.411 0.533
54.920 2 0.219 0.181 0.420 0.539
54.960 2 0.214 0.178 0.414 0.533
55.000 2 0.214 0.183 0.416 0.542
55.040 2 0.211 0.183 0.416 0.547
55.080 2 0.214 0.183 0.419 0.547
55.120 2 0.212 0.178 0.420 0.547
55.160 2 0.216 0.181 0.420 0.544
55.200 2 0.216 0.178 0.422 0.544
55.240 2 0.214 0.178 0.420 0.544
55.280 2 0.219 0.178 0.425 0.544
55.320 2 0.217 0.181 0.420 0.542
55.360 2 0.219 0.183 0.422 0.544
55.400 2 0.219 0.186 0.423 0.547
55.440 2 0.222 0.186 0.425 0.550
55.480 2 0.216 0.186 0.420 0.550
55.520 2 0.220 0.186 0.425 0.553
55.560 2 0.219 0.189 0.420 0.547
55.600 2 0.217 0.186 0.419 0.547
55.640 2 0.216 0.186 0.417 0.544
55.680 2 0.216 0.186 0.417 0.542
55.720 2 0.214 0.186 0.414 0.539
55.760 2 0.216 0.186 0.409 0.533
55.800 2 0.216 0.183 0.416 0.539
55.840 2 0.211 0.183 0.409 0.536
55.880 2 0.214 0.183 0.412 0.536
55.920 2 0.216 0.183 0.416 0.539
55.960 2 0.214 0.183 0.412 0.536
56.000 2 0.214 0.183 0.416 0.542
56.040 2 0.208 0.169 0.430 0.564
56.080 2 0.206 0.172 0.427 0.561
56.120 2 0.206 0.172 0.427 0.564
56.160 2 0.206 0.172 0.427 0.564
56.200 2 0.203 0.172 0.425 0.564
56.240 2 0.208 0.169 0.431 0.567
56.280 2 0.203 0.169 0.428 0.567
56.320 2 0.208 0.169 0.433 0.569
56.360 2 0.205 0.172 0.430 0.572
56.400 2 0.206 0.178 0.433 0.578
56.440 2 0.209 0.181 0.433 0.578
56.480 2 0.211 0.183 0.433 0.578
56.520 2 0.209 0.183 0.433 0.578
56.560 2 0.208 0.183 0.430 0.575
56.600 2 0.209 0.183 0.434 0.581
56.640 2 0.214 0.186 0.434 0.575
56.680 2 0.206 0.183 0.430 0.578
56.720 2 0.212 0.186 0.433 0.575
56.760 2 0.206 0.183 0.428 0.578
56.800 2 0.208 0.181 0.434 0.581
56.840 2 0.208 0.183 0.430 0.578
56.880 2 0.208 0.181 0.436 0.583
56.920 2 0.202 0.175 0.436 0.589
56.960 2 0.209 0.178 0.442 0.589
57.000 2 0.203 0.172 0.445 0.600
57.040 2 0.212 0.183 0.430 0.569
57.080 2 0.216 0.183 0.433 0.567
57.120 2 0.209 0.181 0.427 0.564
57.160 2 0.217 0.183 0.433 0.567
57.200 2 0.211 0.183 0.427 0.567
57.240 2 0.214 0.183 0.433 0.569
57.280 2 0.209 0.178 0.433 0.572
57.320 2 0.209 0.183 0.427 0.569
57.360 2 0.209 0.178 0.431 0.572
57.400 2 0.208 0.181 0.427 0.569
57.440 2 0.209 0.181 0.431 0.572
57.480 2 0.208 0.175 0.430 0.569
57.520 2 0.206 0.175 0.428 0.567
57.560 2 0.206 0.175 0.425 0.561
57.600 2 0.208 0.172 0.430 0.567
57.640 2 0.206 0.172 0.427 0.564
57.680 2 0.202 0.169 0.427 0.569
57.720 2 0.208 0.172 0.431 0.569
57.760 2 0.206 0.175 0.427 0.567
57.800 2 0.206 0.172 0.433 0.575
57.840 2 0.205 0.178 0.427 0.569
57.880 2 0.211 0.178 0.431 0.567
57.920 2 0.205 0.178 0.425 0.567
57.960 2 0.208 0.178 0.427 0.567
58.000 2 0.214 0.183 0.416 0.542
58.040 2 0.208 0.175 0.423 0.558
58.080 2 0.203 0.172 0.423 0.561
58.120 2 0.202 0.172 0.419 0.558
58.160 2 0.202 0.172 0.422 0.561
58.200 2 0.200 0.169 0.420 0.561
58.240 2 0.200 0.169 0.419 0.558
58.280 2 0.200 0.169 0.417 0.556
58.320 2 0.198 0.169 0.414 0.550
58.360 2 0.203 0.172 0.417 0.550
58.400 2 0.202 0.172 0.414 0.547
58.440 2 0.202 0.167 0.417 0.550
58.480 2 0.202 0.167 0.419 0.550
58.520 2 0.202 0.167 0.420 0.553
58.560 2 0.203 0.167 0.422 0.553
58.600 2 0.206 0.167 0.423 0.553
58.640 2 0.208 0.167 0.425 0.553
58.680 2 0.209 0.169 0.427 0.553
58.720 2 0.209 0.169 0.427 0.553
58.760 2 0.209 0.167 0.427 0.553
58.800 2 0.209 0.169 0.428 0.553
58.840 2 0.209 0.167 0.428 0.556
58.880 2 0.209 0.169 0.430 0.558
58.920 2 0.209 0.169 0.431 0.561
58.960 2 0.211 0.169 0.433 0.564
59.000 2 0.212 0.172 0.434 0.564
59.040 2 0.214 0.175 0.434 0.567
59.080 2 0.214 0.175 0.436 0.567
59.120 2 0.211 0.175 0.434 0.569
59.160 2 0.214 0.178 0.431 0.564
59.200 2 0.217 0.181 0.436 0.567
59.240 2 0.211 0.181 0.430 0.567
59.280 2 0.214 0.181 0.433 0.567
59.320 2 0.219 0.186 0.434 0.564
59.360 2 0.212 0.181 0.428 0.564
59.400 2 0.214 0.181 0.433 0.567
59.440 2 0.209 0.175 0.430 0.564
59.480 2 0.217 0.178 0.438 0.569
59.520 2 0.212 0.178 0.430 0.564
59.560 2 0.214 0.172 0.439 0.569
59.600 2 0.209 0.172 0.433 0.567
59.640 2 0.214 0.175 0.438 0.572
59.680 2 0.209 0.172 0.439 0.581
59.720 2 0.208 0.178 0.436 0.583
59.760 2 0.214 0.181 0.444 0.586
59.800 2 0.205 0.178 0.434 0.583
59.840 2 0.214 0.181 0.441 0.583
59.880 2 0.211 0.186 0.433 0.578
59.920 2 0.212 0.186 0.434 0.581
59.960 2 0.212 0.186 0.434 0.581
60.000 2 0.203 0.172 0.445 0.600
60.040 2 0.203 0.172 0.445 0.600
60.080 2 0.203 0.172 0.445 0.597
60.120 2 0.203 0.172 0.444 0.597
60.160 2 0.203 0.169 0.444 0.597
60.200 2 0.203 0.161 0.455 0.606
60.240 2 0.203 0.169 0.445 0.597
60.280 2 0.203 0.158 0.458 0.608
60.320 2 0.184 0.144 0.448 0.611
60.360 2 0.200 0.156 0.459 0.614
60.400 2 0.188 0.153 0.447 0.611
60.440 2 0.194 0.153 0.458 0.619
60.480 2 0.202 0.167 0.444 0.594
60.520 2 0.202 0.156 0.456 0.606
60.560 2 0.189 0.156 0.439 0.597
60.600 2 0.200 0.156 0.456 0.608
60.640 2 0.181 0.144 0.445 0.608
60.680 2 0.194 0.150 0.458 0.617
60.720 2 0.177 0.142 0.445 0.617
60.760 2 0.183 0.153 0.447 0.619
60.800 2 0.177 0.147 0.445 0.619
60.920 2 0.188 0.192 0.380 0.533
60.960 2 0.163 0.181 0.364 0.536
61.000 2 0.147 0.183 0.348 0.542
61.040 2 0.134 0.186 0.338 0.547
61.080 2 0.119 0.197 0.323 0.561
61.120 2 0.116 0.200 0.316 0.558
61.160 2 0.114 0.203 0.319 0.567
61.200 2 0.109 0.208 0.309 0.564
61.240 2 0.116 0.208 0.316 0.564
61.280 2 0.113 0.206 0.316 0.564
61.320 2 0.111 0.203 0.314 0.564
61.360 2 0.120 0.206 0.317 0.556
61.400 2 0.114 0.203 0.314 0.558
61.440 2 0.114 0.203 0.316 0.558
61.480 2 0.122 0.206 0.319 0.553
61.520 2 0.120 0.206 0.314 0.550
61.560 2 0.134 0.217 0.322 0.550
61.600 2 0.139 0.208 0.331 0.550
61.640 2 0.148 0.194 0.344 0.542
61.680 2 0.150 0.208 0.342 0.550
61.720 2 0.159 0.200 0.355 0.547
61.760 2 0.170 0.194 0.366 0.542
61.800 2 0.178 0.189 0.370 0.533
61.840 2 0.184 0.186 0.377 0.528
61.880 2 0.186 0.178 0.388 0.536
61.920 2 0.189 0.178 0.389 0.536
61.960 2 0.191 0.181 0.391 0.539
62.000 2 0.191 0.183 0.392 0.542
62.040 2 0.188 0.189 0.395 0.556
62.080 2 0.186 0.194 0.386 0.553
62.120 2 0.189 0.194 0.392 0.556
62.160 2 0.189 0.192 0.391 0.553
62.200 2 0.188 0.189 0.391 0.547
62.240 2 0.188 0.186 0.391 0.544
62.280 2 0.188 0.183 0.389 0.539
62.320 2 0.186 0.181 0.388 0.536
62.360 2 0.186 0.178 0.386 0.536
62.400 2 0.184 0.175 0.386 0.533
62.440 2 0.184 0.175 0.386 0.533
62.480 2 0.184 0.175 0.386 0.531
62.520 2 0.183 0.172 0.386 0.533
62.560 2 0.184 0.172 0.388 0.533
62.600 2 0.178 0.172 0.381 0.531
62.640 2 0.181 0.172 0.384 0.533
62.680 2 0.177 0.172 0.377 0.531
62.720 2 0.178 0.172 0.381 0.533
62.760 2 0.175 0.172 0.377 0.531
62.800 2 0.177 0.172 0.378 0.531
62.840 2 0.172 0.172 0.372 0.531
62.880 2 0.175 0.175 0.377 0.533
62.920 2 0.170 0.178 0.370 0.531
62.960 2 0.175 0.181 0.373 0.533
63.000 2 0.169 0.183 0.370 0.542
63.040 2 0.167 0.181 0.372 0.544
63.080 2 0.167 0.181 0.370 0.542
63.120 2 0.166 0.178 0.370 0.542
63.160 2 0.159 0.178 0.366 0.542
63.200 2 0.167 0.178 0.377 0.550
63.240 2 0.163 0.183 0.367 0.547
63.280 2 0.167 0.189 0.370 0.553
63.320 2 0.167 0.194 0.370 0.556
63.360 2 0.167 0.197 0.370 0.558
63.400 2 0.167 0.200 0.370 0.561
63.440 2 0.167 0.203 0.372 0.564
63.480 2 0.167 0.203 0.372 0.564
63.520 2 0.167 0.203 0.372 0.564
63.560 2 0.167 0.200 0.370 0.561
63.600 2 0.169 0.200 0.369 0.558
63.640 2 0.169 0.200 0.369 0.556
63.680 2 0.169 0.197 0.369 0.556
63.720 2 0.169 0.197 0.369 0.556
84.720 3 0.291 0.267 0.537 0.706
84.760 3 0.283 0.267 0.528 0.706
84.800 3 0.287 0.256 0.537 0.700
84.840 3 0.305 0.267 0.548 0.700
84.880 3 0.314 0.253 0.555 0.683
84.920 3 0.333 0.250 0.573 0.678
84.960 3 0.345 0.233 0.588 0.664
85.000 3 0.364 0.219 0.606 0.650
85.040 3 0.383 0.206 0.625 0.636
85.080 3 0.402 0.192 0.644 0.622
85.120 3 0.425 0.175 0.669 0.608
85.160 3 0.450 0.164 0.692 0.592
85.200 3 0.480 0.150 0.722 0.578
85.240 3 0.506 0.136 0.744 0.561
85.280 3 0.530 0.122 0.769 0.547
90.880 4 0.434 0.317 0.552 0.531
90.920 4 0.422 0.322 0.536 0.531
90.960 4 0.406 0.319 0.523 0.528
91.000 4 0.395 0.311 0.511 0.519
91.040 4 0.388 0.297 0.505 0.508
91.080 4 0.383 0.286 0.498 0.497
91.120 4 0.370 0.272 0.492 0.494
91.160 4 0.364 0.261 0.489 0.486
91.200 4 0.358 0.250 0.484 0.478
91.240 4 0.355 0.236 0.483 0.467
91.280 4 0.347 0.222 0.478 0.458
91.320 4 0.334 0.208 0.470 0.453
91.640 5 0.192 0.097 0.405 0.472
91.680 5 0.175 0.094 0.388 0.469
91.720 5 0.159 0.097 0.378 0.486
91.760 5 0.147 0.100 0.367 0.489
91.800 5 0.138 0.117 0.353 0.497
91.840 5 0.133 0.125 0.353 0.514
91.880 5 0.130 0.142 0.350 0.533
91.920 5 0.130 0.139 0.367 0.558
91.960 5 0.127 0.161 0.364 0.581
92.000 5 0.122 0.172 0.364 0.600
92.040 5 0.116 0.181 0.364 0.619
92.080 5 0.103 0.189 0.361 0.642
92.120 5 0.092 0.200 0.355 0.661
92.160 5 0.080 0.208 0.350 0.683
92.200 5 0.069 0.219 0.344 0.703
92.240 5 0.059 0.233 0.334 0.719
92.280 5 0.042 0.247 0.320 0.739
92.320 5 0.025 0.264 0.306 0.758
92.360 5 0.011 0.269 0.289 0.761
92.400 5 -0.011 0.286 0.269 0.781
92.440 5 -0.027 0.292 0.252 0.783
92.480 5 -0.048 0.306 0.231 0.800
92.520 5 -0.080 0.319 0.206 0.822
94.000 6 0.216 0.283 0.383 0.583
94.040 6 0.205 0.258 0.389 0.589
94.080 6 0.209 0.258 0.394 0.586
94.120 6 0.206 0.258 0.389 0.583
94.160 6 0.208 0.256 0.392 0.583
94.200 6 0.206 0.253 0.392 0.583
94.240 6 0.208 0.253 0.394 0.583
94.280 6 0.205 0.253 0.389 0.583
94.320 6 0.208 0.256 0.391 0.581
94.360 6 0.206 0.253 0.389 0.578
94.400 6 0.209 0.256 0.391 0.578
94.440 6 0.208 0.250 0.391 0.578
94.480 6 0.211 0.253 0.394 0.578
94.520 6 0.209 0.250 0.392 0.578
94.560 6 0.211 0.250 0.395 0.581
94.600 6 0.209 0.250 0.394 0.578
94.640 6 0.211 0.247 0.397 0.581
94.680 6 0.209 0.247 0.395 0.578
94.720 6 0.208 0.247 0.392 0.578
94.760 6 0.203 0.247 0.388 0.575
94.800 6 0.197 0.247 0.381 0.575
94.840 6 0.198 0.244 0.381 0.572
94.880 6 0.192 0.242 0.377 0.569
94.920 6 0.194 0.242 0.378 0.569
94.960 6 0.197 0.242 0.381 0.572
95.000 6 0.191 0.222 0.392 0.581
95.040 6 0.195 0.219 0.397 0.575
95.080 6 0.202 0.219 0.403 0.578
95.120 6 0.195 0.219 0.395 0.575
95.160 6 0.198 0.214 0.405 0.581
95.200 6 0.198 0.217 0.402 0.578
95.240 6 0.198 0.217 0.402 0.578
95.280 6 0.200 0.219 0.402 0.581
95.320 6 0.200 0.219 0.405 0.581
95.360 6 0.202 0.219 0.406 0.581
95.400 6 0.203 0.219 0.408 0.583
95.440 6 0.205 0.222 0.409 0.586
95.480 6 0.206 0.225 0.411 0.589
95.520 6 0.208 0.225 0.412 0.592
95.560 6 0.208 0.225 0.416 0.592
95.600 6 0.209 0.222 0.417 0.592
95.640 6 0.211 0.222 0.417 0.592
95.680 6 0.211 0.222 0.417 0.589
95.720 6 0.212 0.225 0.419 0.594
95.760 6 0.211 0.225 0.416 0.589
95.800 6 0.211 0.225 0.419 0.594
95.840 6 0.211 0.225 0.417 0.594
95.880 6 0.206 0.225 0.414 0.594
95.920 6 0.209 0.225 0.417 0.594
95.960 6 0.208 0.225 0.414 0.592
96.000 6 0.214 0.222 0.416 0.581
96.040 6 0.216 0.222 0.419 0.583
96.080 6 0.216 0.219 0.419 0.581
96.120 6 0.217 0.222 0.420 0.583
96.160 6 0.216 0.219 0.419 0.583
96.200 6 0.216 0.219 0.419 0.581
96.240 6 0.216 0.219 0.419 0.581
96.280 6 0.216 0.219 0.419 0.581
96.320 6 0.214 0.217 0.419 0.581
96.360 6 0.211 0.214 0.417 0.581
96.400 6 0.208 0.211 0.417 0.581
96.440 6 0.206 0.211 0.412 0.581
96.480 6 0.205 0.217 0.409 0.578
96.520 6 0.203 0.219 0.406 0.578
96.560 6 0.200 0.217 0.403 0.581
96.600 6 0.197 0.217 0.403 0.581
96.640 6 0.197 0.219 0.400 0.581
96.680 6 0.195 0.219 0.398 0.581
96.720 6 0.194 0.219 0.397 0.583
96.760 6 0.191 0.219 0.397 0.583
96.800 6 0.191 0.219 0.395 0.583
96.840 6 0.189 0.219 0.392 0.581
96.880 6 0.191 0.219 0.395 0.583
96.920 6 0.186 0.219 0.389 0.581
96.960 6 0.189 0.219 0.394 0.583
97.000 6 0.191 0.222 0.392 0.581
97.040 6 0.184 0.242 0.386 0.600
97.080 6 0.184 0.242 0.384 0.600
97.120 6 0.181 0.244 0.380 0.597
97.160 6 0.186 0.244 0.386 0.600
97.200 6 0.178 0.244 0.378 0.597
97.240 6 0.186 0.244 0.388 0.603
97.280 6 0.180 0.242 0.380 0.600
97.320 6 0.183 0.242 0.386 0.603
97.360 6 0.178 0.242 0.380 0.600
97.400 6 0.181 0.242 0.384 0.603
97.440 6 0.177 0.242 0.378 0.600
97.480 6 0.180 0.242 0.383 0.603
97.520 6 0.175 0.242 0.377 0.597
97.560 6 0.180 0.242 0.381 0.600
97.600 6 0.173 0.242 0.375 0.597
97.640 6 0.178 0.242 0.381 0.603
97.680 6 0.173 0.239 0.375 0.597
97.720 6 0.178 0.242 0.380 0.600
97.760 6 0.173 0.242 0.373 0.594
97.800 6 0.177 0.239 0.380 0.597
97.840 6 0.175 0.239 0.377 0.597
97.880 6 0.173 0.239 0.377 0.597
97.920 6 0.177 0.239 0.380 0.600
97.960 6 0.173 0.239 0.375 0.600
98.000 6 0.169 0.261 0.370 0.619
98.040 6 0.169 0.244 0.370 0.603
98.080 6 0.172 0.244 0.372 0.603
98.120 6 0.173 0.242 0.373 0.600
98.160 6 0.177 0.242 0.375 0.594
98.200 6 0.178 0.239 0.377 0.592
98.240 6 0.181 0.239 0.378 0.589
98.280 6 0.183 0.236 0.381 0.592
98.320 6 0.183 0.239 0.383 0.592
98.360 6 0.184 0.239 0.384 0.594
98.400 6 0.186 0.239 0.386 0.594
98.440 6 0.191 0.239 0.391 0.594
98.480 6 0.189 0.239 0.389 0.594
98.520 6 0.189 0.236 0.392 0.597
98.560 6 0.189 0.233 0.395 0.600
98.600 6 0.194 0.236 0.400 0.603
98.640 6 0.189 0.236 0.394 0.600
98.680 6 0.194 0.236 0.398 0.600
98.720 6 0.189 0.239 0.389 0.594
98.760 6 0.195 0.239 0.395 0.594
98.800 6 0.189 0.239 0.391 0.594
98.840 6 0.189 0.236 0.391 0.594
98.880 6 0.189 0.239 0.389 0.597
98.920 6 0.191 0.239 0.392 0.597
98.960 6 0.191 0.239 0.392 0.597
99.000 6 0.191 0.222 0.392 0.581
99.040 6 0.191 0.219 0.389 0.572
99.080 6 0.192 0.219 0.391 0.572
99.120 6 0.194 0.217 0.394 0.572
99.160 6 0.195 0.217 0.397 0.572
99.200 6 0.198 0.217 0.400 0.575
99.240 6 0.202 0.217 0.405 0.575
99.280 6 0.203 0.214 0.406 0.575
99.320 6 0.209 0.217 0.412 0.575
99.360 6 0.205 0.214 0.408 0.575
99.400 6 0.209 0.217 0.412 0.578
99.440 6 0.202 0.214 0.405 0.575
99.480 6 0.203 0.214 0.408 0.578
99.520 6 0.195 0.214 0.402 0.581
99.560 6 0.198 0.214 0.406 0.583
99.600 6 0.192 0.217 0.400 0.586
99.640 6 0.195 0.219 0.403 0.589
99.680 6 0.189 0.219 0.397 0.589
99.720 6 0.191 0.219 0.400 0.592
99.760 6 0.189 0.217 0.398 0.589
99.800 6 0.189 0.219 0.398 0.592
99.840 6 0.192 0.222 0.400 0.592
99.880 6 0.189 0.222 0.398 0.594
99.920 6 0.186 0.222 0.397 0.594
99.960 6 0.192 0.222 0.402 0.594
100.000 6 0.191 0.222 0.392 0.581
100.040 6 0.192 0.228 0.391 0.578
100.080 6 0.191 0.225 0.392 0.583
100.120 6 0.191 0.228 0.392 0.583
100.160 6 0.191 0.228 0.392 0.586
100.200 6 0.191 0.228 0.392 0.586
100.240 6 0.188 0.228 0.389 0.586
100.280 6 0.192 0.231 0.394 0.586
100.320 6 0.188 0.231 0.389 0.589
100.360 6 0.192 0.231 0.392 0.586
100.400 6 0.186 0.231 0.388 0.586
100.440 6 0.191 0.231 0.391 0.586
100.480 6 0.186 0.233 0.386 0.586
100.520 6 0.189 0.233 0.389 0.589
100.560 6 0.184 0.236 0.383 0.589
100.600 6 0.188 0.236 0.386 0.592
100.640 6 0.181 0.236 0.380 0.589
100.680 6 0.181 0.236 0.381 0.589
100.720 6 0.183 0.236 0.380 0.586
100.760 6 0.183 0.231 0.383 0.586
100.800 6 0.184 0.231 0.384 0.583
100.840 6 0.186 0.225 0.386 0.583
100.880 6 0.188 0.225 0.389 0.583
100.920 6 0.189 0.222 0.391 0.581
100.960 6 0.191 0.222 0.391 0.581
101.000 6 0.191 0.222 0.392 0.581
101.040 6 0.198 0.228 0.394 0.575
101.080 6 0.197 0.225 0.392 0.572
101.120 6 0.195 0.225 0.389 0.572
101.160 6 0.197 0.222 0.392 0.569
101.200 6 0.194 0.222 0.388 0.567
101.240 6 0.198 0.222 0.394 0.567
101.280 6 0.198 0.219 0.394 0.567
101.320 6 0.200 0.219 0.397 0.569
101.360 6 0.202 0.219 0.400 0.572
101.400 6 0.203 0.219 0.403 0.575
101.440 6 0.205 0.217 0.405 0.572
101.480 6 0.206 0.217 0.408 0.572
101.520 6 0.202 0.214 0.402 0.572
101.560 6 0.202 0.211 0.405 0.569
101.600 6 0.200 0.211 0.403 0.572
101.640 6 0.202 0.214 0.403 0.575
101.680 6 0.200 0.214 0.403 0.572
101.720 6 0.202 0.214 0.405 0.575
101.760 6 0.203 0.217 0.408 0.581
101.800 6 0.202 0.217 0.405 0.578
101.840 6 0.209 0.219 0.411 0.578
101.880 6 0.203 0.217 0.403 0.575
101.920 6 0.208 0.217 0.411 0.578
101.960 6 0.208 0.217 0.411 0.578
102.000 6 0.214 0.222 0.416 0.581
102.040 6 0.211 0.219 0.419 0.586
102.080 6 0.212 0.219 0.420 0.589
102.120 6 0.212 0.222 0.422 0.592
102.160 6 0.214 0.222 0.422 0.594
102.200 6 0.214 0.225 0.423 0.597
102.240 6 0.217 0.228 0.425 0.597
102.280 6 0.212 0.231 0.420 0.600
102.320 6 0.216 0.231 0.425 0.603
102.360 6 0.212 0.236 0.417 0.600
102.400 6 0.212 0.233 0.419 0.600
102.440 6 0.216 0.236 0.422 0.603
102.480 6 0.211 0.236 0.416 0.600
102.520 6 0.212 0.236 0.417 0.600
102.560 6 0.211 0.236 0.416 0.600
102.600 6 0.209 0.236 0.414 0.597
102.640 6 0.200 0.236 0.402 0.594
102.680 6 0.202 0.231 0.402 0.589
102.720 6 0.191 0.236 0.388 0.586
102.760 6 0.197 0.233 0.394 0.586
102.800 6 0.186 0.233 0.384 0.583
102.840 6 0.191 0.231 0.391 0.586
102.880 6 0.189 0.228 0.389 0.583
102.920 6 0.194 0.228 0.395 0.583
102.960 6 0.191 0.225 0.391 0.583
103.000 6 0.191 0.222 0.392 0.581
103.040 6 0.192 0.236 0.397 0.597
103.080 6 0.188 0.233 0.392 0.597
103.120 6 0.189 0.233 0.397 0.600
103.160 6 0.191 0.236 0.392 0.594
103.200 6 0.192 0.233 0.395 0.594
103.240 6 0.188 0.233 0.391 0.594
103.280 6 0.191 0.233 0.395 0.597
103.320 6 0.192 0.236 0.394 0.594
103.360 6 0.186 0.233 0.391 0.594
103.400 6 0.186 0.236 0.386 0.589
103.440 6 0.184 0.242 0.377 0.586
103.480 6 0.181 0.242 0.375 0.589
103.520 6 0.175 0.244 0.369 0.589
103.560 6 0.178 0.247 0.370 0.589
103.600 6 0.170 0.247 0.364 0.592
103.640 6 0.177 0.250 0.367 0.592
103.680 6 0.173 0.253 0.364 0.592
103.720 6 0.180 0.253 0.372 0.594
103.760 6 0.178 0.253 0.370 0.597
103.800 6 0.184 0.253 0.378 0.597
103.840 6 0.186 0.256 0.378 0.597
103.880 6 0.189 0.256 0.383 0.600
103.920 6 0.191 0.253 0.386 0.600
103.960 6 0.191 0.250 0.388 0.600
104.000 6 0.191 0.261 0.392 0.619
104.040 6 0.197 0.256 0.398 0.614
104.080 6 0.200 0.253 0.403 0.614
104.120 6 0.194 0.250 0.398 0.614
104.160 6 0.195 0.250 0.402 0.614
104.200 6 0.189 0.247 0.395 0.617
104.240 6 0.183 0.253 0.391 0.622
104.280 6 0.186 0.258 0.392 0.625
104.320 6 0.184 0.269 0.388 0.631
104.360 6 0.189 0.275 0.394 0.636
104.400 6 0.188 0.275 0.391 0.636
104.440 6 0.192 0.272 0.397 0.636
104.480 6 0.184 0.269 0.391 0.636
104.520 6 0.186 0.267 0.392 0.633
104.560 6 0.180 0.264 0.384 0.631
104.600 6 0.173 0.261 0.378 0.628
104.640 6 0.170 0.258 0.378 0.628
104.680 6 0.167 0.258 0.375 0.631
104.720 6 0.161 0.261 0.367 0.628
104.760 6 0.164 0.264 0.369 0.628
104.800 6 0.158 0.264 0.364 0.628
104.840 6 0.164 0.264 0.369 0.628
104.880 6 0.158 0.261 0.362 0.625
104.920 6 0.163 0.264 0.366 0.625
104.960 6 0.163 0.264 0.367 0.625
105.000 6 0.169 0.261 0.370 0.619
105.040 6 0.167 0.272 0.356 0.606
105.080 6 0.164 0.267 0.353 0.603
105.120 6 0.169 0.258 0.359 0.597
105.160 6 0.167 0.256 0.356 0.592
105.200 6 0.172 0.244 0.364 0.586
105.240 6 0.172 0.239 0.369 0.586
105.280 6 0.175 0.242 0.370 0.589
105.320 6 0.183 0.242 0.381 0.597
105.360 6 0.183 0.242 0.386 0.606
105.400 6 0.186 0.239 0.395 0.611
105.440 6 0.189 0.239 0.397 0.608
105.480 6 0.189 0.233 0.400 0.608
105.520 6 0.191 0.236 0.402 0.611
105.560 6 0.194 0.242 0.403 0.611
105.600 6 0.198 0.242 0.405 0.611
105.640 6 0.203 0.247 0.406 0.608
105.680 6 0.211 0.247 0.416 0.608
105.720 6 0.205 0.247 0.411 0.614
105.760 6 0.214 0.247 0.425 0.619
105.800 6 0.217 0.250 0.427 0.625
105.840 6 0.219 0.253 0.430 0.625
105.880 6 0.223 0.250 0.434 0.628
105.920 6 0.219 0.250 0.430 0.628
105.960 6 0.220 0.250 0.434 0.631
106.000 6 0.214 0.261 0.416 0.619
106.040 6 0.214 0.242 0.425 0.617
106.080 6 0.216 0.242 0.425 0.614
106.120 6 0.217 0.244 0.425 0.614
106.160 6 0.219 0.247 0.427 0.617
106.200 6 0.219 0.250 0.428 0.619
106.240 6 0.220 0.256 0.423 0.617
106.280 6 0.217 0.256 0.422 0.619
106.320 6 0.217 0.253 0.419 0.614
106.360 6 0.214 0.253 0.417 0.611
106.400 6 0.212 0.247 0.414 0.606
106.440 6 0.209 0.244 0.411 0.603
106.480 6 0.208 0.242 0.409 0.600
106.520 6 0.205 0.239 0.408 0.600
106.560 6 0.205 0.242 0.405 0.597
106.600 6 0.202 0.242 0.402 0.597
106.640 6 0.202 0.239 0.398 0.589
106.680 6 0.197 0.236 0.395 0.589
106.720 6 0.197 0.236 0.392 0.581
106.760 6 0.195 0.236 0.389 0.581
106.800 6 0.197 0.242 0.389 0.583
106.840 6 0.192 0.242 0.383 0.581
106.880 6 0.195 0.244 0.386 0.581
106.920 6 0.195 0.244 0.383 0.578
106.960 6 0.194 0.242 0.384 0.581
107.000 6 0.191 0.222 0.392 0.581
107.040 6 0.191 0.225 0.391 0.581
107.080 6 0.189 0.225 0.391 0.583
107.120 6 0.189 0.228 0.389 0.583
107.160 6 0.189 0.225 0.391 0.583
107.200 6 0.188 0.225 0.389 0.583
107.240 6 0.191 0.225 0.392 0.583
107.280 6 0.188 0.225 0.388 0.583
107.320 6 0.186 0.228 0.386 0.583
107.360 6 0.186 0.228 0.386 0.583
107.400 6 0.184 0.228 0.386 0.586
107.440 6 0.184 0.222 0.386 0.581
107.480 6 0.183 0.217 0.384 0.578
107.520 6 0.186 0.219 0.388 0.578
107.560 6 0.181 0.222 0.381 0.575
107.600 6 0.188 0.225 0.386 0.581
107.640 6 0.181 0.228 0.380 0.578
107.680 6 0.183 0.225 0.384 0.583
107.720 6 0.186 0.228 0.384 0.578
107.760 6 0.184 0.222 0.386 0.578
107.800 6 0.188 0.222 0.384 0.575
107.840 6 0.188 0.219 0.388 0.575
107.880 6 0.188 0.219 0.389 0.575
107.920 6 0.189 0.219 0.391 0.578
107.960 6 0.191 0.219 0.392 0.578
108.000 6 0.191 0.222 0.392 0.581
108.040 6 0.192 0.225 0.394 0.583
108.080 6 0.194 0.225 0.397 0.586
108.120 6 0.188 0.222 0.392 0.586
108.160 6 0.188 0.219 0.395 0.589
108.200 6 0.191 0.219 0.394 0.581
108.240 6 0.191 0.214 0.395 0.581
108.280 6 0.192 0.217 0.395 0.578
108.320 6 0.194 0.214 0.400 0.578
108.360 6 0.192 0.211 0.400 0.581
108.400 6 0.194 0.214 0.402 0.581
108.440 6 0.197 0.214 0.402 0.581
108.480 6 0.198 0.217 0.403 0.581
108.520 6 0.200 0.219 0.405 0.581
108.560 6 0.202 0.219 0.405 0.581
108.600 6 0.203 0.219 0.406 0.581
108.640 6 0.205 0.219 0.408 0.581
108.680 6 0.205 0.217 0.409 0.581
108.720 6 0.206 0.217 0.412 0.583
108.760 6 0.209 0.217 0.416 0.583
108.800 6 0.206 0.217 0.411 0.581
108.840 6 0.208 0.214 0.414 0.581
108.880 6 0.208 0.211 0.416 0.581
108.920 6 0.211 0.214 0.414 0.578
108.960 6 0.211 0.217 0.416 0.578
109.000 6 0.214 0.222 0.416 0.581
109.040 6 0.217 0.239 0.414 0.586
109.080 6 0.223 0.239 0.420 0.589
109.120 6 0.220 0.242 0.417 0.592
109.160 6 0.228 0.244 0.423 0.592
109.200 6 0.225 0.244 0.422 0.592
109.240 6 0.231 0.244 0.428 0.594
109.280 6 0.230 0.244 0.427 0.594
109.320 6 0.236 0.247 0.433 0.597
109.360 6 0.233 0.247 0.430 0.597
109.400 6 0.236 0.244 0.438 0.603
109.440 6 0.234 0.244 0.436 0.603
109.480 6 0.234 0.242 0.436 0.603
109.520 6 0.233 0.242 0.434 0.600
109.560 6 0.233 0.242 0.433 0.597
109.600 6 0.234 0.242 0.434 0.597
109.640 6 0.231 0.239 0.433 0.597
109.680 6 0.231 0.242 0.431 0.600
109.720 6 0.231 0.244 0.431 0.600
109.760 6 0.230 0.244 0.431 0.603
109.800 6 0.231 0.247 0.433 0.606
109.840 6 0.231 0.250 0.433 0.608
109.880 6 0.231 0.250 0.434 0.611
109.920 6 0.233 0.250 0.436 0.611
109.960 6 0.233 0.250 0.436 0.611
110.000 6 0.236 0.261 0.438 0.619
110.040 6 0.231 0.256 0.434 0.617
110.080 6 0.239 0.258 0.441 0.617
110.120 6 0.234 0.256 0.438 0.617
110.160 6 0.239 0.256 0.442 0.617
110.200 6 0.237 0.256 0.441 0.617
110.240 6 0.239 0.256 0.442 0.617
110.280 6 0.234 0.256 0.438 0.614
110.320 6 0.236 0.250 0.442 0.617
110.360 6 0.236 0.250 0.438 0.608
110.400 6 0.234 0.247 0.438 0.606
110.440 6 0.233 0.244 0.436 0.603
110.480 6 0.231 0.242 0.436 0.603
110.520 6 0.231 0.239 0.434 0.600
110.560 6 0.227 0.231 0.434 0.600
110.600 6 0.231 0.233 0.438 0.603
110.640 6 0.227 0.233 0.433 0.600
110.680 6 0.233 0.239 0.436 0.597
110.720 6 0.227 0.233 0.433 0.600
110.760 6 0.234 0.236 0.438 0.597
110.800 6 0.230 0.233 0.434 0.597
110.840 6 0.236 0.233 0.439 0.594
110.880 6 0.231 0.228 0.434 0.592
110.920 6 0.237 0.228 0.439 0.589
110.960 6 0.233 0.225 0.436 0.586
111.000 6 0.236 0.222 0.438 0.581
111.040 6 0.244 0.225 0.439 0.572
111.080 6 0.245 0.228 0.441 0.575
111.120 6 0.247 0.228 0.444 0.578
111.160 6 0.247 0.231 0.445 0.583
111.200 6 0.247 0.231 0.447 0.586
111.240 6 0.248 0.236 0.448 0.589
111.280 6 0.248 0.236 0.450 0.594
111.320 6 0.248 0.236 0.452 0.600
111.360 6 0.248 0.239 0.453 0.603
111.400 6 0.250 0.242 0.455 0.603
111.440 6 0.252 0.242 0.455 0.606
111.480 6 0.252 0.244 0.455 0.606
111.520 6 0.253 0.247 0.456 0.608
111.560 6 0.253 0.247 0.458 0.611
111.600 6 0.255 0.250 0.459 0.614
111.640 6 0.255 0.253 0.461 0.617
111.680 6 0.256 0.253 0.463 0.622
111.720 6 0.256 0.256 0.464 0.625
111.760 6 0.256 0.256 0.464 0.625
111.800 6 0.259 0.258 0.466 0.625
111.840 6 0.253 0.258 0.461 0.628
111.880 6 0.258 0.258 0.466 0.628
111.920 6 0.252 0.258 0.458 0.628
111.960 6 0.253 0.256 0.464 0.631
112.000 6 0.258 0.261 0.459 0.619
112.040 6 0.255 0.267 0.450 0.614
112.080 6 0.256 0.261 0.458 0.619
112.120 6 0.255 0.261 0.456 0.619
130.520 7 0.594 0.236 0.795 0.633
130.560 7 0.595 0.222 0.798 0.622
130.600 7 0.602 0.206 0.805 0.606
130.640 7 0.614 0.186 0.816 0.583
130.680 7 0.620 0.156 0.823 0.553
130.720 7 0.631 0.139 0.827 0.525
130.760 7 0.636 0.108 0.833 0.494
130.800 7 0.644 0.086 0.839 0.472
130.840 7 0.647 0.053 0.848 0.447
130.880 7 0.650 0.028 0.852 0.428
130.920 7 0.655 -0.008 0.861 0.400
130.960 7 0.659 -0.022 0.859 0.369
131.000 7 0.661 -0.056 0.863 0.342
131.040 7 0.662 -0.086 0.866 0.311
131.080 7 0.666 -0.117 0.867 0.281
131.120 7 0.666 -0.144 0.863 0.244
132.000 8 0.177 0.219 0.417 0.650
132.040 8 0.177 0.203 0.419 0.633
132.080 8 0.175 0.203 0.416 0.633
132.120 8 0.178 0.200 0.423 0.636
132.160 8 0.173 0.200 0.417 0.633
132.200 8 0.178 0.197 0.423 0.633
132.240 8 0.173 0.197 0.419 0.633
132.280 8 0.178 0.192 0.425 0.633
132.320 8 0.175 0.192 0.420 0.631
132.360 8 0.178 0.189 0.425 0.631
132.400 8 0.172 0.189 0.417 0.628
132.440 8 0.177 0.186 0.425 0.628
132.480 8 0.172 0.186 0.419 0.628
132.520 8 0.173 0.189 0.422 0.631
132.560 8 0.172 0.186 0.420 0.631
132.600 8 0.173 0.192 0.419 0.628
132.640 8 0.169 0.186 0.420 0.636
132.680 8 0.170 0.189 0.419 0.633
132.720 8 0.169 0.186 0.419 0.633
132.760 8 0.172 0.192 0.414 0.625
132.800 8 0.173 0.192 0.420 0.631
132.840 8 0.172 0.194 0.412 0.625
132.880 8 0.172 0.194 0.412 0.625
132.920 8 0.177 0.192 0.419 0.625
132.960 8 0.175 0.194 0.411 0.617
133.000 8 0.177 0.172 0.417 0.600
133.040 8 0.178 0.181 0.425 0.619
133.080 8 0.177 0.183 0.419 0.611
133.120 8 0.178 0.186 0.422 0.619
133.160 8 0.178 0.186 0.423 0.622
133.200 8 0.177 0.186 0.422 0.622
133.240 8 0.183 0.183 0.430 0.622
133.280 8 0.180 0.181 0.423 0.614
133.320 8 0.188 0.178 0.433 0.614
133.360 8 0.184 0.175 0.427 0.608
133.400 8 0.191 0.175 0.436 0.611
133.440 8 0.189 0.175 0.430 0.606
133.480 8 0.189 0.181 0.434 0.614
133.520 8 0.191 0.183 0.436 0.619
133.560 8 0.188 0.183 0.433 0.619
133.600 8 0.191 0.183 0.434 0.617
133.640 8 0.191 0.181 0.438 0.617
133.680 8 0.192 0.181 0.434 0.614
133.720 8 0.192 0.181 0.434 0.608
133.760 8 0.191 0.178 0.433 0.606
133.800 8 0.189 0.175 0.430 0.603
133.840 8 0.188 0.175 0.427 0.600
133.880 8 0.184 0.172 0.423 0.597
133.920 8 0.181 0.169 0.420 0.592
133.960 8 0.178 0.164 0.417 0.589
134.000 8 0.177 0.172 0.417 0.600
134.040 8 0.183 0.183 0.405 0.578
134.080 8 0.181 0.183 0.403 0.578
134.120 8 0.180 0.183 0.400 0.575
134.160 8 0.178 0.183 0.397 0.572
134.200 8 0.180 0.183 0.402 0.575
134.240 8 0.180 0.183 0.397 0.572
134.280 8 0.178 0.189 0.394 0.569
134.320 8 0.184 0.189 0.398 0.572
134.360 8 0.181 0.192 0.395 0.572
134.400 8 0.180 0.192 0.400 0.583
134.440 8 0.178 0.192 0.403 0.592
134.480 8 0.178 0.192 0.406 0.600
134.520 8 0.175 0.189 0.406 0.600
134.560 8 0.181 0.186 0.419 0.608
134.600 8 0.170 0.183 0.408 0.606
134.640 8 0.183 0.183 0.420 0.606
134.680 8 0.173 0.181 0.405 0.594
134.720 8 0.184 0.181 0.420 0.600
134.760 8 0.177 0.181 0.409 0.597
134.800 8 0.183 0.183 0.417 0.597
134.840 8 0.175 0.178 0.409 0.592
134.880 8 0.183 0.178 0.411 0.583
134.920 8 0.181 0.172 0.406 0.572
134.960 8 0.183 0.172 0.403 0.564
135.000 8 0.191 0.183 0.392 0.542
135.040 8 0.181 0.178 0.397 0.561
135.080 8 0.181 0.181 0.398 0.567
135.120 8 0.181 0.183 0.400 0.575
135.160 8 0.183 0.189 0.403 0.581
135.200 8 0.184 0.192 0.405 0.583
135.240 8 0.186 0.194 0.406 0.586
135.280 8 0.188 0.197 0.408 0.589
135.320 8 0.189 0.194 0.412 0.597
135.360 8 0.186 0.200 0.409 0.600
135.400 8 0.192 0.206 0.416 0.606
135.440 8 0.192 0.217 0.416 0.614
135.480 8 0.189 0.222 0.412 0.619
135.520 8 0.189 0.231 0.414 0.633
135.560 8 0.191 0.236 0.417 0.642
135.600 8 0.192 0.242 0.419 0.647
135.640 8 0.188 0.242 0.414 0.647
135.680 8 0.192 0.244 0.416 0.644
135.720 8 0.189 0.239 0.416 0.644
135.760 8 0.188 0.236 0.416 0.644
135.800 8 0.186 0.233 0.416 0.644
135.840 8 0.184 0.233 0.416 0.642
135.880 8 0.183 0.233 0.412 0.642
135.920 8 0.186 0.233 0.416 0.644
135.960 8 0.181 0.231 0.412 0.642
136.000 8 0.177 0.219 0.417 0.650
136.040 8 0.184 0.189 0.425 0.617
136.080 8 0.180 0.189 0.419 0.614
136.120 8 0.178 0.183 0.427 0.622
136.160 8 0.183 0.186 0.423 0.614
136.200 8 0.175 0.186 0.419 0.619
136.240 8 0.178 0.186 0.422 0.619
136.280 8 0.180 0.192 0.422 0.619
136.320 8 0.181 0.192 0.422 0.622
136.360 8 0.183 0.194 0.423 0.619
136.400 8 0.186 0.192 0.427 0.619
136.440 8 0.188 0.192 0.428 0.619
136.480 8 0.192 0.192 0.433 0.622
136.520 8 0.189 0.192 0.433 0.622
136.560 8 0.189 0.189 0.438 0.631
136.600 8 0.188 0.192 0.433 0.628
136.640 8 0.194 0.194 0.441 0.633
136.680 8 0.192 0.194 0.438 0.633
136.720 8 0.188 0.192 0.438 0.636
136.760 8 0.188 0.183 0.439 0.631
136.800 8 0.195 0.192 0.441 0.625
136.840 8 0.191 0.192 0.433 0.622
136.880 8 0.197 0.192 0.438 0.622
136.920 8 0.192 0.189 0.436 0.622
136.960 8 0.195 0.194 0.438 0.625
137.000 8 0.203 0.172 0.445 0.600
137.040 8 0.203 0.178 0.444 0.600
137.080 8 0.206 0.178 0.447 0.603
137.120 8 0.211 0.178 0.447 0.597
137.160 8 0.209 0.178 0.444 0.594
137.200 8 0.202 0.169 0.448 0.606
137.240 8 0.208 0.172 0.445 0.594
137.280 8 0.216 0.178 0.448 0.589
137.320 8 0.208 0.172 0.444 0.592
137.360 8 0.214 0.178 0.448 0.592
137.400 8 0.202 0.172 0.441 0.594
137.440 8 0.208 0.172 0.447 0.594
137.480 8 0.208 0.175 0.441 0.586
137.520 8 0.212 0.175 0.444 0.583
137.560 8 0.208 0.169 0.438 0.578
137.600 8 0.206 0.164 0.445 0.586
137.640 8 0.203 0.164 0.442 0.586
137.680 8 0.202 0.167 0.441 0.589
137.720 8 0.205 0.167 0.444 0.589
137.760 8 0.195 0.153 0.444 0.592
137.800 8 0.203 0.164 0.444 0.589
137.840 8 0.198 0.164 0.439 0.589
137.880 8 0.203 0.164 0.445 0.592
137.920 8 0.198 0.158 0.444 0.592
137.960 8 0.202 0.167 0.444 0.594
138.000 8 0.203 0.172 0.445 0.600
138.040 8 0.200 0.172 0.445 0.606
138.080 8 0.192 0.172 0.434 0.600
138.120 8 0.203 0.178 0.441 0.597
138.160 8 0.197 0.175 0.438 0.597
138.200 8 0.206 0.175 0.442 0.594
138.240 8 0.205 0.175 0.444 0.597
138.280 8 0.202 0.175 0.441 0.597
138.320 8 0.206 0.178 0.447 0.600
138.360 8 0.203 0.175 0.445 0.606
138.400 8 0.198 0.169 0.447 0.606
138.440 8 0.208 0.175 0.452 0.606
138.480 8 0.197 0.172 0.439 0.600
138.520 8 0.203 0.172 0.448 0.606
138.560 8 0.203 0.172 0.445 0.603
138.600 8 0.202 0.172 0.445 0.603
138.640 8 0.205 0.175 0.448 0.606
138.680 8 0.198 0.175 0.442 0.606
138.720 8 0.203 0.178 0.445 0.606
138.760 8 0.200 0.178 0.436 0.594
138.800 8 0.203 0.172 0.447 0.600
138.840 8 0.202 0.169 0.444 0.597
138.880 8 0.203 0.169 0.445 0.594
138.920 8 0.206 0.169 0.447 0.594
138.960 8 0.208 0.172 0.448 0.600
139.000 8 0.203 0.172 0.445 0.600
139.040 8 0.212 0.222 0.444 0.633
139.080 8 0.209 0.219 0.444 0.633
139.120 8 0.216 0.219 0.450 0.633
139.160 8 0.208 0.217 0.442 0.633
139.200 8 0.212 0.211 0.450 0.636
139.240 8 0.209 0.211 0.447 0.633
139.280 8 0.209 0.211 0.447 0.633
139.320 8 0.209 0.214 0.445 0.633
139.360 8 0.206 0.211 0.442 0.633
139.400 8 0.206 0.214 0.439 0.628
139.440 8 0.203 0.208 0.439 0.628
139.480 8 0.200 0.203 0.439 0.628
139.520 8 0.197 0.197 0.438 0.625
139.560 8 0.195 0.194 0.433 0.617
139.600 8 0.200 0.194 0.436 0.614
139.640 8 0.195 0.194 0.428 0.608
139.680 8 0.198 0.194 0.431 0.606
139.720 8 0.203 0.194 0.431 0.600
139.760 8 0.200 0.194 0.431 0.606
139.800 8 0.197 0.194 0.428 0.606
139.840 8 0.192 0.192 0.427 0.608
139.880 8 0.189 0.189 0.425 0.608
139.920 8 0.181 0.186 0.417 0.606
139.960 8 0.180 0.186 0.416 0.606
140.000 8 0.177 0.219 0.417 0.650
140.040 8 0.173 0.219 0.411 0.644
140.080 8 0.173 0.219 0.412 0.647
140.120 8 0.173 0.219 0.409 0.642
140.160 8 0.177 0.217 0.412 0.639
140.200 8 0.172 0.214 0.406 0.633
140.240 8 0.180 0.214 0.411 0.628
140.280 8 0.177 0.211 0.406 0.625
140.320 8 0.184 0.211 0.412 0.619
140.360 8 0.180 0.208 0.409 0.617
140.400 8 0.188 0.206 0.414 0.611
140.440 8 0.186 0.206 0.411 0.608
140.480 8 0.186 0.203 0.409 0.606
140.520 8 0.184 0.206 0.408 0.606
140.560 8 0.180 0.206 0.398 0.597
140.600 8 0.178 0.208 0.394 0.597
140.640 8 0.177 0.208 0.394 0.597
140.680 8 0.175 0.211 0.391 0.597
140.720 8 0.177 0.214 0.395 0.606
140.760 8 0.178 0.217 0.398 0.611
140.800 8 0.177 0.217 0.403 0.619
140.840 8 0.177 0.214 0.408 0.628
140.880 8 0.177 0.214 0.411 0.633
140.920 8 0.177 0.217 0.414 0.639
140.960 8 0.175 0.217 0.416 0.647
141.000 8 0.177 0.219 0.417 0.650
141.040 8 0.169 0.164 0.433 0.636
141.080 8 0.169 0.167 0.436 0.644
141.120 8 0.166 0.169 0.430 0.642
141.160 8 0.169 0.169 0.434 0.642
141.200 8 0.170 0.169 0.434 0.639
141.240 8 0.172 0.167 0.436 0.639
141.280 8 0.169 0.167 0.433 0.639
141.320 8 0.175 0.169 0.438 0.639
141.360 8 0.177 0.169 0.439 0.639
141.400 8 0.173 0.169 0.438 0.639
141.440 8 0.180 0.167 0.447 0.642
141.480 8 0.175 0.167 0.442 0.642
141.520 8 0.181 0.167 0.447 0.642
141.560 8 0.180 0.169 0.444 0.639
141.600 8 0.184 0.167 0.450 0.642
141.640 8 0.188 0.169 0.450 0.639
141.680 8 0.188 0.167 0.453 0.639
141.720 8 0.191 0.169 0.452 0.633
141.760 8 0.191 0.164 0.456 0.639
141.800 8 0.189 0.161 0.458 0.639
141.840 8 0.192 0.161 0.461 0.639
141.880 8 0.183 0.150 0.456 0.639
141.920 8 0.192 0.153 0.463 0.633
141.960 8 0.186 0.153 0.453 0.628
142.000 8 0.180 0.092 0.470 0.608
142.040 8 0.189 0.139 0.459 0.619
142.080 8 0.191 0.136 0.458 0.611
142.120 8 0.191 0.133 0.456 0.608
142.160 8 0.191 0.133 0.455 0.606
142.200 8 0.192 0.133 0.456 0.603
142.240 8 0.188 0.139 0.448 0.600
142.280 8 0.192 0.139 0.453 0.603
142.320 8 0.184 0.142 0.447 0.608
142.360 8 0.189 0.144 0.452 0.611
142.400 8 0.186 0.147 0.452 0.617
142.440 8 0.178 0.147 0.442 0.617
142.480 8 0.184 0.144 0.448 0.617
142.520 8 0.180 0.147 0.444 0.617
142.560 8 0.173 0.144 0.439 0.614
142.600 8 0.166 0.142 0.430 0.611
142.640 8 0.163 0.144 0.423 0.606
142.680 8 0.150 0.142 0.412 0.606
142.720 8 0.147 0.144 0.406 0.606
142.760 8 0.138 0.144 0.395 0.603
142.800 8 0.134 0.147 0.392 0.608
142.840 8 0.130 0.147 0.394 0.617
142.880 8 0.130 0.147 0.397 0.622
142.920 8 0.131 0.150 0.398 0.625
142.960 8 0.133 0.153 0.402 0.631
143.000 8 0.148 0.219 0.391 0.650
143.040 8 0.142 0.200 0.383 0.631
143.080 8 0.142 0.197 0.386 0.631
143.120 8 0.152 0.203 0.392 0.631
143.160 8 0.148 0.194 0.394 0.633
143.200 8 0.156 0.192 0.402 0.628
143.240 8 0.161 0.194 0.403 0.622
143.280 8 0.166 0.192 0.406 0.619
143.320 8 0.170 0.194 0.411 0.622
143.360 8 0.172 0.194 0.414 0.625
143.400 8 0.175 0.194 0.417 0.628
143.440 8 0.175 0.194 0.420 0.628
143.480 8 0.177 0.194 0.423 0.633
143.520 8 0.177 0.194 0.428 0.642
143.560 8 0.175 0.197 0.420 0.633
143.600 8 0.181 0.197 0.427 0.633
143.640 8 0.172 0.194 0.419 0.631
143.680 8 0.183 0.194 0.430 0.633
143.720 8 0.175 0.189 0.422 0.628
143.760 8 0.183 0.181 0.434 0.628
143.800 8 0.184 0.178 0.436 0.625
143.840 8 0.180 0.172 0.434 0.625
143.880 8 0.181 0.175 0.436 0.625
143.920 8 0.181 0.181 0.433 0.628
143.960 8 0.180 0.181 0.434 0.633
144.000 8 0.177 0.172 0.417 0.600
144.040 8 0.173 0.175 0.422 0.619
144.080 8 0.172 0.175 0.420 0.617
144.120 8 0.175 0.175 0.423 0.619
144.160 8 0.169 0.178 0.419 0.622
144.200 8 0.173 0.181 0.423 0.625
144.240 8 0.172 0.183 0.417 0.619
144.280 8 0.173 0.183 0.420 0.619
144.320 8 0.175 0.183 0.420 0.619
144.360 8 0.177 0.186 0.420 0.617
144.400 8 0.177 0.183 0.420 0.619
144.440 8 0.178 0.186 0.422 0.619
144.480 8 0.180 0.186 0.423 0.619
144.520 8 0.183 0.186 0.423 0.617
144.560 8 0.184 0.186 0.425 0.614
144.600 8 0.181 0.186 0.423 0.614
144.640 8 0.184 0.186 0.423 0.614
144.680 8 0.186 0.181 0.425 0.606
144.720 8 0.186 0.178 0.423 0.600
144.760 8 0.186 0.175 0.422 0.594
144.800 8 0.184 0.169 0.420 0.589
144.840 8 0.184 0.169 0.414 0.578
144.880 8 0.186 0.167 0.420 0.583
144.920 8 0.178 0.167 0.412 0.583
144.960 8 0.181 0.169 0.417 0.589
145.000 8 0.177 0.172 0.417 0.600
145.040 8 0.172 0.153 0.433 0.614
145.080 8 0.177 0.150 0.436 0.611
145.120 8 0.172 0.150 0.431 0.611
145.160 8 0.172 0.150 0.433 0.614
145.200 8 0.169 0.150 0.430 0.614
145.240 8 0.173 0.153 0.436 0.619
145.280 8 0.169 0.153 0.434 0.625
145.320 8 0.170 0.156 0.438 0.631
145.360 8 0.170 0.156 0.438 0.631
145.400 8 0.170 0.156 0.441 0.633
145.440 8 0.172 0.156 0.442 0.636
145.480 8 0.172 0.156 0.442 0.636
145.520 8 0.173 0.158 0.444 0.639
145.560 8 0.173 0.158 0.444 0.639
145.600 8 0.177 0.161 0.445 0.639
145.640 8 0.178 0.161 0.448 0.642
145.680 8 0.178 0.164 0.450 0.647
145.720 8 0.178 0.164 0.452 0.650
145.760 8 0.178 0.167 0.453 0.653
145.800 8 0.178 0.167 0.453 0.656
145.840 8 0.180 0.169 0.453 0.656
145.880 8 0.175 0.172 0.445 0.653
145.920 8 0.183 0.169 0.458 0.658
145.960 8 0.175 0.167 0.450 0.656
146.000 8 0.180 0.147 0.470 0.664
146.040 8 0.180 0.147 0.470 0.664
161.880 9 0.439 0.239 0.611 0.550
161.920 9 0.459 0.250 0.625 0.547
161.960 9 0.475 0.269 0.641 0.564
162.000 9 0.477 0.283 0.644 0.583
162.040 9 0.470 0.286 0.639 0.586
162.080 9 0.463 0.283 0.628 0.581
162.120 9 0.464 0.278 0.630 0.575
162.160 9 0.452 0.275 0.617 0.569
162.200 9 0.441 0.281 0.602 0.569
162.240 9 0.430 0.289 0.588 0.569
162.280 9 0.433 0.283 0.594 0.572
162.320 9 0.427 0.275 0.588 0.564
162.360 9 0.422 0.256 0.583 0.544
162.400 9 0.411 0.256 0.569 0.539
162.440 9 0.400 0.253 0.561 0.542
162.480 9 0.398 0.264 0.561 0.556
162.520 9 0.394 0.275 0.555 0.564
162.560 9 0.388 0.281 0.548 0.567
162.360 10 0.420 0.272 0.559 0.519
162.400 10 0.408 0.261 0.550 0.514
162.440 10 0.398 0.267 0.542 0.522
162.480 10 0.397 0.281 0.541 0.536
162.520 10 0.392 0.289 0.537 0.547
162.560 10 0.384 0.292 0.530 0.550
162.600 10 0.375 0.294 0.522 0.553
162.640 10 0.364 0.286 0.516 0.556
162.680 10 0.358 0.289 0.511 0.561
162.720 10 0.350 0.292 0.503 0.564
162.760 10 0.339 0.283 0.497 0.564
162.800 10 0.342 0.281 0.502 0.561
162.840 10 0.342 0.275 0.500 0.556
162.880 10 0.345 0.264 0.508 0.553
162.920 10 0.350 0.264 0.514 0.553
162.960 10 0.348 0.258 0.514 0.553
163.000 10 0.345 0.250 0.514 0.550
163.040 10 0.350 0.244 0.522 0.550
163.080 10 0.361 0.250 0.536 0.561
163.120 10 0.364 0.269 0.544 0.589
163.160 10 0.362 0.281 0.544 0.606
163.200 10 0.361 0.281 0.547 0.611
163.240 10 0.350 0.278 0.539 0.614
163.280 10 0.339 0.272 0.528 0.608
163.320 10 0.327 0.261 0.519 0.606
163.360 10 0.322 0.256 0.514 0.597
163.400 10 0.312 0.242 0.509 0.592
163.440 10 0.308 0.233 0.505 0.581
163.480 10 0.308 0.228 0.505 0.575
163.520 10 0.316 0.225 0.509 0.572
163.560 10 0.325 0.219 0.522 0.569
163.600 10 0.331 0.217 0.530 0.569
163.640 10 0.336 0.217 0.537 0.572
163.680 10 0.344 0.214 0.552 0.581
163.720 10 0.355 0.214 0.564 0.586
163.760 10 0.356 0.211 0.569 0.589
163.800 10 0.367 0.214 0.580 0.592
163.840 10 0.373 0.206 0.589 0.589
165.680 11 0.297 0.250 0.536 0.675
165.720 11 0.291 0.253 0.527 0.672
165.760 11 0.289 0.253 0.523 0.672
165.800 11 0.286 0.250 0.520 0.669
165.840 11 0.283 0.250 0.517 0.667
165.880 11 0.278 0.247 0.514 0.667
165.920 11 0.275 0.242 0.511 0.661
165.960 11 0.269 0.233 0.512 0.664
166.000 11 0.256 0.219 0.498 0.650
166.040 11 0.237 0.203 0.484 0.642
166.080 11 0.227 0.186 0.478 0.631
166.120 11 0.206 0.175 0.459 0.625
166.160 11 0.194 0.164 0.444 0.611
166.200 11 0.178 0.158 0.431 0.608
166.240 11 0.164 0.156 0.417 0.608
166.160 12 0.211 0.172 0.472 0.633
166.200 12 0.200 0.167 0.458 0.622
166.240 12 0.188 0.167 0.441 0.614
166.280 12 0.177 0.164 0.430 0.611
166.320 12 0.166 0.164 0.416 0.606
166.360 12 0.153 0.167 0.402 0.603
166.400 12 0.150 0.164 0.397 0.603
166.440 12 0.138 0.169 0.381 0.597
166.480 12 0.136 0.172 0.377 0.597
166.520 12 0.128 0.178 0.367 0.600
166.560 12 0.120 0.172 0.359 0.594
166.600 12 0.117 0.172 0.356 0.594
166.640 12 0.114 0.172 0.352 0.592
166.680 12 0.116 0.175 0.344 0.578
166.720 12 0.120 0.172 0.356 0.589
166.760 12 0.109 0.172 0.345 0.589
166.800 12 0.116 0.169 0.355 0.592
166.840 12 0.117 0.169 0.356 0.592
166.880 12 0.119 0.169 0.358 0.594
166.920 12 0.119 0.169 0.361 0.597
166.960 12 0.120 0.172 0.362 0.597
167.000 12 0.122 0.172 0.364 0.600
167.040 12 0.117 0.167 0.362 0.597
167.080 12 0.116 0.169 0.356 0.594
167.120 12 0.122 0.172 0.362 0.597
167.160 12 0.117 0.175 0.356 0.597
167.200 12 0.120 0.175 0.362 0.600
167.240 12 0.116 0.178 0.356 0.600
167.280 12 0.122 0.181 0.359 0.600
167.320 12 0.114 0.181 0.355 0.603
167.360 12 0.117 0.181 0.356 0.603
167.400 12 0.114 0.181 0.353 0.600
167.440 12 0.125 0.183 0.358 0.597
167.480 12 0.114 0.178 0.353 0.600
167.520 12 0.120 0.181 0.359 0.603
167.560 12 0.117 0.178 0.355 0.597
167.600 12 0.119 0.178 0.359 0.606
167.640 12 0.120 0.181 0.362 0.606
167.680 12 0.122 0.181 0.364 0.608
167.720 12 0.122 0.178 0.366 0.608
167.760 12 0.123 0.178 0.366 0.606
167.800 12 0.125 0.181 0.366 0.606
167.840 12 0.125 0.178 0.367 0.606
167.880 12 0.130 0.178 0.370 0.606
167.920 12 0.127 0.178 0.369 0.606
167.960 12 0.128 0.178 0.369 0.606
168.000 12 0.122 0.172 0.364 0.600
168.040 12 0.122 0.194 0.359 0.617
168.080 12 0.123 0.192 0.367 0.622
168.120 12 0.120 0.197 0.358 0.619
168.160 12 0.122 0.194 0.366 0.625
168.200 12 0.120 0.200 0.356 0.619
168.240 12 0.120 0.197 0.356 0.617
168.280 12 0.120 0.197 0.359 0.619
168.320 12 0.116 0.194 0.359 0.628
168.360 12 0.119 0.194 0.361 0.622
168.400 12 0.116 0.192 0.358 0.622
168.440 12 0.120 0.189 0.366 0.622
168.480 12 0.119 0.192 0.359 0.617
168.520 12 0.120 0.192 0.362 0.619
168.560 12 0.122 0.192 0.362 0.622
168.600 12 0.122 0.192 0.364 0.622
168.640 12 0.122 0.194 0.364 0.622
168.680 12 0.122 0.194 0.366 0.625
168.720 12 0.125 0.197 0.369 0.628
168.760 12 0.122 0.203 0.361 0.625
168.800 12 0.125 0.200 0.367 0.631
168.840 12 0.120 0.203 0.359 0.628
168.880 12 0.122 0.203 0.361 0.625
168.920 12 0.123 0.206 0.361 0.625
168.960 12 0.123 0.206 0.362 0.631
169.000 12 0.122 0.219 0.364 0.650
169.040 12 0.123 0.200 0.370 0.636
169.080 12 0.120 0.203 0.362 0.633
169.120 12 0.125 0.200 0.372 0.636
169.160 12 0.122 0.203 0.361 0.628
169.200 12 0.127 0.203 0.367 0.631
169.240 12 0.123 0.203 0.364 0.631
169.280 12 0.127 0.203 0.369 0.631
169.320 12 0.127 0.203 0.367 0.631
169.360 12 0.127 0.203 0.367 0.631
169.400 12 0.127 0.203 0.367 0.631
169.440 12 0.125 0.203 0.367 0.631
169.480 12 0.125 0.203 0.367 0.628
169.520 12 0.125 0.200 0.367 0.631
169.560 12 0.122 0.200 0.364 0.631
169.600 12 0.125 0.200 0.367 0.628
169.640 12 0.125 0.200 0.366 0.628
169.680 12 0.125 0.200 0.367 0.628
169.720 12 0.125 0.200 0.366 0.625
169.760 12 0.125 0.197 0.366 0.622
169.800 12 0.125 0.197 0.364 0.622
169.840 12 0.128 0.200 0.366 0.619
169.880 12 0.123 0.197 0.364 0.622
169.920 12 0.122 0.194 0.362 0.619
169.960 12 0.122 0.192 0.362 0.617
170.000 12 0.122 0.172 0.364 0.600
170.040 12 0.123 0.178 0.367 0.608
170.080 12 0.123 0.178 0.366 0.608
170.120 12 0.122 0.175 0.364 0.606
170.160 12 0.120 0.175 0.362 0.603
170.200 12 0.119 0.172 0.361 0.603
170.240 12 0.117 0.169 0.359 0.597
170.280 12 0.117 0.169 0.358 0.597
170.320 12 0.119 0.175 0.355 0.592
170.360 12 0.116 0.172 0.355 0.600
170.400 12 0.116 0.178 0.356 0.606
170.440 12 0.116 0.183 0.358 0.614
170.480 12 0.117 0.189 0.358 0.617
170.520 12 0.117 0.189 0.359 0.619
170.560 12 0.117 0.189 0.359 0.619
170.600 12 0.116 0.189 0.361 0.622
170.640 12 0.117 0.192 0.361 0.622
170.680 12 0.117 0.192 0.361 0.625
170.720 12 0.119 0.194 0.362 0.625
170.760 12 0.120 0.194 0.364 0.625
170.800 12 0.120 0.197 0.366 0.631
170.840 12 0.119 0.194 0.369 0.636
170.880 12 0.116 0.192 0.372 0.644
170.920 12 0.116 0.194 0.369 0.642
170.960 12 0.114 0.194 0.370 0.650
171.000 12 0.122 0.219 0.364 0.650
171.040 12 0.109 0.228 0.352 0.658
171.080 12 0.111 0.231 0.358 0.669
171.120 12 0.109 0.239 0.358 0.678
171.160 12 0.111 0.244 0.358 0.686
171.200 12 0.114 0.253 0.361 0.692
171.240 12 0.114 0.264 0.359 0.700
171.280 12 0.111 0.272 0.356 0.708
171.320 12 0.116 0.283 0.361 0.719
171.360 12 0.119 0.289 0.366 0.728
171.400 12 0.122 0.297 0.370 0.736
171.440 12 0.127 0.303 0.375 0.744
171.480 12 0.130 0.308 0.378 0.750
171.520 12 0.134 0.317 0.383 0.756
171.560 12 0.141 0.325 0.386 0.758
171.600 12 0.144 0.331 0.386 0.761
171.640 12 0.153 0.336 0.394 0.767
171.680 12 0.153 0.344 0.392 0.769
171.720 12 0.159 0.347 0.402 0.778
171.760 12 0.158 0.353 0.397 0.781
171.800 12 0.161 0.347 0.406 0.783
171.840 12 0.158 0.342 0.403 0.778
171.880 12 0.158 0.333 0.403 0.769
171.920 12 0.156 0.328 0.403 0.764
171.960 12 0.156 0.319 0.402 0.756
172.000 12 0.148 0.314 0.391 0.744
172.040 12 0.158 0.303 0.402 0.736
172.080 12 0.158 0.297 0.400 0.728
172.120 12 0.158 0.292 0.398 0.722
172.160 12 0.158 0.289 0.398 0.717
172.200 12 0.156 0.283 0.402 0.719
172.240 12 0.159 0.283 0.403 0.717
172.280 12 0.161 0.286 0.405 0.719
172.320 12 0.164 0.289 0.408 0.722
172.360 12 0.167 0.292 0.409 0.725
172.400 12 0.169 0.294 0.412 0.728
172.440 12 0.170 0.294 0.414 0.731
172.480 12 0.170 0.294 0.416 0.731
172.520 12 0.169 0.292 0.417 0.736
172.560 12 0.169 0.297 0.416 0.739
172.600 12 0.167 0.303 0.416 0.747
172.640 12 0.167 0.317 0.414 0.756
172.680 12 0.167 0.325 0.412 0.764
172.720 12 0.166 0.331 0.411 0.767
172.760 12 0.166 0.331 0.411 0.767
172.800 12 0.166 0.328 0.411 0.764
172.840 12 0.166 0.325 0.409 0.761
172.880 12 0.164 0.322 0.408 0.758
172.920 12 0.164 0.319 0.408 0.753
172.960 12 0.164 0.314 0.408 0.750
173.000 12 0.177 0.314 0.417 0.744
173.040 12 0.181 0.317 0.423 0.750
173.080 12 0.177 0.319 0.416 0.747
173.120 12 0.180 0.319 0.422 0.753
173.160 12 0.175 0.322 0.414 0.750
173.200 12 0.175 0.319 0.416 0.753
173.240 12 0.178 0.317 0.420 0.753
173.280 12 0.172 0.314 0.414 0.747
173.320 12 0.173 0.306 0.417 0.742
173.360 12 0.170 0.294 0.419 0.739
173.400 12 0.172 0.281 0.419 0.722
173.440 12 0.170 0.269 0.417 0.711
173.480 12 0.167 0.261 0.412 0.700
173.520 12 0.170 0.258 0.416 0.697
173.560 12 0.163 0.256 0.411 0.700
173.600 12 0.170 0.264 0.417 0.708
173.640 12 0.169 0.272 0.417 0.717
173.680 12 0.175 0.294 0.416 0.725
173.720 12 0.181 0.303 0.422 0.733
173.760 12 0.180 0.308 0.416 0.731
173.800 12 0.186 0.303 0.420 0.725
173.840 12 0.180 0.294 0.417 0.719
173.880 12 0.180 0.283 0.414 0.703
173.920 12 0.178 0.272 0.417 0.700
173.960 12 0.175 0.264 0.416 0.694
174.000 12 0.177 0.267 0.417 0.697
174.040 12 0.155 0.236 0.425 0.719
174.080 12 0.156 0.239 0.428 0.722
174.120 12 0.158 0.242 0.430 0.728
174.160 12 0.158 0.239 0.431 0.731
174.200 12 0.158 0.239 0.431 0.728
174.240 12 0.155 0.233 0.428 0.725
174.280 12 0.155 0.228 0.427 0.717
174.320 12 0.150 0.222 0.422 0.706
174.360 12 0.148 0.214 0.417 0.694
174.400 12 0.139 0.208 0.408 0.689
174.440 12 0.144 0.206 0.409 0.681
174.480 12 0.134 0.200 0.402 0.675
174.520 12 0.138 0.200 0.405 0.678
174.560 12 0.134 0.208 0.395 0.678
174.600 12 0.141 0.217 0.402 0.683
174.640 12 0.138 0.225 0.397 0.689
174.680 12 0.138 0.233 0.397 0.697
174.720 12 0.144 0.239 0.405 0.703
174.760 12 0.139 0.239 0.405 0.711
174.800 12 0.136 0.236 0.402 0.711
174.840 12 0.144 0.242 0.406 0.711
174.880 12 0.141 0.242 0.402 0.708
174.920 12 0.139 0.242 0.398 0.706
174.960 12 0.139 0.239 0.398 0.703
175.000 12 0.116 0.206 0.405 0.722
175.040 12 0.127 0.222 0.400 0.708
175.080 12 0.123 0.219 0.397 0.708
175.120 12 0.128 0.214 0.408 0.714
175.160 12 0.131 0.219 0.406 0.711
175.200 12 0.131 0.219 0.406 0.711
175.240 12 0.141 0.219 0.417 0.714
175.280 12 0.142 0.211 0.423 0.714
175.320 12 0.145 0.206 0.422 0.700
175.360 12 0.153 0.197 0.430 0.692
175.400 12 0.142 0.183 0.417 0.675
175.440 12 0.148 0.172 0.423 0.661
175.480 12 0.141 0.164 0.414 0.656
175.520 12 0.134 0.158 0.408 0.647
175.560 12 0.131 0.156 0.405 0.644
175.600 12 0.127 0.156 0.400 0.642
175.640 12 0.127 0.158 0.398 0.647
175.680 12 0.127 0.167 0.398 0.653
175.720 12 0.127 0.172 0.402 0.661
175.760 12 0.130 0.181 0.403 0.669
175.800 12 0.138 0.192 0.408 0.675
175.840 12 0.139 0.203 0.408 0.683
175.880 12 0.142 0.211 0.412 0.692
175.920 12 0.152 0.222 0.417 0.697
175.960 12 0.153 0.231 0.420 0.708
176.000 12 0.177 0.267 0.417 0.697
176.040 12 0.188 0.269 0.427 0.697
176.080 12 0.188 0.278 0.430 0.708
176.120 12 0.195 0.289 0.439 0.725
176.160 12 0.194 0.297 0.436 0.733
176.200 12 0.206 0.306 0.450 0.742
176.240 12 0.200 0.308 0.442 0.742
176.280 12 0.200 0.308 0.441 0.742
176.320 12 0.203 0.308 0.441 0.733
176.360 12 0.195 0.300 0.433 0.725
176.400 12 0.191 0.289 0.431 0.717
176.440 12 0.189 0.278 0.428 0.708
176.480 12 0.180 0.267 0.420 0.697
176.520 12 0.178 0.264 0.417 0.689
176.560 12 0.177 0.258 0.416 0.686
176.600 12 0.175 0.253 0.414 0.681
176.640 12 0.178 0.247 0.417 0.678
176.680 12 0.173 0.247 0.411 0.672
176.720 12 0.175 0.239 0.416 0.667
176.760 12 0.175 0.233 0.414 0.661
176.800 12 0.175 0.233 0.409 0.650
176.840 12 0.183 0.231 0.414 0.647
176.880 12 0.175 0.228 0.408 0.644
176.920 12 0.178 0.222 0.417 0.650
176.960 12 0.175 0.225 0.414 0.653
177.000 12 0.177 0.219 0.417 0.650
177.040 12 0.175 0.233 0.408 0.650
177.080 12 0.175 0.233 0.414 0.661
177.120 12 0.167 0.239 0.406 0.667
177.160 12 0.173 0.256 0.412 0.683
177.200 12 0.170 0.269 0.400 0.681
177.240 12 0.177 0.281 0.406 0.692
177.280 12 0.170 0.286 0.400 0.694
177.320 12 0.175 0.286 0.405 0.697
177.360 12 0.173 0.283 0.403 0.694
177.400 12 0.172 0.281 0.402 0.692
177.440 12 0.170 0.275 0.402 0.689
177.480 12 0.169 0.269 0.403 0.689
177.520 12 0.175 0.264 0.408 0.681
177.560 12 0.172 0.258 0.403 0.672
177.600 12 0.178 0.253 0.409 0.664
197.320 13 0.533 0.281 0.703 0.586
197.360 13 0.531 0.281 0.700 0.583
197.400 13 0.536 0.281 0.703 0.583
197.440 13 0.533 0.281 0.700 0.578
197.480 13 0.537 0.281 0.703 0.578
197.520 13 0.534 0.278 0.700 0.575
197.560 13 0.537 0.278 0.705 0.575
197.600 13 0.539 0.278 0.705 0.575
197.640 13 0.539 0.275 0.709 0.581
197.680 13 0.533 0.275 0.703 0.581
197.720 13 0.541 0.275 0.711 0.581
197.760 13 0.534 0.275 0.705 0.581
197.800 13 0.539 0.275 0.708 0.578
197.840 13 0.536 0.275 0.703 0.575
197.880 13 0.539 0.272 0.708 0.575
197.920 13 0.541 0.275 0.708 0.575
197.960 13 0.537 0.269 0.706 0.572
198.000 13 0.544 0.275 0.711 0.575
198.040 13 0.541 0.275 0.706 0.575
198.080 13 0.539 0.275 0.706 0.575
198.120 13 0.539 0.275 0.705 0.572
198.160 13 0.537 0.275 0.705 0.572
198.200 13 0.537 0.275 0.705 0.572
198.240 13 0.536 0.272 0.703 0.572
198.280 13 0.536 0.272 0.702 0.572
198.320 13 0.534 0.272 0.702 0.572
198.360 13 0.534 0.272 0.702 0.572
198.400 13 0.533 0.272 0.700 0.569
198.440 13 0.533 0.272 0.698 0.569
198.480 13 0.531 0.269 0.698 0.569
198.520 13 0.531 0.269 0.697 0.567
198.560 13 0.530 0.267 0.697 0.567
198.600 13 0.530 0.264 0.697 0.564
198.640 13 0.527 0.258 0.695 0.561
198.680 13 0.533 0.258 0.702 0.561
198.720 13 0.525 0.256 0.694 0.558
198.760 13 0.530 0.256 0.697 0.556
198.800 13 0.525 0.253 0.694 0.556
198.840 13 0.530 0.253 0.697 0.553
198.880 13 0.527 0.250 0.695 0.553
198.920 13 0.531 0.250 0.698 0.550
198.960 13 0.528 0.250 0.695 0.550
199.000 13 0.533 0.250 0.700 0.550
199.040 13 0.534 0.256 0.703 0.556
199.080 13 0.531 0.253 0.700 0.556
199.120 13 0.536 0.253 0.705 0.556
199.160 13 0.534 0.253 0.702 0.553
199.200 13 0.539 0.253 0.705 0.553
199.240 13 0.536 0.253 0.702 0.550
199.280 13 0.539 0.250 0.708 0.550
199.320 13 0.536 0.247 0.705 0.550
199.360 13 0.541 0.244 0.709 0.550
199.400 13 0.537 0.244 0.706 0.547
199.440 13 0.541 0.244 0.708 0.544
199.480 13 0.542 0.242 0.709 0.544
199.520 13 0.539 0.242 0.708 0.544
199.560 13 0.545 0.244 0.711 0.544
199.600 13 0.539 0.242 0.708 0.544
199.640 13 0.541 0.239 0.713 0.547
199.680 13 0.542 0.239 0.714 0.544
199.720 13 0.544 0.239 0.714 0.544
199.760 13 0.547 0.242 0.714 0.542
199.800 13 0.550 0.242 0.717 0.542
199.840 13 0.548 0.242 0.716 0.542
199.880 13 0.552 0.247 0.717 0.542
199.920 13 0.548 0.242 0.716 0.542
199.960 13 0.553 0.244 0.720 0.544
200.000 13 0.552 0.250 0.719 0.550
200.040 13 0.530 0.219 0.738 0.589
200.080 13 0.536 0.217 0.747 0.594
200.120 13 0.530 0.217 0.741 0.592
200.160 13 0.534 0.219 0.745 0.594
200.200 13 0.530 0.219 0.739 0.594
200.240 13 0.533 0.222 0.744 0.594
200.280 13 0.528 0.222 0.738 0.597
200.320 13 0.534 0.225 0.745 0.600
200.360 13 0.527 0.233 0.733 0.600
200.400 13 0.534 0.233 0.742 0.603
200.440 13 0.525 0.239 0.733 0.611
200.480 13 0.533 0.247 0.741 0.617
200.520 13 0.523 0.250 0.731 0.619
200.560 13 0.533 0.256 0.738 0.622
200.600 13 0.523 0.258 0.728 0.625
200.640 13 0.530 0.261 0.736 0.628
200.680 13 0.523 0.258 0.730 0.628
200.720 13 0.523 0.261 0.730 0.628
200.760 13 0.523 0.258 0.728 0.625
200.800 13 0.522 0.258 0.727 0.622
200.840 13 0.520 0.258 0.723 0.619
200.880 13 0.519 0.256 0.722 0.617
200.920 13 0.517 0.256 0.720 0.617
200.960 13 0.516 0.253 0.719 0.614
201.000 13 0.498 0.219 0.741 0.650
201.040 13 0.502 0.233 0.730 0.636
201.080 13 0.500 0.231 0.728 0.636
201.120 13 0.498 0.231 0.727 0.633
201.160 13 0.497 0.228 0.725 0.633
201.200 13 0.495 0.228 0.723 0.631
201.240 13 0.495 0.225 0.722 0.631
201.280 13 0.494 0.225 0.720 0.628
201.320 13 0.489 0.225 0.716 0.628
201.360 13 0.492 0.225 0.717 0.628
201.400 13 0.486 0.222 0.711 0.622
201.440 13 0.489 0.222 0.714 0.622
201.480 13 0.480 0.217 0.708 0.622
201.520 13 0.481 0.214 0.713 0.622
201.560 13 0.475 0.211 0.706 0.622
201.600 13 0.478 0.208 0.711 0.622
201.640 13 0.470 0.203 0.706 0.622
201.680 13 0.475 0.203 0.709 0.619
201.720 13 0.467 0.200 0.703 0.619
201.760 13 0.470 0.200 0.705 0.617
201.800 13 0.472 0.200 0.706 0.614
201.840 13 0.467 0.197 0.700 0.614
201.880 13 0.469 0.197 0.702 0.611
201.920 13 0.466 0.192 0.702 0.614
201.960 13 0.473 0.194 0.706 0.608
202.000 13 0.483 0.222 0.684 0.581
202.040 13 0.484 0.217 0.688 0.578
202.080 13 0.487 0.217 0.689 0.578
202.120 13 0.484 0.217 0.688 0.578
202.160 13 0.484 0.217 0.688 0.581
202.200 13 0.484 0.214 0.691 0.583
202.240 13 0.481 0.214 0.689 0.583
202.280 13 0.481 0.211 0.692 0.586
202.320 13 0.478 0.211 0.691 0.586
202.360 13 0.478 0.211 0.691 0.589
202.400 13 0.477 0.211 0.691 0.592
202.440 13 0.477 0.214 0.691 0.594
202.480 13 0.472 0.214 0.689 0.597
202.520 13 0.475 0.211 0.694 0.600
202.560 13 0.469 0.208 0.691 0.603
202.600 13 0.470 0.208 0.695 0.608
202.640 13 0.464 0.208 0.691 0.608
202.680 13 0.469 0.208 0.695 0.611
202.720 13 0.464 0.211 0.689 0.614
202.760 13 0.467 0.214 0.692 0.617
202.800 13 0.464 0.217 0.692 0.622
202.840 13 0.464 0.219 0.692 0.622
202.880 13 0.463 0.219 0.692 0.628
202.920 13 0.461 0.222 0.691 0.631
202.960 13 0.459 0.225 0.691 0.636
203.000 13 0.459 0.228 0.691 0.639
203.040 13 0.458 0.233 0.691 0.644
203.080 13 0.456 0.236 0.689 0.650
203.120 13 0.456 0.239 0.689 0.656
203.160 13 0.456 0.242 0.688 0.656
203.200 13 0.452 0.242 0.684 0.656
203.240 13 0.455 0.242 0.688 0.656
203.280 13 0.458 0.239 0.691 0.656
203.320 13 0.453 0.239 0.686 0.653
203.360 13 0.459 0.236 0.692 0.650
203.400 13 0.458 0.236 0.688 0.644
203.440 13 0.463 0.236 0.692 0.644
203.480 13 0.459 0.236 0.689 0.642
203.520 13 0.466 0.236 0.692 0.639
203.560 13 0.463 0.236 0.686 0.633
203.600 13 0.467 0.231 0.692 0.631
203.640 13 0.464 0.231 0.688 0.628
203.680 13 0.470 0.228 0.694 0.625
203.720 13 0.469 0.231 0.688 0.619
203.760 13 0.475 0.228 0.692 0.617
203.800 13 0.472 0.228 0.688 0.611
203.840 13 0.477 0.225 0.692 0.608
203.880 13 0.475 0.225 0.688 0.600
203.920 13 0.478 0.219 0.691 0.600
203.960 13 0.477 0.219 0.689 0.597
204.000 13 0.483 0.222 0.684 0.581
204.040 13 0.475 0.219 0.681 0.583
204.080 13 0.473 0.219 0.678 0.583
204.120 13 0.477 0.219 0.681 0.583
204.160 13 0.478 0.219 0.681 0.581
204.200 13 0.475 0.217 0.681 0.583
204.240 13 0.478 0.214 0.686 0.586
204.280 13 0.477 0.214 0.684 0.583
204.320 13 0.475 0.214 0.683 0.583
204.360 13 0.477 0.214 0.683 0.581
204.400 13 0.478 0.217 0.683 0.578
204.440 13 0.478 0.217 0.681 0.578
204.480 13 0.481 0.214 0.684 0.575
204.520 13 0.481 0.217 0.681 0.572
204.560 13 0.477 0.217 0.677 0.572
204.600 13 0.481 0.214 0.683 0.575
204.640 13 0.477 0.214 0.678 0.575
204.680 13 0.481 0.217 0.684 0.578
204.720 13 0.477 0.217 0.680 0.575
204.760 13 0.483 0.219 0.683 0.575
204.800 13 0.480 0.219 0.680 0.578
204.840 13 0.483 0.225 0.683 0.578
204.880 13 0.484 0.228 0.683 0.581
204.920 13 0.486 0.228 0.684 0.581
204.960 13 0.486 0.225 0.688 0.581
205.000 13 0.483 0.222 0.684 0.581
205.040 13 0.483 0.214 0.708 0.611
205.080 13 0.486 0.211 0.713 0.611
205.120 13 0.486 0.206 0.716 0.614
205.160 13 0.494 0.208 0.719 0.611
205.200 13 0.492 0.208 0.717 0.608
205.240 13 0.495 0.208 0.720 0.608
205.280 13 0.498 0.211 0.722 0.608
205.320 13 0.498 0.211 0.720 0.606
205.360 13 0.503 0.214 0.723 0.603
205.400 13 0.505 0.214 0.723 0.603
205.440 13 0.506 0.217 0.725 0.606
205.480 13 0.506 0.219 0.727 0.608
205.520 13 0.508 0.219 0.727 0.611
205.560 13 0.508 0.222 0.727 0.611
205.600 13 0.506 0.222 0.725 0.614
205.640 13 0.509 0.228 0.727 0.614
205.680 13 0.505 0.228 0.723 0.614
205.720 13 0.512 0.228 0.730 0.617
205.760 13 0.506 0.228 0.723 0.614
205.800 13 0.509 0.228 0.727 0.614
205.840 13 0.509 0.228 0.727 0.614
205.880 13 0.508 0.228 0.727 0.614
205.920 13 0.506 0.225 0.725 0.614
205.960 13 0.505 0.225 0.723 0.614
206.000 13 0.498 0.219 0.741 0.650
206.040 13 0.502 0.233 0.723 0.631
206.080 13 0.502 0.233 0.723 0.628
206.120 13 0.505 0.231 0.728 0.628
206.160 13 0.506 0.233 0.728 0.628
206.200 13 0.509 0.233 0.731 0.628
206.240 13 0.511 0.236 0.733 0.631
206.280 13 0.512 0.236 0.736 0.631
206.320 13 0.516 0.236 0.739 0.633
206.360 13 0.520 0.239 0.742 0.633
206.400 13 0.523 0.239 0.745 0.633
206.440 13 0.525 0.242 0.748 0.636
206.480 13 0.528 0.242 0.748 0.636
206.520 13 0.528 0.244 0.748 0.636
206.560 13 0.528 0.244 0.747 0.636
206.600 13 0.525 0.244 0.745 0.636
206.640 13 0.527 0.247 0.745 0.636
206.680 13 0.523 0.247 0.744 0.636
206.720 13 0.523 0.247 0.744 0.636
206.760 13 0.523 0.247 0.744 0.639
206.800 13 0.523 0.244 0.745 0.642
206.840 13 0.527 0.244 0.750 0.642
206.880 13 0.523 0.244 0.744 0.636
206.920 13 0.525 0.247 0.745 0.639
206.960 13 0.523 0.247 0.744 0.639
207.000 13 0.527 0.261 0.728 0.619
207.040 13 0.536 0.272 0.709 0.581
207.080 13 0.534 0.272 0.708 0.581
207.120 13 0.530 0.269 0.703 0.581
207.160 13 0.527 0.269 0.702 0.581
207.200 13 0.523 0.267 0.698 0.581
207.240 13 0.522 0.267 0.700 0.581
207.280 13 0.525 0.267 0.702 0.581
207.320 13 0.528 0.269 0.703 0.581
207.360 13 0.537 0.272 0.713 0.583
207.400 13 0.537 0.275 0.711 0.583
207.440 13 0.547 0.275 0.720 0.583
207.480 13 0.544 0.275 0.717 0.583
207.520 13 0.544 0.275 0.717 0.583
207.560 13 0.541 0.275 0.714 0.586
207.600 13 0.536 0.275 0.708 0.581
207.640 13 0.533 0.275 0.703 0.581
207.680 13 0.531 0.278 0.702 0.581
207.720 13 0.528 0.275 0.700 0.581
207.760 13 0.533 0.278 0.706 0.583
207.800 13 0.530 0.278 0.698 0.578
207.840 13 0.534 0.281 0.703 0.581
207.880 13 0.530 0.278 0.700 0.581
207.920 13 0.533 0.281 0.702 0.581
207.960 13 0.528 0.278 0.697 0.581
208.000 13 0.536 0.292 0.677 0.542
208.040 13 0.533 0.283 0.689 0.561
208.080 13 0.530 0.283 0.686 0.561
208.120 13 0.530 0.283 0.684 0.561
208.160 13 0.530 0.283 0.686 0.561
208.200 13 0.531 0.283 0.686 0.561
208.240 13 0.531 0.283 0.686 0.561
208.280 13 0.531 0.283 0.686 0.561
208.320 13 0.530 0.283 0.684 0.561
208.360 13 0.530 0.283 0.684 0.558
208.400 13 0.528 0.283 0.683 0.558
208.440 13 0.528 0.283 0.683 0.558
208.480 13 0.528 0.283 0.683 0.558
208.520 13 0.528 0.281 0.683 0.556
208.560 13 0.527 0.281 0.681 0.556
208.600 13 0.527 0.278 0.681 0.553
208.640 13 0.527 0.278 0.680 0.553
208.680 13 0.525 0.275 0.680 0.550
208.720 13 0.525 0.272 0.678 0.550
208.760 13 0.525 0.272 0.678 0.547
208.800 13 0.523 0.272 0.678 0.547
208.840 13 0.523 0.272 0.678 0.547
208.880 13 0.523 0.269 0.677 0.544
208.920 13 0.522 0.269 0.675 0.544
208.960 13 0.520 0.272 0.673 0.544
209.000 13 0.516 0.269 0.669 0.544
209.040 13 0.516 0.269 0.667 0.542
209.080 13 0.508 0.269 0.661 0.542
209.120 13 0.511 0.269 0.664 0.542
209.160 13 0.506 0.269 0.659 0.542
209.200 13 0.509 0.269 0.662 0.542
209.240 13 0.511 0.269 0.664 0.544
209.280 13 0.514 0.269 0.667 0.544
209.320 13 0.519 0.269 0.673 0.547
209.360 13 0.516 0.269 0.670 0.547
209.400 13 0.522 0.269 0.677 0.547
209.440 13 0.517 0.269 0.673 0.547
209.480 13 0.522 0.269 0.677 0.547
209.520 13 0.520 0.269 0.677 0.547
209.560 13 0.520 0.267 0.675 0.544
209.600 13 0.519 0.264 0.675 0.544
209.640 13 0.516 0.264 0.673 0.544
209.680 13 0.514 0.261 0.672 0.542
209.720 13 0.514 0.261 0.669 0.542
209.760 13 0.511 0.261 0.667 0.539
209.800 13 0.509 0.261 0.664 0.539
209.840 13 0.508 0.261 0.662 0.539
209.880 13 0.506 0.261 0.661 0.536
209.920 13 0.506 0.261 0.661 0.536
209.960 13 0.508 0.261 0.662 0.536
210.000 13 0.506 0.261 0.662 0.539
210.040 13 0.514 0.261 0.670 0.539
210.080 13 0.512 0.261 0.669 0.542
210.120 13 0.520 0.258 0.677 0.539
210.160 13 0.519 0.261 0.677 0.542
210.200 13 0.523 0.261 0.680 0.542
210.240 13 0.517 0.258 0.677 0.544
210.280 13 0.516 0.258 0.675 0.544
210.320 13 0.511 0.258 0.670 0.542
210.360 13 0.511 0.258 0.669 0.539
210.400 13 0.505 0.258 0.661 0.539
210.440 13 0.505 0.256 0.661 0.536
210.480 13 0.500 0.253 0.658 0.533
210.520 13 0.503 0.253 0.659 0.533
210.560 13 0.505 0.250 0.662 0.531
210.600 13 0.512 0.250 0.669 0.531
210.640 13 0.516 0.250 0.673 0.533
210.680 13 0.522 0.250 0.680 0.531
210.720 13 0.531 0.250 0.689 0.533
210.760 13 0.536 0.253 0.692 0.533
210.800 13 0.537 0.253 0.692 0.531
210.840 13 0.542 0.253 0.697 0.531
210.880 13 0.536 0.253 0.692 0.531
210.920 13 0.537 0.253 0.692 0.531
210.960 13 0.533 0.253 0.688 0.528
211.000 13 0.533 0.250 0.689 0.528
211.040 13 0.528 0.250 0.683 0.528
211.080 13 0.533 0.253 0.688 0.528
211.120 13 0.530 0.250 0.684 0.528
211.160 13 0.534 0.250 0.689 0.528
211.200 13 0.539 0.250 0.694 0.528
211.240 13 0.541 0.250 0.697 0.528
211.280 13 0.545 0.253 0.700 0.531
211.320 13 0.552 0.250 0.708 0.531
211.360 13 0.553 0.250 0.709 0.531
211.400 13 0.555 0.253 0.709 0.531
211.440 13 0.556 0.253 0.713 0.531
211.480 13 0.556 0.253 0.711 0.528
211.520 13 0.559 0.253 0.714 0.528
211.560 13 0.555 0.253 0.709 0.528
211.600 13 0.553 0.253 0.708 0.528
211.640 13 0.550 0.253 0.703 0.528
211.680 13 0.548 0.256 0.700 0.528
211.720 13 0.547 0.256 0.698 0.528
211.760 13 0.542 0.256 0.694 0.528
211.800 13 0.545 0.261 0.695 0.528
211.840 13 0.541 0.258 0.692 0.528
211.880 13 0.544 0.258 0.695 0.531
211.920 13 0.545 0.258 0.698 0.531
211.960 13 0.547 0.253 0.702 0.531
212.000 13 0.552 0.250 0.719 0.550
212.040 13 0.555 0.250 0.722 0.550
212.080 13 0.558 0.253 0.722 0.547
212.120 13 0.564 0.256 0.727 0.547
212.160 13 0.559 0.253 0.725 0.550
212.200 13 0.558 0.253 0.723 0.547
212.240 13 0.558 0.253 0.723 0.547
212.280 13 0.558 0.253 0.720 0.544
212.320 13 0.558 0.253 0.719 0.542
212.360 13 0.558 0.253 0.719 0.539
212.400 13 0.562 0.253 0.722 0.539
212.440 13 0.556 0.250 0.717 0.539
212.480 13 0.566 0.253 0.727 0.542
212.520 13 0.559 0.253 0.722 0.542
212.560 13 0.569 0.250 0.731 0.544
212.600 13 0.562 0.253 0.725 0.544
212.640 13 0.572 0.253 0.736 0.547
212.680 13 0.566 0.253 0.730 0.547
212.720 13 0.569 0.256 0.733 0.547
212.760 13 0.570 0.256 0.733 0.547
212.800 13 0.569 0.256 0.733 0.547
212.840 13 0.567 0.253 0.731 0.547
212.880 13 0.566 0.253 0.730 0.544
212.920 13 0.566 0.250 0.728 0.542
212.960 13 0.564 0.250 0.727 0.539
213.000 13 0.564 0.244 0.725 0.536
213.040 13 0.569 0.244 0.730 0.533
213.080 13 0.566 0.242 0.727 0.531
213.120 13 0.567 0.244 0.728 0.533
213.160 13 0.567 0.250 0.730 0.539
213.200 13 0.567 0.256 0.728 0.544
213.240 13 0.575 0.258 0.738 0.550
213.280 13 0.580 0.258 0.742 0.550
213.320 13 0.584 0.256 0.745 0.544
213.360 13 0.589 0.253 0.750 0.542
213.400 13 0.589 0.250 0.750 0.539
213.440 13 0.591 0.250 0.752 0.539
213.480 13 0.592 0.256 0.755 0.544
213.520 13 0.591 0.261 0.752 0.553
213.560 13 0.594 0.267 0.756 0.558
213.600 13 0.597 0.267 0.759 0.558
213.640 13 0.594 0.264 0.756 0.556
213.680 13 0.597 0.258 0.761 0.550
213.720 13 0.594 0.256 0.758 0.547
213.760 13 0.598 0.256 0.761 0.547
213.800 13 0.592 0.258 0.756 0.553
213.840 13 0.594 0.261 0.756 0.556
213.880 13 0.589 0.264 0.753 0.558
213.920 13 0.594 0.267 0.758 0.561
213.960 13 0.591 0.261 0.755 0.556
214.000 13 0.589 0.258 0.752 0.553
214.040 13 0.580 0.253 0.744 0.544
214.080 13 0.581 0.247 0.744 0.542
214.120 13 0.577 0.247 0.738 0.536
214.160 13 0.570 0.253 0.733 0.544
214.200 13 0.567 0.258 0.731 0.553
214.240 13 0.570 0.264 0.734 0.558
214.280 13 0.564 0.264 0.728 0.558
214.320 13 0.569 0.261 0.734 0.558
214.360 13 0.569 0.258 0.733 0.556
214.400 13 0.567 0.258 0.733 0.553
214.440 13 0.562 0.258 0.727 0.556
214.480 13 0.564 0.258 0.730 0.556
214.520 13 0.564 0.258 0.728 0.553
224.640 14 0.252 0.369 0.342 0.531
224.680 14 0.250 0.369 0.339 0.531
224.720 14 0.250 0.372 0.342 0.536
224.760 14 0.250 0.378 0.342 0.542
224.800 14 0.248 0.381 0.341 0.544
224.840 14 0.247 0.378 0.344 0.550
224.880 14 0.248 0.375 0.348 0.553
224.920 14 0.256 0.381 0.352 0.550
224.960 14 0.261 0.378 0.358 0.550
225.000 14 0.264 0.375 0.361 0.547
225.040 14 0.264 0.367 0.366 0.544
225.080 14 0.266 0.364 0.367 0.544
225.120 14 0.266 0.358 0.370 0.544
225.160 14 0.267 0.356 0.370 0.542
225.200 14 0.266 0.353 0.370 0.539
225.240 14 0.264 0.350 0.369 0.539
225.280 14 0.263 0.350 0.367 0.536
225.320 14 0.258 0.347 0.366 0.536
225.360 14 0.255 0.344 0.361 0.536
225.400 14 0.252 0.344 0.359 0.536
225.440 14 0.245 0.344 0.355 0.539
225.480 14 0.241 0.344 0.350 0.539
225.520 14 0.236 0.350 0.344 0.539
225.560 14 0.227 0.342 0.336 0.536
225.600 14 0.217 0.339 0.327 0.533
225.640 14 0.208 0.331 0.319 0.528
225.680 14 0.202 0.333 0.308 0.522
225.720 14 0.192 0.328 0.300 0.519
225.760 14 0.184 0.328 0.292 0.519
225.800 14 0.177 0.322 0.286 0.517
225.840 14 0.170 0.319 0.280 0.514
225.880 14 0.166 0.322 0.275 0.517
225.920 14 0.163 0.319 0.275 0.517
225.960 14 0.161 0.317 0.275 0.519
226.000 14 0.161 0.311 0.278 0.519
226.040 14 0.166 0.308 0.286 0.522
226.080 14 0.167 0.311 0.284 0.519
226.120 14 0.173 0.311 0.291 0.522
226.160 14 0.177 0.314 0.292 0.519
226.200 14 0.184 0.317 0.297 0.519
226.240 14 0.191 0.319 0.303 0.522
226.280 14 0.195 0.319 0.309 0.522
226.320 14 0.197 0.322 0.311 0.525
226.360 14 0.203 0.322 0.317 0.522
226.400 14 0.206 0.322 0.319 0.525
226.440 14 0.212 0.325 0.325 0.525
226.480 14 0.214 0.325 0.325 0.525
226.520 14 0.219 0.325 0.331 0.525
226.560 14 0.219 0.328 0.331 0.528
226.600 14 0.222 0.328 0.334 0.528
226.640 14 0.223 0.328 0.336 0.528
226.680 14 0.230 0.328 0.342 0.528
226.720 14 0.231 0.328 0.344 0.528
226.760 14 0.237 0.328 0.350 0.531
226.800 14 0.236 0.328 0.352 0.531
226.840 14 0.244 0.328 0.358 0.533
226.880 14 0.245 0.331 0.361 0.533
226.920 14 0.252 0.328 0.367 0.533
