9.560 0 0.481 0.303 0.545 0.419
9.600 0 0.484 0.300 0.548 0.417
9.640 0 0.491 0.303 0.553 0.417
9.680 0 0.494 0.303 0.558 0.419
9.720 0 0.494 0.306 0.558 0.422
9.760 0 0.498 0.308 0.564 0.425
9.800 0 0.503 0.311 0.569 0.431
9.840 0 0.509 0.317 0.573 0.436
9.880 0 0.514 0.322 0.580 0.442
9.920 0 0.516 0.325 0.583 0.447
9.960 0 0.519 0.322 0.586 0.444
10.000 0 0.520 0.325 0.588 0.447
10.040 0 0.519 0.328 0.594 0.461
10.080 0 0.517 0.331 0.591 0.461
10.120 0 0.516 0.333 0.591 0.467
10.160 0 0.514 0.339 0.589 0.472
10.200 0 0.511 0.342 0.586 0.478
10.240 0 0.506 0.347 0.584 0.483
10.280 0 0.503 0.353 0.580 0.489
10.320 0 0.498 0.356 0.577 0.494
10.360 0 0.491 0.361 0.570 0.500
10.400 0 0.486 0.367 0.567 0.511
10.440 0 0.481 0.372 0.561 0.514
10.480 0 0.478 0.378 0.556 0.519
10.520 0 0.470 0.381 0.550 0.522
10.560 0 0.466 0.381 0.545 0.522
10.600 0 0.461 0.378 0.541 0.522
10.640 0 0.456 0.381 0.537 0.522
10.680 0 0.455 0.381 0.534 0.525
10.720 0 0.452 0.381 0.533 0.525
10.760 0 0.452 0.381 0.534 0.528
10.800 0 0.450 0.381 0.533 0.531
10.840 0 0.452 0.381 0.536 0.533
10.880 0 0.452 0.383 0.536 0.536
10.920 0 0.455 0.386 0.541 0.539
10.960 0 0.458 0.389 0.547 0.544
11.000 0 0.458 0.394 0.556 0.567
11.040 0 0.459 0.400 0.558 0.575
11.080 0 0.467 0.408 0.570 0.589
11.120 0 0.470 0.414 0.573 0.592
11.160 0 0.478 0.419 0.581 0.603
23.160 1 0.748 0.264 0.847 0.439
23.200 1 0.748 0.264 0.847 0.439
23.240 1 0.750 0.264 0.848 0.439
23.280 1 0.752 0.264 0.848 0.439
23.320 1 0.752 0.267 0.850 0.442
23.360 1 0.753 0.267 0.852 0.442
23.400 1 0.755 0.267 0.853 0.442
23.440 1 0.756 0.267 0.853 0.442
23.480 1 0.756 0.269 0.855 0.444
23.520 1 0.758 0.269 0.856 0.444
23.560 1 0.758 0.269 0.856 0.444
23.600 1 0.759 0.269 0.858 0.444
23.640 1 0.761 0.269 0.858 0.444
23.680 1 0.761 0.269 0.859 0.447
23.720 1 0.762 0.272 0.863 0.450
23.760 1 0.759 0.272 0.858 0.444
23.800 1 0.764 0.272 0.863 0.447
23.840 1 0.761 0.272 0.859 0.447
23.880 1 0.762 0.272 0.861 0.447
23.920 1 0.759 0.272 0.858 0.447
23.960 1 0.761 0.272 0.859 0.447
24.000 1 0.759 0.275 0.856 0.447
24.040 1 0.761 0.275 0.859 0.450
24.080 1 0.758 0.275 0.856 0.450
24.120 1 0.759 0.275 0.858 0.450
24.160 1 0.756 0.275 0.855 0.450
24.200 1 0.758 0.275 0.858 0.453
24.240 1 0.756 0.278 0.853 0.453
24.280 1 0.756 0.278 0.856 0.453
24.320 1 0.755 0.281 0.852 0.453
24.360 1 0.753 0.281 0.852 0.453
24.400 1 0.755 0.278 0.855 0.456
24.440 1 0.753 0.281 0.850 0.456
24.480 1 0.753 0.281 0.850 0.456
24.520 1 0.753 0.281 0.853 0.458
24.560 1 0.752 0.283 0.848 0.458
24.600 1 0.752 0.283 0.852 0.461
24.640 1 0.750 0.286 0.847 0.458
24.680 1 0.750 0.286 0.850 0.461
24.720 1 0.750 0.289 0.845 0.461
24.760 1 0.750 0.289 0.845 0.461
24.800 1 0.750 0.292 0.847 0.464
24.840 1 0.750 0.292 0.848 0.467
24.880 1 0.745 0.292 0.845 0.469
24.920 1 0.750 0.292 0.850 0.469
24.960 1 0.750 0.297 0.847 0.469
25.000 1 0.750 0.297 0.847 0.469
25.040 1 0.750 0.297 0.847 0.469
25.080 1 0.750 0.300 0.847 0.472
25.120 1 0.752 0.300 0.848 0.472
25.160 1 0.752 0.303 0.848 0.472
25.200 1 0.752 0.303 0.848 0.475
25.240 1 0.755 0.303 0.852 0.475
25.280 1 0.753 0.300 0.850 0.472
25.320 1 0.753 0.300 0.850 0.472
25.360 1 0.756 0.300 0.852 0.469
25.400 1 0.752 0.297 0.847 0.469
25.440 1 0.755 0.297 0.850 0.467
25.480 1 0.753 0.294 0.848 0.467
25.520 1 0.750 0.294 0.847 0.467
25.560 1 0.755 0.297 0.850 0.467
25.600 1 0.748 0.292 0.847 0.467
25.640 1 0.753 0.297 0.850 0.469
25.680 1 0.747 0.297 0.845 0.469
25.720 1 0.750 0.300 0.847 0.472
25.760 1 0.747 0.303 0.844 0.475
25.800 1 0.752 0.306 0.847 0.475
25.840 1 0.748 0.303 0.845 0.475
25.880 1 0.748 0.303 0.845 0.472
25.920 1 0.748 0.300 0.845 0.475
25.960 1 0.747 0.300 0.845 0.475
26.000 1 0.745 0.300 0.842 0.472
26.040 1 0.745 0.303 0.844 0.475
26.080 1 0.742 0.303 0.839 0.475
26.120 1 0.747 0.306 0.844 0.475
26.160 1 0.744 0.306 0.841 0.478
26.200 1 0.745 0.308 0.842 0.481
26.240 1 0.745 0.308 0.842 0.481
26.280 1 0.745 0.308 0.844 0.483
26.320 1 0.745 0.308 0.844 0.483
26.360 1 0.745 0.308 0.844 0.483
26.400 1 0.748 0.308 0.845 0.481
26.440 1 0.744 0.308 0.841 0.481
26.480 1 0.747 0.308 0.844 0.481
26.520 1 0.745 0.306 0.842 0.478
26.560 1 0.745 0.306 0.842 0.478
26.600 1 0.742 0.306 0.839 0.478
26.640 1 0.744 0.308 0.841 0.481
26.680 1 0.742 0.308 0.839 0.481
26.720 1 0.744 0.308 0.841 0.481
26.760 1 0.744 0.308 0.841 0.481
26.800 1 0.742 0.308 0.839 0.481
26.840 1 0.741 0.306 0.839 0.478
26.880 1 0.741 0.306 0.838 0.478
26.920 1 0.739 0.303 0.838 0.478
26.960 1 0.739 0.303 0.838 0.478
27.000 1 0.739 0.303 0.838 0.478
27.040 1 0.739 0.303 0.838 0.478
27.080 1 0.736 0.300 0.836 0.478
27.120 1 0.739 0.303 0.838 0.478
27.160 1 0.739 0.300 0.838 0.478
27.200 1 0.739 0.300 0.838 0.478
27.240 1 0.739 0.303 0.839 0.478
27.280 1 0.739 0.303 0.838 0.478
27.320 1 0.739 0.303 0.838 0.478
27.360 1 0.738 0.306 0.833 0.478
27.400 1 0.738 0.308 0.834 0.481
24.360 2 0.508 0.247 0.583 0.381
24.400 2 0.509 0.247 0.584 0.381
24.440 2 0.512 0.247 0.589 0.383
24.480 2 0.509 0.247 0.588 0.386
24.520 2 0.512 0.250 0.591 0.386
24.560 2 0.511 0.253 0.589 0.389
24.600 2 0.512 0.253 0.589 0.392
24.640 2 0.509 0.256 0.588 0.394
24.680 2 0.509 0.258 0.588 0.394
24.720 2 0.508 0.261 0.588 0.400
24.760 2 0.508 0.264 0.586 0.403
24.800 2 0.508 0.269 0.586 0.408
24.840 2 0.506 0.275 0.584 0.414
24.880 2 0.505 0.275 0.586 0.419
24.920 2 0.505 0.278 0.586 0.422
24.960 2 0.506 0.278 0.588 0.425
25.000 2 0.508 0.281 0.589 0.425
25.040 2 0.512 0.275 0.592 0.419
25.080 2 0.512 0.278 0.594 0.419
25.120 2 0.517 0.281 0.597 0.422
25.160 2 0.517 0.283 0.597 0.425
25.200 2 0.520 0.283 0.600 0.425
25.240 2 0.522 0.286 0.600 0.425
25.280 2 0.525 0.286 0.603 0.428
25.320 2 0.522 0.286 0.602 0.428
25.360 2 0.525 0.283 0.605 0.428
25.400 2 0.523 0.283 0.605 0.425
25.440 2 0.527 0.281 0.606 0.425
25.480 2 0.525 0.278 0.605 0.422
25.520 2 0.527 0.278 0.608 0.422
25.560 2 0.527 0.278 0.608 0.425
25.600 2 0.527 0.281 0.608 0.425
25.640 2 0.528 0.283 0.608 0.425
25.680 2 0.525 0.283 0.606 0.428
25.720 2 0.527 0.286 0.608 0.431
25.760 2 0.523 0.286 0.606 0.431
25.800 2 0.527 0.286 0.608 0.433
25.840 2 0.525 0.286 0.606 0.433
25.880 2 0.525 0.286 0.608 0.433
25.920 2 0.523 0.286 0.606 0.431
25.960 2 0.525 0.286 0.606 0.433
26.000 2 0.525 0.281 0.606 0.425
26.040 2 0.527 0.286 0.608 0.428
26.080 2 0.523 0.286 0.605 0.428
26.120 2 0.527 0.289 0.608 0.428
26.160 2 0.525 0.292 0.605 0.431
26.200 2 0.525 0.292 0.606 0.433
26.240 2 0.527 0.294 0.606 0.436
26.280 2 0.527 0.294 0.608 0.436
26.320 2 0.528 0.294 0.608 0.436
26.360 2 0.528 0.294 0.608 0.436
26.400 2 0.528 0.294 0.608 0.433
26.440 2 0.528 0.294 0.608 0.433
26.480 2 0.527 0.294 0.606 0.433
26.520 2 0.530 0.294 0.608 0.433
26.560 2 0.528 0.294 0.608 0.433
26.600 2 0.528 0.294 0.608 0.436
26.640 2 0.527 0.297 0.606 0.436
26.680 2 0.527 0.297 0.606 0.439
26.720 2 0.528 0.297 0.608 0.439
26.760 2 0.527 0.297 0.606 0.439
26.800 2 0.527 0.297 0.606 0.439
26.840 2 0.525 0.294 0.606 0.436
26.880 2 0.525 0.294 0.605 0.436
26.920 2 0.525 0.294 0.605 0.436
26.960 2 0.525 0.294 0.606 0.433
27.000 2 0.525 0.297 0.606 0.439
27.040 2 0.522 0.294 0.605 0.439
27.080 2 0.525 0.297 0.606 0.439
27.120 2 0.522 0.297 0.605 0.442
27.160 2 0.523 0.297 0.606 0.442
27.200 2 0.522 0.297 0.603 0.439
27.240 2 0.523 0.297 0.605 0.442
27.280 2 0.522 0.294 0.605 0.439
27.320 2 0.520 0.292 0.605 0.439
27.360 2 0.517 0.292 0.600 0.436
27.400 2 0.516 0.289 0.598 0.436
36.240 3 0.305 0.164 0.466 0.450
36.280 3 0.302 0.161 0.464 0.450
36.320 3 0.306 0.161 0.467 0.447
36.360 3 0.306 0.158 0.467 0.444
36.400 3 0.306 0.156 0.466 0.439
36.440 3 0.305 0.153 0.464 0.436
36.480 3 0.303 0.153 0.463 0.436
36.520 3 0.308 0.153 0.467 0.436
36.560 3 0.303 0.150 0.463 0.436
36.600 3 0.306 0.153 0.467 0.436
36.640 3 0.303 0.153 0.463 0.439
36.680 3 0.306 0.156 0.464 0.439
36.720 3 0.302 0.161 0.461 0.444
36.760 3 0.289 0.153 0.455 0.447
36.800 3 0.292 0.150 0.461 0.447
36.840 3 0.280 0.147 0.448 0.447
36.880 3 0.283 0.147 0.453 0.450
36.920 3 0.277 0.147 0.450 0.456
36.960 3 0.272 0.150 0.442 0.450
37.000 3 0.270 0.150 0.439 0.450
37.040 3 0.266 0.153 0.433 0.447
37.080 3 0.264 0.158 0.431 0.453
37.120 3 0.259 0.164 0.427 0.458
37.160 3 0.255 0.164 0.420 0.458
37.200 3 0.258 0.164 0.422 0.458
37.240 3 0.256 0.164 0.420 0.456
37.280 3 0.253 0.164 0.420 0.458
37.320 3 0.256 0.164 0.423 0.461
37.360 3 0.253 0.164 0.422 0.461
37.400 3 0.255 0.164 0.422 0.461
37.440 3 0.258 0.161 0.428 0.461
37.480 3 0.253 0.161 0.423 0.461
37.520 3 0.255 0.158 0.428 0.464
37.560 3 0.248 0.156 0.423 0.464
37.600 3 0.256 0.153 0.430 0.458
37.640 3 0.250 0.147 0.425 0.458
37.680 3 0.255 0.139 0.431 0.453
37.720 3 0.252 0.133 0.428 0.444
37.760 3 0.255 0.125 0.431 0.436
37.800 3 0.259 0.119 0.433 0.428
37.840 3 0.259 0.119 0.428 0.419
37.880 3 0.264 0.117 0.434 0.419
37.920 3 0.264 0.117 0.434 0.419
37.960 3 0.269 0.117 0.438 0.419
38.000 3 0.270 0.119 0.439 0.417
38.040 3 0.272 0.119 0.439 0.417
38.080 3 0.273 0.119 0.441 0.417
38.120 3 0.281 0.122 0.450 0.419
38.160 3 0.283 0.119 0.452 0.419
38.200 3 0.284 0.122 0.453 0.419
38.240 3 0.286 0.122 0.456 0.422
38.280 3 0.289 0.122 0.458 0.422
38.320 3 0.289 0.119 0.461 0.425
38.360 3 0.294 0.122 0.464 0.422
38.400 3 0.294 0.122 0.464 0.425
38.440 3 0.295 0.119 0.466 0.422
38.480 3 0.295 0.128 0.463 0.425
38.520 3 0.294 0.131 0.463 0.428
38.560 3 0.294 0.133 0.461 0.431
38.600 3 0.294 0.133 0.461 0.431
38.640 3 0.294 0.133 0.463 0.433
38.680 3 0.295 0.136 0.464 0.433
38.720 3 0.297 0.139 0.466 0.436
38.760 3 0.298 0.139 0.467 0.439
38.800 3 0.300 0.142 0.470 0.442
38.840 3 0.302 0.144 0.472 0.444
38.880 3 0.302 0.147 0.473 0.450
38.920 3 0.305 0.150 0.475 0.453
38.960 3 0.308 0.153 0.477 0.450
39.000 3 0.308 0.150 0.477 0.450
39.040 3 0.312 0.150 0.484 0.458
39.080 3 0.312 0.156 0.483 0.461
39.120 3 0.319 0.161 0.489 0.464
39.160 3 0.320 0.169 0.487 0.469
39.200 3 0.317 0.175 0.484 0.472
39.240 3 0.312 0.181 0.478 0.475
39.280 3 0.306 0.181 0.473 0.481
39.320 3 0.291 0.178 0.463 0.483
39.360 3 0.281 0.175 0.452 0.481
39.400 3 0.270 0.167 0.442 0.472
39.440 3 0.256 0.158 0.427 0.464
39.480 3 0.245 0.158 0.417 0.467
39.520 3 0.236 0.158 0.408 0.464
39.560 3 0.228 0.158 0.400 0.467
39.600 3 0.223 0.167 0.394 0.469
39.640 3 0.217 0.169 0.389 0.475
39.680 3 0.219 0.169 0.391 0.478
39.720 3 0.214 0.169 0.386 0.478
39.760 3 0.216 0.172 0.389 0.481
39.800 3 0.212 0.175 0.384 0.481
39.840 3 0.217 0.178 0.389 0.481
39.880 3 0.216 0.178 0.388 0.483
39.920 3 0.222 0.178 0.394 0.483
39.960 3 0.225 0.178 0.397 0.486
40.000 3 0.234 0.183 0.402 0.483
40.040 3 0.236 0.178 0.402 0.475
40.080 3 0.234 0.181 0.400 0.475
40.120 3 0.241 0.178 0.406 0.475
40.160 3 0.241 0.181 0.405 0.475
40.200 3 0.242 0.183 0.406 0.478
40.240 3 0.241 0.186 0.406 0.481
40.280 3 0.239 0.183 0.406 0.483
40.320 3 0.237 0.186 0.405 0.486
40.360 3 0.236 0.189 0.402 0.486
40.400 3 0.234 0.192 0.402 0.489
40.440 3 0.233 0.192 0.400 0.489
40.480 3 0.236 0.194 0.402 0.492
40.520 3 0.233 0.197 0.400 0.494
40.560 3 0.237 0.200 0.405 0.497
40.600 3 0.236 0.200 0.403 0.500
40.640 3 0.242 0.200 0.411 0.500
40.680 3 0.245 0.200 0.412 0.497
40.720 3 0.255 0.203 0.422 0.500
40.760 3 0.255 0.200 0.420 0.494
40.800 3 0.258 0.194 0.425 0.492
40.840 3 0.259 0.192 0.427 0.489
40.880 3 0.255 0.189 0.422 0.486
40.920 3 0.255 0.189 0.423 0.489
40.960 3 0.256 0.189 0.425 0.492
41.000 3 0.252 0.183 0.420 0.483
41.040 3 0.255 0.186 0.436 0.506
41.080 3 0.258 0.189 0.439 0.511
41.120 3 0.259 0.192 0.442 0.514
41.160 3 0.263 0.194 0.444 0.517
41.200 3 0.264 0.197 0.445 0.519
41.240 3 0.266 0.200 0.447 0.522
41.280 3 0.267 0.203 0.448 0.522
41.320 3 0.270 0.203 0.452 0.525
41.360 3 0.267 0.203 0.448 0.525
41.400 3 0.272 0.200 0.455 0.525
41.440 3 0.267 0.200 0.450 0.525
41.480 3 0.269 0.200 0.453 0.528
41.520 3 0.266 0.200 0.450 0.525
41.560 3 0.264 0.200 0.447 0.522
41.600 3 0.266 0.200 0.447 0.525
41.640 3 0.259 0.197 0.442 0.522
41.680 3 0.261 0.197 0.444 0.522
41.720 3 0.252 0.197 0.436 0.522
41.760 3 0.256 0.197 0.439 0.522
41.800 3 0.250 0.197 0.433 0.519
41.840 3 0.252 0.194 0.434 0.519
41.880 3 0.241 0.189 0.425 0.517
41.920 3 0.234 0.186 0.417 0.511
41.960 3 0.223 0.186 0.405 0.511
42.000 3 0.214 0.183 0.416 0.542
42.040 3 0.209 0.189 0.392 0.514
42.080 3 0.200 0.186 0.384 0.514
42.120 3 0.194 0.192 0.378 0.519
42.160 3 0.192 0.200 0.375 0.525
42.200 3 0.186 0.203 0.370 0.531
42.240 3 0.184 0.206 0.369 0.533
42.280 3 0.178 0.206 0.364 0.536
42.320 3 0.180 0.208 0.366 0.539
42.360 3 0.173 0.211 0.358 0.539
42.400 3 0.173 0.208 0.359 0.539
42.440 3 0.173 0.211 0.356 0.539
42.480 3 0.178 0.211 0.364 0.542
42.520 3 0.175 0.208 0.364 0.544
42.560 3 0.184 0.208 0.375 0.544
42.600 3 0.189 0.208 0.378 0.544
42.640 3 0.198 0.211 0.388 0.547
42.680 3 0.206 0.208 0.394 0.542
42.720 3 0.214 0.208 0.402 0.542
42.760 3 0.220 0.203 0.406 0.533
42.800 3 0.228 0.197 0.411 0.522
42.840 3 0.233 0.192 0.416 0.517
42.880 3 0.239 0.189 0.422 0.511
42.920 3 0.244 0.186 0.425 0.508
42.960 3 0.245 0.183 0.428 0.508
43.000 3 0.252 0.183 0.420 0.483
43.040 3 0.258 0.192 0.423 0.489
43.080 3 0.258 0.189 0.425 0.486
43.120 3 0.253 0.183 0.420 0.483
43.160 3 0.247 0.178 0.414 0.475
43.200 3 0.239 0.175 0.403 0.467
43.240 3 0.230 0.169 0.394 0.464
43.280 3 0.228 0.169 0.394 0.464
43.320 3 0.223 0.169 0.388 0.461
43.360 3 0.225 0.172 0.389 0.464
43.400 3 0.228 0.172 0.392 0.464
43.440 3 0.230 0.169 0.395 0.464
43.480 3 0.236 0.167 0.403 0.464
43.520 3 0.236 0.164 0.405 0.467
43.560 3 0.239 0.164 0.406 0.464
43.600 3 0.239 0.164 0.408 0.464
43.640 3 0.239 0.164 0.408 0.464
43.680 3 0.241 0.161 0.409 0.464
43.720 3 0.242 0.161 0.409 0.461
43.760 3 0.245 0.161 0.412 0.461
43.800 3 0.247 0.158 0.414 0.458
43.840 3 0.248 0.156 0.416 0.453
43.880 3 0.242 0.147 0.409 0.444
43.920 3 0.236 0.147 0.402 0.442
43.960 3 0.236 0.144 0.402 0.439
44.000 3 0.234 0.150 0.402 0.450
44.040 3 0.236 0.150 0.403 0.450
44.080 3 0.237 0.153 0.403 0.453
44.120 3 0.236 0.158 0.397 0.450
44.160 3 0.242 0.161 0.406 0.453
44.200 3 0.236 0.156 0.400 0.450
44.240 3 0.245 0.161 0.408 0.453
44.280 3 0.242 0.164 0.402 0.453
44.320 3 0.255 0.167 0.414 0.456
44.360 3 0.263 0.172 0.420 0.456
44.400 3 0.270 0.172 0.430 0.458
44.440 3 0.280 0.178 0.439 0.464
44.480 3 0.291 0.178 0.452 0.467
44.520 3 0.297 0.175 0.456 0.461
44.560 3 0.302 0.169 0.463 0.458
44.600 3 0.306 0.167 0.469 0.461
44.640 3 0.306 0.167 0.472 0.461
44.680 3 0.317 0.172 0.480 0.464
44.720 3 0.319 0.175 0.483 0.467
44.760 3 0.320 0.175 0.486 0.472
44.800 3 0.323 0.183 0.486 0.475
44.840 3 0.331 0.189 0.494 0.481
44.880 3 0.334 0.194 0.494 0.481
44.920 3 0.348 0.197 0.505 0.478
46.280 4 0.347 0.278 0.511 0.567
46.320 4 0.341 0.278 0.506 0.572
46.360 4 0.333 0.272 0.497 0.567
46.400 4 0.328 0.264 0.494 0.558
46.440 4 0.325 0.258 0.491 0.553
46.480 4 0.323 0.253 0.491 0.550
46.520 4 0.322 0.253 0.489 0.550
46.560 4 0.330 0.256 0.491 0.542
46.600 4 0.325 0.247 0.489 0.536
46.640 4 0.327 0.239 0.491 0.531
46.680 4 0.325 0.233 0.489 0.522
46.720 4 0.319 0.233 0.478 0.517
46.760 4 0.322 0.231 0.484 0.519
46.800 4 0.316 0.228 0.481 0.522
46.840 4 0.312 0.225 0.478 0.522
46.880 4 0.311 0.225 0.477 0.522
46.920 4 0.308 0.225 0.475 0.522
46.960 4 0.302 0.217 0.475 0.525
47.000 4 0.308 0.217 0.477 0.517
47.040 4 0.306 0.211 0.477 0.514
47.080 4 0.305 0.208 0.473 0.511
47.120 4 0.302 0.206 0.470 0.506
47.160 4 0.292 0.200 0.464 0.503
47.200 4 0.298 0.194 0.469 0.497
47.240 4 0.289 0.194 0.459 0.497
47.280 4 0.300 0.197 0.469 0.497
47.320 4 0.295 0.200 0.464 0.503
47.360 5 0.511 0.183 0.677 0.478
47.400 5 0.511 0.186 0.678 0.483
47.440 5 0.511 0.186 0.677 0.481
47.480 5 0.514 0.181 0.681 0.478
47.520 5 0.523 0.172 0.691 0.469
47.560 5 0.531 0.161 0.702 0.461
47.600 5 0.541 0.150 0.711 0.453
47.640 5 0.553 0.158 0.717 0.450
47.680 5 0.564 0.164 0.728 0.458
47.720 5 0.575 0.178 0.741 0.472
47.760 5 0.577 0.189 0.742 0.483
47.800 5 0.581 0.200 0.748 0.497
47.840 5 0.586 0.208 0.755 0.508
47.880 5 0.588 0.211 0.758 0.514
47.920 5 0.589 0.211 0.761 0.519
47.960 5 0.597 0.214 0.772 0.525
48.000 5 0.606 0.217 0.775 0.517
48.040 5 0.616 0.214 0.784 0.514
48.080 5 0.617 0.194 0.789 0.500
48.120 5 0.628 0.197 0.802 0.503
48.160 5 0.644 0.194 0.817 0.500
48.200 5 0.656 0.192 0.830 0.497
48.240 5 0.672 0.186 0.845 0.494
48.280 5 0.688 0.183 0.861 0.489
48.320 5 0.703 0.183 0.873 0.483
48.360 5 0.711 0.175 0.883 0.478
48.400 5 0.723 0.175 0.894 0.478
48.440 5 0.727 0.178 0.902 0.486
48.480 5 0.723 0.175 0.900 0.486
48.520 5 0.730 0.175 0.905 0.483
48.560 5 0.722 0.172 0.897 0.483
48.600 5 0.717 0.167 0.891 0.472
48.640 5 0.716 0.156 0.887 0.464
48.680 5 0.713 0.150 0.886 0.456
48.720 5 0.705 0.144 0.878 0.453
48.760 5 0.705 0.139 0.881 0.450
48.800 5 0.698 0.136 0.873 0.447
48.840 5 0.700 0.136 0.873 0.444
48.880 5 0.694 0.136 0.867 0.442
48.920 5 0.692 0.136 0.864 0.439
48.960 5 0.689 0.136 0.859 0.436
49.000 5 0.681 0.119 0.850 0.417
49.040 5 0.681 0.128 0.845 0.419
49.080 5 0.677 0.128 0.844 0.422
49.120 5 0.667 0.128 0.834 0.422
49.160 5 0.659 0.136 0.823 0.428
49.200 5 0.648 0.144 0.812 0.436
49.240 5 0.633 0.150 0.800 0.444
49.280 5 0.625 0.156 0.792 0.453
49.320 5 0.614 0.161 0.781 0.456
49.360 5 0.605 0.164 0.772 0.461
49.400 5 0.594 0.164 0.761 0.458
49.440 5 0.584 0.167 0.752 0.461
49.480 5 0.577 0.164 0.744 0.458
49.520 5 0.567 0.161 0.733 0.456
49.560 5 0.562 0.158 0.728 0.450
49.600 5 0.552 0.153 0.719 0.447
49.640 5 0.550 0.147 0.719 0.444
49.680 5 0.545 0.142 0.714 0.439
49.720 5 0.550 0.136 0.717 0.433
49.760 5 0.550 0.133 0.719 0.431
49.800 5 0.553 0.125 0.725 0.428
49.840 5 0.558 0.119 0.731 0.425
49.880 5 0.564 0.117 0.738 0.422
49.920 5 0.569 0.114 0.744 0.422
49.960 5 0.575 0.111 0.747 0.417
50.000 5 0.580 0.108 0.752 0.411
50.040 5 0.584 0.106 0.756 0.406
50.080 5 0.589 0.100 0.759 0.403
50.120 5 0.594 0.097 0.764 0.397
50.160 5 0.597 0.094 0.766 0.394
50.200 5 0.598 0.092 0.769 0.394
50.240 5 0.602 0.089 0.770 0.389
50.280 5 0.606 0.086 0.777 0.389
50.320 5 0.605 0.083 0.775 0.386
50.360 5 0.611 0.081 0.783 0.383
50.400 5 0.613 0.075 0.787 0.383
50.440 5 0.616 0.072 0.789 0.381
50.480 5 0.622 0.075 0.794 0.378
50.520 5 0.625 0.067 0.802 0.381
50.560 5 0.623 0.069 0.798 0.378
50.600 5 0.628 0.069 0.802 0.378
50.640 5 0.622 0.069 0.797 0.378
50.680 5 0.622 0.069 0.798 0.383
50.720 5 0.611 0.075 0.789 0.386
50.760 5 0.605 0.075 0.783 0.392
50.800 5 0.597 0.081 0.775 0.397
50.840 5 0.588 0.078 0.769 0.400
50.880 5 0.578 0.075 0.759 0.397
50.920 5 0.570 0.078 0.750 0.397
50.960 5 0.569 0.075 0.747 0.392
51.000 5 0.570 0.086 0.738 0.383
51.040 5 0.559 0.078 0.730 0.378
51.080 5 0.559 0.078 0.723 0.369
51.120 5 0.552 0.075 0.714 0.361
51.160 5 0.550 0.072 0.714 0.364
51.200 5 0.541 0.069 0.706 0.364
51.240 5 0.545 0.069 0.711 0.361
51.280 5 0.544 0.069 0.706 0.358
51.320 5 0.545 0.072 0.708 0.361
51.360 5 0.553 0.072 0.716 0.361
51.400 5 0.555 0.075 0.717 0.367
51.440 5 0.562 0.081 0.725 0.369
51.480 5 0.569 0.094 0.730 0.381
51.520 5 0.578 0.103 0.739 0.386
51.560 5 0.580 0.106 0.742 0.392
51.600 5 0.586 0.103 0.748 0.392
51.640 5 0.594 0.106 0.756 0.392
51.680 5 0.594 0.103 0.758 0.392
51.720 5 0.597 0.103 0.761 0.394
51.760 5 0.597 0.103 0.762 0.397
51.800 5 0.597 0.106 0.762 0.400
51.840 5 0.597 0.108 0.762 0.403
51.880 5 0.594 0.111 0.761 0.406
51.920 5 0.592 0.111 0.759 0.408
51.960 5 0.586 0.114 0.755 0.414
52.000 5 0.588 0.119 0.756 0.417
52.040 5 0.583 0.106 0.758 0.417
52.080 5 0.577 0.108 0.750 0.414
52.120 5 0.569 0.108 0.742 0.417
52.160 5 0.561 0.111 0.734 0.417
52.200 5 0.556 0.114 0.727 0.417
52.240 5 0.548 0.122 0.717 0.422
52.280 5 0.541 0.125 0.709 0.422
52.320 5 0.533 0.128 0.703 0.428
52.360 5 0.534 0.131 0.703 0.431
52.400 5 0.530 0.133 0.698 0.433
52.440 5 0.531 0.136 0.705 0.439
52.480 5 0.530 0.136 0.703 0.444
52.520 5 0.530 0.139 0.702 0.444
52.560 5 0.528 0.139 0.700 0.444
52.600 5 0.528 0.139 0.700 0.442
52.640 5 0.525 0.136 0.698 0.439
52.680 5 0.523 0.133 0.695 0.436
52.720 5 0.522 0.131 0.691 0.431
52.760 5 0.519 0.133 0.684 0.428
52.800 5 0.519 0.133 0.683 0.425
52.840 5 0.509 0.133 0.673 0.425
52.880 5 0.506 0.133 0.670 0.425
52.920 5 0.503 0.136 0.666 0.425
52.960 5 0.498 0.133 0.659 0.422
53.000 5 0.495 0.119 0.662 0.417
53.040 5 0.495 0.119 0.662 0.417
53.080 5 0.497 0.114 0.667 0.417
53.120 5 0.498 0.117 0.666 0.414
53.160 5 0.505 0.111 0.678 0.417
53.200 5 0.509 0.106 0.684 0.419
53.240 5 0.514 0.106 0.692 0.422
53.280 5 0.519 0.103 0.706 0.436
53.320 5 0.525 0.100 0.713 0.433
53.360 5 0.528 0.100 0.716 0.433
53.400 5 0.539 0.103 0.727 0.436
53.440 5 0.534 0.106 0.719 0.431
53.480 5 0.537 0.108 0.720 0.431
53.520 5 0.536 0.103 0.719 0.431
53.560 5 0.537 0.100 0.723 0.428
53.600 5 0.537 0.097 0.720 0.422
53.640 5 0.541 0.092 0.723 0.417
53.680 5 0.544 0.092 0.722 0.408
53.720 5 0.545 0.089 0.722 0.403
53.760 5 0.547 0.089 0.722 0.403
53.800 5 0.547 0.092 0.722 0.403
53.840 5 0.545 0.097 0.720 0.408
53.880 5 0.547 0.100 0.717 0.403
53.920 5 0.550 0.094 0.722 0.400
53.960 5 0.548 0.092 0.719 0.394
54.000 5 0.552 0.086 0.719 0.383
54.040 5 0.555 0.078 0.727 0.386
54.080 5 0.553 0.078 0.722 0.378
54.120 5 0.555 0.078 0.720 0.372
54.160 5 0.555 0.081 0.717 0.369
54.200 5 0.550 0.086 0.709 0.369
54.240 5 0.552 0.094 0.714 0.381
54.280 5 0.547 0.094 0.714 0.392
54.320 5 0.544 0.097 0.713 0.394
54.360 5 0.542 0.097 0.711 0.400
54.400 5 0.548 0.100 0.719 0.403
54.440 5 0.544 0.103 0.713 0.403
54.480 5 0.548 0.103 0.717 0.406
54.520 5 0.547 0.106 0.714 0.403
54.560 5 0.550 0.103 0.719 0.406
54.600 5 0.547 0.100 0.717 0.403
54.640 5 0.550 0.100 0.722 0.406
54.680 5 0.539 0.097 0.713 0.403
54.720 5 0.539 0.097 0.713 0.406
54.760 5 0.533 0.097 0.708 0.406
54.800 5 0.525 0.097 0.700 0.408
54.840 5 0.530 0.097 0.705 0.408
54.880 5 0.527 0.100 0.698 0.406
54.920 5 0.528 0.103 0.700 0.408
54.960 5 0.528 0.108 0.700 0.414
55.000 5 0.533 0.119 0.700 0.417
55.040 5 0.534 0.122 0.702 0.419
55.080 5 0.541 0.122 0.708 0.422
55.120 5 0.545 0.114 0.713 0.411
55.160 5 0.547 0.094 0.716 0.397
55.200 5 0.553 0.081 0.720 0.378
55.240 5 0.564 0.064 0.730 0.361
55.280 5 0.569 0.061 0.734 0.356
55.640 5 0.569 0.058 0.734 0.353
55.680 5 0.562 0.061 0.730 0.358
55.720 5 0.566 0.067 0.734 0.367
55.760 5 0.562 0.072 0.731 0.372
55.800 5 0.566 0.078 0.731 0.372
55.840 5 0.561 0.081 0.728 0.378
55.880 5 0.558 0.081 0.723 0.378
55.920 5 0.548 0.086 0.714 0.383
55.960 5 0.539 0.083 0.705 0.381
56.000 5 0.533 0.086 0.700 0.383
56.040 5 0.523 0.083 0.694 0.383
56.080 5 0.523 0.081 0.692 0.381
56.120 5 0.516 0.078 0.684 0.378
56.160 5 0.514 0.072 0.684 0.378
56.200 5 0.505 0.069 0.678 0.378
56.240 5 0.509 0.067 0.683 0.375
56.280 5 0.498 0.067 0.673 0.375
56.320 5 0.497 0.061 0.672 0.372
56.360 5 0.487 0.058 0.664 0.372
70.160 6 0.747 0.183 0.827 0.325
70.200 6 0.741 0.183 0.819 0.322
70.240 6 0.733 0.186 0.811 0.322
70.280 6 0.727 0.189 0.802 0.322
70.320 6 0.719 0.186 0.794 0.322
70.360 6 0.714 0.189 0.791 0.322
70.400 6 0.711 0.189 0.786 0.322
70.440 6 0.706 0.189 0.781 0.325
70.480 6 0.705 0.189 0.780 0.325
70.520 6 0.702 0.189 0.775 0.319
70.560 6 0.700 0.189 0.773 0.317
70.600 6 0.698 0.189 0.769 0.317
70.640 6 0.698 0.189 0.769 0.317
70.680 6 0.697 0.189 0.767 0.314
70.720 6 0.700 0.189 0.770 0.314
70.760 6 0.697 0.186 0.769 0.317
70.800 6 0.695 0.192 0.762 0.314
70.840 6 0.692 0.194 0.761 0.317
70.880 6 0.691 0.197 0.758 0.319
70.920 6 0.689 0.194 0.759 0.319
70.960 6 0.686 0.200 0.755 0.322
71.000 6 0.686 0.206 0.753 0.325
71.040 6 0.684 0.208 0.753 0.331
71.080 6 0.684 0.217 0.748 0.331
71.120 6 0.683 0.219 0.747 0.333
71.160 6 0.683 0.222 0.745 0.333
71.200 6 0.683 0.231 0.745 0.342
71.240 6 0.686 0.236 0.748 0.347
71.280 6 0.688 0.239 0.750 0.350
71.320 6 0.691 0.239 0.753 0.353
71.360 6 0.691 0.242 0.753 0.353
71.400 6 0.694 0.242 0.758 0.353
71.440 6 0.695 0.244 0.758 0.356
71.480 6 0.697 0.244 0.759 0.356
71.520 6 0.694 0.247 0.756 0.358
71.960 7 0.831 0.275 0.928 0.450
72.000 7 0.836 0.278 0.934 0.453
72.040 7 0.833 0.258 0.941 0.450
72.080 7 0.833 0.258 0.942 0.453
72.120 7 0.830 0.258 0.939 0.453
72.160 7 0.830 0.258 0.939 0.456
72.200 7 0.827 0.261 0.936 0.456
72.240 7 0.823 0.264 0.933 0.458
72.280 7 0.819 0.264 0.930 0.461
72.320 7 0.816 0.267 0.927 0.464
72.360 7 0.816 0.267 0.927 0.464
72.400 7 0.812 0.269 0.923 0.467
72.440 7 0.814 0.267 0.923 0.464
72.480 7 0.814 0.267 0.923 0.461
72.520 7 0.816 0.264 0.923 0.458
72.560 7 0.817 0.264 0.925 0.456
72.600 7 0.816 0.264 0.923 0.456
72.640 7 0.814 0.264 0.922 0.456
72.680 7 0.806 0.242 0.922 0.450
72.720 7 0.806 0.242 0.922 0.450
72.760 7 0.800 0.239 0.916 0.447
72.800 7 0.803 0.236 0.919 0.444
72.840 7 0.798 0.233 0.912 0.439
72.880 7 0.797 0.231 0.912 0.436
72.920 7 0.791 0.225 0.906 0.433
72.960 7 0.791 0.222 0.906 0.431
73.000 7 0.784 0.219 0.900 0.428
73.040 7 0.777 0.217 0.894 0.428
73.080 7 0.775 0.214 0.892 0.425
73.120 7 0.764 0.206 0.886 0.422
73.160 7 0.756 0.200 0.880 0.422
73.200 7 0.755 0.206 0.873 0.419
73.240 7 0.753 0.206 0.870 0.419
73.280 7 0.747 0.208 0.863 0.417
73.320 7 0.742 0.206 0.858 0.414
73.360 7 0.739 0.203 0.856 0.414
73.400 7 0.733 0.206 0.848 0.414
73.440 7 0.727 0.203 0.844 0.411
73.480 7 0.720 0.203 0.836 0.411
73.520 7 0.714 0.203 0.830 0.411
126.080 8 0.494 0.247 0.722 0.653
126.120 8 0.481 0.244 0.713 0.656
126.160 8 0.484 0.236 0.725 0.664
126.200 8 0.486 0.236 0.727 0.664
126.240 8 0.487 0.247 0.716 0.653
126.280 8 0.491 0.239 0.730 0.664
126.320 8 0.489 0.244 0.722 0.656
126.360 8 0.494 0.236 0.733 0.661
126.400 8 0.494 0.242 0.723 0.650
126.440 8 0.495 0.231 0.738 0.661
126.480 8 0.495 0.233 0.730 0.650
126.520 8 0.502 0.228 0.741 0.653
126.560 8 0.509 0.239 0.739 0.647
126.600 8 0.502 0.236 0.731 0.642
126.640 8 0.514 0.242 0.742 0.644
126.680 8 0.502 0.236 0.730 0.642
126.720 8 0.511 0.233 0.744 0.647
126.760 8 0.500 0.225 0.742 0.653
126.800 8 0.500 0.222 0.742 0.653
126.840 8 0.500 0.222 0.742 0.653
126.880 8 0.500 0.222 0.742 0.653
126.920 8 0.500 0.222 0.742 0.653
126.960 8 0.500 0.219 0.741 0.650
127.000 8 0.498 0.219 0.741 0.650
127.040 8 0.495 0.217 0.739 0.650
127.080 8 0.498 0.219 0.739 0.647
127.120 8 0.494 0.219 0.736 0.647
127.160 8 0.495 0.225 0.731 0.642
127.200 8 0.498 0.228 0.731 0.642
127.240 8 0.491 0.225 0.725 0.642
127.280 8 0.492 0.222 0.733 0.647
127.320 8 0.489 0.219 0.730 0.650
127.360 8 0.489 0.225 0.727 0.644
127.400 8 0.486 0.222 0.727 0.650
127.440 8 0.489 0.233 0.720 0.642
127.480 8 0.483 0.228 0.717 0.644
127.520 8 0.483 0.225 0.717 0.644
127.560 8 0.494 0.231 0.722 0.639
127.600 8 0.481 0.225 0.716 0.642
127.640 8 0.486 0.225 0.719 0.642
127.680 8 0.480 0.225 0.713 0.639
127.720 8 0.489 0.233 0.717 0.639
127.760 8 0.477 0.228 0.711 0.644
127.800 8 0.486 0.231 0.719 0.644
127.840 8 0.477 0.225 0.717 0.650
127.880 8 0.477 0.222 0.716 0.650
127.920 8 0.475 0.222 0.716 0.650
127.960 8 0.475 0.222 0.716 0.650
128.000 8 0.472 0.219 0.714 0.650
128.040 8 0.478 0.203 0.717 0.628
128.080 8 0.478 0.203 0.717 0.625
128.120 8 0.478 0.203 0.717 0.625
128.160 8 0.481 0.203 0.719 0.625
128.200 8 0.473 0.203 0.714 0.631
128.240 8 0.477 0.206 0.716 0.631
128.280 8 0.466 0.197 0.711 0.636
128.320 8 0.461 0.200 0.706 0.636
128.360 8 0.464 0.197 0.713 0.639
128.400 8 0.453 0.194 0.702 0.639
128.440 8 0.456 0.203 0.703 0.642
128.480 8 0.450 0.208 0.698 0.650
128.520 8 0.456 0.214 0.705 0.658
128.560 8 0.452 0.222 0.702 0.667
128.600 8 0.456 0.231 0.702 0.667
128.640 8 0.458 0.236 0.705 0.672
128.680 8 0.459 0.239 0.705 0.675
128.720 8 0.461 0.242 0.706 0.678
128.760 8 0.466 0.244 0.709 0.678
128.800 8 0.456 0.242 0.700 0.675
128.840 8 0.467 0.244 0.711 0.678
128.880 8 0.459 0.242 0.705 0.678
128.920 8 0.466 0.244 0.709 0.675
128.960 8 0.466 0.242 0.709 0.675
129.000 8 0.472 0.219 0.714 0.650
129.040 8 0.470 0.225 0.719 0.667
129.080 8 0.467 0.219 0.716 0.661
129.120 8 0.473 0.214 0.722 0.656
129.160 8 0.481 0.211 0.728 0.650
129.200 8 0.481 0.211 0.727 0.647
129.240 8 0.489 0.211 0.734 0.647
129.280 8 0.495 0.206 0.744 0.644
129.320 8 0.495 0.203 0.745 0.647
129.360 8 0.505 0.208 0.752 0.647
129.400 8 0.502 0.211 0.750 0.650
129.440 8 0.509 0.217 0.755 0.653
129.480 8 0.505 0.219 0.753 0.658
129.520 8 0.509 0.222 0.755 0.661
129.560 8 0.509 0.225 0.756 0.664
129.600 8 0.509 0.225 0.756 0.667
129.640 8 0.512 0.225 0.759 0.664
129.680 8 0.509 0.225 0.756 0.664
129.720 8 0.508 0.222 0.756 0.664
129.760 8 0.506 0.217 0.758 0.664
129.800 8 0.505 0.211 0.755 0.656
129.840 8 0.503 0.206 0.755 0.653
129.880 8 0.502 0.203 0.752 0.644
129.920 8 0.502 0.200 0.748 0.639
129.960 8 0.502 0.200 0.750 0.639
130.000 8 0.498 0.219 0.741 0.650
130.040 8 0.495 0.214 0.745 0.658
130.080 8 0.497 0.225 0.741 0.658
130.120 8 0.494 0.225 0.742 0.667
130.160 8 0.494 0.236 0.741 0.675
130.200 8 0.495 0.242 0.741 0.678
130.240 8 0.497 0.247 0.742 0.683
130.280 8 0.500 0.253 0.744 0.686
130.320 8 0.505 0.261 0.742 0.683
130.360 8 0.508 0.264 0.745 0.686
130.400 8 0.511 0.267 0.747 0.686
130.440 8 0.516 0.269 0.750 0.689
130.480 8 0.522 0.272 0.758 0.692
130.520 8 0.527 0.269 0.759 0.686
130.560 8 0.528 0.264 0.764 0.683
130.600 8 0.536 0.264 0.770 0.681
130.640 8 0.534 0.258 0.769 0.675
130.680 8 0.542 0.256 0.777 0.672
130.720 8 0.541 0.253 0.773 0.667
130.760 8 0.548 0.250 0.781 0.664
130.800 8 0.545 0.247 0.778 0.661
130.840 8 0.552 0.244 0.784 0.658
130.880 8 0.548 0.242 0.780 0.656
130.920 8 0.555 0.239 0.787 0.653
130.960 8 0.550 0.233 0.783 0.647
131.000 8 0.552 0.219 0.794 0.650
131.040 8 0.548 0.214 0.784 0.633
131.080 8 0.548 0.208 0.786 0.631
131.120 8 0.552 0.206 0.786 0.625
131.160 8 0.550 0.200 0.789 0.622
131.200 8 0.553 0.200 0.787 0.617
131.240 8 0.552 0.189 0.791 0.614
131.280 8 0.553 0.183 0.792 0.608
131.320 8 0.552 0.172 0.795 0.606
131.360 8 0.550 0.161 0.797 0.600
131.400 8 0.552 0.153 0.800 0.594
131.440 8 0.552 0.147 0.802 0.592
131.480 8 0.553 0.144 0.802 0.583
131.520 8 0.555 0.139 0.802 0.578
131.560 8 0.555 0.133 0.803 0.575
131.600 8 0.555 0.128 0.803 0.569
131.640 8 0.552 0.125 0.800 0.567
131.680 8 0.555 0.125 0.802 0.561
131.720 8 0.555 0.119 0.806 0.567
131.760 8 0.553 0.122 0.803 0.567
131.800 8 0.556 0.122 0.806 0.569
131.840 8 0.550 0.128 0.798 0.567
131.880 8 0.555 0.125 0.806 0.569
131.920 8 0.547 0.122 0.802 0.572
131.960 8 0.552 0.122 0.806 0.572
132.000 8 0.552 0.122 0.794 0.553
132.040 8 0.550 0.106 0.797 0.544
132.080 8 0.553 0.103 0.798 0.539
132.120 8 0.545 0.100 0.791 0.536
132.160 8 0.548 0.097 0.794 0.533
132.200 8 0.542 0.094 0.787 0.531
132.240 8 0.545 0.094 0.791 0.528
132.280 8 0.539 0.092 0.784 0.528
132.320 8 0.548 0.094 0.791 0.522
132.360 8 0.547 0.092 0.791 0.522
132.400 8 0.553 0.092 0.798 0.528
132.440 8 0.553 0.092 0.797 0.522
132.480 8 0.556 0.092 0.800 0.522
132.520 8 0.548 0.089 0.794 0.525
132.560 8 0.552 0.086 0.797 0.522
132.600 8 0.544 0.086 0.787 0.519
132.640 8 0.545 0.083 0.791 0.519
132.680 8 0.537 0.081 0.783 0.517
132.720 8 0.539 0.078 0.784 0.517
132.760 8 0.531 0.078 0.777 0.514
132.800 8 0.537 0.081 0.780 0.511
132.840 8 0.527 0.081 0.769 0.514
132.880 8 0.533 0.081 0.775 0.511
132.920 8 0.520 0.081 0.766 0.514
132.960 8 0.527 0.083 0.767 0.514
133.000 8 0.525 0.075 0.767 0.506
133.040 8 0.514 0.078 0.767 0.531
133.080 8 0.516 0.081 0.769 0.531
133.120 8 0.519 0.083 0.770 0.531
133.160 8 0.522 0.083 0.773 0.531
133.200 8 0.527 0.089 0.773 0.528
133.240 8 0.528 0.089 0.775 0.525
133.280 8 0.523 0.083 0.773 0.531
133.320 8 0.528 0.086 0.777 0.528
133.360 8 0.527 0.089 0.772 0.522
133.400 8 0.525 0.086 0.770 0.519
133.440 8 0.523 0.086 0.769 0.519
133.480 8 0.523 0.089 0.764 0.517
133.520 8 0.520 0.089 0.762 0.519
133.560 8 0.519 0.092 0.761 0.522
133.600 8 0.517 0.094 0.758 0.522
133.640 8 0.514 0.094 0.758 0.525
133.680 8 0.516 0.097 0.755 0.525
133.720 8 0.519 0.100 0.758 0.525
133.760 8 0.516 0.100 0.755 0.525
133.800 8 0.519 0.100 0.758 0.525
133.840 8 0.512 0.097 0.750 0.522
133.880 8 0.517 0.106 0.752 0.525
133.920 8 0.509 0.108 0.744 0.525
133.960 8 0.512 0.114 0.747 0.531
134.000 8 0.498 0.122 0.741 0.553
134.040 8 0.500 0.125 0.742 0.556
134.080 8 0.503 0.131 0.744 0.558
134.120 8 0.508 0.133 0.745 0.556
134.160 8 0.512 0.136 0.747 0.556
134.200 8 0.516 0.139 0.750 0.556
141.000 9 0.556 0.203 0.653 0.375
141.040 9 0.552 0.200 0.652 0.381
141.080 9 0.556 0.206 0.656 0.381
148.960 10 0.444 0.133 0.658 0.514
149.000 10 0.445 0.133 0.662 0.519
149.040 10 0.439 0.139 0.655 0.522
149.080 10 0.442 0.142 0.659 0.528
149.120 10 0.438 0.150 0.650 0.531
149.160 10 0.441 0.158 0.652 0.536
149.200 10 0.434 0.161 0.645 0.539
149.240 10 0.433 0.164 0.641 0.533
149.280 10 0.427 0.167 0.634 0.536
149.320 10 0.431 0.164 0.641 0.536
149.360 10 0.422 0.164 0.628 0.531
149.400 10 0.428 0.161 0.636 0.531
149.440 10 0.422 0.161 0.628 0.531
149.480 10 0.423 0.167 0.631 0.533
149.520 10 0.419 0.169 0.623 0.533
149.560 10 0.417 0.175 0.617 0.531
149.600 10 0.412 0.181 0.609 0.531
149.640 10 0.417 0.178 0.616 0.533
149.680 10 0.409 0.178 0.606 0.525
149.720 10 0.412 0.175 0.617 0.536
149.760 10 0.409 0.178 0.609 0.536
149.800 10 0.409 0.178 0.614 0.542
149.840 10 0.403 0.181 0.608 0.544
149.880 10 0.397 0.175 0.616 0.561
149.920 10 0.398 0.183 0.600 0.542
149.960 10 0.395 0.183 0.597 0.542
150.000 10 0.392 0.183 0.594 0.542
150.040 10 0.386 0.183 0.592 0.547
150.080 10 0.389 0.181 0.594 0.544
150.120 10 0.384 0.183 0.586 0.544
150.160 10 0.386 0.183 0.589 0.544
150.200 10 0.383 0.186 0.581 0.539
150.240 10 0.384 0.183 0.584 0.539
150.280 10 0.383 0.186 0.580 0.536
150.320 10 0.384 0.189 0.580 0.539
150.360 10 0.384 0.189 0.581 0.539
150.400 10 0.386 0.192 0.581 0.539
150.440 10 0.388 0.192 0.583 0.539
150.480 10 0.388 0.192 0.583 0.539
150.520 10 0.386 0.192 0.581 0.539
150.560 10 0.388 0.192 0.584 0.542
150.600 10 0.384 0.192 0.578 0.536
150.640 10 0.386 0.189 0.581 0.539
150.680 10 0.383 0.194 0.572 0.533
150.720 10 0.384 0.197 0.577 0.536
150.760 10 0.380 0.200 0.567 0.536
150.800 10 0.381 0.200 0.572 0.539
150.840 10 0.378 0.203 0.564 0.536
150.880 10 0.378 0.203 0.566 0.536
150.920 10 0.381 0.206 0.567 0.536
150.960 10 0.380 0.206 0.564 0.533
151.000 10 0.378 0.206 0.562 0.533
151.040 10 0.380 0.208 0.564 0.536
151.080 10 0.381 0.208 0.564 0.536
151.120 10 0.378 0.208 0.562 0.536
151.160 10 0.381 0.208 0.566 0.536
151.200 10 0.378 0.206 0.564 0.536
151.240 10 0.377 0.206 0.562 0.536
151.280 10 0.375 0.203 0.561 0.536
151.320 10 0.373 0.203 0.561 0.536
151.360 10 0.375 0.203 0.561 0.536
151.400 10 0.377 0.203 0.564 0.536
151.440 10 0.378 0.206 0.564 0.536
151.480 10 0.384 0.203 0.572 0.536
151.520 10 0.386 0.203 0.572 0.531
151.560 10 0.388 0.197 0.573 0.531
151.600 10 0.389 0.194 0.575 0.528
151.640 10 0.391 0.194 0.578 0.525
151.680 10 0.394 0.197 0.580 0.528
151.720 10 0.395 0.197 0.583 0.531
151.760 10 0.397 0.200 0.584 0.533
151.800 10 0.402 0.203 0.589 0.533
151.840 10 0.405 0.203 0.592 0.533
151.880 10 0.408 0.203 0.595 0.533
151.920 10 0.408 0.203 0.594 0.533
151.960 10 0.412 0.200 0.602 0.536
152.000 10 0.411 0.197 0.600 0.533
152.040 10 0.416 0.194 0.606 0.533
152.080 10 0.414 0.194 0.605 0.533
152.120 10 0.419 0.192 0.611 0.533
152.160 10 0.417 0.189 0.608 0.528
152.200 10 0.420 0.183 0.614 0.528
152.240 10 0.419 0.181 0.613 0.522
152.280 10 0.420 0.178 0.611 0.519
152.320 10 0.419 0.175 0.614 0.519
152.360 10 0.420 0.178 0.616 0.522
152.400 10 0.422 0.181 0.617 0.525
152.440 10 0.423 0.181 0.619 0.528
152.480 10 0.423 0.181 0.619 0.528
152.520 10 0.423 0.181 0.619 0.528
152.560 10 0.423 0.183 0.620 0.531
152.600 10 0.423 0.183 0.620 0.533
152.640 10 0.425 0.186 0.620 0.533
152.680 10 0.425 0.186 0.622 0.536
152.720 10 0.427 0.186 0.625 0.539
152.760 10 0.427 0.186 0.627 0.542
152.800 10 0.428 0.186 0.628 0.542
152.840 10 0.427 0.183 0.627 0.542
152.880 10 0.430 0.186 0.630 0.542
152.920 10 0.428 0.183 0.630 0.542
152.960 10 0.428 0.183 0.631 0.542
153.000 10 0.430 0.181 0.634 0.544
153.040 10 0.428 0.183 0.631 0.544
153.080 10 0.428 0.181 0.631 0.544
153.120 10 0.427 0.181 0.631 0.544
153.160 10 0.423 0.178 0.630 0.544
153.200 10 0.425 0.175 0.633 0.544
153.240 10 0.420 0.175 0.627 0.544
153.280 10 0.422 0.178 0.630 0.547
153.320 10 0.423 0.178 0.631 0.547
153.360 10 0.425 0.181 0.633 0.550
153.400 10 0.425 0.181 0.633 0.550
153.440 10 0.427 0.183 0.634 0.553
153.480 10 0.427 0.183 0.636 0.553
153.520 10 0.430 0.183 0.636 0.553
153.560 10 0.431 0.186 0.637 0.553
153.600 10 0.431 0.186 0.639 0.556
153.640 10 0.434 0.189 0.642 0.556
153.680 10 0.433 0.192 0.637 0.556
153.720 10 0.438 0.192 0.644 0.556
153.760 10 0.436 0.192 0.639 0.553
153.800 10 0.436 0.192 0.639 0.553
153.840 10 0.436 0.192 0.639 0.553
153.880 10 0.434 0.189 0.637 0.550
153.920 10 0.434 0.186 0.636 0.544
153.960 10 0.433 0.181 0.634 0.539
154.000 10 0.433 0.178 0.634 0.536
154.040 10 0.433 0.178 0.633 0.533
154.080 10 0.434 0.175 0.636 0.533
154.120 10 0.430 0.178 0.630 0.533
154.160 10 0.431 0.178 0.633 0.536
154.200 10 0.427 0.181 0.627 0.536
154.240 10 0.428 0.183 0.630 0.539
154.280 10 0.423 0.183 0.622 0.536
154.320 10 0.423 0.183 0.622 0.536
154.360 10 0.417 0.183 0.614 0.533
154.400 10 0.419 0.178 0.616 0.528
154.440 10 0.412 0.178 0.608 0.522
154.480 10 0.414 0.175 0.609 0.519
154.520 10 0.409 0.172 0.602 0.514
154.560 10 0.411 0.169 0.605 0.514
154.600 10 0.406 0.169 0.600 0.514
154.640 10 0.408 0.169 0.602 0.514
154.680 10 0.409 0.172 0.603 0.517
154.720 10 0.412 0.175 0.608 0.522
154.760 10 0.417 0.181 0.611 0.525
154.800 10 0.423 0.183 0.617 0.531
154.840 10 0.425 0.189 0.617 0.531
154.880 10 0.431 0.189 0.625 0.531
154.920 10 0.431 0.189 0.625 0.531
154.960 10 0.434 0.181 0.633 0.533
155.000 10 0.438 0.183 0.639 0.542
155.040 10 0.433 0.178 0.637 0.542
155.080 10 0.438 0.175 0.647 0.550
155.120 10 0.438 0.178 0.644 0.544
155.160 10 0.444 0.175 0.652 0.542
155.200 10 0.444 0.175 0.650 0.542
155.240 10 0.444 0.172 0.652 0.542
155.280 10 0.447 0.175 0.652 0.539
155.320 10 0.448 0.175 0.652 0.536
155.360 10 0.447 0.175 0.647 0.531
155.400 10 0.450 0.175 0.650 0.531
155.440 10 0.445 0.172 0.645 0.528
155.480 10 0.448 0.172 0.647 0.528
155.520 10 0.442 0.172 0.642 0.528
155.560 10 0.445 0.169 0.645 0.525
155.600 10 0.442 0.169 0.639 0.522
155.640 10 0.442 0.167 0.644 0.525
155.680 10 0.442 0.169 0.644 0.525
155.720 10 0.442 0.172 0.644 0.531
155.760 10 0.441 0.178 0.641 0.531
155.800 10 0.442 0.175 0.647 0.539
155.840 10 0.442 0.181 0.642 0.539
155.880 10 0.441 0.183 0.639 0.539
155.920 10 0.445 0.186 0.644 0.539
155.960 10 0.444 0.186 0.639 0.536
156.000 10 0.438 0.183 0.639 0.542
156.040 10 0.441 0.186 0.642 0.547
156.080 10 0.441 0.186 0.642 0.547
156.120 10 0.441 0.186 0.642 0.544
156.160 10 0.441 0.183 0.644 0.544
156.200 10 0.444 0.181 0.645 0.539
156.240 10 0.441 0.181 0.641 0.536
156.280 10 0.445 0.178 0.645 0.533
156.320 10 0.444 0.175 0.644 0.531
156.360 10 0.445 0.172 0.645 0.528
156.400 10 0.442 0.175 0.641 0.528
156.440 10 0.445 0.167 0.650 0.531
156.480 10 0.442 0.167 0.645 0.531
156.520 10 0.444 0.172 0.647 0.533
156.560 10 0.445 0.172 0.648 0.533
156.600 10 0.447 0.175 0.648 0.536
156.640 10 0.445 0.178 0.645 0.533
156.680 10 0.448 0.181 0.648 0.533
156.720 10 0.448 0.181 0.647 0.533
156.760 10 0.450 0.183 0.648 0.533
156.800 10 0.450 0.183 0.650 0.536
156.840 10 0.452 0.186 0.650 0.539
156.880 10 0.453 0.186 0.652 0.539
156.920 10 0.455 0.183 0.653 0.539
156.960 10 0.456 0.183 0.653 0.533
157.000 10 0.459 0.183 0.661 0.542
157.040 10 0.459 0.183 0.661 0.542
157.080 10 0.461 0.183 0.662 0.544
157.120 10 0.458 0.192 0.655 0.542
157.160 10 0.458 0.186 0.662 0.550
157.200 10 0.453 0.189 0.656 0.550
157.240 10 0.456 0.189 0.661 0.556
157.280 10 0.456 0.192 0.662 0.558
157.320 10 0.456 0.197 0.662 0.564
157.360 10 0.452 0.203 0.658 0.569
152.360 11 0.050 0.231 0.208 0.511
152.400 11 0.045 0.233 0.203 0.514
152.440 11 0.039 0.233 0.198 0.514
152.480 11 0.036 0.231 0.197 0.517
152.520 11 0.033 0.228 0.195 0.514
152.560 11 0.030 0.225 0.192 0.511
152.600 11 0.034 0.222 0.198 0.511
152.640 11 0.025 0.217 0.191 0.511
152.680 11 0.028 0.208 0.197 0.508
152.720 11 0.028 0.206 0.197 0.503
152.760 11 0.025 0.197 0.195 0.500
152.800 11 0.030 0.194 0.198 0.494
152.840 11 0.030 0.192 0.198 0.492
152.880 11 0.028 0.189 0.197 0.489
152.920 11 0.028 0.186 0.197 0.486
152.960 11 0.028 0.183 0.197 0.483
153.000 11 0.028 0.183 0.197 0.483
153.040 11 0.030 0.194 0.195 0.489
153.080 11 0.031 0.194 0.198 0.492
153.120 11 0.027 0.194 0.192 0.489
153.160 11 0.027 0.194 0.192 0.489
153.200 11 0.027 0.197 0.189 0.486
153.240 11 0.022 0.194 0.189 0.492
153.280 11 0.020 0.197 0.188 0.492
153.320 11 0.019 0.197 0.188 0.494
153.360 11 0.019 0.197 0.186 0.494
153.400 11 0.017 0.197 0.186 0.494
153.440 11 0.017 0.197 0.184 0.494
153.480 11 0.019 0.200 0.186 0.494
153.520 11 0.016 0.200 0.183 0.494
153.560 11 0.019 0.203 0.184 0.494
153.600 11 0.016 0.200 0.181 0.494
153.640 11 0.019 0.206 0.183 0.500
153.680 11 0.014 0.203 0.181 0.503
153.720 11 0.017 0.206 0.183 0.503
153.760 11 0.014 0.208 0.181 0.503
153.800 11 0.016 0.206 0.184 0.506
153.840 11 0.011 0.208 0.180 0.506
153.880 11 0.014 0.208 0.183 0.508
153.920 11 0.009 0.211 0.178 0.511
153.960 11 0.014 0.214 0.181 0.511
154.000 11 0.013 0.214 0.180 0.511
154.040 11 0.014 0.214 0.181 0.511
154.080 11 0.011 0.211 0.178 0.511
154.120 11 0.014 0.211 0.183 0.508
154.160 11 0.013 0.208 0.181 0.508
154.200 11 0.014 0.208 0.181 0.506
154.240 11 0.014 0.206 0.181 0.503
154.280 11 0.014 0.206 0.181 0.503
154.320 11 0.014 0.206 0.181 0.503
154.360 11 0.014 0.203 0.181 0.500
154.400 11 0.014 0.203 0.181 0.500
154.440 11 0.014 0.200 0.181 0.500
154.480 11 0.016 0.200 0.183 0.497
154.520 11 0.013 0.197 0.180 0.497
154.560 11 0.017 0.200 0.183 0.497
154.600 11 0.013 0.197 0.180 0.497
154.640 11 0.011 0.200 0.178 0.494
154.680 11 0.011 0.200 0.178 0.497
154.720 11 0.011 0.203 0.178 0.500
154.760 11 0.011 0.206 0.178 0.500
154.800 11 0.014 0.206 0.178 0.500
154.840 11 0.009 0.206 0.177 0.503
154.880 11 0.013 0.208 0.178 0.506
154.920 11 0.009 0.208 0.175 0.506
154.960 11 0.014 0.208 0.181 0.506
155.000 11 0.013 0.208 0.178 0.503
155.040 11 0.016 0.211 0.183 0.508
155.080 11 0.013 0.211 0.180 0.508
155.120 11 0.019 0.211 0.186 0.508
155.160 11 0.017 0.208 0.183 0.506
155.200 11 0.022 0.208 0.189 0.506
155.240 11 0.020 0.208 0.186 0.503
155.280 11 0.025 0.203 0.192 0.503
155.320 11 0.022 0.203 0.191 0.500
155.360 11 0.025 0.200 0.194 0.503
155.400 11 0.025 0.200 0.195 0.503
155.440 11 0.027 0.200 0.197 0.503
155.480 11 0.027 0.200 0.198 0.506
155.520 11 0.028 0.200 0.200 0.503
155.560 11 0.030 0.200 0.200 0.503
155.600 11 0.031 0.197 0.203 0.503
155.640 11 0.033 0.197 0.203 0.500
155.680 11 0.037 0.197 0.208 0.500
155.720 11 0.036 0.197 0.206 0.500
155.760 11 0.037 0.197 0.208 0.500
155.800 11 0.039 0.197 0.209 0.500
155.840 11 0.039 0.197 0.211 0.503
155.880 11 0.041 0.200 0.212 0.506
155.920 11 0.042 0.203 0.214 0.508
155.960 11 0.042 0.203 0.216 0.508
156.000 11 0.047 0.217 0.216 0.517
156.040 11 0.047 0.217 0.216 0.517
156.080 11 0.048 0.217 0.217 0.517
156.120 11 0.052 0.217 0.220 0.517
156.160 11 0.045 0.211 0.217 0.517
156.200 11 0.048 0.217 0.217 0.517
156.240 11 0.048 0.217 0.217 0.517
156.280 11 0.048 0.217 0.217 0.517
156.320 11 0.048 0.217 0.217 0.517
156.360 11 0.047 0.214 0.217 0.517
156.400 11 0.047 0.217 0.217 0.517
156.440 11 0.047 0.217 0.217 0.517
156.480 11 0.042 0.214 0.212 0.519
156.520 11 0.045 0.217 0.216 0.519
156.560 11 0.042 0.217 0.211 0.519
156.600 11 0.045 0.219 0.216 0.522
156.640 11 0.041 0.219 0.209 0.522
156.680 11 0.044 0.222 0.214 0.525
156.720 11 0.039 0.225 0.208 0.525
156.760 11 0.042 0.225 0.212 0.528
156.800 11 0.039 0.228 0.206 0.528
156.840 11 0.042 0.231 0.211 0.528
156.880 11 0.037 0.233 0.205 0.531
156.920 11 0.041 0.236 0.208 0.533
156.960 11 0.037 0.242 0.202 0.533
157.000 11 0.041 0.247 0.203 0.536
157.040 11 0.034 0.250 0.198 0.542
157.080 11 0.037 0.253 0.200 0.539
157.120 11 0.033 0.253 0.195 0.542
157.160 11 0.036 0.256 0.197 0.542
157.200 11 0.037 0.256 0.197 0.539
157.240 11 0.033 0.256 0.194 0.542
157.280 11 0.036 0.258 0.197 0.542
157.320 11 0.037 0.258 0.198 0.544
157.360 11 0.039 0.261 0.198 0.544
177.560 12 0.312 0.167 0.417 0.356
177.600 12 0.311 0.164 0.417 0.353
177.640 12 0.311 0.164 0.417 0.353
177.680 12 0.311 0.164 0.417 0.353
177.720 12 0.311 0.164 0.419 0.353
177.760 12 0.311 0.164 0.417 0.353
177.800 12 0.311 0.167 0.417 0.356
177.840 12 0.314 0.167 0.420 0.356
177.880 12 0.309 0.167 0.416 0.356
177.920 12 0.316 0.172 0.420 0.358
177.960 12 0.312 0.172 0.417 0.361
178.000 12 0.316 0.175 0.420 0.358
178.040 12 0.317 0.175 0.422 0.361
178.080 12 0.314 0.175 0.419 0.361
178.120 12 0.312 0.175 0.417 0.361
178.160 12 0.317 0.175 0.420 0.361
178.200 12 0.312 0.175 0.416 0.358
178.240 12 0.316 0.178 0.419 0.361
178.280 12 0.314 0.181 0.412 0.356
178.320 12 0.314 0.178 0.417 0.361
178.360 12 0.314 0.183 0.411 0.356
178.400 12 0.314 0.183 0.411 0.356
178.440 12 0.314 0.183 0.411 0.356
178.480 12 0.314 0.183 0.411 0.356
178.520 12 0.314 0.183 0.411 0.356
178.560 12 0.314 0.183 0.411 0.358
178.600 12 0.316 0.186 0.411 0.358
178.640 12 0.316 0.189 0.412 0.358
178.680 12 0.316 0.189 0.412 0.361
178.720 12 0.316 0.186 0.417 0.367
178.760 12 0.312 0.186 0.412 0.364
178.800 12 0.317 0.189 0.414 0.361
178.840 12 0.314 0.186 0.414 0.361
178.880 12 0.319 0.189 0.414 0.358
178.920 12 0.319 0.186 0.414 0.358
178.960 12 0.314 0.181 0.416 0.361
179.000 12 0.319 0.183 0.416 0.356
179.040 12 0.317 0.175 0.422 0.361
179.080 12 0.319 0.181 0.416 0.353
179.120 12 0.320 0.178 0.422 0.358
179.160 12 0.320 0.181 0.417 0.353
179.200 12 0.322 0.181 0.419 0.353
179.240 12 0.322 0.183 0.419 0.356
179.280 12 0.322 0.183 0.419 0.356
179.320 12 0.322 0.183 0.419 0.356
179.360 12 0.317 0.183 0.419 0.361
179.400 12 0.320 0.181 0.422 0.364
179.440 12 0.314 0.178 0.417 0.361
179.480 12 0.316 0.175 0.416 0.353
181.560 13 0.308 0.144 0.431 0.367
181.600 13 0.306 0.147 0.423 0.358
181.640 13 0.306 0.147 0.419 0.353
181.680 13 0.306 0.150 0.414 0.347
181.720 13 0.305 0.153 0.411 0.344
181.760 13 0.308 0.150 0.416 0.347
181.800 13 0.308 0.150 0.419 0.347
181.840 13 0.309 0.147 0.422 0.350
181.880 13 0.311 0.147 0.423 0.353
181.920 13 0.311 0.147 0.423 0.353
181.960 13 0.312 0.150 0.427 0.353
182.000 13 0.309 0.150 0.422 0.353
182.040 13 0.309 0.150 0.425 0.356
182.080 13 0.306 0.150 0.420 0.356
182.120 13 0.306 0.150 0.422 0.358
182.160 13 0.305 0.153 0.419 0.356
182.200 13 0.305 0.153 0.419 0.356
182.240 13 0.305 0.153 0.419 0.358
182.280 13 0.306 0.156 0.419 0.358
182.320 13 0.305 0.158 0.416 0.356
182.360 13 0.305 0.158 0.414 0.358
182.400 13 0.305 0.161 0.416 0.361
182.440 13 0.306 0.161 0.419 0.364
182.480 13 0.306 0.161 0.419 0.364
182.520 13 0.309 0.158 0.423 0.364
182.560 13 0.309 0.158 0.422 0.361
182.600 13 0.308 0.158 0.420 0.358
182.640 13 0.311 0.156 0.423 0.358
182.680 13 0.311 0.156 0.423 0.358
182.720 13 0.309 0.156 0.422 0.358
182.760 13 0.309 0.153 0.422 0.356
182.800 13 0.308 0.153 0.422 0.358
182.840 13 0.308 0.150 0.422 0.356
182.880 13 0.306 0.150 0.419 0.353
182.920 13 0.308 0.147 0.425 0.358
182.960 13 0.309 0.150 0.428 0.364
183.000 13 0.305 0.150 0.420 0.358
183.040 13 0.303 0.153 0.414 0.353
183.080 13 0.300 0.156 0.412 0.356
183.120 13 0.302 0.156 0.414 0.358
183.160 13 0.302 0.156 0.416 0.358
183.200 13 0.303 0.153 0.419 0.361
183.240 13 0.303 0.156 0.420 0.364
183.280 13 0.303 0.156 0.420 0.367
183.320 13 0.300 0.158 0.417 0.369
183.360 13 0.302 0.158 0.420 0.372
183.400 13 0.305 0.156 0.427 0.375
183.440 13 0.303 0.156 0.423 0.372
186.800 14 0.472 0.122 0.713 0.550
186.840 14 0.472 0.128 0.705 0.542
186.880 14 0.472 0.119 0.716 0.553
186.920 14 0.472 0.117 0.717 0.556
186.960 14 0.470 0.108 0.728 0.567
187.000 14 0.472 0.122 0.714 0.553
187.040 14 0.472 0.122 0.713 0.553
187.080 14 0.470 0.122 0.711 0.550
187.120 15 0.489 0.142 0.705 0.528
187.160 15 0.491 0.131 0.719 0.536
187.200 15 0.489 0.139 0.708 0.528
187.240 15 0.487 0.142 0.702 0.525
187.280 15 0.487 0.131 0.714 0.536
187.320 15 0.489 0.128 0.720 0.539
187.360 15 0.486 0.131 0.713 0.536
187.400 15 0.487 0.128 0.717 0.539
187.440 15 0.484 0.136 0.708 0.533
187.480 15 0.486 0.133 0.713 0.539
187.520 15 0.483 0.139 0.705 0.536
187.560 15 0.486 0.136 0.711 0.539
187.600 15 0.483 0.144 0.703 0.536
187.640 15 0.484 0.144 0.706 0.542
187.680 15 0.481 0.153 0.700 0.544
187.720 15 0.483 0.156 0.706 0.553
187.760 15 0.480 0.161 0.698 0.553
187.800 15 0.478 0.164 0.700 0.558
187.840 15 0.480 0.161 0.706 0.567
187.880 15 0.475 0.167 0.697 0.564
187.920 15 0.477 0.167 0.700 0.567
187.960 15 0.473 0.172 0.694 0.567
188.000 15 0.473 0.175 0.694 0.569
188.040 15 0.475 0.175 0.700 0.575
188.080 15 0.472 0.181 0.692 0.572
188.120 15 0.473 0.178 0.697 0.578
188.160 15 0.472 0.186 0.688 0.572
188.200 15 0.472 0.186 0.689 0.575
188.240 15 0.472 0.186 0.689 0.578
188.280 15 0.472 0.186 0.691 0.581
188.320 15 0.473 0.183 0.697 0.583
188.360 15 0.472 0.192 0.688 0.578
188.400 15 0.472 0.192 0.688 0.575
188.440 15 0.469 0.192 0.683 0.575
188.480 15 0.472 0.186 0.694 0.583
188.520 15 0.469 0.194 0.683 0.575
188.560 15 0.469 0.194 0.681 0.575
188.600 15 0.467 0.194 0.680 0.572
188.640 15 0.466 0.194 0.678 0.572
188.680 15 0.464 0.192 0.677 0.572
188.720 15 0.463 0.192 0.675 0.572
188.760 15 0.461 0.192 0.673 0.569
188.800 15 0.461 0.189 0.672 0.567
188.840 15 0.461 0.189 0.670 0.564
188.880 15 0.464 0.192 0.672 0.567
188.920 15 0.456 0.194 0.656 0.553
188.960 15 0.463 0.194 0.664 0.556
189.000 15 0.455 0.194 0.656 0.556
189.040 15 0.461 0.189 0.664 0.553
189.080 15 0.453 0.186 0.661 0.556
189.120 15 0.450 0.186 0.658 0.556
189.160 15 0.455 0.181 0.667 0.561
189.200 15 0.459 0.172 0.678 0.567
189.240 15 0.459 0.147 0.706 0.589
189.280 15 0.459 0.125 0.723 0.597
189.320 15 0.461 0.128 0.723 0.597
189.360 15 0.459 0.139 0.709 0.583
189.400 15 0.459 0.142 0.705 0.581
189.440 15 0.458 0.142 0.702 0.578
189.480 15 0.456 0.142 0.698 0.575
189.520 15 0.455 0.142 0.695 0.572
189.560 15 0.455 0.142 0.694 0.569
189.600 15 0.453 0.139 0.692 0.567
189.640 15 0.452 0.136 0.691 0.564
189.680 15 0.450 0.133 0.691 0.561
189.720 15 0.450 0.131 0.689 0.558
189.760 15 0.448 0.128 0.689 0.558
189.800 15 0.447 0.125 0.688 0.556
189.840 15 0.447 0.125 0.688 0.556
189.880 15 0.447 0.125 0.688 0.556
189.920 15 0.445 0.122 0.686 0.553
189.960 15 0.445 0.122 0.686 0.553
190.000 15 0.445 0.122 0.686 0.553
190.040 15 0.450 0.131 0.686 0.553
190.080 15 0.450 0.131 0.686 0.550
190.120 15 0.450 0.128 0.688 0.553
190.160 15 0.452 0.128 0.688 0.550
190.200 15 0.450 0.128 0.686 0.547
190.240 15 0.453 0.128 0.689 0.550
190.280 15 0.452 0.128 0.689 0.550
190.320 15 0.452 0.125 0.691 0.550
190.360 15 0.453 0.125 0.691 0.550
190.400 15 0.452 0.131 0.684 0.544
190.440 15 0.453 0.122 0.695 0.553
190.480 15 0.453 0.122 0.695 0.553
190.520 15 0.455 0.125 0.691 0.550
190.560 15 0.455 0.133 0.684 0.544
190.600 15 0.455 0.131 0.689 0.547
190.640 15 0.455 0.128 0.691 0.547
190.680 15 0.461 0.142 0.681 0.533
190.720 15 0.455 0.133 0.683 0.539
190.760 15 0.453 0.131 0.681 0.536
190.800 15 0.453 0.131 0.677 0.528
190.840 15 0.452 0.131 0.672 0.522
190.880 15 0.455 0.133 0.667 0.514
190.920 15 0.458 0.133 0.669 0.508
190.960 15 0.456 0.133 0.666 0.506
191.000 15 0.459 0.142 0.661 0.500
191.040 15 0.459 0.131 0.672 0.508
191.080 15 0.461 0.133 0.666 0.497
191.120 15 0.461 0.133 0.664 0.494
191.160 15 0.456 0.136 0.658 0.494
191.200 15 0.459 0.136 0.662 0.497
191.240 15 0.459 0.139 0.662 0.503
191.280 15 0.453 0.142 0.659 0.508
191.320 15 0.458 0.144 0.664 0.511
191.360 15 0.458 0.144 0.667 0.517
191.400 15 0.459 0.147 0.667 0.517
191.440 15 0.461 0.150 0.667 0.519
191.480 15 0.461 0.156 0.667 0.519
191.520 15 0.463 0.156 0.669 0.519
191.560 15 0.464 0.156 0.669 0.519
191.600 15 0.464 0.156 0.670 0.522
191.640 15 0.466 0.158 0.670 0.522
191.680 15 0.467 0.158 0.672 0.522
191.720 15 0.467 0.158 0.672 0.522
191.760 15 0.467 0.158 0.672 0.522
