115.600 118.960 2890 2974 laurence_delleur 1.000
188.680 192.080 4717 4802 bernard_datin 1.000
432.600 436.240 10815 10906 gerald_hildevert 1.000
436.000 436.960 10900 10924 gerald_hildevert 1.000
804.880 808.680 20122 20217 jonathan_cyrille 1.000
862.640 864.320 21566 21608 marco_araujo 1.000
1222.840 1227.200 30571 30680 jean_luc_verite 1.000
1543.520 1547.920 38588 38698 veronique_voulleminot 1.000
1843.600 1848.000 46090 46200 jose_da_silva 0.818
1874.120 1876.200 46853 46905 amo_belle_maman 1.000
2040.200 2044.600 51005 51115 guy_marmiesse 1.000
2041.160 2044.520 51029 51113 guy_marmiesse 1.000
2212.360 2216.720 55309 55418 jocelyne_delval 1.000
2276.200 2280.520 56905 57013 roland_delval 1.000
