3.360 4.560 84 114 usagers 11.898
0.720 12.240 18 306 heures 151.053
12.960 14.880 324 372 ili 3.201
12.960 15.120 324 378 heures 13.949
36.240 40.800 906 1020 stephane_richard 70.551
0.720 76.320 18 1908 stephane_richard_mis_en_examen 850.190
72.720 76.320 1818 1908 reportage_ac_hinet_ac_poignard 48.446
101.280 125.760 2532 3144 une_affaire_d_etat 247.939
15.840 147.120 396 3678 heures 1415.060
147.120 148.320 3678 3708 ileun 4.055
137.280 153.120 3432 3828 jusouou_remontera_uenquet_e 35.458
153.360 171.360 3834 4284 heures 179.060
170.880 174.240 4272 4356 depute_europeecologie_les_verts 42.909
173.040 174.240 4326 4356 heures_v_depute_europeecologie_les_verts 32.014
170.640 174.480 4266 4362 noel_mamere 50.583
182.640 188.160 4566 4704 porteparole_du_groupe_ps_a_l_assemblee_nationale 51.728
182.400 188.400 4560 4710 thierry_mandon 83.894
174.240 199.920 4356 4998 heures 239.060
199.680 203.040 4992 5076 depute_ump 40.501
199.680 203.280 4992 5082 bernard_debre 59.307
209.520 211.920 5238 5298 depute_ump 38.501
209.280 212.160 5232 5304 pierre_lellouche 49.533
201.600 213.600 5040 5340 heures 150.060
214.320 217.200 5358 5430 heures 14.460
217.680 218.880 5442 5472 s_guillemot_t_le_bras_j_bignon 30.380
217.680 218.880 5442 5472 reportage_s_depinoy_v_lerouge_t_curtet 37.725
252.480 256.080 6312 6402 siege_de_orange_paris_direct 49.761
251.520 261.360 6288 6534 bcilaii_il 3.958
252.960 261.600 6324 6540 and 12.300
266.640 278.400 6666 6960 and 9.300
217.920 287.520 5448 7188 heures 587.812
282.480 309.840 7062 7746 orange_les_salaries_divises 361.898
338.160 341.520 8454 8538 president_du_modem 52.405
338.160 341.760 8454 8544 francois_bayrou 47.901
288.960 346.080 7224 8652 heures 674.060
376.560 388.080 9414 9702 responsables_de_l_elysee 62.978
376.800 388.080 9420 9702 plon 53.865
376.560 388.080 9414 9702 et_ceux_du_ministere 160.215
376.560 388.080 9414 9702 de_l_economie_et_des_finances 96.946
376.560 388.080 9414 9702 f_bayrou 133.124
344.400 397.920 8610 9948 une_surprise 643.455
347.760 432.720 8694 10818 heures 968.060
435.120 438.000 10878 10950 heures 26.060
438.480 440.400 10962 11010 heures 33.025
413.520 458.640 10338 11466 n_sarkozy_eclabousse 455.402
437.520 458.640 10938 11466 heures_n_sarkozy_eclabousse 20.469
441.120 528.000 11028 13200 heures 952.060
481.440 535.920 12036 13398 pourquoi_bernard_tapie_auraitil_ete_avantage 577.730
529.920 567.360 13248 14184 heures 381.058
559.440 572.640 13986 14316 loi_duflot_coup_de_balai_dans_uimmobilier 100.287
575.280 577.680 14382 14442 mon 3.213
595.920 598.320 14898 14958 elocaiaint 9.133
588.480 598.320 14712 14958 visite 130.756
590.400 598.320 14760 14958 etat_des_lieux 74.294
594.240 598.320 14856 14958 prop_ietaire 25.348
622.560 627.360 15564 15684 dominique_lecointre 72.846
601.680 636.960 15042 15924 loi_duflot_coup_de_balai_dans_uimmobilier 291.280
636.720 643.920 15918 16098 locataire 26.500
570.480 655.200 14262 16380 heures 867.057
652.320 663.360 16308 16584 loi_duflot_coup_de_balai_dans_uimmobilier 114.287
669.120 672.000 16728 16800 reportage_e_mondingava_a_richier_a_sauratdubois 59.722
669.120 672.240 16728 16806 r_chapelard_a_locascio_l_bourdu 35.662
657.360 706.080 16434 17652 heures 523.043
715.680 721.200 17892 18030 andre_coubart 72.145
693.360 743.280 17334 18582 immobilier_quand_les_syndics_abusent 406.938
744.000 746.400 18600 18660 syndic_de_coproprietes 48.471
743.760 746.640 18594 18666 laure_bligny 47.121
708.480 772.560 17712 19314 heures 678.056
775.680 777.120 19392 19428 heures 26.060
747.120 779.520 18678 19488 immobilier_quand_les_syndics_abusent 220.938
780.480 784.320 19512 19608 heures 51.060
780.000 790.800 19500 19770 immobilier_quand_les_syndics_abusent 82.938
787.920 790.800 19698 19770 heures_immobilier_quand_les_syndics_abusent 36.498
791.520 793.920 19788 19848 eines_ufc_que_choisir 12.698
791.760 795.600 19794 19890 ueunes_immobiliefwqunnl_les_syndics_abusent 30.774
795.120 818.880 19878 20472 bises 14.372
805.920 818.880 20148 20472 e_cette 2.835
816.480 818.880 20412 20472 quand_les_syndics_abusent 20.543
819.600 823.200 20490 20580 heures 52.060
796.320 855.840 19908 21396 immobilier_quand_les_syndics_abusent 321.938
856.560 858.240 21414 21456 tiennes_coproprietaire 22.725
826.320 865.680 20658 21642 heures 418.058
869.040 903.120 21726 22578 heures 399.060
903.840 906.720 22596 22668 heures_immobilier_quand_les_syndics_abusent 39.498
867.840 909.600 21696 22740 heures_immobilier_quand_les_syndics_abusent 35.998
858.960 911.760 21474 22794 immobilier_quand_les_syndics_abusent 400.938
912.480 915.840 22812 22896 j_pelletier_g_lancien 46.707
912.000 915.840 22800 22896 reportage_s_rodier_b_girodon 52.988
916.080 928.800 22902 23220 heures 155.060
929.520 932.400 23238 23310 heures 49.038
933.120 942.480 23328 23562 heures 119.060
944.400 945.600 23610 23640 aini_hanl_l_i 6.177
944.400 945.600 23610 23640 amusementra_p 10.770
944.400 954.960 23610 23874 heures 90.025
959.760 967.920 23994 24198 heures 76.060
968.640 972.000 24216 24300 heures 49.060
936.960 1005.840 23424 25146 greve_durcie_dans_les_aeroports 669.339
978.240 1007.520 24456 25188 heures 329.045
1008.240 1009.440 25206 25236 heures 6.060
1008.000 1010.880 25200 25272 reportage_t_de_tricornot_a_richier 45.522
1008.240 1011.120 25206 25278 o_combe_o_lecointe_a_greniercomard 38.727
1008.000 1011.120 25200 25278 h_vergne_m_dreujou_r_chapelard 47.420
1016.880 1019.760 25422 25494 gare_montparnasse_ce_soir 55.657
1011.360 1026.480 25284 25662 heures 164.054
1027.200 1032.000 25680 25800 heures 73.060
1033.680 1035.840 25842 25896 gare_montparnasse_direct 50.811
1044.480 1053.360 26112 26334 in_ci_s_sut 66.650
1044.240 1053.360 26106 26334 eurostar 123.154
1044.240 1053.360 26106 26334 nhdi_il 32.055
1044.240 1053.360 26106 26334 iald 38.263
1053.840 1062.720 26346 26568 transilien 125.885
1035.600 1070.160 25890 26754 gare_montparnasse_direct 353.769
1063.680 1071.120 26592 26778 wwwinfolignescom 54.537
1079.040 1083.360 26976 27084 gare_montparnasse_direct 75.811
1100.160 1104.480 27504 27612 viilifeii_ebbe_e 6.474
1048.080 1113.600 26202 27840 heures 707.050
1105.680 1123.920 27642 28098 autoentrepreneurs_artisans_le_juste_eouilibre 173.737
1125.600 1129.200 28140 28230 c_de_chiffre_d_affaires 43.252
1126.320 1129.200 28158 28230 egime_inchange 24.960
1131.120 1132.560 28278 28314 autoentrepreneurs_artisans_le_juste_eouilibre 57.737
1134.960 1137.600 28374 28440 creation_d_entreprise_classique 52.169
1140.000 1143.840 28500 28596 autoentrepreneurs_artisans_le_juste_eouilibre 83.737
1144.560 1148.160 28614 28704 autoentrepreneur 66.567
1144.320 1148.400 28608 28710 christophe_mandin 67.737
1117.200 1170.480 27930 29262 heures 591.060
1148.880 1171.440 28722 29286 autoentrepreneurs_artisans_le_juste_eouilibre 221.737
1172.160 1176.240 29304 29406 ueunes_peintre_en_batiment 32.274
1171.920 1176.480 29298 29412 sylvain_fornes 46.217
1177.680 1180.800 29442 29520 heures_autoentrepreneurs_artisans_le_juste_eouilibre 51.797
1176.960 1186.560 29424 29664 autoentrepreneurs_artisans_le_juste_eouilibre 81.737
1186.800 1190.640 29670 29766 reportage_j_debraux_p_le_mat_d_sebastien 58.657
1187.280 1190.880 29682 29772 g_camilla_p_fivet_c_indjeyan 45.324
1183.200 1229.520 29580 30738 heures 519.043
1230.000 1232.400 30750 30810 nvws_en_gr 3.442
1230.960 1232.400 30774 30810 elahtelt 5.851
1230.960 1244.160 30774 31104 heures 84.060
1244.880 1265.760 31122 31644 heures 252.048
1254.480 1299.360 31362 32484 tele_grecque_ondes_de_choc 574.153
1300.080 1302.960 32502 32574 redacteur_en_chef 49.695
1299.840 1303.440 32496 32586 yorgos_darakis 54.559
1266.480 1312.320 31662 32808 heures 510.060
1325.040 1329.600 33126 33240 chrifa_roumelioti 61.855
1318.080 1334.400 32952 33360 heures 170.060
1303.680 1335.840 32592 33396 tele_grecque_ondes_de_choc 273.158
1333.440 1336.080 33336 33402 heures 38.060
1335.840 1339.200 33396 33480 reportage 38.363
1337.520 1339.200 33438 33480 l_desbonnets_j_duboz_b_rimbert 22.359
1352.400 1355.760 33810 33894 direct 49.955
1352.160 1356.000 33804 33900 laurent_desbonnets 71.615
1352.160 1385.760 33804 34644 de_quoi_remettre_les_grecs_dans_la_rue 381.076
1342.320 1393.680 33558 34842 heures 566.041
1395.120 1421.280 34878 35532 heures 283.046
1422.000 1464.960 35550 36624 heures 425.987
1471.920 1510.560 36798 37764 heures 362.060
1516.320 1518.240 37908 37956 laetitia_michel 34.666
1511.280 1524.960 37782 38124 heures 134.021
1522.560 1525.440 38064 38136 reportage 45.534
1525.920 1539.360 38148 38484 heures 172.971
1540.560 1541.760 38514 38544 marine_marchande 13.465
1611.600 1616.640 40290 40416 guillaume_legrand 74.732
1556.160 1653.600 38904 41340 marine_marchande_l_avenir_dans_les_voiles 791.720
1650.240 1653.600 41256 41340 reportage_p_bonnet_p_le_mat_m_hivert 37.658
1662.720 1666.080 41568 41652 candidats 35.267
1540.080 1680.480 38502 42012 heures 1546.060
1681.200 1685.760 42030 42144 heures 61.007
1704.720 1736.880 42618 43422 j_ai_reussi_sans_le_bac 149.601
1706.640 1736.880 42666 43422 temoignage 22.344
1737.600 1741.920 43440 43548 technicien_de_chantier_eiffage_construction 79.877
1737.360 1742.160 43434 43554 sergio_ribeiro 74.792
1686.480 1788.240 42162 44706 heures 1170.060
1742.880 1790.400 43572 44760 heures_temoignage 19.620
1742.400 1792.560 43560 44814 j_ai_reussi_sans_le_bac 224.398
1793.280 1797.360 44832 44934 heures_gerant_de_l_atelier_des_menetriers_isere 50.787
1790.160 1817.040 44754 45426 heures 235.056
1814.880 1817.040 45372 45426 heures 41.060
1798.080 1819.680 44952 45492 j_ai_reussi_sans_le_bac 129.348
1820.880 1823.040 45522 45576 ionil 2.411
1822.560 1824.000 45564 45600 heures_chef_d_entreprise_galapagos 35.549
1824.720 1831.920 45618 45798 heures_temoignage 36.703
1826.640 1831.920 45666 45798 heures 6.560
1834.040 1838.120 45851 45953 reportage_j_beckrich_g_fraize_b_gadrey 73.391
1834.280 1838.360 45857 45959 jp_pasteur_c_cormery_f_briand_r_cristien_m_semerjian 57.584
1865.480 1883.960 46637 47099 jamel_debbouze_a_lelysee 105.139
1884.920 1887.320 47123 47183 comedien 38.964
1884.920 1887.560 47123 47189 jamel_debbouze 24.055
1888.040 1926.680 47201 48167 jamel_debbouze_a_lelysee 186.139
1923.800 1926.680 48095 48167 reportage_d_doukhan_v_astruc 43.298
1832.600 1950.200 45815 48755 heures 1218.020
1950.920 1955.240 48773 48881 heures 42.929
1955.960 2005.880 48899 50147 heures 550.058
2008.760 2013.320 50219 50333 heures 57.872
2014.040 2035.160 50351 50879 heures 227.051
1956.680 2048.120 48917 51203 les_coulisses_des_guides_touristiques 1170.930
1956.440 2048.120 48911 51203 dossier 1050.470
2048.840 2052.200 51221 51305 lonely_planet 44.675
2048.600 2052.680 51215 51317 claire_angot 50.283
2052.920 2063.720 51323 51593 les_coulisses_des_guides_touristiques 170.939
2052.920 2063.720 51323 51593 dossier 128.470
2064.440 2069.000 51611 51725 camera_cachee 63.234
2037.080 2129.960 50927 53249 heures 995.057
2069.720 2148.440 51743 53711 dossier 923.470
2069.480 2148.440 51737 53711 les_coulisses_des_guides_touristiques 1025.940
2133.320 2150.600 53333 53765 heures 187.049
2149.160 2153.000 53729 53825 heures_camera_cachee 31.653
2153.720 2196.920 53843 54923 heures 423.036
2198.360 2204.360 54959 55109 heures 67.060
2153.960 2211.800 53849 55295 dossier 632.470
2153.480 2211.800 53837 55295 les_coulisses_des_guides_touristiques 761.939
2212.040 2215.160 55301 55379 reportage 48.704
2212.520 2215.400 55313 55385 l_gublin_j_pelletier_r_cristien 42.471
2205.080 2239.880 55127 55997 heures 344.051
2242.760 2247.800 56069 56195 heures 66.947
2251.880 2260.760 56297 56519 heures 99.028
2281.400 2284.280 57035 57107 artiste 44.553
2281.400 2284.520 57035 57113 giuseppe_penone 53.608
2264.360 2302.040 56609 57551 heures 424.058
2304.440 2305.880 57611 57647 heures 22.060
2309.000 2317.160 57725 57929 heures 102.060
2326.280 2329.160 58157 58229 reportage 44.388
2326.520 2329.400 58163 58235 d_wolfromm_d_dahan_y_rulliere 48.009
2321.720 2335.160 58043 58379 heures 115.042
2336.840 2339.000 58421 58475 grand 7.869
2337.080 2339.000 58427 58475 pierre 7.476
2337.320 2339.000 58433 58475 nrrh_iris 3.315
2337.320 2372.120 58433 59303 heures 349.060
2375.720 2377.400 59393 59435 heures_lucy_brillie 32.502
2372.840 2380.040 59321 59501 charges_de_production 41.060
2378.120 2382.440 59453 59561 heures_patrick_simon_jeanpaul_faure 37.176
2380.760 2382.440 59519 59561 realisation 32.232
2382.920 2390.360 59573 59759 toute_l__nfo_en_continu_sur 39.200
2383.880 2390.360 59597 59759 heures 94.060
2386.280 2390.360 59657 59759 toute_l__nfo_en_continu_sur 31.380
2395.160 2411.000 59879 60275 detectives 183.339
2411.960 2418.920 60299 60473 la_parenthese_inattendue 56.574
2419.880 2423.240 60497 60581 des_mots_de_minuit 12.779
2419.400 2423.240 60485 60581 minuit 12.228
2419.400 2423.240 60485 60581 mots 29.063
2424.200 2429.000 60605 60725 des_mots_de_minuit 70.993
2424.680 2429.000 60617 60725 la_parenthese_inattendue 60.311
2437.880 2439.560 60947 60989 enouete_plats_prepares_tromperie_ou_scandale_sanitaire 50.502
2438.600 2440.520 60965 61013 demain 4.319
2440.520 2446.520 61013 61163 enquete_plats_prepares_tromperie_ou_scandale_sanitaire 59.415
2442.200 2446.520 61055 61163 man 27.301
2437.400 2446.520 60935 61163 envoye_special 110.755
2449.880 2453.960 61247 61349 man 15.301
2455.640 2459.480 61391 61487 man 23.301
2448.200 2459.960 61205 61499 envoye_special 108.522
2460.680 2463.560 61517 61589 complement_d_enquete 31.052
2448.200 2465.000 61205 61625 sante_alimentation_la_mode_des_faux_amis 78.282
2464.280 2465.960 61607 61649 complement_d_enquete 16.065
2466.440 2468.600 61661 61715 sante_alimentation_la_mode_des_faux_amis 45.642
2469.320 2471.000 61733 61775 sante_alimentation_la_mode_des_faux_amis 36.207
2470.040 2474.840 61751 61871 complement_uenquete 21.548
2471.720 2474.840 61793 61871 sante_alimentation_la_mode_des_faux_amis 42.144
2478.200 2483.240 61955 62081 sante_alimentation_la_mode_des_faux_amis 42.452
2476.280 2483.480 61907 62087 complement_denouete 21.707
2482.280 2483.480 62057 62087 main 4.551
2485.160 2488.280 62129 62207 complement_denouete 30.823
2492.120 2494.040 62303 62351 ildl_idu 3.227
2503.400 2506.280 62585 62657 montant_a_partager_entre_les_gagnants 73.740
2575.640 2578.760 64391 64469 nombre_de_personnes_ayant_gagne_uilloi_diau_moins_i_million_dieunos 39.167
2581.640 2584.760 64541 64619 montant_a_partager_entre_les_gagnants 71.740
2593.880 2597.000 64847 64925 btltuhaiiun_civii_iviubil_j_i_n_dtll_n_dtll_u_dhuwn 12.111
2593.880 2597.000 64847 64925 e_ueodato_r_mickens_c_smith_j_taylor_d_thomas_e_toon 33.686
2593.880 2597.000 64847 64925 illustrations_musicales_pierre_billon_jean_mora 53.224
2593.880 2597.000 64847 64925 realisation_romain_mogenet 29.867
2593.880 2597.000 64847 64925 tirage_effectue_sous_controle_uhuissier 43.712
2604.200 2605.640 65105 65141 laurence 11.156
2604.200 2605.880 65105 65147 s_rtrrin_nain 7.103
2608.520 2610.920 65213 65273 laurenbesl_hs 12.394
2608.280 2610.920 65207 65273 ehiriu_urin 5.612
2626.280 2627.480 65657 65687 vainnanar 4.558
2628.200 2629.640 65705 65741 x_rial_institu 5.960
2625.800 2629.880 65645 65747 lil_l 6.403
2627.000 2630.120 65675 65753 laurenbe 7.813
2657.240 2658.680 66431 66467 convaincu 9.178
2606.600 2658.920 65165 66473 laurence_de_meester_de_courcy_veterinaire 281.438
2657.000 2659.400 66425 66485 guerir 6.276
2665.400 2666.840 66635 66671 lvtc_u_mnonnou 5.721
2664.440 2666.840 66611 66671 m_u_mural_u_mua_minant 12.744
2664.680 2666.840 66617 66671 mmuaavu_au_assume_u_r_i 7.828
2664.680 2666.840 66617 66671 lutmunu_hum_nommant_mnnm 13.097
2665.160 2666.840 66629 66671 mu_n_minuit_ms_muets 8.494
2664.920 2666.840 66623 66671 don_munua_puma_m_son_uranium 13.989
2682.680 2684.360 67067 67109 assurances_banque_sante 45.925
2690.600 2692.760 67265 67319 anais_baydemir 27.565
2690.360 2753.000 67259 68825 meteo 782.982
2754.440 2855.480 68861 71387 meteo 1252.160
2842.040 2855.480 71051 71387 toute_la_meteo_en_continu 182.213
2863.640 2865.320 71591 71633 assurances_banque_sante 45.925
2873.720 2875.640 71843 71891 association_francaise_d_epargne_et_de_retraite 46.694
2883.320 2921.480 72083 73037 precedemment 440.709
2939.240 2940.680 73481 73517 abadue_roche_a_fis 9.698
2946.680 2948.120 73667 73703 ide_lhieiek 9.962
2946.440 2948.120 73661 73703 et_des_personnages 22.136
2946.680 2948.120 73667 73703 marc 23.240
2946.680 2948.120 73667 73703 eicemfliteted 10.574
2949.320 2950.520 73733 73763 anes_rama 7.996
2949.320 2950.520 73733 73763 adrian 22.452
2964.200 2965.880 74105 74147 l_es_e_va_panes 13.781
2967.080 2968.760 74177 74219 la_region_lledefrance 23.177
2967.320 2968.760 74183 74219 avec_le_soutien_de 20.491
2970.200 2971.400 74255 74285 le_c_re_national_nu_cinema 11.960
2970.200 2971.640 74255 74291 en_riat_avec 11.940
2970.440 2971.640 74261 74291 et_d_mage_anime 8.975
2973.080 2974.520 74327 74363 icipation_de 8.690
2973.080 2974.520 74327 74363 monde 19.057
2996.600 2998.040 74915 74951 anm_chel_noir 9.537
2996.600 2998.040 74915 74951 avec_la_particirati 13.402
2999.480 3000.680 74987 75017 paul_ne_guena 27.424
2999.480 3000.680 74987 75017 verun_que_lecharpy 11.748
2999.480 3000.680 74987 75017 are_deshaire 15.543
2999.480 3000.920 74987 75023 mare_deshaires 30.409
2999.480 3003.560 74987 75089 naud_gauthie 10.549
3004.760 3007.400 75119 75185 urenzu_gabriele 24.764
3004.760 3007.400 75119 75185 realise_par 38.840
