280.360 282.960 7009 7074 valerie_block 1.000
640.680 643.320 16017 16083 john_haney 1.000
726.840 729.480 18171 18237 debby_et_farrell_allison 1.000
1009.200 1011.800 25230 25295 farrell_allison 1.000
1525.400 1526.360 38135 38159 michel_leuthy 1.000
2177.400 2183.120 54435 54578 pretre_jean 1.000
2199.120 2203.200 54978 55080 pretre_jean 1.000
2464.400 2470.120 61610 61753 wu_pei_chih 1.000
2726.440 2738.920 68161 68473 carte_to 1.000
3005.400 3011.640 75135 75291 pretre_jean 1.000
3265.040 3268.680 81626 81717 pretre_roi_jean 1.000
3444.800 3452.080 86120 86302 pretre_jean 1.000
3485.160 3491.280 87129 87282 peter_jackson 1.000
