0 0
1 1
2 2
3 3
4 2
5 5
6 6
7 7
8 7
9 7
10 10
11 11
12 12
13 13
14 14
15 15
16 16
17 17
18 18
19 18
20 18
21 21
22 18
23 23
24 24
25 25
26 26
27 24
28 28
29 24
30 24
31 31
32 32
33 33
34 34
35 35
36 36
37 37
38 38
39 37
40 40
41 38
42 38
43 43
44 44
45 45
46 37
47 38
48 48
49 43
50 38
51 51
52 38
53 53
54 54
55 53
56 38
57 57
58 58
59 59
60 54
61 57
62 37
63 48
64 37
65 48
66 66
67 66
68 68
69 69
70 48
71 66
72 72
73 73
74 74
75 53
76 76
77 57
78 66
79 48
80 69
81 69
82 37
83 69
84 84
85 37
86 48
87 37
88 69
89 59
90 90
91 91
92 57
93 90
94 48
95 90
96 96
97 90
98 57
99 99
100 69
101 101
102 102
103 90
104 73
105 73
106 53
107 74
108 108
109 73
110 72
111 73
112 73
113 113
114 114
115 37
116 37
117 69
118 73
119 119
120 53
121 73
122 73
123 72
124 124
125 73
126 37
127 127
128 37
129 129
130 37
131 84
132 51
133 133
134 51
135 69
136 57
137 84
138 138
139 53
140 51
141 84
142 37
143 51
144 84
145 133
146 58
147 84
148 57
149 84
150 150
151 84
152 51
153 84
154 51
155 84
156 156
157 57
158 84
159 51
160 68
161 51
162 162
163 163
164 164
165 84
166 84
167 53
168 51
169 156
170 68
171 171
172 51
173 57
174 163
175 84
176 51
177 54
178 38
179 37
180 38
181 38
182 182
183 43
184 38
185 48
186 38
187 51
188 37
189 189
190 189
191 182
192 192
193 182
194 194
195 182
196 182
197 182
198 198
199 199
200 199
201 201
202 202
203 203
204 204
205 205
206 206
207 207
208 208
209 205
210 210
211 211
212 212
213 213
214 205
215 201
216 204
217 206
218 206
219 203
220 202
221 201
222 204
223 205
224 206
225 201
226 204
227 227
228 206
229 205
230 230
231 231
232 232
233 84
234 48
235 51
236 38
237 53
238 66
239 53
240 53
241 53
242 69
243 72
244 53
245 53
246 69
247 68
248 53
249 53
250 250
251 53
252 252
253 53
254 53
255 255
256 256
257 53
258 57
259 53
260 53
261 53
262 72
263 263
264 84
265 37
266 84
267 48
268 84
269 99
270 57
271 69
272 59
273 273
274 90
275 275
276 90
277 277
278 278
279 278
280 90
281 57
282 99
283 283
284 90
285 48
286 90
287 90
288 90
289 289
290 90
291 283
292 90
293 57
294 294
295 69
296 90
297 297
298 133
299 299
300 90
301 69
302 99
303 57
304 84
305 51
306 84
307 51
308 84
309 48
310 84
311 51
312 57
313 51
314 314
315 51
316 84
317 317
318 51
319 37
320 69
321 58
322 322
323 37
324 48
325 51
326 37
327 69
328 66
329 66
330 48
331 53
332 66
333 66
334 57
335 66
336 336
337 66
338 53
339 66
340 37
341 90
342 69
343 48
344 38
345 69
346 346
347 347
348 48
349 37
350 350
351 351
352 352
353 37
354 48
355 37
356 48
357 66
358 90
359 66
360 53
361 48
362 362
363 66
364 66
365 66
366 84
367 84
368 48
369 37
370 69
371 53
372 53
373 373
374 37
