0 0
1 1
2 1
3 1
4 4
5 5
6 6
7 7
8 8
9 9
10 5
11 4
12 12
13 13
14 14
15 14
16 16
17 6
18 18
19 19
20 20
21 21
22 22
23 23
24 24
25 12
26 26
27 27
28 28
29 29
30 30
31 31
32 32
33 33
34 34
35 34
36 34
37 34
38 38
39 39
40 40
41 41
42 39
43 43
44 44
45 45
46 46
47 47
48 48
49 46
50 44
51 45
52 52
53 53
54 44
55 46
56 45
57 57
58 45
59 46
60 53
61 44
62 52
63 43
64 64
65 65
66 44
67 40
68 64
69 44
70 43
71 40
72 53
73 45
74 74
75 44
76 44
77 43
78 78
79 40
80 53
81 46
82 45
83 83
84 64
85 44
86 86
87 40
88 39
89 40
90 90
91 45
92 92
93 53
94 94
95 95
96 40
97 39
98 40
100 100
99 40
101 40
102 40
103 100
104 40
105 105
106 39
107 107
108 108
109 107
110 57
111 111
112 40
113 39
114 114
115 40
116 39
117 100
118 40
119 119
120 40
121 100
122 122
123 123
124 123
125 122
126 126
127 40
128 40
129 129
130 40
131 100
132 40
133 122
134 100
135 40
136 40
137 137
138 39
139 57
140 140
141 39
142 57
143 143
144 39
145 57
146 146
147 40
148 40
149 40
150 64
151 40
152 152
153 122
154 40
155 64
156 40
157 39
158 38
159 159
160 160
161 161
162 162
163 163
164 164
165 165
166 166
167 167
168 168
169 169
170 170
171 171
172 172
173 173
174 174
175 175
176 176
177 173
178 178
179 179
180 180
181 181
182 182
183 183
184 178
185 178
186 178
187 178
188 188
189 178
190 178
191 191
192 182
193 193
194 194
195 194
196 196
197 197
198 178
199 199
200 200
201 200
202 202
203 200
204 200
205 205
206 178
207 188
208 178
209 188
210 210
211 182
212 178
213 178
214 178
215 178
216 178
217 188
218 178
219 178
220 220
221 178
222 222
223 223
224 224
225 225
226 226
227 225
228 228
229 225
230 226
231 178
232 232
233 226
234 225
235 225
236 236
237 237
238 182
239 182
240 178
241 241
242 178
243 243
244 243
245 245
246 246
247 246
248 245
249 246
250 250
251 178
252 252
253 253
254 252
255 255
256 256
257 178
258 199
259 259
