0 0
1 0
2 0
3 0
4 4
5 5
6 6
7 7
8 8
9 9
10 9
11 11
12 11
13 13
14 14
15 11
16 16
17 16
18 13
19 19
20 20
21 13
22 22
23 23
24 23
25 13
26 26
27 13
28 16
29 13
30 13
31 13
32 32
33 23
34 13
35 13
36 13
37 37
38 38
39 39
40 40
41 13
42 42
43 16
44 44
45 16
46 46
47 16
48 16
49 11
50 50
51 16
52 23
53 50
54 23
55 55
56 56
57 44
58 50
59 59
60 60
61 39
62 60
63 50
64 16
65 60
66 16
67 19
68 44
69 60
70 39
71 44
72 60
73 19
74 60
75 75
76 76
77 14
78 78
79 14
80 14
81 81
82 82
83 23
84 11
85 14
86 86
87 42
88 88
89 86
90 81
91 91
92 23
93 81
94 94
95 91
96 86
97 82
98 98
99 44
100 91
101 91
102 81
103 86
104 14
105 23
106 14
107 107
108 108
109 86
110 42
111 111
112 81
113 39
114 86
115 91
116 86
117 86
118 16
119 119
120 81
121 16
122 81
123 119
124 124
125 16
126 81
127 81
128 81
129 14
130 81
131 131
132 86
133 42
134 86
135 39
136 81
137 16
138 81
139 119
140 81
141 81
142 16
143 143
144 81
145 16
146 81
147 11
148 119
149 13
150 11
151 151
152 16
153 39
154 19
155 155
156 13
157 157
158 11
159 39
160 13
161 39
162 13
163 16
164 164
165 16
166 13
167 11
168 22
169 44
170 13
171 13
172 39
173 16
174 39
175 14
176 39
177 16
178 81
179 82
180 81
181 13
182 81
183 183
184 81
185 42
186 86
187 81
188 91
189 82
190 81
191 86
192 131
193 86
194 119
195 81
196 16
197 197
198 42
199 16
200 200
201 42
202 16
203 42
204 42
205 151
206 206
207 151
208 131
209 151
210 42
211 211
212 42
213 42
214 214
215 131
216 131
217 39
218 42
219 13
220 16
221 11
222 39
223 44
224 22
225 39
226 13
227 16
228 13
229 20
230 19
231 13
232 42
233 13
234 13
235 13
236 13
237 237
238 13
239 22
240 13
241 241
242 19
243 13
244 244
245 13
246 246
247 13
248 16
249 119
250 13
251 16
252 13
253 23
254 22
255 39
256 256
257 39
258 39
259 259
260 22
261 42
262 13
263 13
264 16
265 13
266 39
267 44
268 22
269 269
270 270
271 13
272 16
273 91
274 269
275 91
276 86
277 81
278 14
279 81
280 16
281 86
282 81
283 86
284 91
285 285
286 78
287 287
288 11
289 16
290 86
291 91
292 82
293 81
294 44
295 81
296 86
297 23
298 82
299 14
300 81
301 13
302 269
303 13
304 11
305 13
306 11
307 13
308 11
309 11
310 269
311 311
312 312
313 13
314 314
315 315
316 316
317 317
318 318
319 319
320 316
321 321
322 322
323 323
324 324
325 325
326 326
327 326
328 328
329 329
330 330
331 331
332 332
333 13
334 16
335 13
336 23
337 22
338 13
339 13
340 13
341 23
342 22
343 269
344 270
345 13
346 39
347 39
348 39
349 39
350 39
351 14
352 39
353 23
354 22
355 13
356 13
357 23
358 39
359 13
360 13
361 39
362 362
363 13
364 42
365 13
366 22
367 13
368 16
369 13
370 270
371 13
372 13
373 16
374 19
375 13
376 16
377 23
378 22
379 13
380 269
381 39
382 13
383 13
384 19
385 13
386 23
387 22
388 39
389 13
390 270
391 13
392 39
393 13
394 13
395 13
396 23
397 16
398 81
399 11
400 16
401 60
402 39
403 403
404 60
405 44
406 39
407 16
408 50
409 60
410 44
411 60
412 39
413 60
414 44
415 39
416 16
417 19
418 39
419 44
420 44
421 269
422 39
423 14
424 16
425 39
426 16
427 39
428 428
429 119
430 39
431 39
432 14
433 81
434 81
435 39
436 81
437 23
438 14
439 81
440 440
441 81
442 14
443 443
444 39
445 14
446 42
447 81
448 11
449 39
450 42
451 119
452 16
453 42
454 42
455 16
456 13
457 81
458 16
459 131
460 131
461 461
462 462
463 42
464 42
465 214
466 42
467 39
468 131
469 119
470 131
471 131
472 131
473 131
474 39
475 42
476 42
477 461
478 478
479 42
480 16
481 119
482 131
483 483
484 131
485 131
486 11
487 13
488 14
489 13
490 39
491 13
492 39
493 14
494 494
495 495
496 22
497 16
498 13
499 16
500 13
501 16
502 270
503 13
504 16
505 39
506 39
507 507
508 22
509 42
510 11
511 13
512 11
513 11
514 119
515 515
516 516
517 517
518 518
519 517
520 520
521 521
522 522
523 523
524 524
525 525
526 526
527 527
528 528
529 529
530 528
531 531
532 532
533 533
534 534
535 534
536 534
537 537
538 538
539 13
540 16
541 13
542 542
543 22
544 13
545 13
546 270
547 13
548 131
549 13
550 270
551 13
552 16
553 39
554 14
555 22
556 556
557 39
558 42
559 16
560 42
561 42
562 119
563 42
564 39
565 42
566 566
567 86
568 131
569 42
570 461
571 571
572 42
573 16
574 42
575 42
576 131
577 42
578 461
579 579
580 42
581 39
582 42
583 19
584 16
585 39
586 78
587 131
588 16
589 131
590 22
591 131
592 39
593 16
594 131
595 16
596 131
597 13
598 16
599 131
600 16
601 131
602 131
603 39
604 22
605 39
606 42
607 131
608 39
609 16
610 131
611 42
612 39
613 131
614 42
615 42
616 13
617 131
618 119
619 81
620 82
621 60
622 622
623 50
624 56
625 16
626 626
627 44
628 628
629 22
630 269
631 22
632 56
633 16
634 22
635 44
636 23
637 44
638 39
639 60
640 44
641 22
642 50
643 11
644 42
645 86
646 91
647 86
648 131
649 86
650 16
651 86
652 86
653 131
654 86
655 81
656 86
657 131
658 86
659 269
660 44
661 22
662 269
663 14
664 13
665 56
666 22
667 269
668 22
669 44
670 42
671 16
672 39
673 269
674 14
675 13
676 22
677 677
678 42
679 131
680 214
681 681
682 131
683 131
684 91
685 86
686 91
687 269
688 39
689 22
690 23
691 269
692 39
693 693
694 694
695 91
696 81
697 697
698 42
699 81
700 50
701 86
702 702
703 703
704 704
705 705
706 706
707 707
708 708
709 709
710 710
711 711
712 712
713 713
714 714
715 715
716 716
717 717
718 718
719 719
720 720
721 721
722 722
723 723
724 724
725 725
726 726
728 728
729 729
730 730
731 731
732 732
733 733
734 734
735 735
736 736
737 737
738 738
739 739
740 740
741 741
742 742
743 743
744 740
745 745
746 746
747 747
748 748
749 749
750 750
751 751
752 752
753 753
754 746
