0 0
1 1
2 2
3 2
4 4
5 5
6 2
7 2
8 5
9 2
10 2
11 11
12 11
13 2
14 2
15 15
16 16
17 17
18 18
19 15
20 20
21 21
22 5
23 2
24 24
25 25
26 26
27 27
28 28
29 29
30 30
31 31
32 32
33 33
34 34
35 35
36 36
37 32
38 38
39 29
40 40
41 41
42 42
43 43
44 44
45 24
46 5
47 2
48 2
49 49
50 50
51 51
52 52
53 2
54 11
55 2
56 56
57 57
58 58
59 59
60 60
61 61
62 5
63 2
64 2
65 11
66 2
67 67
69 5
70 2
71 2
72 2
73 73
74 11
75 2
76 76
77 77
78 78
79 79
80 80
81 81
82 82
83 83
84 84
85 85
86 86
87 87
88 84
89 89
90 2
91 91
92 92
93 93
94 2
95 92
96 0
97 2
98 92
99 0
100 0
101 92
102 102
103 2
104 104
105 92
106 106
107 107
108 108
109 92
110 2
111 111
112 92
113 0
114 0
115 115
116 116
117 0
118 116
119 0
120 120
121 121
122 122
123 123
124 124
125 125
126 123
127 123
128 123
129 123
130 130
131 131
132 132
133 133
134 134
135 122
136 136
137 137
138 138
139 139
140 111
141 0
142 0
143 115
144 144
145 145
146 146
147 115
148 148
149 115
150 150
151 151
152 152
153 153
154 154
155 155
156 156
157 157
158 158
159 159
160 160
161 161
162 162
163 163
164 164
165 165
166 166
167 167
168 168
169 148
170 148
171 146
172 115
173 115
174 146
175 111
176 176
177 0
178 0
179 179
180 180
181 179
182 182
183 183
184 184
185 179
186 186
187 187
188 182
189 179
190 179
191 191
192 182
193 187
194 182
195 182
196 179
197 179
198 179
199 182
200 179
201 182
202 182
203 179
204 179
205 182
206 179
207 179
208 182
209 182
210 210
211 211
212 212
213 213
214 214
215 179
216 216
217 179
218 179
219 179
220 182
221 179
222 179
223 179
224 182
225 225
226 179
227 0
228 0
229 179
230 230
231 231
232 179
233 0
234 0
235 235
236 236
237 236
238 235
239 0
240 240
241 241
242 0
243 0
244 244
245 245
246 244
247 245
248 244
249 245
250 245
251 245
252 245
253 244
254 245
255 244
256 0
257 245
258 244
259 240
260 260
261 261
262 262
263 263
264 264
265 265
266 266
267 267
268 268
269 269
270 270
271 271
272 272
273 273
274 274
275 275
276 276
277 277
278 278
279 279
280 280
281 281
282 282
283 283
284 284
285 284
286 286
287 287
288 288
289 289
290 290
291 291
292 292
293 293
294 294
295 295
296 296
297 297
298 298
299 299
300 300
301 0
302 302
303 302
304 302
305 302
306 306
307 302
308 4
309 4
310 302
311 302
312 302
313 313
314 302
315 302
316 316
317 21
318 306
319 302
320 24
321 25
322 26
323 28
324 29
325 30
326 27
327 32
328 328
329 34
330 35
331 36
332 32
333 333
334 38
335 335
336 336
337 40
338 41
339 42
340 44
341 24
342 306
343 302
344 344
345 345
346 346
347 347
348 348
349 349
350 350
351 351
352 351
353 353
354 354
355 345
356 356
357 313
358 302
359 56
360 58
361 59
362 60
363 61
364 306
365 302
366 302
367 302
368 313
369 302
371 371
372 372
373 313
374 302
375 375
376 77
377 78
378 79
379 80
380 81
381 381
382 82
383 83
384 87
385 84
386 86
387 84
388 87
389 306
390 302
391 302
392 302
393 108
394 394
395 116
396 116
397 397
398 398
399 399
400 0
401 116
402 0
403 403
404 404
405 405
406 0
407 407
408 0
409 409
410 404
411 409
412 412
413 409
414 404
415 409
416 409
417 404
418 409
419 409
420 0
421 421
422 404
423 409
424 409
425 409
426 404
427 409
428 0
429 116
430 404
431 431
432 409
433 404
434 409
435 435
436 435
437 435
438 438
439 435
440 440
441 409
442 442
443 409
444 444
445 404
446 446
447 409
448 409
449 409
450 116
451 451
452 452
453 453
454 454
455 455
456 456
457 457
458 457
459 459
460 460
462 462
463 463
464 464
465 465
466 466
467 467
468 468
469 469
470 470
471 471
472 472
473 473
474 474
476 476
477 476
478 478
479 0
480 0
481 481
482 482
483 482
484 481
485 485
486 482
487 485
488 488
489 489
490 488
491 489
492 481
493 482
494 488
495 495
496 488
497 488
498 482
499 488
500 488
501 489
502 482
503 495
504 488
505 488
506 481
507 482
508 481
509 488
510 489
511 488
512 512
513 488
514 488
515 482
516 481
517 495
518 518
519 488
520 481
521 481
522 482
523 488
524 495
525 481
526 488
527 482
528 488
529 481
530 495
531 482
532 488
533 482
534 488
535 488
536 482
537 481
538 481
539 539
540 482
541 488
542 488
543 481
544 488
545 482
546 546
547 495
548 488
549 549
550 481
551 489
552 552
553 549
554 482
555 482
556 481
557 488
558 482
559 488
560 485
561 481
562 495
563 563
564 549
565 518
566 566
567 0
568 568
569 566
570 0
571 0
572 572
573 495
574 518
575 568
576 518
577 577
578 578
579 572
580 580
581 581
582 572
583 495
584 495
585 585
586 586
587 0
588 518
589 0
590 572
591 0
592 572
593 593
594 518
595 0
596 0
597 495
598 549
599 488
600 549
601 489
602 572
603 566
604 0
605 572
606 0
607 495
608 549
609 482
610 610
611 611
612 0
613 482
614 481
615 518
616 616
617 0
618 0
619 566
620 0
621 0
622 0
623 488
624 482
625 0
626 481
627 549
628 481
629 549
630 489
631 549
632 481
633 633
634 0
635 0
636 518
637 0
638 481
639 0
640 0
641 518
642 485
643 0
644 0
645 240
646 260
647 0
648 0
649 244
650 650
651 245
652 244
653 244
654 245
655 244
656 245
657 244
658 244
659 244
660 245
661 244
662 244
663 663
