0 0
1 1
2 2
3 3
4 0
5 5
6 6
7 7
8 0
9 3
10 0
11 11
12 12
13 13
14 14
15 15
16 16
17 0
18 18
19 19
20 3
21 21
22 22
23 23
24 24
25 25
26 26
27 27
28 28
29 29
30 28
31 3
32 32
33 3
34 1
35 28
36 1
37 3
38 38
39 39
40 40
41 13
42 13
43 43
44 24
45 26
46 46
47 47
48 26
49 47
50 50
51 51
52 52
53 29
54 54
55 29
56 28
57 46
58 3
59 59
60 60
61 61
62 62
63 63
64 64
65 46
66 66
67 64
68 46
69 64
70 70
71 71
72 72
73 3
74 29
75 28
76 76
77 77
78 29
79 3
80 80
81 3
82 82
83 1
84 84
85 85
86 3
87 87
88 88
89 0
90 90
91 87
92 92
93 93
94 94
95 92
96 96
97 0
98 98
99 99
100 92
101 101
102 92
103 27
104 92
105 92
106 106
107 92
108 3
109 109
110 110
111 111
112 112
113 113
114 113
115 14
116 113
117 117
118 109
119 3
120 14
121 109
122 109
123 123
124 124
125 125
126 113
127 109
128 14
129 129
130 130
131 27
132 132
133 3
134 134
135 135
136 12
137 137
138 3
139 92
140 3
141 92
142 142
143 143
144 92
145 98
146 146
147 13
148 92
149 1
150 3
151 151
152 152
153 113
154 154
155 109
156 14
157 27
158 14
159 27
160 3
161 19
162 64
163 19
164 164
165 165
166 166
167 167
168 168
169 27
170 170
171 1
172 19
173 18
174 0
175 16
176 176
177 14
178 178
179 14
180 109
181 181
182 182
183 14
184 109
185 109
186 3
187 187
188 12
189 135
190 22
191 64
192 70
193 24
194 194
195 195
196 196
197 70
198 198
199 199
200 28
201 201
202 202
203 28
204 28
205 27
206 28
207 207
208 208
209 209
210 210
211 211
212 98
213 92
214 3
215 1
216 3
217 109
218 218
219 219
220 109
221 187
222 109
224 3
225 187
226 92
227 227
228 92
229 3
230 92
231 3
232 92
233 3
234 92
235 3
236 92
237 237
238 238
239 3
240 24
241 2
242 3
243 24
244 244
245 227
246 246
247 24
248 244
249 249
250 250
251 59
252 24
253 187
254 24
255 92
256 3
257 92
258 3
259 187
260 187
261 92
262 187
263 263
264 3
265 92
266 1
267 267
268 24
269 1
270 24
271 24
272 272
273 273
274 109
275 187
276 2
277 277
278 278
279 1
280 24
281 109
282 282
283 283
284 1
285 285
286 109
287 0
288 288
289 143
290 24
291 64
292 64
293 24
294 64
295 295
296 295
297 295
298 298
299 299
300 64
301 301
302 302
303 303
304 24
305 303
306 24
307 18
308 303
309 3
310 1
311 3
312 303
313 313
314 77
315 313
316 316
317 303
318 24
319 3
320 320
321 64
322 322
323 323
324 324
325 325
326 326
327 98
328 0
329 0
330 330
331 0
332 332
333 333
334 334
335 109
336 285
337 285
338 285
339 109
340 285
341 109
342 109
343 285
344 285
345 345
346 285
347 109
348 285
349 349
350 350
351 14
352 352
353 14
354 3
355 285
356 356
357 14
358 358
359 3
360 14
361 361
362 12
363 135
364 364
365 3
366 366
367 98
368 0
369 143
370 92
371 0
372 372
373 98
374 92
375 375
376 98
377 207
378 3
379 12
380 14
381 1
382 1
383 109
384 285
385 285
386 14
387 285
388 388
389 389
390 390
391 391
393 393
394 14
395 3
396 109
397 285
398 398
399 14
400 3
401 401
402 14
403 113
404 404
405 64
406 24
407 407
408 408
409 409
410 3
411 285
412 109
413 285
414 14
415 415
416 135
417 417
418 0
419 326
420 0
421 92
422 92
423 0
424 424
425 98
426 146
427 24
428 64
429 407
430 430
431 92
432 98
433 3
434 434
435 1
436 96
437 437
438 3
439 439
440 440
441 441
442 96
443 3
444 444
445 3
446 96
447 440
448 448
449 449
450 450
451 130
452 3
453 12
454 454
455 455
456 456
457 457
458 130
459 12
460 460
461 461
462 462
463 454
464 464
465 24
466 466
467 467
468 454
469 358
470 470
471 471
472 96
473 454
474 474
475 470
476 476
477 471
478 464
479 476
480 480
481 7
482 482
483 358
484 484
485 485
486 486
487 487
488 488
489 489
490 490
491 491
492 492
493 493
494 494
495 495
496 496
497 497
498 498
499 499
500 500
501 501
502 502
503 503
504 504
505 505
506 497
507 507
508 508
509 502
510 510
511 511
512 512
513 511
514 514
515 505
516 516
517 517
518 518
519 519
520 520
521 521
522 522
523 523
524 521
525 520
526 526
527 527
528 520
529 529
530 530
531 531
532 532
533 533
534 534
535 535
536 534
537 537
538 538
539 539
540 540
541 541
542 542
543 543
544 544
545 545
546 546
547 547
548 548
549 549
550 550
551 551
552 552
553 553
554 554
555 555
556 556
557 557
558 558
559 559
560 560
561 561
562 562
563 563
564 564
565 565
566 566
567 567
568 568
569 569
570 570
571 571
572 572
573 573
574 574
575 575
576 576
577 577
578 578
579 579
580 580
581 581
582 582
583 583
584 584
585 585
586 586
587 587
588 588
589 589
590 590
591 591
592 592
593 574
594 594
595 595
596 596
597 597
598 598
599 599
601 601
602 602
603 603
604 604
605 605
606 606
607 607
608 608
609 609
610 610
611 611
612 612
613 613
614 614
615 615
616 616
617 617
618 618
619 619
620 620
621 621
622 622
623 623
624 624
625 622
626 626
627 627
628 627
629 629
630 621
631 631
632 632
633 633
634 634
635 633
636 634
637 637
638 633
639 633
640 632
641 641
642 637
643 633
644 632
645 645
646 633
647 632
648 648
649 649
650 634
651 633
652 633
653 637
654 632
655 655
656 656
657 657
658 658
659 633
660 655
661 661
662 637
663 632
664 637
665 633
666 632
667 667
668 668
669 637
670 633
671 671
672 621
673 622
674 621
675 621
676 622
677 677
678 678
679 679
680 680
681 622
682 682
683 622
684 684
685 685
686 686
687 685
688 688
689 684
690 621
691 691
692 622
693 693
694 694
695 622
696 685
697 684
698 622
699 699
700 700
701 684
702 682
703 686
704 685
705 621
706 706
707 684
708 685
709 621
710 710
711 684
712 712
713 713
714 714
715 715
716 716
717 717
718 718
719 719
720 720
721 721
722 722
723 721
724 720
725 715
726 726
727 727
728 728
729 729
730 730
731 720
732 685
733 733
734 684
735 686
736 684
737 621
738 738
739 739
740 739
741 741
742 739
743 743
744 744
745 739
746 739
747 747
748 748
749 622
750 699
751 622
752 621
753 622
754 622
755 755
756 622
757 682
758 682
759 759
760 760
761 682
762 743
763 763
764 764
765 765
766 766
767 767
768 768
769 769
770 770
771 743
772 770
773 743
774 774
775 775
776 743
777 777
778 778
779 743
780 770
781 743
782 782
783 783
784 784
785 785
786 786
787 743
788 782
789 789
790 790
791 791
792 792
793 793
794 682
795 795
796 796
797 682
798 793
799 799
800 682
801 793
802 622
803 793
804 796
805 805
806 621
807 755
808 793
809 805
810 682
811 760
812 793
813 793
814 805
815 793
816 796
817 793
818 790
819 793
820 796
821 793
822 822
823 793
824 793
825 793
826 826
827 621
828 793
829 793
830 755
831 621
832 793
833 621
834 682
835 835
836 793
837 796
838 793
839 790
840 840
841 755
842 621
843 793
844 793
845 845
846 846
847 846
848 846
849 849
850 846
851 796
852 852
853 621
854 793
855 796
856 796
857 793
858 805
859 793
860 822
861 621
862 793
863 682
864 760
865 682
866 796
867 867
868 682
869 869
870 622
871 621
872 872
873 873
874 874
875 875
876 876
877 877
878 878
879 879
880 880
881 881
882 882
883 883
884 884
885 885
886 884
887 887
888 888
889 889
890 890
891 891
892 892
893 893
894 894
895 895
896 896
897 897
898 898
899 899
900 900
901 901
902 902
903 903
904 904
905 903
906 903
907 622
908 805
909 909
910 909
911 909
912 909
913 909
914 914
915 909
916 916
917 917
918 918
919 919
920 920
921 621
922 621
923 923
924 923
925 627
926 923
927 627
928 923
929 627
930 923
931 627
932 627
933 933
934 923
935 935
936 936
937 923
938 627
939 919
940 920
