0 0
1 1
2 2
3 3
4 1
5 5
6 6
7 7
8 8
9 3
10 10
11 11
12 2
13 1
14 14
15 1
16 16
17 1
18 7
19 3
20 20
21 7
22 22
23 0
24 1
25 25
26 22
27 27
28 22
29 7
30 30
31 31
32 32
33 22
34 34
35 35
36 36
37 37
38 34
39 34
40 40
41 41
42 42
43 43
44 44
45 45
46 46
47 46
48 7
49 49
50 50
51 49
52 50
53 49
54 50
55 49
56 50
57 49
58 50
59 49
60 50
61 49
62 62
63 62
64 62
65 65
66 62
67 49
68 50
69 50
70 50
71 71
72 72
73 73
74 74
75 74
76 76
77 77
78 74
79 62
80 80
81 81
82 62
83 83
84 84
85 62
86 86
87 87
88 62
89 62
90 83
91 91
92 92
93 93
94 83
95 62
96 96
97 86
98 62
99 99
100 83
101 83
102 83
103 62
104 104
105 91
106 106
107 107
108 108
109 83
110 76
111 111
112 1
113 113
114 114
115 115
116 116
117 117
118 118
119 116
120 113
121 121
122 122
123 113
124 122
125 113
126 122
127 113
128 122
129 1
130 62
131 34
132 62
133 34
134 1
135 34
136 62
137 34
138 1
139 34
140 140
141 141
142 142
143 143
144 144
145 144
146 146
147 144
148 146
149 144
150 150
151 151
152 91
153 153
154 74
155 155
156 91
157 153
158 158
159 159
160 62
161 161
162 162
163 163
164 62
165 161
166 162
167 163
168 62
169 169
170 170
171 163
172 62
173 173
174 174
175 163
176 62
177 92
178 178
179 62
180 180
181 181
182 182
183 91
184 107
185 62
186 186
187 187
188 62
189 92
190 190
191 191
192 62
193 62
194 83
195 195
196 62
197 197
198 198
199 199
200 76
201 74
202 62
203 198
204 204
205 197
206 62
207 197
208 204
209 62
210 107
211 83
212 62
213 213
214 214
215 62
216 216
217 91
218 62
219 62
220 198
221 221
222 204
223 223
224 62
225 198
226 191
227 197
228 228
229 83
230 230
231 83
232 232
233 233
234 62
235 76
236 236
237 62
238 1
239 239
240 240
241 241
242 242
243 243
244 244
245 245
247 247
248 248
249 249
250 250
251 251
252 83
253 253
254 254
255 255
256 256
257 251
258 258
259 259
260 260
261 261
262 262
263 263
264 264
265 83
266 266
267 261
268 268
269 269
270 180
271 271
272 272
273 273
274 273
275 275
276 228
277 3
278 278
279 279
280 83
281 279
282 83
283 83
284 3
285 3
286 3
287 230
288 228
289 289
290 290
291 228
292 22
293 27
294 230
295 295
296 22
297 2
298 298
299 299
300 299
301 301
302 5
303 5
304 304
305 5
306 304
307 5
308 304
309 5
310 304
311 5
312 312
313 313
314 314
315 251
316 251
317 317
318 318
319 319
320 320
321 321
322 322
323 322
324 324
325 325
326 326
327 327
328 328
329 329
330 330
331 331
332 266
333 333
334 334
335 266
336 334
337 333
338 334
339 339
340 334
341 334
342 266
343 333
344 266
345 334
346 266
347 334
348 348
349 349
350 350
351 351
352 352
353 353
354 354
355 355
356 356
357 355
358 62
359 359
360 360
361 361
362 362
363 363
364 364
365 1
366 366
367 367
368 368
369 369
370 370
371 5
372 372
373 373
374 5
375 348
376 376
377 377
378 140
379 379
380 140
381 381
382 140
383 383
384 140
385 385
386 386
387 387
388 388
389 389
391 391
392 392
393 393
394 394
395 395
396 396
397 397
398 398
399 399
400 399
401 401
402 228
403 403
404 404
405 405
406 398
407 398
408 408
409 409
410 3
411 1
412 409
413 413
414 414
415 415
416 3
417 22
418 3
419 3
420 420
421 421
422 3
423 1
424 424
425 425
426 426
427 427
428 428
429 429
430 430
431 431
432 432
433 433
434 62
435 435
436 3
437 437
438 228
439 228
440 440
441 441
442 442
443 443
444 444
445 445
446 446
447 62
448 448
449 180
450 450
451 451
452 62
453 453
454 454
455 455
456 62
457 91
458 458
459 62
460 228
461 461
462 462
463 458
464 464
465 74
466 466
467 467
468 468
469 62
470 470
471 453
472 472
473 473
474 474
475 475
476 198
477 62
478 478
479 479
480 62
481 481
482 482
483 92
484 62
485 92
486 486
487 62
488 488
489 489
490 490
491 62
492 62
493 481
494 92
495 481
496 62
497 497
498 92
499 107
500 62
501 501
502 92
503 503
504 504
505 505
506 107
507 92
508 508
509 170
510 1
511 1
512 62
513 92
514 1
515 515
516 516
517 233
518 518
519 91
520 62
521 515
522 522
523 1
524 2
525 525
526 526
527 527
528 528
529 527
530 1
531 531
532 62
533 531
534 481
535 531
536 536
537 1
538 538
539 481
540 62
541 541
542 542
543 543
544 544
545 541
546 62
547 541
548 548
549 543
550 62
551 541
552 552
553 541
554 548
555 543
556 552
557 62
558 541
559 559
560 541
561 548
562 62
563 563
564 62
565 541
566 548
567 62
568 541
569 552
570 62
571 541
572 62
573 541
574 574
575 575
576 575
577 251
578 578
579 34
580 251
581 34
582 251
583 34
584 34
585 34
586 251
587 251
588 34
589 589
590 251
591 591
592 592
593 593
594 594
595 595
596 596
597 597
598 598
599 113
600 600
601 601
602 600
603 601
604 34
605 605
606 34
607 607
608 608
609 251
610 251
611 611
612 612
613 258
614 258
615 258
616 616
617 617
618 258
619 617
620 251
621 34
622 259
623 623
624 624
625 34
626 626
627 627
628 62
629 3
630 626
631 631
632 632
633 1
634 3
635 1
636 1
637 637
638 3
639 1
640 640
641 1
642 413
643 643
644 348
645 645
646 34
647 647
648 648
649 649
650 650
651 617
652 251
653 259
654 654
655 655
656 34
657 251
658 34
659 258
660 660
661 34
662 662
663 663
664 664
665 663
666 34
667 663
668 668
669 663
670 670
671 348
672 348
673 348
674 348
675 675
676 676
677 677
678 678
679 679
680 680
681 681
682 682
683 683
684 684
685 685
686 686
687 687
688 688
689 689
690 690
691 691
692 692
693 693
694 694
695 695
696 696
697 697
698 696
699 699
700 700
701 701
702 695
703 703
704 704
705 699
706 703
707 696
708 708
709 709
710 710
711 711
712 710
713 709
714 714
715 715
716 716
717 711
718 715
719 716
720 711
721 721
722 722
723 723
724 251
