0 0
1 1
2 2
3 3
4 4
5 5
6 6
7 5
8 8
9 9
10 5
11 11
12 12
13 13
14 13
15 13
16 16
17 17
18 18
19 19
20 20
21 21
22 22
23 23
24 24
25 25
26 24
27 27
28 28
29 29
30 30
31 31
32 32
33 31
34 32
35 35
36 31
37 37
38 38
39 39
40 40
41 41
42 41
43 41
44 44
45 44
47 47
48 48
49 49
50 50
51 51
52 52
53 53
54 54
55 54
56 56
57 57
58 57
59 57
60 60
61 57
62 57
63 57
64 57
65 57
66 57
68 68
69 69
70 70
71 70
72 72
73 73
74 74
75 75
76 76
77 75
78 76
79 76
80 80
81 81
82 70
83 83
84 70
85 81
86 86
87 70
88 81
89 70
90 90
91 91
92 92
93 70
94 94
95 95
96 96
97 70
98 98
99 99
100 100
101 101
102 102
103 103
104 104
105 104
106 106
107 106
108 108
109 109
110 110
111 111
112 112
113 96
114 114
115 115
116 116
117 117
118 118
119 119
120 119
121 121
122 122
123 109
124 109
125 125
126 126
127 70
128 69
129 129
130 130
131 131
132 132
133 133
134 134
135 132
136 131
137 129
138 134
139 139
140 140
141 141
142 142
143 143
144 144
145 145
146 146
147 147
148 148
149 149
150 150
151 151
152 152
153 153
154 154
155 155
156 156
157 157
158 158
159 147
160 70
161 161
162 70
163 109
164 70
165 109
166 70
167 167
168 168
