6.720 13.920 168 348 laurent_rabler 17.297
6.720 13.920 168 348 respon_ble_de_la_collection_uberonefs 30.082
6.720 13.920 168 348 museesae_uam_et_ne_l_espace 16.550
38.400 40.320 960 1008 pattes 4.380
50.400 58.080 1260 1452 histornen_auteur_de_lindbergh_tance_noj 27.271
50.160 58.320 1254 1458 bgrheird_marck 15.815
132.000 137.040 3300 3426 la_recherclle_de_uonseab_blanc 18.960
132.000 137.280 3300 3432 president_de_uassoclarlon 22.665
131.760 137.520 3294 3438 bernar_re 14.419
252.240 258.000 6306 6450 catherl_e_maunourv 22.759
252.240 258.000 6306 6450 onnecinnoe_ou_musee_de_ualn_et_de_uespac 25.327
358.320 362.160 8958 9054 mlchel_polacco 22.195
358.320 362.160 8958 9054 journaliste_et_avlaieu 15.428
429.600 432.240 10740 10806 l_ion 3.606
576.240 579.840 14406 14496 la_recherche_de_l_oiseau_bla_c 11.214
575.040 580.800 14376 14520 president_de_uassocgailon 20.962
575.280 581.280 14382 14532 bernard_decre 17.571
598.560 620.640 14964 15516 a_ban_vufi 10.087
598.080 620.640 14952 15516 curry 40.210
598.320 620.640 14958 15516 il_iccui 27.542
599.280 620.640 14982 15516 f_nana_ung 4.592
771.120 774.480 19278 19362 auteur_de_et_la_ventre_lit 21.766
770.880 774.480 19272 19362 des_profondeunsz 11.152
770.880 774.480 19272 19362 philippg_castellano 13.324
856.080 857.760 21402 21444 a_ses 6.347
851.280 863.520 21282 21588 ontils_ete_definitivement_identifies 55.825
851.520 864.960 21288 21624 q_q_les_debris_d_un_avion_correspondant_a 35.771
864.480 866.880 21612 21672 a_ses 5.347
851.280 868.560 21282 21714 i_uonseau_blanc_retrouves_dans_le_manne 30.511
865.440 870.960 21636 21774 q_q_les_debris_d_un_avion_correspondant_a 26.073
851.280 870.960 21282 21774 hors_cout_d_un_sms 59.255
864.240 870.960 21606 21774 ontils_ete_definitivement_identifies 52.431
869.280 870.960 21732 21774 i_l_oiseau_blanc_remouves_dans_le_main 25.596
878.880 882.480 21972 22062 bernard_decre 14.801
878.880 882.480 21972 22062 presndent_de_uassoclailon 21.592
879.360 882.480 21984 22062 la_recherche_de_l_oiseau_blanc 16.920
953.280 957.600 23832 23940 tant 4.341
1071.360 1077.840 26784 26946 mlchel_polacco 27.195
1230.240 1238.880 30756 30972 a_la_recherche_de_uoisebu_blarc 19.727
1229.760 1238.880 30744 30972 prgsidght_de_ueissocieitioti 15.642
1230.240 1238.880 30756 30972 bernard_decne 13.760
1263.840 1269.840 31596 31746 yves_jego 30.698
1303.920 1311.600 32598 32790 bernard_decre 29.894
1303.440 1311.600 32586 32790 pnesloeni_ne_isassocnanoh 18.205
1303.440 1311.600 32586 32790 la_recherche_de_uonseau_bland 20.783
1351.200 1379.040 33780 34476 le_mystere_de_i_oiseau_blanc_arte 88.021
1471.680 1478.160 36792 36954 bernard_decre 10.035
1471.920 1478.160 36798 36954 president_de_l_association 22.589
1473.120 1478.160 36828 36954 la_recherche_de_uouseau_blanc 18.027
1732.560 1736.640 43314 43416 directrice_du_itiusee_de_l_alr_et_de_l_espace 25.471
1732.560 1736.640 43314 43416 catherl_e_maunourv 23.759
1906.560 1914.000 47664 47850 utpur_dp_et_la_verlte_jaillit 15.217
2054.160 2058.240 51354 51456 hors_cout_d_un_sms 17.255
2054.640 2060.640 51366 51516 litres_dessence_eh_plus 20.070
2054.160 2066.160 51354 51654 q_q_pourquoi_sontils_partis_a_deux_car_un 22.661
2064.720 2071.920 51618 51798 q_q_pourquoi_sontils_partis_a_deux_car_un 22.540
2060.160 2071.920 51504 51798 hors_cout_d_un_sms 27.255
2075.760 2082.000 51894 52050 bernard_decre 20.877
2076.000 2082.000 51900 52050 prgsidght_de_ubssocibtioh 13.302
2178.480 2182.560 54462 54564 pigrrg_lenonmano 19.742
2178.480 2182.560 54462 54564 eouipe_la_recherche_de_uoisehu_blanc 23.637
2260.560 2265.600 56514 56640 ecuire__la_recherche_de_ljoisebu_blanc 21.576
2260.560 2265.840 56514 56646 pigrrg_lenormand 27.312
2326.560 2331.360 58164 58284 albln_glrardin 11.058
2326.560 2331.360 58164 58284 ani_ne_saintplan 11.735
2345.520 2351.760 58638 58794 patrlce_latro 26.585
2346.480 2351.760 58662 58794 prefet_de_saintpierreetmiouelon 22.865
2356.320 2358.480 58908 58962 illl_il 2.327
2382.240 2388.480 59556 59712 eueene_morgl 24.637
2382.720 2388.480 59568 59712 d_ancuen_pecheur_de_sanntpierreetmiouelon 27.774
2390.160 2392.800 59754 59820 epaissel_ 12.252
2381.280 2404.320 59532 60108 mais_il_a_bien_entendu_crier 43.824
2405.040 2408.400 60126 60210 des_annees_apres_quand_on_allait_en_peche 34.094
2411.040 2413.680 60276 60342 oiseau_blanc_s_est_perdu 27.434
2411.040 2418.480 60276 60462 faudrait_le_trouver_pour_prouver 36.907
2415.360 2418.480 60384 60462 que_c_est_ui 11.380
2452.800 2459.280 61320 61482 president_de_uassoclanan 21.082
2453.040 2459.280 61326 61482 la_recherche_de_uoisebu_blarc 17.563
2453.040 2459.280 61326 61482 ber_ard_decre 13.612
2531.040 2535.840 63276 63396 des_profondeurs_manlaes 18.009
2531.040 2535.840 63276 63396 auteur_de_et_la_verite_gaillut 20.929
2530.800 2536.080 63270 63402 philippg_castellano 17.324
2713.440 2714.880 67836 67872 les_svtis 10.496
2713.440 2714.880 67836 67872 mans 17.345
2713.440 2714.880 67836 67872 ilbir 7.585
2715.360 2717.280 67884 67932 uenvol 3.647
2717.520 2736.960 67938 68424 ouestce_que_cela_signifierait_s_il_etant_reconnu_que_ce 45.436
2733.360 2737.920 68334 68448 mers_o 5.203
2717.040 2739.840 67926 68496 sont_oes_francaus_oui_les_premiers_ont_traverse 44.617
2744.640 2747.760 68616 68694 hons 5.563
2717.040 2758.320 67926 68958 ueitleintioug 12.152
2723.520 2758.320 68088 68958 l_envoi 22.289
2756.400 2758.320 68910 68958 uetleintique 10.588
2737.440 2770.320 68436 69258 questce_que_cela_signifierait_s_il_etant_reconnu_que_ce 45.553
2761.920 2778.960 69048 69474 l_envoi 15.289
2715.120 2779.200 67878 69480 d_un_suis 193.358
2760.240 2780.160 69006 69504 ueitleintioug 11.152
2779.680 2783.280 69492 69582 cdanslair 33.189
2787.840 2790.480 69696 69762 hons 2.563
2792.160 2797.920 69804 69948 mes_o 3.707
2771.040 2808.480 69276 70212 qwesice_oue_cela_snenufnerant_en_etait_reconnu_que_ce 46.025
2782.080 2810.160 69552 70254 ueitleintique 11.502
2739.840 2820.240 68496 70506 sont_des_francais_qui_les_prefniers_ont_traverse 45.547
2809.200 2829.600 70230 70740 ouesice_que_cela_signifierait_s_il_etait_reconnu_que_ce 45.847
2824.320 2830.320 70608 70758 hons 5.563
2829.360 2830.560 70734 70764 ouestce_oue_cela_signnfieraii_s_il_etait_reconnu_que_ce 40.802
2820.960 2830.560 70524 70764 sont_des_francais_oui_les_premiers_ont_traverse 46.612
2811.600 2830.560 70290 70764 ueitleintioug 10.152
2789.280 2831.280 69732 70782 l_envoi 35.289
2836.080 2837.520 70902 70938 ugfivoi 5.504
2850.720 2856.000 71268 71400 uenvon 4.413
2832.240 2860.800 70806 71520 estce_verifie 22.120
2858.400 2860.800 71460 71520 l_envoi 3.289
2862.240 2864.400 71556 71610 lgfivoi 5.499
2850.000 2869.920 71250 71748 estce_verlfle 23.945
2866.080 2873.760 71652 71844 l_envoi 7.289
2883.120 2886.240 72078 72156 l_envoi 11.289
2868.480 2887.680 71712 72192 estce_verifie 35.920
2832.240 2887.680 70806 72192 il_v_a_une_vingtaine_trannees_un_forestier_canaouen_aurait 49.217
2832.720 2887.680 70818 72192 signale_la_pnesence_de_deenns_davnon_dans_un_coin_perdu 42.226
2887.680 2900.640 72192 72516 l_envoi 10.289
2903.280 2906.880 72582 72672 lbtivoi 3.446
2889.120 2909.280 72228 72732 pourquoi_n_enon_pas_cru_les_pecheurs_lremeiai_ueivioti 30.884
2889.120 2909.280 72228 72732 volait_ras_et_aurait_pioue_dans_la_mer 30.111
2915.760 2923.200 72894 73080 lgfivoi 5.499
2924.880 2933.280 73122 73332 ugfivoi 6.504
2907.120 2935.920 72678 73398 volait_bas_et_aurait_pioue_dans_la_mer 28.899
2910.000 2937.120 72750 73428 pourquoi_n_aton_pas_cru_les_pecheurs_treineiarrisavlon 32.627
2938.320 2940.000 73458 73500 train_dbttgrrissagg 4.209
2934.720 2942.880 73368 73572 l_envoi 7.289
2938.560 2955.840 73464 73896 comment_uonseau_blanc_auraltil_atterrl_a_new_york_sans 40.472
2944.560 2959.200 73614 73980 l_envoi 18.289
2957.760 2966.640 73944 74166 mann_trarrenmssacae 14.349
2954.400 2966.880 73860 74172 comment_uoisgeiu_blanc_eiuraitil_ananas_a_new_york_sans 43.084
2962.320 2972.400 74058 74310 l_envoi 9.289
2967.840 2978.160 74196 74454 ou_finance_les_recherches_ne_bennano_decne 33.249
2977.200 2992.320 74430 74808 l_envoi 11.289
2987.040 2993.520 74676 74838 ou_vol 10.362
2994.720 2996.640 74868 74916 ugfivoi 2.504
2998.080 3002.640 74952 75066 ou_rou 2.430
2993.520 3003.360 74838 75084 ou_finance_les_recherches_de_bernard_decre 39.070
3004.320 3028.800 75108 75720 trouver_autre_chose 56.550
3011.520 3035.760 75288 75894 l_envoi 16.289
3004.800 3040.320 75120 76008 et_les_corps_on_ne_parle_que_de_l_avion_mais_peuton 35.868
3038.400 3040.320 75960 76008 ugfivoi 2.504
3042.960 3045.840 76074 76146 uenvol 3.647
3028.320 3055.920 75708 76398 trouver_autre_chose 62.847
3047.760 3064.800 76194 76620 ugfivoi 11.504
3066.000 3067.680 76650 76692 hons 5.563
3066.720 3069.120 76668 76728 renvoi 4.491
3055.920 3074.640 76398 76866 trouver_aume_chose 31.060
3041.040 3074.640 76026 76866 et_les_coups_on_ne_parue_que_de_uavnon_mans_peutoh 31.910
3075.600 3084.720 76890 77118 que_lindbergh_son_le_premier_a_avoir_traverse 33.603
3075.840 3091.200 76896 77280 uananinoue 10.575
3075.600 3093.840 76890 77346 les_americains_auraientils_pu_freiner_les_recherches_pour 54.661
3100.760 3105.800 77519 77645 ou_rou 4.430
3095.240 3118.760 77381 77969 l_envoi 13.289
3095.720 3121.880 77393 78047 uananinoue 14.275
3119.480 3129.080 77987 78227 ou_vol 7.362
3094.520 3129.560 77363 78239 les_americains_auraientils_pu_frenner_les_recherches_pour 54.847
3094.520 3129.560 77363 78239 oue_lifidbergh_soit_le_premier_a_avoir_traverse 34.053
3123.320 3129.560 78083 78239 ueitleifitiqug 12.607
3140.600 3142.520 78515 78563 hons 6.563
3148.760 3154.040 78719 78851 cavous 11.335
3149.480 3154.040 78737 78851 alessaraa_sucre 11.760
3120.440 3157.400 78011 78935 l_envoi 26.289
3131.240 3158.600 78281 78965 cet_accident_prefiguraitil_deja_la_guerre_commerciale 40.455
3147.560 3161.240 78689 79031 entre_boeing_et_annaus 18.945
3157.640 3169.160 78941 79229 cet_accident_prefiguraitil_deja_la_guerre_commerciale 39.595
3162.920 3169.160 79073 79229 l_envoi 10.289
3161.720 3176.840 79043 79421 entre_boeing_et_airbus 18.282
