29.560 30.520 739 763 frere_andre 1.000
677.440 680.560 16936 17014 corina_combet_galland 1.000
680.400 681.400 17010 17035 corina_combet_galland 1.000
1020.840 1024.080 25521 25602 elian_cuvillier 1.000
1538.680 1540.320 38467 38508 ide_la_revolte 0.833
1542.800 1543.880 38570 38597 ide_la_revolte 0.833
1797.000 1803.760 44925 45094 commandant_du_cuauhtemoc 0.909
1963.640 1964.440 49091 49111 benoit_stefani_/_francois_artu 0.962
1965.240 1968.120 49131 49203 benoit_stefani_/_francois_artu 0.962
2502.960 2506.320 62574 62658 pauline_legrand_/_philippe_queyroux 0.968
