327.680 330.440 8192 8261 patrick_montel 1.000
458.680 462.680 11467 11567 chris_froome 1.000
473.280 477.200 11832 11930 alberto_contador 1.000
947.920 951.080 23698 23777 philippe_lucas 1.000
1113.120 1116.200 27828 27905 patrice_lagisquet 1.000
1170.600 1174.600 29265 29365 adrien_plante 1.000
1183.320 1187.320 29583 29683 camille_lopez 1.000
1210.960 1214.960 30274 30374 thierry_dusautoir 1.000
1305.800 1309.800 32645 32745 kieran_read 1.000
1317.400 1321.400 32935 33035 philippe_saint_andre 1.000
1462.880 1466.880 36572 36672 marc_judith 1.000
1677.360 1683.240 41934 42081 rafael_nadal 1.000
2115.800 2119.800 52895 52995 marlene_harnois 1.000
2207.320 2211.320 55183 55283 stephanie_larcher 1.000
2216.000 2220.000 55400 55500 aurore_larcher 1.000
2863.200 2868.960 71580 71724 chaque_sens 1.000
