29.280 0 0.502 0.186 0.752 0.631
29.320 0 0.494 0.189 0.744 0.633
29.360 0 0.497 0.192 0.747 0.639
29.400 0 0.489 0.194 0.739 0.639
29.440 0 0.492 0.197 0.741 0.642
29.480 0 0.484 0.200 0.733 0.642
29.520 0 0.481 0.200 0.730 0.639
29.560 0 0.483 0.200 0.730 0.639
29.600 0 0.473 0.200 0.722 0.639
29.640 0 0.477 0.203 0.723 0.639
29.680 0 0.469 0.206 0.714 0.642
29.720 0 0.470 0.208 0.714 0.642
29.760 0 0.466 0.211 0.709 0.644
29.800 0 0.459 0.214 0.703 0.647
29.840 0 0.452 0.214 0.695 0.647
29.880 0 0.445 0.214 0.691 0.650
29.920 0 0.436 0.211 0.683 0.650
29.960 0 0.423 0.211 0.669 0.647
30.000 0 0.417 0.219 0.659 0.650
30.040 0 0.416 0.222 0.652 0.642
30.080 0 0.406 0.219 0.642 0.642
30.120 0 0.402 0.225 0.634 0.636
30.160 0 0.395 0.222 0.628 0.636
30.200 0 0.392 0.219 0.627 0.636
30.240 0 0.388 0.217 0.623 0.636
30.280 0 0.392 0.222 0.627 0.639
30.320 0 0.398 0.228 0.633 0.642
30.360 0 0.406 0.228 0.641 0.644
30.400 0 0.414 0.228 0.648 0.642
30.440 0 0.420 0.222 0.656 0.639
30.480 0 0.430 0.219 0.667 0.639
30.520 0 0.428 0.217 0.666 0.636
30.560 0 0.434 0.214 0.673 0.636
30.600 0 0.433 0.211 0.669 0.628
30.640 0 0.436 0.206 0.672 0.625
30.680 0 0.428 0.194 0.667 0.617
30.720 0 0.430 0.183 0.669 0.608
30.760 0 0.431 0.178 0.672 0.603
30.800 0 0.434 0.175 0.675 0.603
30.840 0 0.438 0.175 0.680 0.603
30.880 0 0.447 0.175 0.688 0.603
30.920 0 0.452 0.178 0.692 0.603
30.960 0 0.464 0.178 0.706 0.608
31.000 0 0.472 0.172 0.714 0.600
31.040 0 0.477 0.167 0.719 0.594
31.080 0 0.491 0.164 0.736 0.597
31.120 0 0.498 0.164 0.745 0.600
31.160 0 0.505 0.164 0.753 0.603
31.200 0 0.508 0.161 0.759 0.606
31.240 0 0.520 0.164 0.770 0.606
31.280 0 0.527 0.161 0.778 0.606
31.320 0 0.534 0.158 0.787 0.603
31.360 0 0.539 0.158 0.789 0.600
31.400 0 0.544 0.158 0.794 0.600
31.440 0 0.548 0.158 0.797 0.597
31.480 0 0.548 0.156 0.798 0.597
31.520 0 0.556 0.161 0.805 0.597
31.560 0 0.559 0.161 0.806 0.597
31.600 0 0.569 0.164 0.814 0.597
31.640 0 0.573 0.164 0.820 0.600
31.680 0 0.581 0.164 0.827 0.597
31.720 0 0.588 0.167 0.833 0.600
31.760 0 0.594 0.167 0.839 0.597
31.800 0 0.600 0.169 0.844 0.600
31.840 0 0.606 0.169 0.852 0.600
31.880 0 0.613 0.169 0.856 0.600
31.920 0 0.619 0.172 0.864 0.603
31.960 0 0.627 0.172 0.870 0.603
32.000 0 0.633 0.172 0.875 0.600
32.040 0 0.642 0.178 0.886 0.608
32.080 0 0.652 0.183 0.894 0.611
32.120 0 0.659 0.186 0.902 0.611
32.160 0 0.669 0.189 0.909 0.614
32.200 0 0.678 0.194 0.916 0.614
32.240 0 0.684 0.197 0.922 0.614
32.280 0 0.689 0.197 0.925 0.617
32.320 0 0.692 0.200 0.928 0.619
32.360 0 0.695 0.203 0.931 0.619
32.400 0 0.697 0.206 0.933 0.622
32.440 0 0.700 0.206 0.936 0.622
32.480 0 0.694 0.206 0.928 0.622
32.520 0 0.694 0.203 0.930 0.619
32.560 0 0.681 0.200 0.920 0.619
32.600 0 0.680 0.194 0.920 0.619
32.640 0 0.669 0.192 0.908 0.617
32.680 0 0.669 0.189 0.908 0.611
32.720 0 0.656 0.186 0.894 0.606
32.760 0 0.641 0.183 0.884 0.611
32.800 0 0.627 0.181 0.872 0.611
32.840 0 0.608 0.183 0.853 0.617
32.880 0 0.586 0.178 0.831 0.611
32.920 0 0.564 0.175 0.809 0.606
32.960 0 0.542 0.169 0.787 0.600
33.000 0 0.525 0.172 0.767 0.600
33.040 0 0.508 0.169 0.747 0.594
33.080 0 0.487 0.172 0.730 0.600
33.120 0 0.469 0.167 0.711 0.594
33.160 0 0.445 0.164 0.686 0.589
33.200 0 0.427 0.167 0.667 0.594
33.240 0 0.409 0.175 0.647 0.597
33.280 0 0.388 0.164 0.631 0.594
33.320 0 0.370 0.164 0.611 0.589
33.360 0 0.350 0.167 0.594 0.597
33.400 0 0.342 0.172 0.586 0.603
33.440 0 0.325 0.172 0.575 0.611
33.400 1 0.377 0.169 0.603 0.572
33.440 1 0.362 0.172 0.591 0.575
33.480 1 0.352 0.181 0.577 0.578
33.520 1 0.339 0.181 0.564 0.581
33.560 1 0.331 0.181 0.558 0.583
33.600 1 0.322 0.181 0.552 0.586
33.640 1 0.322 0.178 0.556 0.592
33.680 1 0.314 0.181 0.548 0.592
33.720 1 0.317 0.183 0.552 0.594
33.760 1 0.308 0.181 0.545 0.600
33.800 1 0.322 0.183 0.556 0.600
33.840 1 0.316 0.186 0.547 0.594
33.880 1 0.320 0.178 0.555 0.592
33.920 1 0.325 0.178 0.566 0.600
33.960 1 0.331 0.181 0.569 0.600
34.000 1 0.338 0.172 0.580 0.600
34.040 1 0.336 0.178 0.581 0.614
34.080 1 0.345 0.183 0.588 0.611
34.120 1 0.352 0.181 0.597 0.614
34.160 1 0.364 0.183 0.603 0.608
34.200 1 0.375 0.189 0.616 0.614
34.240 1 0.388 0.192 0.627 0.617
34.280 1 0.402 0.197 0.639 0.619
34.320 1 0.414 0.200 0.653 0.622
34.360 1 0.427 0.200 0.666 0.625
34.400 1 0.439 0.200 0.680 0.628
34.440 1 0.452 0.200 0.694 0.631
34.480 1 0.469 0.203 0.709 0.631
34.520 1 0.486 0.203 0.723 0.628
34.560 1 0.500 0.206 0.736 0.628
34.600 1 0.512 0.208 0.750 0.628
34.640 1 0.525 0.206 0.762 0.628
34.680 1 0.539 0.208 0.775 0.631
34.720 1 0.552 0.206 0.789 0.628
34.760 1 0.553 0.206 0.794 0.631
34.800 1 0.566 0.206 0.806 0.633
34.840 1 0.564 0.206 0.806 0.636
34.880 1 0.573 0.206 0.816 0.636
34.920 1 0.573 0.208 0.816 0.639
34.960 1 0.584 0.211 0.825 0.639
35.000 1 0.580 0.219 0.820 0.650
35.040 1 0.580 0.206 0.827 0.644
35.080 1 0.589 0.208 0.834 0.647
35.120 1 0.581 0.211 0.827 0.650
35.160 1 0.578 0.214 0.822 0.647
35.200 1 0.566 0.219 0.803 0.642
35.240 1 0.555 0.225 0.787 0.639
35.280 1 0.539 0.219 0.773 0.636
35.320 1 0.530 0.214 0.764 0.631
35.360 1 0.531 0.208 0.764 0.625
35.400 1 0.523 0.206 0.758 0.622
35.440 1 0.530 0.200 0.762 0.617
35.480 1 0.525 0.197 0.759 0.614
35.520 1 0.528 0.194 0.761 0.611
35.560 1 0.514 0.192 0.748 0.608
35.600 1 0.508 0.197 0.739 0.611
35.640 1 0.505 0.197 0.738 0.611
35.680 1 0.494 0.197 0.727 0.611
35.720 1 0.495 0.200 0.723 0.606
35.760 1 0.480 0.194 0.713 0.606
35.800 1 0.475 0.194 0.708 0.608
35.840 1 0.466 0.189 0.702 0.611
35.880 1 0.461 0.192 0.694 0.606
35.920 1 0.453 0.189 0.688 0.606
35.960 1 0.452 0.192 0.683 0.603
36.000 1 0.445 0.172 0.686 0.600
36.040 1 0.439 0.181 0.678 0.606
36.080 1 0.436 0.181 0.673 0.603
36.120 1 0.433 0.178 0.670 0.603
36.160 1 0.431 0.178 0.669 0.600
36.200 1 0.428 0.175 0.667 0.600
36.240 1 0.430 0.175 0.669 0.600
36.280 1 0.428 0.178 0.666 0.600
36.320 1 0.427 0.175 0.667 0.603
36.360 1 0.428 0.178 0.667 0.600
36.400 1 0.430 0.178 0.669 0.603
36.440 1 0.428 0.181 0.670 0.608
36.480 1 0.427 0.181 0.670 0.614
36.520 1 0.425 0.183 0.669 0.619
36.560 1 0.423 0.186 0.669 0.622
36.600 1 0.422 0.189 0.667 0.625
36.640 1 0.417 0.192 0.664 0.628
36.680 1 0.416 0.192 0.661 0.631
36.720 1 0.411 0.192 0.659 0.633
36.760 1 0.408 0.194 0.655 0.633
36.800 1 0.405 0.197 0.652 0.636
36.840 1 0.403 0.200 0.648 0.636
36.880 1 0.400 0.200 0.645 0.639
36.920 1 0.398 0.206 0.642 0.636
36.960 1 0.395 0.206 0.641 0.642
37.000 1 0.391 0.219 0.633 0.650
37.040 1 0.392 0.217 0.633 0.644
37.080 1 0.395 0.217 0.637 0.647
37.120 1 0.389 0.219 0.630 0.647
37.160 1 0.394 0.222 0.634 0.650
37.200 1 0.386 0.222 0.627 0.650
37.240 1 0.389 0.222 0.628 0.650
37.280 1 0.388 0.222 0.628 0.650
37.320 1 0.386 0.219 0.627 0.647
37.360 1 0.388 0.219 0.631 0.650
37.400 1 0.383 0.222 0.622 0.647
37.440 1 0.389 0.225 0.627 0.647
37.480 1 0.383 0.225 0.620 0.647
37.520 1 0.383 0.225 0.622 0.647
37.560 1 0.380 0.219 0.620 0.647
37.600 1 0.377 0.219 0.617 0.644
37.640 1 0.373 0.217 0.616 0.647
37.680 1 0.369 0.214 0.616 0.650
37.720 1 0.370 0.219 0.613 0.650
37.760 1 0.372 0.222 0.613 0.650
37.800 1 0.373 0.225 0.613 0.650
37.840 1 0.377 0.228 0.616 0.653
37.880 1 0.378 0.231 0.613 0.647
37.920 1 0.384 0.228 0.623 0.653
37.960 1 0.384 0.225 0.625 0.656
38.000 1 0.391 0.219 0.633 0.650
38.040 1 0.384 0.219 0.627 0.650
38.080 1 0.397 0.222 0.630 0.636
38.120 1 0.400 0.211 0.631 0.625
38.200 1 0.348 0.167 0.630 0.667
38.240 1 0.356 0.158 0.642 0.669
38.280 1 0.370 0.158 0.659 0.672
38.320 1 0.372 0.161 0.662 0.678
38.360 1 0.386 0.161 0.677 0.678
38.400 1 0.386 0.158 0.677 0.675
38.440 1 0.395 0.156 0.688 0.675
38.480 1 0.405 0.142 0.697 0.658
38.520 1 0.417 0.139 0.719 0.675
38.560 1 0.420 0.139 0.722 0.678
38.600 1 0.428 0.139 0.731 0.675
38.640 1 0.439 0.139 0.741 0.672
38.680 1 0.455 0.142 0.753 0.672
38.720 1 0.466 0.139 0.761 0.664
38.760 1 0.466 0.136 0.767 0.672
38.800 1 0.484 0.142 0.781 0.669
38.840 1 0.487 0.144 0.784 0.672
38.880 1 0.506 0.147 0.798 0.667
38.920 1 0.506 0.144 0.803 0.672
38.960 1 0.522 0.147 0.819 0.675
39.000 1 0.534 0.147 0.825 0.664
39.040 1 0.569 0.164 0.831 0.631
39.080 1 0.578 0.169 0.841 0.633
39.120 1 0.583 0.164 0.852 0.639
39.160 1 0.591 0.161 0.863 0.642
39.200 1 0.597 0.164 0.866 0.639
39.240 1 0.611 0.164 0.880 0.639
39.280 1 0.608 0.167 0.877 0.642
39.320 1 0.619 0.164 0.889 0.642
39.360 1 0.613 0.161 0.881 0.639
39.400 1 0.617 0.161 0.889 0.642
39.440 1 0.609 0.158 0.881 0.639
39.480 1 0.609 0.158 0.880 0.636
39.520 1 0.598 0.161 0.867 0.636
39.560 1 0.589 0.158 0.856 0.633
39.600 1 0.569 0.150 0.836 0.625
39.640 1 0.552 0.147 0.819 0.619
39.680 1 0.528 0.139 0.794 0.611
39.720 1 0.509 0.139 0.777 0.614
39.760 1 0.489 0.139 0.756 0.614
39.800 1 0.495 0.167 0.738 0.597
39.840 1 0.477 0.172 0.719 0.600
39.880 1 0.458 0.178 0.700 0.603
39.920 1 0.444 0.172 0.686 0.600
39.960 1 0.430 0.175 0.673 0.606
40.000 1 0.417 0.172 0.659 0.600
40.040 1 0.392 0.156 0.648 0.608
40.080 1 0.384 0.161 0.641 0.617
40.120 1 0.369 0.167 0.628 0.625
40.160 1 0.352 0.161 0.611 0.619
40.200 1 0.341 0.164 0.598 0.622
40.240 1 0.333 0.172 0.589 0.625
40.280 1 0.316 0.158 0.589 0.642
40.320 1 0.309 0.158 0.581 0.644
40.360 1 0.300 0.158 0.573 0.644
40.400 1 0.297 0.156 0.570 0.642
40.440 1 0.295 0.156 0.569 0.642
40.480 1 0.302 0.161 0.572 0.642
40.520 1 0.292 0.158 0.564 0.642
40.560 1 0.287 0.158 0.558 0.642
40.600 1 0.294 0.156 0.566 0.639
40.640 1 0.289 0.153 0.559 0.633
40.680 1 0.294 0.144 0.570 0.636
40.720 1 0.291 0.142 0.567 0.633
40.760 1 0.300 0.142 0.578 0.636
40.800 1 0.305 0.142 0.583 0.636
40.840 1 0.308 0.144 0.583 0.636
40.880 1 0.319 0.144 0.600 0.644
40.920 1 0.316 0.144 0.606 0.661
40.960 1 0.333 0.156 0.620 0.667
41.000 1 0.341 0.147 0.631 0.664
41.040 1 0.358 0.153 0.647 0.669
41.080 1 0.367 0.136 0.656 0.650
41.120 1 0.392 0.125 0.677 0.631
41.160 1 0.394 0.117 0.688 0.639
41.200 1 0.411 0.117 0.705 0.639
41.240 1 0.420 0.117 0.714 0.639
41.280 1 0.434 0.117 0.733 0.647
41.320 1 0.445 0.111 0.741 0.636
41.360 1 0.463 0.114 0.758 0.639
95.160 2 0.430 0.228 0.675 0.661
95.200 2 0.428 0.225 0.675 0.664
95.240 2 0.428 0.228 0.673 0.661
95.280 2 0.428 0.225 0.673 0.658
95.320 2 0.428 0.219 0.672 0.653
95.360 2 0.427 0.217 0.670 0.647
95.400 2 0.425 0.211 0.667 0.644
95.440 2 0.425 0.214 0.669 0.644
95.480 2 0.417 0.211 0.661 0.644
95.520 2 0.417 0.214 0.661 0.647
95.560 2 0.411 0.217 0.652 0.644
95.600 2 0.409 0.214 0.656 0.653
95.640 2 0.405 0.222 0.647 0.653
95.680 2 0.406 0.219 0.653 0.658
95.720 2 0.402 0.225 0.644 0.656
95.760 2 0.402 0.225 0.644 0.656
95.800 2 0.402 0.225 0.645 0.658
95.840 2 0.400 0.222 0.644 0.656
95.880 2 0.409 0.225 0.650 0.650
95.920 2 0.406 0.219 0.647 0.644
95.960 2 0.414 0.219 0.656 0.650
96.000 2 0.417 0.219 0.659 0.650
96.040 2 0.423 0.219 0.664 0.650
96.080 2 0.420 0.219 0.662 0.647
96.120 2 0.428 0.219 0.670 0.650
96.160 2 0.425 0.219 0.666 0.647
96.200 2 0.433 0.219 0.672 0.647
96.240 2 0.427 0.214 0.670 0.644
96.280 2 0.431 0.214 0.675 0.647
96.320 2 0.428 0.214 0.670 0.647
96.360 2 0.423 0.217 0.666 0.647
96.400 2 0.427 0.217 0.672 0.650
96.440 2 0.420 0.217 0.662 0.650
96.480 2 0.423 0.217 0.667 0.653
96.520 2 0.417 0.222 0.659 0.653
96.560 2 0.420 0.222 0.664 0.656
96.600 2 0.414 0.222 0.658 0.656
96.640 2 0.417 0.222 0.661 0.656
96.680 2 0.416 0.222 0.661 0.656
96.720 2 0.416 0.222 0.661 0.656
96.760 2 0.414 0.219 0.659 0.653
96.800 2 0.419 0.222 0.662 0.656
96.840 2 0.416 0.225 0.656 0.653
96.880 2 0.417 0.222 0.659 0.653
96.920 2 0.417 0.222 0.659 0.653
96.960 2 0.417 0.222 0.659 0.653
97.000 2 0.417 0.219 0.659 0.650
97.040 2 0.417 0.214 0.658 0.642
97.080 2 0.417 0.214 0.656 0.639
97.120 2 0.417 0.214 0.656 0.639
97.160 2 0.416 0.214 0.655 0.639
97.200 2 0.417 0.214 0.655 0.636
97.240 2 0.419 0.214 0.656 0.636
97.280 2 0.414 0.214 0.652 0.636
97.320 2 0.412 0.219 0.647 0.636
97.360 2 0.409 0.219 0.645 0.639
97.400 2 0.403 0.214 0.644 0.644
97.440 2 0.397 0.219 0.636 0.647
97.480 2 0.389 0.222 0.628 0.647
97.520 2 0.383 0.225 0.622 0.650
97.560 2 0.377 0.231 0.613 0.650
97.600 2 0.373 0.225 0.613 0.650
97.640 2 0.366 0.225 0.603 0.650
97.680 2 0.366 0.228 0.603 0.650
97.720 2 0.358 0.228 0.595 0.650
97.760 2 0.356 0.228 0.594 0.650
97.800 2 0.355 0.225 0.595 0.656
97.840 2 0.352 0.222 0.597 0.658
97.880 2 0.361 0.225 0.603 0.656
97.920 2 0.370 0.225 0.609 0.653
97.960 2 0.384 0.228 0.623 0.653
98.000 2 0.391 0.219 0.633 0.650
98.040 2 0.414 0.269 0.623 0.639
98.080 2 0.422 0.267 0.633 0.642
98.120 2 0.428 0.267 0.641 0.644
98.160 2 0.438 0.267 0.648 0.644
98.200 2 0.438 0.267 0.652 0.647
98.240 2 0.444 0.269 0.658 0.647
98.280 2 0.448 0.269 0.662 0.650
98.320 2 0.450 0.269 0.666 0.653
98.360 2 0.452 0.272 0.667 0.656
98.400 2 0.452 0.272 0.669 0.658
98.440 2 0.448 0.269 0.669 0.664
98.480 2 0.447 0.272 0.667 0.664
98.520 2 0.444 0.275 0.664 0.667
98.560 2 0.442 0.275 0.661 0.664
98.600 2 0.438 0.275 0.658 0.664
98.640 2 0.436 0.278 0.655 0.667
98.680 2 0.428 0.275 0.648 0.667
98.720 2 0.430 0.278 0.648 0.667
98.760 2 0.425 0.278 0.644 0.667
98.800 2 0.417 0.275 0.637 0.667
98.840 2 0.420 0.278 0.639 0.667
98.880 2 0.414 0.278 0.633 0.667
98.920 2 0.422 0.281 0.641 0.669
98.960 2 0.419 0.281 0.637 0.672
99.000 2 0.428 0.281 0.645 0.669
99.040 2 0.431 0.283 0.650 0.672
99.080 2 0.441 0.289 0.655 0.669
99.120 2 0.447 0.286 0.662 0.669
99.160 2 0.447 0.283 0.662 0.669
99.200 2 0.453 0.283 0.669 0.669
99.240 2 0.458 0.281 0.677 0.669
99.280 2 0.459 0.281 0.680 0.669
99.320 2 0.467 0.278 0.688 0.672
99.360 2 0.463 0.278 0.684 0.672
99.400 2 0.464 0.281 0.688 0.675
99.440 2 0.466 0.283 0.689 0.681
99.480 2 0.466 0.286 0.691 0.683
99.520 2 0.467 0.289 0.692 0.689
99.560 2 0.467 0.289 0.694 0.689
99.600 2 0.477 0.292 0.702 0.689
99.640 2 0.473 0.283 0.702 0.689
99.680 2 0.484 0.283 0.711 0.686
99.720 2 0.487 0.278 0.714 0.681
99.760 2 0.497 0.278 0.723 0.681
99.800 2 0.492 0.275 0.719 0.681
99.840 2 0.502 0.275 0.728 0.681
99.880 2 0.495 0.275 0.725 0.683
99.920 2 0.494 0.278 0.723 0.686
99.960 2 0.486 0.278 0.717 0.686
100.000 2 0.480 0.278 0.711 0.689
100.040 2 0.477 0.275 0.709 0.689
100.080 2 0.475 0.275 0.708 0.689
100.120 2 0.473 0.275 0.708 0.689
100.160 2 0.472 0.272 0.706 0.689
100.200 2 0.472 0.272 0.705 0.686
100.240 2 0.470 0.272 0.705 0.686
100.280 2 0.467 0.272 0.698 0.683
100.320 2 0.472 0.272 0.703 0.683
100.360 2 0.473 0.272 0.705 0.683
100.400 2 0.469 0.275 0.698 0.681
100.440 2 0.477 0.272 0.708 0.683
100.480 2 0.475 0.275 0.703 0.681
100.520 2 0.481 0.272 0.711 0.681
100.560 2 0.491 0.272 0.719 0.678
100.600 2 0.498 0.272 0.725 0.678
100.640 2 0.503 0.272 0.730 0.672
100.680 2 0.512 0.269 0.739 0.672
100.720 2 0.511 0.267 0.736 0.667
100.760 2 0.520 0.267 0.747 0.669
100.800 2 0.508 0.267 0.734 0.669
100.840 2 0.514 0.267 0.741 0.669
100.880 2 0.503 0.269 0.728 0.669
100.920 2 0.500 0.267 0.725 0.667
100.960 2 0.498 0.267 0.722 0.664
101.000 2 0.505 0.303 0.706 0.661
101.040 2 0.498 0.294 0.700 0.653
101.080 2 0.502 0.292 0.702 0.647
101.120 2 0.503 0.286 0.703 0.642
101.160 2 0.506 0.283 0.705 0.636
101.200 2 0.509 0.283 0.705 0.631
101.240 2 0.509 0.281 0.705 0.628
101.280 2 0.512 0.283 0.706 0.628
101.320 2 0.509 0.283 0.706 0.633
101.360 2 0.511 0.286 0.708 0.639
101.400 2 0.511 0.286 0.713 0.647
101.440 2 0.509 0.289 0.717 0.656
101.480 2 0.517 0.289 0.725 0.656
101.520 2 0.516 0.289 0.723 0.661
101.560 2 0.522 0.292 0.730 0.658
101.600 2 0.519 0.294 0.723 0.658
101.640 2 0.520 0.294 0.725 0.658
101.680 2 0.514 0.297 0.716 0.656
101.720 2 0.508 0.297 0.711 0.658
101.760 2 0.502 0.303 0.703 0.661
101.800 2 0.505 0.300 0.706 0.661
101.840 2 0.498 0.294 0.702 0.658
101.880 2 0.505 0.289 0.708 0.650
101.920 2 0.505 0.281 0.708 0.639
101.960 2 0.506 0.272 0.708 0.631
102.000 2 0.505 0.261 0.706 0.619
102.040 2 0.503 0.247 0.722 0.636
102.080 2 0.509 0.247 0.728 0.636
102.120 2 0.514 0.250 0.733 0.639
102.160 2 0.517 0.256 0.734 0.642
102.200 2 0.514 0.264 0.733 0.650
102.240 2 0.516 0.269 0.733 0.656
102.280 2 0.508 0.283 0.720 0.661
102.320 2 0.500 0.278 0.717 0.664
102.360 2 0.489 0.275 0.709 0.669
102.400 2 0.477 0.278 0.702 0.678
102.440 2 0.469 0.272 0.697 0.678
102.480 2 0.473 0.272 0.700 0.678
102.520 2 0.475 0.275 0.698 0.672
102.560 2 0.481 0.278 0.703 0.672
102.600 2 0.484 0.278 0.706 0.672
102.640 2 0.486 0.278 0.708 0.672
102.680 2 0.486 0.281 0.708 0.672
102.720 2 0.487 0.283 0.706 0.672
102.760 2 0.483 0.281 0.705 0.675
102.800 2 0.478 0.278 0.700 0.675
102.840 2 0.480 0.281 0.700 0.675
102.880 2 0.477 0.281 0.698 0.675
102.920 2 0.481 0.281 0.702 0.672
102.960 2 0.480 0.283 0.698 0.672
103.000 2 0.472 0.267 0.714 0.697
103.040 2 0.477 0.258 0.723 0.697
103.080 2 0.480 0.258 0.730 0.700
103.120 2 0.472 0.261 0.717 0.697
103.160 2 0.477 0.258 0.723 0.697
103.200 2 0.478 0.264 0.720 0.694
103.240 2 0.475 0.261 0.720 0.697
103.280 2 0.473 0.264 0.716 0.694
103.320 2 0.475 0.264 0.719 0.697
103.360 2 0.475 0.269 0.714 0.694
103.400 2 0.472 0.269 0.713 0.694
103.440 2 0.472 0.269 0.709 0.694
103.480 2 0.470 0.272 0.706 0.692
103.520 2 0.467 0.272 0.702 0.689
103.560 2 0.464 0.269 0.698 0.686
103.600 2 0.459 0.269 0.694 0.686
103.640 2 0.455 0.269 0.689 0.683
103.680 2 0.452 0.269 0.684 0.683
103.720 2 0.444 0.267 0.680 0.686
103.760 2 0.447 0.267 0.683 0.686
103.800 2 0.438 0.264 0.675 0.686
103.840 2 0.433 0.267 0.670 0.686
103.880 2 0.428 0.264 0.669 0.692
103.920 2 0.422 0.267 0.662 0.694
103.960 2 0.416 0.272 0.659 0.706
104.000 2 0.417 0.267 0.659 0.697
104.040 2 0.394 0.244 0.658 0.714
104.080 2 0.389 0.253 0.647 0.714
104.120 2 0.391 0.253 0.648 0.711
104.160 2 0.381 0.250 0.641 0.711
104.200 2 0.384 0.250 0.644 0.708
104.240 2 0.381 0.247 0.637 0.706
104.280 2 0.383 0.250 0.641 0.711
104.320 2 0.377 0.250 0.639 0.719
104.360 2 0.380 0.250 0.642 0.719
104.400 2 0.381 0.256 0.644 0.722
104.440 2 0.384 0.258 0.639 0.714
104.480 2 0.386 0.256 0.642 0.711
104.520 2 0.388 0.253 0.647 0.711
104.560 2 0.381 0.247 0.642 0.714
104.600 2 0.383 0.244 0.644 0.711
104.640 2 0.381 0.244 0.644 0.711
104.680 2 0.381 0.244 0.642 0.711
104.720 2 0.377 0.244 0.636 0.706
104.760 2 0.369 0.250 0.630 0.714
104.800 2 0.364 0.258 0.620 0.714
104.840 2 0.366 0.261 0.620 0.717
104.880 2 0.358 0.261 0.613 0.717
104.920 2 0.359 0.261 0.617 0.719
104.960 2 0.362 0.256 0.620 0.717
105.000 2 0.364 0.253 0.623 0.717
105.040 2 0.369 0.250 0.631 0.717
105.080 2 0.372 0.247 0.636 0.717
105.120 2 0.375 0.242 0.637 0.711
105.160 2 0.383 0.247 0.645 0.711
105.200 2 0.383 0.247 0.644 0.711
105.240 2 0.384 0.244 0.647 0.714
105.280 2 0.384 0.244 0.648 0.714
105.320 2 0.386 0.244 0.648 0.717
105.360 2 0.389 0.247 0.650 0.717
105.400 2 0.388 0.247 0.648 0.714
105.440 2 0.386 0.242 0.653 0.717
105.480 2 0.388 0.242 0.652 0.711
105.520 2 0.388 0.239 0.653 0.711
105.560 2 0.389 0.239 0.653 0.708
105.600 2 0.389 0.233 0.656 0.708
105.640 2 0.391 0.233 0.656 0.708
105.680 2 0.391 0.233 0.656 0.708
105.720 2 0.391 0.233 0.656 0.708
105.760 2 0.391 0.233 0.656 0.708
105.800 2 0.391 0.233 0.656 0.708
105.840 2 0.391 0.233 0.656 0.708
105.880 2 0.391 0.233 0.656 0.708
105.920 2 0.391 0.233 0.656 0.706
105.960 2 0.389 0.231 0.655 0.706
106.000 2 0.373 0.206 0.662 0.722
106.040 2 0.383 0.225 0.650 0.703
106.080 2 0.380 0.228 0.644 0.697
106.120 2 0.375 0.228 0.636 0.692
106.160 2 0.378 0.233 0.637 0.694
106.200 2 0.369 0.231 0.630 0.697
106.240 2 0.372 0.239 0.630 0.697
106.280 2 0.364 0.242 0.622 0.700
106.320 2 0.356 0.247 0.616 0.711
106.360 2 0.355 0.253 0.617 0.719
106.400 2 0.348 0.264 0.609 0.728
106.440 2 0.347 0.272 0.606 0.733
106.480 2 0.344 0.281 0.602 0.739
106.520 2 0.344 0.283 0.602 0.742
106.560 2 0.341 0.283 0.597 0.739
106.600 2 0.345 0.281 0.605 0.744
106.640 2 0.348 0.275 0.606 0.736
106.680 2 0.356 0.267 0.616 0.728
106.720 2 0.353 0.258 0.614 0.725
106.760 2 0.362 0.250 0.623 0.717
106.800 2 0.367 0.247 0.633 0.719
106.840 2 0.364 0.247 0.630 0.719
106.880 2 0.375 0.253 0.639 0.722
106.920 2 0.369 0.247 0.639 0.728
106.960 2 0.375 0.242 0.648 0.731
107.000 2 0.391 0.267 0.633 0.697
107.040 2 0.392 0.261 0.634 0.692
107.080 2 0.400 0.261 0.637 0.681
107.120 2 0.408 0.256 0.644 0.675
107.160 2 0.414 0.256 0.652 0.678
107.200 2 0.412 0.261 0.650 0.683
107.240 2 0.417 0.264 0.659 0.694
107.280 2 0.408 0.272 0.655 0.708
107.320 2 0.416 0.272 0.664 0.717
107.360 2 0.403 0.281 0.655 0.725
107.400 2 0.406 0.275 0.661 0.728
107.440 2 0.405 0.275 0.655 0.717
107.480 2 0.409 0.264 0.661 0.711
107.520 2 0.409 0.258 0.661 0.708
107.560 2 0.409 0.256 0.664 0.708
107.600 2 0.412 0.256 0.666 0.706
107.640 2 0.414 0.256 0.669 0.708
107.680 2 0.414 0.258 0.669 0.711
107.720 2 0.417 0.261 0.672 0.714
107.760 2 0.409 0.261 0.667 0.717
107.800 2 0.412 0.261 0.669 0.717
107.840 2 0.412 0.258 0.669 0.717
107.880 2 0.411 0.256 0.667 0.711
107.920 2 0.414 0.250 0.672 0.711
107.960 2 0.409 0.250 0.666 0.706
108.000 2 0.417 0.267 0.659 0.697
108.040 2 0.419 0.269 0.661 0.700
108.080 2 0.419 0.269 0.661 0.700
108.120 2 0.422 0.269 0.664 0.700
108.160 2 0.417 0.269 0.658 0.697
108.200 2 0.420 0.269 0.661 0.700
108.240 2 0.417 0.264 0.661 0.697
108.280 2 0.420 0.261 0.666 0.697
108.320 2 0.417 0.264 0.661 0.697
108.360 2 0.419 0.267 0.661 0.700
108.400 2 0.419 0.269 0.662 0.703
108.440 2 0.419 0.269 0.662 0.703
108.480 2 0.417 0.267 0.661 0.700
108.520 2 0.417 0.267 0.659 0.697
108.560 2 0.416 0.264 0.658 0.697
108.600 2 0.412 0.258 0.658 0.694
108.640 2 0.419 0.264 0.659 0.692
108.680 2 0.414 0.264 0.656 0.694
108.720 2 0.412 0.264 0.653 0.694
108.760 2 0.414 0.264 0.656 0.697
108.800 2 0.412 0.264 0.656 0.697
108.840 2 0.414 0.264 0.656 0.697
108.880 2 0.412 0.267 0.653 0.694
108.920 2 0.414 0.264 0.658 0.697
108.960 2 0.412 0.264 0.656 0.697
109.000 2 0.417 0.267 0.659 0.697
109.040 2 0.420 0.264 0.667 0.703
109.080 2 0.420 0.264 0.667 0.703
109.120 2 0.420 0.261 0.666 0.697
109.160 2 0.425 0.264 0.669 0.700
109.200 2 0.422 0.267 0.666 0.700
109.240 2 0.423 0.267 0.669 0.703
109.280 2 0.419 0.269 0.661 0.700
109.320 2 0.422 0.267 0.667 0.703
109.360 2 0.417 0.269 0.659 0.703
109.400 2 0.422 0.269 0.666 0.703
109.440 2 0.416 0.272 0.656 0.703
109.480 2 0.417 0.275 0.661 0.708
109.520 2 0.409 0.286 0.655 0.719
109.560 2 0.405 0.300 0.648 0.733
109.600 2 0.397 0.308 0.641 0.742
109.640 2 0.395 0.328 0.636 0.756
109.680 2 0.394 0.339 0.633 0.767
109.720 2 0.391 0.353 0.630 0.778
109.760 2 0.389 0.358 0.627 0.783
109.800 2 0.386 0.361 0.627 0.789
109.840 2 0.386 0.367 0.625 0.792
109.880 2 0.391 0.364 0.628 0.789
109.920 2 0.388 0.353 0.628 0.783
109.960 2 0.389 0.339 0.633 0.772
110.000 2 0.397 0.322 0.641 0.758
110.040 2 0.400 0.306 0.644 0.739
110.080 2 0.406 0.283 0.653 0.722
110.120 2 0.408 0.269 0.656 0.711
110.160 2 0.416 0.264 0.666 0.706
110.200 2 0.412 0.258 0.662 0.703
110.240 2 0.419 0.258 0.669 0.703
110.280 2 0.416 0.258 0.664 0.700
110.320 2 0.419 0.261 0.669 0.703
110.360 2 0.417 0.264 0.664 0.700
110.400 2 0.420 0.269 0.661 0.697
110.440 2 0.419 0.267 0.661 0.700
110.480 2 0.419 0.269 0.659 0.700
110.520 2 0.417 0.269 0.661 0.700
110.560 2 0.417 0.269 0.658 0.697
110.600 2 0.420 0.267 0.662 0.697
110.640 2 0.414 0.267 0.656 0.697
110.680 2 0.417 0.267 0.661 0.700
110.720 2 0.417 0.267 0.659 0.700
110.760 2 0.416 0.267 0.659 0.697
110.800 2 0.419 0.269 0.658 0.694
110.840 2 0.414 0.267 0.656 0.697
110.880 2 0.417 0.269 0.656 0.694
110.920 2 0.412 0.267 0.655 0.697
110.960 2 0.417 0.269 0.656 0.694
111.000 2 0.417 0.267 0.659 0.697
111.040 2 0.400 0.233 0.669 0.711
111.080 2 0.402 0.233 0.672 0.714
111.120 2 0.400 0.233 0.669 0.714
111.160 2 0.398 0.233 0.669 0.714
111.200 2 0.398 0.233 0.667 0.714
111.240 2 0.398 0.233 0.667 0.711
111.280 2 0.395 0.233 0.664 0.714
111.320 2 0.400 0.233 0.667 0.711
111.360 2 0.397 0.233 0.666 0.714
111.400 2 0.402 0.233 0.669 0.711
111.440 2 0.402 0.233 0.670 0.711
111.480 2 0.402 0.233 0.670 0.711
111.520 2 0.402 0.233 0.670 0.711
111.560 2 0.403 0.233 0.673 0.714
111.600 2 0.398 0.233 0.667 0.711
111.640 2 0.406 0.233 0.675 0.711
111.680 2 0.403 0.233 0.670 0.711
111.720 2 0.406 0.233 0.673 0.711
111.760 2 0.400 0.236 0.666 0.708
111.800 2 0.402 0.233 0.669 0.711
111.840 2 0.400 0.236 0.664 0.708
111.880 2 0.402 0.236 0.666 0.708
111.920 2 0.400 0.239 0.662 0.708
111.960 2 0.394 0.239 0.658 0.708
112.000 2 0.373 0.206 0.662 0.722
112.040 2 0.380 0.225 0.647 0.700
112.080 2 0.370 0.225 0.637 0.700
112.120 2 0.375 0.228 0.637 0.697
112.160 2 0.369 0.225 0.631 0.694
112.200 2 0.375 0.222 0.637 0.692
112.240 2 0.370 0.217 0.636 0.689
112.280 2 0.383 0.217 0.648 0.692
112.320 2 0.388 0.219 0.653 0.692
112.360 2 0.400 0.219 0.664 0.692
112.400 2 0.408 0.225 0.670 0.692
112.440 2 0.416 0.225 0.680 0.697
112.480 2 0.431 0.236 0.692 0.700
112.520 2 0.438 0.247 0.698 0.711
112.560 2 0.453 0.275 0.700 0.714
112.600 2 0.452 0.286 0.697 0.722
112.640 2 0.453 0.294 0.698 0.731
112.680 2 0.439 0.292 0.684 0.728
112.720 2 0.434 0.289 0.681 0.728
112.760 2 0.422 0.281 0.667 0.719
112.800 2 0.420 0.275 0.664 0.708
112.840 2 0.408 0.272 0.652 0.706
112.880 2 0.403 0.272 0.645 0.703
112.920 2 0.397 0.269 0.641 0.703
112.960 2 0.394 0.269 0.636 0.700
113.000 2 0.391 0.267 0.633 0.697
113.040 2 0.389 0.264 0.631 0.694
113.080 2 0.388 0.261 0.630 0.692
113.120 2 0.389 0.253 0.639 0.697
113.160 2 0.386 0.253 0.633 0.692
113.200 2 0.383 0.247 0.636 0.694
113.240 2 0.381 0.244 0.633 0.692
113.280 2 0.377 0.244 0.630 0.692
113.320 2 0.369 0.247 0.620 0.694
113.360 2 0.364 0.258 0.613 0.697
113.400 2 0.362 0.267 0.609 0.706
113.440 2 0.359 0.278 0.606 0.717
113.480 2 0.352 0.292 0.597 0.728
113.520 2 0.364 0.300 0.609 0.736
113.800 2 0.355 0.317 0.598 0.747
113.840 2 0.364 0.303 0.606 0.733
113.880 2 0.362 0.294 0.603 0.722
113.920 2 0.370 0.286 0.613 0.717
113.960 2 0.366 0.281 0.609 0.714
114.000 2 0.375 0.275 0.617 0.708
114.040 2 0.370 0.269 0.616 0.706
114.080 2 0.380 0.267 0.623 0.700
114.120 2 0.375 0.258 0.622 0.697
114.160 2 0.383 0.250 0.630 0.689
114.200 2 0.381 0.244 0.628 0.683
114.240 2 0.386 0.239 0.634 0.678
114.280 2 0.395 0.239 0.642 0.678
114.320 2 0.398 0.239 0.645 0.681
114.360 2 0.397 0.236 0.645 0.678
114.400 2 0.405 0.236 0.655 0.678
114.440 2 0.402 0.233 0.652 0.678
114.480 2 0.411 0.233 0.659 0.678
114.520 2 0.406 0.231 0.656 0.675
114.560 2 0.414 0.231 0.662 0.675
114.600 2 0.409 0.231 0.658 0.672
114.640 2 0.417 0.233 0.664 0.672
114.680 2 0.414 0.233 0.661 0.669
114.720 2 0.422 0.233 0.667 0.669
114.760 2 0.417 0.228 0.664 0.667
114.800 2 0.423 0.228 0.669 0.661
114.840 2 0.423 0.225 0.667 0.658
114.880 2 0.420 0.222 0.666 0.661
114.920 2 0.419 0.222 0.662 0.656
114.960 2 0.417 0.219 0.659 0.650
115.000 2 0.417 0.219 0.659 0.650
115.040 2 0.395 0.203 0.666 0.683
115.080 2 0.395 0.200 0.666 0.683
115.120 2 0.400 0.206 0.667 0.678
115.160 2 0.405 0.206 0.670 0.678
115.200 2 0.400 0.203 0.667 0.678
115.240 2 0.402 0.206 0.670 0.683
115.280 2 0.403 0.206 0.672 0.686
115.320 2 0.405 0.208 0.675 0.689
115.360 2 0.406 0.208 0.677 0.689
115.400 2 0.406 0.208 0.680 0.692
115.440 2 0.403 0.206 0.678 0.694
115.480 2 0.411 0.206 0.684 0.692
115.520 2 0.406 0.203 0.680 0.692
115.560 2 0.412 0.203 0.686 0.686
115.600 2 0.406 0.194 0.684 0.689
115.640 2 0.419 0.200 0.688 0.681
115.680 2 0.417 0.203 0.686 0.681
115.720 2 0.419 0.203 0.688 0.681
115.760 2 0.419 0.206 0.688 0.683
115.800 2 0.419 0.206 0.689 0.686
115.840 2 0.420 0.208 0.689 0.686
115.880 2 0.420 0.211 0.689 0.689
115.920 2 0.420 0.214 0.689 0.692
115.960 2 0.420 0.217 0.689 0.694
116.000 2 0.405 0.206 0.695 0.722
116.040 2 0.420 0.228 0.686 0.700
116.080 2 0.422 0.231 0.688 0.703
116.120 2 0.425 0.236 0.692 0.714
116.160 2 0.427 0.242 0.697 0.725
116.200 2 0.431 0.250 0.702 0.733
116.240 2 0.434 0.258 0.706 0.742
116.280 2 0.438 0.267 0.709 0.750
116.320 2 0.442 0.278 0.711 0.758
116.360 2 0.444 0.283 0.713 0.764
116.400 2 0.444 0.283 0.713 0.764
116.440 2 0.442 0.281 0.711 0.758
116.480 2 0.439 0.275 0.708 0.753
116.520 2 0.436 0.267 0.706 0.747
116.560 2 0.434 0.261 0.703 0.742
116.600 2 0.433 0.258 0.698 0.733
116.640 2 0.430 0.253 0.695 0.728
116.680 2 0.427 0.250 0.692 0.722
116.720 2 0.423 0.244 0.689 0.717
116.760 2 0.422 0.242 0.686 0.711
116.800 2 0.419 0.239 0.681 0.706
116.840 2 0.417 0.239 0.678 0.703
116.880 2 0.416 0.236 0.677 0.700
116.920 2 0.414 0.236 0.675 0.700
116.960 2 0.414 0.236 0.673 0.700
117.000 2 0.414 0.236 0.673 0.697
117.040 2 0.414 0.236 0.673 0.700
117.080 2 0.414 0.236 0.673 0.697
117.120 2 0.414 0.236 0.673 0.697
117.160 2 0.417 0.242 0.673 0.697
117.200 2 0.412 0.236 0.672 0.700
117.240 2 0.414 0.239 0.672 0.697
117.280 2 0.416 0.239 0.675 0.700
117.320 2 0.416 0.236 0.675 0.700
117.360 2 0.412 0.236 0.673 0.703
117.400 2 0.412 0.236 0.673 0.703
117.440 2 0.412 0.236 0.673 0.703
117.480 2 0.411 0.233 0.672 0.700
117.520 2 0.416 0.236 0.677 0.703
117.560 2 0.409 0.233 0.672 0.703
117.600 2 0.412 0.236 0.675 0.703
117.640 2 0.412 0.233 0.675 0.700
117.680 2 0.412 0.236 0.675 0.700
117.720 2 0.412 0.236 0.673 0.700
117.760 2 0.412 0.236 0.673 0.700
117.800 2 0.412 0.236 0.673 0.700
117.840 2 0.417 0.236 0.677 0.700
117.880 2 0.416 0.233 0.678 0.703
117.920 2 0.416 0.233 0.681 0.708
117.960 2 0.425 0.239 0.692 0.714
118.000 2 0.445 0.267 0.686 0.697
118.040 2 0.448 0.272 0.688 0.703
118.080 2 0.450 0.278 0.686 0.703
118.120 2 0.448 0.275 0.686 0.700
118.160 2 0.447 0.269 0.684 0.694
118.200 2 0.445 0.264 0.683 0.689
118.240 2 0.444 0.258 0.683 0.683
118.280 2 0.444 0.256 0.681 0.681
118.320 2 0.442 0.253 0.681 0.678
118.360 2 0.442 0.256 0.680 0.678
118.400 2 0.436 0.256 0.673 0.681
118.440 2 0.441 0.256 0.680 0.683
118.480 2 0.436 0.258 0.672 0.681
118.520 2 0.439 0.258 0.678 0.686
118.560 2 0.439 0.258 0.678 0.683
118.600 2 0.439 0.258 0.678 0.683
118.640 2 0.439 0.258 0.677 0.683
118.680 2 0.439 0.258 0.678 0.683
118.720 2 0.439 0.258 0.677 0.683
118.760 2 0.439 0.258 0.678 0.686
118.800 2 0.436 0.264 0.670 0.683
118.840 2 0.439 0.261 0.677 0.686
118.880 2 0.433 0.267 0.667 0.686
118.920 2 0.438 0.264 0.673 0.686
118.960 2 0.438 0.264 0.673 0.686
119.000 2 0.438 0.264 0.673 0.686
119.040 2 0.445 0.269 0.677 0.683
119.080 2 0.436 0.269 0.666 0.683
119.120 2 0.441 0.267 0.677 0.689
119.160 2 0.436 0.261 0.673 0.686
119.200 2 0.434 0.261 0.670 0.686
119.240 2 0.431 0.261 0.669 0.683
119.280 2 0.430 0.261 0.667 0.686
119.320 2 0.430 0.261 0.667 0.683
119.360 2 0.428 0.258 0.666 0.681
119.400 2 0.428 0.256 0.664 0.678
119.440 2 0.427 0.253 0.662 0.675
119.480 2 0.425 0.250 0.662 0.675
119.520 2 0.423 0.247 0.661 0.672
119.560 2 0.423 0.247 0.661 0.672
119.600 2 0.423 0.247 0.661 0.672
130.600 3 0.186 0.228 0.458 0.711
130.640 3 0.181 0.222 0.456 0.711
130.680 3 0.177 0.214 0.456 0.711
130.720 3 0.175 0.208 0.456 0.708
130.760 3 0.167 0.200 0.452 0.708
130.800 3 0.177 0.194 0.461 0.703
130.840 3 0.163 0.186 0.448 0.697
130.880 3 0.169 0.178 0.456 0.692
130.920 3 0.164 0.169 0.452 0.681
130.960 3 0.173 0.172 0.456 0.675
131.000 3 0.180 0.147 0.470 0.664
131.040 3 0.200 0.142 0.489 0.656
131.080 3 0.212 0.133 0.505 0.653
131.120 3 0.212 0.131 0.506 0.653
131.160 3 0.223 0.131 0.517 0.653
131.200 3 0.228 0.125 0.520 0.647
131.240 3 0.241 0.128 0.534 0.650
131.280 3 0.245 0.136 0.536 0.653
131.320 3 0.258 0.144 0.550 0.664
131.360 3 0.258 0.156 0.552 0.678
131.400 3 0.255 0.158 0.544 0.672
131.440 3 0.256 0.158 0.544 0.669
131.480 3 0.242 0.156 0.528 0.664
131.520 3 0.242 0.153 0.530 0.661
131.560 3 0.237 0.158 0.522 0.661
131.600 3 0.237 0.158 0.522 0.664
131.640 3 0.227 0.158 0.512 0.667
131.680 3 0.227 0.158 0.511 0.664
131.720 3 0.223 0.156 0.506 0.658
131.760 3 0.220 0.150 0.503 0.656
131.800 3 0.216 0.150 0.498 0.653
131.840 3 0.219 0.147 0.503 0.653
131.880 3 0.220 0.147 0.506 0.653
131.920 3 0.223 0.147 0.509 0.653
131.960 3 0.225 0.144 0.512 0.656
132.000 3 0.228 0.142 0.516 0.653
132.040 3 0.228 0.144 0.512 0.653
132.080 3 0.236 0.142 0.523 0.653
132.120 3 0.233 0.142 0.520 0.653
132.160 3 0.241 0.136 0.531 0.653
132.200 3 0.237 0.136 0.528 0.653
132.240 3 0.245 0.139 0.534 0.653
132.280 3 0.241 0.139 0.531 0.656
132.320 3 0.236 0.139 0.528 0.656
132.360 3 0.237 0.142 0.530 0.658
132.400 3 0.231 0.142 0.522 0.656
132.440 3 0.228 0.139 0.519 0.656
132.480 3 0.230 0.142 0.519 0.656
132.520 3 0.222 0.142 0.511 0.658
132.560 3 0.228 0.144 0.517 0.658
132.600 3 0.225 0.147 0.514 0.661
132.640 3 0.223 0.150 0.512 0.664
132.680 3 0.222 0.150 0.512 0.664
132.720 3 0.216 0.144 0.509 0.667
132.760 3 0.225 0.150 0.516 0.667
132.800 3 0.222 0.150 0.512 0.667
132.840 3 0.223 0.150 0.514 0.664
132.880 3 0.225 0.147 0.516 0.664
132.920 3 0.227 0.150 0.517 0.664
132.960 3 0.227 0.147 0.517 0.664
133.000 3 0.244 0.147 0.534 0.664
133.040 3 0.236 0.114 0.555 0.681
133.080 3 0.231 0.111 0.548 0.678
133.120 3 0.241 0.108 0.559 0.675
133.160 3 0.236 0.106 0.553 0.669
133.200 3 0.247 0.108 0.564 0.672
133.240 3 0.242 0.106 0.558 0.667
133.280 3 0.252 0.106 0.567 0.667
133.320 3 0.244 0.106 0.561 0.667
133.360 3 0.247 0.103 0.564 0.667
133.400 3 0.236 0.100 0.553 0.664
133.440 3 0.239 0.097 0.558 0.664
133.480 3 0.231 0.094 0.550 0.661
133.520 3 0.233 0.092 0.558 0.669
133.560 3 0.241 0.097 0.558 0.661
133.600 3 0.248 0.100 0.562 0.661
133.640 3 0.244 0.094 0.562 0.661
133.680 3 0.255 0.097 0.573 0.664
133.720 3 0.247 0.094 0.567 0.664
133.760 3 0.256 0.094 0.575 0.664
133.800 3 0.248 0.092 0.569 0.661
133.840 3 0.258 0.086 0.580 0.658
133.880 3 0.253 0.081 0.577 0.653
133.920 3 0.266 0.078 0.586 0.650
133.960 3 0.263 0.075 0.583 0.644
134.000 3 0.255 0.042 0.603 0.661
134.040 3 0.252 0.050 0.603 0.672
134.080 3 0.241 0.042 0.594 0.672
134.120 3 0.256 0.050 0.603 0.667
134.160 3 0.242 0.039 0.595 0.664
134.200 3 0.245 0.031 0.600 0.661
134.240 3 0.245 0.031 0.597 0.656
134.280 3 0.244 0.028 0.597 0.653
134.320 3 0.245 0.028 0.595 0.650
134.360 3 0.244 0.025 0.594 0.647
134.400 3 0.244 0.022 0.594 0.644
134.440 3 0.242 0.022 0.592 0.644
134.480 3 0.242 0.022 0.592 0.644
134.520 3 0.237 0.022 0.588 0.644
134.560 3 0.244 0.022 0.594 0.644
134.600 3 0.244 0.022 0.594 0.644
134.640 3 0.245 0.022 0.595 0.644
134.680 3 0.247 0.022 0.597 0.647
134.720 3 0.247 0.025 0.597 0.647
134.760 3 0.242 0.022 0.594 0.650
134.800 3 0.247 0.025 0.597 0.647
134.840 3 0.248 0.028 0.600 0.650
134.880 3 0.252 0.028 0.602 0.650
134.920 3 0.255 0.031 0.603 0.650
134.960 3 0.258 0.031 0.606 0.650
135.000 3 0.255 0.042 0.603 0.661
135.040 3 0.266 0.042 0.614 0.661
131.000 4 0.286 0.567 0.383 0.739
131.040 4 0.291 0.561 0.388 0.733
131.080 4 0.298 0.556 0.395 0.728
131.120 4 0.305 0.550 0.402 0.722
131.160 4 0.312 0.547 0.408 0.719
131.200 4 0.319 0.544 0.417 0.719
131.240 4 0.325 0.544 0.425 0.722
131.280 4 0.333 0.553 0.433 0.728
131.320 4 0.344 0.561 0.442 0.736
131.360 4 0.341 0.567 0.439 0.744
131.400 4 0.338 0.569 0.436 0.744
131.440 4 0.336 0.567 0.434 0.742
131.480 4 0.331 0.561 0.430 0.739
131.520 4 0.325 0.558 0.425 0.736
131.560 4 0.325 0.558 0.425 0.736
131.600 4 0.320 0.561 0.419 0.739
131.640 4 0.317 0.564 0.416 0.742
144.320 5 0.367 0.325 0.550 0.647
144.360 5 0.370 0.325 0.553 0.650
144.400 5 0.364 0.325 0.547 0.653
144.440 5 0.358 0.328 0.542 0.656
144.480 5 0.350 0.328 0.536 0.658
144.520 5 0.342 0.325 0.527 0.656
144.560 5 0.338 0.322 0.525 0.656
144.600 5 0.334 0.319 0.522 0.653
144.640 5 0.333 0.314 0.522 0.650
144.680 5 0.331 0.308 0.522 0.647
144.720 5 0.328 0.300 0.522 0.644
144.760 5 0.327 0.292 0.522 0.639
144.800 5 0.323 0.283 0.523 0.636
144.840 5 0.323 0.278 0.523 0.633
144.880 5 0.320 0.275 0.517 0.625
144.920 5 0.322 0.264 0.525 0.625
144.960 5 0.319 0.264 0.520 0.619
145.000 5 0.325 0.261 0.527 0.619
145.040 5 0.325 0.256 0.531 0.622
145.080 5 0.323 0.258 0.530 0.625
145.120 5 0.331 0.261 0.537 0.628
145.160 5 0.330 0.261 0.536 0.628
145.200 5 0.336 0.261 0.542 0.628
145.240 5 0.342 0.258 0.548 0.625
145.280 5 0.341 0.256 0.548 0.625
145.320 5 0.347 0.258 0.553 0.625
145.360 5 0.348 0.258 0.555 0.625
145.400 5 0.350 0.258 0.556 0.628
145.440 5 0.350 0.261 0.556 0.628
145.480 5 0.352 0.258 0.558 0.628
145.520 5 0.348 0.258 0.556 0.628
145.560 5 0.352 0.261 0.559 0.631
145.600 5 0.352 0.261 0.556 0.625
145.640 5 0.350 0.261 0.555 0.625
145.680 5 0.350 0.264 0.553 0.625
145.720 5 0.350 0.267 0.555 0.628
145.760 5 0.352 0.267 0.555 0.628
145.800 5 0.356 0.267 0.556 0.625
145.840 5 0.350 0.264 0.553 0.622
145.880 5 0.353 0.261 0.556 0.619
145.920 5 0.353 0.261 0.553 0.617
145.960 5 0.353 0.264 0.552 0.617
146.000 5 0.348 0.261 0.550 0.619
146.040 5 0.333 0.244 0.552 0.633
146.080 5 0.331 0.247 0.550 0.636
146.120 5 0.327 0.244 0.545 0.633
146.160 5 0.333 0.247 0.552 0.636
146.200 5 0.328 0.247 0.545 0.633
146.240 5 0.334 0.247 0.552 0.633
146.280 5 0.328 0.244 0.547 0.636
146.320 5 0.331 0.250 0.550 0.639
146.360 5 0.325 0.250 0.545 0.642
146.400 5 0.327 0.250 0.547 0.642
146.440 5 0.327 0.250 0.547 0.642
146.480 5 0.323 0.247 0.544 0.639
146.520 5 0.328 0.247 0.548 0.639
146.560 5 0.322 0.247 0.542 0.639
146.600 5 0.325 0.247 0.545 0.639
146.640 5 0.317 0.247 0.539 0.639
146.680 5 0.319 0.247 0.539 0.642
146.720 5 0.314 0.247 0.534 0.642
146.760 5 0.316 0.247 0.534 0.636
146.800 5 0.323 0.244 0.541 0.633
146.840 5 0.333 0.247 0.550 0.633
146.880 5 0.347 0.231 0.566 0.622
146.920 5 0.355 0.222 0.577 0.614
146.960 5 0.362 0.214 0.583 0.608
147.000 5 0.369 0.206 0.591 0.600
147.040 5 0.367 0.197 0.588 0.592
147.080 5 0.375 0.192 0.595 0.586
147.120 5 0.375 0.186 0.597 0.581
147.160 5 0.362 0.169 0.598 0.589
147.200 5 0.377 0.169 0.611 0.586
147.240 5 0.370 0.172 0.605 0.589
147.280 5 0.383 0.172 0.617 0.589
147.320 5 0.375 0.172 0.605 0.583
147.360 5 0.386 0.175 0.620 0.589
147.400 5 0.381 0.175 0.613 0.589
147.440 5 0.381 0.175 0.613 0.586
147.480 5 0.380 0.172 0.613 0.586
147.520 5 0.377 0.167 0.613 0.586
147.560 5 0.375 0.164 0.611 0.583
147.600 5 0.378 0.167 0.614 0.589
147.640 5 0.364 0.164 0.602 0.583
147.680 5 0.359 0.164 0.597 0.586
147.720 5 0.350 0.164 0.591 0.592
147.760 5 0.341 0.164 0.583 0.594
147.800 5 0.338 0.169 0.575 0.592
147.840 5 0.330 0.175 0.567 0.597
147.880 5 0.320 0.172 0.561 0.600
147.920 5 0.322 0.178 0.562 0.603
147.960 5 0.314 0.172 0.555 0.600
148.000 5 0.311 0.172 0.552 0.600
148.040 5 0.317 0.197 0.537 0.589
148.080 5 0.316 0.194 0.537 0.589
148.120 5 0.314 0.192 0.536 0.583
148.160 5 0.312 0.183 0.534 0.578
148.200 5 0.309 0.178 0.531 0.572
148.240 5 0.306 0.172 0.528 0.567
148.280 5 0.306 0.169 0.525 0.558
148.320 5 0.311 0.161 0.530 0.553
148.360 5 0.317 0.167 0.533 0.550
148.400 5 0.311 0.167 0.527 0.553
148.440 5 0.306 0.169 0.525 0.558
148.480 5 0.300 0.167 0.522 0.564
148.520 5 0.297 0.169 0.519 0.561
148.560 5 0.295 0.169 0.517 0.564
148.600 5 0.294 0.169 0.516 0.564
148.640 5 0.294 0.169 0.516 0.567
148.680 5 0.291 0.172 0.514 0.569
148.720 5 0.292 0.175 0.516 0.572
148.760 5 0.294 0.178 0.517 0.575
148.800 5 0.295 0.183 0.519 0.581
148.840 5 0.295 0.186 0.519 0.583
148.880 5 0.297 0.186 0.519 0.583
148.920 5 0.292 0.189 0.517 0.586
148.960 5 0.297 0.192 0.522 0.589
149.000 5 0.303 0.222 0.505 0.581
149.040 5 0.311 0.244 0.497 0.578
149.080 5 0.312 0.250 0.500 0.586
149.120 5 0.308 0.261 0.492 0.589
149.160 5 0.309 0.267 0.494 0.594
149.200 5 0.305 0.278 0.486 0.600
149.240 5 0.306 0.283 0.489 0.606
149.280 5 0.302 0.286 0.481 0.608
149.320 5 0.306 0.289 0.486 0.608
149.360 5 0.303 0.289 0.483 0.608
149.400 5 0.306 0.289 0.487 0.611
149.440 5 0.305 0.289 0.484 0.611
149.480 5 0.309 0.292 0.489 0.611
149.520 5 0.305 0.294 0.484 0.614
149.560 5 0.309 0.300 0.487 0.617
149.600 5 0.303 0.300 0.481 0.617
149.640 5 0.306 0.303 0.484 0.619
149.680 5 0.300 0.303 0.478 0.619
149.720 5 0.302 0.303 0.481 0.622
149.760 5 0.297 0.303 0.475 0.622
149.800 5 0.298 0.303 0.478 0.622
149.840 5 0.294 0.303 0.473 0.622
149.880 5 0.300 0.303 0.480 0.622
149.920 5 0.297 0.303 0.477 0.622
149.960 5 0.300 0.303 0.480 0.622
150.000 5 0.308 0.317 0.477 0.617
150.040 5 0.306 0.317 0.477 0.617
150.080 5 0.302 0.317 0.472 0.617
150.120 5 0.311 0.317 0.480 0.617
150.160 5 0.300 0.306 0.478 0.622
150.200 5 0.306 0.317 0.477 0.619
150.240 5 0.311 0.317 0.481 0.619
150.280 5 0.308 0.317 0.478 0.617
150.320 5 0.308 0.317 0.478 0.617
150.360 5 0.308 0.314 0.477 0.617
150.400 5 0.306 0.314 0.477 0.617
150.440 5 0.306 0.314 0.475 0.617
150.480 5 0.309 0.314 0.480 0.617
