87.800 0 0.634 0.047 0.808 0.353
87.840 0 0.630 0.050 0.800 0.347
87.880 0 0.630 0.047 0.805 0.356
87.920 0 0.628 0.053 0.797 0.350
87.960 0 0.627 0.047 0.802 0.356
88.000 0 0.625 0.053 0.794 0.350
88.040 0 0.613 0.044 0.803 0.381
88.080 0 0.611 0.042 0.802 0.378
88.120 0 0.609 0.039 0.798 0.375
88.160 0 0.614 0.044 0.800 0.372
88.200 0 0.609 0.044 0.795 0.372
88.240 0 0.613 0.044 0.797 0.372
88.280 0 0.603 0.039 0.789 0.367
88.320 0 0.611 0.039 0.798 0.369
88.360 0 0.609 0.042 0.792 0.367
88.400 0 0.608 0.039 0.792 0.364
88.440 0 0.605 0.036 0.789 0.364
88.480 0 0.600 0.031 0.789 0.364
88.520 0 0.603 0.028 0.792 0.364
88.560 0 0.598 0.028 0.786 0.361
88.600 0 0.602 0.028 0.787 0.358
88.640 0 0.595 0.028 0.781 0.358
88.680 0 0.600 0.028 0.786 0.358
88.720 0 0.595 0.031 0.778 0.356
88.760 0 0.597 0.031 0.781 0.356
88.800 0 0.594 0.028 0.778 0.356
88.840 0 0.594 0.028 0.781 0.358
88.880 0 0.591 0.028 0.775 0.356
88.920 0 0.588 0.028 0.772 0.353
88.960 0 0.586 0.028 0.770 0.353
89.000 0 0.572 0.022 0.773 0.381
89.040 0 0.586 0.031 0.773 0.364
89.080 0 0.583 0.028 0.772 0.364
89.120 0 0.583 0.028 0.772 0.364
89.160 0 0.581 0.028 0.770 0.364
89.200 0 0.580 0.028 0.769 0.364
89.240 0 0.578 0.028 0.767 0.364
89.280 0 0.575 0.028 0.766 0.367
89.320 0 0.575 0.025 0.764 0.361
89.360 0 0.570 0.022 0.761 0.361
89.400 0 0.573 0.022 0.762 0.356
89.440 0 0.575 0.025 0.764 0.361
89.480 0 0.569 0.028 0.755 0.358
89.520 0 0.569 0.025 0.756 0.361
89.560 0 0.566 0.033 0.750 0.361
89.600 0 0.562 0.033 0.748 0.364
89.640 0 0.561 0.033 0.748 0.367
89.680 0 0.561 0.039 0.745 0.367
89.720 0 0.559 0.039 0.742 0.367
89.760 0 0.558 0.042 0.742 0.367
89.800 0 0.556 0.044 0.741 0.369
89.840 0 0.558 0.047 0.739 0.369
89.880 0 0.558 0.047 0.739 0.369
89.920 0 0.558 0.047 0.739 0.369
89.960 0 0.556 0.044 0.738 0.367
90.000 0 0.570 0.053 0.738 0.350
90.040 0 0.561 0.056 0.733 0.361
90.080 0 0.567 0.056 0.739 0.361
90.120 0 0.562 0.056 0.733 0.358
90.160 0 0.562 0.056 0.736 0.364
90.200 0 0.558 0.058 0.728 0.361
90.240 0 0.566 0.061 0.736 0.364
90.280 0 0.559 0.061 0.725 0.356
90.320 0 0.567 0.064 0.734 0.361
90.360 0 0.561 0.064 0.727 0.361
90.400 0 0.562 0.064 0.731 0.364
90.440 0 0.559 0.067 0.727 0.364
90.480 0 0.564 0.069 0.730 0.367
90.520 0 0.558 0.072 0.725 0.367
90.560 0 0.562 0.072 0.731 0.369
90.600 0 0.559 0.075 0.725 0.369
90.640 0 0.561 0.075 0.728 0.372
90.680 0 0.561 0.075 0.728 0.372
90.720 0 0.561 0.078 0.727 0.372
90.760 0 0.562 0.078 0.728 0.372
90.800 0 0.558 0.081 0.722 0.372
90.840 0 0.564 0.081 0.728 0.372
90.880 0 0.558 0.081 0.720 0.372
90.920 0 0.559 0.083 0.723 0.375
90.960 0 0.555 0.086 0.716 0.372
91.000 0 0.552 0.086 0.719 0.383
91.040 0 0.562 0.094 0.720 0.372
91.080 0 0.556 0.092 0.716 0.375
91.120 0 0.561 0.097 0.717 0.375
91.160 0 0.556 0.100 0.713 0.375
91.200 0 0.559 0.103 0.714 0.378
91.240 0 0.555 0.103 0.709 0.378
91.280 0 0.558 0.106 0.711 0.378
91.320 0 0.553 0.103 0.708 0.381
91.360 0 0.556 0.106 0.709 0.378
91.400 0 0.553 0.106 0.706 0.381
91.440 0 0.555 0.108 0.708 0.381
91.480 0 0.555 0.111 0.706 0.381
91.520 0 0.553 0.111 0.705 0.383
91.560 0 0.552 0.111 0.705 0.383
91.600 0 0.552 0.114 0.703 0.383
91.640 0 0.552 0.117 0.702 0.386
91.680 0 0.550 0.117 0.702 0.386
91.720 0 0.548 0.117 0.700 0.383
91.760 0 0.547 0.117 0.698 0.386
91.800 0 0.547 0.117 0.697 0.383
91.840 0 0.544 0.117 0.694 0.386
91.880 0 0.547 0.119 0.695 0.383
91.920 0 0.545 0.117 0.694 0.381
91.960 0 0.544 0.119 0.692 0.383
92.000 0 0.552 0.125 0.692 0.375
92.040 0 0.548 0.117 0.689 0.367
92.080 0 0.550 0.117 0.691 0.367
92.120 0 0.547 0.117 0.686 0.367
92.160 0 0.552 0.119 0.689 0.364
92.200 0 0.548 0.119 0.686 0.364
92.240 0 0.548 0.119 0.686 0.367
92.280 0 0.547 0.122 0.686 0.367
92.320 0 0.545 0.119 0.684 0.367
92.360 0 0.548 0.122 0.684 0.367
92.400 0 0.545 0.117 0.684 0.364
92.440 0 0.545 0.117 0.684 0.361
92.480 0 0.545 0.114 0.683 0.361
92.520 0 0.544 0.114 0.683 0.361
92.560 0 0.544 0.114 0.681 0.361
92.600 0 0.542 0.114 0.680 0.358
92.640 0 0.542 0.114 0.680 0.358
92.680 0 0.537 0.111 0.677 0.358
92.720 0 0.541 0.114 0.678 0.358
92.760 0 0.539 0.111 0.678 0.358
92.800 0 0.539 0.111 0.678 0.358
92.840 0 0.539 0.108 0.678 0.356
92.880 0 0.541 0.108 0.680 0.356
92.920 0 0.537 0.108 0.678 0.356
92.960 0 0.537 0.108 0.677 0.356
93.000 0 0.536 0.097 0.677 0.347
93.040 0 0.530 0.089 0.681 0.361
93.080 0 0.530 0.089 0.683 0.361
93.120 0 0.528 0.092 0.680 0.361
93.160 0 0.531 0.092 0.681 0.361
93.200 0 0.528 0.089 0.680 0.358
93.240 0 0.528 0.089 0.680 0.358
93.280 0 0.527 0.089 0.678 0.358
93.320 0 0.530 0.089 0.681 0.361
93.360 0 0.527 0.089 0.680 0.361
93.400 0 0.528 0.092 0.683 0.364
93.440 0 0.527 0.089 0.681 0.364
93.480 0 0.530 0.089 0.684 0.364
93.520 0 0.528 0.092 0.681 0.367
93.560 0 0.528 0.092 0.681 0.367
93.600 0 0.530 0.092 0.684 0.367
93.640 0 0.533 0.092 0.688 0.367
93.680 0 0.531 0.094 0.686 0.367
93.720 0 0.534 0.097 0.689 0.369
93.760 0 0.534 0.097 0.688 0.369
93.800 0 0.536 0.100 0.689 0.372
93.840 0 0.536 0.097 0.691 0.372
93.880 0 0.537 0.097 0.691 0.369
93.920 0 0.534 0.092 0.691 0.369
93.960 0 0.541 0.094 0.695 0.369
94.000 0 0.533 0.086 0.700 0.383
94.040 0 0.528 0.086 0.695 0.383
94.080 0 0.541 0.089 0.702 0.375
94.120 0 0.531 0.086 0.700 0.386
94.160 0 0.541 0.092 0.703 0.383
94.200 0 0.537 0.086 0.706 0.386
94.240 0 0.534 0.089 0.700 0.383
94.280 0 0.536 0.089 0.705 0.389
94.320 0 0.537 0.092 0.706 0.392
94.360 0 0.537 0.092 0.705 0.389
94.400 0 0.536 0.092 0.702 0.386
94.440 0 0.536 0.092 0.702 0.386
94.480 0 0.534 0.092 0.700 0.383
94.520 0 0.528 0.089 0.695 0.383
94.560 0 0.531 0.092 0.694 0.383
94.600 0 0.522 0.089 0.688 0.383
94.640 0 0.520 0.089 0.684 0.381
94.680 0 0.520 0.094 0.681 0.381
87.800 1 0.417 0.217 0.656 0.644
87.840 1 0.422 0.214 0.664 0.644
87.880 1 0.416 0.222 0.653 0.644
87.920 1 0.427 0.222 0.664 0.644
87.960 1 0.417 0.219 0.659 0.650
88.000 1 0.417 0.219 0.659 0.650
88.040 1 0.416 0.233 0.656 0.658
88.080 1 0.416 0.225 0.658 0.658
88.120 1 0.414 0.225 0.658 0.658
88.160 1 0.417 0.231 0.658 0.661
88.200 1 0.420 0.236 0.661 0.667
88.240 1 0.417 0.239 0.656 0.664
88.280 1 0.428 0.239 0.667 0.667
88.320 1 0.414 0.236 0.656 0.667
88.360 1 0.425 0.233 0.672 0.672
88.400 1 0.416 0.233 0.661 0.669
88.440 1 0.416 0.228 0.667 0.675
88.480 1 0.409 0.231 0.661 0.678
88.520 1 0.409 0.236 0.658 0.675
88.560 1 0.400 0.236 0.650 0.681
88.600 1 0.402 0.236 0.652 0.683
88.640 1 0.397 0.239 0.647 0.683
88.680 1 0.408 0.242 0.655 0.683
88.720 1 0.406 0.247 0.652 0.683
88.760 1 0.416 0.250 0.659 0.683
88.800 1 0.412 0.253 0.656 0.686
88.840 1 0.411 0.256 0.653 0.686
88.880 1 0.409 0.258 0.648 0.686
88.920 1 0.405 0.258 0.647 0.689
88.960 1 0.400 0.261 0.637 0.683
89.000 1 0.391 0.267 0.633 0.697
89.040 1 0.392 0.269 0.641 0.708
89.080 1 0.388 0.261 0.639 0.708
89.120 1 0.386 0.261 0.642 0.714
89.160 1 0.386 0.264 0.637 0.711
89.200 1 0.388 0.264 0.642 0.717
89.240 1 0.384 0.267 0.634 0.714
89.280 1 0.384 0.267 0.637 0.714
89.320 1 0.381 0.261 0.634 0.714
89.360 1 0.378 0.258 0.633 0.711
89.400 1 0.375 0.261 0.628 0.708
89.440 1 0.369 0.256 0.628 0.717
89.480 1 0.362 0.258 0.620 0.719
89.520 1 0.362 0.264 0.616 0.711
89.560 1 0.359 0.261 0.616 0.717
89.600 1 0.364 0.269 0.611 0.711
89.640 1 0.367 0.275 0.611 0.708
89.680 1 0.367 0.275 0.611 0.708
89.720 1 0.369 0.278 0.609 0.706
89.760 1 0.367 0.278 0.608 0.706
89.800 1 0.367 0.278 0.608 0.706
89.840 1 0.367 0.278 0.608 0.706
89.880 1 0.366 0.275 0.606 0.703
89.920 1 0.364 0.269 0.605 0.697
89.960 1 0.362 0.264 0.602 0.689
90.000 1 0.364 0.267 0.606 0.697
90.040 1 0.359 0.261 0.608 0.703
90.080 1 0.356 0.267 0.605 0.708
90.120 1 0.356 0.275 0.603 0.717
90.160 1 0.356 0.278 0.603 0.719
90.200 1 0.353 0.281 0.600 0.717
90.240 1 0.358 0.275 0.608 0.719
90.280 1 0.358 0.275 0.603 0.711
90.320 1 0.356 0.269 0.605 0.708
90.360 1 0.356 0.264 0.603 0.703
90.400 1 0.356 0.261 0.603 0.700
90.440 1 0.356 0.261 0.603 0.700
90.480 1 0.358 0.264 0.602 0.700
90.520 1 0.358 0.264 0.603 0.700
90.560 1 0.359 0.269 0.606 0.706
90.600 1 0.355 0.267 0.602 0.703
90.640 1 0.361 0.269 0.603 0.700
90.680 1 0.358 0.264 0.608 0.706
90.720 1 0.366 0.267 0.609 0.703
90.760 1 0.366 0.275 0.603 0.694
90.800 1 0.366 0.275 0.602 0.694
90.840 1 0.366 0.275 0.602 0.694
90.880 1 0.367 0.278 0.598 0.689
90.920 1 0.372 0.283 0.600 0.686
90.960 1 0.367 0.281 0.595 0.686
91.000 1 0.364 0.267 0.606 0.697
91.040 1 0.369 0.278 0.598 0.683
91.080 1 0.369 0.278 0.597 0.683
91.120 1 0.362 0.269 0.602 0.694
91.160 1 0.369 0.281 0.595 0.683
91.200 1 0.361 0.272 0.594 0.686
91.240 1 0.367 0.278 0.598 0.689
91.280 1 0.367 0.281 0.594 0.683
91.320 1 0.367 0.283 0.595 0.686
91.360 1 0.362 0.278 0.592 0.686
91.400 1 0.369 0.283 0.591 0.681
91.440 1 0.375 0.292 0.591 0.675
91.480 1 0.369 0.286 0.591 0.681
91.520 1 0.369 0.286 0.589 0.678
91.560 1 0.367 0.286 0.588 0.678
91.600 1 0.362 0.281 0.589 0.681
91.640 1 0.366 0.281 0.592 0.683
91.680 1 0.361 0.281 0.586 0.681
91.720 1 0.366 0.281 0.591 0.681
91.760 1 0.359 0.281 0.583 0.678
91.800 1 0.359 0.278 0.588 0.683
91.840 1 0.359 0.281 0.581 0.675
91.880 1 0.366 0.283 0.588 0.678
91.920 1 0.355 0.278 0.580 0.678
91.960 1 0.366 0.281 0.591 0.681
92.000 1 0.370 0.303 0.572 0.661
92.040 1 0.373 0.281 0.573 0.639
92.080 1 0.373 0.278 0.575 0.636
92.120 1 0.373 0.275 0.575 0.636
92.160 1 0.375 0.269 0.581 0.639
92.200 1 0.380 0.269 0.586 0.636
92.240 1 0.380 0.269 0.586 0.636
92.280 1 0.384 0.269 0.592 0.639
92.320 1 0.384 0.272 0.589 0.639
92.360 1 0.391 0.275 0.595 0.639
92.400 1 0.386 0.269 0.594 0.639
92.440 1 0.395 0.272 0.598 0.633
92.480 1 0.392 0.269 0.598 0.636
92.520 1 0.391 0.269 0.598 0.639
92.560 1 0.392 0.275 0.598 0.642
92.600 1 0.394 0.278 0.598 0.644
92.640 1 0.395 0.281 0.598 0.644
92.680 1 0.398 0.283 0.602 0.644
92.720 1 0.405 0.286 0.605 0.642
92.760 1 0.406 0.286 0.606 0.642
92.800 1 0.409 0.283 0.609 0.639
92.840 1 0.412 0.283 0.611 0.639
92.880 1 0.416 0.283 0.614 0.636
92.920 1 0.412 0.283 0.611 0.636
92.960 1 0.409 0.286 0.606 0.639
93.000 1 0.416 0.261 0.617 0.619
93.040 1 0.419 0.264 0.617 0.619
93.080 1 0.417 0.264 0.617 0.619
93.120 1 0.414 0.264 0.616 0.622
93.160 1 0.412 0.264 0.616 0.622
93.200 1 0.412 0.261 0.613 0.617
93.240 1 0.414 0.261 0.616 0.619
93.280 1 0.411 0.261 0.614 0.622
93.320 1 0.411 0.261 0.614 0.622
93.360 1 0.411 0.261 0.613 0.619
93.400 1 0.414 0.261 0.616 0.619
93.440 1 0.409 0.258 0.611 0.617
93.480 1 0.416 0.258 0.617 0.617
93.520 1 0.409 0.258 0.611 0.617
93.560 1 0.412 0.256 0.614 0.617
93.600 1 0.409 0.253 0.613 0.614
93.640 1 0.416 0.256 0.619 0.619
93.680 1 0.406 0.253 0.611 0.617
93.720 1 0.417 0.256 0.622 0.619
93.760 1 0.409 0.250 0.619 0.622
93.800 1 0.414 0.258 0.619 0.622
93.840 1 0.414 0.258 0.619 0.622
93.880 1 0.414 0.261 0.616 0.619
93.920 1 0.411 0.258 0.616 0.619
93.960 1 0.416 0.256 0.620 0.619
94.000 1 0.416 0.261 0.617 0.619
94.040 1 0.403 0.272 0.609 0.636
94.080 1 0.411 0.275 0.614 0.633
94.120 1 0.405 0.272 0.611 0.639
94.160 1 0.409 0.275 0.609 0.628
94.200 1 0.409 0.272 0.614 0.636
94.240 1 0.411 0.278 0.614 0.636
94.280 1 0.409 0.278 0.614 0.642
94.320 1 0.412 0.283 0.616 0.644
94.360 1 0.409 0.283 0.613 0.644
94.400 1 0.414 0.286 0.616 0.644
94.440 1 0.411 0.286 0.613 0.644
94.480 1 0.412 0.286 0.617 0.650
94.520 1 0.411 0.286 0.613 0.644
94.560 1 0.412 0.283 0.617 0.650
94.600 1 0.412 0.283 0.617 0.647
94.640 1 0.412 0.283 0.617 0.647
94.680 1 0.412 0.283 0.617 0.647
94.720 1 0.414 0.286 0.617 0.647
94.760 1 0.416 0.289 0.617 0.647
94.800 1 0.417 0.289 0.617 0.647
94.840 1 0.419 0.292 0.619 0.647
94.880 1 0.420 0.292 0.620 0.647
94.920 1 0.419 0.294 0.619 0.647
94.960 1 0.422 0.292 0.623 0.650
95.000 1 0.416 0.303 0.617 0.661
95.040 1 0.416 0.308 0.617 0.667
95.080 1 0.414 0.308 0.616 0.667
95.120 1 0.414 0.306 0.617 0.667
95.160 1 0.414 0.308 0.616 0.667
95.200 1 0.417 0.314 0.614 0.664
95.240 1 0.414 0.306 0.619 0.669
95.280 1 0.409 0.308 0.613 0.669
95.320 1 0.412 0.308 0.616 0.672
95.360 1 0.409 0.303 0.616 0.667
95.400 1 0.409 0.300 0.614 0.664
95.440 1 0.406 0.297 0.613 0.664
95.480 1 0.403 0.294 0.611 0.667
95.520 1 0.405 0.297 0.614 0.669
95.560 1 0.398 0.297 0.608 0.667
95.600 1 0.400 0.297 0.608 0.667
95.640 1 0.400 0.294 0.608 0.664
95.680 1 0.398 0.294 0.605 0.661
95.720 1 0.398 0.292 0.608 0.664
95.760 1 0.395 0.294 0.600 0.661
95.800 1 0.398 0.297 0.603 0.661
95.840 1 0.395 0.294 0.602 0.658
95.880 1 0.397 0.292 0.605 0.664
95.920 1 0.392 0.294 0.595 0.658
95.960 1 0.394 0.294 0.598 0.658
96.000 1 0.392 0.303 0.594 0.661
96.040 1 0.398 0.283 0.597 0.636
96.080 1 0.397 0.278 0.600 0.639
96.120 1 0.398 0.281 0.598 0.633
96.160 1 0.398 0.278 0.600 0.636
96.200 1 0.398 0.278 0.600 0.636
96.240 1 0.400 0.278 0.600 0.636
96.280 1 0.400 0.281 0.602 0.639
96.320 1 0.400 0.281 0.600 0.639
96.360 1 0.398 0.278 0.597 0.631
96.400 1 0.400 0.267 0.605 0.631
96.440 1 0.395 0.267 0.600 0.628
96.480 1 0.402 0.267 0.605 0.631
96.520 1 0.397 0.269 0.602 0.633
96.560 1 0.402 0.275 0.602 0.633
96.600 1 0.400 0.278 0.598 0.631
96.640 1 0.406 0.275 0.606 0.633
96.680 1 0.403 0.275 0.603 0.631
96.720 1 0.405 0.272 0.606 0.633
96.760 1 0.405 0.275 0.605 0.631
96.800 1 0.408 0.272 0.614 0.636
96.840 1 0.406 0.269 0.614 0.639
96.880 1 0.403 0.267 0.611 0.639
96.920 1 0.409 0.269 0.617 0.639
96.960 1 0.406 0.275 0.609 0.639
97.000 1 0.416 0.261 0.617 0.619
97.040 1 0.406 0.275 0.609 0.636
97.080 1 0.405 0.278 0.603 0.633
97.120 1 0.411 0.281 0.606 0.628
97.160 1 0.406 0.281 0.598 0.622
97.200 1 0.412 0.283 0.605 0.625
97.240 1 0.405 0.278 0.603 0.631
97.280 1 0.408 0.281 0.605 0.631
97.320 1 0.402 0.283 0.598 0.633
97.360 1 0.403 0.286 0.600 0.636
97.400 1 0.403 0.286 0.600 0.639
97.440 1 0.402 0.292 0.594 0.633
97.480 1 0.406 0.292 0.598 0.633
97.520 1 0.395 0.289 0.591 0.639
97.560 1 0.403 0.289 0.600 0.642
97.600 1 0.397 0.286 0.595 0.639
97.640 1 0.398 0.289 0.594 0.636
97.680 1 0.403 0.294 0.595 0.636
97.720 1 0.403 0.297 0.594 0.633
97.760 1 0.402 0.292 0.594 0.636
97.800 1 0.405 0.294 0.595 0.633
97.840 1 0.397 0.294 0.594 0.642
97.880 1 0.402 0.294 0.598 0.644
97.920 1 0.398 0.292 0.597 0.644
97.960 1 0.400 0.294 0.595 0.642
98.000 1 0.392 0.303 0.594 0.661
98.040 1 0.400 0.306 0.602 0.664
98.080 1 0.400 0.306 0.602 0.661
98.120 1 0.400 0.306 0.602 0.661
98.160 1 0.402 0.306 0.603 0.661
98.200 1 0.403 0.306 0.603 0.664
98.240 1 0.406 0.311 0.602 0.658
98.280 1 0.406 0.306 0.606 0.661
98.320 1 0.409 0.308 0.605 0.656
98.360 1 0.408 0.303 0.608 0.658
98.400 1 0.411 0.306 0.606 0.653
98.440 1 0.411 0.303 0.611 0.658
98.480 1 0.411 0.303 0.611 0.658
98.520 1 0.411 0.303 0.613 0.661
98.560 1 0.411 0.306 0.609 0.658
98.600 1 0.417 0.303 0.619 0.661
98.640 1 0.411 0.300 0.614 0.661
98.680 1 0.414 0.300 0.616 0.658
98.720 1 0.412 0.297 0.614 0.656
98.760 1 0.412 0.297 0.614 0.656
98.800 1 0.411 0.294 0.613 0.653
98.840 1 0.411 0.294 0.611 0.653
98.880 1 0.409 0.292 0.613 0.656
98.920 1 0.411 0.292 0.614 0.653
98.960 1 0.411 0.297 0.611 0.653
99.000 1 0.416 0.303 0.617 0.661
99.040 1 0.422 0.292 0.625 0.653
99.080 1 0.416 0.292 0.619 0.653
99.120 1 0.422 0.292 0.625 0.653
99.160 1 0.416 0.292 0.619 0.653
99.200 1 0.423 0.289 0.630 0.656
99.240 1 0.412 0.286 0.619 0.656
99.280 1 0.423 0.292 0.631 0.658
99.320 1 0.411 0.286 0.620 0.656
99.360 1 0.423 0.289 0.631 0.658
99.400 1 0.411 0.283 0.620 0.656
99.440 1 0.422 0.286 0.631 0.658
99.480 1 0.417 0.289 0.622 0.650
99.520 1 0.423 0.289 0.627 0.653
99.560 1 0.414 0.286 0.622 0.656
99.600 1 0.423 0.294 0.627 0.656
99.640 1 0.412 0.289 0.620 0.658
99.680 1 0.423 0.289 0.630 0.658
99.720 1 0.416 0.289 0.622 0.658
99.760 1 0.420 0.289 0.630 0.661
99.800 1 0.412 0.286 0.623 0.661
99.840 1 0.416 0.294 0.623 0.664
99.880 1 0.408 0.303 0.617 0.675
99.920 1 0.412 0.308 0.622 0.678
99.960 1 0.408 0.308 0.614 0.675
100.000 1 0.416 0.303 0.617 0.661
100.040 1 0.409 0.294 0.613 0.658
100.080 1 0.416 0.297 0.622 0.661
100.120 1 0.405 0.289 0.616 0.664
100.160 1 0.412 0.294 0.622 0.667
100.200 1 0.406 0.292 0.619 0.669
100.240 1 0.411 0.297 0.620 0.667
100.280 1 0.412 0.294 0.622 0.667
100.320 1 0.411 0.300 0.614 0.661
100.360 1 0.416 0.300 0.620 0.664
100.400 1 0.416 0.303 0.616 0.658
100.440 1 0.419 0.303 0.617 0.658
100.480 1 0.411 0.303 0.609 0.656
100.520 1 0.419 0.303 0.622 0.661
100.560 1 0.409 0.297 0.616 0.664
100.600 1 0.414 0.300 0.617 0.661
100.640 1 0.416 0.300 0.619 0.661
100.680 1 0.420 0.306 0.617 0.656
100.720 1 0.416 0.303 0.613 0.656
100.760 1 0.416 0.300 0.617 0.658
100.800 1 0.419 0.306 0.613 0.650
100.840 1 0.417 0.306 0.616 0.658
100.880 1 0.416 0.300 0.619 0.661
100.920 1 0.417 0.300 0.619 0.658
100.960 1 0.416 0.300 0.619 0.661
101.000 1 0.416 0.303 0.617 0.661
101.040 1 0.417 0.306 0.619 0.664
101.080 1 0.414 0.308 0.616 0.667
101.120 1 0.419 0.311 0.620 0.667
101.160 1 0.417 0.311 0.617 0.667
101.200 1 0.417 0.311 0.619 0.669
101.240 1 0.417 0.314 0.616 0.667
101.280 1 0.422 0.311 0.623 0.669
101.320 1 0.420 0.314 0.619 0.667
101.360 1 0.423 0.311 0.625 0.669
101.400 1 0.419 0.311 0.619 0.667
101.440 1 0.422 0.308 0.627 0.675
101.480 1 0.419 0.311 0.620 0.669
101.520 1 0.420 0.314 0.620 0.669
101.560 1 0.420 0.317 0.620 0.672
101.600 1 0.420 0.319 0.620 0.675
101.640 1 0.422 0.319 0.620 0.672
101.680 1 0.420 0.311 0.622 0.669
101.720 1 0.423 0.308 0.622 0.661
101.760 1 0.422 0.308 0.620 0.661
101.800 1 0.420 0.308 0.622 0.667
101.840 1 0.420 0.308 0.619 0.658
101.880 1 0.423 0.308 0.620 0.656
101.920 1 0.417 0.306 0.616 0.658
101.960 1 0.422 0.306 0.619 0.656
102.000 1 0.416 0.303 0.617 0.661
102.040 1 0.414 0.319 0.613 0.675
102.080 1 0.417 0.322 0.616 0.675
102.120 1 0.417 0.325 0.614 0.675
102.160 1 0.414 0.322 0.614 0.678
102.200 1 0.412 0.317 0.617 0.681
102.240 1 0.416 0.325 0.613 0.675
102.280 1 0.412 0.328 0.611 0.681
102.320 1 0.412 0.333 0.611 0.683
102.360 1 0.411 0.336 0.608 0.689
102.400 1 0.409 0.342 0.605 0.689
102.440 1 0.406 0.339 0.606 0.694
102.480 1 0.402 0.336 0.603 0.697
102.520 1 0.403 0.336 0.606 0.694
102.560 1 0.395 0.331 0.600 0.694
102.600 1 0.400 0.331 0.603 0.692
102.640 1 0.394 0.331 0.597 0.692
102.680 1 0.398 0.333 0.598 0.689
102.720 1 0.397 0.333 0.595 0.689
102.760 1 0.395 0.333 0.594 0.686
102.800 1 0.394 0.331 0.594 0.686
102.840 1 0.388 0.325 0.594 0.692
102.880 1 0.391 0.325 0.595 0.689
102.920 1 0.391 0.331 0.591 0.686
102.960 1 0.388 0.325 0.592 0.689
103.000 1 0.392 0.342 0.594 0.700
103.040 1 0.392 0.325 0.597 0.689
103.080 1 0.386 0.322 0.592 0.689
103.120 1 0.389 0.319 0.595 0.686
103.160 1 0.394 0.325 0.594 0.681
103.200 1 0.386 0.319 0.592 0.686
103.240 1 0.392 0.331 0.591 0.683
103.280 1 0.389 0.328 0.589 0.683
103.320 1 0.392 0.325 0.594 0.686
103.360 1 0.388 0.322 0.594 0.689
103.400 1 0.391 0.325 0.594 0.686
103.440 1 0.388 0.322 0.594 0.689
103.480 1 0.392 0.325 0.597 0.689
103.520 1 0.388 0.319 0.595 0.689
103.560 1 0.392 0.319 0.602 0.692
103.600 1 0.386 0.317 0.595 0.689
103.640 1 0.392 0.319 0.602 0.689
103.680 1 0.388 0.319 0.595 0.689
103.720 1 0.392 0.317 0.602 0.689
103.760 1 0.388 0.317 0.595 0.686
103.800 1 0.389 0.314 0.602 0.692
103.840 1 0.388 0.314 0.595 0.683
103.880 1 0.391 0.314 0.600 0.686
103.920 1 0.391 0.314 0.595 0.681
103.960 1 0.392 0.311 0.600 0.681
104.000 1 0.392 0.303 0.594 0.661
104.040 1 0.389 0.300 0.595 0.667
104.080 1 0.389 0.300 0.594 0.664
104.120 1 0.394 0.300 0.598 0.664
104.160 1 0.392 0.300 0.595 0.661
104.200 1 0.394 0.300 0.598 0.664
104.240 1 0.392 0.300 0.595 0.661
104.280 1 0.392 0.300 0.595 0.661
104.320 1 0.392 0.300 0.594 0.661
104.360 1 0.392 0.303 0.594 0.661
104.400 1 0.394 0.303 0.594 0.661
104.440 1 0.394 0.306 0.595 0.661
104.480 1 0.398 0.311 0.592 0.658
104.520 1 0.394 0.308 0.591 0.658
104.560 1 0.400 0.314 0.595 0.661
104.600 1 0.392 0.314 0.586 0.658
104.640 1 0.398 0.311 0.595 0.661
104.680 1 0.394 0.306 0.595 0.664
104.720 1 0.394 0.306 0.594 0.664
104.760 1 0.394 0.303 0.594 0.661
104.800 1 0.392 0.303 0.594 0.661
104.840 1 0.392 0.303 0.594 0.661
104.880 1 0.392 0.303 0.594 0.661
104.920 1 0.394 0.311 0.588 0.653
104.960 1 0.395 0.311 0.588 0.653
105.000 1 0.392 0.303 0.594 0.661
105.040 1 0.389 0.297 0.592 0.656
105.080 1 0.386 0.292 0.597 0.667
105.120 1 0.384 0.294 0.592 0.661
105.160 1 0.386 0.294 0.597 0.669
105.200 1 0.386 0.300 0.589 0.661
105.240 1 0.391 0.297 0.597 0.664
105.280 1 0.384 0.297 0.592 0.664
105.320 1 0.391 0.297 0.597 0.667
105.360 1 0.384 0.294 0.592 0.664
105.400 1 0.388 0.297 0.595 0.667
105.440 1 0.389 0.300 0.592 0.658
105.480 1 0.389 0.300 0.592 0.658
105.520 1 0.389 0.300 0.592 0.661
105.560 1 0.386 0.297 0.594 0.667
105.600 1 0.392 0.303 0.598 0.669
105.640 1 0.389 0.303 0.591 0.664
105.680 1 0.391 0.306 0.594 0.664
105.720 1 0.392 0.303 0.595 0.664
105.760 1 0.388 0.300 0.594 0.667
105.800 1 0.389 0.300 0.598 0.672
105.840 1 0.392 0.303 0.594 0.664
105.880 1 0.394 0.300 0.598 0.667
105.920 1 0.386 0.297 0.594 0.667
105.960 1 0.392 0.300 0.600 0.669
106.000 1 0.392 0.303 0.594 0.661
106.040 1 0.391 0.322 0.589 0.678
106.080 1 0.395 0.325 0.594 0.678
106.120 1 0.392 0.322 0.592 0.678
106.160 1 0.391 0.319 0.591 0.678
106.200 1 0.389 0.319 0.588 0.672
106.240 1 0.392 0.319 0.591 0.672
106.280 1 0.389 0.319 0.586 0.669
106.320 1 0.392 0.322 0.591 0.672
106.360 1 0.388 0.322 0.584 0.672
106.400 1 0.397 0.325 0.591 0.669
106.440 1 0.389 0.322 0.586 0.675
106.480 1 0.395 0.325 0.591 0.672
106.520 1 0.391 0.322 0.591 0.675
106.560 1 0.391 0.319 0.591 0.675
106.600 1 0.394 0.322 0.588 0.667
106.640 1 0.392 0.317 0.591 0.672
106.680 1 0.391 0.311 0.597 0.678
106.720 1 0.384 0.306 0.592 0.675
106.760 1 0.391 0.306 0.602 0.678
106.800 1 0.384 0.303 0.594 0.678
106.840 1 0.392 0.308 0.598 0.675
106.880 1 0.391 0.308 0.592 0.669
106.920 1 0.394 0.322 0.591 0.672
106.960 1 0.398 0.328 0.594 0.675
107.000 1 0.392 0.342 0.594 0.700
107.040 1 0.392 0.342 0.594 0.700
107.080 1 0.395 0.339 0.600 0.703
107.120 1 0.392 0.342 0.594 0.700
107.160 1 0.392 0.342 0.594 0.703
107.200 1 0.392 0.344 0.594 0.703
107.240 1 0.394 0.347 0.592 0.700
107.280 1 0.394 0.347 0.592 0.700
107.320 1 0.391 0.350 0.588 0.700
107.360 1 0.394 0.347 0.594 0.703
107.400 1 0.394 0.347 0.595 0.706
107.440 1 0.395 0.347 0.597 0.706
107.480 1 0.395 0.347 0.598 0.706
107.520 1 0.395 0.344 0.598 0.708
107.560 1 0.395 0.347 0.600 0.708
116.280 2 0.275 0.042 0.377 0.225
116.320 2 0.281 0.044 0.381 0.225
116.360 2 0.278 0.044 0.377 0.222
116.400 2 0.280 0.044 0.380 0.225
116.440 2 0.278 0.044 0.377 0.222
116.480 2 0.275 0.042 0.375 0.222
116.520 2 0.280 0.044 0.378 0.225
116.560 2 0.277 0.044 0.377 0.225
116.600 2 0.278 0.044 0.378 0.225
116.640 2 0.277 0.044 0.375 0.225
116.680 2 0.273 0.042 0.375 0.222
116.720 2 0.277 0.044 0.378 0.225
116.760 2 0.275 0.044 0.375 0.225
116.800 2 0.275 0.044 0.375 0.225
116.840 2 0.277 0.044 0.377 0.225
116.880 2 0.277 0.047 0.373 0.222
116.920 2 0.275 0.047 0.373 0.222
116.960 2 0.275 0.047 0.372 0.222
117.000 2 0.275 0.047 0.372 0.222
117.040 2 0.277 0.056 0.373 0.228
117.080 2 0.277 0.056 0.372 0.228
117.120 2 0.277 0.056 0.375 0.231
117.160 2 0.275 0.056 0.372 0.231
117.200 2 0.278 0.056 0.373 0.231
117.240 2 0.275 0.056 0.370 0.228
117.280 2 0.278 0.056 0.373 0.231
117.320 2 0.277 0.056 0.372 0.231
117.360 2 0.277 0.056 0.373 0.233
117.400 2 0.275 0.056 0.373 0.233
117.440 2 0.278 0.056 0.377 0.233
117.480 2 0.277 0.056 0.377 0.233
117.520 2 0.277 0.056 0.377 0.236
117.560 2 0.278 0.053 0.378 0.236
117.600 2 0.280 0.056 0.380 0.236
117.640 2 0.278 0.056 0.378 0.236
117.680 2 0.281 0.056 0.381 0.236
117.720 2 0.278 0.056 0.378 0.233
117.760 2 0.281 0.056 0.381 0.236
117.800 2 0.280 0.056 0.378 0.233
117.840 2 0.281 0.056 0.380 0.233
117.880 2 0.283 0.056 0.381 0.236
117.920 2 0.283 0.056 0.381 0.236
117.960 2 0.283 0.056 0.381 0.236
118.000 2 0.286 0.067 0.383 0.242
118.040 2 0.287 0.067 0.386 0.244
118.080 2 0.286 0.067 0.384 0.242
118.120 2 0.287 0.067 0.384 0.242
118.160 2 0.287 0.067 0.384 0.242
118.200 2 0.289 0.067 0.388 0.244
118.240 2 0.287 0.067 0.384 0.244
118.280 2 0.287 0.067 0.384 0.242
118.320 2 0.289 0.067 0.386 0.242
118.360 2 0.289 0.067 0.386 0.244
118.400 2 0.289 0.067 0.386 0.242
118.440 2 0.289 0.067 0.386 0.244
118.480 2 0.289 0.067 0.386 0.244
118.520 2 0.289 0.067 0.386 0.244
118.560 2 0.289 0.067 0.386 0.244
118.600 2 0.287 0.069 0.381 0.239
118.640 2 0.291 0.067 0.389 0.247
118.680 2 0.286 0.067 0.384 0.244
118.720 2 0.291 0.067 0.389 0.244
118.760 2 0.287 0.067 0.386 0.244
118.800 2 0.292 0.067 0.392 0.247
118.840 2 0.294 0.069 0.392 0.250
118.880 2 0.298 0.075 0.398 0.253
118.920 2 0.298 0.081 0.397 0.256
116.280 3 0.409 0.231 0.589 0.553
116.320 3 0.409 0.231 0.589 0.556
116.360 3 0.411 0.233 0.589 0.556
116.400 3 0.412 0.239 0.589 0.556
116.440 3 0.414 0.242 0.588 0.556
116.480 3 0.416 0.244 0.588 0.553
116.520 3 0.417 0.244 0.591 0.556
116.560 3 0.412 0.247 0.586 0.558
116.600 3 0.409 0.250 0.580 0.556
116.640 3 0.414 0.250 0.586 0.556
116.680 3 0.411 0.247 0.581 0.556
116.720 3 0.416 0.247 0.589 0.558
116.760 3 0.419 0.250 0.589 0.556
116.800 3 0.422 0.253 0.589 0.553
116.840 3 0.419 0.250 0.588 0.553
116.880 3 0.425 0.253 0.589 0.550
116.920 3 0.423 0.253 0.591 0.550
116.960 3 0.422 0.250 0.589 0.550
117.000 3 0.420 0.250 0.588 0.550
117.040 3 0.414 0.250 0.589 0.558
117.080 3 0.414 0.250 0.589 0.561
117.120 3 0.411 0.250 0.581 0.558
117.160 3 0.411 0.253 0.583 0.558
117.200 3 0.406 0.253 0.577 0.556
117.240 3 0.402 0.256 0.572 0.561
117.280 3 0.400 0.258 0.570 0.561
117.320 3 0.397 0.258 0.569 0.564
117.360 3 0.395 0.261 0.567 0.567
117.400 3 0.397 0.264 0.567 0.569
117.440 3 0.400 0.267 0.569 0.569
117.480 3 0.402 0.269 0.569 0.572
117.520 3 0.403 0.278 0.570 0.572
117.560 3 0.402 0.281 0.567 0.575
117.600 3 0.402 0.278 0.567 0.575
117.640 3 0.400 0.275 0.566 0.572
117.680 3 0.398 0.275 0.564 0.572
117.720 3 0.397 0.272 0.564 0.572
117.760 3 0.394 0.269 0.562 0.572
117.800 3 0.398 0.269 0.567 0.572
117.840 3 0.392 0.269 0.559 0.569
117.880 3 0.398 0.272 0.567 0.572
117.920 3 0.397 0.272 0.562 0.569
117.960 3 0.402 0.272 0.567 0.569
118.000 3 0.402 0.272 0.566 0.569
118.040 3 0.400 0.278 0.564 0.569
118.080 3 0.405 0.281 0.569 0.569
118.120 3 0.403 0.283 0.566 0.572
118.160 3 0.411 0.289 0.570 0.572
118.200 3 0.409 0.292 0.567 0.572
118.240 3 0.414 0.294 0.572 0.575
118.280 3 0.412 0.294 0.569 0.575
118.320 3 0.417 0.294 0.573 0.575
118.360 3 0.412 0.292 0.570 0.572
118.400 3 0.412 0.289 0.573 0.578
118.440 3 0.414 0.292 0.573 0.575
118.480 3 0.416 0.292 0.573 0.575
118.520 3 0.417 0.292 0.573 0.572
118.560 3 0.417 0.292 0.575 0.569
118.600 3 0.417 0.289 0.575 0.569
118.640 3 0.416 0.289 0.572 0.569
118.680 3 0.419 0.289 0.575 0.569
118.720 3 0.414 0.289 0.570 0.569
118.760 3 0.416 0.292 0.572 0.569
118.800 3 0.411 0.289 0.567 0.569
118.840 3 0.414 0.292 0.569 0.569
118.880 3 0.409 0.294 0.562 0.569
118.920 3 0.411 0.300 0.562 0.569
118.960 3 0.406 0.300 0.558 0.572
119.000 3 0.406 0.303 0.558 0.572
119.040 3 0.406 0.306 0.555 0.569
119.080 3 0.405 0.303 0.555 0.572
119.120 3 0.405 0.306 0.553 0.569
119.160 3 0.406 0.303 0.556 0.572
119.200 3 0.403 0.303 0.555 0.572
119.240 3 0.403 0.303 0.555 0.572
119.280 3 0.408 0.303 0.558 0.569
119.320 3 0.405 0.297 0.559 0.572
119.360 3 0.405 0.297 0.559 0.572
119.400 3 0.402 0.294 0.556 0.572
119.440 3 0.405 0.292 0.562 0.572
119.480 3 0.403 0.292 0.559 0.569
119.520 3 0.406 0.292 0.564 0.572
119.560 3 0.405 0.292 0.561 0.572
119.600 3 0.406 0.289 0.566 0.575
119.640 3 0.405 0.286 0.564 0.572
119.680 3 0.403 0.286 0.564 0.572
119.720 3 0.405 0.286 0.562 0.569
119.760 3 0.408 0.286 0.567 0.569
119.800 3 0.405 0.286 0.561 0.567
119.840 3 0.409 0.286 0.569 0.569
119.880 3 0.405 0.286 0.562 0.567
119.920 3 0.411 0.286 0.570 0.569
119.960 3 0.405 0.286 0.564 0.569
120.000 3 0.402 0.283 0.570 0.583
120.040 3 0.406 0.286 0.573 0.581
120.080 3 0.400 0.286 0.564 0.581
120.120 3 0.409 0.289 0.572 0.578
120.160 3 0.402 0.286 0.570 0.583
120.200 3 0.411 0.292 0.580 0.592
120.240 3 0.411 0.294 0.580 0.597
120.280 3 0.414 0.303 0.583 0.603
120.320 3 0.417 0.308 0.586 0.608
120.360 3 0.420 0.314 0.588 0.614
120.400 3 0.422 0.317 0.589 0.614
120.440 3 0.428 0.317 0.594 0.611
120.480 3 0.427 0.314 0.589 0.603
120.520 3 0.430 0.308 0.594 0.600
120.560 3 0.428 0.308 0.589 0.597
120.600 3 0.431 0.303 0.594 0.594
120.640 3 0.428 0.300 0.592 0.592
120.680 3 0.431 0.297 0.597 0.589
120.720 3 0.430 0.294 0.594 0.586
120.760 3 0.428 0.292 0.594 0.583
120.800 3 0.428 0.289 0.594 0.583
120.840 3 0.427 0.286 0.594 0.583
120.880 3 0.427 0.286 0.594 0.581
120.920 3 0.428 0.286 0.594 0.581
120.960 3 0.431 0.286 0.597 0.581
121.000 3 0.423 0.286 0.589 0.578
121.040 3 0.427 0.286 0.597 0.586
121.080 3 0.427 0.283 0.594 0.581
121.120 3 0.422 0.283 0.591 0.583
121.160 3 0.430 0.281 0.598 0.583
121.200 3 0.423 0.278 0.592 0.581
121.240 3 0.427 0.283 0.594 0.581
121.280 3 0.430 0.281 0.598 0.581
121.320 3 0.427 0.283 0.594 0.578
121.360 3 0.428 0.283 0.594 0.578
121.400 3 0.427 0.283 0.594 0.581
121.440 3 0.431 0.283 0.598 0.581
121.480 3 0.428 0.281 0.594 0.578
121.520 3 0.427 0.281 0.595 0.578
121.560 3 0.423 0.281 0.591 0.578
121.600 3 0.427 0.281 0.594 0.578
121.640 3 0.422 0.281 0.591 0.578
121.680 3 0.427 0.281 0.594 0.578
121.720 3 0.422 0.281 0.591 0.578
121.760 3 0.427 0.281 0.594 0.578
121.800 3 0.425 0.281 0.594 0.578
121.840 3 0.425 0.281 0.594 0.578
121.880 3 0.420 0.281 0.589 0.578
121.920 3 0.428 0.281 0.598 0.581
121.960 3 0.423 0.286 0.592 0.586
122.000 3 0.434 0.292 0.600 0.589
122.040 3 0.430 0.294 0.594 0.586
122.080 3 0.436 0.292 0.600 0.583
122.120 3 0.433 0.286 0.595 0.578
122.160 3 0.430 0.283 0.595 0.575
122.200 3 0.430 0.281 0.595 0.575
122.240 3 0.430 0.281 0.597 0.575
122.280 3 0.430 0.281 0.597 0.578
122.320 3 0.433 0.278 0.603 0.578
122.360 3 0.430 0.278 0.598 0.578
122.400 3 0.430 0.278 0.598 0.575
122.440 3 0.431 0.278 0.598 0.578
122.480 3 0.431 0.278 0.598 0.578
122.520 3 0.434 0.275 0.605 0.578
122.560 3 0.431 0.275 0.602 0.578
122.600 3 0.433 0.275 0.602 0.578
122.640 3 0.433 0.278 0.603 0.578
122.680 3 0.438 0.275 0.608 0.581
122.720 3 0.434 0.275 0.605 0.578
122.760 3 0.438 0.272 0.609 0.578
122.800 3 0.434 0.272 0.606 0.578
122.840 3 0.436 0.272 0.608 0.578
122.880 3 0.439 0.272 0.611 0.578
122.920 3 0.444 0.272 0.616 0.578
122.960 3 0.441 0.269 0.613 0.578
123.000 3 0.445 0.272 0.619 0.578
123.040 3 0.441 0.269 0.613 0.575
123.080 3 0.448 0.272 0.623 0.581
123.120 3 0.442 0.269 0.617 0.581
123.160 3 0.453 0.275 0.627 0.583
123.200 3 0.455 0.267 0.630 0.578
123.240 3 0.450 0.264 0.625 0.575
123.280 3 0.453 0.267 0.628 0.578
123.320 3 0.458 0.267 0.631 0.575
123.360 3 0.463 0.267 0.639 0.581
123.400 3 0.467 0.261 0.644 0.575
123.440 3 0.467 0.261 0.644 0.575
123.480 3 0.469 0.261 0.647 0.578
123.520 3 0.470 0.261 0.648 0.578
123.560 3 0.470 0.267 0.648 0.583
123.600 3 0.464 0.272 0.642 0.589
123.640 3 0.464 0.275 0.644 0.592
123.760 3 0.461 0.292 0.633 0.600
123.800 3 0.452 0.289 0.622 0.597
123.840 3 0.458 0.289 0.628 0.592
123.880 3 0.450 0.286 0.619 0.589
123.920 3 0.455 0.286 0.622 0.586
123.960 3 0.453 0.286 0.619 0.581
124.000 3 0.458 0.283 0.625 0.583
124.040 3 0.464 0.286 0.630 0.583
124.080 3 0.463 0.281 0.630 0.581
124.120 3 0.469 0.283 0.634 0.581
124.160 3 0.467 0.281 0.633 0.581
124.200 3 0.469 0.281 0.636 0.581
124.240 3 0.472 0.283 0.639 0.583
124.280 3 0.475 0.286 0.642 0.586
124.320 3 0.477 0.289 0.644 0.589
124.360 3 0.480 0.292 0.647 0.592
124.400 3 0.481 0.294 0.647 0.592
124.440 3 0.481 0.294 0.650 0.594
124.480 3 0.483 0.294 0.650 0.597
124.520 3 0.483 0.294 0.650 0.594
124.560 3 0.487 0.294 0.655 0.594
124.600 3 0.481 0.294 0.647 0.589
124.640 3 0.487 0.292 0.652 0.586
124.680 3 0.478 0.289 0.642 0.583
124.720 3 0.477 0.283 0.642 0.581
124.760 3 0.469 0.283 0.631 0.578
124.800 3 0.459 0.281 0.623 0.575
124.840 3 0.452 0.281 0.616 0.572
124.560 3 0.458 0.239 0.662 0.603
124.600 3 0.456 0.236 0.661 0.600
124.640 3 0.450 0.231 0.659 0.600
124.680 3 0.459 0.231 0.662 0.592
124.720 3 0.453 0.233 0.652 0.583
124.760 3 0.453 0.231 0.650 0.581
124.800 3 0.445 0.233 0.636 0.572
124.840 3 0.433 0.231 0.627 0.572
124.880 3 0.430 0.225 0.623 0.569
124.920 3 0.409 0.222 0.613 0.581
124.960 3 0.405 0.228 0.603 0.581
125.000 3 0.392 0.222 0.594 0.581
125.040 3 0.373 0.214 0.580 0.581
125.080 3 0.369 0.219 0.572 0.583
125.120 3 0.362 0.225 0.564 0.583
125.160 3 0.348 0.222 0.548 0.581
125.200 3 0.339 0.217 0.542 0.578
125.240 3 0.328 0.219 0.531 0.581
125.280 3 0.330 0.222 0.528 0.578
125.320 3 0.320 0.222 0.516 0.569
125.360 3 0.316 0.222 0.508 0.564
125.400 3 0.303 0.219 0.497 0.564
125.440 3 0.297 0.219 0.491 0.567
125.480 3 0.286 0.219 0.484 0.569
125.520 3 0.283 0.217 0.481 0.569
125.560 3 0.272 0.217 0.472 0.572
125.600 3 0.269 0.217 0.469 0.569
125.640 3 0.258 0.211 0.458 0.567
125.680 3 0.250 0.214 0.453 0.575
125.720 3 0.244 0.214 0.447 0.578
125.760 3 0.237 0.214 0.442 0.578
125.800 3 0.239 0.217 0.442 0.578
125.840 3 0.233 0.217 0.436 0.578
125.880 3 0.227 0.219 0.431 0.583
125.920 3 0.227 0.219 0.433 0.586
125.960 3 0.220 0.219 0.427 0.586
126.000 3 0.220 0.219 0.430 0.592
126.040 3 0.214 0.219 0.422 0.592
126.080 3 0.217 0.222 0.427 0.594
126.120 3 0.217 0.222 0.427 0.594
126.160 3 0.220 0.222 0.430 0.594
126.200 3 0.230 0.222 0.439 0.594
126.240 3 0.234 0.222 0.444 0.594
126.280 3 0.245 0.225 0.455 0.597
126.480 3 0.295 0.303 0.464 0.603
126.520 3 0.298 0.306 0.467 0.603
126.560 3 0.300 0.306 0.469 0.606
126.600 3 0.302 0.306 0.470 0.606
126.640 3 0.303 0.308 0.472 0.608
126.680 3 0.306 0.308 0.475 0.608
126.720 3 0.309 0.308 0.478 0.608
126.760 3 0.311 0.311 0.480 0.611
126.800 3 0.314 0.311 0.483 0.614
126.840 3 0.317 0.314 0.486 0.614
126.880 3 0.319 0.314 0.487 0.617
126.920 3 0.322 0.317 0.491 0.617
126.960 3 0.323 0.317 0.492 0.617
127.000 3 0.327 0.317 0.495 0.617
127.040 3 0.328 0.319 0.497 0.619
127.080 3 0.331 0.319 0.500 0.622
127.120 3 0.334 0.322 0.503 0.622
127.160 3 0.336 0.325 0.505 0.625
127.200 3 0.339 0.325 0.508 0.625
127.240 3 0.342 0.328 0.511 0.625
127.280 3 0.344 0.328 0.511 0.625
127.320 3 0.348 0.328 0.516 0.625
127.360 3 0.352 0.331 0.519 0.625
127.400 3 0.353 0.325 0.522 0.625
127.440 3 0.356 0.328 0.523 0.622
127.480 3 0.358 0.322 0.525 0.622
127.520 3 0.359 0.322 0.527 0.619
127.560 3 0.361 0.322 0.528 0.617
127.600 3 0.362 0.322 0.530 0.617
127.640 3 0.362 0.319 0.530 0.617
127.680 3 0.364 0.319 0.530 0.614
127.720 3 0.362 0.319 0.527 0.611
127.760 3 0.366 0.322 0.528 0.611
127.800 3 0.362 0.319 0.522 0.606
127.840 3 0.366 0.319 0.528 0.608
127.880 3 0.366 0.319 0.527 0.606
127.920 3 0.367 0.319 0.528 0.606
127.960 3 0.367 0.319 0.527 0.606
128.000 3 0.364 0.317 0.533 0.617
128.040 3 0.366 0.308 0.544 0.625
128.080 3 0.366 0.311 0.539 0.619
128.120 3 0.369 0.311 0.544 0.619
128.160 3 0.370 0.311 0.544 0.622
128.200 3 0.372 0.311 0.545 0.619
128.240 3 0.372 0.314 0.544 0.619
128.280 3 0.370 0.314 0.541 0.617
128.320 3 0.372 0.314 0.544 0.617
128.360 3 0.366 0.311 0.537 0.619
128.400 3 0.372 0.314 0.544 0.619
128.440 3 0.369 0.311 0.542 0.619
128.480 3 0.373 0.317 0.544 0.619
128.520 3 0.375 0.314 0.547 0.619
128.560 3 0.373 0.317 0.544 0.619
128.600 3 0.377 0.317 0.547 0.619
128.640 3 0.373 0.314 0.547 0.622
128.680 3 0.380 0.317 0.553 0.625
128.720 3 0.380 0.317 0.553 0.625
128.760 3 0.388 0.319 0.559 0.622
128.800 3 0.389 0.319 0.558 0.622
128.840 3 0.388 0.319 0.558 0.622
128.880 3 0.381 0.322 0.545 0.614
128.920 3 0.381 0.322 0.545 0.617
128.960 3 0.381 0.322 0.545 0.617
129.000 3 0.383 0.317 0.552 0.617
129.040 3 0.381 0.314 0.550 0.617
129.080 3 0.378 0.311 0.548 0.614
129.120 3 0.384 0.308 0.555 0.614
129.160 3 0.383 0.308 0.555 0.614
129.200 3 0.388 0.306 0.561 0.614
129.240 3 0.384 0.306 0.556 0.611
129.280 3 0.389 0.306 0.561 0.611
129.320 3 0.389 0.306 0.559 0.608
129.360 3 0.392 0.306 0.562 0.608
129.400 3 0.394 0.306 0.564 0.608
129.440 3 0.395 0.308 0.564 0.608
129.480 3 0.398 0.306 0.572 0.614
129.520 3 0.398 0.308 0.569 0.611
129.560 3 0.398 0.308 0.567 0.608
129.600 3 0.402 0.306 0.573 0.611
129.640 3 0.400 0.303 0.572 0.611
129.680 3 0.398 0.303 0.572 0.611
129.720 3 0.391 0.306 0.561 0.608
129.760 3 0.383 0.308 0.550 0.606
129.800 3 0.375 0.311 0.539 0.603
116.280 4 0.800 0.333 0.897 0.508
116.320 4 0.797 0.333 0.895 0.508
116.360 4 0.800 0.336 0.897 0.508
116.400 4 0.795 0.333 0.894 0.508
116.440 4 0.798 0.336 0.895 0.508
116.480 4 0.794 0.336 0.892 0.508
116.520 4 0.797 0.336 0.894 0.508
116.560 4 0.792 0.336 0.891 0.508
116.600 4 0.792 0.336 0.889 0.508
116.640 4 0.794 0.336 0.891 0.508
116.680 4 0.791 0.336 0.887 0.508
116.720 4 0.792 0.336 0.889 0.508
116.760 4 0.789 0.336 0.886 0.508
116.800 4 0.787 0.336 0.886 0.508
116.840 4 0.791 0.336 0.887 0.508
116.880 4 0.787 0.336 0.884 0.508
116.920 4 0.787 0.339 0.884 0.508
116.960 4 0.784 0.336 0.881 0.508
117.000 4 0.783 0.336 0.880 0.508
117.040 4 0.778 0.336 0.877 0.508
117.080 4 0.777 0.336 0.873 0.508
117.120 4 0.773 0.336 0.872 0.508
117.160 4 0.773 0.333 0.870 0.508
117.200 4 0.772 0.333 0.869 0.508
117.240 4 0.770 0.336 0.867 0.508
117.280 4 0.770 0.336 0.866 0.506
117.320 4 0.767 0.336 0.864 0.508
117.360 4 0.769 0.336 0.864 0.508
117.400 4 0.767 0.336 0.864 0.508
117.440 4 0.767 0.336 0.863 0.506
117.480 4 0.766 0.336 0.863 0.508
117.520 4 0.766 0.336 0.863 0.508
117.560 4 0.766 0.336 0.863 0.508
117.600 4 0.766 0.336 0.861 0.508
117.640 4 0.764 0.336 0.861 0.508
117.680 4 0.766 0.336 0.863 0.508
117.720 4 0.764 0.336 0.861 0.508
117.760 4 0.762 0.336 0.858 0.506
117.800 4 0.766 0.336 0.863 0.508
117.840 4 0.762 0.336 0.858 0.506
117.880 4 0.764 0.336 0.859 0.506
117.920 4 0.762 0.336 0.858 0.508
117.960 4 0.764 0.336 0.859 0.508
118.000 4 0.761 0.336 0.858 0.508
118.040 4 0.759 0.336 0.856 0.508
118.080 4 0.761 0.336 0.858 0.508
118.120 4 0.759 0.336 0.856 0.508
118.160 4 0.761 0.336 0.858 0.508
118.200 4 0.759 0.336 0.856 0.508
118.240 4 0.761 0.336 0.858 0.508
118.280 4 0.761 0.336 0.858 0.508
118.320 4 0.761 0.336 0.859 0.511
118.360 4 0.759 0.333 0.858 0.511
118.400 4 0.761 0.336 0.861 0.511
118.440 4 0.759 0.333 0.858 0.511
118.480 4 0.761 0.333 0.861 0.511
118.520 4 0.758 0.333 0.858 0.511
118.560 4 0.761 0.333 0.861 0.511
118.600 4 0.759 0.333 0.858 0.511
118.640 4 0.762 0.333 0.861 0.511
118.680 4 0.759 0.333 0.858 0.508
118.720 4 0.762 0.333 0.861 0.511
118.760 4 0.759 0.333 0.858 0.511
118.800 4 0.761 0.336 0.861 0.511
118.840 4 0.759 0.336 0.858 0.511
118.880 4 0.761 0.336 0.858 0.508
118.920 4 0.761 0.336 0.858 0.511
118.960 4 0.761 0.336 0.859 0.511
119.000 4 0.761 0.336 0.858 0.508
119.040 4 0.761 0.333 0.859 0.508
119.080 4 0.762 0.333 0.859 0.508
119.120 4 0.759 0.333 0.858 0.508
119.160 4 0.761 0.333 0.861 0.511
119.200 4 0.758 0.333 0.856 0.511
119.240 4 0.762 0.333 0.861 0.511
119.280 4 0.758 0.333 0.858 0.508
119.320 4 0.762 0.333 0.861 0.511
119.360 4 0.758 0.333 0.856 0.508
119.400 4 0.761 0.333 0.859 0.508
119.440 4 0.758 0.333 0.856 0.508
119.480 4 0.761 0.333 0.859 0.508
119.520 4 0.758 0.333 0.856 0.511
119.560 4 0.761 0.336 0.859 0.511
119.600 4 0.758 0.333 0.856 0.511
119.640 4 0.761 0.336 0.859 0.508
119.680 4 0.758 0.333 0.858 0.508
119.720 4 0.759 0.336 0.856 0.508
119.760 4 0.759 0.336 0.856 0.508
119.800 4 0.761 0.336 0.856 0.508
119.840 4 0.761 0.336 0.856 0.508
119.880 4 0.761 0.336 0.858 0.511
119.920 4 0.759 0.336 0.856 0.508
119.960 4 0.761 0.336 0.858 0.508
120.000 4 0.761 0.336 0.858 0.508
120.040 4 0.759 0.336 0.856 0.508
120.080 4 0.761 0.336 0.858 0.508
120.120 4 0.759 0.333 0.858 0.508
120.160 4 0.761 0.336 0.858 0.508
120.200 4 0.761 0.336 0.858 0.508
120.240 4 0.761 0.336 0.858 0.508
120.280 4 0.761 0.336 0.858 0.508
120.320 4 0.761 0.336 0.858 0.508
120.360 4 0.761 0.336 0.858 0.508
120.400 4 0.759 0.336 0.858 0.508
120.440 4 0.762 0.336 0.859 0.508
120.480 4 0.759 0.336 0.856 0.508
120.520 4 0.762 0.336 0.859 0.511
120.560 4 0.761 0.336 0.858 0.508
120.600 4 0.761 0.336 0.858 0.508
120.640 4 0.761 0.336 0.858 0.508
120.680 4 0.761 0.333 0.859 0.508
120.720 4 0.759 0.336 0.858 0.508
120.760 4 0.761 0.336 0.859 0.508
120.800 4 0.759 0.336 0.856 0.508
120.840 4 0.762 0.336 0.861 0.511
120.880 4 0.758 0.336 0.856 0.508
120.920 4 0.762 0.336 0.861 0.511
120.960 4 0.758 0.333 0.856 0.508
121.000 4 0.761 0.336 0.858 0.508
121.040 4 0.767 0.336 0.863 0.506
121.080 4 0.767 0.339 0.863 0.508
121.120 4 0.767 0.336 0.861 0.506
121.160 4 0.767 0.336 0.863 0.508
121.200 4 0.767 0.336 0.861 0.506
121.240 4 0.769 0.336 0.864 0.506
121.280 4 0.767 0.336 0.863 0.506
121.320 4 0.767 0.336 0.864 0.508
121.360 4 0.767 0.336 0.863 0.508
121.400 4 0.767 0.336 0.864 0.508
121.440 4 0.769 0.336 0.866 0.508
121.480 4 0.767 0.336 0.864 0.508
121.520 4 0.769 0.336 0.866 0.508
121.560 4 0.767 0.336 0.864 0.508
121.600 4 0.769 0.336 0.866 0.508
121.640 4 0.767 0.336 0.866 0.508
121.680 4 0.769 0.336 0.866 0.508
121.720 4 0.767 0.336 0.864 0.508
121.760 4 0.770 0.336 0.866 0.508
121.800 4 0.767 0.336 0.864 0.508
121.840 4 0.769 0.336 0.866 0.508
121.880 4 0.767 0.336 0.866 0.508
121.920 4 0.769 0.336 0.866 0.508
121.960 4 0.767 0.336 0.866 0.508
122.000 4 0.772 0.336 0.869 0.508
122.040 4 0.769 0.336 0.866 0.508
122.080 4 0.769 0.336 0.866 0.508
122.120 4 0.769 0.336 0.866 0.508
122.160 4 0.769 0.336 0.866 0.508
122.200 4 0.769 0.336 0.866 0.508
122.240 4 0.769 0.336 0.866 0.508
122.280 4 0.769 0.336 0.867 0.508
122.320 4 0.769 0.336 0.864 0.508
122.360 4 0.769 0.336 0.866 0.508
122.400 4 0.769 0.336 0.866 0.508
122.440 4 0.769 0.336 0.866 0.508
122.480 4 0.769 0.336 0.866 0.508
122.520 4 0.770 0.336 0.867 0.508
122.560 4 0.770 0.336 0.867 0.508
122.600 4 0.770 0.336 0.867 0.508
122.640 4 0.770 0.336 0.867 0.508
122.680 4 0.772 0.336 0.869 0.508
122.720 4 0.772 0.336 0.869 0.508
122.760 4 0.772 0.336 0.869 0.508
122.800 4 0.772 0.336 0.869 0.508
122.840 4 0.773 0.336 0.869 0.508
122.880 4 0.773 0.336 0.870 0.508
122.920 4 0.772 0.336 0.869 0.508
122.960 4 0.775 0.336 0.872 0.508
123.000 4 0.772 0.336 0.869 0.508
123.040 4 0.775 0.336 0.872 0.508
123.080 4 0.773 0.336 0.870 0.508
123.120 4 0.775 0.336 0.875 0.511
123.160 4 0.775 0.333 0.873 0.508
123.200 4 0.780 0.333 0.881 0.514
123.240 4 0.783 0.331 0.883 0.511
123.280 4 0.786 0.331 0.886 0.508
123.320 4 0.789 0.331 0.889 0.508
123.360 4 0.795 0.328 0.895 0.508
124.280 4 0.789 0.333 0.887 0.506
124.320 4 0.784 0.333 0.881 0.506
124.360 4 0.783 0.333 0.880 0.506
124.400 4 0.781 0.333 0.878 0.506
124.440 4 0.775 0.333 0.872 0.506
124.480 4 0.775 0.333 0.872 0.508
124.520 4 0.772 0.336 0.869 0.508
124.560 4 0.770 0.336 0.867 0.508
124.600 4 0.769 0.339 0.864 0.511
124.640 4 0.764 0.336 0.863 0.511
124.680 4 0.766 0.339 0.864 0.514
124.720 4 0.762 0.339 0.859 0.511
124.760 4 0.762 0.339 0.859 0.511
124.800 4 0.762 0.339 0.858 0.511
124.840 4 0.762 0.339 0.858 0.511
124.880 4 0.762 0.339 0.859 0.508
124.920 4 0.761 0.336 0.859 0.508
124.960 4 0.761 0.336 0.859 0.508
125.000 4 0.761 0.336 0.858 0.508
125.040 4 0.752 0.317 0.866 0.522
125.080 4 0.750 0.317 0.864 0.522
125.120 4 0.747 0.317 0.861 0.519
125.160 4 0.745 0.317 0.859 0.519
125.200 4 0.741 0.317 0.855 0.517
125.240 4 0.741 0.314 0.853 0.517
125.280 4 0.734 0.314 0.848 0.517
125.320 4 0.736 0.314 0.848 0.514
125.360 4 0.733 0.314 0.845 0.514
125.400 4 0.734 0.314 0.847 0.514
125.440 4 0.731 0.314 0.842 0.511
125.480 4 0.733 0.314 0.845 0.511
125.520 4 0.728 0.314 0.839 0.511
125.560 4 0.733 0.314 0.844 0.511
125.600 4 0.722 0.300 0.852 0.528
125.640 4 0.728 0.300 0.858 0.531
125.680 4 0.723 0.303 0.848 0.525
125.720 4 0.730 0.303 0.855 0.522
125.760 4 0.731 0.308 0.848 0.517
125.800 4 0.731 0.308 0.848 0.519
125.840 4 0.731 0.311 0.848 0.519
125.880 4 0.734 0.314 0.848 0.519
125.920 4 0.731 0.314 0.844 0.517
125.960 4 0.736 0.314 0.850 0.517
126.000 4 0.731 0.311 0.848 0.519
126.040 4 0.736 0.322 0.842 0.511
126.080 4 0.736 0.322 0.842 0.514
126.120 4 0.736 0.322 0.844 0.514
126.160 4 0.736 0.325 0.844 0.514
126.200 4 0.738 0.325 0.844 0.517
126.240 4 0.738 0.328 0.844 0.517
126.280 4 0.739 0.328 0.845 0.519
126.320 4 0.739 0.328 0.847 0.519
126.360 4 0.741 0.331 0.848 0.522
126.400 4 0.744 0.331 0.852 0.522
126.440 4 0.745 0.331 0.853 0.522
126.480 4 0.747 0.331 0.855 0.525
126.520 4 0.747 0.333 0.856 0.525
126.560 4 0.748 0.333 0.856 0.525
126.600 4 0.748 0.333 0.858 0.528
126.640 4 0.750 0.336 0.858 0.531
126.680 4 0.747 0.342 0.856 0.533
126.720 4 0.750 0.347 0.858 0.539
126.760 4 0.747 0.350 0.855 0.542
126.800 4 0.748 0.353 0.856 0.547
126.840 4 0.745 0.358 0.853 0.550
126.880 4 0.747 0.358 0.855 0.550
126.920 4 0.744 0.361 0.852 0.553
126.960 4 0.745 0.361 0.853 0.553
127.000 4 0.750 0.375 0.847 0.547
127.040 4 0.747 0.383 0.844 0.556
127.080 4 0.750 0.386 0.847 0.558
127.120 4 0.745 0.386 0.842 0.558
127.160 4 0.748 0.386 0.845 0.561
127.200 4 0.745 0.386 0.841 0.558
127.240 4 0.748 0.386 0.844 0.558
127.280 4 0.745 0.386 0.842 0.558
127.320 4 0.747 0.386 0.844 0.558
127.360 4 0.747 0.389 0.842 0.556
127.400 4 0.747 0.389 0.842 0.558
127.440 4 0.747 0.389 0.842 0.558
127.480 4 0.747 0.389 0.842 0.558
127.520 4 0.747 0.389 0.842 0.558
127.560 4 0.747 0.389 0.842 0.558
127.600 4 0.747 0.389 0.844 0.558
127.640 4 0.747 0.389 0.845 0.561
127.680 4 0.747 0.389 0.842 0.558
127.720 4 0.748 0.389 0.845 0.558
127.760 4 0.748 0.389 0.842 0.556
127.800 4 0.750 0.389 0.847 0.558
127.840 4 0.747 0.389 0.844 0.558
127.880 4 0.750 0.389 0.845 0.558
127.920 4 0.750 0.389 0.847 0.558
127.960 4 0.750 0.386 0.847 0.558
128.000 4 0.750 0.394 0.847 0.567
128.040 4 0.750 0.394 0.847 0.567
128.080 4 0.748 0.394 0.845 0.567
128.120 4 0.752 0.394 0.848 0.567
128.160 4 0.750 0.394 0.845 0.567
128.200 4 0.752 0.394 0.848 0.567
128.240 4 0.750 0.394 0.847 0.567
128.280 4 0.752 0.392 0.850 0.567
128.320 4 0.752 0.392 0.848 0.567
128.360 4 0.752 0.394 0.848 0.567
128.400 4 0.752 0.394 0.848 0.567
128.440 4 0.752 0.394 0.848 0.567
128.480 4 0.752 0.392 0.848 0.567
128.520 4 0.752 0.392 0.848 0.567
128.560 4 0.752 0.392 0.848 0.567
128.600 4 0.752 0.394 0.848 0.567
128.640 4 0.752 0.394 0.848 0.567
128.680 4 0.750 0.394 0.848 0.567
128.720 4 0.750 0.394 0.848 0.567
128.760 4 0.750 0.394 0.848 0.567
128.800 4 0.750 0.394 0.848 0.567
128.840 4 0.750 0.394 0.847 0.567
128.880 4 0.750 0.394 0.847 0.567
128.920 4 0.750 0.394 0.847 0.567
128.960 4 0.750 0.394 0.847 0.567
129.000 4 0.750 0.394 0.847 0.567
129.040 4 0.748 0.394 0.844 0.567
129.080 4 0.752 0.394 0.848 0.567
129.120 4 0.750 0.394 0.848 0.569
129.160 4 0.750 0.394 0.847 0.567
129.200 4 0.752 0.394 0.850 0.567
129.240 4 0.748 0.394 0.845 0.567
129.280 4 0.752 0.392 0.853 0.572
129.320 4 0.748 0.394 0.845 0.567
129.360 4 0.752 0.392 0.853 0.572
129.400 4 0.748 0.394 0.847 0.567
129.440 4 0.753 0.392 0.852 0.567
129.480 4 0.752 0.394 0.845 0.561
129.520 4 0.753 0.394 0.848 0.567
129.560 4 0.753 0.394 0.848 0.567
129.600 4 0.753 0.394 0.848 0.567
129.640 4 0.753 0.394 0.848 0.567
129.680 4 0.753 0.394 0.850 0.567
129.720 4 0.753 0.394 0.850 0.567
129.760 4 0.755 0.394 0.850 0.564
129.800 4 0.755 0.394 0.850 0.567
129.840 4 0.755 0.394 0.852 0.567
129.880 4 0.755 0.394 0.852 0.567
129.920 4 0.756 0.392 0.855 0.567
129.960 4 0.756 0.394 0.852 0.567
116.280 5 0.102 0.058 0.219 0.267
116.320 5 0.103 0.058 0.220 0.267
116.360 5 0.100 0.058 0.219 0.267
116.400 5 0.100 0.058 0.219 0.269
116.440 5 0.097 0.058 0.216 0.269
116.480 5 0.102 0.058 0.223 0.275
116.520 5 0.095 0.058 0.214 0.269
116.560 5 0.102 0.058 0.223 0.275
116.600 5 0.095 0.058 0.214 0.269
116.640 5 0.100 0.056 0.223 0.275
116.680 5 0.095 0.058 0.214 0.269
116.720 5 0.102 0.058 0.220 0.269
116.760 5 0.098 0.058 0.216 0.267
116.800 5 0.100 0.058 0.219 0.269
116.840 5 0.098 0.058 0.216 0.267
116.880 5 0.097 0.058 0.216 0.267
116.920 5 0.097 0.058 0.214 0.267
116.960 5 0.097 0.058 0.214 0.267
117.000 5 0.097 0.058 0.214 0.267
117.040 5 0.098 0.058 0.211 0.261
117.080 5 0.100 0.058 0.214 0.261
117.120 5 0.098 0.061 0.211 0.261
117.160 5 0.100 0.058 0.214 0.261
117.200 5 0.097 0.058 0.211 0.261
117.240 5 0.098 0.058 0.214 0.264
117.280 5 0.098 0.058 0.212 0.261
117.320 5 0.098 0.058 0.211 0.261
117.360 5 0.098 0.058 0.211 0.261
117.400 5 0.100 0.058 0.212 0.261
117.440 5 0.098 0.058 0.211 0.261
117.480 5 0.100 0.058 0.212 0.261
117.520 5 0.098 0.058 0.211 0.261
117.560 5 0.098 0.058 0.211 0.261
117.600 5 0.098 0.061 0.211 0.261
117.640 5 0.100 0.061 0.212 0.261
117.680 5 0.100 0.061 0.211 0.258
117.720 5 0.097 0.058 0.211 0.261
117.760 5 0.095 0.058 0.209 0.261
117.800 5 0.097 0.058 0.211 0.261
117.840 5 0.095 0.058 0.209 0.261
117.880 5 0.098 0.058 0.212 0.264
117.920 5 0.095 0.058 0.208 0.258
117.960 5 0.098 0.058 0.212 0.261
118.000 5 0.097 0.058 0.209 0.261
118.040 5 0.097 0.058 0.211 0.264
118.080 5 0.097 0.058 0.211 0.264
118.120 5 0.095 0.058 0.209 0.264
118.160 5 0.097 0.058 0.212 0.264
118.200 5 0.097 0.058 0.209 0.261
118.240 5 0.097 0.058 0.211 0.264
118.280 5 0.095 0.058 0.211 0.264
118.320 5 0.095 0.058 0.211 0.264
118.360 5 0.095 0.058 0.212 0.264
118.400 5 0.095 0.058 0.212 0.264
118.440 5 0.095 0.058 0.212 0.264
118.480 5 0.095 0.058 0.212 0.267
118.520 5 0.095 0.058 0.212 0.267
118.560 5 0.095 0.058 0.212 0.267
118.600 5 0.095 0.058 0.212 0.267
118.640 5 0.095 0.058 0.212 0.267
118.680 5 0.095 0.058 0.212 0.267
118.720 5 0.095 0.058 0.212 0.267
118.760 5 0.095 0.058 0.212 0.267
118.800 5 0.095 0.058 0.212 0.267
118.840 5 0.095 0.058 0.212 0.267
118.880 5 0.095 0.058 0.212 0.267
118.920 5 0.095 0.058 0.212 0.267
118.960 5 0.095 0.058 0.212 0.267
119.000 5 0.095 0.058 0.212 0.267
119.040 5 0.095 0.058 0.212 0.267
119.080 5 0.094 0.058 0.212 0.267
119.120 5 0.094 0.058 0.212 0.269
119.160 5 0.094 0.058 0.212 0.269
119.200 5 0.094 0.058 0.212 0.269
119.240 5 0.094 0.058 0.212 0.269
119.280 5 0.094 0.058 0.214 0.269
119.320 5 0.094 0.056 0.214 0.269
119.360 5 0.094 0.056 0.214 0.269
119.400 5 0.092 0.056 0.212 0.269
119.440 5 0.095 0.058 0.216 0.269
119.480 5 0.092 0.058 0.211 0.267
119.520 5 0.095 0.058 0.216 0.272
119.560 5 0.092 0.058 0.212 0.272
119.600 5 0.094 0.058 0.214 0.272
119.640 5 0.094 0.058 0.214 0.272
119.680 5 0.094 0.058 0.214 0.272
119.720 5 0.094 0.058 0.214 0.272
119.760 5 0.094 0.056 0.216 0.275
119.800 5 0.094 0.058 0.212 0.272
119.840 5 0.095 0.058 0.216 0.272
119.880 5 0.094 0.058 0.214 0.272
119.920 5 0.095 0.056 0.217 0.272
119.960 5 0.094 0.058 0.214 0.272
120.000 5 0.097 0.058 0.214 0.267
120.040 5 0.097 0.058 0.214 0.267
120.080 5 0.097 0.058 0.214 0.267
120.120 5 0.097 0.058 0.214 0.267
120.160 5 0.097 0.058 0.214 0.267
120.200 5 0.097 0.058 0.214 0.267
120.240 5 0.098 0.058 0.214 0.267
120.280 5 0.098 0.058 0.214 0.267
120.320 5 0.102 0.058 0.217 0.267
120.360 5 0.098 0.058 0.214 0.264
120.400 5 0.102 0.058 0.217 0.264
120.440 5 0.100 0.058 0.212 0.261
120.480 5 0.098 0.058 0.216 0.267
120.520 5 0.098 0.058 0.216 0.267
120.560 5 0.103 0.058 0.219 0.267
120.600 5 0.100 0.058 0.217 0.264
120.640 5 0.100 0.058 0.217 0.264
120.680 5 0.103 0.058 0.219 0.264
120.720 5 0.102 0.058 0.217 0.264
120.760 5 0.105 0.058 0.219 0.264
120.800 5 0.102 0.058 0.217 0.264
120.840 5 0.105 0.058 0.219 0.264
120.880 5 0.103 0.058 0.217 0.261
120.920 5 0.105 0.058 0.219 0.261
120.960 5 0.103 0.058 0.217 0.261
121.000 5 0.106 0.058 0.220 0.261
121.040 5 0.103 0.058 0.217 0.261
121.080 5 0.106 0.058 0.220 0.261
121.120 5 0.103 0.058 0.217 0.261
121.160 5 0.106 0.058 0.220 0.261
121.200 5 0.105 0.058 0.219 0.261
121.240 5 0.108 0.061 0.220 0.261
121.280 5 0.105 0.058 0.219 0.261
121.320 5 0.102 0.058 0.216 0.261
121.360 5 0.108 0.061 0.223 0.264
121.400 5 0.102 0.058 0.216 0.261
121.440 5 0.108 0.061 0.222 0.264
121.480 5 0.103 0.061 0.216 0.261
121.520 5 0.105 0.061 0.219 0.261
121.560 5 0.102 0.061 0.216 0.261
121.600 5 0.105 0.058 0.217 0.261
121.640 5 0.102 0.061 0.214 0.261
121.680 5 0.105 0.061 0.217 0.261
121.720 5 0.103 0.061 0.217 0.261
121.760 5 0.103 0.061 0.217 0.261
121.800 5 0.103 0.061 0.217 0.261
121.840 5 0.103 0.061 0.217 0.261
121.880 5 0.103 0.061 0.217 0.261
121.920 5 0.103 0.061 0.217 0.261
121.960 5 0.106 0.061 0.219 0.258
122.000 5 0.105 0.061 0.217 0.258
122.040 5 0.108 0.061 0.219 0.258
122.080 5 0.105 0.061 0.217 0.258
122.120 5 0.108 0.061 0.219 0.258
122.160 5 0.105 0.061 0.217 0.258
122.200 5 0.105 0.061 0.217 0.258
122.240 5 0.105 0.061 0.217 0.258
122.280 5 0.103 0.061 0.214 0.258
122.320 5 0.105 0.061 0.217 0.258
122.360 5 0.102 0.058 0.214 0.258
122.400 5 0.105 0.061 0.216 0.258
122.440 5 0.105 0.061 0.216 0.258
122.480 5 0.102 0.061 0.214 0.258
122.520 5 0.103 0.061 0.216 0.258
122.560 5 0.100 0.061 0.212 0.261
122.600 5 0.103 0.061 0.216 0.261
122.640 5 0.103 0.061 0.216 0.261
122.680 5 0.103 0.061 0.216 0.261
122.720 5 0.103 0.061 0.216 0.261
122.760 5 0.102 0.061 0.214 0.261
122.800 5 0.102 0.061 0.214 0.261
122.840 5 0.102 0.061 0.214 0.261
122.880 5 0.102 0.061 0.214 0.261
122.920 5 0.102 0.061 0.214 0.261
122.960 5 0.102 0.061 0.214 0.261
123.000 5 0.102 0.061 0.214 0.261
123.040 5 0.102 0.061 0.214 0.261
123.080 5 0.102 0.061 0.214 0.261
123.120 5 0.102 0.061 0.214 0.261
123.160 5 0.102 0.061 0.214 0.261
123.200 5 0.102 0.061 0.214 0.261
123.240 5 0.102 0.061 0.214 0.258
123.280 5 0.105 0.061 0.217 0.261
123.320 5 0.103 0.061 0.214 0.261
123.360 5 0.105 0.061 0.217 0.261
123.400 5 0.103 0.061 0.216 0.261
123.440 5 0.106 0.061 0.219 0.261
123.480 5 0.106 0.061 0.219 0.258
123.520 5 0.108 0.061 0.220 0.261
124.520 5 0.141 0.047 0.283 0.303
124.560 5 0.139 0.047 0.283 0.303
124.600 5 0.139 0.047 0.281 0.303
124.640 5 0.139 0.047 0.280 0.300
124.680 5 0.136 0.044 0.280 0.303
124.720 5 0.134 0.044 0.278 0.303
124.760 5 0.128 0.042 0.269 0.297
124.800 5 0.127 0.042 0.269 0.297
124.840 5 0.120 0.042 0.261 0.294
124.880 5 0.123 0.042 0.264 0.292
124.920 5 0.122 0.044 0.259 0.292
124.960 5 0.117 0.042 0.258 0.294
125.000 5 0.117 0.042 0.256 0.292
125.040 5 0.113 0.042 0.252 0.289
125.080 5 0.114 0.042 0.253 0.289
125.120 5 0.113 0.042 0.252 0.292
125.160 5 0.111 0.042 0.248 0.289
125.200 5 0.109 0.044 0.247 0.289
125.240 5 0.116 0.044 0.248 0.283
125.280 5 0.114 0.042 0.248 0.283
125.320 5 0.114 0.083 0.225 0.281
125.360 5 0.109 0.083 0.222 0.281
125.400 5 0.109 0.081 0.223 0.283
125.440 5 0.106 0.081 0.219 0.283
125.480 5 0.106 0.081 0.219 0.283
125.520 5 0.102 0.081 0.216 0.283
125.560 5 0.103 0.081 0.219 0.286
125.600 5 0.100 0.081 0.216 0.286
125.640 5 0.103 0.081 0.217 0.286
125.680 5 0.098 0.081 0.214 0.286
125.720 5 0.100 0.078 0.219 0.289
125.760 5 0.097 0.081 0.214 0.286
125.800 5 0.098 0.078 0.217 0.289
125.840 5 0.097 0.081 0.214 0.289
125.880 5 0.097 0.081 0.214 0.289
125.920 5 0.097 0.081 0.214 0.289
125.960 5 0.097 0.081 0.214 0.289
126.000 5 0.097 0.081 0.214 0.289
126.040 5 0.095 0.081 0.212 0.289
126.080 5 0.098 0.081 0.216 0.289
126.120 5 0.097 0.081 0.214 0.289
126.160 5 0.098 0.081 0.216 0.289
126.200 5 0.097 0.081 0.214 0.289
126.240 5 0.098 0.081 0.216 0.289
126.280 5 0.097 0.081 0.214 0.289
126.320 5 0.098 0.081 0.216 0.289
126.360 5 0.095 0.081 0.214 0.292
126.400 5 0.097 0.081 0.214 0.289
126.440 5 0.097 0.081 0.214 0.292
126.480 5 0.097 0.081 0.214 0.289
126.520 5 0.094 0.081 0.212 0.289
126.560 5 0.095 0.081 0.216 0.292
126.600 5 0.095 0.081 0.214 0.292
126.640 5 0.095 0.081 0.214 0.292
126.680 5 0.095 0.081 0.214 0.292
126.720 5 0.094 0.078 0.214 0.292
126.760 5 0.097 0.081 0.216 0.292
126.800 5 0.094 0.081 0.212 0.289
126.840 5 0.098 0.081 0.219 0.292
126.880 5 0.094 0.078 0.212 0.289
126.920 5 0.098 0.078 0.219 0.292
126.960 5 0.095 0.081 0.212 0.289
127.000 5 0.097 0.081 0.214 0.289
127.040 5 0.098 0.081 0.214 0.289
127.080 5 0.097 0.081 0.214 0.289
127.120 5 0.098 0.081 0.216 0.289
127.160 5 0.095 0.081 0.212 0.289
127.200 5 0.098 0.081 0.217 0.292
127.240 5 0.095 0.081 0.214 0.292
127.280 5 0.097 0.081 0.216 0.292
127.320 5 0.095 0.081 0.214 0.292
127.360 5 0.098 0.081 0.217 0.292
127.400 5 0.095 0.081 0.214 0.292
127.440 5 0.098 0.081 0.217 0.292
127.480 5 0.095 0.081 0.214 0.292
127.520 5 0.097 0.081 0.217 0.294
127.560 5 0.095 0.081 0.214 0.292
127.600 5 0.097 0.081 0.217 0.294
127.640 5 0.095 0.081 0.214 0.292
127.680 5 0.098 0.081 0.217 0.292
127.720 5 0.095 0.081 0.214 0.292
127.760 5 0.097 0.081 0.217 0.294
127.800 5 0.097 0.081 0.216 0.292
127.840 5 0.097 0.081 0.216 0.292
127.880 5 0.097 0.081 0.216 0.292
127.920 5 0.097 0.081 0.216 0.289
127.960 5 0.097 0.081 0.216 0.289
128.000 5 0.097 0.081 0.214 0.289
128.040 5 0.095 0.081 0.214 0.289
128.080 5 0.095 0.081 0.214 0.289
128.120 5 0.095 0.081 0.214 0.289
128.160 5 0.095 0.081 0.214 0.289
128.200 5 0.095 0.081 0.214 0.289
128.240 5 0.095 0.081 0.214 0.289
128.280 5 0.098 0.081 0.216 0.289
128.320 5 0.097 0.081 0.214 0.289
128.360 5 0.098 0.081 0.216 0.289
128.400 5 0.097 0.081 0.214 0.289
128.440 5 0.097 0.081 0.214 0.289
128.480 5 0.097 0.081 0.214 0.289
128.520 5 0.097 0.081 0.214 0.289
128.560 5 0.098 0.081 0.214 0.289
128.600 5 0.098 0.081 0.214 0.289
128.640 5 0.098 0.081 0.214 0.289
128.680 5 0.098 0.081 0.214 0.289
128.720 5 0.098 0.081 0.216 0.289
128.760 5 0.098 0.081 0.216 0.289
128.800 5 0.098 0.081 0.216 0.289
128.840 5 0.098 0.081 0.216 0.289
128.880 5 0.098 0.081 0.216 0.289
128.920 5 0.098 0.081 0.216 0.289
128.960 5 0.098 0.081 0.216 0.289
129.000 5 0.097 0.081 0.214 0.289
129.040 5 0.097 0.081 0.214 0.289
129.080 5 0.097 0.081 0.214 0.289
129.120 5 0.097 0.081 0.214 0.289
129.160 5 0.097 0.081 0.214 0.289
129.200 5 0.097 0.081 0.214 0.289
129.240 5 0.097 0.081 0.214 0.289
129.280 5 0.097 0.081 0.214 0.289
129.320 5 0.097 0.081 0.214 0.289
129.360 5 0.097 0.081 0.214 0.289
129.400 5 0.097 0.081 0.214 0.289
129.440 5 0.097 0.081 0.214 0.289
129.480 5 0.097 0.081 0.214 0.289
129.520 5 0.097 0.081 0.214 0.289
129.560 5 0.097 0.081 0.214 0.289
129.600 5 0.097 0.081 0.214 0.289
129.640 5 0.097 0.081 0.214 0.289
129.680 5 0.097 0.081 0.214 0.289
129.720 5 0.097 0.081 0.214 0.289
129.760 5 0.097 0.081 0.214 0.289
129.800 5 0.097 0.081 0.214 0.289
129.840 5 0.097 0.081 0.214 0.289
129.880 5 0.097 0.081 0.214 0.289
129.920 5 0.097 0.081 0.214 0.289
129.960 5 0.098 0.081 0.214 0.289
116.280 6 -0.027 0.144 0.083 0.317
116.320 6 -0.027 0.144 0.083 0.317
116.360 6 -0.027 0.144 0.083 0.317
116.400 6 -0.027 0.144 0.083 0.317
116.440 6 -0.027 0.144 0.083 0.317
116.480 6 -0.028 0.144 0.080 0.317
116.520 6 -0.020 0.150 0.083 0.317
116.560 6 -0.028 0.147 0.078 0.317
116.600 6 -0.023 0.147 0.086 0.319
116.640 6 -0.028 0.147 0.078 0.317
116.680 6 -0.025 0.144 0.081 0.317
116.720 6 -0.023 0.150 0.080 0.314
116.760 6 -0.027 0.147 0.078 0.314
116.800 6 -0.020 0.150 0.081 0.314
116.840 6 -0.027 0.150 0.075 0.311
116.880 6 -0.025 0.144 0.080 0.314
116.920 6 -0.031 0.144 0.078 0.317
116.960 6 -0.025 0.144 0.083 0.317
117.000 6 -0.028 0.144 0.080 0.317
117.040 6 -0.033 0.136 0.084 0.325
117.080 6 -0.030 0.136 0.087 0.325
117.120 6 -0.034 0.136 0.083 0.325
117.160 6 -0.030 0.136 0.087 0.325
117.200 6 -0.034 0.136 0.083 0.322
117.240 6 -0.028 0.136 0.089 0.325
117.280 6 -0.036 0.133 0.084 0.325
117.320 6 -0.031 0.136 0.089 0.328
117.360 6 -0.031 0.136 0.086 0.325
117.400 6 -0.031 0.136 0.086 0.325
117.440 6 -0.031 0.136 0.087 0.325
117.480 6 -0.033 0.136 0.087 0.328
117.520 6 -0.033 0.136 0.086 0.325
117.560 6 -0.033 0.133 0.087 0.328
117.600 6 -0.033 0.136 0.087 0.328
117.640 6 -0.033 0.133 0.087 0.325
117.680 6 -0.030 0.139 0.087 0.325
117.720 6 -0.031 0.139 0.086 0.325
117.760 6 -0.030 0.136 0.087 0.325
117.800 6 -0.031 0.136 0.086 0.322
117.840 6 -0.027 0.136 0.091 0.325
117.880 6 -0.031 0.136 0.086 0.322
117.920 6 -0.027 0.136 0.091 0.325
117.960 6 -0.033 0.133 0.087 0.325
118.000 6 -0.033 0.128 0.097 0.336
118.040 6 -0.033 0.128 0.097 0.336
118.080 6 -0.036 0.128 0.094 0.333
118.120 6 -0.033 0.128 0.098 0.336
118.160 6 -0.034 0.128 0.097 0.339
118.200 6 -0.031 0.128 0.098 0.336
118.240 6 -0.034 0.128 0.095 0.336
118.280 6 -0.033 0.128 0.097 0.336
118.320 6 -0.033 0.128 0.097 0.336
118.360 6 -0.033 0.128 0.097 0.336
118.400 6 -0.033 0.128 0.097 0.336
118.440 6 -0.033 0.128 0.097 0.336
118.480 6 -0.034 0.128 0.095 0.336
118.520 6 -0.030 0.131 0.097 0.333
118.560 6 -0.031 0.128 0.097 0.336
118.600 6 -0.033 0.128 0.095 0.333
118.640 6 -0.030 0.131 0.097 0.333
118.680 6 -0.031 0.128 0.097 0.336
118.720 6 -0.033 0.128 0.095 0.333
118.760 6 -0.030 0.128 0.098 0.336
118.800 6 -0.031 0.128 0.095 0.333
118.840 6 -0.031 0.128 0.097 0.336
118.880 6 -0.033 0.128 0.095 0.336
118.920 6 -0.030 0.128 0.098 0.336
118.960 6 -0.031 0.128 0.097 0.333
119.000 6 -0.033 0.128 0.097 0.336
119.040 6 -0.028 0.131 0.100 0.336
119.080 6 -0.034 0.128 0.095 0.336
119.120 6 -0.030 0.128 0.098 0.336
119.160 6 -0.033 0.128 0.095 0.333
119.200 6 -0.030 0.128 0.100 0.336
119.240 6 -0.033 0.128 0.095 0.336
119.280 6 -0.030 0.128 0.100 0.336
119.320 6 -0.034 0.128 0.094 0.333
119.360 6 -0.028 0.128 0.100 0.336
119.400 6 -0.034 0.128 0.092 0.333
119.440 6 -0.028 0.131 0.098 0.333
119.480 6 -0.031 0.128 0.094 0.331
119.520 6 -0.030 0.128 0.098 0.336
119.560 6 -0.034 0.128 0.094 0.333
119.600 6 -0.028 0.128 0.100 0.336
119.640 6 -0.034 0.128 0.092 0.333
119.680 6 -0.027 0.131 0.100 0.336
119.720 6 -0.033 0.128 0.095 0.336
119.760 6 -0.030 0.128 0.098 0.336
119.800 6 -0.031 0.128 0.097 0.336
119.840 6 -0.031 0.128 0.097 0.336
119.880 6 -0.033 0.128 0.097 0.336
119.920 6 -0.033 0.128 0.097 0.336
119.960 6 -0.034 0.128 0.095 0.336
120.000 6 -0.033 0.128 0.097 0.336
120.040 6 -0.030 0.125 0.091 0.319
120.080 6 -0.030 0.128 0.091 0.317
120.120 6 -0.030 0.128 0.089 0.317
120.160 6 -0.027 0.128 0.091 0.317
120.200 6 -0.031 0.128 0.087 0.317
120.240 6 -0.030 0.125 0.091 0.319
120.280 6 -0.031 0.128 0.087 0.317
120.320 6 -0.028 0.128 0.091 0.317
120.360 6 -0.033 0.125 0.086 0.317
120.400 6 -0.030 0.128 0.089 0.317
120.440 6 -0.033 0.125 0.086 0.317
120.480 6 -0.030 0.125 0.089 0.317
120.520 6 -0.033 0.125 0.084 0.314
120.560 6 -0.030 0.125 0.089 0.317
120.600 6 -0.033 0.125 0.084 0.314
120.640 6 -0.030 0.128 0.087 0.317
120.680 6 -0.031 0.125 0.086 0.314
120.720 6 -0.031 0.125 0.086 0.317
120.760 6 -0.033 0.125 0.086 0.317
120.800 6 -0.033 0.125 0.086 0.317
120.840 6 -0.033 0.125 0.086 0.317
120.880 6 -0.033 0.125 0.086 0.317
120.920 6 -0.033 0.125 0.086 0.317
120.960 6 -0.033 0.125 0.086 0.317
121.000 6 -0.028 0.125 0.080 0.297
121.040 6 -0.034 0.128 0.083 0.314
121.080 6 -0.031 0.128 0.087 0.317
121.120 6 -0.034 0.128 0.084 0.317
121.160 6 -0.033 0.128 0.086 0.317
121.200 6 -0.031 0.128 0.084 0.314
121.240 6 -0.031 0.128 0.086 0.317
121.280 6 -0.031 0.128 0.086 0.314
121.320 6 -0.031 0.128 0.086 0.317
121.360 6 -0.031 0.128 0.086 0.317
121.400 6 -0.031 0.128 0.084 0.314
121.440 6 -0.030 0.131 0.086 0.314
121.480 6 -0.030 0.131 0.086 0.314
121.520 6 -0.025 0.133 0.089 0.314
121.560 6 -0.031 0.131 0.084 0.314
121.600 6 -0.023 0.131 0.089 0.314
121.640 6 -0.030 0.128 0.084 0.311
121.680 6 -0.025 0.128 0.089 0.314
121.720 6 -0.030 0.128 0.086 0.314
121.760 6 -0.028 0.128 0.089 0.317
121.800 6 -0.027 0.128 0.091 0.314
121.840 6 -0.028 0.128 0.091 0.314
121.880 6 -0.025 0.128 0.091 0.314
121.920 6 -0.028 0.128 0.091 0.314
121.960 6 -0.028 0.125 0.091 0.317
122.000 6 -0.033 0.128 0.097 0.336
122.040 6 -0.034 0.125 0.098 0.339
122.080 6 -0.037 0.125 0.095 0.336
122.120 6 -0.033 0.125 0.098 0.336
122.160 6 -0.033 0.128 0.095 0.336
122.200 6 -0.033 0.128 0.095 0.336
122.240 6 -0.033 0.128 0.097 0.336
122.280 6 -0.034 0.128 0.095 0.336
122.320 6 -0.031 0.128 0.098 0.336
122.360 6 -0.033 0.128 0.095 0.333
122.400 6 -0.031 0.128 0.097 0.336
122.440 6 -0.031 0.128 0.097 0.336
122.480 6 -0.033 0.131 0.095 0.336
122.520 6 -0.030 0.128 0.098 0.336
122.560 6 -0.033 0.128 0.095 0.333
122.600 6 -0.028 0.131 0.098 0.333
122.640 6 -0.031 0.128 0.098 0.336
122.680 6 -0.033 0.131 0.095 0.336
122.720 6 -0.030 0.131 0.098 0.333
122.760 6 -0.030 0.131 0.095 0.331
122.800 6 -0.031 0.128 0.098 0.336
122.840 6 -0.033 0.131 0.095 0.336
122.880 6 -0.030 0.131 0.098 0.336
122.920 6 -0.030 0.131 0.095 0.331
122.960 6 -0.031 0.128 0.098 0.336
123.000 6 -0.033 0.128 0.097 0.336
123.040 6 -0.025 0.131 0.102 0.333
123.080 6 -0.031 0.128 0.097 0.336
123.120 6 -0.028 0.128 0.100 0.336
123.160 6 -0.030 0.128 0.098 0.336
123.200 6 -0.030 0.128 0.100 0.336
123.240 6 -0.031 0.128 0.098 0.336
123.280 6 -0.030 0.128 0.100 0.336
123.320 6 -0.034 0.125 0.098 0.339
123.360 6 -0.030 0.128 0.100 0.336
123.400 6 -0.034 0.125 0.097 0.336
123.440 6 -0.031 0.128 0.098 0.336
123.480 6 -0.036 0.125 0.095 0.336
123.520 6 -0.033 0.128 0.098 0.336
123.560 6 -0.037 0.125 0.094 0.336
123.600 6 -0.031 0.128 0.098 0.336
123.640 6 -0.037 0.128 0.092 0.333
123.680 6 -0.033 0.128 0.097 0.336
123.720 6 -0.034 0.128 0.095 0.336
123.760 6 -0.036 0.125 0.097 0.339
123.800 6 -0.034 0.125 0.098 0.339
123.840 6 -0.039 0.122 0.095 0.339
123.880 6 -0.037 0.122 0.098 0.339
123.920 6 -0.036 0.128 0.094 0.336
123.960 6 -0.033 0.128 0.098 0.336
124.000 6 -0.033 0.128 0.097 0.336
124.040 6 -0.041 0.111 0.103 0.342
124.080 6 -0.036 0.111 0.106 0.339
124.120 6 -0.039 0.114 0.100 0.339
124.160 6 -0.036 0.111 0.105 0.339
124.200 6 -0.041 0.111 0.102 0.339
124.240 6 -0.037 0.111 0.105 0.339
124.280 6 -0.037 0.114 0.102 0.336
124.320 6 -0.034 0.114 0.106 0.339
124.360 6 -0.036 0.117 0.102 0.336
124.400 6 -0.034 0.117 0.103 0.336
124.440 6 -0.031 0.119 0.105 0.336
124.480 6 -0.036 0.114 0.105 0.339
124.520 6 -0.033 0.114 0.108 0.339
124.560 6 -0.036 0.114 0.103 0.336
124.600 6 -0.031 0.111 0.111 0.342
124.640 6 -0.036 0.111 0.105 0.339
124.680 6 -0.034 0.114 0.108 0.339
124.720 6 -0.034 0.114 0.106 0.339
124.760 6 -0.031 0.114 0.111 0.339
124.800 6 -0.033 0.114 0.109 0.342
124.840 6 -0.033 0.114 0.109 0.342
124.880 6 -0.030 0.114 0.113 0.344
124.920 6 -0.041 0.108 0.111 0.350
124.960 6 -0.031 0.111 0.117 0.347
125.000 6 -0.039 0.097 0.117 0.347
125.040 6 -0.039 0.097 0.117 0.347
125.080 6 -0.039 0.097 0.117 0.347
125.120 6 -0.041 0.094 0.120 0.353
125.160 6 -0.042 0.094 0.117 0.350
125.200 6 -0.037 0.094 0.120 0.347
125.240 6 -0.039 0.097 0.117 0.347
125.280 6 -0.041 0.094 0.122 0.353
125.320 6 -0.041 0.094 0.117 0.350
125.360 6 -0.037 0.097 0.120 0.347
125.400 6 -0.039 0.097 0.117 0.347
125.440 6 -0.041 0.094 0.122 0.353
125.480 6 -0.042 0.094 0.117 0.350
125.520 6 -0.037 0.094 0.120 0.350
125.560 6 -0.042 0.094 0.117 0.347
125.600 6 -0.036 0.097 0.120 0.347
125.640 6 -0.037 0.100 0.114 0.344
125.680 6 -0.036 0.097 0.119 0.344
125.720 6 -0.037 0.097 0.117 0.344
125.760 6 -0.037 0.097 0.117 0.344
125.800 6 -0.036 0.100 0.117 0.347
125.840 6 -0.042 0.094 0.117 0.350
125.880 6 -0.037 0.097 0.122 0.353
125.920 6 -0.044 0.094 0.117 0.350
125.960 6 -0.039 0.094 0.122 0.350
126.000 6 -0.039 0.097 0.117 0.347
126.040 6 -0.033 0.117 0.105 0.339
126.080 6 -0.033 0.114 0.108 0.339
126.120 6 -0.033 0.114 0.106 0.336
126.160 6 -0.034 0.117 0.103 0.339
126.200 6 -0.036 0.117 0.103 0.339
126.240 6 -0.037 0.117 0.102 0.339
126.280 6 -0.036 0.117 0.103 0.339
126.320 6 -0.041 0.117 0.098 0.339
126.360 6 -0.042 0.114 0.102 0.342
126.400 6 -0.044 0.114 0.100 0.344
126.440 6 -0.044 0.114 0.097 0.342
126.480 6 -0.045 0.117 0.097 0.342
126.520 6 -0.047 0.114 0.095 0.342
126.560 6 -0.045 0.114 0.098 0.342
126.600 6 -0.048 0.114 0.094 0.342
126.640 6 -0.048 0.111 0.095 0.342
126.680 6 -0.050 0.114 0.092 0.342
126.720 6 -0.047 0.114 0.095 0.342
126.760 6 -0.048 0.111 0.092 0.339
126.800 6 -0.047 0.114 0.095 0.342
126.840 6 -0.050 0.114 0.091 0.339
126.880 6 -0.050 0.111 0.092 0.342
126.920 6 -0.052 0.114 0.092 0.342
126.960 6 -0.050 0.114 0.092 0.339
127.000 6 -0.045 0.128 0.084 0.336
127.040 6 -0.034 0.131 0.075 0.308
127.080 6 -0.033 0.131 0.077 0.308
127.120 6 -0.036 0.131 0.075 0.308
127.160 6 -0.034 0.131 0.075 0.308
127.200 6 -0.033 0.133 0.075 0.308
127.240 6 -0.034 0.131 0.075 0.308
127.280 6 -0.034 0.131 0.075 0.308
127.320 6 -0.033 0.133 0.077 0.308
127.360 6 -0.033 0.133 0.075 0.306
127.400 6 -0.033 0.133 0.077 0.308
127.440 6 -0.036 0.133 0.073 0.308
127.480 6 -0.030 0.133 0.078 0.308
127.520 6 -0.034 0.133 0.072 0.306
127.560 6 -0.031 0.136 0.077 0.308
127.600 6 -0.036 0.133 0.073 0.308
127.640 6 -0.033 0.136 0.077 0.308
127.680 6 -0.037 0.133 0.073 0.308
127.720 6 -0.033 0.131 0.078 0.308
127.760 6 -0.036 0.133 0.072 0.306
127.800 6 -0.033 0.131 0.078 0.308
127.840 6 -0.036 0.133 0.072 0.306
127.880 6 -0.031 0.133 0.078 0.308
127.920 6 -0.036 0.133 0.072 0.306
127.960 6 -0.034 0.131 0.077 0.311
128.000 6 -0.023 0.136 0.067 0.281
128.040 6 -0.030 0.142 0.070 0.300
128.080 6 -0.030 0.144 0.067 0.297
128.120 6 -0.028 0.144 0.070 0.297
128.160 6 -0.031 0.142 0.067 0.297
128.200 6 -0.031 0.142 0.069 0.297
128.240 6 -0.030 0.142 0.067 0.294
128.280 6 -0.030 0.142 0.069 0.297
128.320 6 -0.033 0.142 0.066 0.297
128.360 6 -0.028 0.142 0.069 0.297
128.400 6 -0.030 0.142 0.064 0.294
128.440 6 -0.028 0.144 0.069 0.294
128.480 6 -0.031 0.142 0.066 0.297
128.520 6 -0.031 0.142 0.069 0.297
128.560 6 -0.031 0.142 0.064 0.294
128.600 6 -0.027 0.142 0.069 0.294
128.640 6 -0.033 0.139 0.066 0.297
128.680 6 -0.030 0.142 0.069 0.297
128.720 6 -0.031 0.142 0.064 0.294
128.760 6 -0.027 0.144 0.069 0.294
128.800 6 -0.033 0.142 0.066 0.297
128.840 6 -0.031 0.139 0.067 0.297
128.880 6 -0.031 0.139 0.069 0.297
128.920 6 -0.031 0.139 0.067 0.297
128.960 6 -0.031 0.139 0.067 0.297
129.000 6 -0.039 0.144 0.070 0.317
129.040 6 -0.039 0.144 0.070 0.317
129.080 6 -0.039 0.144 0.070 0.317
129.120 6 -0.039 0.144 0.070 0.317
129.160 6 -0.039 0.144 0.070 0.317
129.200 6 -0.039 0.144 0.070 0.317
129.240 6 -0.036 0.144 0.072 0.317
129.280 6 -0.042 0.144 0.067 0.317
129.320 6 -0.037 0.144 0.070 0.314
129.360 6 -0.041 0.147 0.066 0.314
129.400 6 -0.033 0.147 0.070 0.311
129.440 6 -0.039 0.147 0.064 0.311
129.480 6 -0.033 0.150 0.070 0.311
129.520 6 -0.041 0.142 0.070 0.317
129.560 6 -0.039 0.144 0.070 0.317
129.600 6 -0.039 0.144 0.070 0.317
129.640 6 -0.041 0.144 0.067 0.317
129.680 6 -0.033 0.153 0.070 0.314
129.720 6 -0.036 0.147 0.072 0.317
129.760 6 -0.039 0.147 0.069 0.314
129.800 6 -0.031 0.150 0.073 0.314
129.840 6 -0.036 0.150 0.069 0.314
129.880 6 -0.036 0.147 0.072 0.317
129.920 6 -0.039 0.147 0.069 0.317
129.960 6 -0.033 0.147 0.075 0.317
120.200 7 0.636 0.081 0.731 0.253
120.240 7 0.637 0.083 0.731 0.256
120.280 7 0.642 0.078 0.738 0.250
120.320 7 0.644 0.081 0.738 0.250
120.360 7 0.648 0.078 0.742 0.247
120.400 7 0.648 0.075 0.742 0.244
120.440 7 0.652 0.075 0.745 0.244
120.480 7 0.655 0.072 0.748 0.242
120.520 7 0.655 0.072 0.748 0.239
120.560 7 0.656 0.069 0.750 0.239
120.600 7 0.661 0.069 0.753 0.236
120.640 7 0.659 0.067 0.753 0.236
120.680 7 0.662 0.067 0.756 0.236
120.720 7 0.666 0.064 0.759 0.233
120.760 7 0.666 0.064 0.759 0.233
120.800 7 0.667 0.064 0.762 0.233
120.840 7 0.670 0.064 0.766 0.233
120.880 7 0.670 0.061 0.764 0.231
120.920 7 0.677 0.064 0.770 0.233
120.960 7 0.672 0.064 0.767 0.233
121.000 7 0.677 0.064 0.772 0.233
121.040 7 0.673 0.061 0.769 0.233
121.080 7 0.675 0.061 0.772 0.236
121.120 7 0.675 0.061 0.772 0.236
121.160 7 0.675 0.061 0.772 0.236
121.200 7 0.675 0.058 0.772 0.236
121.240 7 0.673 0.058 0.772 0.233
121.280 7 0.673 0.058 0.770 0.233
121.320 7 0.672 0.056 0.769 0.233
121.360 7 0.670 0.056 0.767 0.231
121.400 7 0.669 0.056 0.766 0.231
121.440 7 0.669 0.056 0.762 0.228
121.480 7 0.670 0.061 0.759 0.222
121.520 7 0.664 0.058 0.755 0.222
121.560 7 0.667 0.058 0.758 0.222
121.600 7 0.662 0.058 0.755 0.222
121.640 7 0.666 0.056 0.758 0.225
121.680 7 0.662 0.058 0.755 0.225
121.720 7 0.661 0.058 0.753 0.222
121.760 7 0.664 0.058 0.755 0.222
121.800 7 0.662 0.058 0.753 0.222
121.840 7 0.664 0.056 0.756 0.222
121.880 7 0.662 0.056 0.755 0.222
121.920 7 0.664 0.053 0.759 0.222
121.960 7 0.661 0.047 0.758 0.225
122.000 7 0.664 0.047 0.761 0.222
122.040 7 0.661 0.044 0.761 0.222
122.080 7 0.662 0.042 0.764 0.225
122.120 7 0.661 0.039 0.762 0.222
122.160 7 0.661 0.039 0.762 0.222
122.200 7 0.661 0.039 0.762 0.222
122.240 7 0.661 0.036 0.762 0.219
122.280 7 0.661 0.036 0.761 0.219
122.320 7 0.661 0.036 0.759 0.217
122.360 7 0.661 0.039 0.761 0.219
122.400 7 0.659 0.039 0.759 0.219
122.440 7 0.661 0.039 0.761 0.219
122.480 7 0.659 0.039 0.759 0.217
122.520 7 0.659 0.039 0.759 0.219
122.560 7 0.659 0.039 0.758 0.219
122.600 7 0.658 0.039 0.758 0.219
122.640 7 0.658 0.042 0.756 0.219
122.680 7 0.656 0.042 0.755 0.219
122.720 7 0.656 0.044 0.755 0.219
122.760 7 0.656 0.044 0.753 0.219
122.800 7 0.655 0.044 0.752 0.219
122.840 7 0.655 0.047 0.752 0.219
122.880 7 0.653 0.047 0.750 0.219
122.920 7 0.656 0.047 0.752 0.219
122.960 7 0.653 0.047 0.750 0.222
123.000 7 0.653 0.047 0.750 0.222
123.040 7 0.656 0.053 0.750 0.222
123.080 7 0.655 0.053 0.748 0.222
123.120 7 0.656 0.053 0.750 0.222
123.160 7 0.656 0.053 0.750 0.222
123.200 7 0.659 0.053 0.753 0.225
123.240 7 0.659 0.056 0.755 0.228
123.280 7 0.664 0.056 0.759 0.228
123.320 7 0.664 0.058 0.759 0.231
123.360 7 0.667 0.061 0.762 0.233
123.400 7 0.667 0.061 0.764 0.236
123.440 7 0.669 0.064 0.766 0.236
123.480 7 0.670 0.064 0.766 0.239
123.520 7 0.670 0.064 0.767 0.239
123.560 7 0.672 0.064 0.769 0.239
123.600 7 0.672 0.064 0.769 0.242
123.640 7 0.672 0.064 0.769 0.242
123.680 7 0.675 0.067 0.770 0.239
123.720 7 0.673 0.067 0.769 0.239
123.760 7 0.677 0.067 0.772 0.239
123.800 7 0.673 0.064 0.769 0.239
123.840 7 0.677 0.067 0.772 0.239
123.880 7 0.672 0.064 0.769 0.239
123.920 7 0.673 0.064 0.772 0.239
123.960 7 0.675 0.064 0.770 0.239
124.000 7 0.675 0.067 0.772 0.242
124.040 7 0.680 0.069 0.773 0.239
124.080 7 0.675 0.067 0.772 0.242
124.120 7 0.677 0.067 0.772 0.242
124.160 7 0.678 0.064 0.777 0.242
124.200 7 0.677 0.067 0.773 0.242
124.240 7 0.680 0.067 0.777 0.242
124.280 7 0.677 0.064 0.773 0.239
124.320 7 0.678 0.067 0.775 0.242
124.360 7 0.681 0.067 0.777 0.242
124.400 7 0.675 0.067 0.772 0.242
124.440 7 0.675 0.069 0.769 0.239
124.480 7 0.669 0.069 0.764 0.242
120.280 8 0.295 0.097 0.397 0.281
120.320 8 0.295 0.097 0.397 0.281
120.360 8 0.294 0.097 0.397 0.281
120.400 8 0.294 0.094 0.395 0.281
120.440 8 0.292 0.094 0.395 0.281
120.480 8 0.292 0.094 0.394 0.278
120.520 8 0.292 0.094 0.394 0.278
120.560 8 0.291 0.092 0.392 0.275
120.600 8 0.291 0.092 0.391 0.275
120.640 8 0.289 0.092 0.389 0.272
120.680 8 0.289 0.092 0.388 0.269
120.720 8 0.287 0.089 0.384 0.264
120.760 8 0.284 0.083 0.381 0.258
120.800 8 0.283 0.078 0.378 0.253
120.840 8 0.280 0.075 0.375 0.247
120.880 8 0.277 0.069 0.375 0.244
120.920 8 0.277 0.069 0.373 0.244
120.960 8 0.275 0.067 0.372 0.242
121.000 8 0.275 0.067 0.372 0.242
121.040 8 0.277 0.058 0.377 0.236
121.080 8 0.280 0.058 0.381 0.236
121.120 8 0.278 0.058 0.378 0.236
121.160 8 0.278 0.058 0.380 0.236
121.200 8 0.280 0.058 0.378 0.236
121.240 8 0.280 0.056 0.380 0.236
121.280 8 0.281 0.058 0.380 0.236
121.320 8 0.281 0.058 0.381 0.233
121.360 8 0.283 0.058 0.381 0.236
121.400 8 0.281 0.058 0.381 0.236
121.440 8 0.284 0.058 0.384 0.236
121.480 8 0.283 0.058 0.383 0.236
121.520 8 0.286 0.061 0.384 0.236
121.560 8 0.284 0.061 0.381 0.233
121.600 8 0.286 0.061 0.381 0.233
121.640 8 0.284 0.061 0.381 0.233
121.680 8 0.284 0.061 0.381 0.233
121.720 8 0.283 0.058 0.381 0.233
121.760 8 0.283 0.056 0.384 0.236
121.800 8 0.280 0.053 0.383 0.236
121.840 8 0.280 0.050 0.384 0.239
121.880 8 0.280 0.053 0.383 0.236
121.920 8 0.280 0.053 0.384 0.239
121.960 8 0.278 0.053 0.383 0.239
122.000 8 0.278 0.036 0.395 0.242
122.040 8 0.280 0.039 0.395 0.242
122.080 8 0.280 0.036 0.397 0.242
122.120 8 0.278 0.039 0.394 0.242
122.160 8 0.280 0.036 0.398 0.244
122.200 8 0.278 0.036 0.395 0.242
122.240 8 0.280 0.039 0.395 0.242
122.280 8 0.280 0.039 0.395 0.242
122.320 8 0.280 0.039 0.395 0.242
122.360 8 0.280 0.039 0.395 0.242
122.400 8 0.278 0.036 0.395 0.242
122.440 8 0.278 0.036 0.395 0.242
122.480 8 0.278 0.036 0.395 0.242
122.520 8 0.277 0.036 0.395 0.242
122.560 8 0.278 0.036 0.395 0.242
122.600 8 0.278 0.036 0.395 0.242
122.640 8 0.278 0.033 0.395 0.239
122.680 8 0.278 0.033 0.395 0.242
122.720 8 0.275 0.033 0.394 0.239
122.760 8 0.280 0.033 0.398 0.242
122.800 8 0.277 0.033 0.394 0.239
122.840 8 0.277 0.033 0.395 0.242
122.880 8 0.277 0.033 0.395 0.242
122.920 8 0.275 0.033 0.394 0.242
122.960 8 0.278 0.033 0.397 0.242
123.000 8 0.278 0.036 0.395 0.242
123.040 8 0.283 0.044 0.391 0.236
123.080 8 0.281 0.044 0.388 0.233
123.120 8 0.284 0.044 0.392 0.233
123.160 8 0.284 0.044 0.389 0.231
123.200 8 0.286 0.044 0.392 0.231
123.240 8 0.284 0.044 0.389 0.231
123.280 8 0.287 0.044 0.392 0.231
123.320 8 0.284 0.044 0.389 0.228
123.360 8 0.287 0.044 0.392 0.228
123.400 8 0.284 0.042 0.388 0.228
123.440 8 0.289 0.044 0.392 0.228
123.480 8 0.284 0.044 0.388 0.228
123.520 8 0.289 0.044 0.392 0.228
123.560 8 0.286 0.044 0.389 0.228
123.600 8 0.287 0.044 0.391 0.228
123.640 8 0.286 0.042 0.391 0.228
123.680 8 0.287 0.042 0.392 0.228
123.720 8 0.286 0.042 0.389 0.228
123.760 8 0.287 0.044 0.389 0.225
123.800 8 0.287 0.042 0.391 0.228
123.840 8 0.284 0.039 0.391 0.228
123.880 8 0.284 0.039 0.391 0.228
123.920 8 0.286 0.042 0.392 0.228
123.960 8 0.283 0.039 0.389 0.228
124.000 8 0.286 0.047 0.383 0.222
124.040 8 0.286 0.044 0.383 0.219
124.080 8 0.287 0.050 0.381 0.219
124.120 8 0.286 0.047 0.380 0.219
124.160 8 0.287 0.047 0.381 0.219
124.200 8 0.289 0.050 0.381 0.219
124.240 8 0.287 0.050 0.380 0.219
124.280 8 0.289 0.050 0.383 0.219
124.320 8 0.286 0.050 0.381 0.219
124.360 8 0.289 0.050 0.383 0.222
124.400 8 0.286 0.050 0.381 0.222
124.440 8 0.287 0.050 0.383 0.222
124.480 8 0.289 0.053 0.381 0.219
124.520 8 0.289 0.053 0.381 0.219
124.560 8 0.289 0.053 0.381 0.219
124.600 8 0.289 0.053 0.381 0.219
124.640 8 0.289 0.053 0.381 0.219
124.680 8 0.287 0.053 0.381 0.219
124.720 8 0.287 0.053 0.380 0.219
124.760 8 0.289 0.053 0.381 0.219
124.800 8 0.287 0.053 0.381 0.219
124.840 8 0.287 0.050 0.383 0.222
124.880 8 0.289 0.053 0.383 0.222
124.920 8 0.284 0.050 0.380 0.222
124.960 8 0.289 0.053 0.383 0.222
125.000 8 0.286 0.047 0.383 0.222
125.040 8 0.284 0.044 0.383 0.222
125.080 8 0.286 0.044 0.383 0.222
125.120 8 0.286 0.044 0.383 0.222
125.160 8 0.286 0.044 0.383 0.222
125.200 8 0.286 0.044 0.383 0.222
125.240 8 0.286 0.044 0.383 0.222
125.280 8 0.286 0.044 0.383 0.222
125.320 8 0.286 0.047 0.383 0.222
125.360 8 0.286 0.044 0.383 0.222
125.400 8 0.287 0.047 0.384 0.222
125.440 8 0.286 0.044 0.383 0.222
125.480 8 0.286 0.044 0.384 0.222
125.520 8 0.286 0.044 0.384 0.222
125.560 8 0.286 0.044 0.384 0.222
125.600 8 0.286 0.044 0.384 0.225
125.640 8 0.284 0.044 0.383 0.225
125.680 8 0.287 0.047 0.386 0.225
125.720 8 0.286 0.047 0.381 0.219
125.760 8 0.289 0.050 0.383 0.219
125.800 8 0.289 0.050 0.381 0.219
125.840 8 0.289 0.050 0.381 0.219
125.880 8 0.289 0.053 0.380 0.217
125.920 8 0.289 0.053 0.380 0.217
125.960 8 0.289 0.053 0.380 0.217
126.000 8 0.286 0.047 0.383 0.222
126.040 8 0.287 0.050 0.383 0.222
126.080 8 0.287 0.050 0.384 0.222
126.120 8 0.287 0.050 0.383 0.222
126.160 8 0.286 0.050 0.383 0.222
126.200 8 0.286 0.047 0.383 0.222
126.240 8 0.286 0.047 0.383 0.222
126.280 8 0.286 0.047 0.381 0.222
126.320 8 0.284 0.047 0.381 0.222
126.360 8 0.284 0.047 0.380 0.222
126.400 8 0.286 0.050 0.380 0.219
126.440 8 0.284 0.047 0.380 0.222
126.480 8 0.283 0.047 0.378 0.219
126.520 8 0.284 0.047 0.380 0.219
126.560 8 0.281 0.047 0.378 0.219
126.600 8 0.283 0.047 0.378 0.219
126.640 8 0.280 0.047 0.377 0.219
126.680 8 0.281 0.047 0.377 0.219
126.720 8 0.280 0.047 0.375 0.219
126.760 8 0.280 0.044 0.377 0.219
126.800 8 0.280 0.044 0.375 0.217
126.840 8 0.283 0.044 0.378 0.219
126.880 8 0.278 0.044 0.375 0.219
126.920 8 0.281 0.044 0.378 0.219
126.960 8 0.280 0.044 0.377 0.219
127.000 8 0.283 0.044 0.378 0.219
127.040 8 0.281 0.044 0.377 0.219
127.080 8 0.283 0.047 0.378 0.219
127.120 8 0.283 0.047 0.378 0.219
127.160 8 0.283 0.047 0.378 0.219
127.200 8 0.283 0.047 0.378 0.219
127.240 8 0.284 0.047 0.381 0.219
127.280 8 0.283 0.047 0.378 0.219
127.320 8 0.284 0.047 0.378 0.217
127.360 8 0.286 0.047 0.380 0.217
127.400 8 0.284 0.047 0.378 0.217
127.440 8 0.284 0.047 0.380 0.219
127.480 8 0.284 0.047 0.378 0.217
127.520 8 0.286 0.047 0.380 0.217
127.560 8 0.284 0.047 0.378 0.217
127.600 8 0.284 0.047 0.380 0.217
127.640 8 0.286 0.050 0.377 0.214
127.680 8 0.287 0.050 0.380 0.214
127.720 8 0.284 0.050 0.377 0.214
127.760 8 0.286 0.050 0.380 0.217
127.800 8 0.284 0.047 0.378 0.217
127.840 8 0.286 0.044 0.381 0.219
127.880 8 0.284 0.047 0.380 0.217
127.920 8 0.284 0.047 0.378 0.217
127.960 8 0.286 0.047 0.381 0.219
128.000 8 0.286 0.047 0.383 0.222
128.040 8 0.287 0.047 0.384 0.219
128.080 8 0.287 0.047 0.384 0.222
128.120 8 0.289 0.047 0.386 0.222
128.160 8 0.287 0.047 0.384 0.222
128.200 8 0.287 0.047 0.384 0.222
128.240 8 0.287 0.047 0.384 0.222
128.280 8 0.287 0.047 0.384 0.222
128.320 8 0.287 0.047 0.384 0.225
128.360 8 0.286 0.047 0.384 0.222
128.400 8 0.289 0.047 0.386 0.222
128.440 8 0.287 0.047 0.384 0.222
128.480 8 0.287 0.050 0.383 0.222
128.520 8 0.289 0.050 0.384 0.222
128.560 8 0.291 0.050 0.383 0.219
128.600 8 0.287 0.050 0.384 0.222
128.640 8 0.287 0.050 0.383 0.222
128.680 8 0.289 0.050 0.383 0.222
128.720 8 0.287 0.050 0.381 0.219
128.760 8 0.289 0.050 0.383 0.222
128.800 8 0.287 0.050 0.383 0.222
128.840 8 0.287 0.050 0.383 0.222
128.880 8 0.286 0.050 0.383 0.222
128.920 8 0.284 0.050 0.380 0.222
128.960 8 0.286 0.050 0.381 0.222
129.000 8 0.286 0.047 0.383 0.222
129.040 8 0.286 0.047 0.383 0.222
129.080 8 0.286 0.047 0.383 0.222
129.120 8 0.286 0.047 0.383 0.222
129.160 8 0.286 0.047 0.383 0.222
129.200 8 0.286 0.047 0.383 0.222
129.240 8 0.286 0.053 0.378 0.217
129.280 8 0.291 0.053 0.383 0.217
129.320 8 0.287 0.050 0.380 0.217
129.360 8 0.287 0.050 0.381 0.219
129.400 8 0.286 0.053 0.378 0.217
129.440 8 0.291 0.053 0.383 0.217
129.480 8 0.287 0.053 0.378 0.217
129.520 8 0.287 0.050 0.381 0.219
129.560 8 0.287 0.050 0.381 0.219
129.600 8 0.287 0.050 0.381 0.219
129.640 8 0.286 0.053 0.378 0.217
129.680 8 0.292 0.053 0.381 0.217
129.720 8 0.289 0.053 0.378 0.217
129.760 8 0.287 0.050 0.381 0.219
129.800 8 0.287 0.050 0.383 0.219
129.840 8 0.287 0.050 0.383 0.222
129.880 8 0.287 0.050 0.383 0.222
129.920 8 0.291 0.050 0.384 0.219
129.960 8 0.287 0.050 0.383 0.219
123.320 9 0.783 0.292 0.897 0.497
123.360 9 0.786 0.292 0.902 0.497
123.400 9 0.789 0.292 0.905 0.497
123.440 9 0.792 0.289 0.909 0.497
123.480 9 0.797 0.289 0.914 0.497
123.520 9 0.800 0.286 0.919 0.497
123.560 9 0.800 0.286 0.917 0.497
123.600 9 0.803 0.286 0.922 0.497
123.640 9 0.803 0.286 0.922 0.497
123.680 9 0.806 0.286 0.923 0.494
123.720 9 0.809 0.286 0.928 0.497
123.760 9 0.812 0.289 0.930 0.497
123.800 9 0.814 0.289 0.930 0.497
123.840 9 0.812 0.289 0.930 0.494
123.880 9 0.817 0.292 0.933 0.494
123.920 9 0.814 0.289 0.930 0.494
123.960 9 0.816 0.294 0.928 0.497
124.000 9 0.809 0.289 0.927 0.497
124.040 9 0.809 0.294 0.919 0.489
124.080 9 0.803 0.292 0.917 0.497
124.120 9 0.797 0.292 0.911 0.497
124.160 9 0.792 0.292 0.908 0.497
124.200 9 0.786 0.292 0.902 0.497
124.240 9 0.781 0.292 0.898 0.497
124.280 9 0.775 0.292 0.892 0.500
124.320 9 0.775 0.292 0.892 0.500
