27.720 0 0.522 0.078 0.686 0.369
27.760 0 0.519 0.078 0.683 0.369
27.800 0 0.522 0.078 0.686 0.372
27.840 0 0.517 0.081 0.681 0.372
27.880 0 0.519 0.081 0.686 0.378
27.920 0 0.516 0.083 0.681 0.378
27.960 0 0.517 0.083 0.686 0.383
28.000 0 0.514 0.086 0.681 0.383
28.040 0 0.514 0.100 0.669 0.375
28.080 0 0.517 0.100 0.673 0.378
28.120 0 0.514 0.106 0.667 0.378
28.160 0 0.516 0.106 0.670 0.381
28.200 0 0.512 0.108 0.666 0.383
28.240 0 0.516 0.111 0.669 0.383
28.280 0 0.511 0.111 0.664 0.383
28.320 0 0.511 0.108 0.669 0.389
28.360 0 0.509 0.111 0.662 0.383
28.400 0 0.514 0.111 0.667 0.386
28.440 0 0.509 0.111 0.664 0.386
28.480 0 0.514 0.114 0.667 0.383
28.520 0 0.512 0.117 0.659 0.378
28.560 0 0.514 0.114 0.666 0.383
28.600 0 0.512 0.117 0.662 0.383
28.640 0 0.514 0.119 0.664 0.383
28.680 0 0.516 0.119 0.664 0.383
28.720 0 0.517 0.119 0.666 0.383
28.760 0 0.517 0.119 0.666 0.383
28.800 0 0.517 0.117 0.667 0.383
28.840 0 0.517 0.117 0.667 0.383
28.880 0 0.519 0.117 0.669 0.383
28.920 0 0.519 0.117 0.669 0.383
28.960 0 0.517 0.117 0.667 0.383
29.000 0 0.520 0.125 0.661 0.375
29.040 0 0.517 0.108 0.672 0.381
29.080 0 0.519 0.108 0.672 0.381
29.120 0 0.517 0.111 0.670 0.381
29.160 0 0.519 0.108 0.672 0.381
29.200 0 0.520 0.108 0.672 0.378
29.240 0 0.519 0.106 0.673 0.381
29.280 0 0.520 0.106 0.677 0.381
29.320 0 0.520 0.106 0.673 0.381
29.360 0 0.522 0.108 0.673 0.378
29.400 0 0.517 0.106 0.670 0.381
29.440 0 0.525 0.111 0.673 0.378
29.480 0 0.517 0.111 0.666 0.375
29.520 0 0.523 0.114 0.672 0.378
29.560 0 0.519 0.111 0.669 0.378
29.600 0 0.523 0.108 0.672 0.375
29.640 0 0.519 0.108 0.667 0.372
29.680 0 0.523 0.106 0.672 0.372
29.720 0 0.522 0.106 0.672 0.369
29.760 0 0.523 0.108 0.670 0.369
29.800 0 0.525 0.108 0.672 0.369
29.840 0 0.522 0.106 0.669 0.369
29.880 0 0.523 0.106 0.670 0.369
29.920 0 0.520 0.106 0.670 0.372
29.960 0 0.520 0.108 0.670 0.372
30.000 0 0.514 0.086 0.681 0.383
30.040 0 0.514 0.106 0.667 0.378
30.080 0 0.517 0.108 0.670 0.381
30.120 0 0.512 0.108 0.666 0.381
30.160 0 0.516 0.111 0.667 0.383
30.200 0 0.509 0.111 0.664 0.386
30.240 0 0.514 0.117 0.666 0.386
30.280 0 0.509 0.117 0.662 0.389
30.320 0 0.516 0.122 0.666 0.389
30.360 0 0.512 0.122 0.661 0.386
30.400 0 0.514 0.122 0.664 0.389
30.440 0 0.511 0.122 0.659 0.386
30.480 0 0.514 0.122 0.662 0.389
30.520 0 0.511 0.122 0.661 0.389
30.560 0 0.512 0.119 0.664 0.392
30.600 0 0.511 0.119 0.662 0.389
30.640 0 0.514 0.122 0.664 0.389
30.680 0 0.512 0.119 0.664 0.389
30.720 0 0.514 0.119 0.667 0.392
30.760 0 0.512 0.117 0.666 0.389
30.800 0 0.516 0.119 0.667 0.389
30.840 0 0.514 0.117 0.666 0.386
30.880 0 0.516 0.117 0.666 0.383
30.920 0 0.520 0.114 0.670 0.383
30.960 0 0.514 0.108 0.667 0.381
31.000 0 0.520 0.125 0.661 0.375
31.040 0 0.525 0.114 0.664 0.364
31.080 0 0.523 0.114 0.662 0.364
31.120 0 0.523 0.117 0.664 0.367
31.160 0 0.527 0.119 0.666 0.367
31.200 0 0.522 0.119 0.664 0.369
31.240 0 0.523 0.122 0.664 0.372
31.280 0 0.523 0.125 0.666 0.375
31.320 0 0.525 0.128 0.666 0.378
31.360 0 0.523 0.131 0.664 0.381
31.400 0 0.527 0.133 0.667 0.383
31.440 0 0.523 0.133 0.662 0.383
31.480 0 0.523 0.136 0.662 0.383
31.520 0 0.522 0.136 0.661 0.383
31.560 0 0.522 0.139 0.661 0.383
31.600 0 0.522 0.136 0.661 0.383
31.640 0 0.520 0.139 0.659 0.383
31.680 0 0.520 0.139 0.659 0.386
31.720 0 0.520 0.139 0.659 0.383
31.760 0 0.520 0.139 0.659 0.383
31.800 0 0.520 0.136 0.659 0.383
31.840 0 0.520 0.136 0.659 0.383
31.880 0 0.520 0.136 0.659 0.383
31.920 0 0.520 0.136 0.659 0.383
31.960 0 0.520 0.136 0.659 0.383
32.000 0 0.520 0.125 0.661 0.375
32.040 0 0.517 0.125 0.656 0.372
32.080 0 0.523 0.125 0.664 0.375
32.120 0 0.520 0.128 0.659 0.375
32.160 0 0.523 0.125 0.664 0.375
32.200 0 0.520 0.125 0.661 0.375
32.240 0 0.525 0.125 0.666 0.375
32.280 0 0.517 0.125 0.659 0.375
32.320 0 0.525 0.125 0.667 0.375
32.360 0 0.519 0.125 0.659 0.375
32.400 0 0.525 0.122 0.670 0.381
32.440 0 0.522 0.119 0.666 0.372
32.480 0 0.528 0.117 0.669 0.369
32.520 0 0.527 0.114 0.667 0.367
32.560 0 0.531 0.108 0.672 0.358
32.600 0 0.536 0.103 0.677 0.353
32.640 0 0.539 0.097 0.678 0.342
32.720 0 0.547 0.108 0.697 0.375
32.760 0 0.552 0.100 0.702 0.369
32.800 0 0.561 0.097 0.709 0.361
32.840 0 0.567 0.094 0.714 0.358
32.880 0 0.570 0.092 0.717 0.353
32.920 0 0.581 0.097 0.722 0.350
32.960 0 0.578 0.094 0.720 0.350
33.000 0 0.583 0.097 0.723 0.347
33.040 0 0.577 0.089 0.714 0.333
33.080 0 0.577 0.089 0.717 0.336
33.120 0 0.570 0.089 0.713 0.342
33.160 0 0.573 0.092 0.714 0.342
33.200 0 0.567 0.092 0.711 0.347
33.240 0 0.570 0.094 0.713 0.347
33.280 0 0.564 0.094 0.708 0.350
33.320 0 0.566 0.097 0.709 0.353
33.360 0 0.561 0.094 0.705 0.353
33.400 0 0.562 0.097 0.705 0.353
33.440 0 0.558 0.097 0.700 0.350
33.480 0 0.561 0.100 0.703 0.353
33.520 0 0.555 0.097 0.700 0.356
33.560 0 0.558 0.100 0.700 0.353
33.600 0 0.553 0.100 0.697 0.356
33.640 0 0.556 0.103 0.698 0.356
33.680 0 0.553 0.100 0.697 0.356
33.720 0 0.553 0.100 0.697 0.356
33.760 0 0.552 0.100 0.697 0.358
33.800 0 0.550 0.100 0.697 0.361
33.840 0 0.552 0.100 0.700 0.361
33.880 0 0.548 0.097 0.698 0.364
33.920 0 0.550 0.097 0.700 0.364
33.960 0 0.550 0.097 0.702 0.367
34.000 0 0.552 0.097 0.692 0.347
34.040 0 0.547 0.086 0.702 0.364
34.080 0 0.547 0.089 0.703 0.367
34.120 0 0.548 0.089 0.703 0.367
34.160 0 0.550 0.089 0.705 0.364
34.200 0 0.548 0.089 0.703 0.364
34.240 0 0.552 0.089 0.708 0.367
34.280 0 0.550 0.089 0.708 0.367
34.320 0 0.552 0.089 0.708 0.367
34.360 0 0.552 0.089 0.708 0.367
34.400 0 0.552 0.089 0.708 0.367
34.440 0 0.552 0.089 0.709 0.369
34.480 0 0.553 0.092 0.709 0.369
34.520 0 0.552 0.092 0.711 0.372
34.560 0 0.553 0.092 0.711 0.375
34.600 0 0.550 0.089 0.709 0.375
34.640 0 0.555 0.092 0.714 0.378
34.680 0 0.550 0.092 0.709 0.375
34.720 0 0.555 0.094 0.716 0.378
34.760 0 0.550 0.094 0.706 0.375
34.800 0 0.553 0.094 0.711 0.375
34.840 0 0.553 0.092 0.709 0.372
34.880 0 0.553 0.089 0.711 0.369
34.920 0 0.556 0.092 0.709 0.364
34.960 0 0.556 0.092 0.709 0.364
35.000 0 0.552 0.086 0.719 0.383
35.040 0 0.558 0.100 0.713 0.378
35.080 0 0.552 0.103 0.711 0.386
35.120 0 0.555 0.108 0.711 0.386
35.160 0 0.553 0.108 0.713 0.392
35.200 0 0.555 0.114 0.711 0.392
35.240 0 0.556 0.117 0.713 0.392
35.280 0 0.552 0.114 0.709 0.394
35.320 0 0.556 0.117 0.713 0.394
35.360 0 0.552 0.117 0.708 0.397
35.400 0 0.555 0.117 0.711 0.397
35.440 0 0.550 0.117 0.709 0.397
35.480 0 0.555 0.119 0.711 0.397
35.520 0 0.550 0.117 0.708 0.397
35.560 0 0.552 0.117 0.711 0.400
35.600 0 0.552 0.119 0.708 0.397
35.640 0 0.547 0.114 0.706 0.400
35.680 0 0.552 0.117 0.708 0.397
35.720 0 0.550 0.117 0.706 0.394
35.760 0 0.550 0.117 0.706 0.394
35.800 0 0.548 0.114 0.705 0.392
35.840 0 0.548 0.114 0.703 0.392
35.880 0 0.547 0.114 0.703 0.389
35.920 0 0.547 0.111 0.703 0.389
35.960 0 0.545 0.111 0.702 0.386
36.000 0 0.552 0.125 0.692 0.375
36.040 0 0.553 0.125 0.694 0.375
36.080 0 0.556 0.125 0.698 0.375
36.120 0 0.553 0.122 0.695 0.372
36.160 0 0.558 0.122 0.698 0.372
36.200 0 0.556 0.122 0.697 0.372
36.240 0 0.556 0.122 0.698 0.372
36.280 0 0.558 0.125 0.698 0.378
36.320 0 0.556 0.125 0.698 0.381
36.360 0 0.555 0.131 0.698 0.383
36.400 0 0.555 0.133 0.697 0.386
36.440 0 0.555 0.136 0.697 0.392
36.480 0 0.553 0.139 0.697 0.394
36.520 0 0.553 0.142 0.697 0.397
36.560 0 0.553 0.144 0.695 0.397
36.600 0 0.552 0.144 0.695 0.400
36.640 0 0.552 0.144 0.695 0.400
36.680 0 0.552 0.147 0.695 0.400
36.720 0 0.550 0.147 0.695 0.406
36.760 0 0.550 0.150 0.694 0.406
36.800 0 0.550 0.150 0.694 0.406
36.840 0 0.550 0.150 0.692 0.406
36.880 0 0.548 0.153 0.689 0.403
36.920 0 0.550 0.153 0.692 0.406
36.960 0 0.548 0.150 0.691 0.403
37.000 0 0.552 0.153 0.692 0.403
37.040 0 0.552 0.153 0.691 0.400
37.080 0 0.553 0.150 0.691 0.397
37.120 0 0.553 0.150 0.692 0.397
37.160 0 0.552 0.147 0.692 0.400
37.200 0 0.552 0.147 0.694 0.397
37.240 0 0.552 0.144 0.694 0.397
37.280 0 0.553 0.144 0.694 0.394
37.320 0 0.555 0.144 0.695 0.392
37.360 0 0.556 0.142 0.695 0.389
37.400 0 0.556 0.139 0.695 0.386
37.440 0 0.556 0.136 0.697 0.386
37.480 0 0.558 0.136 0.698 0.386
37.520 0 0.561 0.133 0.700 0.383
37.560 0 0.562 0.133 0.700 0.381
37.600 0 0.562 0.133 0.702 0.381
37.640 0 0.564 0.133 0.703 0.383
37.680 0 0.564 0.133 0.706 0.386
37.720 0 0.566 0.136 0.708 0.389
37.760 0 0.566 0.139 0.708 0.392
37.800 0 0.567 0.142 0.709 0.394
37.840 0 0.567 0.142 0.711 0.400
37.880 0 0.566 0.147 0.709 0.403
37.920 0 0.567 0.150 0.711 0.406
37.960 0 0.569 0.153 0.711 0.403
38.000 0 0.567 0.153 0.708 0.403
38.040 0 0.570 0.150 0.711 0.403
38.080 0 0.572 0.150 0.714 0.403
38.120 0 0.570 0.147 0.716 0.403
38.160 0 0.572 0.147 0.714 0.400
38.200 0 0.572 0.147 0.714 0.400
38.240 0 0.570 0.147 0.713 0.400
38.280 0 0.570 0.144 0.711 0.397
38.320 0 0.572 0.147 0.714 0.397
38.360 0 0.567 0.144 0.711 0.400
38.400 0 0.569 0.147 0.711 0.400
38.440 0 0.569 0.150 0.709 0.397
38.480 0 0.569 0.150 0.709 0.400
38.520 0 0.567 0.147 0.708 0.397
38.560 0 0.569 0.150 0.709 0.400
38.600 0 0.567 0.150 0.706 0.397
38.640 0 0.572 0.150 0.709 0.397
38.680 0 0.566 0.150 0.705 0.397
38.720 0 0.570 0.153 0.709 0.400
38.760 0 0.567 0.150 0.706 0.400
38.800 0 0.569 0.153 0.706 0.397
38.840 0 0.569 0.153 0.706 0.400
38.880 0 0.569 0.156 0.705 0.397
38.920 0 0.566 0.153 0.705 0.400
38.960 0 0.566 0.156 0.703 0.397
39.000 0 0.567 0.153 0.708 0.403
39.040 0 0.561 0.153 0.705 0.406
39.080 0 0.564 0.156 0.706 0.411
39.120 0 0.556 0.153 0.705 0.417
39.160 0 0.559 0.158 0.705 0.417
39.200 0 0.555 0.158 0.700 0.414
39.240 0 0.558 0.158 0.703 0.417
39.280 0 0.558 0.158 0.702 0.414
39.320 0 0.558 0.158 0.700 0.414
39.360 0 0.556 0.158 0.700 0.414
39.400 0 0.556 0.158 0.700 0.414
39.440 0 0.553 0.158 0.697 0.414
39.480 0 0.556 0.158 0.700 0.414
39.520 0 0.553 0.161 0.695 0.414
39.560 0 0.561 0.161 0.702 0.411
39.600 0 0.556 0.161 0.695 0.408
39.640 0 0.558 0.161 0.698 0.411
39.680 0 0.561 0.161 0.703 0.411
39.720 0 0.558 0.158 0.702 0.411
39.760 0 0.562 0.156 0.705 0.408
39.800 0 0.559 0.153 0.703 0.406
27.720 1 0.148 0.150 0.266 0.358
27.760 1 0.148 0.150 0.266 0.358
27.800 1 0.148 0.150 0.266 0.358
27.840 1 0.148 0.150 0.266 0.358
27.880 1 0.148 0.150 0.266 0.358
27.920 1 0.148 0.150 0.266 0.358
27.960 1 0.148 0.150 0.266 0.358
28.000 1 0.148 0.150 0.266 0.358
28.040 1 0.153 0.158 0.259 0.347
28.080 1 0.153 0.158 0.259 0.347
28.120 1 0.153 0.158 0.259 0.347
28.160 1 0.153 0.158 0.259 0.347
28.200 1 0.153 0.156 0.259 0.347
28.240 1 0.153 0.156 0.259 0.347
28.280 1 0.153 0.156 0.259 0.347
28.320 1 0.153 0.156 0.259 0.347
28.360 1 0.153 0.156 0.259 0.347
28.400 1 0.152 0.156 0.259 0.347
28.440 1 0.153 0.158 0.259 0.347
28.480 1 0.153 0.158 0.259 0.347
28.520 1 0.152 0.158 0.259 0.347
28.560 1 0.152 0.158 0.259 0.347
28.600 1 0.152 0.158 0.259 0.347
28.640 1 0.152 0.158 0.259 0.347
28.680 1 0.152 0.158 0.259 0.347
28.720 1 0.152 0.158 0.259 0.347
28.760 1 0.152 0.158 0.259 0.347
28.800 1 0.152 0.158 0.259 0.347
28.840 1 0.152 0.158 0.259 0.347
28.880 1 0.152 0.158 0.259 0.347
28.920 1 0.152 0.158 0.259 0.347
28.960 1 0.153 0.158 0.259 0.347
29.000 1 0.156 0.164 0.253 0.336
29.040 1 0.150 0.156 0.259 0.347
29.080 1 0.153 0.156 0.261 0.347
29.120 1 0.152 0.158 0.259 0.347
29.160 1 0.153 0.156 0.259 0.347
29.200 1 0.153 0.156 0.261 0.347
29.240 1 0.153 0.156 0.259 0.347
29.280 1 0.155 0.156 0.261 0.347
29.320 1 0.152 0.156 0.258 0.347
29.360 1 0.155 0.158 0.261 0.347
29.400 1 0.152 0.158 0.258 0.347
29.440 1 0.153 0.156 0.261 0.350
29.480 1 0.153 0.156 0.259 0.347
29.520 1 0.153 0.156 0.259 0.347
29.560 1 0.153 0.156 0.259 0.347
29.600 1 0.153 0.156 0.259 0.347
29.640 1 0.153 0.156 0.258 0.344
29.680 1 0.153 0.156 0.261 0.347
29.720 1 0.152 0.156 0.258 0.347
29.760 1 0.153 0.156 0.259 0.347
29.800 1 0.153 0.156 0.258 0.344
29.840 1 0.155 0.158 0.261 0.347
29.880 1 0.153 0.158 0.258 0.347
29.920 1 0.153 0.156 0.261 0.347
29.960 1 0.150 0.156 0.256 0.347
30.000 1 0.148 0.150 0.266 0.358
30.040 1 0.147 0.147 0.267 0.361
30.080 1 0.147 0.147 0.266 0.361
30.120 1 0.148 0.150 0.267 0.361
30.160 1 0.147 0.150 0.266 0.361
30.200 1 0.148 0.150 0.269 0.364
30.240 1 0.147 0.147 0.267 0.361
30.280 1 0.147 0.150 0.267 0.361
30.320 1 0.145 0.147 0.266 0.361
30.360 1 0.148 0.150 0.267 0.361
30.400 1 0.145 0.150 0.264 0.361
30.440 1 0.150 0.150 0.267 0.361
30.480 1 0.145 0.147 0.264 0.358
30.520 1 0.150 0.150 0.267 0.358
30.560 1 0.145 0.147 0.264 0.358
30.600 1 0.150 0.150 0.267 0.358
30.640 1 0.145 0.147 0.264 0.358
30.680 1 0.150 0.150 0.267 0.358
30.720 1 0.145 0.147 0.264 0.358
30.760 1 0.150 0.150 0.267 0.358
30.800 1 0.145 0.147 0.264 0.358
30.840 1 0.150 0.150 0.267 0.358
30.880 1 0.145 0.147 0.264 0.358
30.920 1 0.150 0.150 0.267 0.358
30.960 1 0.145 0.147 0.264 0.358
31.000 1 0.148 0.150 0.266 0.358
31.040 1 0.148 0.150 0.266 0.358
31.080 1 0.148 0.150 0.266 0.358
31.120 1 0.148 0.150 0.266 0.358
31.160 1 0.148 0.150 0.266 0.358
31.200 1 0.148 0.150 0.266 0.358
31.240 1 0.148 0.150 0.266 0.358
31.280 1 0.148 0.150 0.266 0.358
31.320 1 0.148 0.150 0.266 0.358
31.360 1 0.148 0.150 0.266 0.358
31.400 1 0.148 0.150 0.266 0.358
31.440 1 0.148 0.150 0.266 0.358
31.480 1 0.148 0.150 0.266 0.358
31.520 1 0.148 0.150 0.264 0.356
31.560 1 0.150 0.150 0.267 0.358
31.600 1 0.147 0.150 0.263 0.356
31.640 1 0.150 0.150 0.267 0.358
31.680 1 0.147 0.150 0.264 0.358
31.720 1 0.150 0.150 0.267 0.358
31.760 1 0.148 0.150 0.264 0.358
31.800 1 0.148 0.150 0.267 0.361
31.840 1 0.148 0.150 0.266 0.358
31.880 1 0.150 0.150 0.266 0.356
31.920 1 0.147 0.153 0.263 0.358
31.960 1 0.150 0.150 0.269 0.361
32.000 1 0.148 0.150 0.266 0.358
32.040 1 0.147 0.150 0.266 0.358
32.080 1 0.150 0.150 0.267 0.358
32.120 1 0.148 0.153 0.264 0.358
32.160 1 0.150 0.150 0.267 0.358
32.200 1 0.148 0.150 0.266 0.358
32.240 1 0.147 0.150 0.264 0.358
32.280 1 0.150 0.150 0.267 0.358
32.320 1 0.145 0.147 0.264 0.358
32.360 1 0.150 0.150 0.267 0.358
32.400 1 0.145 0.147 0.264 0.358
32.440 1 0.150 0.150 0.267 0.358
32.480 1 0.145 0.147 0.264 0.358
32.520 1 0.150 0.150 0.267 0.358
32.560 1 0.145 0.147 0.264 0.358
32.600 1 0.150 0.150 0.267 0.358
32.640 1 0.147 0.150 0.264 0.358
32.680 1 0.152 0.153 0.266 0.356
32.720 1 0.150 0.153 0.264 0.356
32.760 1 0.152 0.153 0.264 0.353
32.800 1 0.150 0.153 0.264 0.356
32.840 1 0.148 0.150 0.266 0.358
32.880 1 0.152 0.153 0.267 0.358
32.920 1 0.147 0.150 0.264 0.358
32.960 1 0.150 0.150 0.267 0.358
33.000 1 0.148 0.150 0.266 0.358
33.040 1 0.148 0.150 0.266 0.358
33.080 1 0.148 0.150 0.266 0.358
33.120 1 0.148 0.150 0.266 0.358
33.160 1 0.148 0.150 0.266 0.358
33.200 1 0.148 0.150 0.266 0.358
33.240 1 0.148 0.150 0.266 0.358
33.280 1 0.148 0.150 0.266 0.358
33.320 1 0.148 0.150 0.266 0.358
33.360 1 0.148 0.150 0.266 0.358
33.400 1 0.148 0.150 0.266 0.358
33.440 1 0.148 0.150 0.266 0.358
33.480 1 0.148 0.150 0.266 0.358
33.520 1 0.148 0.150 0.266 0.358
33.560 1 0.148 0.150 0.266 0.358
33.600 1 0.148 0.150 0.266 0.358
33.640 1 0.148 0.150 0.266 0.358
33.680 1 0.148 0.150 0.266 0.358
33.720 1 0.148 0.150 0.266 0.358
33.760 1 0.148 0.150 0.266 0.358
33.800 1 0.148 0.150 0.266 0.358
33.840 1 0.148 0.150 0.266 0.358
33.880 1 0.148 0.150 0.267 0.361
33.920 1 0.150 0.150 0.267 0.358
33.960 1 0.147 0.150 0.264 0.358
34.000 1 0.148 0.150 0.266 0.358
34.040 1 0.147 0.150 0.264 0.358
34.080 1 0.150 0.150 0.267 0.358
34.120 1 0.148 0.153 0.264 0.358
34.160 1 0.150 0.150 0.266 0.358
34.200 1 0.148 0.150 0.266 0.358
34.240 1 0.147 0.150 0.264 0.358
34.280 1 0.150 0.150 0.267 0.358
34.320 1 0.145 0.147 0.266 0.358
34.360 1 0.150 0.147 0.269 0.361
34.400 1 0.145 0.147 0.266 0.358
34.440 1 0.150 0.150 0.267 0.358
34.480 1 0.145 0.147 0.266 0.358
34.520 1 0.150 0.150 0.267 0.358
34.560 1 0.145 0.147 0.266 0.358
34.600 1 0.150 0.150 0.267 0.358
34.640 1 0.145 0.147 0.266 0.358
34.680 1 0.150 0.150 0.269 0.358
34.720 1 0.145 0.147 0.266 0.358
34.760 1 0.150 0.150 0.267 0.358
34.800 1 0.145 0.147 0.266 0.358
34.840 1 0.150 0.150 0.269 0.358
34.880 1 0.145 0.147 0.266 0.358
34.920 1 0.150 0.150 0.267 0.358
34.960 1 0.145 0.147 0.266 0.358
35.000 1 0.148 0.150 0.266 0.358
35.040 1 0.148 0.150 0.266 0.358
35.080 1 0.148 0.150 0.266 0.358
35.120 1 0.148 0.150 0.266 0.358
35.160 1 0.148 0.150 0.266 0.358
35.200 1 0.148 0.150 0.266 0.358
35.240 1 0.148 0.150 0.266 0.358
35.280 1 0.148 0.150 0.266 0.358
35.320 1 0.148 0.150 0.266 0.358
35.360 1 0.148 0.150 0.266 0.358
35.400 1 0.148 0.150 0.266 0.358
35.440 1 0.148 0.150 0.266 0.358
35.480 1 0.148 0.150 0.266 0.358
35.520 1 0.148 0.150 0.266 0.358
35.560 1 0.148 0.150 0.266 0.358
35.600 1 0.148 0.150 0.266 0.358
35.640 1 0.148 0.150 0.266 0.358
35.680 1 0.148 0.150 0.266 0.358
35.720 1 0.148 0.150 0.266 0.358
35.760 1 0.148 0.150 0.266 0.358
35.800 1 0.148 0.150 0.266 0.358
35.840 1 0.148 0.150 0.266 0.358
35.880 1 0.148 0.150 0.267 0.361
35.920 1 0.150 0.150 0.267 0.358
35.960 1 0.147 0.150 0.264 0.358
36.000 1 0.148 0.150 0.266 0.358
36.040 1 0.150 0.150 0.267 0.358
36.080 1 0.147 0.150 0.264 0.358
36.120 1 0.148 0.147 0.267 0.358
36.160 1 0.147 0.150 0.264 0.358
36.200 1 0.150 0.150 0.267 0.358
36.240 1 0.148 0.150 0.264 0.356
36.280 1 0.148 0.150 0.266 0.358
36.320 1 0.147 0.150 0.264 0.358
36.360 1 0.150 0.150 0.267 0.358
36.400 1 0.148 0.150 0.264 0.356
36.440 1 0.148 0.150 0.266 0.358
36.480 1 0.148 0.150 0.266 0.358
36.520 1 0.148 0.150 0.266 0.358
36.560 1 0.148 0.150 0.266 0.358
36.600 1 0.148 0.150 0.266 0.358
36.640 1 0.148 0.150 0.266 0.358
36.680 1 0.148 0.150 0.264 0.356
36.720 1 0.147 0.150 0.264 0.358
36.760 1 0.150 0.150 0.267 0.358
36.800 1 0.148 0.150 0.266 0.358
36.840 1 0.150 0.150 0.267 0.358
36.880 1 0.147 0.150 0.266 0.361
36.920 1 0.150 0.150 0.267 0.358
36.960 1 0.147 0.150 0.264 0.358
37.000 1 0.148 0.150 0.266 0.358
37.040 1 0.148 0.150 0.266 0.358
37.080 1 0.148 0.150 0.266 0.358
37.120 1 0.148 0.150 0.266 0.358
37.160 1 0.148 0.150 0.266 0.358
37.200 1 0.148 0.150 0.266 0.358
37.240 1 0.148 0.150 0.266 0.358
37.280 1 0.148 0.150 0.266 0.358
37.320 1 0.148 0.150 0.266 0.358
37.360 1 0.148 0.150 0.266 0.358
37.400 1 0.148 0.150 0.266 0.358
37.440 1 0.148 0.150 0.266 0.358
37.480 1 0.148 0.150 0.266 0.358
37.520 1 0.148 0.150 0.266 0.358
37.560 1 0.148 0.150 0.266 0.358
37.600 1 0.148 0.150 0.266 0.358
37.640 1 0.148 0.150 0.266 0.358
37.680 1 0.148 0.150 0.266 0.358
37.720 1 0.148 0.150 0.266 0.358
37.760 1 0.148 0.150 0.266 0.358
37.800 1 0.148 0.150 0.266 0.358
37.840 1 0.148 0.150 0.266 0.358
37.880 1 0.148 0.150 0.266 0.358
37.920 1 0.148 0.150 0.266 0.358
37.960 1 0.148 0.150 0.266 0.358
38.000 1 0.148 0.150 0.266 0.358
38.040 1 0.148 0.150 0.269 0.364
38.080 1 0.145 0.150 0.266 0.364
38.120 1 0.148 0.153 0.267 0.364
38.160 1 0.148 0.153 0.266 0.361
38.200 1 0.148 0.150 0.269 0.364
38.240 1 0.145 0.150 0.266 0.364
38.280 1 0.148 0.150 0.269 0.367
38.320 1 0.148 0.153 0.266 0.361
38.360 1 0.147 0.150 0.266 0.364
38.400 1 0.147 0.153 0.266 0.364
38.440 1 0.144 0.147 0.266 0.364
38.480 1 0.148 0.150 0.267 0.364
38.520 1 0.144 0.150 0.264 0.364
38.560 1 0.148 0.153 0.267 0.364
38.600 1 0.144 0.150 0.263 0.361
38.640 1 0.148 0.153 0.267 0.361
38.680 1 0.147 0.150 0.266 0.361
38.720 1 0.150 0.150 0.267 0.361
38.760 1 0.145 0.153 0.264 0.361
38.800 1 0.152 0.156 0.267 0.361
38.840 1 0.148 0.153 0.264 0.358
38.880 1 0.148 0.150 0.266 0.358
38.920 1 0.150 0.150 0.267 0.358
38.960 1 0.147 0.150 0.264 0.356
39.000 1 0.148 0.150 0.266 0.358
39.040 1 0.152 0.150 0.269 0.358
39.080 1 0.148 0.147 0.266 0.356
39.120 1 0.153 0.150 0.267 0.353
39.160 1 0.148 0.150 0.261 0.350
39.200 1 0.153 0.156 0.264 0.350
39.240 1 0.150 0.150 0.264 0.350
39.280 1 0.153 0.147 0.267 0.347
39.320 1 0.152 0.147 0.266 0.347
39.360 1 0.156 0.147 0.269 0.347
39.400 1 0.155 0.147 0.267 0.350
39.440 1 0.155 0.147 0.270 0.350
39.480 1 0.156 0.147 0.272 0.353
39.520 1 0.158 0.150 0.275 0.356
39.560 1 0.159 0.150 0.277 0.358
39.600 1 0.159 0.150 0.278 0.358
39.640 1 0.161 0.153 0.278 0.361
39.680 1 0.163 0.153 0.280 0.361
39.720 1 0.163 0.153 0.281 0.364
39.760 1 0.163 0.153 0.283 0.364
39.800 1 0.164 0.153 0.284 0.367
74.520 2 0.584 0.211 0.644 0.317
74.560 2 0.583 0.228 0.641 0.331
74.600 2 0.580 0.242 0.639 0.347
74.640 2 0.581 0.261 0.641 0.367
74.680 2 0.580 0.278 0.639 0.381
74.720 2 0.581 0.292 0.639 0.397
74.760 2 0.581 0.306 0.641 0.408
74.800 2 0.583 0.314 0.641 0.417
74.840 2 0.584 0.319 0.642 0.419
74.880 2 0.589 0.319 0.647 0.419
74.920 2 0.595 0.319 0.652 0.419
74.960 2 0.603 0.314 0.658 0.414
75.000 2 0.608 0.306 0.664 0.406
75.040 2 0.613 0.294 0.670 0.397
75.080 2 0.620 0.281 0.678 0.383
75.120 2 0.623 0.269 0.683 0.372
75.160 2 0.630 0.258 0.688 0.361
75.200 2 0.634 0.244 0.692 0.350
75.240 2 0.639 0.233 0.698 0.339
75.280 2 0.645 0.225 0.705 0.333
75.320 2 0.652 0.217 0.711 0.325
75.880 3 0.498 0.131 0.730 0.544
75.920 3 0.508 0.131 0.742 0.547
75.960 3 0.497 0.122 0.741 0.553
76.000 3 0.498 0.122 0.741 0.553
76.040 3 0.500 0.125 0.741 0.553
76.080 3 0.494 0.117 0.742 0.558
76.120 3 0.502 0.122 0.744 0.553
76.160 3 0.495 0.125 0.733 0.550
76.200 3 0.506 0.128 0.747 0.553
76.240 3 0.497 0.128 0.731 0.544
76.280 3 0.506 0.128 0.744 0.550
76.320 3 0.500 0.122 0.741 0.553
76.360 3 0.498 0.122 0.739 0.550
76.400 3 0.503 0.125 0.744 0.553
76.440 3 0.497 0.125 0.738 0.553
76.480 3 0.505 0.125 0.744 0.550
76.520 3 0.497 0.128 0.734 0.547
76.560 3 0.500 0.122 0.745 0.558
76.600 3 0.495 0.117 0.742 0.556
76.640 3 0.495 0.117 0.741 0.553
76.680 3 0.502 0.125 0.739 0.550
76.720 3 0.502 0.119 0.742 0.550
76.760 3 0.498 0.122 0.742 0.553
76.800 3 0.505 0.122 0.747 0.553
76.840 3 0.500 0.125 0.733 0.542
76.880 3 0.505 0.125 0.738 0.542
76.920 3 0.503 0.125 0.742 0.547
76.960 3 0.497 0.122 0.738 0.550
77.000 3 0.498 0.122 0.741 0.553
77.040 3 0.506 0.128 0.742 0.550
77.080 3 0.497 0.122 0.738 0.553
77.120 3 0.502 0.122 0.744 0.553
77.160 3 0.497 0.122 0.738 0.550
77.200 3 0.500 0.122 0.742 0.553
77.240 3 0.498 0.122 0.744 0.558
77.280 3 0.497 0.122 0.739 0.553
77.320 3 0.502 0.122 0.745 0.553
77.360 3 0.497 0.125 0.736 0.550
77.400 3 0.505 0.128 0.741 0.550
77.440 3 0.503 0.125 0.741 0.547
77.480 3 0.498 0.122 0.741 0.553
77.520 3 0.503 0.122 0.747 0.556
77.560 3 0.495 0.125 0.736 0.553
77.600 3 0.497 0.119 0.742 0.556
77.640 3 0.495 0.119 0.742 0.558
77.680 3 0.497 0.122 0.741 0.556
77.720 3 0.498 0.125 0.739 0.553
77.760 3 0.500 0.122 0.744 0.556
77.800 3 0.495 0.125 0.736 0.553
77.840 3 0.505 0.133 0.741 0.550
77.880 3 0.500 0.133 0.730 0.542
77.920 3 0.498 0.131 0.736 0.553
77.960 3 0.500 0.125 0.742 0.556
78.000 3 0.498 0.122 0.741 0.553
78.040 3 0.498 0.122 0.741 0.553
78.080 3 0.495 0.122 0.738 0.553
78.120 3 0.498 0.122 0.741 0.553
78.160 3 0.498 0.122 0.739 0.553
78.200 3 0.495 0.122 0.736 0.553
78.240 3 0.500 0.122 0.744 0.553
78.280 3 0.497 0.122 0.744 0.558
78.320 3 0.497 0.122 0.739 0.553
78.360 3 0.497 0.122 0.739 0.553
78.400 3 0.497 0.122 0.739 0.553
78.440 3 0.497 0.122 0.739 0.553
78.480 3 0.494 0.122 0.736 0.553
78.520 3 0.497 0.122 0.739 0.553
78.560 3 0.497 0.122 0.744 0.558
78.600 3 0.495 0.122 0.738 0.553
78.640 3 0.502 0.122 0.742 0.553
78.680 3 0.498 0.128 0.738 0.553
78.720 3 0.503 0.119 0.748 0.556
78.760 3 0.492 0.119 0.736 0.553
78.800 3 0.498 0.117 0.750 0.564
78.840 3 0.491 0.114 0.742 0.561
78.880 3 0.497 0.111 0.753 0.567
78.920 3 0.494 0.111 0.745 0.558
78.960 3 0.495 0.111 0.747 0.561
79.000 3 0.498 0.122 0.741 0.553
79.040 3 0.498 0.122 0.741 0.553
79.080 3 0.498 0.122 0.741 0.553
79.120 3 0.498 0.122 0.741 0.553
79.160 3 0.502 0.117 0.750 0.558
79.200 3 0.498 0.122 0.742 0.553
79.240 3 0.502 0.117 0.750 0.558
79.280 3 0.498 0.122 0.742 0.553
79.320 3 0.503 0.117 0.750 0.558
79.360 3 0.489 0.114 0.741 0.561
79.400 3 0.498 0.119 0.748 0.564
89.640 4 0.166 0.083 0.412 0.525
89.680 4 0.167 0.083 0.412 0.522
89.720 4 0.163 0.083 0.406 0.519
89.760 4 0.169 0.081 0.411 0.514
89.800 4 0.167 0.083 0.402 0.503
89.840 4 0.170 0.072 0.411 0.503
89.880 4 0.172 0.078 0.400 0.489
89.920 4 0.173 0.069 0.414 0.500
89.960 4 0.175 0.072 0.416 0.503
90.000 4 0.177 0.075 0.417 0.506
90.040 4 0.181 0.092 0.417 0.517
90.080 4 0.181 0.094 0.419 0.517
90.120 4 0.183 0.097 0.419 0.519
90.160 4 0.181 0.097 0.420 0.522
90.200 4 0.183 0.097 0.423 0.528
90.240 4 0.177 0.094 0.420 0.531
90.280 4 0.180 0.097 0.425 0.536
90.320 4 0.173 0.097 0.420 0.539
90.360 4 0.177 0.100 0.427 0.544
90.400 4 0.170 0.103 0.420 0.550
90.440 4 0.173 0.106 0.425 0.556
90.480 4 0.167 0.108 0.419 0.558
90.520 4 0.170 0.108 0.422 0.558
90.560 4 0.173 0.108 0.427 0.561
90.600 4 0.169 0.108 0.420 0.558
90.640 4 0.170 0.111 0.422 0.561
90.680 4 0.170 0.108 0.423 0.561
90.720 4 0.170 0.108 0.422 0.561
90.760 4 0.169 0.108 0.422 0.558
90.800 4 0.169 0.108 0.420 0.558
90.840 4 0.172 0.106 0.425 0.558
90.880 4 0.166 0.106 0.417 0.556
90.920 4 0.173 0.111 0.419 0.553
90.960 4 0.172 0.108 0.419 0.550
91.000 4 0.177 0.122 0.417 0.553
91.040 4 0.177 0.119 0.416 0.547
91.080 4 0.177 0.119 0.414 0.542
91.120 4 0.177 0.117 0.416 0.542
91.160 4 0.178 0.114 0.414 0.539
91.200 4 0.178 0.111 0.417 0.539
91.240 4 0.181 0.114 0.417 0.536
91.280 4 0.180 0.119 0.411 0.533
91.320 4 0.189 0.122 0.419 0.531
91.360 4 0.180 0.117 0.414 0.533
91.400 4 0.183 0.119 0.417 0.539
91.440 4 0.177 0.119 0.411 0.539
91.480 4 0.180 0.122 0.416 0.544
91.520 4 0.173 0.122 0.409 0.544
91.560 4 0.175 0.122 0.414 0.550
91.600 4 0.177 0.128 0.411 0.547
91.640 4 0.173 0.125 0.414 0.553
91.680 4 0.172 0.125 0.409 0.550
91.720 4 0.173 0.125 0.414 0.553
91.760 4 0.175 0.125 0.414 0.553
91.800 4 0.173 0.122 0.416 0.553
91.840 4 0.175 0.122 0.416 0.553
91.880 4 0.175 0.122 0.416 0.553
91.920 4 0.175 0.125 0.417 0.556
91.960 4 0.177 0.125 0.417 0.556
92.000 4 0.177 0.122 0.417 0.553
92.040 4 0.178 0.122 0.419 0.550
92.080 4 0.180 0.122 0.420 0.553
92.120 4 0.180 0.122 0.425 0.561
92.160 4 0.177 0.128 0.420 0.564
92.200 4 0.175 0.125 0.427 0.572
92.240 4 0.180 0.136 0.419 0.567
92.280 4 0.177 0.131 0.419 0.564
92.320 4 0.178 0.136 0.419 0.564
92.360 4 0.183 0.142 0.419 0.564
92.400 4 0.181 0.139 0.419 0.564
92.440 4 0.183 0.147 0.412 0.561
92.480 4 0.184 0.150 0.412 0.558
92.520 4 0.184 0.144 0.417 0.561
92.560 4 0.175 0.133 0.417 0.569
92.600 4 0.180 0.136 0.419 0.564
92.640 4 0.178 0.136 0.419 0.564
92.680 4 0.178 0.136 0.419 0.564
92.720 4 0.178 0.133 0.419 0.564
92.760 4 0.178 0.133 0.419 0.564
92.800 4 0.178 0.131 0.419 0.561
92.840 4 0.177 0.131 0.417 0.561
92.880 4 0.177 0.128 0.417 0.558
92.920 4 0.175 0.125 0.417 0.558
92.960 4 0.175 0.125 0.417 0.558
93.000 4 0.177 0.122 0.417 0.553
93.040 4 0.186 0.122 0.419 0.536
93.080 4 0.180 0.119 0.412 0.536
93.120 4 0.186 0.122 0.419 0.536
93.160 4 0.181 0.119 0.412 0.533
93.200 4 0.188 0.122 0.417 0.533
93.240 4 0.186 0.125 0.412 0.528
93.280 4 0.186 0.122 0.412 0.528
93.320 4 0.186 0.122 0.412 0.528
93.360 4 0.186 0.122 0.412 0.528
93.400 4 0.184 0.119 0.411 0.525
93.440 4 0.184 0.117 0.411 0.519
93.480 4 0.184 0.114 0.409 0.517
93.520 4 0.181 0.108 0.406 0.511
93.560 4 0.183 0.100 0.412 0.508
93.600 4 0.181 0.094 0.409 0.503
93.640 4 0.180 0.086 0.412 0.503
93.680 4 0.178 0.083 0.411 0.500
93.720 4 0.178 0.081 0.412 0.500
93.760 4 0.170 0.072 0.414 0.506
93.800 4 0.178 0.075 0.419 0.506
93.840 4 0.177 0.083 0.411 0.503
93.880 4 0.178 0.078 0.419 0.508
93.920 4 0.175 0.083 0.409 0.506
93.960 4 0.177 0.081 0.417 0.511
94.000 4 0.177 0.075 0.417 0.506
94.040 4 0.173 0.100 0.408 0.519
94.080 4 0.177 0.097 0.414 0.522
94.120 4 0.172 0.103 0.406 0.522
94.160 4 0.178 0.103 0.411 0.522
94.200 4 0.173 0.100 0.408 0.519
94.240 4 0.172 0.097 0.411 0.528
94.280 4 0.172 0.103 0.406 0.522
94.320 4 0.178 0.103 0.412 0.522
94.360 4 0.175 0.103 0.408 0.519
94.400 4 0.173 0.097 0.412 0.528
94.440 4 0.173 0.103 0.408 0.522
94.480 4 0.180 0.103 0.412 0.522
94.520 4 0.175 0.103 0.409 0.519
94.560 4 0.175 0.097 0.414 0.528
94.600 4 0.173 0.103 0.409 0.522
94.640 4 0.180 0.103 0.414 0.522
94.680 4 0.177 0.103 0.411 0.519
94.720 4 0.175 0.100 0.416 0.528
94.760 4 0.175 0.100 0.416 0.528
94.800 4 0.177 0.100 0.416 0.528
94.840 4 0.177 0.100 0.417 0.528
94.880 4 0.177 0.100 0.417 0.531
94.920 4 0.177 0.100 0.419 0.531
94.960 4 0.178 0.100 0.419 0.533
95.000 4 0.177 0.122 0.417 0.553
95.040 4 0.181 0.119 0.417 0.544
95.080 4 0.181 0.122 0.420 0.550
95.120 4 0.180 0.122 0.427 0.561
95.160 4 0.175 0.125 0.420 0.564
95.200 4 0.177 0.128 0.423 0.567
95.240 4 0.178 0.128 0.427 0.572
95.280 4 0.175 0.131 0.422 0.572
95.320 4 0.181 0.131 0.430 0.575
95.360 4 0.172 0.128 0.425 0.581
95.400 4 0.178 0.131 0.428 0.581
95.440 4 0.172 0.131 0.422 0.581
95.480 4 0.175 0.133 0.427 0.583
95.520 4 0.175 0.139 0.422 0.578
95.560 4 0.175 0.139 0.420 0.578
95.600 4 0.175 0.139 0.420 0.578
95.640 4 0.175 0.139 0.420 0.578
95.680 4 0.175 0.139 0.420 0.578
95.720 4 0.169 0.133 0.420 0.583
95.760 4 0.173 0.136 0.423 0.583
95.800 4 0.175 0.139 0.420 0.578
95.840 4 0.170 0.136 0.420 0.581
95.880 4 0.177 0.142 0.420 0.578
95.920 4 0.175 0.139 0.419 0.575
95.960 4 0.173 0.133 0.419 0.572
96.000 4 0.177 0.122 0.417 0.553
96.040 4 0.178 0.114 0.417 0.542
96.080 4 0.181 0.114 0.416 0.533
96.120 4 0.183 0.111 0.416 0.531
96.160 4 0.184 0.111 0.416 0.525
96.200 4 0.186 0.111 0.417 0.522
96.240 4 0.186 0.106 0.419 0.522
96.280 4 0.189 0.108 0.419 0.519
96.320 4 0.191 0.106 0.423 0.522
96.360 4 0.186 0.106 0.420 0.522
96.400 4 0.191 0.108 0.423 0.525
96.440 4 0.184 0.108 0.417 0.528
96.480 4 0.189 0.111 0.422 0.528
96.520 4 0.183 0.117 0.416 0.531
96.560 4 0.184 0.114 0.422 0.539
96.600 4 0.180 0.119 0.416 0.542
96.640 4 0.180 0.114 0.423 0.553
96.680 4 0.177 0.122 0.414 0.547
96.720 4 0.177 0.119 0.422 0.558
96.760 4 0.175 0.128 0.411 0.553
96.800 4 0.175 0.128 0.416 0.556
96.840 4 0.175 0.125 0.416 0.558
96.880 4 0.175 0.125 0.417 0.558
96.920 4 0.175 0.128 0.417 0.558
96.960 4 0.177 0.122 0.420 0.561
97.000 4 0.177 0.122 0.417 0.553
97.040 4 0.177 0.125 0.419 0.556
97.080 4 0.177 0.122 0.417 0.553
97.120 4 0.177 0.119 0.417 0.550
97.160 4 0.181 0.119 0.419 0.542
97.200 4 0.178 0.119 0.411 0.533
97.240 4 0.181 0.111 0.416 0.531
97.280 4 0.177 0.103 0.416 0.531
97.320 4 0.180 0.094 0.425 0.533
97.360 4 0.172 0.089 0.416 0.528
97.400 4 0.184 0.097 0.422 0.525
97.440 4 0.175 0.094 0.412 0.519
97.480 4 0.184 0.100 0.417 0.519
97.520 4 0.184 0.108 0.412 0.514
97.560 4 0.184 0.108 0.414 0.519
97.600 4 0.184 0.106 0.419 0.525
97.640 4 0.181 0.114 0.411 0.522
97.680 4 0.181 0.106 0.420 0.533
97.720 4 0.180 0.114 0.411 0.528
97.760 4 0.181 0.111 0.419 0.536
97.800 4 0.178 0.119 0.409 0.533
97.840 4 0.177 0.114 0.419 0.547
97.880 4 0.177 0.122 0.409 0.542
97.920 4 0.177 0.119 0.414 0.544
97.960 4 0.173 0.119 0.412 0.544
98.000 4 0.177 0.122 0.417 0.553
98.040 4 0.177 0.122 0.423 0.561
98.080 4 0.175 0.122 0.420 0.561
98.120 4 0.178 0.122 0.423 0.561
98.160 4 0.178 0.119 0.427 0.564
98.200 4 0.175 0.117 0.423 0.561
98.240 4 0.180 0.117 0.427 0.558
98.280 4 0.181 0.119 0.419 0.544
98.320 4 0.186 0.114 0.427 0.544
98.360 4 0.181 0.111 0.417 0.533
98.400 4 0.186 0.100 0.425 0.528
98.440 4 0.180 0.100 0.417 0.522
98.480 4 0.188 0.097 0.422 0.519
98.520 4 0.183 0.100 0.416 0.517
98.560 4 0.189 0.106 0.420 0.519
98.600 4 0.188 0.114 0.416 0.522
98.640 4 0.189 0.114 0.422 0.531
98.680 4 0.181 0.114 0.416 0.533
98.720 4 0.188 0.114 0.427 0.542
98.760 4 0.181 0.114 0.419 0.539
98.800 4 0.184 0.111 0.427 0.544
98.840 4 0.180 0.119 0.414 0.539
98.880 4 0.184 0.117 0.420 0.542
98.920 4 0.178 0.119 0.411 0.536
98.960 4 0.178 0.117 0.419 0.544
99.000 4 0.177 0.122 0.417 0.553
99.040 4 0.172 0.125 0.402 0.539
99.080 4 0.169 0.125 0.403 0.544
99.120 4 0.169 0.128 0.402 0.542
99.160 4 0.166 0.122 0.403 0.550
99.200 4 0.164 0.128 0.400 0.547
99.240 4 0.170 0.128 0.405 0.547
99.280 4 0.169 0.131 0.398 0.542
99.320 4 0.166 0.125 0.405 0.553
99.360 4 0.166 0.125 0.406 0.553
99.400 4 0.167 0.125 0.406 0.550
99.440 4 0.167 0.122 0.406 0.550
99.480 4 0.170 0.125 0.406 0.547
99.520 4 0.170 0.125 0.408 0.550
99.560 4 0.167 0.122 0.406 0.550
99.600 4 0.173 0.122 0.412 0.550
99.640 4 0.166 0.122 0.405 0.550
99.680 4 0.172 0.122 0.411 0.550
99.720 4 0.172 0.125 0.405 0.542
99.760 4 0.177 0.122 0.411 0.542
99.800 4 0.173 0.122 0.405 0.536
99.840 4 0.180 0.119 0.412 0.536
99.880 4 0.178 0.119 0.412 0.536
99.920 4 0.181 0.119 0.416 0.539
99.960 4 0.181 0.119 0.422 0.550
100.000 4 0.177 0.122 0.417 0.553
100.040 4 0.184 0.131 0.430 0.569
100.080 4 0.184 0.144 0.428 0.578
100.120 4 0.173 0.136 0.423 0.583
100.160 4 0.181 0.136 0.433 0.586
100.200 4 0.166 0.122 0.420 0.581
100.240 4 0.178 0.128 0.419 0.558
100.280 4 0.178 0.125 0.414 0.547
100.320 4 0.178 0.119 0.412 0.539
100.360 4 0.180 0.117 0.412 0.531
100.400 4 0.180 0.111 0.417 0.533
100.440 4 0.177 0.108 0.416 0.536
100.480 4 0.183 0.114 0.417 0.536
100.520 4 0.175 0.111 0.414 0.539
100.560 4 0.180 0.119 0.416 0.542
100.600 4 0.173 0.117 0.412 0.544
100.640 4 0.178 0.117 0.417 0.544
100.680 4 0.175 0.119 0.409 0.542
100.720 4 0.178 0.122 0.414 0.544
100.760 4 0.177 0.119 0.409 0.539
100.800 4 0.177 0.122 0.405 0.533
100.840 4 0.180 0.131 0.406 0.533
100.880 4 0.173 0.125 0.405 0.536
100.920 4 0.173 0.122 0.408 0.539
100.960 4 0.170 0.122 0.408 0.544
101.000 4 0.177 0.122 0.417 0.553
101.040 4 0.180 0.125 0.417 0.550
101.080 4 0.175 0.125 0.411 0.547
101.120 4 0.183 0.131 0.416 0.547
101.160 4 0.173 0.128 0.408 0.544
101.200 4 0.183 0.131 0.416 0.547
101.240 4 0.173 0.125 0.408 0.544
101.280 4 0.178 0.119 0.417 0.547
101.320 4 0.178 0.114 0.417 0.539
101.360 4 0.183 0.103 0.417 0.525
101.400 4 0.188 0.100 0.419 0.511
101.440 4 0.195 0.094 0.427 0.508
101.480 4 0.197 0.092 0.430 0.511
101.520 4 0.198 0.094 0.433 0.517
101.560 4 0.197 0.100 0.431 0.517
101.600 4 0.194 0.100 0.428 0.522
101.640 4 0.191 0.103 0.427 0.528
101.680 4 0.188 0.108 0.427 0.536
101.720 4 0.186 0.111 0.427 0.542
101.760 4 0.186 0.119 0.425 0.547
101.800 4 0.181 0.117 0.427 0.556
101.840 4 0.181 0.125 0.422 0.556
101.880 4 0.177 0.119 0.423 0.564
101.920 4 0.178 0.125 0.420 0.558
101.960 4 0.178 0.122 0.420 0.558
102.000 4 0.177 0.122 0.417 0.553
102.040 4 0.175 0.117 0.417 0.550
102.080 4 0.173 0.111 0.417 0.547
102.120 4 0.173 0.106 0.417 0.544
102.160 4 0.184 0.114 0.417 0.528
102.200 4 0.177 0.103 0.417 0.531
102.240 4 0.178 0.117 0.405 0.522
102.280 4 0.192 0.122 0.416 0.522
102.320 4 0.180 0.119 0.412 0.536
102.360 4 0.180 0.119 0.419 0.547
102.400 4 0.180 0.122 0.420 0.553
102.440 4 0.180 0.125 0.422 0.556
102.480 4 0.180 0.125 0.422 0.558
102.520 4 0.178 0.122 0.423 0.561
102.560 4 0.178 0.125 0.420 0.558
102.600 4 0.178 0.122 0.420 0.556
109.920 5 0.717 0.633 0.833 0.842
109.960 5 0.722 0.633 0.839 0.842
110.000 5 0.719 0.633 0.836 0.842
110.040 5 0.708 0.625 0.836 0.856
110.080 5 0.705 0.625 0.833 0.853
110.120 5 0.708 0.625 0.836 0.853
110.160 5 0.706 0.625 0.833 0.853
110.200 5 0.705 0.625 0.831 0.853
110.240 5 0.708 0.625 0.834 0.853
110.280 5 0.705 0.622 0.833 0.853
110.320 5 0.708 0.625 0.834 0.853
110.360 5 0.705 0.625 0.833 0.853
110.400 5 0.705 0.625 0.831 0.853
110.440 5 0.708 0.625 0.836 0.853
110.480 5 0.703 0.625 0.831 0.853
110.520 5 0.706 0.628 0.834 0.856
110.560 5 0.705 0.628 0.833 0.856
110.600 5 0.705 0.628 0.833 0.856
110.640 5 0.708 0.631 0.833 0.856
110.680 5 0.706 0.628 0.833 0.856
110.720 5 0.706 0.631 0.833 0.858
110.760 5 0.702 0.628 0.831 0.858
110.800 5 0.705 0.628 0.834 0.861
110.840 5 0.702 0.631 0.831 0.861
110.880 5 0.705 0.631 0.834 0.861
110.920 5 0.702 0.631 0.831 0.861
110.960 5 0.705 0.631 0.833 0.861
111.000 5 0.692 0.622 0.831 0.872
111.040 5 0.694 0.625 0.830 0.869
111.080 5 0.695 0.628 0.830 0.869
111.120 5 0.692 0.625 0.828 0.869
111.160 5 0.695 0.625 0.831 0.872
111.200 5 0.691 0.625 0.828 0.872
111.240 5 0.695 0.625 0.833 0.872
111.280 5 0.691 0.625 0.830 0.872
111.320 5 0.692 0.625 0.831 0.872
111.360 5 0.688 0.625 0.828 0.875
111.400 5 0.689 0.622 0.833 0.881
111.440 5 0.688 0.622 0.828 0.875
111.480 5 0.691 0.622 0.833 0.878
111.520 5 0.688 0.619 0.830 0.878
111.560 5 0.691 0.622 0.833 0.878
111.600 5 0.688 0.622 0.830 0.878
111.640 5 0.691 0.619 0.834 0.878
111.680 5 0.688 0.619 0.833 0.881
111.720 5 0.688 0.619 0.833 0.881
111.760 5 0.691 0.619 0.833 0.875
111.800 5 0.688 0.619 0.830 0.875
111.840 5 0.691 0.619 0.833 0.875
111.880 5 0.688 0.619 0.830 0.875
111.920 5 0.688 0.619 0.830 0.875
111.960 5 0.691 0.619 0.833 0.875
112.000 5 0.692 0.622 0.831 0.872
112.040 5 0.694 0.622 0.833 0.872
112.080 5 0.692 0.622 0.831 0.872
112.120 5 0.695 0.622 0.834 0.872
112.160 5 0.691 0.622 0.830 0.872
112.200 5 0.697 0.622 0.836 0.872
112.240 5 0.692 0.622 0.831 0.872
112.280 5 0.694 0.622 0.834 0.875
112.320 5 0.692 0.622 0.831 0.872
112.360 5 0.694 0.622 0.834 0.875
112.400 5 0.689 0.622 0.828 0.872
112.440 5 0.695 0.622 0.834 0.872
112.480 5 0.691 0.622 0.828 0.869
112.520 5 0.694 0.622 0.833 0.872
112.560 5 0.692 0.622 0.830 0.872
112.600 5 0.692 0.622 0.833 0.875
112.640 5 0.691 0.622 0.830 0.872
112.680 5 0.694 0.625 0.833 0.872
112.720 5 0.689 0.622 0.828 0.872
112.760 5 0.694 0.625 0.831 0.872
112.800 5 0.691 0.625 0.828 0.872
112.840 5 0.694 0.625 0.833 0.875
112.880 5 0.691 0.625 0.830 0.875
112.920 5 0.694 0.625 0.831 0.875
112.960 5 0.692 0.625 0.831 0.872
113.000 5 0.692 0.622 0.831 0.872
113.040 5 0.694 0.625 0.833 0.875
113.080 5 0.688 0.625 0.827 0.875
113.120 5 0.692 0.625 0.830 0.872
113.160 5 0.689 0.625 0.827 0.872
113.200 5 0.692 0.625 0.833 0.878
113.240 5 0.689 0.622 0.828 0.875
113.280 5 0.694 0.622 0.834 0.875
113.320 5 0.689 0.622 0.830 0.875
113.360 5 0.692 0.622 0.833 0.875
113.400 5 0.692 0.622 0.833 0.875
113.440 5 0.694 0.619 0.834 0.875
113.480 5 0.691 0.619 0.833 0.875
113.520 5 0.691 0.619 0.834 0.875
113.560 5 0.694 0.619 0.836 0.875
113.600 5 0.691 0.619 0.833 0.875
113.640 5 0.697 0.619 0.841 0.878
113.680 5 0.689 0.617 0.833 0.875
113.720 5 0.697 0.617 0.841 0.878
113.760 5 0.691 0.617 0.833 0.875
113.800 5 0.692 0.619 0.836 0.875
113.840 5 0.694 0.619 0.836 0.875
113.880 5 0.691 0.619 0.833 0.875
113.920 5 0.694 0.619 0.836 0.875
113.960 5 0.691 0.617 0.833 0.872
114.000 5 0.692 0.622 0.831 0.872
114.040 5 0.698 0.625 0.834 0.869
114.080 5 0.703 0.619 0.838 0.861
109.920 6 0.189 0.106 0.286 0.278
109.960 6 0.189 0.106 0.286 0.278
110.000 6 0.189 0.106 0.286 0.278
110.040 6 0.191 0.106 0.289 0.278
110.080 6 0.192 0.106 0.289 0.278
110.120 6 0.194 0.103 0.291 0.278
110.160 6 0.191 0.103 0.289 0.278
110.200 6 0.194 0.106 0.291 0.275
110.240 6 0.195 0.106 0.292 0.275
110.280 6 0.195 0.103 0.294 0.278
110.320 6 0.195 0.103 0.294 0.278
110.360 6 0.195 0.103 0.294 0.275
110.400 6 0.198 0.103 0.295 0.278
110.440 6 0.197 0.106 0.294 0.275
110.480 6 0.198 0.106 0.295 0.275
110.520 6 0.195 0.103 0.294 0.275
110.560 6 0.197 0.103 0.295 0.278
110.600 6 0.197 0.103 0.295 0.275
110.640 6 0.197 0.103 0.295 0.275
110.680 6 0.198 0.103 0.297 0.275
110.720 6 0.197 0.103 0.295 0.275
110.760 6 0.197 0.103 0.297 0.278
110.800 6 0.195 0.103 0.294 0.275
110.840 6 0.198 0.103 0.297 0.278
110.880 6 0.195 0.106 0.294 0.278
110.920 6 0.197 0.103 0.295 0.278
110.960 6 0.194 0.106 0.292 0.278
111.000 6 0.198 0.106 0.297 0.278
111.040 6 0.197 0.097 0.295 0.269
111.080 6 0.197 0.097 0.297 0.269
111.120 6 0.197 0.097 0.295 0.269
111.160 6 0.198 0.097 0.297 0.269
111.200 6 0.197 0.097 0.297 0.269
111.240 6 0.197 0.097 0.295 0.272
111.280 6 0.198 0.097 0.297 0.269
111.320 6 0.197 0.097 0.297 0.269
111.360 6 0.197 0.097 0.295 0.269
111.400 6 0.198 0.097 0.297 0.269
111.440 6 0.198 0.097 0.297 0.269
111.480 6 0.200 0.097 0.297 0.264
111.520 6 0.200 0.094 0.298 0.267
111.560 6 0.197 0.094 0.295 0.267
111.600 6 0.202 0.094 0.300 0.267
111.640 6 0.198 0.094 0.297 0.267
111.680 6 0.200 0.094 0.298 0.267
111.720 6 0.198 0.094 0.297 0.267
111.760 6 0.200 0.094 0.298 0.267
111.800 6 0.197 0.094 0.297 0.269
111.840 6 0.198 0.092 0.298 0.267
111.880 6 0.198 0.092 0.298 0.269
111.920 6 0.198 0.094 0.298 0.267
111.960 6 0.198 0.092 0.298 0.267
112.000 6 0.198 0.086 0.297 0.258
112.040 6 0.198 0.086 0.295 0.256
112.080 6 0.198 0.086 0.297 0.258
112.120 6 0.198 0.086 0.298 0.258
112.160 6 0.198 0.086 0.298 0.261
112.200 6 0.200 0.086 0.297 0.258
112.240 6 0.200 0.086 0.297 0.258
112.280 6 0.198 0.086 0.298 0.261
112.320 6 0.198 0.086 0.297 0.258
112.360 6 0.198 0.086 0.297 0.258
112.400 6 0.198 0.086 0.297 0.258
112.440 6 0.198 0.086 0.297 0.258
112.480 6 0.198 0.086 0.297 0.258
112.520 6 0.197 0.086 0.297 0.261
112.560 6 0.198 0.089 0.295 0.258
112.600 6 0.198 0.089 0.295 0.256
112.640 6 0.198 0.086 0.297 0.258
112.680 6 0.198 0.086 0.295 0.256
112.720 6 0.197 0.086 0.295 0.258
112.760 6 0.197 0.086 0.295 0.258
112.800 6 0.198 0.086 0.295 0.258
112.840 6 0.197 0.086 0.295 0.258
112.880 6 0.198 0.086 0.297 0.258
112.920 6 0.198 0.086 0.295 0.256
112.960 6 0.197 0.086 0.295 0.258
113.000 6 0.198 0.086 0.297 0.258
113.040 6 0.197 0.086 0.295 0.258
113.080 6 0.198 0.086 0.297 0.258
113.120 6 0.195 0.086 0.295 0.258
113.160 6 0.198 0.086 0.297 0.258
113.200 6 0.197 0.086 0.295 0.258
113.240 6 0.200 0.089 0.297 0.258
113.280 6 0.197 0.089 0.294 0.258
113.320 6 0.198 0.089 0.295 0.258
113.360 6 0.198 0.086 0.297 0.258
113.400 6 0.200 0.086 0.297 0.258
113.440 6 0.202 0.089 0.298 0.258
113.480 6 0.197 0.086 0.294 0.258
113.520 6 0.200 0.086 0.298 0.256
113.560 6 0.198 0.086 0.297 0.256
113.600 6 0.200 0.086 0.298 0.258
113.640 6 0.200 0.086 0.298 0.258
113.680 6 0.202 0.086 0.300 0.258
113.720 6 0.202 0.083 0.300 0.258
113.760 6 0.202 0.086 0.298 0.258
113.800 6 0.200 0.086 0.298 0.258
113.840 6 0.200 0.086 0.298 0.258
113.880 6 0.200 0.086 0.298 0.258
113.920 6 0.200 0.086 0.300 0.258
113.960 6 0.198 0.086 0.297 0.258
114.000 6 0.198 0.086 0.297 0.258
114.040 6 0.195 0.086 0.294 0.258
114.080 6 0.198 0.086 0.297 0.258
114.120 6 0.195 0.086 0.294 0.258
109.920 7 0.298 0.144 0.395 0.317
109.960 7 0.294 0.144 0.391 0.317
110.000 7 0.297 0.144 0.394 0.317
110.040 7 0.298 0.139 0.395 0.311
110.080 7 0.297 0.139 0.392 0.311
110.120 7 0.298 0.139 0.397 0.311
110.160 7 0.297 0.136 0.394 0.308
110.200 7 0.300 0.136 0.398 0.311
110.240 7 0.298 0.133 0.398 0.308
110.280 7 0.302 0.133 0.400 0.308
110.320 7 0.300 0.131 0.400 0.308
110.360 7 0.303 0.131 0.403 0.308
110.400 7 0.302 0.131 0.402 0.306
110.440 7 0.305 0.128 0.405 0.306
110.480 7 0.303 0.128 0.403 0.306
110.520 7 0.303 0.128 0.403 0.306
110.560 7 0.306 0.131 0.405 0.303
110.600 7 0.308 0.128 0.406 0.303
110.640 7 0.305 0.128 0.405 0.303
110.680 7 0.308 0.125 0.408 0.306
110.720 7 0.305 0.125 0.406 0.306
110.760 7 0.305 0.125 0.406 0.306
110.800 7 0.306 0.125 0.409 0.306
110.840 7 0.306 0.125 0.408 0.308
110.880 7 0.306 0.125 0.408 0.306
110.920 7 0.306 0.125 0.408 0.306
110.960 7 0.305 0.125 0.406 0.306
111.000 7 0.308 0.125 0.405 0.297
111.040 7 0.306 0.125 0.405 0.300
111.080 7 0.308 0.125 0.405 0.297
111.120 7 0.306 0.125 0.403 0.300
111.160 7 0.308 0.125 0.406 0.300
111.200 7 0.306 0.125 0.405 0.300
111.240 7 0.308 0.125 0.408 0.303
111.280 7 0.308 0.125 0.405 0.300
111.320 7 0.308 0.128 0.405 0.300
111.360 7 0.306 0.128 0.402 0.297
111.400 7 0.306 0.128 0.403 0.300
111.440 7 0.309 0.128 0.405 0.297
111.480 7 0.308 0.128 0.403 0.297
111.520 7 0.309 0.125 0.406 0.297
111.560 7 0.306 0.125 0.403 0.297
111.600 7 0.309 0.125 0.405 0.294
111.640 7 0.309 0.125 0.406 0.297
111.680 7 0.308 0.125 0.405 0.297
111.720 7 0.306 0.125 0.403 0.294
111.760 7 0.309 0.125 0.405 0.294
111.800 7 0.306 0.122 0.405 0.300
111.840 7 0.308 0.125 0.405 0.297
111.880 7 0.306 0.122 0.405 0.294
111.920 7 0.306 0.122 0.405 0.297
111.960 7 0.309 0.125 0.406 0.297
112.000 7 0.308 0.125 0.405 0.297
112.040 7 0.309 0.122 0.409 0.300
112.080 7 0.305 0.122 0.403 0.300
112.120 7 0.309 0.122 0.408 0.300
112.160 7 0.305 0.122 0.403 0.297
112.200 7 0.311 0.122 0.408 0.297
112.240 7 0.308 0.125 0.403 0.294
112.280 7 0.309 0.125 0.406 0.297
112.320 7 0.309 0.125 0.403 0.294
112.360 7 0.308 0.125 0.405 0.297
112.400 7 0.308 0.125 0.405 0.297
112.440 7 0.308 0.125 0.405 0.297
112.480 7 0.308 0.125 0.406 0.297
112.520 7 0.308 0.122 0.406 0.297
112.560 7 0.309 0.125 0.406 0.297
112.600 7 0.308 0.125 0.405 0.297
112.640 7 0.305 0.122 0.405 0.300
112.680 7 0.308 0.122 0.406 0.297
112.720 7 0.305 0.122 0.403 0.300
112.760 7 0.308 0.125 0.406 0.300
112.800 7 0.306 0.125 0.405 0.300
112.840 7 0.308 0.125 0.406 0.300
112.880 7 0.306 0.125 0.403 0.297
112.920 7 0.308 0.125 0.405 0.297
112.960 7 0.308 0.125 0.405 0.297
113.000 7 0.308 0.125 0.405 0.297
113.040 7 0.308 0.136 0.405 0.308
113.080 7 0.308 0.136 0.405 0.308
113.120 7 0.309 0.136 0.405 0.308
113.160 7 0.308 0.136 0.405 0.308
113.200 7 0.309 0.136 0.405 0.308
113.240 7 0.306 0.136 0.406 0.311
113.280 7 0.309 0.136 0.406 0.308
113.320 7 0.309 0.133 0.406 0.306
113.360 7 0.312 0.133 0.409 0.306
113.400 7 0.314 0.133 0.411 0.306
113.440 7 0.317 0.133 0.414 0.306
113.480 7 0.314 0.133 0.411 0.303
113.520 7 0.319 0.133 0.416 0.303
113.560 7 0.317 0.133 0.414 0.303
113.600 7 0.319 0.133 0.416 0.303
113.640 7 0.320 0.133 0.417 0.303
113.680 7 0.320 0.133 0.416 0.303
113.720 7 0.322 0.133 0.419 0.303
113.760 7 0.319 0.133 0.414 0.303
113.800 7 0.320 0.133 0.416 0.303
113.840 7 0.319 0.136 0.414 0.306
113.880 7 0.320 0.136 0.416 0.306
113.920 7 0.319 0.136 0.414 0.306
113.960 7 0.319 0.136 0.416 0.306
114.000 7 0.319 0.144 0.416 0.317
114.040 7 0.319 0.144 0.416 0.317
114.080 7 0.319 0.144 0.416 0.317
114.120 7 0.319 0.144 0.416 0.317
109.920 8 0.539 0.081 0.656 0.286
109.960 8 0.541 0.081 0.659 0.289
110.000 8 0.537 0.081 0.655 0.289
110.040 8 0.536 0.081 0.652 0.286
110.080 8 0.534 0.081 0.652 0.286
110.120 8 0.533 0.081 0.650 0.289
110.160 8 0.531 0.081 0.648 0.289
110.200 8 0.531 0.081 0.648 0.289
110.240 8 0.531 0.081 0.650 0.289
110.280 8 0.528 0.078 0.648 0.292
110.320 8 0.528 0.081 0.647 0.292
110.360 8 0.528 0.081 0.647 0.292
110.400 8 0.528 0.081 0.647 0.292
110.440 8 0.530 0.083 0.648 0.292
110.480 8 0.527 0.081 0.647 0.292
110.520 8 0.530 0.081 0.648 0.292
110.560 8 0.531 0.083 0.648 0.292
110.600 8 0.531 0.081 0.650 0.292
110.640 8 0.530 0.081 0.650 0.292
110.680 8 0.534 0.081 0.653 0.292
110.720 8 0.533 0.081 0.652 0.292
110.760 8 0.536 0.081 0.653 0.292
110.800 8 0.537 0.083 0.653 0.289
110.840 8 0.533 0.081 0.650 0.292
110.880 8 0.539 0.083 0.656 0.292
110.920 8 0.534 0.081 0.653 0.292
110.960 8 0.537 0.081 0.655 0.292
111.000 8 0.537 0.081 0.655 0.289
111.040 8 0.542 0.083 0.650 0.275
111.080 8 0.545 0.083 0.653 0.272
111.120 8 0.542 0.083 0.650 0.272
111.160 8 0.544 0.081 0.652 0.272
111.200 8 0.545 0.083 0.652 0.272
111.240 8 0.544 0.083 0.652 0.272
111.280 8 0.545 0.083 0.653 0.272
111.320 8 0.542 0.081 0.650 0.272
111.360 8 0.542 0.081 0.650 0.272
111.400 8 0.544 0.081 0.652 0.272
111.440 8 0.541 0.081 0.648 0.272
111.480 8 0.544 0.081 0.652 0.272
111.520 8 0.541 0.081 0.647 0.269
111.560 8 0.539 0.081 0.647 0.272
111.600 8 0.542 0.081 0.648 0.272
111.640 8 0.539 0.081 0.645 0.269
111.680 8 0.541 0.081 0.647 0.272
111.720 8 0.536 0.081 0.644 0.272
111.760 8 0.539 0.081 0.647 0.272
111.800 8 0.536 0.081 0.645 0.272
111.840 8 0.537 0.081 0.647 0.272
111.880 8 0.536 0.078 0.645 0.272
111.920 8 0.537 0.081 0.645 0.272
111.960 8 0.539 0.081 0.645 0.272
112.000 8 0.545 0.086 0.642 0.258
112.040 8 0.536 0.081 0.642 0.269
112.080 8 0.541 0.081 0.647 0.269
112.120 8 0.539 0.081 0.645 0.269
112.160 8 0.542 0.083 0.647 0.269
112.200 8 0.539 0.083 0.645 0.272
112.240 8 0.541 0.081 0.648 0.272
112.280 8 0.541 0.083 0.647 0.272
112.320 8 0.541 0.083 0.647 0.272
112.360 8 0.541 0.083 0.648 0.275
112.400 8 0.541 0.086 0.648 0.275
112.440 8 0.539 0.083 0.647 0.275
112.480 8 0.542 0.083 0.650 0.275
112.520 8 0.541 0.083 0.648 0.275
112.560 8 0.541 0.086 0.648 0.275
112.600 8 0.541 0.083 0.648 0.275
112.640 8 0.541 0.083 0.648 0.278
112.680 8 0.541 0.083 0.650 0.278
112.720 8 0.542 0.086 0.650 0.278
112.760 8 0.544 0.086 0.650 0.278
112.800 8 0.542 0.083 0.652 0.278
112.840 8 0.542 0.086 0.650 0.278
112.880 8 0.544 0.086 0.652 0.278
112.920 8 0.544 0.086 0.652 0.278
112.960 8 0.545 0.086 0.653 0.278
113.000 8 0.537 0.081 0.655 0.289
113.040 8 0.536 0.081 0.653 0.289
113.080 8 0.537 0.081 0.655 0.289
113.120 8 0.536 0.081 0.652 0.289
113.160 8 0.537 0.081 0.655 0.289
113.200 8 0.536 0.081 0.653 0.289
113.240 8 0.536 0.081 0.653 0.289
113.280 8 0.534 0.081 0.652 0.289
113.320 8 0.536 0.081 0.653 0.289
113.360 8 0.534 0.078 0.653 0.289
113.400 8 0.539 0.081 0.656 0.286
113.440 8 0.533 0.078 0.650 0.286
113.480 8 0.537 0.081 0.655 0.289
113.520 8 0.534 0.078 0.652 0.286
113.560 8 0.537 0.081 0.653 0.286
113.600 8 0.537 0.078 0.655 0.286
113.640 8 0.536 0.078 0.653 0.286
113.680 8 0.539 0.078 0.655 0.286
113.720 8 0.539 0.078 0.656 0.286
113.760 8 0.537 0.081 0.656 0.289
113.800 8 0.537 0.081 0.655 0.289
113.840 8 0.539 0.081 0.656 0.289
113.880 8 0.536 0.081 0.653 0.289
113.920 8 0.537 0.081 0.655 0.289
113.960 8 0.537 0.081 0.655 0.289
114.000 8 0.537 0.081 0.655 0.289
114.040 8 0.542 0.083 0.658 0.289
114.080 8 0.541 0.081 0.658 0.289
114.120 8 0.547 0.081 0.666 0.289
114.160 9 0.086 0.431 0.142 0.528
114.200 9 0.087 0.431 0.144 0.528
114.240 9 0.087 0.428 0.144 0.528
114.280 9 0.089 0.431 0.145 0.528
114.320 9 0.091 0.431 0.145 0.528
114.360 9 0.089 0.431 0.144 0.528
114.400 9 0.089 0.431 0.145 0.528
114.440 9 0.091 0.431 0.145 0.528
114.480 9 0.089 0.431 0.145 0.528
114.520 9 0.089 0.431 0.144 0.528
114.560 9 0.089 0.431 0.145 0.528
114.600 9 0.091 0.433 0.145 0.528
114.640 9 0.089 0.431 0.144 0.528
114.680 9 0.092 0.431 0.145 0.528
114.720 9 0.087 0.428 0.144 0.528
114.760 9 0.089 0.428 0.145 0.528
114.800 9 0.087 0.428 0.144 0.528
114.840 9 0.089 0.428 0.145 0.528
114.880 9 0.089 0.428 0.145 0.528
114.920 9 0.089 0.428 0.145 0.528
114.960 9 0.089 0.428 0.145 0.528
115.000 9 0.089 0.428 0.145 0.528
115.040 9 0.091 0.428 0.147 0.528
115.080 9 0.089 0.431 0.144 0.528
115.120 9 0.091 0.428 0.147 0.528
115.160 9 0.089 0.431 0.144 0.528
115.200 9 0.092 0.433 0.145 0.528
115.240 9 0.089 0.428 0.144 0.528
115.280 9 0.092 0.428 0.148 0.528
115.320 9 0.091 0.431 0.145 0.528
115.360 9 0.091 0.428 0.148 0.528
115.400 9 0.091 0.428 0.147 0.528
115.440 9 0.092 0.428 0.148 0.528
115.480 9 0.089 0.428 0.145 0.525
115.520 9 0.091 0.425 0.148 0.528
115.560 9 0.091 0.425 0.147 0.525
114.160 10 0.945 0.206 1.002 0.306
114.200 10 0.945 0.206 1.002 0.306
114.240 10 0.945 0.206 1.002 0.306
114.280 10 0.945 0.206 1.003 0.306
114.320 10 0.944 0.206 1.003 0.308
114.360 10 0.945 0.206 1.005 0.308
114.400 10 0.942 0.203 1.002 0.308
114.440 10 0.947 0.206 1.005 0.308
114.480 10 0.945 0.206 1.002 0.306
114.520 10 0.945 0.206 1.002 0.306
114.560 10 0.945 0.206 1.002 0.306
114.600 10 0.945 0.206 1.002 0.306
114.640 10 0.945 0.206 1.002 0.306
114.680 10 0.945 0.206 1.002 0.306
114.720 10 0.945 0.206 1.002 0.306
114.760 10 0.945 0.206 1.002 0.306
114.800 10 0.945 0.206 1.002 0.306
114.840 10 0.945 0.206 1.002 0.306
114.880 10 0.945 0.206 1.002 0.306
114.920 10 0.945 0.206 1.002 0.306
114.960 10 0.945 0.206 1.002 0.306
115.000 10 0.945 0.206 1.002 0.306
115.040 10 0.945 0.211 1.002 0.311
115.080 10 0.944 0.211 0.998 0.311
115.120 10 0.947 0.214 1.002 0.311
115.160 10 0.942 0.211 0.998 0.311
115.200 10 0.945 0.214 1.002 0.311
115.240 10 0.944 0.211 1.000 0.311
115.280 10 0.945 0.211 1.002 0.311
115.320 10 0.944 0.211 1.000 0.311
115.360 10 0.945 0.214 1.000 0.311
115.400 10 0.945 0.211 1.000 0.308
115.440 10 0.947 0.214 1.000 0.308
115.480 10 0.945 0.211 1.000 0.308
115.520 10 0.947 0.214 1.002 0.308
115.560 10 0.945 0.211 1.000 0.308
115.600 10 0.947 0.211 1.002 0.308
115.640 10 0.947 0.211 1.002 0.308
115.680 10 0.947 0.211 1.002 0.308
115.720 10 0.947 0.211 1.002 0.308
115.760 10 0.948 0.211 1.003 0.308
115.800 10 0.945 0.211 1.000 0.308
115.840 10 0.948 0.214 1.003 0.308
115.880 10 0.945 0.211 1.000 0.308
115.920 10 0.948 0.211 1.003 0.311
115.960 10 0.945 0.211 1.002 0.311
116.000 10 0.945 0.217 1.002 0.317
116.040 10 0.944 0.217 1.000 0.317
116.080 10 0.945 0.217 1.002 0.317
116.120 10 0.941 0.217 0.998 0.317
116.160 10 0.939 0.219 0.995 0.319
116.200 10 0.934 0.222 0.991 0.322
116.240 10 0.928 0.222 0.984 0.322
114.160 11 0.242 0.453 0.298 0.550
114.200 11 0.245 0.453 0.302 0.553
114.240 11 0.244 0.453 0.298 0.550
114.280 11 0.245 0.453 0.300 0.550
114.320 11 0.247 0.453 0.303 0.553
114.360 11 0.244 0.453 0.300 0.553
114.400 11 0.245 0.453 0.302 0.553
114.440 11 0.244 0.453 0.300 0.553
114.480 11 0.245 0.453 0.302 0.553
114.520 11 0.244 0.453 0.300 0.553
114.560 11 0.245 0.450 0.302 0.553
114.600 11 0.245 0.450 0.302 0.553
114.640 11 0.245 0.450 0.302 0.553
114.680 11 0.245 0.450 0.302 0.553
114.720 11 0.245 0.453 0.302 0.553
114.760 11 0.245 0.450 0.302 0.553
114.800 11 0.245 0.450 0.302 0.553
114.840 11 0.245 0.450 0.302 0.553
114.880 11 0.245 0.450 0.302 0.550
114.920 11 0.245 0.450 0.302 0.550
114.960 11 0.245 0.450 0.302 0.550
115.000 11 0.245 0.450 0.302 0.550
115.040 11 0.244 0.450 0.300 0.550
115.080 11 0.245 0.450 0.300 0.550
115.120 11 0.244 0.450 0.298 0.550
115.160 11 0.245 0.453 0.302 0.553
115.200 11 0.244 0.450 0.300 0.550
115.240 11 0.244 0.450 0.300 0.550
115.280 11 0.244 0.450 0.300 0.550
115.320 11 0.242 0.447 0.298 0.550
115.360 11 0.241 0.447 0.297 0.550
115.400 11 0.242 0.447 0.300 0.550
115.440 11 0.239 0.447 0.297 0.550
115.480 11 0.241 0.447 0.298 0.547
115.520 11 0.239 0.447 0.295 0.547
115.560 11 0.241 0.447 0.297 0.547
115.600 11 0.237 0.444 0.294 0.547
115.640 11 0.239 0.444 0.297 0.547
115.680 11 0.236 0.444 0.294 0.547
115.720 11 0.236 0.447 0.294 0.547
115.760 11 0.234 0.444 0.292 0.547
115.800 11 0.234 0.447 0.292 0.547
115.840 11 0.234 0.447 0.291 0.547
115.880 11 0.233 0.447 0.289 0.547
115.920 11 0.233 0.447 0.289 0.547
115.960 11 0.231 0.447 0.287 0.547
116.000 11 0.230 0.447 0.286 0.547
116.040 11 0.230 0.447 0.286 0.547
116.080 11 0.228 0.447 0.284 0.544
116.120 11 0.227 0.447 0.283 0.547
116.160 11 0.228 0.447 0.284 0.547
116.200 11 0.227 0.447 0.281 0.547
116.240 11 0.227 0.447 0.281 0.547
116.360 11 0.220 0.447 0.287 0.567
116.400 11 0.219 0.447 0.286 0.567
116.440 11 0.217 0.447 0.284 0.567
116.480 11 0.217 0.447 0.284 0.567
116.520 11 0.219 0.447 0.286 0.567
116.560 11 0.216 0.447 0.283 0.567
116.600 11 0.217 0.447 0.284 0.567
116.640 11 0.217 0.447 0.284 0.567
116.680 11 0.216 0.447 0.284 0.567
116.720 11 0.216 0.447 0.283 0.567
116.760 11 0.217 0.447 0.284 0.567
116.800 11 0.214 0.447 0.281 0.567
116.840 11 0.214 0.447 0.281 0.567
116.880 11 0.214 0.447 0.281 0.567
116.920 11 0.214 0.447 0.280 0.567
116.960 11 0.214 0.447 0.281 0.567
117.000 11 0.212 0.447 0.280 0.567
117.040 11 0.211 0.447 0.277 0.564
117.080 11 0.212 0.450 0.280 0.567
117.120 11 0.211 0.447 0.278 0.567
117.160 11 0.211 0.447 0.278 0.567
117.560 11 0.211 0.447 0.267 0.547
117.600 11 0.211 0.447 0.269 0.547
117.640 11 0.212 0.447 0.269 0.547
117.680 11 0.211 0.447 0.269 0.550
117.720 11 0.214 0.450 0.269 0.547
117.760 11 0.214 0.453 0.267 0.550
117.800 11 0.211 0.450 0.266 0.550
117.840 11 0.212 0.450 0.269 0.550
117.880 11 0.212 0.450 0.267 0.547
117.920 11 0.214 0.447 0.270 0.550
117.960 11 0.214 0.450 0.270 0.550
118.000 11 0.214 0.450 0.270 0.550
118.040 11 0.214 0.450 0.270 0.550
118.080 11 0.214 0.450 0.270 0.550
118.120 11 0.214 0.450 0.270 0.550
118.160 11 0.214 0.450 0.270 0.550
118.200 11 0.216 0.450 0.272 0.550
118.240 11 0.216 0.450 0.272 0.550
118.280 11 0.216 0.450 0.272 0.550
118.320 11 0.216 0.450 0.272 0.553
118.360 11 0.216 0.450 0.272 0.553
114.160 12 0.283 0.306 0.342 0.408
114.200 12 0.287 0.306 0.345 0.408
114.240 12 0.284 0.306 0.342 0.408
114.280 12 0.289 0.306 0.345 0.408
114.320 12 0.287 0.306 0.344 0.408
114.360 12 0.286 0.306 0.345 0.411
114.400 12 0.284 0.306 0.344 0.408
114.440 12 0.287 0.306 0.347 0.408
114.480 12 0.284 0.303 0.342 0.408
114.520 12 0.287 0.306 0.347 0.408
114.560 12 0.287 0.306 0.344 0.408
114.600 12 0.289 0.306 0.347 0.408
114.640 12 0.286 0.306 0.344 0.406
114.680 12 0.289 0.306 0.345 0.406
114.720 12 0.289 0.306 0.345 0.406
114.760 12 0.289 0.306 0.345 0.406
114.800 12 0.289 0.306 0.345 0.406
114.840 12 0.289 0.306 0.345 0.406
114.880 12 0.289 0.306 0.345 0.406
114.920 12 0.289 0.308 0.344 0.403
114.960 12 0.287 0.306 0.344 0.406
115.000 12 0.289 0.306 0.345 0.406
115.040 12 0.292 0.306 0.348 0.406
115.080 12 0.291 0.306 0.347 0.408
115.120 12 0.291 0.306 0.348 0.406
115.160 12 0.292 0.306 0.348 0.406
115.200 12 0.291 0.306 0.347 0.406
115.240 12 0.292 0.306 0.348 0.406
115.280 12 0.292 0.306 0.348 0.406
115.320 12 0.292 0.306 0.348 0.406
115.360 12 0.292 0.306 0.350 0.406
115.400 12 0.291 0.306 0.348 0.406
115.440 12 0.294 0.306 0.350 0.406
115.480 12 0.292 0.303 0.348 0.406
115.520 12 0.294 0.306 0.352 0.406
115.560 12 0.291 0.303 0.348 0.406
115.600 12 0.295 0.306 0.352 0.406
115.640 12 0.292 0.303 0.350 0.403
115.680 12 0.294 0.303 0.352 0.406
115.720 12 0.292 0.303 0.350 0.406
115.760 12 0.294 0.303 0.352 0.406
115.800 12 0.292 0.303 0.350 0.406
115.840 12 0.294 0.303 0.352 0.406
115.880 12 0.292 0.303 0.348 0.406
115.920 12 0.294 0.306 0.350 0.406
115.960 12 0.292 0.306 0.348 0.406
116.000 12 0.295 0.306 0.352 0.406
116.040 12 0.292 0.306 0.348 0.406
116.080 12 0.294 0.306 0.350 0.406
116.120 12 0.292 0.306 0.348 0.406
116.160 12 0.294 0.306 0.350 0.406
116.200 12 0.292 0.306 0.348 0.406
116.240 12 0.294 0.306 0.350 0.406
116.280 12 0.292 0.306 0.348 0.406
116.320 12 0.292 0.306 0.348 0.406
116.360 12 0.291 0.306 0.347 0.406
116.400 12 0.292 0.306 0.348 0.406
116.440 12 0.291 0.306 0.348 0.408
116.480 12 0.291 0.306 0.347 0.406
116.520 12 0.292 0.306 0.348 0.406
116.560 12 0.291 0.306 0.347 0.406
116.600 12 0.291 0.306 0.347 0.406
116.640 12 0.291 0.306 0.347 0.406
116.680 12 0.291 0.306 0.347 0.406
116.720 12 0.291 0.306 0.347 0.406
116.760 12 0.292 0.306 0.348 0.406
116.800 12 0.291 0.306 0.347 0.406
116.840 12 0.291 0.306 0.347 0.408
116.880 12 0.291 0.306 0.347 0.408
116.920 12 0.291 0.306 0.347 0.406
116.960 12 0.291 0.306 0.347 0.406
117.000 12 0.289 0.306 0.345 0.406
117.040 12 0.292 0.306 0.348 0.406
117.080 12 0.291 0.306 0.347 0.406
117.120 12 0.292 0.306 0.350 0.406
117.160 12 0.292 0.306 0.348 0.406
117.200 12 0.292 0.306 0.350 0.406
117.240 12 0.292 0.306 0.348 0.406
117.280 12 0.294 0.303 0.350 0.403
117.320 12 0.294 0.303 0.350 0.403
117.360 12 0.295 0.303 0.352 0.403
117.400 12 0.294 0.303 0.350 0.403
117.440 12 0.294 0.303 0.350 0.406
117.480 12 0.294 0.303 0.350 0.403
117.520 12 0.295 0.303 0.352 0.403
117.560 12 0.295 0.303 0.352 0.403
117.600 12 0.294 0.303 0.352 0.406
117.640 12 0.294 0.303 0.350 0.406
117.680 12 0.295 0.303 0.352 0.406
117.720 12 0.294 0.303 0.352 0.406
117.760 12 0.294 0.303 0.353 0.406
117.800 12 0.295 0.306 0.352 0.406
117.840 12 0.297 0.303 0.352 0.403
117.880 12 0.297 0.303 0.353 0.406
117.920 12 0.298 0.303 0.355 0.403
117.960 12 0.298 0.303 0.356 0.403
118.000 12 0.302 0.306 0.358 0.406
118.040 12 0.300 0.306 0.356 0.406
118.080 12 0.303 0.306 0.359 0.408
118.120 12 0.300 0.306 0.358 0.406
118.160 12 0.302 0.306 0.358 0.408
118.200 12 0.302 0.308 0.358 0.408
118.240 12 0.302 0.308 0.358 0.408
118.280 12 0.302 0.308 0.358 0.408
118.320 12 0.302 0.308 0.358 0.408
118.360 12 0.302 0.308 0.356 0.408
114.160 13 0.423 0.311 0.478 0.408
114.200 13 0.427 0.311 0.481 0.408
114.240 13 0.427 0.311 0.480 0.408
114.280 13 0.428 0.311 0.481 0.406
114.320 13 0.430 0.311 0.483 0.406
114.360 13 0.428 0.308 0.483 0.406
114.400 13 0.430 0.308 0.484 0.406
114.440 13 0.430 0.308 0.484 0.406
114.480 13 0.428 0.308 0.483 0.406
114.520 13 0.430 0.306 0.484 0.403
114.560 13 0.427 0.306 0.483 0.403
114.600 13 0.428 0.306 0.484 0.406
114.640 13 0.425 0.303 0.483 0.403
114.680 13 0.425 0.303 0.481 0.403
114.720 13 0.422 0.303 0.478 0.403
114.760 13 0.422 0.300 0.478 0.400
114.800 13 0.419 0.297 0.475 0.400
114.840 13 0.416 0.300 0.472 0.400
114.880 13 0.411 0.297 0.467 0.397
114.920 13 0.408 0.294 0.464 0.397
114.960 13 0.405 0.294 0.461 0.394
115.000 13 0.402 0.294 0.458 0.394
115.040 13 0.395 0.289 0.458 0.397
115.080 13 0.392 0.292 0.453 0.400
115.120 13 0.388 0.292 0.450 0.403
115.160 13 0.384 0.294 0.447 0.403
115.200 13 0.381 0.294 0.444 0.403
115.240 13 0.378 0.294 0.441 0.406
115.280 13 0.377 0.294 0.439 0.406
115.320 13 0.372 0.294 0.436 0.408
115.360 13 0.370 0.294 0.434 0.408
115.400 13 0.369 0.294 0.433 0.406
115.440 13 0.369 0.294 0.433 0.408
115.480 13 0.367 0.294 0.431 0.406
115.520 13 0.369 0.294 0.431 0.406
115.560 13 0.367 0.294 0.431 0.406
115.600 13 0.367 0.294 0.431 0.406
115.640 13 0.369 0.294 0.433 0.406
115.680 13 0.369 0.294 0.433 0.406
115.720 13 0.369 0.294 0.433 0.408
115.760 13 0.370 0.297 0.433 0.408
115.800 13 0.370 0.297 0.434 0.411
115.840 13 0.370 0.300 0.434 0.414
115.880 13 0.370 0.300 0.436 0.414
115.920 13 0.372 0.303 0.436 0.417
115.960 13 0.372 0.303 0.436 0.417
116.000 13 0.370 0.300 0.438 0.419
116.040 13 0.375 0.303 0.436 0.414
116.080 13 0.378 0.306 0.438 0.411
116.120 13 0.378 0.303 0.439 0.411
116.160 13 0.378 0.303 0.439 0.411
116.200 13 0.378 0.303 0.439 0.411
116.240 13 0.380 0.303 0.441 0.411
116.280 13 0.380 0.303 0.441 0.411
116.320 13 0.380 0.303 0.442 0.414
116.360 13 0.378 0.303 0.441 0.414
116.400 13 0.381 0.303 0.444 0.414
116.440 13 0.378 0.306 0.441 0.417
116.480 13 0.381 0.306 0.444 0.417
116.520 13 0.380 0.308 0.442 0.419
116.560 13 0.381 0.308 0.442 0.419
116.600 13 0.380 0.311 0.441 0.419
116.640 13 0.381 0.311 0.442 0.419
116.680 13 0.380 0.311 0.441 0.419
116.720 13 0.381 0.311 0.441 0.419
116.760 13 0.380 0.314 0.439 0.419
116.800 13 0.380 0.314 0.439 0.419
116.840 13 0.378 0.314 0.438 0.419
116.880 13 0.380 0.314 0.439 0.419
116.920 13 0.380 0.314 0.438 0.419
116.960 13 0.380 0.314 0.439 0.419
117.000 13 0.383 0.317 0.439 0.417
117.040 13 0.381 0.319 0.438 0.419
117.080 13 0.381 0.319 0.438 0.419
117.120 13 0.381 0.319 0.438 0.419
117.160 13 0.381 0.317 0.438 0.419
117.200 13 0.383 0.317 0.439 0.417
117.240 13 0.381 0.317 0.438 0.417
117.280 13 0.383 0.314 0.441 0.417
117.320 13 0.381 0.314 0.439 0.414
117.360 13 0.383 0.314 0.439 0.414
117.400 13 0.381 0.314 0.438 0.414
117.440 13 0.383 0.314 0.438 0.414
117.480 13 0.381 0.314 0.438 0.414
117.520 13 0.381 0.314 0.438 0.414
117.560 13 0.381 0.314 0.438 0.414
117.600 13 0.383 0.314 0.439 0.414
117.640 13 0.381 0.314 0.438 0.411
117.680 13 0.383 0.314 0.438 0.414
117.720 13 0.381 0.314 0.438 0.414
117.760 13 0.381 0.314 0.439 0.414
117.800 13 0.381 0.314 0.438 0.414
117.840 13 0.383 0.314 0.439 0.414
117.880 13 0.383 0.314 0.439 0.414
117.920 13 0.384 0.314 0.439 0.411
117.960 13 0.384 0.314 0.439 0.411
118.000 13 0.383 0.317 0.439 0.417
118.040 13 0.383 0.319 0.436 0.417
118.080 13 0.386 0.319 0.439 0.417
118.120 13 0.383 0.317 0.438 0.417
118.160 13 0.383 0.317 0.439 0.417
118.200 13 0.380 0.317 0.439 0.422
118.240 13 0.383 0.319 0.439 0.419
118.280 13 0.384 0.319 0.441 0.419
118.320 13 0.383 0.319 0.438 0.417
118.360 13 0.383 0.319 0.439 0.419
114.160 14 0.672 0.333 0.738 0.453
114.200 14 0.673 0.333 0.739 0.453
114.240 14 0.673 0.333 0.739 0.453
114.280 14 0.672 0.333 0.739 0.453
114.320 14 0.675 0.333 0.741 0.453
114.360 14 0.673 0.333 0.741 0.453
114.400 14 0.677 0.333 0.742 0.453
114.440 14 0.675 0.331 0.742 0.453
114.480 14 0.678 0.333 0.744 0.453
114.520 14 0.677 0.331 0.742 0.450
114.560 14 0.678 0.331 0.745 0.453
114.600 14 0.678 0.331 0.744 0.450
114.640 14 0.680 0.331 0.747 0.453
114.680 14 0.680 0.331 0.745 0.450
114.720 14 0.681 0.331 0.748 0.450
114.760 14 0.681 0.328 0.747 0.450
114.800 14 0.683 0.328 0.750 0.450
114.840 14 0.683 0.328 0.748 0.447
114.880 14 0.684 0.328 0.752 0.447
114.920 14 0.684 0.328 0.752 0.447
114.960 14 0.683 0.325 0.752 0.450
115.000 14 0.686 0.325 0.753 0.447
115.040 14 0.689 0.331 0.752 0.442
115.080 14 0.689 0.328 0.752 0.442
115.120 14 0.691 0.331 0.753 0.442
115.160 14 0.691 0.328 0.755 0.442
115.200 14 0.692 0.328 0.755 0.442
115.240 14 0.691 0.328 0.753 0.442
115.280 14 0.694 0.331 0.756 0.442
115.320 14 0.691 0.328 0.753 0.442
115.360 14 0.694 0.328 0.756 0.442
115.400 14 0.691 0.328 0.753 0.442
115.440 14 0.694 0.328 0.756 0.442
115.480 14 0.692 0.328 0.755 0.442
115.520 14 0.694 0.328 0.756 0.442
115.560 14 0.692 0.328 0.755 0.442
115.600 14 0.692 0.331 0.755 0.442
115.640 14 0.692 0.328 0.755 0.439
115.680 14 0.691 0.328 0.753 0.442
115.720 14 0.691 0.331 0.753 0.442
115.760 14 0.689 0.331 0.752 0.442
115.800 14 0.689 0.331 0.752 0.442
115.840 14 0.688 0.331 0.750 0.444
115.880 14 0.688 0.333 0.750 0.444
115.920 14 0.686 0.333 0.748 0.444
115.960 14 0.686 0.333 0.748 0.444
116.000 14 0.689 0.339 0.745 0.439
116.040 14 0.691 0.342 0.747 0.442
116.080 14 0.689 0.342 0.745 0.442
116.120 14 0.689 0.342 0.745 0.442
116.160 14 0.689 0.344 0.745 0.444
116.200 14 0.688 0.344 0.744 0.442
116.240 14 0.689 0.344 0.745 0.444
116.280 14 0.686 0.342 0.744 0.444
116.320 14 0.688 0.344 0.744 0.444
116.360 14 0.686 0.344 0.742 0.444
116.400 14 0.686 0.344 0.742 0.444
116.440 14 0.684 0.344 0.741 0.444
116.480 14 0.686 0.344 0.742 0.444
116.520 14 0.684 0.344 0.741 0.444
116.560 14 0.684 0.344 0.741 0.444
116.600 14 0.684 0.344 0.741 0.444
116.640 14 0.684 0.344 0.741 0.444
116.680 14 0.683 0.344 0.739 0.444
116.720 14 0.684 0.344 0.741 0.444
116.760 14 0.683 0.344 0.738 0.444
116.800 14 0.683 0.347 0.739 0.444
116.840 14 0.681 0.347 0.738 0.447
116.880 14 0.683 0.347 0.739 0.444
116.920 14 0.681 0.347 0.738 0.444
116.960 14 0.681 0.347 0.738 0.447
117.000 14 0.683 0.350 0.739 0.450
117.040 14 0.680 0.350 0.734 0.447
117.080 14 0.678 0.350 0.734 0.450
117.120 14 0.680 0.350 0.736 0.450
117.160 14 0.678 0.350 0.734 0.450
117.200 14 0.678 0.350 0.734 0.450
117.240 14 0.678 0.350 0.734 0.450
117.280 14 0.678 0.350 0.734 0.450
117.320 14 0.678 0.350 0.734 0.447
117.360 14 0.678 0.347 0.734 0.447
117.400 14 0.678 0.350 0.734 0.447
117.440 14 0.678 0.347 0.733 0.447
117.480 14 0.677 0.347 0.733 0.447
117.520 14 0.677 0.347 0.733 0.447
117.560 14 0.677 0.347 0.733 0.447
117.600 14 0.677 0.347 0.733 0.447
117.640 14 0.677 0.347 0.733 0.447
117.680 14 0.675 0.347 0.731 0.447
117.720 14 0.673 0.347 0.730 0.447
117.760 14 0.673 0.347 0.730 0.447
117.800 14 0.673 0.347 0.730 0.450
117.840 14 0.672 0.347 0.730 0.447
117.880 14 0.673 0.347 0.730 0.447
117.920 14 0.675 0.350 0.730 0.447
117.960 14 0.673 0.350 0.728 0.447
118.000 14 0.670 0.350 0.727 0.450
118.040 14 0.669 0.350 0.725 0.453
118.080 14 0.670 0.353 0.728 0.453
118.120 14 0.669 0.353 0.727 0.456
118.160 14 0.669 0.353 0.725 0.453
118.200 14 0.667 0.353 0.723 0.453
118.240 14 0.669 0.353 0.725 0.456
118.280 14 0.667 0.353 0.723 0.453
118.320 14 0.667 0.356 0.723 0.456
118.360 14 0.666 0.356 0.722 0.456
114.160 15 0.473 0.269 0.530 0.369
114.200 15 0.477 0.269 0.533 0.369
114.240 15 0.477 0.269 0.533 0.369
114.280 15 0.480 0.269 0.536 0.369
114.320 15 0.480 0.269 0.537 0.369
114.360 15 0.480 0.267 0.536 0.369
114.400 15 0.483 0.269 0.539 0.369
114.440 15 0.483 0.269 0.539 0.369
114.480 15 0.484 0.269 0.541 0.369
114.520 15 0.486 0.269 0.542 0.369
114.560 15 0.487 0.269 0.544 0.369
114.600 15 0.487 0.267 0.544 0.369
114.640 15 0.491 0.269 0.547 0.369
114.680 15 0.491 0.269 0.547 0.369
114.720 15 0.494 0.269 0.550 0.372
114.760 15 0.494 0.269 0.550 0.372
114.800 15 0.497 0.272 0.553 0.372
114.840 15 0.498 0.272 0.553 0.372
114.880 15 0.498 0.272 0.555 0.372
114.920 15 0.500 0.272 0.556 0.372
114.960 15 0.500 0.272 0.556 0.372
115.000 15 0.502 0.272 0.558 0.372
115.040 15 0.502 0.275 0.558 0.372
115.080 15 0.502 0.275 0.556 0.375
115.120 15 0.502 0.275 0.558 0.375
115.160 15 0.502 0.275 0.556 0.375
115.200 15 0.503 0.275 0.558 0.375
115.240 15 0.502 0.275 0.558 0.375
115.280 15 0.502 0.275 0.558 0.375
115.320 15 0.502 0.275 0.556 0.375
115.360 15 0.500 0.275 0.556 0.375
115.400 15 0.502 0.275 0.556 0.375
115.440 15 0.500 0.275 0.555 0.375
115.480 15 0.500 0.275 0.555 0.375
115.520 15 0.498 0.275 0.553 0.372
115.560 15 0.497 0.275 0.552 0.372
115.600 15 0.495 0.275 0.552 0.372
115.640 15 0.495 0.275 0.550 0.372
115.680 15 0.494 0.272 0.548 0.369
115.720 15 0.492 0.272 0.547 0.369
115.760 15 0.489 0.272 0.545 0.369
115.800 15 0.489 0.272 0.544 0.369
115.840 15 0.486 0.272 0.541 0.369
115.880 15 0.484 0.272 0.539 0.369
115.920 15 0.481 0.272 0.537 0.369
115.960 15 0.480 0.269 0.536 0.369
116.000 15 0.477 0.272 0.533 0.372
116.040 15 0.475 0.272 0.531 0.372
116.080 15 0.473 0.269 0.530 0.372
116.120 15 0.470 0.272 0.527 0.372
116.160 15 0.470 0.272 0.527 0.369
116.200 15 0.469 0.272 0.523 0.372
116.240 15 0.469 0.272 0.525 0.372
116.280 15 0.466 0.272 0.523 0.372
116.320 15 0.464 0.272 0.522 0.375
116.360 15 0.466 0.272 0.522 0.375
116.400 15 0.464 0.272 0.520 0.375
116.440 15 0.463 0.272 0.520 0.375
116.480 15 0.463 0.272 0.519 0.375
116.520 15 0.463 0.272 0.520 0.375
116.560 15 0.461 0.272 0.519 0.375
116.600 15 0.461 0.272 0.519 0.375
116.640 15 0.463 0.272 0.519 0.375
116.680 15 0.463 0.272 0.519 0.372
116.720 15 0.461 0.272 0.519 0.372
116.760 15 0.463 0.272 0.519 0.372
116.800 15 0.461 0.272 0.517 0.372
116.840 15 0.463 0.272 0.519 0.372
116.880 15 0.463 0.272 0.519 0.372
116.920 15 0.463 0.272 0.520 0.372
116.960 15 0.463 0.272 0.520 0.372
117.000 15 0.464 0.272 0.520 0.372
117.040 15 0.467 0.269 0.523 0.369
117.080 15 0.467 0.269 0.523 0.369
117.120 15 0.469 0.269 0.525 0.369
117.160 15 0.467 0.267 0.523 0.367
117.200 15 0.470 0.267 0.527 0.367
117.240 15 0.469 0.267 0.525 0.367
117.280 15 0.470 0.264 0.528 0.367
117.320 15 0.470 0.264 0.527 0.364
117.360 15 0.472 0.264 0.528 0.364
117.400 15 0.470 0.264 0.528 0.364
117.440 15 0.472 0.264 0.528 0.364
117.480 15 0.470 0.264 0.527 0.364
117.520 15 0.472 0.264 0.528 0.364
117.560 15 0.470 0.264 0.527 0.364
117.600 15 0.470 0.264 0.527 0.364
117.640 15 0.470 0.264 0.527 0.364
117.680 15 0.469 0.264 0.525 0.364
117.720 15 0.469 0.264 0.525 0.364
117.760 15 0.469 0.264 0.525 0.364
117.800 15 0.469 0.267 0.523 0.364
117.840 15 0.467 0.264 0.523 0.364
117.880 15 0.469 0.264 0.525 0.364
117.920 15 0.469 0.264 0.525 0.364
117.960 15 0.469 0.264 0.525 0.364
118.000 15 0.470 0.261 0.527 0.361
118.040 15 0.469 0.261 0.525 0.361
118.080 15 0.469 0.261 0.525 0.361
118.120 15 0.467 0.261 0.523 0.361
118.160 15 0.469 0.261 0.525 0.364
118.200 15 0.467 0.264 0.523 0.364
118.240 15 0.469 0.264 0.525 0.364
118.280 15 0.467 0.264 0.523 0.364
118.320 15 0.469 0.264 0.525 0.364
118.360 15 0.466 0.264 0.522 0.364
115.040 16 0.655 0.319 0.711 0.419
115.080 16 0.653 0.322 0.709 0.419
115.120 16 0.655 0.322 0.709 0.419
115.160 16 0.652 0.322 0.708 0.422
115.200 16 0.653 0.322 0.708 0.422
115.240 16 0.652 0.325 0.706 0.422
115.280 16 0.650 0.325 0.705 0.422
115.320 16 0.647 0.322 0.702 0.422
115.360 16 0.647 0.322 0.702 0.419
115.400 16 0.644 0.319 0.698 0.417
115.440 16 0.642 0.319 0.697 0.417
115.480 16 0.639 0.319 0.694 0.417
115.520 16 0.639 0.317 0.694 0.417
115.560 16 0.636 0.317 0.691 0.417
115.600 16 0.634 0.317 0.691 0.414
115.640 16 0.634 0.314 0.689 0.414
115.680 16 0.633 0.314 0.689 0.414
115.720 16 0.633 0.314 0.691 0.417
115.760 16 0.631 0.314 0.689 0.417
115.800 16 0.634 0.314 0.692 0.417
115.840 16 0.633 0.314 0.691 0.417
115.880 16 0.636 0.314 0.694 0.417
115.920 16 0.634 0.317 0.692 0.417
115.960 16 0.637 0.317 0.694 0.417
116.000 16 0.639 0.317 0.695 0.417
116.040 16 0.637 0.314 0.695 0.417
116.080 16 0.637 0.314 0.695 0.414
116.120 16 0.639 0.314 0.695 0.414
116.160 16 0.642 0.317 0.698 0.417
116.200 16 0.642 0.317 0.698 0.417
116.240 16 0.644 0.317 0.700 0.417
116.280 16 0.644 0.317 0.700 0.417
116.320 16 0.645 0.317 0.702 0.417
116.360 16 0.644 0.314 0.700 0.417
116.400 16 0.645 0.317 0.702 0.417
116.440 16 0.644 0.317 0.700 0.417
116.480 16 0.645 0.317 0.702 0.417
116.520 16 0.644 0.317 0.700 0.417
116.560 16 0.644 0.317 0.702 0.417
116.600 16 0.642 0.317 0.700 0.419
116.640 16 0.642 0.314 0.700 0.419
116.680 16 0.641 0.314 0.700 0.419
116.720 16 0.641 0.314 0.698 0.417
116.760 16 0.639 0.314 0.697 0.417
116.800 16 0.637 0.314 0.695 0.419
116.840 16 0.637 0.317 0.695 0.417
116.880 16 0.636 0.314 0.694 0.417
116.920 16 0.636 0.317 0.692 0.417
116.960 16 0.636 0.317 0.694 0.417
117.000 16 0.633 0.317 0.689 0.417
117.040 16 0.630 0.314 0.688 0.417
117.080 16 0.630 0.317 0.686 0.417
117.120 16 0.627 0.317 0.683 0.417
117.160 16 0.622 0.317 0.678 0.419
115.600 17 0.167 0.372 0.223 0.472
115.640 17 0.166 0.369 0.222 0.469
115.680 17 0.167 0.369 0.223 0.472
115.720 17 0.167 0.372 0.223 0.472
115.760 17 0.167 0.372 0.223 0.472
115.800 17 0.167 0.372 0.223 0.472
115.840 17 0.166 0.372 0.222 0.472
115.880 17 0.166 0.372 0.223 0.472
115.920 17 0.164 0.372 0.220 0.472
115.960 17 0.166 0.372 0.222 0.472
116.000 17 0.164 0.372 0.220 0.472
116.040 17 0.163 0.372 0.219 0.472
116.080 17 0.164 0.372 0.220 0.472
116.120 17 0.163 0.372 0.217 0.472
116.160 17 0.163 0.372 0.219 0.472
116.200 17 0.161 0.375 0.216 0.472
116.240 17 0.164 0.378 0.217 0.472
116.280 17 0.161 0.375 0.214 0.472
117.480 18 0.081 0.425 0.138 0.525
117.520 18 0.083 0.425 0.138 0.525
117.560 18 0.081 0.425 0.138 0.525
117.600 18 0.083 0.425 0.139 0.525
117.640 18 0.083 0.425 0.139 0.525
117.680 18 0.083 0.425 0.139 0.525
117.720 18 0.083 0.425 0.139 0.525
117.760 18 0.083 0.428 0.139 0.528
117.800 18 0.084 0.428 0.141 0.528
117.840 18 0.084 0.428 0.139 0.525
117.880 18 0.084 0.425 0.142 0.528
117.920 18 0.087 0.425 0.144 0.525
117.960 18 0.089 0.428 0.145 0.528
118.000 18 0.089 0.428 0.145 0.528
118.040 18 0.089 0.428 0.145 0.528
118.080 18 0.091 0.428 0.147 0.528
118.120 18 0.092 0.428 0.148 0.531
118.160 18 0.089 0.425 0.147 0.531
118.200 18 0.092 0.428 0.150 0.531
118.240 18 0.091 0.428 0.148 0.531
118.280 18 0.091 0.428 0.148 0.531
118.320 18 0.092 0.431 0.150 0.533
118.360 18 0.092 0.431 0.150 0.533
117.520 19 0.161 0.372 0.219 0.472
117.560 19 0.159 0.372 0.217 0.472
117.600 19 0.161 0.372 0.219 0.472
117.640 19 0.161 0.372 0.219 0.472
117.680 19 0.163 0.372 0.220 0.472
117.720 19 0.161 0.372 0.219 0.472
117.760 19 0.163 0.372 0.220 0.472
117.800 19 0.159 0.372 0.217 0.472
117.840 19 0.163 0.372 0.219 0.472
117.880 19 0.163 0.372 0.217 0.469
117.920 19 0.164 0.372 0.220 0.472
117.960 19 0.164 0.372 0.220 0.472
118.000 19 0.164 0.372 0.220 0.472
118.040 19 0.163 0.372 0.219 0.472
118.080 19 0.166 0.372 0.220 0.472
118.120 19 0.163 0.372 0.217 0.472
118.160 19 0.164 0.375 0.220 0.472
118.200 19 0.163 0.372 0.219 0.472
118.240 19 0.161 0.372 0.217 0.472
118.280 19 0.163 0.372 0.217 0.472
118.320 19 0.161 0.375 0.216 0.472
118.360 19 0.161 0.375 0.216 0.472
117.520 20 0.539 0.300 0.605 0.417
117.560 20 0.542 0.297 0.609 0.417
117.600 20 0.545 0.297 0.614 0.417
117.640 20 0.547 0.297 0.614 0.417
117.680 20 0.550 0.297 0.617 0.417
117.720 20 0.552 0.297 0.619 0.417
117.760 20 0.553 0.300 0.620 0.417
117.800 20 0.553 0.300 0.619 0.417
117.840 20 0.555 0.300 0.622 0.417
117.880 20 0.555 0.300 0.622 0.417
117.920 20 0.558 0.300 0.623 0.417
117.960 20 0.558 0.300 0.625 0.417
118.000 20 0.558 0.300 0.625 0.419
118.040 20 0.558 0.300 0.625 0.419
118.080 20 0.558 0.303 0.622 0.419
118.120 20 0.556 0.300 0.623 0.419
118.160 20 0.556 0.306 0.620 0.417
118.200 20 0.556 0.303 0.623 0.422
118.240 20 0.553 0.303 0.622 0.422
118.280 20 0.555 0.303 0.622 0.422
118.320 20 0.553 0.303 0.620 0.422
118.360 20 0.555 0.303 0.620 0.422
118.400 21 0.378 0.119 0.544 0.411
118.440 21 0.384 0.114 0.555 0.417
118.480 21 0.381 0.117 0.550 0.414
118.520 21 0.375 0.114 0.548 0.419
118.560 21 0.384 0.117 0.555 0.417
118.600 21 0.381 0.119 0.550 0.414
118.640 21 0.381 0.119 0.550 0.414
118.680 21 0.384 0.122 0.552 0.419
118.720 21 0.383 0.125 0.542 0.408
118.760 21 0.383 0.119 0.550 0.414
118.800 21 0.383 0.119 0.550 0.414
118.840 21 0.388 0.119 0.553 0.414
118.880 21 0.383 0.119 0.550 0.414
118.920 21 0.381 0.119 0.550 0.414
118.960 21 0.383 0.119 0.550 0.414
119.000 21 0.383 0.119 0.552 0.417
119.040 21 0.388 0.117 0.553 0.408
119.080 21 0.388 0.114 0.553 0.408
119.120 21 0.384 0.114 0.553 0.408
119.160 21 0.388 0.111 0.559 0.414
119.200 21 0.384 0.111 0.553 0.408
119.240 21 0.389 0.114 0.558 0.411
119.280 21 0.386 0.114 0.553 0.408
119.320 21 0.389 0.117 0.553 0.408
119.360 21 0.386 0.117 0.553 0.411
119.400 21 0.384 0.117 0.553 0.411
119.440 21 0.386 0.117 0.553 0.414
119.480 21 0.386 0.117 0.555 0.414
119.520 21 0.386 0.117 0.555 0.414
119.560 21 0.386 0.117 0.556 0.417
119.600 21 0.388 0.119 0.556 0.417
119.640 21 0.386 0.119 0.556 0.417
119.680 21 0.386 0.117 0.555 0.417
119.720 21 0.386 0.117 0.559 0.422
119.760 21 0.384 0.117 0.556 0.419
119.800 21 0.383 0.114 0.556 0.422
119.840 21 0.383 0.119 0.555 0.422
119.880 21 0.381 0.117 0.556 0.425
119.920 21 0.383 0.122 0.555 0.425
119.960 21 0.381 0.122 0.555 0.428
120.000 21 0.383 0.119 0.552 0.417
120.040 21 0.372 0.111 0.555 0.436
120.080 21 0.370 0.108 0.555 0.436
120.120 21 0.367 0.106 0.552 0.433
120.160 21 0.370 0.108 0.556 0.436
120.200 21 0.369 0.108 0.553 0.433
120.240 21 0.370 0.111 0.552 0.431
120.280 21 0.372 0.111 0.552 0.431
120.320 21 0.370 0.108 0.552 0.431
120.360 21 0.369 0.108 0.550 0.428
120.400 21 0.369 0.106 0.548 0.425
120.440 21 0.367 0.103 0.548 0.419
120.480 21 0.366 0.097 0.545 0.417
120.520 21 0.369 0.097 0.550 0.419
120.560 21 0.366 0.097 0.547 0.419
120.600 21 0.366 0.097 0.548 0.422
120.640 21 0.366 0.100 0.552 0.428
120.680 21 0.361 0.103 0.545 0.431
120.720 21 0.362 0.103 0.552 0.436
120.760 21 0.359 0.106 0.545 0.436
120.800 21 0.362 0.106 0.553 0.442
120.840 21 0.358 0.103 0.547 0.439
120.880 21 0.364 0.103 0.553 0.442
120.920 21 0.361 0.108 0.547 0.439
120.960 21 0.361 0.106 0.552 0.442
121.000 21 0.348 0.103 0.550 0.461
121.040 21 0.355 0.117 0.544 0.450
121.080 21 0.358 0.119 0.545 0.450
121.120 21 0.355 0.119 0.541 0.450
121.160 21 0.356 0.119 0.544 0.450
121.200 21 0.355 0.119 0.541 0.447
121.240 21 0.356 0.119 0.544 0.450
121.280 21 0.355 0.117 0.542 0.447
121.320 21 0.359 0.117 0.547 0.447
121.360 21 0.355 0.114 0.544 0.447
121.400 21 0.359 0.114 0.548 0.447
121.440 21 0.356 0.114 0.545 0.444
121.480 21 0.362 0.111 0.550 0.444
121.520 21 0.359 0.108 0.547 0.439
121.560 21 0.366 0.106 0.553 0.436
121.600 21 0.366 0.106 0.550 0.433
121.640 21 0.372 0.106 0.556 0.431
121.680 21 0.370 0.103 0.553 0.425
121.720 21 0.377 0.103 0.559 0.425
121.760 21 0.370 0.100 0.553 0.422
121.800 21 0.375 0.100 0.561 0.428
121.840 21 0.372 0.100 0.555 0.425
121.880 21 0.369 0.100 0.556 0.433
121.920 21 0.370 0.100 0.556 0.428
121.960 21 0.372 0.100 0.558 0.428
122.000 21 0.383 0.119 0.552 0.417
122.040 21 0.377 0.108 0.552 0.419
122.080 21 0.377 0.106 0.555 0.422
122.120 21 0.375 0.108 0.552 0.419
122.160 21 0.377 0.111 0.552 0.419
122.200 21 0.375 0.111 0.548 0.417
122.240 21 0.377 0.111 0.552 0.422
122.280 21 0.372 0.108 0.548 0.422
122.320 21 0.375 0.108 0.555 0.428
122.360 21 0.373 0.106 0.555 0.428
122.400 21 0.375 0.103 0.555 0.425
122.440 21 0.377 0.103 0.555 0.419
122.480 21 0.377 0.100 0.558 0.422
122.520 21 0.377 0.100 0.558 0.422
122.560 21 0.377 0.103 0.559 0.425
122.600 21 0.378 0.106 0.559 0.428
122.640 21 0.380 0.108 0.561 0.428
122.680 21 0.375 0.108 0.556 0.428
122.720 21 0.380 0.106 0.564 0.433
122.760 21 0.375 0.106 0.556 0.428
122.800 21 0.375 0.097 0.564 0.433
122.840 21 0.373 0.100 0.562 0.433
122.880 21 0.372 0.108 0.562 0.442
122.920 21 0.375 0.114 0.564 0.447
122.960 21 0.377 0.117 0.566 0.453
123.000 21 0.370 0.103 0.572 0.461
123.040 21 0.377 0.117 0.572 0.461
123.080 21 0.377 0.117 0.572 0.461
123.120 21 0.375 0.114 0.570 0.458
123.160 21 0.375 0.114 0.569 0.456
123.200 21 0.373 0.111 0.567 0.456
123.240 21 0.373 0.114 0.564 0.450
123.280 21 0.377 0.114 0.567 0.450
123.320 21 0.377 0.108 0.569 0.447
123.360 21 0.378 0.108 0.567 0.442
123.400 21 0.380 0.103 0.570 0.442
123.440 21 0.380 0.103 0.569 0.436
123.480 21 0.380 0.103 0.567 0.433
123.520 21 0.380 0.103 0.566 0.433
123.560 21 0.378 0.106 0.562 0.431
123.600 21 0.375 0.106 0.559 0.431
123.640 21 0.372 0.103 0.556 0.431
123.680 21 0.370 0.103 0.555 0.431
123.720 21 0.369 0.103 0.553 0.428
123.760 21 0.369 0.103 0.552 0.425
123.800 21 0.373 0.108 0.550 0.419
123.840 21 0.373 0.106 0.553 0.422
123.880 21 0.375 0.108 0.550 0.419
123.920 21 0.378 0.106 0.556 0.422
123.960 21 0.375 0.103 0.553 0.419
124.000 21 0.383 0.119 0.552 0.417
124.040 21 0.386 0.122 0.550 0.411
124.080 21 0.386 0.122 0.550 0.411
124.120 21 0.386 0.122 0.550 0.414
124.160 21 0.386 0.122 0.550 0.414
124.200 21 0.388 0.122 0.552 0.414
124.240 21 0.386 0.122 0.552 0.417
124.280 21 0.384 0.122 0.548 0.414
124.320 21 0.386 0.125 0.550 0.414
124.360 21 0.388 0.125 0.552 0.414
124.400 21 0.386 0.125 0.552 0.417
124.440 21 0.388 0.125 0.552 0.414
124.480 21 0.384 0.128 0.547 0.414
124.520 21 0.384 0.119 0.553 0.419
124.560 21 0.381 0.119 0.553 0.422
124.600 21 0.381 0.117 0.553 0.419
124.640 21 0.384 0.119 0.555 0.419
124.680 21 0.384 0.119 0.553 0.417
124.720 21 0.383 0.117 0.556 0.419
124.760 21 0.386 0.117 0.561 0.422
124.800 21 0.378 0.111 0.555 0.422
124.840 21 0.384 0.114 0.561 0.425
124.880 21 0.381 0.114 0.556 0.422
124.920 21 0.380 0.114 0.556 0.425
124.960 21 0.381 0.117 0.556 0.422
125.000 21 0.383 0.119 0.552 0.417
125.040 21 0.383 0.119 0.552 0.419
125.080 21 0.380 0.119 0.550 0.419
125.120 21 0.380 0.119 0.548 0.417
125.160 21 0.377 0.119 0.547 0.422
125.200 21 0.377 0.122 0.545 0.422
125.240 21 0.373 0.122 0.545 0.425
125.280 21 0.373 0.122 0.544 0.425
125.320 21 0.375 0.122 0.545 0.425
125.360 21 0.373 0.122 0.544 0.422
125.400 21 0.372 0.125 0.544 0.425
125.440 21 0.373 0.122 0.545 0.431
125.480 21 0.372 0.128 0.544 0.431
125.520 21 0.370 0.131 0.542 0.433
125.560 21 0.373 0.133 0.545 0.436
125.600 21 0.372 0.136 0.542 0.436
125.640 21 0.372 0.139 0.542 0.439
125.680 21 0.372 0.142 0.541 0.439
125.720 21 0.372 0.142 0.541 0.439
125.760 21 0.370 0.144 0.539 0.442
125.800 21 0.370 0.150 0.536 0.442
125.840 21 0.370 0.153 0.534 0.444
125.880 21 0.370 0.153 0.533 0.442
125.920 21 0.367 0.150 0.534 0.447
125.960 21 0.364 0.147 0.536 0.450
126.000 21 0.364 0.150 0.533 0.450
126.040 21 0.359 0.150 0.527 0.444
126.080 21 0.359 0.150 0.523 0.444
126.120 21 0.359 0.147 0.528 0.447
126.160 21 0.361 0.144 0.531 0.450
126.200 21 0.359 0.147 0.525 0.442
126.240 21 0.362 0.144 0.530 0.439
126.280 21 0.359 0.142 0.523 0.436
126.320 21 0.362 0.142 0.525 0.431
126.360 21 0.356 0.136 0.519 0.425
126.400 21 0.359 0.133 0.520 0.422
126.440 21 0.353 0.133 0.516 0.422
126.480 21 0.355 0.133 0.517 0.422
126.520 21 0.352 0.131 0.514 0.422
126.560 21 0.348 0.133 0.514 0.428
126.600 21 0.348 0.136 0.512 0.428
126.640 21 0.347 0.136 0.512 0.433
126.680 21 0.347 0.142 0.512 0.436
126.720 21 0.347 0.144 0.512 0.439
126.760 21 0.345 0.150 0.511 0.442
126.800 21 0.350 0.153 0.514 0.444
126.840 21 0.348 0.153 0.512 0.444
126.880 21 0.352 0.153 0.517 0.447
126.920 21 0.350 0.153 0.516 0.447
126.960 21 0.350 0.153 0.519 0.450
127.000 21 0.345 0.150 0.514 0.450
127.040 21 0.353 0.156 0.520 0.453
127.080 21 0.352 0.158 0.517 0.453
127.120 21 0.355 0.158 0.523 0.458
127.160 21 0.353 0.161 0.520 0.458
127.200 21 0.356 0.158 0.527 0.461
127.240 21 0.356 0.161 0.523 0.458
127.280 21 0.359 0.156 0.531 0.461
127.320 21 0.355 0.156 0.525 0.458
127.360 21 0.358 0.156 0.530 0.458
127.400 21 0.359 0.156 0.525 0.450
127.440 21 0.361 0.156 0.528 0.453
127.480 21 0.356 0.156 0.525 0.453
127.520 21 0.361 0.156 0.528 0.453
127.560 21 0.359 0.156 0.523 0.450
127.600 21 0.361 0.158 0.528 0.456
127.640 21 0.358 0.158 0.523 0.453
127.680 21 0.364 0.158 0.530 0.456
127.720 21 0.358 0.156 0.525 0.453
127.760 21 0.359 0.153 0.528 0.453
127.800 21 0.359 0.153 0.525 0.447
127.840 21 0.361 0.153 0.528 0.450
127.880 21 0.358 0.150 0.528 0.453
127.920 21 0.358 0.150 0.525 0.447
127.960 21 0.359 0.147 0.533 0.456
128.000 21 0.364 0.150 0.533 0.450
128.040 21 0.361 0.142 0.533 0.447
128.080 21 0.361 0.142 0.533 0.447
128.120 21 0.361 0.139 0.533 0.444
128.160 21 0.361 0.139 0.531 0.442
128.200 21 0.362 0.136 0.534 0.442
128.240 21 0.361 0.136 0.531 0.436
128.280 21 0.364 0.133 0.533 0.431
128.320 21 0.362 0.131 0.528 0.425
128.360 21 0.367 0.125 0.534 0.422
128.400 21 0.364 0.122 0.533 0.419
128.440 21 0.370 0.119 0.541 0.422
128.480 21 0.367 0.122 0.531 0.414
128.520 21 0.369 0.119 0.539 0.419
128.560 21 0.366 0.122 0.533 0.417
128.600 21 0.366 0.119 0.533 0.417
128.640 21 0.366 0.119 0.534 0.419
128.680 21 0.364 0.122 0.533 0.417
128.720 21 0.367 0.119 0.537 0.419
128.760 21 0.366 0.122 0.533 0.419
128.800 21 0.370 0.122 0.534 0.414
128.840 21 0.366 0.125 0.531 0.414
128.880 21 0.369 0.122 0.534 0.417
128.920 21 0.366 0.125 0.531 0.417
128.960 21 0.366 0.122 0.536 0.422
129.000 21 0.364 0.119 0.533 0.417
129.040 21 0.369 0.125 0.534 0.419
129.080 21 0.369 0.125 0.534 0.419
129.120 21 0.369 0.128 0.534 0.419
129.160 21 0.369 0.128 0.534 0.419
129.200 21 0.369 0.128 0.533 0.419
129.240 21 0.370 0.131 0.534 0.419
129.280 21 0.367 0.128 0.533 0.419
129.320 21 0.369 0.128 0.534 0.422
129.360 21 0.369 0.128 0.536 0.425
129.400 21 0.367 0.128 0.534 0.425
129.440 21 0.369 0.131 0.539 0.431
129.480 21 0.364 0.136 0.537 0.442
129.520 21 0.362 0.139 0.541 0.456
129.560 21 0.362 0.142 0.539 0.456
129.600 21 0.362 0.144 0.539 0.456
129.640 21 0.362 0.144 0.539 0.456
129.680 21 0.362 0.139 0.541 0.456
129.720 21 0.362 0.144 0.539 0.453
129.760 21 0.361 0.142 0.539 0.456
129.800 21 0.361 0.144 0.536 0.456
129.840 21 0.361 0.147 0.536 0.456
129.880 21 0.358 0.147 0.533 0.456
129.920 21 0.359 0.147 0.536 0.458
129.960 21 0.359 0.144 0.533 0.453
130.000 21 0.364 0.150 0.533 0.450
130.040 21 0.362 0.147 0.531 0.444
130.080 21 0.362 0.144 0.528 0.439
130.120 21 0.362 0.144 0.528 0.436
130.160 21 0.366 0.150 0.525 0.436
130.200 21 0.366 0.156 0.527 0.442
130.240 21 0.366 0.156 0.531 0.453
130.280 21 0.366 0.158 0.536 0.458
130.320 21 0.367 0.161 0.537 0.464
130.360 21 0.369 0.161 0.541 0.467
130.400 21 0.369 0.161 0.542 0.467
130.440 21 0.369 0.161 0.542 0.469
130.480 21 0.369 0.158 0.542 0.467
130.520 21 0.367 0.156 0.541 0.464
130.560 21 0.370 0.153 0.547 0.467
130.600 21 0.369 0.150 0.544 0.461
130.640 21 0.375 0.147 0.550 0.458
130.680 21 0.373 0.147 0.545 0.453
130.720 21 0.378 0.142 0.550 0.447
130.760 21 0.377 0.139 0.547 0.444
130.800 21 0.380 0.136 0.550 0.439
148.040 22 0.270 0.086 0.434 0.375
148.080 22 0.270 0.086 0.436 0.378
148.120 22 0.272 0.086 0.439 0.381
148.160 22 0.269 0.089 0.431 0.375
148.200 22 0.270 0.086 0.436 0.378
148.240 22 0.272 0.089 0.433 0.372
148.280 22 0.277 0.089 0.438 0.372
148.320 22 0.270 0.089 0.431 0.372
148.360 22 0.270 0.083 0.438 0.378
148.400 22 0.270 0.081 0.438 0.375
148.440 22 0.270 0.081 0.436 0.372
148.480 22 0.270 0.081 0.436 0.372
148.520 22 0.270 0.081 0.434 0.369
148.560 22 0.270 0.078 0.434 0.367
148.600 22 0.269 0.078 0.434 0.369
148.640 22 0.269 0.078 0.434 0.369
148.680 22 0.269 0.078 0.436 0.372
148.720 22 0.269 0.078 0.436 0.372
148.760 22 0.269 0.081 0.436 0.375
148.800 22 0.269 0.081 0.438 0.378
148.840 22 0.270 0.083 0.438 0.378
148.880 22 0.270 0.083 0.438 0.381
148.920 22 0.270 0.083 0.439 0.381
148.960 22 0.270 0.083 0.439 0.381
149.000 22 0.270 0.086 0.439 0.383
149.040 22 0.272 0.092 0.441 0.389
149.080 22 0.272 0.094 0.441 0.392
149.120 22 0.272 0.094 0.441 0.394
149.160 22 0.272 0.089 0.445 0.394
149.200 22 0.272 0.089 0.442 0.392
149.240 22 0.270 0.086 0.442 0.389
149.280 22 0.270 0.086 0.442 0.386
149.320 22 0.272 0.086 0.441 0.383
149.360 22 0.270 0.083 0.441 0.383
149.400 22 0.270 0.083 0.439 0.381
149.440 22 0.270 0.083 0.439 0.381
149.480 22 0.270 0.083 0.438 0.381
149.520 22 0.270 0.086 0.438 0.381
149.560 22 0.269 0.092 0.430 0.375
149.600 22 0.273 0.089 0.438 0.378
149.640 22 0.269 0.086 0.436 0.381
149.680 22 0.270 0.086 0.434 0.375
149.720 22 0.272 0.089 0.438 0.378
149.760 22 0.269 0.089 0.433 0.378
149.800 22 0.270 0.083 0.441 0.383
149.840 22 0.269 0.083 0.436 0.378
149.880 22 0.270 0.083 0.438 0.381
149.920 22 0.270 0.083 0.438 0.381
149.960 22 0.270 0.086 0.439 0.381
150.000 22 0.270 0.086 0.439 0.383
150.040 22 0.277 0.097 0.436 0.378
150.080 22 0.272 0.094 0.433 0.378
150.120 22 0.277 0.097 0.434 0.378
150.160 22 0.277 0.097 0.433 0.372
150.200 22 0.277 0.094 0.431 0.372
150.240 22 0.275 0.094 0.431 0.369
150.280 22 0.275 0.094 0.431 0.369
150.320 22 0.273 0.092 0.430 0.367
150.360 22 0.275 0.092 0.431 0.369
150.400 22 0.273 0.094 0.430 0.369
150.440 22 0.275 0.097 0.430 0.372
150.480 22 0.277 0.100 0.431 0.375
150.520 22 0.277 0.100 0.431 0.375
150.560 22 0.277 0.094 0.436 0.375
150.600 22 0.275 0.097 0.427 0.367
150.640 22 0.278 0.094 0.433 0.367
150.680 22 0.275 0.092 0.431 0.364
150.720 22 0.275 0.089 0.430 0.364
150.760 22 0.273 0.089 0.428 0.364
150.800 22 0.272 0.089 0.427 0.361
150.840 22 0.270 0.089 0.425 0.361
150.880 22 0.269 0.086 0.423 0.361
150.920 22 0.269 0.086 0.423 0.361
150.960 22 0.267 0.086 0.422 0.361
151.000 22 0.272 0.097 0.412 0.347
151.040 22 0.272 0.097 0.412 0.347
151.080 22 0.272 0.097 0.412 0.347
151.120 22 0.272 0.097 0.411 0.344
151.160 22 0.272 0.097 0.411 0.344
151.200 23 0.228 0.147 0.519 0.661
151.240 23 0.234 0.147 0.523 0.661
151.280 23 0.227 0.147 0.517 0.664
151.320 23 0.231 0.150 0.523 0.669
151.360 23 0.225 0.156 0.514 0.669
151.400 23 0.227 0.156 0.514 0.669
151.440 23 0.220 0.156 0.508 0.667
151.480 23 0.227 0.153 0.517 0.672
151.520 23 0.227 0.153 0.517 0.672
151.560 23 0.227 0.153 0.519 0.672
151.600 23 0.228 0.156 0.519 0.672
151.640 23 0.234 0.161 0.523 0.675
151.680 23 0.228 0.161 0.511 0.664
151.720 23 0.231 0.150 0.525 0.672
151.760 23 0.233 0.158 0.516 0.658
151.800 23 0.236 0.147 0.528 0.667
151.840 23 0.234 0.156 0.517 0.658
151.880 23 0.237 0.147 0.530 0.667
151.920 23 0.248 0.156 0.533 0.661
151.960 23 0.241 0.156 0.522 0.656
152.000 23 0.244 0.147 0.534 0.664
152.040 23 0.258 0.153 0.548 0.667
152.080 23 0.258 0.150 0.547 0.667
152.120 23 0.256 0.150 0.545 0.664
152.160 23 0.255 0.147 0.545 0.661
152.200 23 0.259 0.150 0.548 0.664
152.240 23 0.252 0.150 0.541 0.664
152.280 23 0.258 0.156 0.545 0.667
152.320 23 0.247 0.150 0.536 0.664
152.360 23 0.247 0.147 0.539 0.667
152.400 23 0.234 0.144 0.525 0.664
152.440 23 0.231 0.139 0.522 0.656
152.480 23 0.227 0.133 0.516 0.647
152.520 23 0.222 0.128 0.511 0.642
152.560 23 0.219 0.125 0.508 0.639
152.600 23 0.216 0.125 0.505 0.639
152.640 23 0.214 0.125 0.505 0.644
152.680 23 0.214 0.128 0.505 0.644
152.720 23 0.214 0.128 0.506 0.647
152.760 23 0.214 0.131 0.506 0.650
152.800 23 0.216 0.131 0.508 0.650
152.840 23 0.216 0.131 0.508 0.650
152.880 23 0.219 0.133 0.511 0.653
152.920 23 0.220 0.136 0.514 0.656
152.960 23 0.225 0.139 0.517 0.658
153.000 23 0.244 0.147 0.534 0.664
153.040 23 0.242 0.142 0.533 0.658
153.080 23 0.247 0.142 0.537 0.658
153.120 23 0.250 0.144 0.541 0.661
153.160 23 0.252 0.147 0.542 0.661
153.200 23 0.253 0.150 0.544 0.664
153.240 23 0.253 0.150 0.544 0.667
153.280 23 0.255 0.150 0.548 0.672
153.320 23 0.252 0.153 0.544 0.672
153.360 23 0.252 0.153 0.542 0.672
153.400 23 0.252 0.158 0.541 0.672
153.440 23 0.250 0.158 0.541 0.672
153.480 23 0.252 0.158 0.542 0.675
153.520 23 0.250 0.156 0.541 0.672
153.560 23 0.250 0.156 0.541 0.675
153.600 23 0.250 0.158 0.541 0.675
153.640 23 0.252 0.158 0.542 0.675
153.680 23 0.252 0.158 0.542 0.675
153.720 23 0.253 0.161 0.544 0.678
153.760 23 0.253 0.161 0.544 0.681
153.800 23 0.253 0.164 0.544 0.681
153.840 23 0.253 0.167 0.544 0.683
153.880 23 0.253 0.167 0.544 0.681
153.920 23 0.253 0.164 0.542 0.678
153.960 23 0.252 0.161 0.541 0.675
154.000 23 0.244 0.147 0.534 0.664
154.040 23 0.237 0.161 0.528 0.678
154.080 23 0.233 0.156 0.527 0.675
154.120 23 0.231 0.153 0.525 0.675
154.160 23 0.227 0.147 0.520 0.672
154.200 23 0.233 0.150 0.523 0.667
154.240 23 0.227 0.147 0.517 0.667
154.280 23 0.234 0.147 0.523 0.664
154.320 23 0.230 0.144 0.519 0.658
154.360 23 0.237 0.144 0.530 0.661
154.400 23 0.233 0.136 0.528 0.661
154.440 23 0.245 0.136 0.536 0.650
154.480 23 0.239 0.125 0.534 0.650
154.520 23 0.252 0.125 0.547 0.650
154.560 23 0.241 0.119 0.539 0.650
154.600 23 0.248 0.128 0.548 0.658
154.640 23 0.248 0.136 0.545 0.667
154.680 23 0.245 0.139 0.539 0.661
154.720 23 0.252 0.142 0.541 0.658
154.760 23 0.250 0.139 0.541 0.653
154.800 23 0.250 0.133 0.539 0.650
154.840 23 0.248 0.128 0.537 0.644
154.880 23 0.247 0.125 0.539 0.642
154.920 23 0.247 0.125 0.539 0.644
154.960 23 0.248 0.128 0.539 0.644
155.000 23 0.244 0.147 0.534 0.664
155.040 23 0.244 0.150 0.530 0.658
155.080 23 0.247 0.144 0.542 0.669
155.120 23 0.239 0.142 0.537 0.672
155.160 23 0.236 0.144 0.531 0.669
155.200 23 0.239 0.147 0.533 0.669
155.240 23 0.237 0.150 0.525 0.661
155.280 23 0.245 0.147 0.536 0.664
155.320 23 0.236 0.144 0.530 0.667
155.360 23 0.247 0.142 0.544 0.667
155.400 23 0.239 0.142 0.531 0.664
155.440 23 0.259 0.150 0.550 0.667
155.480 23 0.263 0.153 0.555 0.672
155.520 23 0.277 0.156 0.567 0.672
155.560 23 0.284 0.147 0.578 0.669
155.600 23 0.294 0.139 0.589 0.664
155.640 23 0.292 0.136 0.586 0.658
155.680 23 0.300 0.136 0.597 0.661
155.720 23 0.297 0.139 0.591 0.658
155.760 23 0.303 0.136 0.600 0.667
155.800 23 0.292 0.136 0.592 0.669
155.840 23 0.295 0.142 0.594 0.672
155.880 23 0.286 0.142 0.577 0.661
155.920 23 0.291 0.147 0.580 0.661
155.960 23 0.286 0.156 0.569 0.658
156.000 23 0.277 0.147 0.567 0.664
156.040 23 0.263 0.133 0.556 0.656
156.080 23 0.259 0.139 0.552 0.661
156.120 23 0.244 0.136 0.542 0.667
156.160 23 0.242 0.142 0.536 0.664
156.200 23 0.239 0.144 0.530 0.664
156.240 23 0.234 0.150 0.527 0.669
156.280 23 0.230 0.153 0.523 0.672
156.320 23 0.227 0.153 0.520 0.672
156.360 23 0.223 0.153 0.517 0.672
156.400 23 0.217 0.147 0.512 0.672
156.440 23 0.217 0.150 0.514 0.675
156.480 23 0.214 0.147 0.514 0.678
156.520 23 0.214 0.147 0.512 0.678
156.560 23 0.216 0.150 0.512 0.678
156.600 23 0.217 0.150 0.514 0.678
156.640 23 0.219 0.153 0.516 0.681
156.680 23 0.222 0.153 0.517 0.681
156.720 23 0.222 0.153 0.517 0.678
156.760 23 0.231 0.156 0.527 0.681
156.800 23 0.228 0.153 0.523 0.675
156.840 23 0.239 0.153 0.533 0.678
156.880 23 0.234 0.150 0.530 0.675
156.920 23 0.242 0.153 0.536 0.678
156.960 23 0.244 0.153 0.539 0.678
157.000 23 0.244 0.147 0.534 0.664
157.040 23 0.250 0.153 0.530 0.650
157.080 23 0.252 0.150 0.534 0.653
157.120 23 0.253 0.144 0.541 0.658
157.160 23 0.245 0.144 0.533 0.656
157.200 23 0.252 0.144 0.542 0.661
157.240 23 0.244 0.142 0.533 0.656
157.280 23 0.248 0.144 0.537 0.656
157.320 23 0.250 0.147 0.531 0.647
157.360 23 0.250 0.147 0.531 0.650
157.400 23 0.252 0.147 0.533 0.650
157.440 23 0.247 0.150 0.527 0.647
157.480 23 0.255 0.150 0.536 0.650
157.520 23 0.252 0.150 0.534 0.653
157.560 23 0.255 0.142 0.545 0.658
157.600 23 0.264 0.150 0.548 0.656
157.640 23 0.273 0.144 0.556 0.647
157.680 23 0.284 0.144 0.570 0.653
157.720 23 0.286 0.144 0.573 0.656
157.760 23 0.291 0.144 0.578 0.658
157.800 23 0.295 0.147 0.581 0.658
157.840 23 0.298 0.150 0.586 0.658
157.880 23 0.302 0.150 0.588 0.658
157.920 23 0.303 0.153 0.589 0.658
157.960 23 0.306 0.153 0.591 0.661
158.000 23 0.308 0.147 0.598 0.664
158.040 23 0.308 0.147 0.598 0.664
158.080 23 0.308 0.150 0.598 0.667
158.120 23 0.302 0.156 0.586 0.661
158.160 23 0.305 0.153 0.594 0.669
158.200 23 0.294 0.153 0.584 0.667
158.240 23 0.300 0.156 0.589 0.669
158.280 23 0.291 0.153 0.581 0.669
158.320 23 0.305 0.153 0.595 0.669
158.360 23 0.291 0.153 0.577 0.658
158.400 23 0.303 0.153 0.592 0.667
158.440 23 0.289 0.153 0.573 0.658
158.480 23 0.300 0.153 0.589 0.667
158.520 23 0.287 0.153 0.570 0.656
158.560 23 0.298 0.156 0.588 0.667
158.600 23 0.295 0.158 0.572 0.653
