11.000 0 0.525 0.178 0.873 0.797
11.040 0 0.528 0.153 0.875 0.769
11.080 0 0.520 0.150 0.869 0.769
11.120 0 0.531 0.150 0.878 0.767
11.160 0 0.522 0.144 0.872 0.767
11.200 0 0.533 0.147 0.881 0.764
11.240 0 0.519 0.139 0.870 0.764
11.280 0 0.528 0.133 0.889 0.775
11.320 0 0.522 0.131 0.875 0.761
11.360 0 0.527 0.125 0.891 0.769
11.400 0 0.512 0.114 0.878 0.764
11.440 0 0.527 0.111 0.894 0.764
11.480 0 0.514 0.106 0.881 0.758
11.520 0 0.530 0.103 0.897 0.753
11.560 0 0.517 0.094 0.884 0.750
11.600 0 0.533 0.092 0.902 0.747
11.640 0 0.520 0.083 0.891 0.742
11.680 0 0.536 0.081 0.905 0.736
11.720 0 0.523 0.075 0.894 0.733
11.760 0 0.539 0.072 0.909 0.731
11.800 0 0.527 0.067 0.898 0.725
11.840 0 0.544 0.067 0.914 0.725
11.880 0 0.537 0.058 0.909 0.719
11.920 0 0.548 0.056 0.922 0.719
11.960 0 0.545 0.050 0.919 0.714
12.000 0 0.564 0.042 0.912 0.661
12.040 0 0.581 0.050 0.897 0.639
12.080 0 0.586 0.039 0.903 0.631
12.120 0 0.597 0.028 0.912 0.619
12.160 0 0.600 0.019 0.917 0.614
12.200 0 0.603 0.011 0.922 0.606
12.240 0 0.616 0.006 0.931 0.597
12.280 0 0.623 -0.003 0.941 0.589
12.320 0 0.620 -0.014 0.941 0.586
12.360 0 0.631 -0.019 0.950 0.575
12.400 0 0.636 -0.025 0.955 0.569
12.440 0 0.642 -0.028 0.961 0.569
12.480 0 0.650 -0.036 0.970 0.564
12.520 0 0.655 -0.033 0.973 0.564
12.560 0 0.658 -0.039 0.980 0.561
12.600 0 0.661 -0.044 0.983 0.558
12.640 0 0.673 -0.050 0.992 0.547
12.680 0 0.670 -0.058 0.994 0.544
12.720 0 0.681 -0.058 1.002 0.539
12.760 0 0.684 -0.067 1.006 0.536
12.800 0 0.689 -0.069 1.011 0.533
12.840 0 0.691 -0.083 1.017 0.528
12.880 0 0.703 -0.078 1.025 0.522
12.920 0 0.700 -0.089 1.025 0.522
12.960 0 0.711 -0.092 1.033 0.511
13.000 0 0.728 -0.081 1.017 0.492
13.040 0 0.731 -0.089 1.033 0.508
13.080 0 0.742 -0.100 1.042 0.492
13.120 0 0.739 -0.092 1.028 0.481
13.160 0 0.747 -0.103 1.041 0.478
13.200 0 0.762 -0.106 1.058 0.478
13.240 0 0.764 -0.103 1.055 0.472
13.280 0 0.789 -0.081 1.062 0.464
13.320 0 0.781 -0.100 1.064 0.461
13.360 0 0.795 -0.108 1.081 0.458
13.400 0 0.794 -0.114 1.081 0.458
13.440 0 0.809 -0.119 1.098 0.453
13.480 0 0.805 -0.122 1.094 0.450
13.520 0 0.812 -0.133 1.106 0.447
13.560 0 0.823 -0.139 1.114 0.439
13.600 0 0.820 -0.150 1.114 0.431
13.640 0 0.830 -0.161 1.125 0.422
13.680 0 0.830 -0.167 1.123 0.417
13.720 0 0.838 -0.178 1.134 0.408
13.760 0 0.839 -0.181 1.133 0.400
13.880 1 -0.023 0.139 0.042 0.253
13.920 1 -0.020 0.131 0.044 0.247
13.960 1 -0.017 0.125 0.047 0.239
14.000 1 -0.014 0.119 0.052 0.236
14.040 1 -0.013 0.117 0.053 0.233
14.080 1 -0.011 0.111 0.056 0.231
14.120 1 -0.008 0.106 0.059 0.222
14.160 1 -0.006 0.100 0.061 0.219
14.200 1 -0.003 0.097 0.064 0.217
14.240 1 -0.002 0.092 0.069 0.217
14.280 1 0.000 0.089 0.069 0.211
14.320 1 0.003 0.086 0.070 0.206
14.360 1 0.003 0.083 0.070 0.203
14.400 1 0.006 0.075 0.073 0.194
14.440 1 0.008 0.069 0.075 0.189
14.480 1 0.009 0.067 0.077 0.183
14.520 1 0.011 0.058 0.078 0.178
14.560 1 0.013 0.056 0.080 0.175
14.600 1 0.013 0.050 0.081 0.172
14.640 1 0.013 0.044 0.081 0.167
14.680 1 0.014 0.042 0.083 0.164
14.720 1 0.014 0.033 0.083 0.158
14.760 1 0.014 0.025 0.086 0.153
14.800 1 0.014 0.019 0.086 0.147
14.840 1 0.017 0.017 0.087 0.139
14.880 1 0.019 0.014 0.087 0.136
14.920 1 0.022 0.014 0.089 0.133
14.960 1 0.025 0.008 0.091 0.128
15.000 1 0.025 0.006 0.092 0.125
15.040 1 0.028 0.003 0.094 0.119
15.080 1 0.031 0.000 0.095 0.114
15.120 1 0.034 0.000 0.097 0.111
15.160 1 0.036 -0.003 0.098 0.108
15.200 1 0.037 -0.008 0.100 0.103
15.240 1 0.041 -0.008 0.103 0.103
15.280 1 0.042 -0.017 0.105 0.094
15.320 1 0.044 -0.017 0.106 0.094
15.360 1 0.047 -0.019 0.108 0.092
15.400 1 0.048 -0.022 0.109 0.089
15.440 1 0.050 -0.025 0.113 0.086
15.480 1 0.052 -0.025 0.114 0.086
15.520 1 0.053 -0.028 0.117 0.083
15.560 1 0.056 -0.028 0.119 0.083
15.600 1 0.055 -0.031 0.119 0.083
15.640 1 0.058 -0.031 0.122 0.083
15.680 1 0.061 -0.031 0.123 0.081
15.720 1 0.062 -0.031 0.123 0.081
15.760 1 0.064 -0.031 0.127 0.078
15.800 1 0.067 -0.033 0.128 0.075
15.840 1 0.067 -0.036 0.130 0.075
15.880 1 0.069 -0.039 0.131 0.069
15.920 1 0.070 -0.042 0.133 0.069
15.960 1 0.072 -0.042 0.133 0.067
16.000 1 0.073 -0.039 0.131 0.064
16.040 1 0.075 -0.039 0.133 0.064
16.080 1 0.077 -0.039 0.133 0.061
15.560 2 -0.084 0.522 0.109 0.828
15.600 2 -0.080 0.514 0.109 0.814
15.640 2 -0.075 0.517 0.117 0.819
15.680 2 -0.075 0.514 0.116 0.814
15.720 2 -0.067 0.517 0.120 0.811
15.760 2 -0.061 0.508 0.127 0.803
15.800 2 -0.061 0.506 0.125 0.800
15.840 2 -0.055 0.497 0.131 0.794
15.880 2 -0.056 0.494 0.130 0.789
15.920 2 -0.052 0.489 0.138 0.789
15.960 2 -0.056 0.481 0.138 0.789
16.000 2 -0.047 0.483 0.141 0.781
16.040 2 -0.044 0.475 0.150 0.781
16.080 2 -0.056 0.464 0.145 0.783
16.120 2 -0.044 0.467 0.145 0.764
16.160 2 -0.044 0.467 0.144 0.764
16.200 2 -0.044 0.461 0.144 0.758
16.240 2 -0.039 0.458 0.148 0.756
16.280 2 -0.042 0.456 0.145 0.750
16.320 2 -0.042 0.453 0.144 0.747
16.360 2 -0.039 0.447 0.150 0.750
16.400 2 -0.042 0.447 0.145 0.744
16.440 2 -0.042 0.447 0.145 0.744
16.480 2 -0.039 0.442 0.152 0.744
16.520 2 -0.041 0.442 0.147 0.739
16.560 2 -0.037 0.436 0.153 0.739
16.600 2 -0.042 0.433 0.150 0.736
16.640 2 -0.039 0.428 0.156 0.733
16.680 2 -0.058 0.428 0.172 0.792
16.720 2 -0.056 0.425 0.172 0.789
16.760 2 -0.056 0.422 0.175 0.786
16.800 2 -0.058 0.414 0.178 0.789
16.840 2 -0.055 0.411 0.178 0.783
16.880 2 -0.055 0.408 0.180 0.783
16.920 2 -0.052 0.408 0.183 0.781
16.960 2 -0.048 0.406 0.188 0.781
17.000 2 -0.066 0.411 0.203 0.839
17.040 2 -0.056 0.411 0.212 0.839
17.080 2 -0.061 0.408 0.208 0.836
17.120 2 -0.052 0.411 0.216 0.836
17.160 2 -0.056 0.406 0.212 0.833
17.200 2 -0.055 0.408 0.214 0.836
17.240 2 -0.053 0.411 0.216 0.842
17.280 2 -0.052 0.411 0.219 0.842
17.320 2 -0.047 0.406 0.231 0.850
17.360 2 -0.050 0.406 0.227 0.844
17.400 2 -0.044 0.406 0.237 0.853
17.440 2 -0.047 0.400 0.234 0.847
17.480 2 -0.039 0.403 0.237 0.844
17.520 2 -0.014 0.339 0.231 0.778
17.560 2 -0.008 0.333 0.242 0.781
17.600 2 0.006 0.333 0.255 0.778
17.640 2 0.014 0.328 0.264 0.775
17.680 2 0.031 0.331 0.275 0.769
17.720 2 0.028 0.331 0.270 0.764
17.760 2 0.036 0.328 0.278 0.761
17.800 2 0.031 0.325 0.275 0.758
17.840 2 0.039 0.322 0.280 0.756
17.880 2 0.033 0.319 0.275 0.753
17.920 2 0.041 0.319 0.281 0.747
17.960 2 0.041 0.322 0.272 0.739
18.000 2 0.042 0.314 0.283 0.744
18.040 2 0.042 0.300 0.297 0.756
18.080 2 0.044 0.311 0.284 0.742
18.120 2 0.045 0.314 0.284 0.739
18.160 2 0.048 0.308 0.294 0.744
18.200 2 0.034 0.306 0.281 0.747
18.240 2 0.039 0.303 0.294 0.761
18.280 2 0.042 0.311 0.283 0.742
18.320 2 0.044 0.314 0.281 0.739
18.360 2 0.042 0.311 0.280 0.736
18.400 2 0.041 0.311 0.278 0.736
18.440 2 0.041 0.311 0.277 0.733
18.480 2 0.037 0.308 0.275 0.733
18.520 2 0.028 0.300 0.273 0.739
18.560 2 0.033 0.303 0.278 0.742
18.600 2 0.025 0.300 0.273 0.747
18.640 2 0.034 0.308 0.280 0.747
18.680 2 0.037 0.300 0.289 0.747
18.720 3 0.203 0.244 0.261 0.347
18.760 3 0.203 0.247 0.259 0.347
18.800 3 0.203 0.247 0.261 0.347
18.840 3 0.202 0.247 0.259 0.347
18.880 3 0.202 0.247 0.261 0.353
18.920 3 0.202 0.250 0.258 0.350
18.960 3 0.203 0.250 0.259 0.350
19.000 3 0.202 0.250 0.258 0.350
19.040 3 0.202 0.250 0.258 0.350
19.080 3 0.203 0.250 0.259 0.350
19.120 3 0.203 0.250 0.258 0.347
19.160 3 0.206 0.247 0.261 0.347
19.200 3 0.209 0.244 0.264 0.342
19.240 3 0.212 0.239 0.267 0.336
19.280 3 0.216 0.233 0.270 0.333
25.200 4 0.198 0.328 0.266 0.450
25.240 4 0.195 0.331 0.263 0.450
25.280 4 0.192 0.328 0.259 0.447
25.320 4 0.189 0.333 0.258 0.453
25.360 4 0.186 0.333 0.253 0.453
25.400 4 0.183 0.336 0.250 0.456
25.440 4 0.180 0.336 0.247 0.456
25.480 4 0.177 0.339 0.244 0.461
25.520 4 0.175 0.339 0.247 0.464
25.560 4 0.175 0.342 0.245 0.467
25.600 4 0.173 0.344 0.244 0.469
25.640 4 0.173 0.344 0.245 0.472
25.680 4 0.177 0.344 0.248 0.472
25.720 4 0.181 0.350 0.253 0.475
25.760 4 0.186 0.353 0.256 0.475
25.800 4 0.191 0.356 0.259 0.478
25.840 4 0.192 0.358 0.259 0.478
25.880 4 0.195 0.361 0.263 0.481
25.920 4 0.195 0.364 0.264 0.483
25.960 4 0.197 0.367 0.264 0.486
26.000 4 0.198 0.367 0.266 0.486
26.040 4 0.197 0.361 0.269 0.489
26.080 4 0.198 0.358 0.270 0.483
26.120 4 0.202 0.356 0.272 0.483
26.160 4 0.205 0.353 0.275 0.481
26.200 4 0.206 0.350 0.278 0.478
26.240 4 0.211 0.350 0.281 0.475
26.280 4 0.212 0.344 0.284 0.475
26.320 4 0.216 0.344 0.287 0.475
26.360 4 0.217 0.342 0.291 0.472
26.400 4 0.219 0.342 0.291 0.472
26.440 4 0.220 0.344 0.292 0.472
26.480 4 0.222 0.344 0.294 0.472
26.520 4 0.222 0.344 0.294 0.472
26.560 4 0.223 0.344 0.295 0.475
26.600 4 0.222 0.344 0.295 0.475
26.640 4 0.225 0.342 0.297 0.475
26.680 4 0.223 0.339 0.297 0.472
26.720 4 0.225 0.336 0.298 0.467
26.760 4 0.223 0.331 0.297 0.464
26.800 4 0.227 0.328 0.298 0.458
26.840 4 0.228 0.325 0.300 0.456
26.880 4 0.225 0.325 0.297 0.453
26.920 4 0.227 0.322 0.298 0.450
26.960 4 0.225 0.319 0.297 0.447
27.000 4 0.220 0.311 0.300 0.456
25.920 5 0.453 0.306 0.522 0.425
25.960 5 0.458 0.303 0.525 0.422
26.000 5 0.461 0.300 0.528 0.419
26.040 5 0.464 0.300 0.530 0.417
26.080 5 0.467 0.294 0.533 0.414
26.120 5 0.470 0.292 0.536 0.408
26.160 5 0.472 0.289 0.537 0.406
26.200 5 0.473 0.281 0.541 0.400
26.240 5 0.475 0.278 0.541 0.394
26.280 5 0.477 0.272 0.541 0.386
26.320 5 0.477 0.267 0.542 0.383
35.440 6 0.269 0.175 0.425 0.453
35.480 6 0.269 0.175 0.425 0.453
35.520 6 0.270 0.175 0.427 0.453
35.560 6 0.273 0.175 0.430 0.453
35.600 6 0.269 0.175 0.423 0.453
35.640 6 0.278 0.178 0.431 0.453
35.680 6 0.275 0.183 0.423 0.447
35.720 6 0.284 0.189 0.430 0.447
35.760 6 0.283 0.197 0.423 0.447
35.800 6 0.284 0.203 0.425 0.450
35.840 6 0.284 0.203 0.425 0.453
35.880 6 0.286 0.206 0.427 0.456
35.920 6 0.287 0.208 0.427 0.458
35.960 6 0.286 0.208 0.427 0.458
36.000 6 0.287 0.208 0.428 0.458
36.040 6 0.291 0.217 0.430 0.464
36.080 6 0.291 0.217 0.430 0.461
36.120 6 0.291 0.217 0.430 0.461
36.160 6 0.291 0.214 0.430 0.461
36.200 6 0.292 0.211 0.431 0.458
36.240 6 0.289 0.208 0.430 0.456
36.280 6 0.291 0.208 0.433 0.458
36.320 6 0.291 0.208 0.430 0.456
36.360 6 0.294 0.211 0.433 0.458
36.400 6 0.289 0.206 0.431 0.458
36.440 6 0.294 0.206 0.436 0.458
36.480 6 0.292 0.206 0.434 0.458
36.520 6 0.292 0.206 0.434 0.458
36.560 6 0.294 0.206 0.434 0.458
36.600 6 0.292 0.206 0.433 0.456
36.640 6 0.294 0.206 0.436 0.458
36.680 6 0.295 0.203 0.439 0.458
36.720 6 0.294 0.203 0.436 0.456
36.760 6 0.298 0.203 0.441 0.456
36.800 6 0.295 0.203 0.438 0.456
36.840 6 0.298 0.203 0.441 0.456
36.880 6 0.297 0.200 0.441 0.456
36.920 6 0.303 0.203 0.447 0.458
36.960 6 0.298 0.203 0.441 0.456
37.000 6 0.303 0.208 0.444 0.458
37.040 6 0.303 0.203 0.445 0.456
37.080 6 0.302 0.203 0.444 0.456
37.120 6 0.306 0.203 0.448 0.456
37.160 6 0.305 0.203 0.447 0.456
37.200 6 0.309 0.206 0.450 0.456
37.240 6 0.308 0.206 0.448 0.456
37.280 6 0.312 0.206 0.453 0.456
37.320 6 0.309 0.206 0.452 0.456
37.360 6 0.314 0.206 0.455 0.456
37.400 6 0.312 0.206 0.453 0.456
37.440 6 0.316 0.206 0.456 0.458
37.480 6 0.314 0.206 0.458 0.458
37.520 6 0.316 0.206 0.458 0.458
37.560 6 0.314 0.206 0.456 0.461
37.600 6 0.317 0.206 0.459 0.461
37.640 6 0.316 0.208 0.458 0.461
37.680 6 0.317 0.208 0.459 0.461
37.720 6 0.317 0.208 0.459 0.464
37.760 6 0.316 0.208 0.463 0.469
37.800 6 0.316 0.214 0.459 0.467
37.840 6 0.319 0.214 0.461 0.467
37.880 6 0.319 0.217 0.459 0.464
37.920 6 0.319 0.217 0.459 0.464
37.960 6 0.319 0.211 0.461 0.467
38.000 6 0.319 0.208 0.459 0.458
38.040 6 0.311 0.189 0.463 0.458
38.080 6 0.314 0.189 0.464 0.456
38.120 6 0.312 0.183 0.467 0.456
38.160 6 0.314 0.181 0.469 0.456
38.200 6 0.316 0.181 0.470 0.453
38.240 6 0.316 0.178 0.470 0.453
38.280 6 0.317 0.175 0.470 0.450
38.320 6 0.316 0.172 0.473 0.450
38.360 6 0.316 0.167 0.475 0.453
38.400 6 0.317 0.169 0.475 0.447
38.440 6 0.319 0.167 0.477 0.447
38.480 6 0.317 0.169 0.473 0.444
38.520 6 0.319 0.172 0.473 0.444
38.560 6 0.319 0.172 0.473 0.444
38.600 6 0.316 0.169 0.470 0.444
38.640 6 0.317 0.172 0.470 0.442
38.680 6 0.320 0.172 0.472 0.442
38.720 6 0.316 0.172 0.469 0.444
38.760 6 0.317 0.169 0.473 0.447
38.800 6 0.316 0.169 0.470 0.444
38.840 6 0.319 0.167 0.475 0.447
38.880 6 0.316 0.167 0.472 0.444
38.920 6 0.314 0.164 0.478 0.456
38.960 6 0.312 0.164 0.473 0.453
39.000 6 0.308 0.150 0.477 0.450
39.040 6 0.319 0.175 0.469 0.442
39.080 6 0.314 0.175 0.463 0.439
39.120 6 0.320 0.175 0.469 0.439
39.160 6 0.319 0.178 0.466 0.439
39.200 6 0.316 0.169 0.472 0.447
39.240 6 0.320 0.172 0.470 0.442
39.280 6 0.317 0.172 0.470 0.442
39.320 6 0.317 0.172 0.470 0.444
39.360 6 0.317 0.169 0.472 0.444
39.400 6 0.320 0.172 0.472 0.439
39.440 6 0.319 0.172 0.467 0.436
39.480 6 0.316 0.167 0.472 0.444
39.520 6 0.317 0.169 0.472 0.444
39.560 6 0.316 0.167 0.473 0.447
39.600 6 0.316 0.169 0.470 0.444
39.640 6 0.314 0.172 0.469 0.450
39.680 6 0.312 0.181 0.466 0.450
39.720 6 0.311 0.181 0.466 0.458
39.760 6 0.311 0.186 0.464 0.458
39.800 6 0.309 0.186 0.466 0.464
39.840 6 0.309 0.186 0.466 0.464
39.880 6 0.311 0.186 0.467 0.464
39.920 6 0.311 0.186 0.467 0.461
39.960 6 0.311 0.186 0.467 0.461
40.000 6 0.319 0.208 0.459 0.458
40.040 6 0.331 0.219 0.461 0.450
40.080 6 0.327 0.222 0.456 0.450
40.120 6 0.328 0.219 0.459 0.453
40.160 6 0.327 0.222 0.458 0.456
40.200 6 0.327 0.225 0.456 0.456
40.240 6 0.325 0.225 0.455 0.456
40.280 6 0.325 0.225 0.456 0.456
40.320 6 0.322 0.225 0.452 0.456
40.360 6 0.323 0.225 0.453 0.458
40.400 6 0.322 0.225 0.452 0.458
40.440 6 0.322 0.228 0.452 0.456
40.480 6 0.325 0.228 0.455 0.456
40.520 6 0.322 0.225 0.453 0.458
40.560 6 0.322 0.225 0.455 0.458
40.600 6 0.320 0.228 0.450 0.458
40.640 6 0.320 0.225 0.453 0.461
40.680 6 0.320 0.228 0.452 0.461
40.720 6 0.319 0.231 0.450 0.461
40.760 6 0.320 0.233 0.452 0.464
40.800 6 0.317 0.236 0.448 0.469
40.840 6 0.319 0.239 0.450 0.472
40.880 6 0.316 0.239 0.447 0.472
40.920 6 0.317 0.242 0.448 0.475
40.960 6 0.317 0.244 0.448 0.475
41.000 6 0.317 0.247 0.447 0.478
41.040 6 0.316 0.247 0.447 0.481
41.080 6 0.314 0.247 0.445 0.481
41.120 6 0.311 0.247 0.442 0.481
41.160 6 0.312 0.247 0.444 0.481
41.200 6 0.311 0.247 0.442 0.481
41.240 6 0.311 0.244 0.442 0.481
41.280 6 0.309 0.244 0.441 0.478
41.320 6 0.308 0.242 0.441 0.478
41.360 6 0.306 0.239 0.441 0.478
41.400 6 0.306 0.239 0.439 0.475
41.440 6 0.305 0.239 0.439 0.475
41.480 6 0.303 0.236 0.438 0.475
41.520 6 0.305 0.236 0.439 0.475
41.560 6 0.302 0.236 0.434 0.475
41.600 6 0.302 0.236 0.436 0.475
41.640 6 0.300 0.236 0.436 0.475
41.680 6 0.297 0.236 0.431 0.475
41.720 6 0.297 0.233 0.433 0.475
41.760 6 0.295 0.231 0.431 0.472
41.800 6 0.294 0.228 0.430 0.469
41.840 6 0.292 0.225 0.428 0.467
41.880 6 0.291 0.219 0.428 0.464
41.920 6 0.287 0.217 0.427 0.461
41.960 6 0.284 0.211 0.425 0.458
42.000 6 0.287 0.208 0.428 0.458
42.040 6 0.280 0.181 0.438 0.461
42.080 6 0.280 0.181 0.438 0.458
42.120 6 0.280 0.178 0.436 0.458
42.160 6 0.280 0.178 0.436 0.456
42.200 6 0.278 0.175 0.436 0.456
42.240 6 0.280 0.175 0.436 0.456
42.280 6 0.273 0.175 0.431 0.456
42.320 6 0.273 0.175 0.431 0.456
42.360 6 0.273 0.175 0.430 0.453
42.400 6 0.272 0.175 0.428 0.453
42.440 6 0.270 0.178 0.425 0.453
42.480 6 0.266 0.178 0.422 0.453
42.520 6 0.266 0.178 0.422 0.456
42.560 6 0.264 0.175 0.420 0.456
42.600 6 0.263 0.175 0.420 0.456
42.640 6 0.261 0.178 0.417 0.456
42.680 6 0.259 0.175 0.416 0.456
42.720 6 0.258 0.175 0.414 0.453
42.760 6 0.258 0.175 0.414 0.453
42.800 6 0.258 0.175 0.412 0.453
42.840 6 0.256 0.175 0.412 0.453
42.880 6 0.256 0.175 0.412 0.450
42.920 6 0.256 0.172 0.412 0.450
42.960 6 0.256 0.172 0.412 0.447
43.000 6 0.252 0.150 0.420 0.450
43.040 6 0.255 0.161 0.416 0.447
43.080 6 0.252 0.161 0.412 0.447
43.120 6 0.255 0.158 0.416 0.444
43.160 6 0.252 0.158 0.412 0.444
43.200 6 0.256 0.158 0.417 0.444
43.240 6 0.255 0.158 0.416 0.444
43.280 6 0.256 0.158 0.417 0.444
43.320 6 0.255 0.158 0.416 0.444
43.360 6 0.252 0.156 0.416 0.447
43.400 6 0.253 0.158 0.414 0.447
43.440 6 0.252 0.161 0.414 0.447
43.480 6 0.252 0.164 0.412 0.447
43.520 6 0.252 0.164 0.409 0.447
43.560 6 0.253 0.164 0.411 0.447
43.600 6 0.253 0.161 0.412 0.444
43.640 6 0.253 0.161 0.412 0.442
43.680 6 0.256 0.161 0.416 0.444
43.720 6 0.252 0.161 0.409 0.444
43.760 6 0.255 0.164 0.412 0.444
43.800 6 0.250 0.164 0.409 0.444
43.840 6 0.255 0.164 0.412 0.444
43.880 6 0.253 0.164 0.409 0.442
43.920 6 0.259 0.167 0.416 0.444
43.960 6 0.264 0.167 0.417 0.442
44.000 6 0.272 0.181 0.412 0.431
44.040 6 0.281 0.181 0.419 0.425
44.080 6 0.278 0.178 0.417 0.425
44.120 6 0.280 0.175 0.419 0.425
44.160 6 0.280 0.175 0.420 0.422
44.200 6 0.275 0.175 0.416 0.425
44.240 6 0.277 0.175 0.417 0.425
44.280 6 0.272 0.178 0.412 0.425
44.320 6 0.275 0.178 0.414 0.428
44.360 6 0.272 0.178 0.411 0.425
44.400 6 0.272 0.178 0.411 0.428
44.440 6 0.267 0.178 0.406 0.428
44.480 6 0.269 0.178 0.409 0.431
44.520 6 0.264 0.178 0.405 0.428
44.560 6 0.266 0.178 0.406 0.428
44.600 6 0.263 0.178 0.403 0.428
44.640 6 0.263 0.181 0.403 0.428
44.680 6 0.258 0.178 0.398 0.428
44.720 6 0.261 0.178 0.400 0.428
44.760 6 0.258 0.178 0.398 0.428
44.800 6 0.256 0.178 0.397 0.425
44.840 6 0.259 0.178 0.398 0.428
44.880 6 0.255 0.178 0.395 0.425
44.920 6 0.256 0.178 0.397 0.428
44.960 6 0.255 0.181 0.395 0.431
45.000 6 0.256 0.181 0.397 0.431
45.040 6 0.252 0.183 0.391 0.431
45.080 6 0.250 0.183 0.389 0.431
45.120 6 0.247 0.183 0.388 0.431
45.160 6 0.245 0.183 0.386 0.431
45.200 6 0.244 0.183 0.383 0.431
45.240 6 0.245 0.186 0.383 0.431
45.280 6 0.241 0.186 0.380 0.433
45.320 6 0.242 0.186 0.381 0.433
45.360 6 0.237 0.186 0.377 0.433
45.400 6 0.236 0.186 0.377 0.433
45.440 6 0.239 0.186 0.378 0.433
45.480 6 0.241 0.186 0.380 0.433
45.520 6 0.245 0.189 0.384 0.433
45.560 6 0.250 0.189 0.389 0.436
45.600 6 0.252 0.189 0.391 0.436
45.640 6 0.256 0.189 0.395 0.436
45.680 6 0.255 0.189 0.394 0.433
45.720 6 0.252 0.189 0.388 0.433
45.760 6 0.252 0.189 0.388 0.433
45.800 6 0.250 0.189 0.388 0.433
45.840 6 0.248 0.186 0.386 0.431
45.880 6 0.250 0.183 0.391 0.433
45.920 6 0.250 0.183 0.391 0.431
45.960 6 0.255 0.181 0.397 0.433
46.000 6 0.256 0.181 0.397 0.431
46.040 6 0.259 0.181 0.398 0.431
46.080 6 0.259 0.181 0.402 0.431
46.120 6 0.261 0.181 0.403 0.431
46.160 6 0.258 0.183 0.397 0.431
46.200 6 0.258 0.181 0.400 0.433
46.240 6 0.255 0.183 0.395 0.433
46.280 6 0.258 0.183 0.398 0.433
46.320 6 0.255 0.181 0.398 0.433
46.360 6 0.255 0.181 0.398 0.433
46.400 6 0.253 0.181 0.397 0.436
46.440 6 0.256 0.181 0.397 0.433
46.480 6 0.256 0.181 0.397 0.433
46.520 6 0.256 0.181 0.397 0.433
46.560 6 0.256 0.181 0.397 0.431
46.600 6 0.255 0.181 0.395 0.431
46.640 6 0.255 0.181 0.395 0.431
46.680 6 0.255 0.183 0.394 0.431
46.720 6 0.255 0.183 0.395 0.431
46.760 6 0.256 0.183 0.395 0.431
46.800 6 0.258 0.183 0.395 0.431
46.840 6 0.255 0.183 0.394 0.431
46.880 6 0.259 0.183 0.397 0.428
46.920 6 0.258 0.183 0.395 0.431
46.960 6 0.259 0.183 0.397 0.428
47.000 6 0.256 0.181 0.397 0.431
47.040 6 0.256 0.181 0.397 0.431
47.080 6 0.259 0.183 0.398 0.431
47.120 6 0.256 0.183 0.394 0.428
47.160 6 0.266 0.186 0.400 0.425
47.200 6 0.261 0.186 0.397 0.425
47.240 6 0.261 0.183 0.402 0.431
47.280 6 0.261 0.183 0.402 0.433
47.320 6 0.263 0.183 0.402 0.433
50.800 7 0.348 0.225 0.555 0.592
50.840 7 0.356 0.225 0.562 0.592
50.880 7 0.353 0.222 0.559 0.592
50.920 7 0.359 0.222 0.567 0.589
50.960 7 0.356 0.222 0.564 0.589
51.000 7 0.362 0.222 0.569 0.589
51.040 7 0.358 0.219 0.566 0.589
51.080 7 0.364 0.219 0.570 0.589
51.120 7 0.359 0.219 0.567 0.589
51.160 7 0.366 0.219 0.572 0.586
51.200 7 0.361 0.217 0.569 0.586
51.240 7 0.367 0.217 0.573 0.583
51.280 7 0.362 0.217 0.569 0.583
51.320 7 0.367 0.214 0.575 0.581
51.360 7 0.364 0.211 0.570 0.581
51.400 7 0.369 0.208 0.575 0.578
51.440 7 0.364 0.208 0.572 0.578
51.480 7 0.369 0.206 0.577 0.575
51.520 7 0.369 0.203 0.577 0.572
51.560 7 0.369 0.200 0.577 0.569
51.600 7 0.367 0.200 0.575 0.569
51.640 7 0.367 0.197 0.575 0.567
51.680 7 0.366 0.194 0.573 0.567
51.720 7 0.364 0.192 0.573 0.564
51.760 7 0.364 0.192 0.572 0.561
51.800 7 0.362 0.192 0.572 0.561
51.840 7 0.362 0.192 0.570 0.561
51.880 7 0.361 0.189 0.570 0.561
51.920 7 0.361 0.189 0.569 0.561
51.960 7 0.359 0.189 0.569 0.561
52.000 7 0.359 0.189 0.567 0.561
52.040 7 0.359 0.189 0.567 0.561
52.080 7 0.359 0.189 0.567 0.558
52.120 7 0.359 0.189 0.567 0.558
52.160 7 0.359 0.189 0.567 0.558
52.200 7 0.359 0.189 0.567 0.558
52.240 7 0.359 0.189 0.567 0.558
52.280 7 0.364 0.189 0.572 0.561
52.320 7 0.358 0.192 0.566 0.558
52.360 7 0.361 0.192 0.569 0.561
52.400 7 0.356 0.192 0.562 0.558
52.440 7 0.355 0.192 0.561 0.558
52.480 7 0.355 0.192 0.559 0.558
52.520 7 0.353 0.192 0.559 0.558
52.560 7 0.353 0.192 0.558 0.556
52.600 7 0.352 0.189 0.556 0.556
52.640 7 0.352 0.189 0.556 0.553
52.680 7 0.350 0.189 0.555 0.553
52.720 7 0.350 0.189 0.555 0.550
52.760 7 0.348 0.186 0.553 0.550
52.800 7 0.348 0.186 0.553 0.550
52.840 7 0.348 0.186 0.553 0.550
52.880 7 0.348 0.186 0.552 0.550
52.920 7 0.347 0.186 0.552 0.547
52.960 7 0.347 0.186 0.552 0.547
53.000 7 0.347 0.186 0.552 0.547
53.040 7 0.342 0.183 0.547 0.547
53.080 7 0.348 0.183 0.552 0.547
53.120 7 0.348 0.183 0.552 0.544
53.160 7 0.348 0.186 0.552 0.547
53.200 7 0.350 0.189 0.553 0.550
53.240 7 0.350 0.192 0.555 0.556
53.280 7 0.352 0.197 0.555 0.558
53.320 7 0.352 0.203 0.555 0.564
53.360 7 0.352 0.208 0.555 0.569
53.400 7 0.352 0.211 0.555 0.572
53.440 7 0.353 0.214 0.556 0.575
53.480 7 0.353 0.217 0.556 0.578
53.520 7 0.355 0.217 0.558 0.578
53.560 7 0.355 0.217 0.558 0.578
53.600 7 0.355 0.217 0.558 0.578
53.640 7 0.361 0.222 0.559 0.575
53.680 7 0.353 0.222 0.550 0.572
53.720 7 0.367 0.233 0.559 0.575
53.760 7 0.352 0.222 0.552 0.578
53.800 7 0.361 0.225 0.561 0.578
53.840 7 0.355 0.222 0.556 0.581
53.880 7 0.359 0.228 0.558 0.581
53.920 7 0.352 0.222 0.553 0.581
53.960 7 0.350 0.222 0.552 0.581
54.000 7 0.348 0.222 0.550 0.581
54.040 7 0.347 0.222 0.548 0.581
54.080 7 0.345 0.222 0.545 0.578
54.120 7 0.342 0.222 0.544 0.578
54.160 7 0.339 0.219 0.541 0.578
54.200 7 0.338 0.219 0.539 0.578
54.240 7 0.327 0.211 0.536 0.583
54.280 7 0.331 0.219 0.533 0.581
54.320 7 0.330 0.219 0.531 0.581
54.360 7 0.327 0.219 0.530 0.581
54.400 7 0.319 0.217 0.523 0.581
54.440 7 0.322 0.219 0.525 0.581
54.480 7 0.320 0.219 0.523 0.581
54.520 7 0.312 0.217 0.519 0.583
54.560 7 0.316 0.222 0.520 0.583
54.600 7 0.316 0.219 0.519 0.581
54.640 7 0.314 0.219 0.517 0.581
54.680 7 0.312 0.219 0.514 0.581
54.720 7 0.309 0.219 0.512 0.581
54.760 7 0.308 0.219 0.511 0.581
54.800 7 0.306 0.219 0.509 0.581
54.840 7 0.305 0.219 0.508 0.578
54.880 7 0.303 0.219 0.506 0.578
54.920 7 0.297 0.217 0.500 0.578
54.960 7 0.302 0.219 0.503 0.578
55.000 7 0.294 0.217 0.497 0.578
55.040 7 0.298 0.219 0.500 0.578
55.080 7 0.291 0.217 0.494 0.578
55.120 7 0.295 0.219 0.498 0.581
55.160 7 0.289 0.219 0.492 0.581
55.200 7 0.294 0.219 0.497 0.581
55.240 7 0.289 0.219 0.491 0.581
55.280 7 0.292 0.222 0.495 0.583
55.320 7 0.292 0.222 0.495 0.586
55.360 7 0.292 0.225 0.497 0.586
55.400 7 0.294 0.225 0.500 0.589
55.440 7 0.295 0.225 0.503 0.592
55.480 7 0.298 0.228 0.506 0.597
52.040 8 0.800 0.267 0.998 0.617
52.080 8 0.816 0.256 1.014 0.606
52.120 8 0.823 0.253 1.019 0.603
52.160 8 0.820 0.250 1.017 0.600
52.200 8 0.825 0.247 1.025 0.603
52.240 8 0.814 0.244 1.014 0.603
52.280 8 0.819 0.244 1.019 0.603
52.320 8 0.808 0.250 1.008 0.606
52.360 8 0.803 0.250 1.000 0.600
52.400 8 0.794 0.250 0.989 0.600
52.440 8 0.783 0.247 0.978 0.597
52.480 8 0.773 0.250 0.973 0.606
52.520 8 0.770 0.247 0.973 0.606
52.560 8 0.761 0.247 0.961 0.606
52.600 8 0.759 0.244 0.961 0.603
52.640 8 0.750 0.244 0.952 0.603
52.680 8 0.747 0.244 0.948 0.600
52.720 8 0.745 0.242 0.947 0.597
52.760 8 0.745 0.239 0.945 0.594
52.800 8 0.742 0.239 0.939 0.589
52.840 8 0.745 0.233 0.945 0.589
52.880 8 0.744 0.233 0.941 0.583
52.920 8 0.748 0.228 0.948 0.586
52.960 8 0.747 0.228 0.945 0.581
53.000 8 0.752 0.222 0.953 0.581
53.040 8 0.759 0.222 0.958 0.575
53.080 8 0.758 0.217 0.959 0.575
53.120 8 0.766 0.217 0.964 0.569
53.160 8 0.769 0.214 0.970 0.572
53.200 8 0.762 0.214 0.964 0.572
53.240 8 0.773 0.211 0.975 0.572
53.280 8 0.773 0.217 0.977 0.575
53.320 8 0.778 0.217 0.981 0.578
53.360 8 0.787 0.219 0.992 0.581
53.400 8 0.789 0.222 0.992 0.586
53.440 8 0.798 0.231 1.002 0.589
53.480 8 0.794 0.233 0.995 0.594
53.520 8 0.805 0.239 1.006 0.594
53.560 8 0.798 0.239 1.000 0.597
53.600 8 0.803 0.242 1.003 0.597
53.640 8 0.808 0.242 1.008 0.597
53.680 8 0.797 0.239 0.998 0.597
53.720 8 0.805 0.236 1.005 0.594
53.760 8 0.794 0.233 0.995 0.592
53.800 8 0.802 0.233 1.002 0.592
53.840 8 0.791 0.233 0.992 0.589
53.880 8 0.797 0.233 0.998 0.589
53.920 8 0.786 0.231 0.988 0.589
53.960 8 0.792 0.233 0.994 0.589
54.000 8 0.783 0.233 0.983 0.589
54.040 8 0.789 0.236 0.989 0.592
54.080 8 0.778 0.236 0.978 0.592
54.120 8 0.784 0.233 0.984 0.589
54.160 8 0.773 0.233 0.973 0.589
54.200 8 0.778 0.233 0.978 0.589
54.240 8 0.767 0.228 0.967 0.586
54.280 8 0.769 0.231 0.970 0.589
54.320 8 0.762 0.233 0.963 0.589
54.360 8 0.764 0.233 0.964 0.589
54.400 8 0.761 0.231 0.963 0.589
54.440 8 0.759 0.231 0.959 0.586
54.480 8 0.756 0.231 0.956 0.586
54.520 8 0.753 0.231 0.953 0.586
54.560 8 0.750 0.228 0.950 0.583
54.600 8 0.747 0.228 0.947 0.583
54.640 8 0.744 0.228 0.944 0.581
54.680 8 0.742 0.225 0.942 0.581
54.720 8 0.739 0.225 0.939 0.581
54.760 8 0.738 0.225 0.936 0.581
54.800 8 0.734 0.222 0.934 0.578
54.840 8 0.730 0.222 0.931 0.578
54.880 8 0.719 0.217 0.920 0.575
54.920 8 0.714 0.222 0.916 0.581
54.960 8 0.703 0.219 0.903 0.578
55.000 8 0.683 0.231 0.884 0.589
55.520 9 0.623 0.347 0.678 0.444
55.560 9 0.625 0.350 0.678 0.444
55.600 9 0.622 0.347 0.677 0.444
55.640 9 0.623 0.347 0.678 0.444
55.680 9 0.625 0.350 0.678 0.444
55.720 9 0.625 0.350 0.678 0.444
55.760 9 0.627 0.347 0.680 0.444
55.800 9 0.627 0.347 0.681 0.444
55.840 9 0.627 0.347 0.681 0.444
55.880 9 0.628 0.350 0.681 0.444
55.920 9 0.627 0.353 0.680 0.447
55.960 9 0.623 0.353 0.678 0.447
56.000 9 0.620 0.350 0.677 0.450
56.040 9 0.619 0.350 0.675 0.450
56.080 9 0.616 0.350 0.672 0.450
56.120 9 0.616 0.347 0.672 0.447
56.160 9 0.613 0.347 0.669 0.447
56.200 9 0.614 0.347 0.670 0.447
56.240 9 0.614 0.347 0.669 0.444
56.280 9 0.614 0.347 0.670 0.444
56.320 9 0.614 0.347 0.669 0.447
56.360 9 0.611 0.347 0.667 0.447
57.120 10 0.698 0.108 0.758 0.211
57.160 10 0.698 0.108 0.756 0.211
57.200 10 0.697 0.108 0.755 0.211
57.240 10 0.698 0.111 0.755 0.211
57.280 10 0.695 0.111 0.752 0.211
57.320 10 0.695 0.111 0.752 0.211
57.360 10 0.694 0.111 0.750 0.211
57.400 10 0.689 0.111 0.747 0.211
57.440 10 0.691 0.111 0.748 0.211
57.480 10 0.688 0.111 0.745 0.214
57.520 10 0.689 0.111 0.745 0.214
57.560 10 0.686 0.111 0.744 0.214
57.600 10 0.686 0.111 0.745 0.214
57.640 10 0.684 0.111 0.744 0.217
57.680 10 0.686 0.111 0.744 0.217
57.720 10 0.684 0.111 0.742 0.217
57.760 10 0.684 0.114 0.741 0.214
57.800 10 0.680 0.111 0.739 0.217
57.840 10 0.681 0.111 0.741 0.214
57.880 10 0.677 0.111 0.736 0.217
57.920 10 0.678 0.111 0.738 0.217
57.960 10 0.677 0.111 0.736 0.219
58.000 10 0.677 0.117 0.733 0.217
58.040 10 0.675 0.117 0.731 0.217
58.080 10 0.677 0.117 0.733 0.217
58.120 10 0.675 0.117 0.730 0.217
58.160 10 0.677 0.119 0.733 0.217
58.200 10 0.677 0.117 0.731 0.217
58.240 10 0.678 0.117 0.733 0.214
58.280 10 0.677 0.117 0.733 0.214
58.320 10 0.677 0.117 0.733 0.214
58.360 10 0.677 0.114 0.733 0.214
58.400 10 0.677 0.114 0.731 0.214
58.440 10 0.673 0.111 0.730 0.211
58.480 10 0.672 0.114 0.728 0.214
58.520 10 0.669 0.114 0.725 0.214
58.560 10 0.666 0.114 0.722 0.217
59.440 11 0.373 0.444 0.492 0.656
59.480 11 0.370 0.442 0.491 0.658
59.520 11 0.372 0.444 0.492 0.658
59.560 11 0.369 0.447 0.489 0.658
59.600 11 0.367 0.444 0.487 0.658
59.640 11 0.372 0.447 0.491 0.658
59.680 11 0.367 0.447 0.484 0.658
59.720 11 0.369 0.447 0.487 0.658
59.760 11 0.367 0.447 0.484 0.658
59.800 11 0.370 0.447 0.487 0.658
59.840 11 0.370 0.447 0.487 0.656
59.880 11 0.370 0.447 0.487 0.656
59.920 11 0.370 0.447 0.487 0.656
59.960 11 0.373 0.450 0.487 0.656
60.000 11 0.369 0.450 0.486 0.658
60.040 11 0.369 0.450 0.486 0.658
60.080 11 0.369 0.453 0.486 0.658
60.120 11 0.373 0.453 0.489 0.658
60.160 11 0.370 0.453 0.486 0.658
60.200 11 0.373 0.456 0.486 0.656
60.240 11 0.381 0.453 0.495 0.656
60.280 11 0.394 0.461 0.508 0.664
64.480 12 0.241 0.383 0.302 0.492
64.520 12 0.239 0.383 0.302 0.492
64.560 12 0.242 0.381 0.303 0.489
64.600 12 0.242 0.381 0.303 0.489
64.640 12 0.244 0.378 0.305 0.486
64.680 12 0.247 0.378 0.306 0.486
64.720 12 0.247 0.378 0.306 0.486
64.760 12 0.248 0.381 0.309 0.486
64.800 12 0.250 0.381 0.311 0.486
64.840 12 0.252 0.381 0.312 0.486
64.880 12 0.250 0.381 0.311 0.486
64.920 12 0.253 0.378 0.312 0.486
64.960 12 0.255 0.381 0.316 0.486
65.000 12 0.256 0.381 0.316 0.486
65.040 12 0.258 0.381 0.317 0.486
65.080 12 0.258 0.381 0.319 0.486
65.120 12 0.259 0.381 0.319 0.486
65.160 12 0.261 0.381 0.320 0.486
65.200 12 0.261 0.383 0.320 0.486
65.240 12 0.261 0.383 0.320 0.489
65.280 12 0.261 0.383 0.320 0.489
65.320 12 0.263 0.386 0.320 0.489
65.360 12 0.263 0.386 0.320 0.492
65.400 12 0.263 0.389 0.322 0.492
65.440 12 0.263 0.389 0.322 0.492
65.480 12 0.264 0.389 0.322 0.492
65.520 12 0.264 0.389 0.322 0.494
65.560 12 0.264 0.392 0.323 0.494
65.600 12 0.266 0.392 0.323 0.494
65.640 12 0.266 0.394 0.323 0.494
65.680 12 0.267 0.394 0.325 0.497
65.720 12 0.266 0.397 0.322 0.497
65.760 12 0.269 0.400 0.325 0.500
65.800 12 0.270 0.400 0.327 0.500
65.840 12 0.270 0.400 0.327 0.500
65.880 12 0.272 0.400 0.330 0.500
65.920 12 0.273 0.400 0.330 0.503
65.960 12 0.273 0.403 0.331 0.503
66.000 12 0.275 0.403 0.331 0.506
66.040 12 0.275 0.406 0.331 0.506
66.080 12 0.273 0.406 0.330 0.506
66.120 12 0.275 0.406 0.333 0.506
66.160 12 0.273 0.406 0.331 0.506
66.200 12 0.277 0.406 0.333 0.506
66.240 12 0.277 0.406 0.333 0.506
66.280 12 0.277 0.406 0.333 0.506
66.320 12 0.277 0.406 0.333 0.506
66.360 12 0.277 0.406 0.333 0.506
66.400 12 0.277 0.406 0.333 0.506
66.440 12 0.277 0.406 0.333 0.506
66.480 12 0.278 0.408 0.333 0.506
66.520 12 0.275 0.408 0.330 0.506
66.560 12 0.277 0.408 0.331 0.506
66.600 12 0.275 0.408 0.330 0.506
66.640 12 0.272 0.406 0.330 0.508
66.680 12 0.273 0.408 0.330 0.508
66.720 12 0.270 0.408 0.327 0.508
66.760 12 0.270 0.411 0.325 0.508
66.800 12 0.269 0.414 0.323 0.511
66.840 12 0.267 0.414 0.322 0.514
66.880 12 0.264 0.417 0.320 0.517
66.920 12 0.264 0.419 0.319 0.517
66.960 12 0.263 0.422 0.317 0.519
67.000 12 0.261 0.422 0.316 0.522
67.040 12 0.258 0.425 0.314 0.525
67.080 12 0.256 0.425 0.312 0.525
67.120 12 0.255 0.425 0.311 0.525
67.160 12 0.252 0.425 0.311 0.528
67.200 12 0.253 0.425 0.311 0.528
67.240 12 0.250 0.425 0.309 0.528
67.280 12 0.252 0.425 0.308 0.528
67.320 12 0.248 0.425 0.308 0.528
67.360 12 0.248 0.425 0.306 0.528
67.400 12 0.252 0.425 0.308 0.525
67.440 12 0.247 0.422 0.305 0.525
67.480 12 0.248 0.422 0.306 0.525
67.520 12 0.248 0.419 0.306 0.522
67.560 12 0.250 0.419 0.308 0.522
67.600 12 0.248 0.417 0.306 0.522
67.640 12 0.250 0.417 0.308 0.519
67.680 12 0.248 0.417 0.306 0.517
67.720 12 0.250 0.417 0.308 0.517
67.760 12 0.248 0.417 0.306 0.519
67.800 12 0.248 0.414 0.306 0.519
67.840 12 0.247 0.414 0.308 0.522
67.880 12 0.247 0.417 0.305 0.519
67.920 12 0.247 0.414 0.306 0.522
67.960 12 0.245 0.417 0.303 0.519
68.000 12 0.245 0.417 0.302 0.517
68.040 12 0.244 0.414 0.302 0.517
68.080 12 0.244 0.414 0.300 0.514
68.120 12 0.244 0.414 0.300 0.514
68.160 12 0.244 0.414 0.300 0.514
68.200 12 0.244 0.414 0.300 0.514
68.240 12 0.245 0.414 0.300 0.511
68.280 12 0.245 0.414 0.300 0.511
68.320 12 0.245 0.411 0.302 0.511
68.360 12 0.245 0.414 0.302 0.514
68.400 12 0.247 0.414 0.303 0.514
68.440 12 0.247 0.414 0.303 0.514
68.480 12 0.247 0.417 0.303 0.517
68.520 12 0.247 0.417 0.305 0.519
68.560 12 0.248 0.417 0.305 0.519
68.600 12 0.248 0.417 0.308 0.522
64.480 13 0.533 0.278 0.584 0.369
64.520 13 0.531 0.278 0.583 0.369
64.560 13 0.533 0.275 0.584 0.367
64.600 13 0.534 0.275 0.586 0.367
64.640 13 0.536 0.275 0.588 0.367
64.680 13 0.539 0.275 0.591 0.367
64.720 13 0.541 0.275 0.592 0.367
64.760 13 0.544 0.275 0.595 0.367
64.800 13 0.545 0.275 0.597 0.367
64.840 13 0.547 0.275 0.598 0.367
64.880 13 0.548 0.275 0.600 0.367
64.920 13 0.550 0.272 0.602 0.364
64.960 13 0.552 0.272 0.603 0.364
65.000 13 0.553 0.272 0.605 0.364
65.040 13 0.556 0.272 0.608 0.364
65.080 13 0.556 0.272 0.608 0.364
65.120 13 0.558 0.272 0.609 0.364
65.160 13 0.558 0.272 0.611 0.364
65.200 13 0.556 0.269 0.608 0.364
65.240 13 0.559 0.272 0.611 0.364
65.280 13 0.558 0.272 0.609 0.364
65.320 13 0.559 0.275 0.611 0.367
65.360 13 0.558 0.275 0.609 0.369
65.400 13 0.558 0.278 0.611 0.369
65.440 13 0.558 0.278 0.609 0.372
65.480 13 0.556 0.278 0.608 0.372
65.520 13 0.558 0.278 0.609 0.369
65.560 13 0.559 0.278 0.611 0.369
65.600 13 0.559 0.278 0.613 0.369
65.640 13 0.562 0.281 0.614 0.372
65.680 13 0.562 0.281 0.614 0.375
65.720 13 0.562 0.286 0.614 0.378
65.760 13 0.562 0.286 0.616 0.378
65.800 13 0.561 0.286 0.614 0.378
65.840 13 0.562 0.286 0.614 0.381
65.880 13 0.561 0.286 0.613 0.378
65.920 13 0.561 0.286 0.614 0.378
65.960 13 0.561 0.286 0.614 0.378
66.000 13 0.562 0.286 0.616 0.378
66.040 13 0.562 0.286 0.616 0.381
66.080 13 0.564 0.286 0.617 0.381
66.120 13 0.566 0.289 0.619 0.383
66.160 13 0.566 0.289 0.619 0.383
66.200 13 0.567 0.292 0.620 0.386
66.240 13 0.567 0.292 0.622 0.386
66.280 13 0.569 0.292 0.622 0.389
66.320 13 0.569 0.292 0.623 0.389
66.360 13 0.570 0.292 0.623 0.389
66.400 13 0.570 0.294 0.625 0.389
66.440 13 0.570 0.294 0.625 0.389
66.480 13 0.570 0.294 0.625 0.392
66.520 13 0.570 0.294 0.625 0.392
66.560 13 0.572 0.294 0.627 0.392
66.600 13 0.569 0.294 0.623 0.392
66.640 13 0.569 0.294 0.623 0.392
66.680 13 0.567 0.294 0.622 0.392
66.720 13 0.567 0.294 0.622 0.389
66.760 13 0.566 0.294 0.619 0.389
66.800 13 0.566 0.294 0.620 0.389
66.840 13 0.564 0.294 0.619 0.392
66.880 13 0.564 0.294 0.619 0.392
66.920 13 0.564 0.294 0.619 0.392
66.960 13 0.564 0.294 0.619 0.392
67.000 13 0.566 0.294 0.620 0.392
67.040 13 0.567 0.292 0.623 0.394
67.080 13 0.566 0.289 0.623 0.392
67.120 13 0.569 0.289 0.628 0.394
67.160 13 0.572 0.289 0.628 0.392
67.200 13 0.570 0.292 0.627 0.392
67.240 13 0.573 0.292 0.630 0.392
67.280 13 0.572 0.292 0.628 0.392
67.320 13 0.575 0.294 0.630 0.394
67.360 13 0.573 0.294 0.630 0.394
67.400 13 0.573 0.297 0.630 0.397
67.440 13 0.572 0.297 0.628 0.397
67.480 13 0.573 0.294 0.630 0.397
67.520 13 0.570 0.294 0.627 0.394
67.560 13 0.572 0.294 0.628 0.394
67.600 13 0.570 0.292 0.625 0.392
67.640 13 0.569 0.289 0.625 0.389
67.680 13 0.567 0.289 0.625 0.389
67.720 13 0.566 0.289 0.620 0.383
67.760 13 0.566 0.286 0.620 0.383
67.800 13 0.562 0.286 0.617 0.383
67.840 13 0.562 0.286 0.616 0.381
67.880 13 0.559 0.283 0.613 0.381
67.920 13 0.556 0.283 0.613 0.383
67.960 13 0.555 0.281 0.611 0.383
68.000 13 0.552 0.283 0.608 0.383
68.040 13 0.548 0.283 0.605 0.386
68.080 13 0.548 0.283 0.603 0.383
68.120 13 0.545 0.283 0.602 0.383
68.160 13 0.545 0.283 0.600 0.381
68.200 13 0.545 0.283 0.600 0.381
68.240 13 0.544 0.283 0.600 0.381
68.280 13 0.545 0.283 0.600 0.381
68.320 13 0.544 0.283 0.598 0.381
68.360 13 0.545 0.283 0.600 0.381
68.400 13 0.545 0.283 0.600 0.381
68.440 13 0.544 0.286 0.598 0.381
68.480 13 0.547 0.283 0.602 0.381
68.520 13 0.545 0.283 0.600 0.381
68.560 13 0.547 0.283 0.602 0.381
68.600 13 0.544 0.283 0.600 0.381
68.640 13 0.547 0.283 0.602 0.381
68.680 13 0.545 0.283 0.600 0.381
68.720 13 0.547 0.283 0.602 0.381
68.760 13 0.545 0.283 0.600 0.378
68.800 13 0.544 0.283 0.598 0.381
68.840 13 0.547 0.283 0.602 0.381
68.880 13 0.545 0.283 0.602 0.383
68.920 13 0.550 0.286 0.605 0.386
68.960 13 0.547 0.289 0.603 0.389
69.000 13 0.552 0.292 0.608 0.392
69.040 13 0.552 0.297 0.608 0.394
69.080 13 0.553 0.300 0.609 0.400
69.120 13 0.553 0.306 0.609 0.403
69.160 13 0.556 0.308 0.611 0.406
69.200 13 0.555 0.311 0.611 0.408
69.240 13 0.555 0.314 0.611 0.411
69.280 13 0.558 0.314 0.613 0.414
69.320 13 0.556 0.317 0.611 0.414
69.360 13 0.556 0.317 0.613 0.417
69.400 13 0.555 0.319 0.611 0.417
69.440 13 0.556 0.319 0.611 0.417
69.480 13 0.555 0.319 0.609 0.417
69.520 13 0.556 0.319 0.611 0.419
69.560 13 0.555 0.322 0.609 0.419
69.600 13 0.555 0.322 0.609 0.419
64.600 14 0.600 0.394 0.655 0.492
64.640 14 0.602 0.392 0.656 0.489
64.680 14 0.605 0.389 0.659 0.486
64.720 14 0.608 0.389 0.662 0.486
64.760 14 0.611 0.386 0.666 0.483
64.800 14 0.613 0.381 0.667 0.481
64.840 14 0.611 0.381 0.667 0.481
64.880 14 0.613 0.381 0.670 0.481
64.920 14 0.613 0.381 0.670 0.481
64.960 14 0.614 0.381 0.670 0.483
65.000 14 0.614 0.383 0.670 0.483
65.040 14 0.616 0.383 0.672 0.483
65.080 14 0.619 0.383 0.677 0.489
65.120 14 0.623 0.389 0.683 0.492
65.160 14 0.630 0.389 0.688 0.492
65.200 14 0.642 0.394 0.698 0.494
79.320 15 0.130 0.194 0.372 0.619
79.360 15 0.130 0.200 0.362 0.611
79.400 15 0.133 0.189 0.373 0.614
79.440 15 0.133 0.194 0.366 0.606
79.480 15 0.136 0.186 0.377 0.611
79.520 15 0.134 0.194 0.367 0.603
79.560 15 0.136 0.183 0.378 0.611
79.600 15 0.136 0.181 0.378 0.608
79.640 15 0.136 0.181 0.378 0.608
79.680 15 0.136 0.178 0.377 0.606
79.720 15 0.136 0.178 0.377 0.603
79.760 15 0.134 0.183 0.367 0.594
79.800 15 0.138 0.175 0.378 0.600
79.840 15 0.138 0.183 0.369 0.592
79.880 15 0.141 0.172 0.381 0.600
79.920 15 0.142 0.178 0.375 0.589
79.960 15 0.145 0.172 0.388 0.600
80.000 15 0.148 0.172 0.391 0.600
80.040 15 0.166 0.200 0.400 0.617
80.080 15 0.172 0.203 0.400 0.608
80.120 15 0.175 0.200 0.408 0.611
80.160 15 0.175 0.200 0.408 0.614
80.200 15 0.181 0.200 0.416 0.617
80.240 15 0.180 0.203 0.414 0.617
80.280 15 0.186 0.200 0.420 0.617
80.320 15 0.181 0.194 0.420 0.619
80.360 15 0.188 0.200 0.422 0.617
80.400 15 0.181 0.192 0.422 0.617
80.440 15 0.184 0.189 0.428 0.622
80.480 15 0.184 0.192 0.425 0.619
80.520 15 0.186 0.192 0.427 0.619
80.560 15 0.189 0.189 0.433 0.622
80.600 15 0.189 0.192 0.430 0.619
80.640 15 0.191 0.189 0.436 0.622
80.680 15 0.186 0.186 0.433 0.625
80.720 15 0.194 0.186 0.445 0.631
80.760 15 0.191 0.186 0.436 0.625
80.800 15 0.197 0.186 0.447 0.628
80.840 15 0.191 0.183 0.439 0.622
80.880 15 0.200 0.189 0.444 0.625
80.920 15 0.197 0.197 0.434 0.619
80.960 15 0.198 0.192 0.444 0.628
81.000 15 0.203 0.219 0.445 0.650
81.040 15 0.200 0.214 0.448 0.656
81.080 15 0.198 0.219 0.445 0.658
81.120 15 0.195 0.225 0.442 0.661
81.160 15 0.192 0.228 0.441 0.669
81.200 15 0.191 0.233 0.439 0.678
81.240 15 0.188 0.239 0.436 0.681
81.280 15 0.184 0.239 0.434 0.683
81.320 15 0.184 0.242 0.431 0.681
81.360 15 0.180 0.239 0.430 0.681
81.400 15 0.184 0.231 0.433 0.675
81.440 15 0.183 0.236 0.422 0.661
81.480 15 0.186 0.228 0.430 0.661
81.520 15 0.181 0.222 0.427 0.658
81.560 15 0.186 0.222 0.431 0.658
81.600 15 0.188 0.228 0.425 0.650
81.640 15 0.188 0.225 0.428 0.653
81.680 15 0.189 0.225 0.430 0.650
81.720 15 0.192 0.228 0.430 0.650
81.760 15 0.195 0.231 0.431 0.650
81.800 15 0.195 0.228 0.434 0.650
81.840 15 0.198 0.228 0.434 0.650
81.880 15 0.200 0.228 0.438 0.650
81.920 15 0.203 0.225 0.444 0.653
81.960 15 0.203 0.231 0.438 0.644
82.000 15 0.203 0.219 0.445 0.650
82.040 15 0.195 0.214 0.438 0.644
82.080 15 0.197 0.217 0.438 0.647
82.120 15 0.197 0.219 0.439 0.647
82.160 15 0.198 0.222 0.441 0.653
82.200 15 0.198 0.225 0.441 0.656
82.240 15 0.198 0.228 0.441 0.661
82.280 15 0.198 0.231 0.442 0.664
82.320 15 0.197 0.233 0.438 0.661
82.360 15 0.200 0.233 0.442 0.664
82.400 15 0.198 0.228 0.441 0.658
82.440 15 0.198 0.228 0.441 0.658
82.480 15 0.198 0.225 0.439 0.656
82.520 15 0.198 0.225 0.436 0.647
82.560 15 0.205 0.222 0.444 0.647
82.600 15 0.197 0.225 0.434 0.644
82.640 15 0.200 0.217 0.445 0.653
82.680 15 0.197 0.214 0.442 0.650
82.720 15 0.200 0.219 0.442 0.650
82.760 15 0.202 0.222 0.445 0.653
82.800 15 0.205 0.225 0.447 0.658
82.840 15 0.209 0.236 0.448 0.661
82.880 15 0.206 0.233 0.447 0.658
82.920 15 0.209 0.225 0.459 0.667
82.960 15 0.208 0.228 0.450 0.658
83.000 15 0.203 0.219 0.445 0.650
83.040 15 0.195 0.200 0.459 0.672
83.080 15 0.189 0.192 0.463 0.678
83.120 15 0.194 0.189 0.464 0.672
83.160 15 0.194 0.192 0.461 0.667
83.200 15 0.194 0.192 0.459 0.664
83.240 15 0.192 0.189 0.459 0.664
83.280 15 0.191 0.186 0.458 0.661
83.320 15 0.191 0.183 0.458 0.658
83.360 15 0.191 0.183 0.456 0.656
83.400 15 0.189 0.181 0.456 0.653
83.440 15 0.189 0.181 0.455 0.653
83.480 15 0.189 0.181 0.455 0.653
83.520 15 0.189 0.181 0.455 0.653
83.560 15 0.189 0.181 0.455 0.653
83.600 15 0.189 0.181 0.455 0.653
83.640 15 0.189 0.181 0.455 0.653
83.680 15 0.189 0.175 0.461 0.658
83.720 15 0.189 0.178 0.456 0.653
83.760 15 0.189 0.178 0.453 0.650
83.800 15 0.188 0.181 0.450 0.644
83.840 15 0.189 0.172 0.456 0.647
83.880 15 0.189 0.167 0.461 0.650
83.920 15 0.189 0.169 0.455 0.642
83.960 15 0.189 0.167 0.455 0.639
84.000 15 0.180 0.147 0.470 0.664
84.040 15 0.191 0.172 0.458 0.650
84.080 15 0.192 0.172 0.458 0.647
84.120 15 0.192 0.172 0.458 0.647
84.160 15 0.191 0.172 0.458 0.647
84.200 15 0.191 0.172 0.456 0.647
84.240 15 0.189 0.172 0.456 0.647
84.280 15 0.189 0.169 0.455 0.644
84.320 15 0.189 0.167 0.461 0.653
84.360 15 0.188 0.172 0.455 0.647
84.400 15 0.186 0.167 0.458 0.653
84.440 15 0.178 0.172 0.442 0.642
84.480 15 0.181 0.169 0.452 0.650
84.520 15 0.180 0.181 0.439 0.644
84.560 15 0.184 0.178 0.448 0.650
84.600 15 0.177 0.183 0.434 0.642
84.640 15 0.183 0.183 0.445 0.650
84.680 15 0.175 0.186 0.431 0.642
84.720 15 0.181 0.186 0.442 0.650
84.760 15 0.173 0.189 0.428 0.644
84.800 15 0.180 0.186 0.441 0.653
84.840 15 0.172 0.192 0.428 0.647
84.880 15 0.170 0.181 0.438 0.658
84.920 15 0.169 0.189 0.434 0.661
84.960 15 0.167 0.192 0.431 0.664
85.000 15 0.177 0.219 0.417 0.650
85.040 15 0.164 0.206 0.430 0.681
85.080 15 0.164 0.200 0.439 0.689
85.120 15 0.161 0.208 0.425 0.683
85.160 15 0.159 0.203 0.434 0.692
85.200 15 0.156 0.211 0.420 0.681
85.240 15 0.155 0.206 0.428 0.692
85.280 15 0.152 0.217 0.414 0.686
85.320 15 0.152 0.211 0.422 0.694
85.360 15 0.147 0.219 0.409 0.686
85.400 15 0.145 0.217 0.412 0.692
85.440 15 0.142 0.214 0.409 0.689
85.480 15 0.141 0.211 0.406 0.686
85.520 15 0.139 0.211 0.405 0.683
85.560 15 0.138 0.211 0.402 0.683
85.600 15 0.136 0.214 0.392 0.672
85.640 15 0.144 0.214 0.406 0.683
85.680 15 0.134 0.219 0.392 0.678
85.720 15 0.142 0.206 0.405 0.675
85.760 15 0.141 0.214 0.395 0.669
85.800 15 0.147 0.206 0.412 0.681
85.840 15 0.147 0.203 0.414 0.681
85.880 15 0.148 0.206 0.411 0.672
85.920 15 0.148 0.200 0.412 0.675
85.960 15 0.148 0.200 0.412 0.672
86.000 15 0.152 0.197 0.414 0.667
86.040 15 0.148 0.197 0.408 0.661
86.080 15 0.152 0.189 0.416 0.661
86.120 15 0.150 0.189 0.412 0.653
86.160 15 0.153 0.186 0.412 0.647
86.200 15 0.158 0.189 0.414 0.647
86.240 15 0.153 0.186 0.409 0.642
86.280 15 0.158 0.186 0.416 0.647
86.320 15 0.153 0.183 0.414 0.650
86.360 15 0.153 0.181 0.417 0.653
86.400 15 0.158 0.178 0.423 0.656
86.440 15 0.155 0.183 0.412 0.644
86.480 15 0.158 0.178 0.425 0.653
86.520 15 0.159 0.178 0.425 0.653
86.560 15 0.161 0.183 0.422 0.647
86.600 15 0.163 0.181 0.427 0.650
86.640 15 0.166 0.178 0.433 0.653
86.680 15 0.166 0.181 0.430 0.650
86.720 15 0.169 0.178 0.436 0.653
86.760 15 0.170 0.178 0.436 0.653
86.800 15 0.172 0.181 0.433 0.644
86.840 15 0.172 0.178 0.436 0.647
86.880 15 0.175 0.175 0.442 0.653
86.920 15 0.172 0.181 0.431 0.642
86.960 15 0.177 0.175 0.442 0.647
87.000 15 0.177 0.175 0.442 0.647
87.040 15 0.178 0.178 0.438 0.639
87.080 15 0.180 0.175 0.439 0.639
87.120 15 0.178 0.175 0.438 0.636
87.160 15 0.180 0.172 0.445 0.644
87.200 15 0.180 0.175 0.439 0.639
87.240 15 0.180 0.175 0.441 0.642
87.280 15 0.180 0.181 0.439 0.642
87.320 15 0.180 0.181 0.439 0.644
87.360 15 0.180 0.189 0.436 0.647
87.400 15 0.178 0.194 0.436 0.653
87.440 15 0.180 0.197 0.438 0.658
87.480 15 0.180 0.197 0.438 0.658
87.520 15 0.180 0.197 0.438 0.656
87.560 15 0.181 0.194 0.439 0.656
87.600 15 0.181 0.192 0.442 0.658
87.640 15 0.180 0.200 0.438 0.658
87.680 15 0.181 0.197 0.444 0.664
87.720 15 0.180 0.206 0.433 0.656
87.760 15 0.180 0.203 0.439 0.664
87.800 15 0.180 0.200 0.438 0.661
87.840 15 0.180 0.203 0.438 0.661
87.880 15 0.181 0.200 0.441 0.664
87.920 15 0.180 0.203 0.434 0.656
87.960 15 0.181 0.203 0.438 0.658
88.000 15 0.181 0.203 0.438 0.661
88.040 15 0.181 0.206 0.438 0.661
88.080 15 0.183 0.206 0.438 0.664
88.120 15 0.183 0.208 0.439 0.667
88.160 15 0.184 0.211 0.441 0.667
88.200 15 0.184 0.214 0.441 0.669
88.240 15 0.186 0.217 0.442 0.672
88.280 15 0.186 0.217 0.444 0.675
88.320 15 0.188 0.217 0.445 0.678
88.360 15 0.189 0.219 0.447 0.681
88.400 15 0.188 0.217 0.445 0.678
88.440 15 0.189 0.217 0.444 0.672
88.480 15 0.189 0.219 0.445 0.675
88.520 15 0.191 0.214 0.450 0.678
88.560 15 0.188 0.222 0.434 0.664
88.600 15 0.189 0.211 0.450 0.675
88.640 15 0.186 0.217 0.438 0.664
88.680 15 0.186 0.219 0.439 0.667
88.720 15 0.188 0.219 0.439 0.667
88.760 15 0.189 0.222 0.439 0.669
88.800 15 0.189 0.222 0.441 0.672
88.840 15 0.191 0.225 0.442 0.672
88.880 15 0.192 0.225 0.444 0.675
88.920 15 0.194 0.225 0.445 0.675
88.960 15 0.191 0.222 0.444 0.672
89.000 15 0.189 0.217 0.441 0.664
89.040 15 0.188 0.214 0.439 0.664
89.080 15 0.186 0.211 0.439 0.661
89.120 15 0.184 0.203 0.445 0.667
89.160 15 0.183 0.206 0.441 0.667
89.200 15 0.194 0.206 0.453 0.667
89.240 15 0.192 0.208 0.450 0.669
89.280 15 0.197 0.211 0.456 0.672
89.320 15 0.188 0.208 0.447 0.672
89.360 15 0.183 0.208 0.442 0.672
89.400 15 0.173 0.208 0.434 0.675
89.440 15 0.172 0.200 0.441 0.678
89.480 15 0.169 0.211 0.427 0.672
89.520 15 0.169 0.206 0.436 0.681
89.560 15 0.164 0.206 0.431 0.683
89.600 15 0.172 0.208 0.438 0.683
89.640 15 0.167 0.214 0.427 0.678
89.680 15 0.166 0.211 0.431 0.683
89.720 15 0.163 0.219 0.417 0.675
89.760 15 0.164 0.222 0.420 0.678
89.800 15 0.166 0.219 0.425 0.683
89.840 15 0.170 0.219 0.436 0.692
89.880 15 0.167 0.219 0.433 0.694
89.920 15 0.164 0.217 0.438 0.703
89.960 15 0.161 0.225 0.422 0.692
90.000 15 0.147 0.206 0.438 0.722
90.040 15 0.144 0.206 0.434 0.719
90.080 15 0.141 0.214 0.419 0.708
90.120 15 0.139 0.206 0.427 0.717
90.160 15 0.134 0.217 0.412 0.708
90.200 15 0.145 0.217 0.420 0.706
90.240 15 0.130 0.214 0.405 0.703
90.280 15 0.136 0.211 0.412 0.703
90.320 15 0.122 0.208 0.395 0.694
90.360 15 0.120 0.206 0.406 0.711
90.400 15 0.117 0.203 0.409 0.722
90.440 15 0.116 0.214 0.395 0.711
90.480 15 0.119 0.206 0.412 0.728
90.520 15 0.117 0.206 0.409 0.728
90.560 15 0.117 0.206 0.411 0.728
90.600 15 0.119 0.208 0.411 0.725
90.640 15 0.120 0.208 0.412 0.728
90.680 15 0.123 0.197 0.430 0.742
90.720 15 0.111 0.194 0.420 0.744
90.760 15 0.127 0.197 0.436 0.747
90.800 15 0.117 0.197 0.425 0.744
90.840 15 0.131 0.197 0.439 0.744
90.880 15 0.134 0.208 0.428 0.733
90.920 15 0.139 0.200 0.444 0.742
90.960 15 0.136 0.211 0.425 0.725
91.000 15 0.141 0.211 0.431 0.728
91.040 15 0.142 0.211 0.433 0.728
91.080 15 0.141 0.211 0.433 0.731
91.120 15 0.141 0.211 0.433 0.731
91.160 15 0.139 0.208 0.433 0.731
91.200 15 0.138 0.208 0.431 0.731
104.760 16 0.713 0.203 0.820 0.392
104.800 16 0.713 0.197 0.828 0.400
104.840 16 0.716 0.203 0.823 0.392
104.880 16 0.716 0.194 0.831 0.400
104.920 16 0.716 0.197 0.833 0.403
104.960 16 0.717 0.197 0.834 0.403
105.000 16 0.719 0.197 0.836 0.403
105.040 16 0.720 0.200 0.838 0.406
105.080 16 0.722 0.200 0.839 0.406
105.120 16 0.722 0.200 0.839 0.406
105.160 16 0.722 0.200 0.841 0.408
105.200 16 0.717 0.203 0.836 0.411
105.240 16 0.719 0.206 0.838 0.414
105.280 16 0.714 0.208 0.833 0.419
105.320 16 0.717 0.211 0.836 0.419
105.360 16 0.714 0.217 0.833 0.425
105.400 16 0.714 0.225 0.831 0.428
105.440 16 0.717 0.228 0.834 0.433
105.480 16 0.714 0.233 0.830 0.436
105.520 16 0.717 0.242 0.833 0.444
105.560 16 0.717 0.253 0.830 0.447
105.600 16 0.720 0.258 0.833 0.453
105.640 16 0.720 0.264 0.831 0.458
105.680 16 0.719 0.269 0.831 0.467
105.720 16 0.723 0.272 0.836 0.469
105.760 16 0.720 0.281 0.833 0.478
105.800 16 0.719 0.286 0.831 0.483
105.840 16 0.719 0.294 0.831 0.492
105.880 16 0.720 0.303 0.833 0.500
105.920 16 0.720 0.311 0.833 0.508
105.960 16 0.719 0.317 0.833 0.517
106.000 16 0.719 0.322 0.833 0.525
106.040 16 0.720 0.328 0.834 0.528
106.080 16 0.716 0.331 0.831 0.531
106.120 16 0.716 0.339 0.830 0.536
106.160 16 0.719 0.344 0.831 0.542
106.200 16 0.717 0.347 0.830 0.544
106.240 16 0.717 0.356 0.828 0.553
106.280 16 0.720 0.364 0.833 0.561
106.320 16 0.719 0.369 0.833 0.569
106.360 16 0.723 0.378 0.834 0.572
106.400 16 0.727 0.386 0.838 0.581
104.760 17 0.266 0.214 0.361 0.381
104.800 17 0.263 0.211 0.358 0.381
104.840 17 0.269 0.214 0.362 0.383
104.880 17 0.266 0.214 0.359 0.383
104.920 17 0.269 0.217 0.366 0.386
104.960 17 0.267 0.217 0.364 0.389
105.000 17 0.267 0.217 0.364 0.389
105.040 17 0.267 0.219 0.364 0.392
105.080 17 0.269 0.219 0.364 0.392
105.120 17 0.269 0.222 0.364 0.392
105.160 17 0.270 0.222 0.366 0.394
105.200 17 0.267 0.225 0.364 0.394
105.240 17 0.269 0.225 0.366 0.397
105.280 17 0.266 0.228 0.362 0.397
105.320 17 0.267 0.231 0.361 0.400
105.360 17 0.264 0.233 0.361 0.403
105.400 17 0.266 0.236 0.361 0.406
105.440 17 0.267 0.239 0.362 0.411
105.480 17 0.261 0.239 0.358 0.411
105.520 17 0.267 0.242 0.362 0.414
105.560 17 0.266 0.247 0.362 0.417
105.600 17 0.266 0.250 0.362 0.422
105.640 17 0.267 0.253 0.364 0.425
105.680 17 0.267 0.256 0.364 0.425
105.720 17 0.269 0.258 0.364 0.428
105.760 17 0.270 0.261 0.366 0.431
105.800 17 0.269 0.267 0.366 0.439
105.840 17 0.272 0.272 0.367 0.442
105.880 17 0.272 0.278 0.367 0.447
105.920 17 0.269 0.283 0.366 0.456
105.960 17 0.273 0.292 0.367 0.461
106.000 17 0.273 0.297 0.369 0.467
106.040 17 0.272 0.303 0.367 0.472
106.080 17 0.272 0.308 0.367 0.478
106.120 17 0.270 0.311 0.367 0.481
106.160 17 0.269 0.314 0.367 0.492
106.200 17 0.273 0.325 0.369 0.494
106.240 17 0.277 0.333 0.370 0.500
106.280 17 0.277 0.344 0.369 0.508
106.320 17 0.280 0.353 0.370 0.514
106.360 17 0.272 0.353 0.372 0.531
106.400 17 0.273 0.364 0.372 0.539
106.440 17 0.275 0.375 0.373 0.550
106.480 17 0.280 0.381 0.378 0.558
106.520 17 0.277 0.392 0.375 0.567
106.560 17 0.277 0.403 0.377 0.578
106.600 17 0.283 0.411 0.378 0.581
106.640 17 0.280 0.417 0.378 0.592
106.680 17 0.286 0.428 0.380 0.594
106.720 17 0.287 0.436 0.381 0.603
106.760 17 0.289 0.444 0.383 0.611
106.800 17 0.286 0.447 0.384 0.622
106.840 17 0.292 0.456 0.391 0.633
106.880 17 0.292 0.472 0.389 0.644
106.920 17 0.292 0.483 0.391 0.658
106.960 17 0.292 0.494 0.391 0.669
107.000 17 0.297 0.508 0.394 0.681
107.040 17 0.300 0.522 0.398 0.694
107.080 17 0.302 0.533 0.400 0.706
107.120 17 0.305 0.544 0.402 0.719
107.160 17 0.308 0.556 0.405 0.725
107.200 17 0.309 0.561 0.408 0.736
107.240 17 0.312 0.569 0.412 0.747
107.280 17 0.316 0.581 0.414 0.756
107.320 17 0.319 0.592 0.419 0.767
107.360 17 0.323 0.603 0.420 0.775
107.400 17 0.327 0.611 0.425 0.789
107.440 17 0.330 0.622 0.428 0.797
107.480 17 0.333 0.633 0.433 0.808
107.520 17 0.336 0.642 0.436 0.819
107.560 17 0.339 0.653 0.439 0.831
107.600 17 0.344 0.667 0.442 0.839
107.640 17 0.347 0.681 0.445 0.856
107.680 17 0.350 0.689 0.448 0.864
107.720 17 0.350 0.697 0.448 0.875
107.760 17 0.356 0.708 0.453 0.881
107.800 17 0.356 0.717 0.455 0.892
107.840 17 0.361 0.728 0.458 0.900
107.880 17 0.362 0.733 0.461 0.908
107.920 17 0.366 0.742 0.464 0.917
107.960 17 0.370 0.750 0.467 0.922
108.000 17 0.372 0.758 0.469 0.931
108.040 17 0.369 0.761 0.469 0.939
108.080 17 0.375 0.775 0.472 0.947
108.120 17 0.375 0.783 0.470 0.953
108.160 17 0.380 0.794 0.475 0.964
108.200 17 0.378 0.803 0.475 0.975
108.240 17 0.383 0.811 0.480 0.986
108.280 17 0.381 0.817 0.484 1.000
108.320 17 0.388 0.828 0.486 1.006
108.360 17 0.391 0.836 0.489 1.011
108.400 17 0.391 0.842 0.487 1.017
108.440 17 0.394 0.850 0.492 1.025
108.480 17 0.394 0.856 0.492 1.031
108.520 17 0.402 0.864 0.498 1.036
108.560 17 0.397 0.872 0.495 1.047
108.600 17 0.405 0.881 0.502 1.053
108.640 17 0.402 0.889 0.500 1.064
108.680 17 0.409 0.894 0.506 1.067
108.720 17 0.409 0.903 0.503 1.069
107.240 18 -0.052 0.397 0.045 0.569
107.280 18 -0.047 0.411 0.048 0.581
107.320 18 -0.044 0.422 0.052 0.592
107.360 18 -0.042 0.433 0.052 0.600
107.400 18 -0.037 0.439 0.059 0.611
107.440 18 -0.036 0.450 0.062 0.625
107.480 18 -0.031 0.461 0.067 0.633
107.520 18 -0.027 0.472 0.070 0.644
107.560 18 -0.025 0.483 0.070 0.653
107.600 18 -0.022 0.492 0.077 0.667
107.640 18 -0.019 0.506 0.080 0.681
107.680 18 -0.016 0.517 0.083 0.689
107.720 18 -0.014 0.525 0.084 0.700
107.760 18 -0.013 0.533 0.086 0.708
107.800 18 -0.011 0.544 0.086 0.719
107.840 18 -0.009 0.556 0.087 0.728
107.880 18 -0.008 0.564 0.089 0.736
107.920 18 -0.005 0.575 0.091 0.744
107.960 18 -0.005 0.581 0.092 0.753
108.000 18 0.000 0.589 0.097 0.761
108.040 18 0.000 0.600 0.098 0.772
108.080 18 0.002 0.608 0.098 0.781
108.120 18 0.005 0.619 0.100 0.792
108.160 18 0.006 0.633 0.100 0.800
108.200 18 0.006 0.642 0.103 0.811
108.240 18 0.013 0.653 0.106 0.819
108.280 18 0.013 0.664 0.108 0.833
108.320 18 0.019 0.675 0.111 0.839
108.360 18 0.017 0.681 0.111 0.847
108.400 18 0.023 0.686 0.117 0.853
108.440 18 0.022 0.692 0.116 0.861
108.480 18 0.030 0.700 0.122 0.867
108.520 18 0.028 0.706 0.125 0.878
108.560 18 0.033 0.714 0.127 0.883
108.600 18 0.037 0.725 0.131 0.892
108.640 18 0.037 0.731 0.130 0.897
108.680 18 0.044 0.739 0.136 0.903
108.720 18 0.044 0.744 0.136 0.908
108.760 18 0.048 0.750 0.145 0.922
108.800 18 0.050 0.761 0.145 0.931
108.840 18 0.059 0.767 0.155 0.936
108.880 18 0.059 0.775 0.156 0.944
108.920 18 0.064 0.781 0.159 0.953
108.960 18 0.070 0.792 0.166 0.961
109.000 18 0.070 0.797 0.167 0.969
109.040 18 0.073 0.806 0.170 0.978
109.080 18 0.078 0.811 0.173 0.983
109.120 18 0.078 0.817 0.177 0.992
109.160 18 0.084 0.828 0.180 1.000
109.200 18 0.086 0.836 0.183 1.006
109.240 18 0.086 0.839 0.184 1.014
109.280 18 0.086 0.847 0.188 1.025
109.320 18 0.094 0.858 0.189 1.028
109.360 18 0.095 0.867 0.191 1.036
109.400 18 0.098 0.872 0.194 1.042
109.440 18 0.103 0.883 0.191 1.042
109.480 18 0.105 0.894 0.192 1.047
109.520 18 0.108 0.897 0.195 1.056
109.560 18 0.109 0.906 0.197 1.061
109.480 19 0.442 -0.067 0.539 0.106
109.520 19 0.444 -0.058 0.539 0.114
109.560 19 0.445 -0.053 0.542 0.119
109.600 19 0.448 -0.044 0.545 0.128
109.640 19 0.452 -0.039 0.547 0.133
109.680 19 0.453 -0.033 0.550 0.139
109.720 19 0.455 -0.028 0.553 0.147
109.760 19 0.458 -0.019 0.556 0.153
109.800 19 0.461 -0.014 0.559 0.161
109.840 19 0.463 -0.008 0.561 0.167
109.880 19 0.467 -0.003 0.566 0.172
109.920 19 0.470 0.003 0.569 0.178
109.960 19 0.473 0.008 0.572 0.183
110.000 19 0.475 0.014 0.575 0.189
110.040 19 0.481 0.019 0.580 0.194
110.080 19 0.486 0.025 0.583 0.197
110.120 19 0.489 0.028 0.586 0.203
110.160 19 0.489 0.031 0.588 0.206
110.200 19 0.494 0.033 0.592 0.208
110.240 19 0.494 0.036 0.592 0.211
110.280 19 0.500 0.039 0.597 0.214
110.320 19 0.500 0.042 0.597 0.217
110.360 19 0.505 0.044 0.603 0.219
110.400 19 0.505 0.050 0.603 0.222
110.440 19 0.509 0.053 0.606 0.228
110.480 19 0.508 0.058 0.605 0.231
110.520 19 0.512 0.061 0.609 0.236
110.560 19 0.511 0.067 0.609 0.239
110.600 19 0.514 0.072 0.613 0.244
110.640 19 0.514 0.078 0.611 0.250
110.680 19 0.517 0.081 0.616 0.256
110.720 19 0.517 0.086 0.616 0.261
110.760 19 0.522 0.092 0.619 0.264
110.800 19 0.520 0.097 0.619 0.269
110.840 19 0.525 0.103 0.622 0.272
110.880 19 0.523 0.106 0.622 0.278
110.920 19 0.527 0.111 0.623 0.283
110.960 19 0.527 0.117 0.623 0.289
111.000 19 0.523 0.119 0.620 0.292
111.040 19 0.527 0.122 0.622 0.292
111.080 19 0.523 0.122 0.619 0.292
111.120 19 0.523 0.125 0.619 0.294
111.160 19 0.519 0.125 0.616 0.297
111.200 19 0.520 0.128 0.617 0.300
111.240 19 0.517 0.131 0.614 0.303
111.280 19 0.519 0.133 0.617 0.306
111.320 19 0.516 0.133 0.614 0.306
111.360 19 0.519 0.133 0.617 0.308
111.400 19 0.514 0.131 0.613 0.306
111.440 19 0.517 0.131 0.614 0.306
111.480 19 0.516 0.133 0.616 0.308
111.520 19 0.522 0.136 0.620 0.311
111.560 19 0.519 0.139 0.617 0.314
111.600 19 0.525 0.142 0.622 0.317
111.640 19 0.522 0.147 0.619 0.319
111.680 19 0.527 0.150 0.622 0.319
111.720 19 0.528 0.153 0.625 0.325
111.760 19 0.530 0.153 0.625 0.325
111.800 19 0.530 0.156 0.627 0.328
111.840 19 0.531 0.156 0.628 0.328
111.880 19 0.531 0.158 0.628 0.331
111.920 19 0.533 0.161 0.630 0.333
111.960 19 0.533 0.161 0.630 0.333
112.000 19 0.534 0.164 0.631 0.336
124.280 20 0.178 0.361 0.380 0.719
124.320 20 0.177 0.358 0.378 0.717
124.360 20 0.181 0.356 0.384 0.717
124.400 20 0.178 0.356 0.381 0.714
124.440 20 0.184 0.356 0.388 0.714
124.480 20 0.186 0.356 0.389 0.717
124.520 20 0.188 0.356 0.392 0.719
124.560 20 0.189 0.358 0.394 0.719
124.600 20 0.192 0.361 0.397 0.725
124.640 20 0.195 0.364 0.398 0.728
124.680 20 0.197 0.369 0.402 0.733
124.720 20 0.200 0.375 0.403 0.736
124.760 20 0.203 0.378 0.406 0.739
124.800 20 0.205 0.378 0.408 0.742
124.840 20 0.206 0.381 0.411 0.742
124.880 20 0.208 0.381 0.411 0.744
124.920 20 0.208 0.381 0.414 0.744
124.960 20 0.212 0.383 0.419 0.750
125.000 20 0.206 0.383 0.411 0.747
125.040 20 0.216 0.383 0.420 0.747
125.080 20 0.211 0.383 0.416 0.747
125.120 20 0.211 0.383 0.416 0.747
125.160 20 0.209 0.383 0.414 0.747
125.200 20 0.209 0.381 0.414 0.747
125.240 20 0.212 0.381 0.419 0.747
125.280 20 0.206 0.381 0.411 0.744
125.320 20 0.209 0.383 0.414 0.747
125.360 20 0.203 0.381 0.408 0.747
125.400 20 0.205 0.383 0.411 0.747
125.440 20 0.198 0.381 0.405 0.747
125.480 20 0.202 0.383 0.406 0.747
125.520 20 0.194 0.383 0.400 0.747
125.560 20 0.197 0.383 0.402 0.750
125.600 20 0.191 0.383 0.395 0.747
125.640 20 0.192 0.383 0.397 0.750
125.680 20 0.186 0.383 0.391 0.747
125.720 20 0.189 0.386 0.394 0.750
125.760 20 0.181 0.386 0.386 0.747
125.800 20 0.186 0.386 0.389 0.750
125.840 20 0.180 0.386 0.383 0.750
125.880 20 0.183 0.389 0.386 0.750
125.920 20 0.177 0.386 0.380 0.750
125.960 20 0.180 0.389 0.383 0.750
126.000 20 0.175 0.389 0.377 0.750
126.040 20 0.178 0.392 0.380 0.750
126.080 20 0.173 0.392 0.375 0.750
126.120 20 0.177 0.392 0.378 0.753
126.160 20 0.172 0.392 0.373 0.753
126.200 20 0.175 0.394 0.377 0.753
126.240 20 0.170 0.394 0.372 0.753
126.280 20 0.175 0.394 0.377 0.753
126.320 20 0.170 0.394 0.370 0.753
126.360 20 0.166 0.394 0.367 0.753
126.400 20 0.170 0.392 0.372 0.753
126.440 20 0.166 0.392 0.367 0.750
126.480 20 0.170 0.392 0.372 0.750
126.520 20 0.170 0.392 0.372 0.750
126.560 20 0.170 0.392 0.372 0.750
126.600 20 0.173 0.392 0.377 0.750
126.640 20 0.169 0.392 0.372 0.750
126.680 20 0.173 0.392 0.377 0.753
126.720 20 0.169 0.392 0.372 0.753
126.760 20 0.173 0.392 0.377 0.753
126.800 20 0.169 0.392 0.372 0.753
126.840 20 0.173 0.392 0.375 0.750
126.880 20 0.167 0.392 0.370 0.753
126.920 20 0.172 0.394 0.373 0.753
126.960 20 0.166 0.394 0.369 0.753
127.000 20 0.170 0.394 0.372 0.753
127.040 20 0.164 0.394 0.367 0.753
127.080 20 0.169 0.397 0.370 0.753
127.120 20 0.163 0.394 0.366 0.753
127.160 20 0.163 0.394 0.364 0.753
127.200 20 0.163 0.394 0.364 0.753
127.240 20 0.163 0.394 0.364 0.753
127.280 20 0.163 0.394 0.364 0.753
127.320 20 0.163 0.394 0.364 0.753
127.360 20 0.163 0.394 0.364 0.750
127.400 20 0.158 0.392 0.359 0.750
127.440 20 0.163 0.392 0.364 0.750
127.480 20 0.163 0.392 0.364 0.750
127.520 20 0.167 0.392 0.369 0.750
127.560 20 0.163 0.392 0.364 0.750
127.600 20 0.163 0.392 0.364 0.750
127.640 20 0.163 0.392 0.362 0.750
127.680 20 0.163 0.392 0.364 0.750
127.720 20 0.163 0.392 0.364 0.750
127.760 20 0.163 0.389 0.364 0.747
127.800 20 0.163 0.389 0.364 0.747
127.840 20 0.161 0.386 0.364 0.747
127.880 20 0.161 0.386 0.364 0.744
127.920 20 0.161 0.383 0.362 0.742
127.960 20 0.158 0.381 0.358 0.739
128.000 20 0.163 0.381 0.362 0.736
128.040 20 0.161 0.378 0.359 0.731
128.080 20 0.164 0.372 0.364 0.728
128.120 20 0.161 0.369 0.361 0.725
128.160 20 0.167 0.369 0.366 0.722
128.200 20 0.164 0.367 0.362 0.719
128.240 20 0.169 0.367 0.367 0.719
128.280 20 0.164 0.364 0.364 0.717
128.320 20 0.170 0.361 0.369 0.714
128.360 20 0.166 0.358 0.364 0.714
128.400 20 0.172 0.358 0.370 0.711
128.440 20 0.172 0.358 0.370 0.711
128.480 20 0.172 0.361 0.370 0.711
128.520 20 0.172 0.361 0.370 0.711
128.560 20 0.173 0.361 0.370 0.714
128.600 20 0.177 0.361 0.375 0.717
128.640 20 0.172 0.364 0.370 0.717
128.680 20 0.175 0.367 0.375 0.719
128.720 20 0.172 0.367 0.369 0.719
128.760 20 0.170 0.367 0.369 0.719
128.800 20 0.172 0.367 0.370 0.719
128.840 20 0.172 0.367 0.370 0.719
128.880 20 0.172 0.367 0.372 0.719
128.920 20 0.169 0.364 0.369 0.719
128.960 20 0.175 0.364 0.375 0.719
129.000 20 0.175 0.361 0.375 0.719
129.040 20 0.175 0.364 0.375 0.719
129.080 20 0.180 0.364 0.378 0.717
129.120 20 0.173 0.361 0.373 0.719
129.160 20 0.172 0.361 0.372 0.717
129.200 20 0.172 0.361 0.372 0.717
129.240 20 0.177 0.361 0.377 0.717
129.280 20 0.170 0.361 0.372 0.717
129.320 20 0.169 0.358 0.370 0.717
129.360 20 0.167 0.358 0.370 0.717
129.400 20 0.164 0.353 0.369 0.717
129.440 20 0.161 0.347 0.369 0.717
129.480 20 0.153 0.350 0.355 0.706
129.520 20 0.153 0.347 0.352 0.697
129.560 20 0.144 0.342 0.342 0.692
129.600 20 0.141 0.336 0.339 0.686
129.640 20 0.139 0.331 0.336 0.681
129.680 20 0.138 0.325 0.334 0.675
129.720 20 0.144 0.319 0.341 0.669
129.760 20 0.144 0.314 0.341 0.664
129.800 20 0.150 0.308 0.347 0.661
129.840 20 0.148 0.308 0.344 0.656
129.880 20 0.152 0.303 0.352 0.658
129.920 20 0.150 0.303 0.352 0.658
129.960 20 0.153 0.303 0.353 0.661
130.000 20 0.147 0.303 0.348 0.661
130.040 20 0.136 0.294 0.350 0.672
130.080 20 0.136 0.292 0.353 0.678
130.120 20 0.136 0.294 0.355 0.681
130.160 20 0.136 0.294 0.355 0.683
130.200 20 0.136 0.297 0.355 0.686
130.240 20 0.138 0.297 0.356 0.686
130.280 20 0.139 0.297 0.358 0.689
130.320 20 0.141 0.297 0.361 0.689
130.360 20 0.142 0.300 0.362 0.692
130.400 20 0.142 0.300 0.364 0.694
130.440 20 0.144 0.300 0.366 0.694
130.480 20 0.147 0.303 0.367 0.692
130.520 20 0.142 0.303 0.362 0.692
130.560 20 0.145 0.303 0.366 0.694
130.600 20 0.142 0.297 0.364 0.694
130.640 20 0.141 0.297 0.364 0.694
130.680 20 0.139 0.294 0.362 0.692
130.720 20 0.138 0.292 0.362 0.689
130.760 20 0.136 0.289 0.361 0.689
130.800 20 0.136 0.289 0.359 0.686
130.840 20 0.134 0.286 0.359 0.686
130.880 20 0.134 0.286 0.358 0.686
130.920 20 0.133 0.283 0.358 0.683
130.960 20 0.133 0.283 0.358 0.683
131.000 20 0.122 0.267 0.364 0.697
131.040 20 0.122 0.272 0.361 0.700
131.080 20 0.122 0.269 0.362 0.697
131.120 20 0.123 0.269 0.362 0.694
131.160 20 0.123 0.264 0.364 0.694
131.200 20 0.125 0.264 0.364 0.689
131.240 20 0.123 0.258 0.366 0.689
131.280 20 0.123 0.258 0.366 0.689
131.320 20 0.120 0.253 0.364 0.686
131.360 20 0.119 0.247 0.369 0.692
131.400 20 0.123 0.250 0.369 0.686
131.440 20 0.119 0.253 0.362 0.683
131.480 20 0.122 0.253 0.364 0.683
131.520 20 0.125 0.250 0.367 0.683
131.560 20 0.122 0.250 0.364 0.683
131.600 20 0.125 0.250 0.369 0.683
131.640 20 0.123 0.253 0.362 0.678
131.680 20 0.123 0.253 0.367 0.686
131.720 20 0.123 0.253 0.372 0.694
131.760 20 0.120 0.253 0.367 0.689
131.800 20 0.127 0.253 0.373 0.692
131.840 20 0.125 0.256 0.369 0.689
131.880 20 0.123 0.256 0.370 0.692
131.920 20 0.125 0.258 0.369 0.692
131.960 20 0.123 0.261 0.367 0.692
132.000 20 0.122 0.267 0.364 0.697
132.040 20 0.120 0.236 0.380 0.700
132.080 20 0.117 0.236 0.380 0.706
132.120 20 0.117 0.242 0.378 0.706
132.160 20 0.117 0.239 0.381 0.708
132.200 20 0.119 0.236 0.384 0.708
132.240 20 0.119 0.242 0.381 0.708
132.280 20 0.123 0.247 0.381 0.708
132.320 20 0.117 0.244 0.378 0.708
132.360 20 0.125 0.244 0.384 0.708
132.400 20 0.119 0.242 0.383 0.714
132.440 20 0.119 0.242 0.383 0.714
132.480 20 0.119 0.242 0.384 0.714
132.520 20 0.125 0.247 0.383 0.708
132.560 20 0.123 0.239 0.388 0.711
132.600 20 0.128 0.244 0.391 0.711
132.640 20 0.123 0.244 0.383 0.706
132.680 20 0.127 0.239 0.392 0.711
132.720 20 0.125 0.239 0.392 0.714
132.760 20 0.128 0.244 0.386 0.703
132.800 20 0.123 0.239 0.388 0.708
132.840 20 0.128 0.236 0.398 0.717
132.880 20 0.123 0.236 0.391 0.711
132.920 20 0.119 0.233 0.389 0.717
132.960 20 0.120 0.233 0.395 0.725
133.000 20 0.116 0.206 0.405 0.722
133.040 20 0.125 0.239 0.394 0.719
133.080 20 0.127 0.236 0.398 0.719
133.120 20 0.133 0.242 0.397 0.714
133.160 20 0.130 0.239 0.392 0.708
133.200 20 0.134 0.242 0.398 0.711
133.240 20 0.133 0.233 0.402 0.714
133.280 20 0.133 0.233 0.403 0.714
133.320 20 0.133 0.233 0.403 0.714
133.360 20 0.133 0.233 0.403 0.714
133.400 20 0.133 0.233 0.403 0.714
133.440 20 0.141 0.236 0.403 0.708
133.480 20 0.131 0.236 0.394 0.703
133.520 20 0.138 0.231 0.403 0.706
133.560 20 0.133 0.225 0.402 0.703
133.600 20 0.136 0.225 0.405 0.703
133.640 20 0.133 0.219 0.405 0.703
133.680 20 0.138 0.222 0.406 0.703
133.720 20 0.133 0.222 0.400 0.697
133.760 20 0.136 0.222 0.402 0.694
133.800 20 0.139 0.217 0.405 0.689
133.840 20 0.134 0.211 0.400 0.683
133.880 20 0.141 0.206 0.405 0.678
133.920 20 0.138 0.200 0.402 0.669
133.960 20 0.138 0.192 0.400 0.661
134.000 20 0.148 0.219 0.391 0.650
134.040 20 0.148 0.228 0.370 0.622
134.080 20 0.145 0.222 0.369 0.617
134.120 20 0.144 0.219 0.366 0.614
134.160 20 0.141 0.214 0.362 0.608
134.200 20 0.139 0.211 0.359 0.603
134.240 20 0.138 0.208 0.356 0.600
134.280 20 0.134 0.208 0.355 0.597
134.320 20 0.133 0.206 0.352 0.594
134.360 20 0.131 0.203 0.352 0.594
134.400 20 0.131 0.203 0.350 0.592
134.440 20 0.130 0.203 0.348 0.592
134.480 20 0.136 0.200 0.355 0.589
134.520 20 0.133 0.197 0.352 0.586
134.560 20 0.141 0.197 0.358 0.583
134.600 20 0.136 0.194 0.353 0.581
134.640 20 0.142 0.194 0.359 0.581
134.680 20 0.138 0.192 0.356 0.578
134.720 20 0.144 0.192 0.361 0.578
134.760 20 0.141 0.192 0.358 0.578
134.800 20 0.142 0.194 0.356 0.575
134.840 20 0.138 0.192 0.356 0.581
134.880 20 0.133 0.192 0.355 0.586
134.920 20 0.131 0.200 0.350 0.589
134.960 20 0.123 0.197 0.348 0.597
135.000 20 0.123 0.222 0.325 0.581
135.040 20 0.116 0.225 0.336 0.617
135.080 20 0.114 0.228 0.336 0.622
135.120 20 0.114 0.231 0.336 0.625
135.160 20 0.114 0.231 0.336 0.625
135.200 20 0.114 0.233 0.338 0.628
135.240 20 0.116 0.233 0.338 0.628
135.280 20 0.116 0.236 0.338 0.628
135.320 20 0.116 0.236 0.338 0.631
135.360 20 0.116 0.236 0.338 0.628
135.400 20 0.117 0.239 0.338 0.631
135.440 20 0.117 0.239 0.338 0.631
135.480 20 0.119 0.239 0.338 0.631
135.520 20 0.119 0.242 0.338 0.631
135.560 20 0.120 0.244 0.339 0.633
135.600 20 0.120 0.244 0.339 0.633
135.640 20 0.120 0.244 0.341 0.636
135.680 20 0.122 0.247 0.341 0.636
135.720 20 0.122 0.247 0.342 0.639
135.760 20 0.122 0.250 0.342 0.642
135.800 20 0.122 0.256 0.342 0.644
135.840 20 0.122 0.258 0.342 0.650
135.880 20 0.123 0.264 0.344 0.656
135.920 20 0.125 0.267 0.345 0.661
135.960 20 0.127 0.269 0.348 0.664
136.000 20 0.122 0.267 0.364 0.697
136.040 20 0.116 0.239 0.383 0.714
136.080 20 0.117 0.242 0.386 0.717
136.120 20 0.120 0.242 0.391 0.722
136.160 20 0.125 0.244 0.395 0.722
136.200 20 0.130 0.247 0.400 0.725
136.240 20 0.134 0.250 0.405 0.731
136.280 20 0.138 0.253 0.408 0.733
136.320 20 0.141 0.256 0.411 0.736
136.360 20 0.144 0.258 0.414 0.739
136.400 20 0.145 0.261 0.417 0.744
136.440 20 0.147 0.264 0.419 0.747
136.480 20 0.148 0.269 0.420 0.753
136.520 20 0.152 0.278 0.422 0.756
136.560 20 0.155 0.283 0.425 0.761
136.600 20 0.148 0.283 0.422 0.769
136.640 20 0.156 0.292 0.430 0.778
136.680 20 0.144 0.286 0.419 0.775
136.720 20 0.155 0.289 0.430 0.775
136.760 20 0.144 0.281 0.422 0.775
136.800 20 0.155 0.281 0.431 0.772
136.840 20 0.144 0.278 0.423 0.772
136.880 20 0.156 0.283 0.436 0.781
136.920 20 0.145 0.278 0.428 0.778
136.960 20 0.152 0.281 0.434 0.781
137.000 20 0.147 0.264 0.438 0.778
137.040 20 0.156 0.300 0.414 0.761
137.080 20 0.155 0.292 0.425 0.769
137.120 20 0.153 0.289 0.422 0.764
137.160 20 0.150 0.275 0.428 0.769
137.200 20 0.153 0.278 0.425 0.758
137.240 20 0.150 0.267 0.431 0.767
137.280 20 0.153 0.272 0.428 0.758
137.320 20 0.156 0.281 0.423 0.753
137.360 20 0.152 0.278 0.423 0.758
137.400 20 0.153 0.289 0.417 0.756
137.440 20 0.147 0.283 0.419 0.764
137.480 20 0.145 0.281 0.417 0.764
137.520 20 0.144 0.281 0.416 0.761
137.560 20 0.144 0.278 0.414 0.758
137.600 20 0.142 0.275 0.414 0.758
137.640 20 0.145 0.278 0.417 0.758
137.680 20 0.139 0.281 0.408 0.756
137.720 20 0.144 0.283 0.414 0.761
137.760 20 0.139 0.286 0.405 0.756
137.800 20 0.141 0.283 0.408 0.758
137.840 20 0.141 0.283 0.408 0.758
137.880 20 0.141 0.283 0.408 0.758
137.920 20 0.141 0.283 0.408 0.758
137.960 20 0.138 0.286 0.403 0.756
138.000 20 0.148 0.314 0.391 0.744
140.880 21 0.303 0.097 0.358 0.194
140.920 21 0.300 0.100 0.355 0.197
140.960 21 0.297 0.103 0.352 0.203
141.000 21 0.295 0.106 0.352 0.206
141.040 21 0.292 0.108 0.350 0.211
141.080 21 0.291 0.111 0.348 0.211
141.120 21 0.289 0.114 0.347 0.219
141.160 21 0.289 0.117 0.347 0.219
141.200 21 0.286 0.117 0.345 0.222
141.240 21 0.286 0.119 0.345 0.225
142.760 22 0.294 0.117 0.348 0.214
142.800 22 0.295 0.117 0.350 0.214
142.840 22 0.295 0.114 0.350 0.214
142.880 22 0.297 0.114 0.352 0.211
142.920 22 0.297 0.114 0.352 0.211
142.960 22 0.298 0.114 0.353 0.211
143.000 22 0.298 0.114 0.353 0.211
143.040 22 0.300 0.114 0.355 0.211
143.080 22 0.298 0.111 0.355 0.211
143.120 22 0.302 0.111 0.356 0.208
143.160 22 0.300 0.111 0.355 0.208
143.200 22 0.302 0.108 0.356 0.208
143.240 22 0.302 0.108 0.356 0.208
143.280 22 0.302 0.108 0.356 0.206
143.320 22 0.302 0.108 0.356 0.206
143.360 22 0.300 0.108 0.355 0.206
143.400 22 0.302 0.108 0.356 0.206
143.440 22 0.300 0.108 0.355 0.206
143.480 22 0.300 0.108 0.356 0.206
143.520 22 0.300 0.108 0.356 0.208
143.560 22 0.298 0.108 0.355 0.208
143.600 22 0.298 0.108 0.355 0.206
143.640 22 0.298 0.108 0.353 0.206
143.680 22 0.297 0.108 0.353 0.206
143.720 22 0.297 0.108 0.353 0.208
143.760 22 0.297 0.108 0.352 0.206
143.800 22 0.295 0.108 0.352 0.206
143.840 22 0.295 0.108 0.352 0.206
143.880 22 0.295 0.106 0.350 0.203
143.920 22 0.297 0.108 0.352 0.206
143.960 22 0.294 0.106 0.350 0.206
144.000 22 0.295 0.106 0.352 0.206
144.040 22 0.295 0.106 0.352 0.206
144.080 22 0.297 0.106 0.352 0.206
144.120 22 0.297 0.108 0.353 0.206
144.160 22 0.297 0.108 0.353 0.206
144.200 22 0.297 0.108 0.353 0.208
144.240 22 0.298 0.111 0.353 0.208
144.280 22 0.298 0.111 0.353 0.208
144.320 22 0.298 0.111 0.353 0.208
144.360 22 0.298 0.111 0.353 0.208
144.400 22 0.298 0.111 0.353 0.208
144.440 22 0.298 0.111 0.355 0.211
144.480 22 0.298 0.111 0.356 0.211
144.520 22 0.300 0.111 0.356 0.211
144.560 22 0.300 0.114 0.356 0.211
148.840 23 0.742 0.242 1.045 0.778
148.880 23 0.717 0.244 1.022 0.786
148.920 23 0.697 0.256 0.995 0.786
148.960 23 0.680 0.269 0.969 0.783
149.000 23 0.662 0.264 0.953 0.778
149.040 23 0.637 0.258 0.934 0.783
149.080 23 0.622 0.258 0.916 0.775
157.040 24 0.550 0.128 0.791 0.558
157.080 24 0.542 0.131 0.783 0.561
157.120 24 0.534 0.136 0.773 0.567
157.160 24 0.528 0.142 0.764 0.567
157.200 24 0.522 0.150 0.758 0.572
157.240 24 0.516 0.161 0.748 0.578
157.280 24 0.508 0.158 0.742 0.578
157.320 24 0.503 0.158 0.738 0.578
157.360 24 0.498 0.158 0.733 0.578
157.400 24 0.497 0.156 0.731 0.572
157.440 24 0.495 0.153 0.731 0.575
157.480 24 0.495 0.150 0.731 0.575
157.520 24 0.494 0.150 0.734 0.581
157.560 24 0.498 0.153 0.741 0.586
157.600 24 0.491 0.161 0.733 0.597
157.640 24 0.491 0.167 0.734 0.603
157.680 24 0.477 0.178 0.720 0.614
157.720 24 0.470 0.194 0.711 0.625
157.760 24 0.472 0.203 0.713 0.633
157.800 24 0.464 0.208 0.706 0.642
157.840 24 0.464 0.217 0.708 0.653
157.880 24 0.467 0.219 0.714 0.664
157.920 24 0.456 0.231 0.706 0.675
157.960 24 0.452 0.250 0.695 0.686
158.000 24 0.445 0.267 0.686 0.697
158.040 24 0.444 0.272 0.680 0.694
158.080 24 0.430 0.281 0.667 0.703
158.120 24 0.428 0.292 0.661 0.708
158.160 24 0.423 0.297 0.656 0.711
158.200 24 0.430 0.294 0.664 0.711
158.240 24 0.425 0.292 0.658 0.706
158.280 24 0.433 0.283 0.667 0.700
158.320 24 0.433 0.275 0.666 0.692
158.360 24 0.444 0.267 0.677 0.681
158.400 24 0.456 0.261 0.689 0.675
158.440 24 0.472 0.256 0.705 0.672
158.480 24 0.492 0.250 0.727 0.667
158.520 24 0.509 0.244 0.745 0.664
158.560 24 0.527 0.244 0.758 0.658
158.600 24 0.539 0.236 0.772 0.653
158.640 24 0.553 0.242 0.783 0.647
158.680 24 0.569 0.244 0.795 0.647
158.720 24 0.581 0.250 0.806 0.650
158.760 24 0.594 0.256 0.819 0.656
158.800 24 0.606 0.264 0.831 0.664
158.840 24 0.613 0.267 0.841 0.675
158.880 24 0.623 0.281 0.847 0.678
158.920 24 0.628 0.283 0.853 0.686
158.960 24 0.634 0.292 0.858 0.689
159.000 24 0.633 0.267 0.875 0.697
159.040 24 0.628 0.267 0.891 0.733
159.080 24 0.636 0.269 0.898 0.733
159.120 24 0.648 0.275 0.905 0.731
159.160 24 0.661 0.272 0.919 0.731
159.200 24 0.675 0.264 0.934 0.722
159.240 24 0.691 0.261 0.953 0.725
159.280 24 0.705 0.264 0.967 0.731
159.320 24 0.725 0.261 0.989 0.728
159.360 24 0.741 0.264 1.003 0.728
159.400 24 0.756 0.261 1.022 0.731
159.440 24 0.775 0.261 1.044 0.733
159.480 24 0.792 0.256 1.062 0.736
159.520 24 0.806 0.258 1.078 0.739
159.560 24 0.816 0.256 1.087 0.736
159.600 24 0.823 0.261 1.095 0.742
159.640 24 0.827 0.264 1.097 0.744
159.680 24 0.827 0.267 1.097 0.747
159.720 24 0.825 0.272 1.097 0.753
159.760 24 0.820 0.275 1.094 0.761
159.800 24 0.817 0.286 1.087 0.767
159.840 24 0.806 0.286 1.081 0.775
159.880 24 0.797 0.286 1.072 0.775
159.920 24 0.795 0.286 1.070 0.772
159.960 24 0.784 0.286 1.058 0.769
160.000 24 0.772 0.294 1.041 0.772
160.040 24 0.767 0.286 1.041 0.772
160.080 24 0.756 0.292 1.027 0.772
160.120 24 0.748 0.294 1.017 0.769
160.160 24 0.734 0.294 1.002 0.769
160.200 24 0.723 0.294 0.994 0.772
160.240 24 0.719 0.292 0.991 0.775
160.280 24 0.706 0.292 0.977 0.772
160.320 24 0.700 0.286 0.975 0.772
160.360 24 0.691 0.286 0.964 0.772
160.400 24 0.692 0.283 0.969 0.772
160.440 24 0.678 0.286 0.952 0.772
160.480 24 0.686 0.281 0.961 0.769
160.520 24 0.669 0.275 0.945 0.767
160.560 24 0.672 0.269 0.948 0.761
160.600 24 0.661 0.269 0.939 0.761
160.640 24 0.648 0.261 0.923 0.747
160.680 24 0.648 0.261 0.922 0.747
160.720 24 0.648 0.267 0.917 0.742
160.760 24 0.650 0.269 0.917 0.744
160.800 24 0.652 0.269 0.920 0.747
160.840 24 0.652 0.269 0.920 0.747
160.880 24 0.652 0.267 0.920 0.744
160.920 24 0.650 0.267 0.919 0.744
160.960 24 0.647 0.269 0.916 0.744
161.000 24 0.631 0.264 0.922 0.778
161.040 24 0.641 0.272 0.906 0.742
161.080 24 0.637 0.267 0.905 0.739
161.120 24 0.641 0.267 0.908 0.739
161.160 24 0.634 0.272 0.897 0.736
161.200 24 0.634 0.275 0.900 0.744
161.240 24 0.628 0.286 0.889 0.750
161.280 24 0.627 0.292 0.886 0.750
161.320 24 0.622 0.286 0.886 0.756
161.360 24 0.620 0.286 0.886 0.756
161.400 24 0.623 0.289 0.887 0.758
161.440 24 0.619 0.294 0.880 0.756
161.480 24 0.625 0.303 0.881 0.756
161.520 24 0.620 0.311 0.875 0.764
161.560 24 0.616 0.311 0.870 0.764
161.600 24 0.616 0.311 0.872 0.764
161.640 24 0.614 0.311 0.872 0.769
161.680 24 0.614 0.303 0.878 0.772
161.720 24 0.606 0.306 0.870 0.775
161.760 24 0.606 0.306 0.872 0.778
161.800 24 0.605 0.306 0.870 0.775
161.840 24 0.606 0.303 0.872 0.778
161.880 24 0.598 0.306 0.863 0.775
161.920 24 0.603 0.306 0.869 0.778
161.960 24 0.595 0.308 0.863 0.781
162.000 24 0.598 0.308 0.864 0.781
162.040 24 0.598 0.311 0.863 0.781
162.080 24 0.600 0.314 0.863 0.781
162.120 24 0.600 0.311 0.866 0.781
162.160 24 0.600 0.308 0.867 0.781
162.200 24 0.602 0.306 0.869 0.781
162.240 24 0.602 0.303 0.870 0.781
162.280 24 0.598 0.303 0.866 0.778
162.320 24 0.598 0.300 0.869 0.781
162.360 24 0.595 0.300 0.867 0.781
162.400 24 0.594 0.297 0.864 0.778
162.440 24 0.591 0.297 0.861 0.778
162.480 24 0.588 0.294 0.859 0.775
162.520 24 0.586 0.294 0.856 0.775
162.560 24 0.586 0.297 0.855 0.772
162.600 24 0.584 0.300 0.852 0.772
162.640 24 0.588 0.300 0.855 0.775
162.680 24 0.583 0.300 0.852 0.775
162.720 24 0.586 0.303 0.853 0.778
162.760 24 0.581 0.300 0.853 0.781
162.800 24 0.589 0.300 0.858 0.778
162.840 24 0.584 0.300 0.853 0.778
162.880 24 0.584 0.303 0.853 0.778
162.920 24 0.588 0.300 0.856 0.775
162.960 24 0.592 0.303 0.858 0.775
163.000 24 0.606 0.314 0.848 0.744
163.040 24 0.609 0.331 0.852 0.764
163.080 24 0.620 0.342 0.859 0.769
163.120 24 0.620 0.350 0.863 0.781
163.160 24 0.623 0.361 0.869 0.797
163.200 24 0.625 0.369 0.873 0.811
163.240 24 0.625 0.381 0.875 0.822
163.280 24 0.634 0.386 0.883 0.828
163.320 24 0.633 0.386 0.883 0.831
163.360 24 0.641 0.386 0.892 0.833
163.400 24 0.639 0.389 0.891 0.836
163.440 24 0.647 0.392 0.902 0.842
163.480 24 0.642 0.392 0.897 0.844
163.520 24 0.652 0.394 0.905 0.847
163.560 24 0.637 0.392 0.894 0.844
163.600 24 0.644 0.386 0.900 0.842
163.640 24 0.631 0.383 0.884 0.836
163.680 24 0.641 0.381 0.892 0.825
163.720 24 0.628 0.381 0.877 0.819
163.760 24 0.634 0.375 0.883 0.819
163.800 24 0.617 0.372 0.869 0.819
163.840 24 0.617 0.369 0.866 0.811
163.880 24 0.605 0.364 0.853 0.806
163.920 24 0.606 0.356 0.856 0.800
163.960 24 0.600 0.347 0.848 0.792
164.000 24 0.606 0.361 0.848 0.792
164.040 24 0.586 0.336 0.855 0.814
164.080 24 0.584 0.333 0.853 0.811
164.120 24 0.581 0.333 0.850 0.808
164.160 24 0.578 0.331 0.847 0.806
164.200 24 0.575 0.325 0.844 0.803
164.240 24 0.573 0.322 0.842 0.800
164.280 24 0.572 0.319 0.841 0.797
164.320 24 0.570 0.319 0.839 0.797
164.360 24 0.567 0.317 0.836 0.794
164.400 24 0.556 0.306 0.830 0.794
164.440 24 0.539 0.300 0.811 0.786
164.480 24 0.525 0.297 0.795 0.778
164.520 24 0.528 0.300 0.794 0.775
164.560 24 0.527 0.306 0.792 0.778
164.600 24 0.545 0.319 0.806 0.783
164.640 24 0.559 0.325 0.822 0.792
164.680 24 0.567 0.331 0.828 0.794
164.720 24 0.583 0.339 0.844 0.803
164.760 24 0.566 0.331 0.833 0.806
164.800 24 0.567 0.328 0.836 0.806
164.840 24 0.558 0.333 0.820 0.800
164.880 24 0.555 0.328 0.823 0.806
164.920 24 0.548 0.333 0.811 0.800
164.960 24 0.555 0.336 0.817 0.803
165.000 24 0.534 0.319 0.825 0.836
165.040 24 0.552 0.350 0.817 0.822
165.080 24 0.541 0.353 0.811 0.831
165.120 24 0.528 0.353 0.802 0.836
165.160 24 0.514 0.350 0.784 0.833
165.200 24 0.508 0.336 0.781 0.825
165.240 24 0.508 0.331 0.778 0.811
165.280 24 0.506 0.322 0.777 0.803
165.320 24 0.505 0.317 0.775 0.797
165.360 24 0.502 0.311 0.772 0.792
165.400 24 0.491 0.300 0.762 0.783
165.440 24 0.486 0.294 0.755 0.775
165.480 24 0.473 0.294 0.744 0.778
165.520 24 0.463 0.300 0.730 0.772
165.560 24 0.450 0.311 0.713 0.778
165.600 24 0.442 0.311 0.706 0.781
165.640 24 0.434 0.317 0.697 0.786
165.680 24 0.423 0.314 0.689 0.783
165.720 24 0.414 0.314 0.681 0.789
165.760 24 0.411 0.311 0.678 0.789
165.800 24 0.408 0.311 0.675 0.786
165.840 24 0.406 0.308 0.673 0.783
165.880 24 0.403 0.306 0.672 0.781
165.920 24 0.402 0.300 0.669 0.775
165.960 24 0.400 0.297 0.667 0.772
166.000 24 0.417 0.314 0.659 0.744
166.040 24 0.416 0.308 0.658 0.739
166.080 24 0.416 0.300 0.658 0.733
166.120 24 0.420 0.294 0.666 0.728
166.160 24 0.417 0.289 0.662 0.722
166.200 24 0.425 0.281 0.670 0.717
166.240 24 0.423 0.275 0.669 0.714
166.280 24 0.431 0.267 0.678 0.708
166.320 24 0.438 0.264 0.684 0.703
166.360 24 0.438 0.258 0.684 0.697
166.400 24 0.450 0.250 0.700 0.694
166.440 24 0.450 0.250 0.697 0.689
166.480 24 0.455 0.219 0.720 0.692
166.520 24 0.448 0.219 0.713 0.692
166.560 24 0.469 0.225 0.722 0.675
166.600 24 0.481 0.217 0.727 0.653
166.640 24 0.494 0.203 0.741 0.639
166.680 24 0.502 0.200 0.748 0.636
166.720 24 0.509 0.186 0.758 0.631
166.760 24 0.519 0.186 0.766 0.625
166.800 24 0.527 0.186 0.773 0.622
166.840 24 0.541 0.186 0.787 0.622
179.160 25 0.294 -0.542 0.756 0.375
179.200 25 0.298 -0.525 0.759 0.389
179.240 25 0.303 -0.508 0.762 0.400
179.280 25 0.308 -0.492 0.767 0.417
179.320 25 0.309 -0.481 0.770 0.431
179.360 25 0.320 -0.475 0.778 0.433
179.400 25 0.302 -0.483 0.777 0.456
179.440 25 0.302 -0.475 0.778 0.464
179.480 25 0.303 -0.467 0.780 0.475
179.520 25 0.306 -0.458 0.784 0.486
179.560 25 0.308 -0.450 0.786 0.497
179.600 25 0.309 -0.442 0.789 0.506
179.640 25 0.314 -0.436 0.794 0.514
179.680 25 0.317 -0.428 0.798 0.525
179.720 25 0.320 -0.419 0.803 0.536
179.760 25 0.323 -0.408 0.808 0.550
179.800 25 0.328 -0.397 0.812 0.561
179.840 25 0.331 -0.386 0.817 0.575
179.880 25 0.336 -0.369 0.822 0.589
179.920 25 0.339 -0.361 0.827 0.603
179.960 25 0.341 -0.350 0.830 0.617
180.000 25 0.344 -0.342 0.833 0.628
180.040 25 0.345 -0.331 0.836 0.639
180.080 25 0.348 -0.319 0.839 0.653
180.120 25 0.352 -0.311 0.844 0.664
180.160 25 0.352 -0.300 0.844 0.672
180.200 25 0.352 -0.294 0.845 0.683
180.240 25 0.352 -0.286 0.847 0.692
180.280 25 0.359 -0.283 0.858 0.706
180.320 25 0.348 -0.272 0.845 0.708
180.360 25 0.356 -0.269 0.856 0.719
180.400 25 0.345 -0.261 0.844 0.725
180.440 25 0.355 -0.256 0.858 0.739
180.480 25 0.344 -0.244 0.844 0.744
180.520 25 0.344 -0.236 0.844 0.753
180.560 25 0.344 -0.228 0.844 0.761
180.600 25 0.345 -0.219 0.845 0.769
180.640 25 0.347 -0.211 0.845 0.778
180.680 25 0.348 -0.203 0.847 0.786
180.720 25 0.350 -0.192 0.850 0.794
180.760 25 0.353 -0.183 0.853 0.806
180.800 25 0.356 -0.175 0.856 0.814
180.840 25 0.358 -0.167 0.859 0.822
180.880 25 0.361 -0.158 0.863 0.831
180.920 25 0.364 -0.153 0.866 0.839
180.960 25 0.366 -0.144 0.867 0.847
181.000 25 0.367 -0.139 0.869 0.853
181.040 25 0.366 -0.153 0.861 0.825
181.080 25 0.361 -0.153 0.863 0.839
181.120 25 0.364 -0.142 0.859 0.842
181.160 25 0.353 -0.144 0.859 0.856
181.200 25 0.370 -0.122 0.859 0.844
181.240 25 0.361 -0.128 0.858 0.853
181.280 25 0.364 -0.114 0.852 0.847
181.320 25 0.358 -0.122 0.856 0.864
181.360 25 0.353 -0.117 0.848 0.861
181.400 25 0.356 -0.119 0.856 0.869
181.440 25 0.364 -0.114 0.861 0.869
181.480 25 0.352 -0.114 0.850 0.872
181.520 25 0.356 -0.119 0.859 0.875
181.560 25 0.362 -0.117 0.858 0.864
181.600 25 0.358 -0.128 0.863 0.869
181.640 25 0.366 -0.128 0.867 0.864
181.680 25 0.355 -0.144 0.866 0.867
181.720 25 0.380 -0.119 0.869 0.850
181.760 25 0.359 -0.128 0.858 0.856
181.800 25 0.373 -0.128 0.872 0.856
181.840 25 0.366 -0.133 0.870 0.861
181.880 25 0.366 -0.133 0.872 0.867
181.920 25 0.367 -0.128 0.873 0.872
181.960 25 0.369 -0.122 0.875 0.881
182.000 25 0.367 -0.139 0.869 0.853
182.040 25 0.369 -0.136 0.872 0.858
182.080 25 0.372 -0.131 0.875 0.864
182.120 25 0.373 -0.128 0.877 0.869
