27.840 0 0.434 0.192 0.569 0.436
27.880 0 0.438 0.192 0.573 0.436
27.920 0 0.438 0.189 0.573 0.433
27.960 0 0.441 0.183 0.578 0.431
28.000 0 0.444 0.181 0.583 0.431
28.040 0 0.445 0.169 0.588 0.425
28.080 0 0.448 0.164 0.592 0.422
28.120 0 0.452 0.164 0.597 0.422
28.160 0 0.456 0.161 0.600 0.419
28.200 0 0.459 0.164 0.602 0.419
28.240 0 0.463 0.164 0.603 0.419
28.280 0 0.464 0.161 0.606 0.419
28.320 0 0.466 0.164 0.608 0.419
28.360 0 0.467 0.161 0.611 0.419
28.400 0 0.466 0.161 0.609 0.419
28.440 0 0.470 0.164 0.613 0.419
28.480 0 0.469 0.164 0.611 0.419
28.520 0 0.473 0.167 0.616 0.422
28.560 0 0.472 0.167 0.613 0.422
28.600 0 0.475 0.169 0.617 0.422
28.640 0 0.473 0.169 0.614 0.422
28.680 0 0.475 0.167 0.617 0.422
28.720 0 0.477 0.167 0.619 0.422
28.760 0 0.473 0.164 0.614 0.419
28.800 0 0.475 0.164 0.616 0.417
28.840 0 0.469 0.161 0.611 0.414
28.880 0 0.469 0.161 0.608 0.411
28.920 0 0.466 0.158 0.606 0.411
28.960 0 0.464 0.158 0.605 0.408
29.000 0 0.459 0.153 0.598 0.403
29.040 0 0.456 0.158 0.592 0.403
29.080 0 0.445 0.156 0.581 0.400
29.120 0 0.442 0.156 0.577 0.400
29.160 0 0.438 0.156 0.572 0.397
29.200 0 0.428 0.153 0.566 0.397
29.240 0 0.422 0.156 0.558 0.400
29.280 0 0.414 0.153 0.550 0.397
29.320 0 0.408 0.153 0.547 0.403
29.360 0 0.397 0.156 0.536 0.406
29.400 0 0.386 0.158 0.525 0.408
29.440 0 0.375 0.161 0.516 0.411
29.480 0 0.364 0.158 0.503 0.408
29.520 0 0.353 0.161 0.494 0.411
29.560 0 0.339 0.158 0.480 0.408
29.600 0 0.330 0.156 0.467 0.406
29.640 0 0.314 0.158 0.455 0.408
29.680 0 0.305 0.156 0.444 0.406
46.840 1 0.222 0.153 0.320 0.325
46.880 1 0.219 0.158 0.316 0.328
46.920 1 0.216 0.161 0.312 0.331
46.960 1 0.212 0.164 0.311 0.333
47.000 1 0.209 0.164 0.308 0.336
47.040 1 0.206 0.153 0.309 0.339
47.080 1 0.205 0.156 0.308 0.342
47.120 1 0.198 0.158 0.302 0.342
47.160 1 0.194 0.158 0.298 0.342
47.200 1 0.188 0.161 0.292 0.344
47.240 1 0.181 0.167 0.286 0.353
47.280 1 0.175 0.167 0.281 0.356
47.320 1 0.169 0.175 0.273 0.364
47.360 1 0.161 0.175 0.266 0.364
47.400 1 0.152 0.175 0.258 0.364
47.440 1 0.145 0.181 0.248 0.364
47.480 1 0.141 0.178 0.245 0.364
47.520 1 0.139 0.175 0.244 0.361
47.560 1 0.144 0.172 0.248 0.358
47.600 1 0.144 0.169 0.250 0.358
47.640 1 0.144 0.167 0.252 0.356
47.680 1 0.141 0.164 0.248 0.356
47.720 1 0.134 0.167 0.241 0.356
47.760 1 0.125 0.167 0.233 0.356
47.800 1 0.116 0.167 0.222 0.358
47.840 1 0.105 0.169 0.211 0.361
47.880 1 0.091 0.175 0.197 0.364
47.920 1 0.077 0.175 0.184 0.367
47.960 1 0.062 0.183 0.170 0.372
48.000 1 0.045 0.172 0.161 0.381
48.040 1 0.034 0.175 0.150 0.383
48.080 1 0.022 0.172 0.138 0.381
48.120 1 0.014 0.172 0.133 0.386
48.160 1 0.008 0.169 0.127 0.383
48.200 1 -0.005 0.164 0.114 0.378
48.240 1 -0.017 0.156 0.103 0.372
48.280 1 -0.027 0.153 0.094 0.369
48.320 1 -0.042 0.147 0.080 0.367
48.360 1 -0.052 0.150 0.066 0.361
52.920 2 0.078 0.319 0.131 0.414
52.960 2 0.070 0.317 0.127 0.417
53.000 2 0.064 0.317 0.120 0.417
53.040 2 0.058 0.317 0.114 0.417
53.080 2 0.053 0.317 0.111 0.417
53.120 2 0.050 0.317 0.106 0.419
53.160 2 0.045 0.319 0.103 0.419
54.720 3 0.684 0.289 0.745 0.394
54.760 3 0.688 0.294 0.748 0.403
54.800 3 0.694 0.300 0.756 0.411
54.840 3 0.702 0.303 0.764 0.411
54.880 3 0.708 0.300 0.769 0.408
54.920 3 0.716 0.292 0.777 0.403
54.960 3 0.720 0.286 0.781 0.397
55.000 3 0.725 0.278 0.786 0.386
55.040 3 0.728 0.269 0.791 0.378
55.080 3 0.731 0.261 0.794 0.369
55.120 3 0.733 0.256 0.797 0.367
55.160 3 0.734 0.256 0.798 0.369
55.200 3 0.739 0.261 0.803 0.375
55.240 3 0.741 0.269 0.803 0.381
55.280 3 0.744 0.275 0.808 0.389
55.320 3 0.742 0.281 0.808 0.397
55.360 3 0.741 0.286 0.805 0.400
55.400 3 0.741 0.286 0.806 0.403
55.440 3 0.734 0.283 0.800 0.400
55.480 3 0.736 0.278 0.798 0.392
55.520 3 0.734 0.269 0.798 0.383
55.560 3 0.734 0.261 0.797 0.372
55.600 3 0.736 0.253 0.800 0.364
55.640 3 0.736 0.244 0.802 0.361
55.680 3 0.738 0.239 0.803 0.358
55.720 3 0.741 0.239 0.808 0.358
55.760 3 0.741 0.244 0.811 0.367
55.800 3 0.742 0.250 0.811 0.375
55.840 3 0.744 0.258 0.811 0.381
55.880 3 0.745 0.267 0.814 0.386
55.920 3 0.747 0.272 0.814 0.392
55.960 3 0.748 0.275 0.817 0.397
56.000 3 0.753 0.272 0.820 0.392
56.040 3 0.755 0.264 0.823 0.386
56.080 3 0.759 0.256 0.827 0.375
56.120 3 0.761 0.247 0.828 0.367
56.160 3 0.761 0.236 0.830 0.358
56.200 3 0.762 0.231 0.830 0.350
56.240 3 0.762 0.222 0.830 0.344
56.280 3 0.764 0.222 0.833 0.344
56.320 3 0.766 0.225 0.834 0.347
56.360 3 0.766 0.231 0.836 0.356
56.400 3 0.766 0.242 0.838 0.369
56.440 3 0.766 0.250 0.838 0.378
56.480 3 0.766 0.258 0.838 0.389
56.520 3 0.764 0.264 0.836 0.392
56.560 3 0.762 0.261 0.834 0.389
56.600 3 0.759 0.253 0.833 0.383
56.640 3 0.759 0.244 0.833 0.375
56.680 3 0.758 0.233 0.831 0.367
56.720 3 0.759 0.222 0.833 0.353
56.760 3 0.762 0.211 0.836 0.342
56.800 3 0.762 0.203 0.838 0.336
56.840 3 0.764 0.197 0.839 0.331
56.880 3 0.767 0.197 0.844 0.333
56.920 3 0.767 0.197 0.845 0.336
56.960 3 0.769 0.200 0.847 0.339
57.000 3 0.769 0.200 0.850 0.344
57.040 3 0.775 0.206 0.856 0.347
57.080 3 0.780 0.200 0.859 0.344
54.720 4 0.395 0.386 0.461 0.503
54.760 4 0.392 0.386 0.459 0.503
54.800 4 0.392 0.375 0.461 0.497
54.840 4 0.391 0.369 0.459 0.492
54.880 4 0.392 0.367 0.461 0.489
54.920 4 0.389 0.364 0.456 0.486
54.960 4 0.388 0.367 0.455 0.486
55.000 4 0.386 0.367 0.453 0.486
55.040 4 0.386 0.369 0.453 0.492
55.080 4 0.383 0.372 0.452 0.494
55.120 4 0.381 0.381 0.450 0.503
55.160 4 0.380 0.386 0.447 0.508
55.200 4 0.377 0.394 0.445 0.517
55.240 4 0.375 0.403 0.442 0.522
55.280 4 0.372 0.406 0.439 0.528
55.320 4 0.369 0.408 0.436 0.528
55.360 4 0.367 0.403 0.434 0.525
55.400 4 0.367 0.400 0.434 0.522
55.440 4 0.366 0.400 0.431 0.519
55.480 4 0.367 0.400 0.434 0.519
55.520 4 0.364 0.400 0.431 0.519
55.560 4 0.366 0.403 0.431 0.522
55.600 4 0.364 0.408 0.431 0.528
55.640 4 0.366 0.411 0.433 0.533
55.680 4 0.366 0.419 0.433 0.542
55.720 4 0.366 0.425 0.433 0.544
55.760 4 0.370 0.431 0.438 0.550
55.800 4 0.373 0.428 0.439 0.550
55.840 4 0.375 0.422 0.442 0.544
55.880 4 0.377 0.411 0.445 0.533
55.920 4 0.378 0.403 0.445 0.525
55.960 4 0.378 0.397 0.445 0.519
56.000 4 0.378 0.392 0.445 0.514
56.040 4 0.383 0.389 0.445 0.500
56.080 4 0.383 0.386 0.445 0.500
56.120 4 0.383 0.386 0.445 0.500
56.160 4 0.383 0.389 0.445 0.503
56.200 4 0.383 0.397 0.445 0.508
56.240 4 0.381 0.397 0.444 0.511
56.280 4 0.381 0.403 0.444 0.517
56.320 4 0.380 0.406 0.442 0.519
56.360 4 0.380 0.411 0.442 0.528
56.400 4 0.377 0.411 0.441 0.528
56.440 4 0.375 0.408 0.439 0.522
56.480 4 0.375 0.406 0.439 0.519
56.520 4 0.373 0.403 0.438 0.519
56.560 4 0.375 0.400 0.441 0.517
56.600 4 0.373 0.397 0.439 0.514
56.640 4 0.375 0.397 0.441 0.514
56.680 4 0.373 0.400 0.439 0.517
56.720 4 0.375 0.403 0.441 0.519
56.760 4 0.373 0.406 0.439 0.522
56.800 4 0.377 0.411 0.439 0.525
56.840 4 0.378 0.414 0.441 0.528
56.880 4 0.386 0.414 0.442 0.514
56.920 4 0.388 0.403 0.444 0.503
56.960 4 0.389 0.386 0.445 0.486
57.000 4 0.389 0.372 0.445 0.472
57.040 4 0.389 0.361 0.445 0.461
57.080 4 0.388 0.358 0.444 0.456
57.120 4 0.386 0.353 0.441 0.453
57.160 4 0.383 0.353 0.439 0.453
57.200 4 0.381 0.353 0.436 0.453
57.240 4 0.380 0.356 0.434 0.453
57.280 4 0.378 0.356 0.434 0.456
54.720 5 0.212 0.228 0.309 0.397
54.760 5 0.211 0.225 0.308 0.397
54.800 5 0.216 0.225 0.312 0.397
54.840 5 0.212 0.228 0.309 0.400
54.880 5 0.211 0.239 0.308 0.411
54.920 5 0.208 0.242 0.306 0.419
54.960 5 0.205 0.253 0.302 0.428
55.000 5 0.198 0.258 0.297 0.433
55.040 5 0.194 0.267 0.287 0.433
55.080 5 0.186 0.264 0.280 0.428
55.120 5 0.175 0.256 0.269 0.419
55.160 5 0.170 0.247 0.263 0.411
55.200 5 0.163 0.239 0.256 0.403
55.240 5 0.161 0.228 0.255 0.394
55.280 5 0.159 0.219 0.255 0.389
55.320 5 0.156 0.217 0.253 0.386
55.360 5 0.158 0.214 0.253 0.386
55.400 5 0.158 0.214 0.253 0.386
55.440 5 0.156 0.217 0.252 0.389
55.480 5 0.159 0.222 0.255 0.394
55.520 5 0.158 0.225 0.255 0.397
55.560 5 0.164 0.225 0.261 0.397
55.600 5 0.169 0.222 0.264 0.394
55.640 5 0.173 0.217 0.270 0.389
55.680 5 0.178 0.211 0.275 0.383
55.720 5 0.181 0.211 0.278 0.383
55.760 5 0.184 0.208 0.283 0.381
55.800 5 0.181 0.203 0.278 0.375
55.840 5 0.181 0.197 0.280 0.372
55.880 5 0.178 0.197 0.277 0.372
55.920 5 0.175 0.200 0.273 0.378
55.960 5 0.172 0.208 0.272 0.383
56.000 5 0.167 0.222 0.264 0.394
56.040 5 0.155 0.222 0.258 0.406
56.080 5 0.148 0.228 0.250 0.411
56.120 5 0.141 0.233 0.242 0.417
56.160 5 0.131 0.231 0.233 0.414
56.200 5 0.120 0.219 0.222 0.403
56.240 5 0.111 0.208 0.216 0.394
56.280 5 0.108 0.197 0.214 0.383
56.320 5 0.106 0.183 0.212 0.372
56.360 5 0.109 0.178 0.216 0.369
56.400 5 0.108 0.175 0.214 0.367
56.440 5 0.113 0.175 0.220 0.367
56.480 5 0.119 0.178 0.227 0.369
56.520 5 0.117 0.181 0.225 0.372
56.560 5 0.127 0.186 0.236 0.378
56.600 5 0.133 0.189 0.242 0.383
56.640 5 0.141 0.189 0.248 0.383
56.680 5 0.150 0.186 0.259 0.381
56.720 5 0.159 0.181 0.269 0.378
56.760 5 0.170 0.178 0.281 0.375
56.800 5 0.180 0.175 0.291 0.372
56.840 5 0.184 0.169 0.298 0.372
56.880 5 0.186 0.161 0.298 0.364
56.920 5 0.189 0.158 0.300 0.356
56.960 5 0.194 0.156 0.306 0.353
57.000 5 0.188 0.150 0.305 0.358
57.040 5 0.188 0.161 0.306 0.372
57.080 5 0.188 0.172 0.305 0.383
57.120 5 0.186 0.183 0.303 0.394
57.160 5 0.184 0.194 0.303 0.406
57.200 5 0.181 0.200 0.297 0.406
57.240 5 0.173 0.197 0.287 0.403
57.280 5 0.175 0.192 0.289 0.394
57.320 5 0.167 0.181 0.281 0.383
57.360 5 0.169 0.169 0.283 0.372
57.400 5 0.172 0.164 0.287 0.369
57.440 5 0.177 0.164 0.291 0.367
109.040 6 0.344 0.133 0.547 0.494
109.080 6 0.339 0.128 0.545 0.492
109.120 6 0.347 0.128 0.552 0.492
109.160 6 0.345 0.125 0.550 0.489
109.200 6 0.352 0.128 0.556 0.492
109.240 6 0.355 0.128 0.559 0.492
109.280 6 0.356 0.128 0.562 0.492
109.320 6 0.358 0.128 0.564 0.492
109.360 6 0.355 0.125 0.562 0.494
109.400 6 0.361 0.128 0.566 0.492
109.440 6 0.361 0.125 0.567 0.492
109.480 6 0.361 0.125 0.566 0.492
109.520 6 0.364 0.125 0.572 0.494
109.560 6 0.356 0.125 0.564 0.494
109.600 6 0.359 0.128 0.567 0.497
109.640 6 0.353 0.128 0.559 0.494
109.680 6 0.350 0.125 0.558 0.494
109.720 6 0.348 0.122 0.556 0.492
109.760 6 0.345 0.119 0.553 0.492
109.800 6 0.342 0.119 0.553 0.492
109.840 6 0.344 0.119 0.556 0.497
109.880 6 0.338 0.119 0.550 0.497
109.920 6 0.333 0.117 0.545 0.497
109.960 6 0.339 0.117 0.553 0.497
110.000 6 0.330 0.119 0.542 0.494
110.040 6 0.336 0.119 0.545 0.494
110.080 6 0.336 0.119 0.547 0.494
110.120 6 0.338 0.119 0.548 0.494
110.160 6 0.339 0.122 0.550 0.497
110.200 6 0.341 0.125 0.552 0.500
110.240 6 0.341 0.125 0.552 0.503
110.280 6 0.342 0.128 0.556 0.511
110.320 6 0.336 0.125 0.548 0.506
110.360 6 0.345 0.128 0.558 0.506
110.400 6 0.341 0.131 0.550 0.503
110.440 6 0.339 0.131 0.548 0.503
110.480 6 0.338 0.128 0.547 0.500
110.520 6 0.338 0.128 0.547 0.500
110.560 6 0.336 0.125 0.545 0.497
110.600 6 0.336 0.125 0.544 0.494
110.640 6 0.334 0.122 0.544 0.494
110.680 6 0.333 0.117 0.541 0.489
110.720 6 0.339 0.122 0.548 0.492
110.760 6 0.334 0.122 0.542 0.492
110.800 6 0.334 0.122 0.541 0.489
110.840 6 0.334 0.122 0.541 0.489
110.880 6 0.334 0.122 0.541 0.489
110.920 6 0.333 0.119 0.539 0.486
110.960 6 0.334 0.119 0.542 0.489
111.000 6 0.328 0.119 0.534 0.486
111.040 6 0.331 0.119 0.539 0.489
111.080 6 0.327 0.122 0.531 0.489
111.120 6 0.330 0.122 0.537 0.492
111.160 6 0.325 0.122 0.530 0.489
111.200 6 0.325 0.122 0.530 0.486
111.240 6 0.323 0.122 0.528 0.486
111.280 6 0.323 0.122 0.528 0.486
111.320 6 0.322 0.122 0.527 0.483
111.360 6 0.320 0.119 0.525 0.483
111.400 6 0.319 0.119 0.525 0.483
111.440 6 0.319 0.119 0.523 0.483
111.480 6 0.322 0.122 0.525 0.483
111.520 6 0.314 0.119 0.519 0.483
111.560 6 0.312 0.119 0.517 0.483
111.600 6 0.311 0.117 0.516 0.481
111.640 6 0.309 0.117 0.514 0.481
111.680 6 0.314 0.119 0.519 0.481
111.720 6 0.309 0.117 0.514 0.481
111.760 6 0.314 0.119 0.517 0.483
111.800 6 0.308 0.119 0.512 0.486
111.840 6 0.306 0.119 0.512 0.486
111.880 6 0.306 0.117 0.512 0.486
111.920 6 0.305 0.117 0.511 0.486
111.960 6 0.305 0.117 0.511 0.486
112.000 6 0.305 0.117 0.511 0.486
112.040 6 0.305 0.117 0.511 0.483
112.080 6 0.305 0.117 0.511 0.483
112.120 6 0.303 0.117 0.506 0.478
112.160 6 0.309 0.119 0.514 0.483
112.200 6 0.300 0.117 0.505 0.481
112.240 6 0.305 0.114 0.512 0.483
112.280 6 0.306 0.114 0.514 0.483
112.320 6 0.306 0.117 0.514 0.486
112.360 6 0.308 0.117 0.516 0.486
112.400 6 0.309 0.117 0.517 0.489
112.440 6 0.311 0.117 0.519 0.489
112.480 6 0.311 0.119 0.520 0.492
112.520 6 0.308 0.119 0.516 0.489
112.560 6 0.312 0.117 0.522 0.492
112.600 6 0.309 0.119 0.517 0.489
112.640 6 0.314 0.117 0.523 0.489
112.680 6 0.311 0.119 0.517 0.486
112.720 6 0.316 0.117 0.525 0.489
112.760 6 0.317 0.117 0.527 0.489
112.800 6 0.317 0.117 0.527 0.489
112.840 6 0.317 0.117 0.527 0.489
112.880 6 0.317 0.119 0.527 0.489
112.920 6 0.322 0.119 0.531 0.492
112.960 6 0.317 0.119 0.525 0.489
113.000 6 0.320 0.119 0.530 0.489
113.040 6 0.314 0.119 0.525 0.492
113.080 6 0.319 0.119 0.528 0.492
113.120 6 0.314 0.119 0.523 0.494
113.160 6 0.314 0.125 0.523 0.497
113.200 6 0.319 0.125 0.528 0.500
113.240 6 0.314 0.128 0.522 0.500
113.280 6 0.314 0.128 0.522 0.497
113.320 6 0.312 0.125 0.522 0.494
113.360 6 0.312 0.122 0.520 0.492
113.400 6 0.312 0.122 0.520 0.492
113.440 6 0.312 0.122 0.520 0.492
113.480 6 0.312 0.125 0.520 0.492
113.520 6 0.312 0.125 0.520 0.492
113.560 6 0.312 0.122 0.519 0.492
113.600 6 0.311 0.122 0.517 0.492
113.640 6 0.306 0.117 0.514 0.486
113.680 6 0.312 0.119 0.520 0.489
113.720 6 0.306 0.119 0.516 0.492
113.760 6 0.306 0.122 0.516 0.494
113.800 6 0.309 0.128 0.519 0.500
113.840 6 0.303 0.122 0.512 0.497
113.880 6 0.308 0.122 0.519 0.497
113.920 6 0.305 0.122 0.514 0.497
113.960 6 0.309 0.122 0.520 0.497
114.000 6 0.309 0.122 0.520 0.497
114.040 6 0.309 0.122 0.520 0.497
114.080 6 0.309 0.122 0.520 0.497
114.120 6 0.312 0.125 0.525 0.503
114.160 6 0.306 0.122 0.517 0.497
114.200 6 0.316 0.125 0.525 0.497
114.240 6 0.311 0.125 0.520 0.497
114.280 6 0.314 0.128 0.523 0.497
114.320 6 0.308 0.125 0.517 0.497
114.360 6 0.311 0.125 0.520 0.497
114.400 6 0.306 0.125 0.516 0.497
114.440 6 0.311 0.125 0.520 0.497
114.480 6 0.306 0.125 0.514 0.497
114.520 6 0.305 0.125 0.512 0.494
114.560 6 0.303 0.122 0.511 0.492
114.600 6 0.302 0.122 0.509 0.489
114.640 6 0.308 0.128 0.511 0.489
114.680 6 0.295 0.122 0.500 0.489
114.720 6 0.303 0.122 0.511 0.492
114.760 6 0.297 0.119 0.508 0.492
114.800 6 0.295 0.117 0.506 0.492
114.840 6 0.295 0.114 0.506 0.489
114.880 6 0.295 0.114 0.506 0.489
114.920 6 0.295 0.114 0.506 0.489
114.960 6 0.295 0.117 0.506 0.492
115.000 6 0.295 0.117 0.506 0.492
115.040 6 0.295 0.119 0.506 0.494
115.080 6 0.295 0.119 0.506 0.494
115.120 6 0.295 0.119 0.508 0.494
115.160 6 0.298 0.122 0.509 0.497
115.200 6 0.302 0.125 0.511 0.500
115.240 6 0.303 0.128 0.512 0.500
115.280 6 0.305 0.128 0.514 0.500
115.320 6 0.305 0.128 0.516 0.500
115.360 6 0.306 0.131 0.516 0.503
115.400 6 0.306 0.131 0.516 0.503
115.440 6 0.306 0.131 0.516 0.503
115.480 6 0.308 0.133 0.516 0.503
115.520 6 0.308 0.133 0.516 0.506
115.560 6 0.308 0.136 0.516 0.506
115.600 6 0.309 0.136 0.517 0.506
115.640 6 0.309 0.139 0.517 0.508
115.680 6 0.309 0.139 0.517 0.508
115.720 6 0.309 0.139 0.517 0.508
115.760 6 0.312 0.136 0.522 0.511
115.800 6 0.308 0.139 0.516 0.511
115.840 6 0.311 0.142 0.519 0.511
115.880 6 0.306 0.142 0.514 0.511
115.920 6 0.306 0.144 0.514 0.514
115.960 6 0.308 0.144 0.514 0.514
116.000 6 0.309 0.150 0.516 0.514
116.040 6 0.311 0.153 0.516 0.517
116.080 6 0.312 0.156 0.517 0.519
116.120 6 0.316 0.161 0.519 0.522
116.160 6 0.316 0.164 0.519 0.525
116.200 6 0.316 0.164 0.520 0.525
116.240 6 0.311 0.158 0.517 0.525
116.280 6 0.317 0.161 0.520 0.522
116.320 6 0.317 0.161 0.522 0.522
116.360 6 0.317 0.158 0.523 0.528
116.400 6 0.317 0.158 0.531 0.539
116.440 6 0.311 0.158 0.522 0.531
116.480 6 0.323 0.161 0.531 0.531
116.520 6 0.320 0.164 0.525 0.528
116.560 6 0.312 0.158 0.523 0.533
116.600 6 0.325 0.161 0.533 0.531
116.640 6 0.322 0.164 0.525 0.528
116.680 6 0.316 0.161 0.523 0.531
116.720 6 0.323 0.164 0.525 0.525
116.760 6 0.322 0.164 0.525 0.525
116.800 6 0.319 0.158 0.525 0.528
116.840 6 0.314 0.156 0.522 0.525
116.880 6 0.320 0.161 0.525 0.522
116.920 6 0.322 0.161 0.525 0.522
116.960 6 0.323 0.161 0.527 0.522
117.000 6 0.323 0.161 0.528 0.525
117.040 6 0.325 0.161 0.530 0.528
117.080 6 0.327 0.167 0.530 0.525
117.120 6 0.322 0.161 0.528 0.528
117.160 6 0.328 0.158 0.536 0.525
117.200 6 0.319 0.156 0.527 0.522
117.240 6 0.325 0.150 0.534 0.522
117.280 6 0.316 0.147 0.525 0.519
117.320 6 0.325 0.150 0.533 0.519
117.360 6 0.320 0.153 0.525 0.514
117.400 6 0.333 0.156 0.533 0.514
117.440 6 0.328 0.156 0.528 0.514
117.480 6 0.325 0.156 0.528 0.514
117.520 6 0.323 0.153 0.528 0.514
117.560 6 0.320 0.147 0.525 0.511
117.600 6 0.325 0.147 0.533 0.517
117.640 6 0.322 0.150 0.525 0.511
117.680 6 0.314 0.142 0.525 0.517
117.720 6 0.325 0.144 0.533 0.517
117.760 6 0.320 0.147 0.525 0.514
117.800 6 0.314 0.139 0.525 0.517
117.840 6 0.325 0.147 0.525 0.503
117.880 6 0.325 0.150 0.517 0.494
117.920 6 0.328 0.144 0.527 0.494
117.960 6 0.336 0.153 0.525 0.489
118.000 6 0.325 0.142 0.527 0.500
118.040 6 0.311 0.133 0.534 0.533
118.080 6 0.311 0.136 0.533 0.531
118.120 6 0.311 0.133 0.533 0.531
118.160 6 0.314 0.139 0.531 0.528
118.200 6 0.314 0.133 0.534 0.528
118.240 6 0.312 0.133 0.534 0.528
118.280 6 0.319 0.133 0.539 0.528
118.320 6 0.320 0.133 0.545 0.533
118.360 6 0.320 0.133 0.545 0.531
118.400 6 0.323 0.131 0.550 0.533
118.440 6 0.320 0.131 0.545 0.531
118.480 6 0.323 0.133 0.548 0.533
118.520 6 0.319 0.131 0.542 0.531
118.560 6 0.323 0.131 0.548 0.533
118.600 6 0.320 0.131 0.545 0.531
118.640 6 0.323 0.133 0.547 0.533
118.680 6 0.320 0.131 0.544 0.531
118.720 6 0.322 0.133 0.547 0.533
118.760 6 0.317 0.131 0.545 0.539
118.800 6 0.316 0.133 0.541 0.536
118.840 6 0.320 0.133 0.544 0.533
118.880 6 0.322 0.133 0.547 0.536
118.920 6 0.319 0.133 0.544 0.533
118.960 6 0.317 0.133 0.541 0.533
119.000 6 0.320 0.133 0.545 0.536
119.040 6 0.312 0.131 0.539 0.533
119.080 6 0.320 0.128 0.545 0.531
119.120 6 0.319 0.122 0.545 0.525
119.160 6 0.327 0.122 0.552 0.525
119.200 6 0.323 0.119 0.550 0.525
119.240 6 0.330 0.125 0.556 0.528
119.280 6 0.325 0.128 0.547 0.525
119.320 6 0.333 0.131 0.553 0.525
119.360 6 0.331 0.133 0.548 0.522
119.400 6 0.330 0.131 0.550 0.528
119.440 6 0.328 0.133 0.547 0.525
119.480 6 0.331 0.131 0.555 0.528
119.520 6 0.327 0.133 0.545 0.525
119.560 6 0.330 0.136 0.548 0.525
119.600 6 0.327 0.131 0.547 0.525
119.640 6 0.322 0.122 0.548 0.525
119.680 6 0.323 0.119 0.553 0.528
119.720 6 0.317 0.117 0.547 0.528
119.760 6 0.323 0.122 0.550 0.528
119.800 6 0.320 0.119 0.547 0.525
119.840 6 0.325 0.122 0.550 0.525
119.880 6 0.319 0.119 0.545 0.525
119.920 6 0.322 0.122 0.548 0.525
119.960 6 0.325 0.128 0.545 0.522
120.000 6 0.311 0.122 0.552 0.553
120.040 6 0.314 0.119 0.555 0.550
120.080 6 0.316 0.122 0.556 0.553
120.120 6 0.317 0.125 0.558 0.553
120.160 6 0.319 0.125 0.561 0.558
120.200 6 0.317 0.125 0.556 0.556
120.240 6 0.322 0.125 0.561 0.556
120.280 6 0.319 0.128 0.559 0.556
120.320 6 0.319 0.128 0.558 0.556
120.360 6 0.317 0.128 0.558 0.558
120.400 6 0.317 0.125 0.558 0.558
120.440 6 0.316 0.125 0.558 0.558
120.480 6 0.314 0.122 0.556 0.556
120.520 6 0.319 0.125 0.559 0.556
120.560 6 0.316 0.125 0.556 0.556
120.600 6 0.316 0.128 0.553 0.553
120.640 6 0.319 0.128 0.555 0.553
120.680 6 0.314 0.128 0.550 0.553
120.720 6 0.316 0.128 0.553 0.553
120.760 6 0.316 0.125 0.553 0.553
120.800 6 0.314 0.125 0.552 0.550
120.840 6 0.317 0.117 0.555 0.544
120.880 6 0.311 0.111 0.548 0.539
120.920 6 0.311 0.108 0.553 0.542
120.960 6 0.311 0.108 0.553 0.542
121.000 6 0.312 0.111 0.555 0.544
121.040 6 0.314 0.114 0.556 0.547
121.080 6 0.317 0.117 0.559 0.550
121.120 6 0.314 0.119 0.555 0.553
121.160 6 0.320 0.122 0.561 0.553
121.200 6 0.319 0.122 0.558 0.550
121.240 6 0.319 0.122 0.558 0.553
121.280 6 0.316 0.122 0.558 0.553
121.320 6 0.322 0.119 0.564 0.556
121.360 6 0.319 0.119 0.566 0.558
121.400 6 0.319 0.119 0.562 0.556
121.440 6 0.322 0.119 0.566 0.556
121.480 6 0.319 0.119 0.562 0.553
121.520 6 0.319 0.119 0.562 0.556
121.560 6 0.319 0.122 0.561 0.553
121.600 6 0.322 0.122 0.564 0.556
121.640 6 0.317 0.122 0.558 0.553
121.680 6 0.322 0.125 0.562 0.556
121.720 6 0.316 0.125 0.556 0.556
121.760 6 0.320 0.128 0.559 0.558
121.800 6 0.312 0.128 0.553 0.558
121.840 6 0.317 0.128 0.559 0.558
121.880 6 0.311 0.128 0.553 0.558
121.920 6 0.317 0.131 0.556 0.558
121.960 6 0.311 0.128 0.552 0.561
122.000 6 0.317 0.133 0.555 0.558
122.040 6 0.311 0.133 0.548 0.558
122.080 6 0.314 0.133 0.553 0.561
122.120 6 0.308 0.133 0.545 0.558
122.160 6 0.312 0.133 0.552 0.561
122.200 6 0.306 0.133 0.545 0.558
122.240 6 0.309 0.133 0.548 0.561
122.280 6 0.308 0.133 0.545 0.558
122.320 6 0.305 0.131 0.542 0.558
122.360 6 0.306 0.131 0.545 0.558
122.400 6 0.306 0.131 0.545 0.558
122.440 6 0.308 0.133 0.544 0.556
122.480 6 0.308 0.133 0.541 0.550
122.520 6 0.311 0.136 0.544 0.553
122.560 6 0.306 0.133 0.537 0.550
122.600 6 0.314 0.133 0.548 0.553
122.640 6 0.305 0.131 0.539 0.550
122.680 6 0.314 0.131 0.550 0.556
122.720 6 0.306 0.131 0.542 0.553
122.760 6 0.311 0.128 0.550 0.556
122.800 6 0.309 0.131 0.544 0.550
122.840 6 0.316 0.131 0.552 0.553
122.880 6 0.306 0.128 0.544 0.553
122.920 6 0.311 0.125 0.552 0.556
122.960 6 0.306 0.128 0.545 0.553
123.000 6 0.311 0.122 0.552 0.553
123.040 6 0.311 0.122 0.552 0.553
123.080 6 0.311 0.122 0.552 0.553
123.120 6 0.312 0.122 0.552 0.550
123.160 6 0.311 0.122 0.550 0.550
123.200 6 0.311 0.122 0.550 0.550
126.200 7 0.675 0.667 0.723 0.750
126.240 7 0.675 0.669 0.723 0.753
126.280 7 0.675 0.669 0.723 0.753
126.320 7 0.677 0.669 0.723 0.756
126.360 7 0.677 0.672 0.725 0.756
126.400 7 0.677 0.672 0.725 0.758
126.440 7 0.680 0.672 0.728 0.758
126.480 7 0.678 0.672 0.727 0.758
126.520 7 0.681 0.672 0.730 0.758
126.560 7 0.681 0.672 0.730 0.761
126.600 7 0.683 0.672 0.731 0.761
126.640 7 0.686 0.672 0.734 0.761
126.680 7 0.686 0.675 0.734 0.761
126.720 7 0.689 0.672 0.739 0.761
126.760 7 0.688 0.675 0.738 0.761
126.800 7 0.692 0.675 0.741 0.764
126.840 7 0.692 0.675 0.742 0.764
126.880 7 0.697 0.675 0.745 0.764
126.920 7 0.697 0.675 0.745 0.764
126.960 7 0.698 0.678 0.748 0.767
127.000 7 0.700 0.681 0.750 0.767
127.040 7 0.703 0.678 0.753 0.767
127.080 7 0.705 0.681 0.755 0.769
127.120 7 0.706 0.681 0.756 0.769
127.160 7 0.708 0.681 0.758 0.769
127.200 7 0.706 0.678 0.758 0.769
127.240 7 0.709 0.678 0.761 0.769
127.280 7 0.709 0.678 0.761 0.769
127.320 7 0.711 0.675 0.762 0.769
127.360 7 0.714 0.678 0.766 0.769
127.400 7 0.714 0.675 0.766 0.769
127.440 7 0.716 0.675 0.769 0.769
127.480 7 0.716 0.675 0.769 0.767
127.520 7 0.719 0.675 0.772 0.769
127.560 7 0.719 0.675 0.773 0.769
127.600 7 0.719 0.675 0.773 0.769
127.640 7 0.722 0.675 0.777 0.769
127.680 7 0.720 0.675 0.775 0.769
127.720 7 0.722 0.675 0.777 0.772
127.760 7 0.723 0.675 0.778 0.772
127.800 7 0.723 0.675 0.778 0.772
127.840 7 0.723 0.675 0.780 0.775
127.880 7 0.727 0.675 0.781 0.775
127.920 7 0.728 0.678 0.783 0.775
127.960 7 0.730 0.678 0.784 0.775
128.000 7 0.733 0.678 0.787 0.775
128.040 7 0.730 0.678 0.786 0.775
128.080 7 0.733 0.675 0.789 0.772
128.120 7 0.731 0.675 0.786 0.772
128.160 7 0.734 0.672 0.789 0.769
128.200 7 0.733 0.672 0.786 0.767
128.240 7 0.736 0.672 0.789 0.769
128.280 7 0.736 0.672 0.791 0.769
128.320 7 0.738 0.675 0.792 0.772
128.360 7 0.741 0.672 0.795 0.769
128.400 7 0.742 0.669 0.797 0.769
128.440 7 0.744 0.669 0.800 0.767
128.480 7 0.748 0.669 0.803 0.764
128.520 7 0.750 0.669 0.806 0.767
128.560 7 0.755 0.669 0.809 0.767
128.600 7 0.758 0.669 0.812 0.767
128.640 7 0.762 0.669 0.817 0.767
128.680 7 0.767 0.669 0.823 0.767
128.720 7 0.772 0.669 0.828 0.769
128.760 7 0.772 0.667 0.831 0.769
128.800 7 0.777 0.669 0.836 0.772
128.840 7 0.783 0.669 0.839 0.772
128.880 7 0.786 0.672 0.842 0.772
128.920 7 0.789 0.669 0.845 0.772
128.960 7 0.791 0.672 0.850 0.775
129.000 7 0.795 0.672 0.852 0.772
129.040 7 0.798 0.672 0.855 0.772
129.080 7 0.800 0.675 0.856 0.772
129.120 7 0.800 0.675 0.856 0.775
129.160 7 0.798 0.675 0.855 0.778
129.200 7 0.795 0.678 0.853 0.778
127.280 8 0.677 0.878 0.738 0.986
127.320 8 0.678 0.878 0.739 0.986
127.360 8 0.683 0.878 0.744 0.986
127.400 8 0.686 0.875 0.747 0.983
127.440 8 0.689 0.875 0.750 0.981
127.480 8 0.691 0.872 0.752 0.981
127.520 8 0.695 0.872 0.756 0.981
127.560 8 0.700 0.872 0.761 0.981
127.600 8 0.705 0.869 0.766 0.978
127.640 8 0.711 0.869 0.770 0.978
127.680 8 0.716 0.872 0.775 0.978
127.720 8 0.720 0.869 0.780 0.978
127.760 8 0.727 0.872 0.784 0.978
127.800 8 0.733 0.872 0.791 0.975
127.840 8 0.738 0.872 0.797 0.975
127.880 8 0.745 0.872 0.803 0.975
127.920 8 0.752 0.872 0.808 0.972
127.960 8 0.758 0.875 0.812 0.972
128.000 8 0.764 0.872 0.820 0.972
128.040 8 0.770 0.872 0.825 0.969
128.080 8 0.777 0.869 0.833 0.969
128.120 8 0.780 0.869 0.836 0.967
128.160 8 0.786 0.869 0.841 0.967
128.200 8 0.791 0.869 0.845 0.967
128.240 8 0.794 0.872 0.848 0.969
128.280 8 0.798 0.872 0.855 0.969
128.320 8 0.802 0.872 0.858 0.972
128.360 8 0.805 0.872 0.861 0.972
128.400 8 0.809 0.869 0.864 0.969
128.440 8 0.811 0.869 0.869 0.969
128.480 8 0.814 0.867 0.872 0.969
128.520 8 0.817 0.867 0.875 0.967
128.560 8 0.822 0.864 0.880 0.967
128.600 8 0.827 0.864 0.884 0.967
128.640 8 0.831 0.861 0.891 0.964
128.680 8 0.839 0.861 0.897 0.964
128.720 8 0.844 0.861 0.903 0.967
128.760 8 0.852 0.861 0.911 0.967
128.800 8 0.859 0.864 0.919 0.967
128.520 9 0.864 0.681 0.922 0.783
128.560 9 0.870 0.681 0.927 0.781
128.600 9 0.875 0.678 0.933 0.781
128.640 9 0.883 0.678 0.939 0.778
128.680 9 0.891 0.675 0.945 0.775
128.720 9 0.894 0.675 0.950 0.775
128.760 9 0.898 0.675 0.955 0.775
128.800 9 0.902 0.672 0.958 0.775
128.840 9 0.905 0.675 0.961 0.775
128.880 9 0.909 0.675 0.966 0.775
128.920 9 0.911 0.672 0.967 0.772
128.960 9 0.912 0.675 0.967 0.772
129.000 9 0.914 0.672 0.970 0.772
129.040 9 0.917 0.675 0.972 0.772
129.080 9 0.917 0.675 0.973 0.775
129.120 9 0.920 0.675 0.975 0.775
129.160 9 0.920 0.675 0.977 0.775
129.200 9 0.922 0.678 0.978 0.778
129.240 9 0.922 0.681 0.978 0.781
129.280 9 0.925 0.683 0.983 0.786
129.320 9 0.925 0.686 0.981 0.786
143.000 10 0.292 0.553 0.373 0.697
143.240 11 0.372 0.717 0.438 0.831
143.280 11 0.358 0.700 0.423 0.817
143.320 11 0.347 0.683 0.412 0.800
143.360 11 0.336 0.669 0.403 0.789
143.400 11 0.331 0.658 0.398 0.778
143.440 11 0.327 0.653 0.395 0.772
143.480 11 0.327 0.650 0.394 0.769
143.520 11 0.327 0.650 0.394 0.769
143.560 11 0.327 0.650 0.394 0.769
143.600 11 0.327 0.650 0.394 0.769
143.640 11 0.327 0.650 0.394 0.769
143.680 11 0.327 0.650 0.394 0.769
143.720 11 0.327 0.650 0.394 0.769
143.760 11 0.325 0.650 0.394 0.769
143.800 11 0.325 0.647 0.392 0.767
143.840 11 0.325 0.647 0.392 0.767
143.880 11 0.325 0.647 0.392 0.767
143.920 11 0.325 0.647 0.392 0.767
143.960 11 0.325 0.647 0.392 0.767
144.000 11 0.325 0.647 0.392 0.767
144.040 11 0.323 0.644 0.391 0.764
144.080 11 0.323 0.644 0.391 0.764
144.120 11 0.322 0.644 0.391 0.764
144.160 11 0.322 0.642 0.391 0.761
144.200 11 0.322 0.642 0.391 0.761
144.240 11 0.322 0.642 0.391 0.761
144.280 11 0.322 0.642 0.391 0.761
144.320 11 0.322 0.642 0.389 0.761
144.360 11 0.322 0.642 0.389 0.761
144.400 11 0.322 0.642 0.389 0.761
144.440 11 0.322 0.642 0.389 0.761
144.480 11 0.322 0.642 0.389 0.761
144.520 11 0.320 0.639 0.389 0.761
144.560 11 0.320 0.639 0.389 0.758
144.600 11 0.320 0.639 0.389 0.758
144.640 11 0.320 0.639 0.389 0.758
144.680 11 0.320 0.639 0.389 0.758
144.720 11 0.320 0.639 0.389 0.758
144.760 11 0.320 0.639 0.388 0.758
144.800 11 0.320 0.639 0.388 0.758
144.840 11 0.320 0.639 0.388 0.758
144.880 11 0.320 0.636 0.388 0.758
144.920 11 0.319 0.636 0.388 0.756
144.960 11 0.319 0.636 0.388 0.756
145.000 11 0.317 0.633 0.386 0.753
145.040 11 0.312 0.625 0.388 0.756
145.080 11 0.311 0.625 0.388 0.756
145.120 11 0.311 0.622 0.386 0.756
145.160 11 0.311 0.622 0.386 0.756
145.200 11 0.311 0.622 0.386 0.756
145.240 11 0.311 0.622 0.386 0.756
145.280 11 0.311 0.622 0.386 0.756
145.320 11 0.311 0.622 0.386 0.753
145.360 11 0.311 0.622 0.386 0.753
145.400 11 0.311 0.622 0.386 0.753
145.440 11 0.311 0.622 0.386 0.753
145.480 11 0.311 0.622 0.386 0.753
145.520 11 0.309 0.619 0.386 0.753
145.560 11 0.309 0.619 0.384 0.753
145.600 11 0.309 0.619 0.384 0.753
145.640 11 0.309 0.619 0.384 0.753
145.680 11 0.309 0.619 0.384 0.750
145.720 11 0.309 0.619 0.384 0.750
145.760 11 0.309 0.619 0.384 0.750
145.800 11 0.309 0.619 0.384 0.750
145.840 11 0.309 0.617 0.384 0.750
145.880 11 0.309 0.617 0.384 0.750
145.920 11 0.309 0.617 0.384 0.750
145.960 11 0.308 0.617 0.384 0.750
146.000 11 0.308 0.617 0.383 0.750
146.040 11 0.308 0.617 0.383 0.747
146.080 11 0.308 0.617 0.383 0.747
146.120 11 0.308 0.617 0.383 0.747
146.160 11 0.308 0.617 0.383 0.747
146.200 11 0.308 0.614 0.383 0.747
146.240 11 0.308 0.614 0.383 0.747
146.280 11 0.308 0.614 0.383 0.747
146.320 11 0.308 0.614 0.383 0.747
146.360 11 0.308 0.614 0.383 0.744
146.400 11 0.306 0.614 0.383 0.744
146.440 11 0.306 0.614 0.381 0.744
146.480 11 0.306 0.614 0.381 0.744
146.520 11 0.306 0.611 0.381 0.744
146.560 11 0.306 0.611 0.381 0.744
146.600 11 0.306 0.611 0.381 0.744
146.640 11 0.306 0.611 0.381 0.744
146.680 11 0.306 0.611 0.381 0.744
146.720 11 0.306 0.611 0.381 0.742
146.760 11 0.306 0.611 0.381 0.742
146.800 11 0.306 0.611 0.381 0.742
146.840 11 0.306 0.611 0.381 0.742
146.880 11 0.305 0.608 0.381 0.742
146.920 11 0.305 0.608 0.380 0.742
146.960 11 0.305 0.608 0.380 0.742
147.000 11 0.300 0.600 0.381 0.744
147.040 11 0.300 0.600 0.381 0.744
147.080 11 0.300 0.600 0.381 0.744
147.120 11 0.300 0.600 0.381 0.744
147.160 11 0.300 0.600 0.381 0.744
147.200 11 0.300 0.600 0.381 0.742
147.240 11 0.300 0.600 0.380 0.742
147.280 11 0.300 0.600 0.380 0.742
147.320 11 0.300 0.597 0.380 0.742
147.360 11 0.300 0.597 0.380 0.742
147.400 11 0.300 0.597 0.380 0.742
147.440 11 0.300 0.597 0.380 0.742
143.240 12 0.619 0.275 0.688 0.397
143.280 12 0.627 0.306 0.694 0.425
143.320 12 0.631 0.331 0.698 0.450
143.360 12 0.636 0.347 0.703 0.467
143.400 12 0.639 0.361 0.706 0.483
143.440 12 0.639 0.367 0.708 0.489
143.480 12 0.639 0.372 0.706 0.494
143.520 12 0.636 0.369 0.705 0.492
143.560 12 0.639 0.369 0.708 0.492
143.600 12 0.639 0.372 0.705 0.492
143.640 12 0.639 0.372 0.705 0.492
143.680 12 0.639 0.372 0.706 0.492
143.720 12 0.639 0.375 0.706 0.492
143.760 12 0.639 0.375 0.706 0.492
143.800 12 0.639 0.375 0.706 0.492
143.840 12 0.639 0.375 0.706 0.494
143.880 12 0.639 0.375 0.706 0.494
143.920 12 0.639 0.375 0.706 0.494
143.960 12 0.639 0.375 0.706 0.494
144.000 12 0.639 0.375 0.706 0.494
144.040 12 0.639 0.378 0.706 0.494
144.080 12 0.639 0.378 0.706 0.494
144.120 12 0.639 0.378 0.706 0.497
144.160 12 0.639 0.375 0.708 0.497
144.200 12 0.639 0.378 0.706 0.497
144.240 12 0.639 0.378 0.706 0.497
144.280 12 0.639 0.378 0.706 0.497
144.320 12 0.639 0.381 0.708 0.500
144.360 12 0.636 0.378 0.706 0.500
144.400 12 0.641 0.378 0.709 0.500
144.440 12 0.639 0.381 0.706 0.500
144.480 12 0.639 0.381 0.706 0.500
144.520 12 0.639 0.381 0.709 0.503
144.560 12 0.639 0.381 0.706 0.500
144.600 12 0.639 0.383 0.706 0.500
144.640 12 0.639 0.383 0.706 0.500
144.680 12 0.639 0.383 0.706 0.503
144.720 12 0.639 0.383 0.706 0.503
144.760 12 0.639 0.383 0.706 0.503
144.800 12 0.639 0.383 0.706 0.503
144.840 12 0.639 0.383 0.706 0.503
144.880 12 0.639 0.386 0.706 0.503
144.920 12 0.639 0.386 0.706 0.503
144.960 12 0.639 0.386 0.706 0.506
145.000 12 0.641 0.386 0.706 0.506
145.040 12 0.641 0.386 0.706 0.506
145.080 12 0.639 0.386 0.706 0.506
145.120 12 0.641 0.386 0.706 0.506
145.160 12 0.641 0.389 0.706 0.506
145.200 12 0.641 0.389 0.706 0.506
145.240 12 0.641 0.389 0.706 0.508
145.280 12 0.639 0.386 0.709 0.511
145.320 12 0.637 0.386 0.706 0.511
145.360 12 0.641 0.389 0.709 0.511
145.400 12 0.641 0.392 0.706 0.508
145.440 12 0.641 0.392 0.706 0.508
145.480 12 0.641 0.392 0.708 0.511
145.520 12 0.641 0.389 0.709 0.511
145.560 12 0.641 0.392 0.708 0.511
145.600 12 0.641 0.392 0.708 0.511
145.640 12 0.641 0.392 0.708 0.511
145.680 12 0.641 0.392 0.708 0.511
145.720 12 0.641 0.394 0.708 0.511
145.760 12 0.641 0.394 0.708 0.514
145.800 12 0.641 0.394 0.708 0.514
145.840 12 0.641 0.392 0.709 0.517
145.880 12 0.641 0.394 0.708 0.514
145.920 12 0.641 0.394 0.708 0.514
145.960 12 0.641 0.394 0.708 0.514
146.000 12 0.641 0.397 0.708 0.514
146.040 12 0.641 0.397 0.708 0.517
146.080 12 0.641 0.397 0.708 0.517
146.120 12 0.641 0.397 0.708 0.517
146.160 12 0.641 0.397 0.709 0.519
146.200 12 0.637 0.394 0.708 0.519
146.240 12 0.642 0.397 0.711 0.519
146.280 12 0.637 0.397 0.708 0.519
146.320 12 0.641 0.397 0.711 0.519
146.360 12 0.641 0.400 0.708 0.519
146.400 12 0.641 0.400 0.709 0.522
146.440 12 0.637 0.397 0.708 0.522
146.480 12 0.642 0.400 0.711 0.522
146.520 12 0.637 0.397 0.708 0.522
146.560 12 0.641 0.400 0.713 0.525
146.600 12 0.637 0.397 0.708 0.525
146.640 12 0.641 0.400 0.713 0.528
146.680 12 0.637 0.400 0.708 0.525
146.720 12 0.641 0.400 0.713 0.528
146.760 12 0.637 0.400 0.708 0.525
146.800 12 0.641 0.403 0.713 0.528
146.840 12 0.637 0.400 0.708 0.525
146.880 12 0.641 0.403 0.713 0.531
146.920 12 0.637 0.403 0.708 0.528
146.960 12 0.641 0.403 0.711 0.528
147.000 12 0.641 0.406 0.708 0.525
147.040 12 0.641 0.406 0.708 0.525
147.080 12 0.641 0.406 0.708 0.525
147.120 12 0.641 0.406 0.708 0.525
147.160 12 0.641 0.406 0.708 0.525
147.200 12 0.641 0.408 0.708 0.528
147.240 12 0.641 0.408 0.708 0.528
147.280 12 0.641 0.408 0.708 0.528
147.320 12 0.641 0.408 0.708 0.528
147.360 12 0.641 0.408 0.708 0.528
147.400 12 0.641 0.408 0.708 0.528
147.440 12 0.641 0.408 0.708 0.528
147.480 12 0.637 0.408 0.708 0.531
147.520 12 0.641 0.408 0.711 0.531
147.560 12 0.636 0.403 0.708 0.533
147.600 12 0.641 0.408 0.711 0.533
147.640 12 0.637 0.406 0.708 0.533
147.680 12 0.641 0.408 0.711 0.533
147.720 12 0.636 0.406 0.708 0.533
147.760 12 0.641 0.411 0.711 0.533
147.800 12 0.636 0.406 0.709 0.536
147.840 12 0.641 0.411 0.711 0.536
147.880 12 0.636 0.408 0.708 0.536
147.920 12 0.641 0.411 0.711 0.536
147.960 12 0.636 0.408 0.708 0.536
148.000 12 0.641 0.411 0.711 0.536
148.040 12 0.636 0.408 0.708 0.536
148.080 12 0.641 0.414 0.711 0.536
148.120 12 0.636 0.411 0.708 0.536
148.160 12 0.641 0.414 0.711 0.539
143.240 13 0.556 0.161 0.627 0.283
143.280 13 0.572 0.178 0.641 0.303
143.320 13 0.583 0.197 0.652 0.319
143.360 13 0.592 0.211 0.659 0.331
143.400 13 0.597 0.222 0.666 0.342
143.440 13 0.600 0.228 0.667 0.347
143.480 13 0.602 0.231 0.669 0.350
143.520 13 0.602 0.231 0.669 0.350
143.560 13 0.602 0.231 0.669 0.350
143.600 13 0.602 0.231 0.669 0.350
143.640 13 0.602 0.231 0.669 0.350
143.680 13 0.602 0.231 0.669 0.350
143.720 13 0.603 0.231 0.669 0.350
143.760 13 0.603 0.231 0.670 0.350
143.800 13 0.603 0.231 0.670 0.350
143.840 13 0.603 0.233 0.670 0.353
143.880 13 0.603 0.233 0.670 0.353
143.920 13 0.603 0.233 0.670 0.353
143.960 13 0.603 0.233 0.670 0.353
144.000 13 0.603 0.233 0.670 0.353
144.040 13 0.603 0.233 0.670 0.353
144.080 13 0.603 0.233 0.670 0.353
144.120 13 0.603 0.233 0.670 0.353
144.160 13 0.603 0.233 0.670 0.353
144.200 13 0.603 0.236 0.670 0.356
144.240 13 0.603 0.236 0.672 0.356
144.280 13 0.605 0.236 0.672 0.356
144.320 13 0.605 0.236 0.672 0.356
144.360 13 0.605 0.236 0.672 0.356
144.400 13 0.605 0.236 0.672 0.356
144.440 13 0.605 0.236 0.672 0.356
144.480 13 0.605 0.236 0.672 0.356
144.520 13 0.605 0.236 0.672 0.356
144.560 13 0.605 0.236 0.672 0.358
144.600 13 0.605 0.239 0.672 0.358
144.640 13 0.605 0.239 0.672 0.358
144.680 13 0.605 0.239 0.672 0.358
144.720 13 0.606 0.239 0.673 0.358
144.760 13 0.606 0.239 0.673 0.358
144.800 13 0.606 0.239 0.673 0.358
144.840 13 0.606 0.239 0.673 0.358
144.880 13 0.606 0.239 0.673 0.361
144.920 13 0.606 0.242 0.673 0.361
144.960 13 0.606 0.242 0.673 0.361
145.000 13 0.606 0.242 0.673 0.361
145.040 13 0.606 0.242 0.673 0.361
145.080 13 0.606 0.242 0.673 0.361
145.120 13 0.606 0.242 0.673 0.361
145.160 13 0.606 0.242 0.675 0.361
145.200 13 0.606 0.242 0.675 0.361
145.240 13 0.608 0.242 0.675 0.364
145.280 13 0.608 0.244 0.675 0.364
145.320 13 0.608 0.244 0.675 0.364
145.360 13 0.608 0.244 0.675 0.364
145.400 13 0.608 0.244 0.675 0.364
145.440 13 0.608 0.244 0.675 0.364
145.480 13 0.608 0.244 0.675 0.364
145.520 13 0.608 0.244 0.675 0.364
145.560 13 0.608 0.244 0.675 0.367
145.600 13 0.608 0.247 0.677 0.367
145.640 13 0.609 0.247 0.677 0.367
145.680 13 0.609 0.247 0.677 0.367
145.720 13 0.609 0.247 0.677 0.367
145.760 13 0.609 0.247 0.677 0.367
145.800 13 0.609 0.247 0.677 0.367
145.840 13 0.609 0.247 0.677 0.367
145.880 13 0.609 0.247 0.677 0.367
145.920 13 0.609 0.247 0.677 0.369
145.960 13 0.609 0.250 0.677 0.369
146.000 13 0.609 0.250 0.677 0.369
146.040 13 0.609 0.250 0.677 0.369
146.080 13 0.609 0.250 0.677 0.369
146.120 13 0.609 0.250 0.678 0.369
146.160 13 0.611 0.250 0.678 0.369
146.200 13 0.611 0.250 0.678 0.369
146.240 13 0.611 0.250 0.678 0.372
146.280 13 0.611 0.253 0.678 0.372
146.320 13 0.611 0.253 0.678 0.372
146.360 13 0.611 0.253 0.678 0.372
146.400 13 0.611 0.253 0.678 0.372
146.440 13 0.611 0.253 0.678 0.372
146.480 13 0.611 0.253 0.678 0.372
146.520 13 0.611 0.253 0.678 0.372
146.560 13 0.611 0.253 0.678 0.375
146.600 13 0.611 0.253 0.680 0.375
146.640 13 0.613 0.256 0.680 0.375
146.680 13 0.613 0.256 0.680 0.375
146.720 13 0.613 0.256 0.680 0.375
146.760 13 0.613 0.256 0.680 0.375
146.800 13 0.613 0.256 0.680 0.375
146.840 13 0.613 0.256 0.680 0.375
146.880 13 0.613 0.256 0.680 0.375
146.920 13 0.613 0.256 0.680 0.375
146.960 13 0.613 0.258 0.680 0.378
147.000 13 0.613 0.258 0.680 0.378
147.040 13 0.613 0.258 0.680 0.378
147.080 13 0.613 0.258 0.680 0.378
147.120 13 0.613 0.258 0.681 0.378
147.160 13 0.613 0.258 0.681 0.378
147.200 13 0.614 0.258 0.681 0.378
147.240 13 0.614 0.258 0.681 0.378
147.280 13 0.614 0.258 0.681 0.381
147.320 13 0.614 0.261 0.681 0.381
147.360 13 0.614 0.261 0.681 0.381
147.400 13 0.614 0.261 0.681 0.381
147.440 13 0.614 0.261 0.681 0.381
147.480 13 0.614 0.261 0.681 0.381
147.520 13 0.614 0.261 0.681 0.381
147.560 13 0.614 0.261 0.681 0.381
147.600 13 0.614 0.261 0.681 0.381
147.640 13 0.614 0.261 0.681 0.383
147.680 13 0.614 0.264 0.683 0.383
147.720 13 0.616 0.264 0.683 0.383
147.760 13 0.616 0.264 0.683 0.383
147.800 13 0.616 0.264 0.683 0.383
147.840 13 0.616 0.264 0.683 0.383
147.880 13 0.616 0.264 0.683 0.383
147.920 13 0.616 0.264 0.683 0.383
147.960 13 0.616 0.264 0.683 0.383
148.000 13 0.616 0.264 0.683 0.386
148.040 13 0.616 0.267 0.683 0.386
148.080 13 0.616 0.267 0.683 0.386
148.120 13 0.616 0.267 0.683 0.386
148.160 13 0.616 0.267 0.683 0.386
148.200 13 0.614 0.267 0.681 0.386
143.240 14 0.603 0.578 0.686 0.725
143.280 14 0.594 0.603 0.677 0.750
143.320 14 0.584 0.622 0.667 0.769
143.360 14 0.578 0.639 0.659 0.783
143.400 14 0.572 0.647 0.653 0.792
143.440 14 0.569 0.656 0.652 0.800
143.480 14 0.566 0.653 0.648 0.800
143.520 14 0.569 0.656 0.652 0.800
143.560 14 0.567 0.656 0.648 0.800
143.600 14 0.569 0.656 0.652 0.800
143.640 14 0.567 0.656 0.648 0.800
143.680 14 0.569 0.656 0.650 0.800
143.720 14 0.567 0.656 0.648 0.800
143.760 14 0.569 0.656 0.650 0.803
143.800 14 0.567 0.658 0.647 0.800
143.840 14 0.567 0.656 0.650 0.803
143.880 14 0.566 0.658 0.647 0.803
143.920 14 0.566 0.658 0.648 0.803
143.960 14 0.564 0.656 0.645 0.803
144.000 14 0.569 0.661 0.648 0.803
144.040 14 0.562 0.658 0.645 0.803
144.080 14 0.569 0.661 0.648 0.803
144.120 14 0.562 0.658 0.645 0.806
144.160 14 0.569 0.661 0.648 0.803
144.200 14 0.562 0.658 0.645 0.806
144.240 14 0.567 0.661 0.647 0.803
144.280 14 0.562 0.658 0.644 0.806
144.320 14 0.567 0.664 0.647 0.806
144.360 14 0.561 0.658 0.644 0.806
144.400 14 0.567 0.664 0.647 0.806
144.440 14 0.561 0.658 0.644 0.806
144.480 14 0.566 0.661 0.647 0.806
144.520 14 0.562 0.661 0.644 0.806
144.560 14 0.564 0.661 0.647 0.808
144.600 14 0.562 0.661 0.644 0.806
144.640 14 0.564 0.661 0.647 0.808
144.680 14 0.562 0.661 0.644 0.806
144.720 14 0.564 0.661 0.647 0.808
144.760 14 0.562 0.661 0.644 0.806
144.800 14 0.562 0.661 0.645 0.808
144.840 14 0.561 0.664 0.642 0.808
144.880 14 0.562 0.661 0.645 0.808
144.920 14 0.561 0.664 0.642 0.808
144.960 14 0.562 0.661 0.645 0.811
145.000 14 0.561 0.664 0.642 0.808
145.040 14 0.564 0.664 0.645 0.808
145.080 14 0.566 0.667 0.645 0.808
145.120 14 0.562 0.664 0.644 0.808
145.160 14 0.564 0.667 0.645 0.808
145.200 14 0.562 0.664 0.644 0.811
145.240 14 0.564 0.667 0.645 0.808
145.280 14 0.562 0.667 0.644 0.811
145.320 14 0.564 0.667 0.645 0.811
145.360 14 0.561 0.667 0.644 0.811
145.400 14 0.564 0.667 0.644 0.811
145.440 14 0.561 0.667 0.642 0.811
145.480 14 0.562 0.667 0.644 0.811
145.520 14 0.561 0.667 0.642 0.811
145.560 14 0.562 0.669 0.644 0.811
145.600 14 0.559 0.667 0.642 0.814
145.640 14 0.562 0.669 0.644 0.811
145.680 14 0.559 0.667 0.642 0.814
145.720 14 0.562 0.669 0.642 0.814
145.760 14 0.559 0.669 0.641 0.814
145.800 14 0.561 0.669 0.642 0.814
145.840 14 0.559 0.669 0.641 0.814
145.880 14 0.561 0.669 0.642 0.814
145.920 14 0.559 0.669 0.641 0.814
145.960 14 0.561 0.669 0.641 0.814
146.000 14 0.559 0.672 0.639 0.814
146.040 14 0.561 0.672 0.641 0.814
146.080 14 0.558 0.672 0.639 0.814
146.120 14 0.559 0.672 0.641 0.814
146.160 14 0.558 0.672 0.639 0.817
146.200 14 0.559 0.672 0.641 0.817
146.240 14 0.556 0.672 0.639 0.817
146.280 14 0.559 0.672 0.641 0.817
146.320 14 0.556 0.672 0.637 0.817
146.360 14 0.558 0.672 0.639 0.817
146.400 14 0.556 0.672 0.637 0.817
146.440 14 0.558 0.672 0.639 0.817
146.480 14 0.556 0.672 0.637 0.817
146.520 14 0.558 0.675 0.639 0.817
146.560 14 0.556 0.675 0.636 0.817
146.600 14 0.558 0.675 0.637 0.817
146.640 14 0.555 0.675 0.636 0.817
146.680 14 0.556 0.675 0.637 0.817
146.720 14 0.555 0.675 0.636 0.819
146.760 14 0.556 0.675 0.637 0.819
146.800 14 0.555 0.675 0.636 0.819
146.840 14 0.558 0.675 0.637 0.819
146.880 14 0.553 0.675 0.634 0.819
146.920 14 0.558 0.678 0.637 0.819
146.960 14 0.553 0.675 0.634 0.819
147.000 14 0.556 0.678 0.636 0.819
147.040 14 0.552 0.675 0.633 0.819
147.080 14 0.556 0.678 0.636 0.819
147.120 14 0.552 0.675 0.633 0.819
147.160 14 0.556 0.678 0.636 0.819
147.200 14 0.552 0.675 0.633 0.819
147.240 14 0.556 0.678 0.636 0.822
147.280 14 0.552 0.678 0.631 0.819
147.320 14 0.555 0.678 0.636 0.822
147.360 14 0.552 0.675 0.633 0.822
147.400 14 0.555 0.678 0.634 0.822
147.440 14 0.550 0.675 0.633 0.822
147.480 14 0.555 0.678 0.634 0.822
147.520 14 0.550 0.678 0.633 0.822
147.560 14 0.555 0.681 0.634 0.822
147.600 14 0.550 0.678 0.631 0.822
147.640 14 0.553 0.681 0.634 0.822
147.680 14 0.550 0.678 0.633 0.825
147.720 14 0.552 0.681 0.633 0.825
147.760 14 0.550 0.681 0.630 0.822
147.800 14 0.553 0.683 0.633 0.822
147.840 14 0.548 0.681 0.630 0.822
147.880 14 0.553 0.683 0.633 0.825
147.920 14 0.548 0.681 0.630 0.822
147.960 14 0.552 0.681 0.631 0.825
148.000 14 0.553 0.681 0.634 0.825
148.040 14 0.550 0.678 0.634 0.828
148.080 14 0.553 0.681 0.634 0.825
148.120 14 0.550 0.678 0.633 0.828
148.160 14 0.553 0.681 0.634 0.825
148.200 14 0.548 0.678 0.633 0.828
148.240 14 0.552 0.681 0.633 0.825
148.280 14 0.548 0.678 0.633 0.828
148.320 14 0.552 0.683 0.633 0.828
143.240 15 0.269 0.403 0.359 0.564
143.280 15 0.270 0.375 0.359 0.533
143.320 15 0.275 0.350 0.362 0.506
143.360 15 0.277 0.333 0.362 0.486
143.400 15 0.277 0.317 0.364 0.469
143.440 15 0.278 0.308 0.364 0.464
143.480 15 0.281 0.308 0.366 0.458
143.520 15 0.278 0.306 0.366 0.461
143.560 15 0.281 0.308 0.366 0.458
143.600 15 0.278 0.306 0.366 0.461
143.640 15 0.281 0.308 0.366 0.458
143.680 15 0.278 0.306 0.366 0.461
143.720 15 0.281 0.306 0.366 0.458
143.760 15 0.278 0.306 0.366 0.458
143.800 15 0.283 0.306 0.366 0.456
143.840 15 0.278 0.303 0.366 0.458
143.880 15 0.283 0.306 0.367 0.456
143.920 15 0.280 0.303 0.366 0.458
143.960 15 0.283 0.306 0.367 0.456
144.000 15 0.280 0.303 0.366 0.458
144.040 15 0.283 0.306 0.367 0.456
144.080 15 0.280 0.303 0.366 0.456
144.120 15 0.283 0.303 0.367 0.453
144.160 15 0.280 0.303 0.367 0.456
144.200 15 0.283 0.303 0.367 0.453
144.240 15 0.280 0.300 0.367 0.456
144.280 15 0.283 0.303 0.367 0.453
144.320 15 0.280 0.300 0.367 0.453
144.360 15 0.284 0.303 0.367 0.450
144.400 15 0.281 0.300 0.367 0.453
144.440 15 0.284 0.303 0.367 0.450
144.480 15 0.281 0.300 0.367 0.453
144.520 15 0.284 0.300 0.369 0.450
144.560 15 0.281 0.300 0.367 0.450
144.600 15 0.284 0.300 0.369 0.450
144.640 15 0.281 0.297 0.367 0.450
144.680 15 0.284 0.300 0.369 0.447
144.720 15 0.281 0.297 0.367 0.450
144.760 15 0.284 0.297 0.369 0.447
144.800 15 0.281 0.294 0.369 0.450
144.840 15 0.284 0.297 0.369 0.447
144.880 15 0.283 0.294 0.369 0.447
144.920 15 0.286 0.297 0.369 0.444
144.960 15 0.283 0.294 0.369 0.447
145.000 15 0.286 0.297 0.369 0.444
145.040 15 0.283 0.294 0.369 0.447
145.080 15 0.286 0.294 0.369 0.444
145.120 15 0.283 0.294 0.369 0.444
145.160 15 0.286 0.294 0.369 0.442
145.200 15 0.283 0.292 0.369 0.444
145.240 15 0.286 0.294 0.369 0.442
145.280 15 0.283 0.292 0.369 0.444
145.320 15 0.287 0.294 0.370 0.442
145.360 15 0.284 0.292 0.369 0.444
145.400 15 0.287 0.294 0.370 0.442
145.440 15 0.284 0.292 0.369 0.442
145.480 15 0.287 0.292 0.370 0.439
145.520 15 0.284 0.289 0.369 0.442
145.560 15 0.287 0.292 0.370 0.439
145.600 15 0.284 0.289 0.370 0.442
145.640 15 0.287 0.292 0.370 0.439
145.680 15 0.284 0.289 0.370 0.439
145.720 15 0.289 0.292 0.370 0.436
145.760 15 0.284 0.289 0.370 0.439
145.800 15 0.289 0.289 0.370 0.436
145.840 15 0.286 0.289 0.370 0.439
145.880 15 0.289 0.289 0.370 0.436
145.920 15 0.286 0.286 0.370 0.439
145.960 15 0.289 0.289 0.370 0.436
146.000 15 0.286 0.286 0.370 0.436
146.040 15 0.289 0.289 0.372 0.433
146.080 15 0.286 0.286 0.370 0.436
146.120 15 0.289 0.289 0.372 0.433
146.160 15 0.286 0.283 0.370 0.436
146.200 15 0.289 0.286 0.372 0.433
146.240 15 0.286 0.283 0.372 0.433
146.280 15 0.291 0.286 0.372 0.431
146.320 15 0.287 0.283 0.372 0.433
146.360 15 0.291 0.286 0.372 0.431
146.400 15 0.287 0.283 0.372 0.433
146.440 15 0.291 0.286 0.372 0.431
146.480 15 0.287 0.281 0.372 0.433
146.520 15 0.291 0.283 0.372 0.431
146.560 15 0.287 0.281 0.372 0.431
146.600 15 0.291 0.283 0.372 0.428
146.640 15 0.287 0.281 0.372 0.431
146.680 15 0.291 0.283 0.373 0.428
146.720 15 0.287 0.281 0.372 0.431
146.760 15 0.291 0.283 0.373 0.428
146.800 15 0.287 0.278 0.373 0.431
146.840 15 0.292 0.281 0.373 0.428
146.880 15 0.289 0.278 0.373 0.428
146.920 15 0.292 0.281 0.373 0.425
146.960 15 0.289 0.278 0.373 0.428
147.000 15 0.292 0.281 0.373 0.425
147.040 15 0.294 0.278 0.377 0.425
147.080 15 0.292 0.281 0.373 0.425
147.120 15 0.294 0.278 0.377 0.425
147.160 15 0.289 0.278 0.373 0.428
147.200 15 0.292 0.275 0.380 0.431
147.240 15 0.287 0.275 0.373 0.428
147.280 15 0.294 0.275 0.378 0.425
147.320 15 0.289 0.275 0.373 0.425
147.360 15 0.292 0.275 0.380 0.431
147.400 15 0.289 0.272 0.375 0.425
147.440 15 0.292 0.272 0.380 0.428
147.480 15 0.289 0.272 0.375 0.425
147.520 15 0.292 0.272 0.380 0.428
147.560 15 0.291 0.272 0.375 0.422
147.600 15 0.292 0.275 0.378 0.425
147.640 15 0.294 0.275 0.375 0.419
147.680 15 0.295 0.275 0.378 0.422
147.720 15 0.294 0.275 0.375 0.419
147.760 15 0.295 0.275 0.378 0.419
147.800 15 0.294 0.275 0.375 0.419
147.840 15 0.295 0.272 0.378 0.419
147.880 15 0.294 0.275 0.375 0.419
147.920 15 0.295 0.272 0.378 0.419
147.960 15 0.295 0.272 0.375 0.417
148.000 15 0.295 0.272 0.378 0.419
148.040 15 0.295 0.272 0.375 0.417
148.080 15 0.297 0.272 0.378 0.417
148.120 15 0.295 0.272 0.377 0.417
148.160 15 0.297 0.269 0.378 0.417
148.200 15 0.295 0.272 0.377 0.417
148.240 15 0.295 0.272 0.377 0.414
148.280 15 0.297 0.269 0.378 0.417
148.320 15 0.295 0.272 0.377 0.414
148.360 15 0.297 0.269 0.380 0.417
148.400 15 0.295 0.269 0.377 0.414
148.440 15 0.295 0.269 0.377 0.414
148.480 15 0.297 0.269 0.380 0.414
148.520 15 0.297 0.269 0.377 0.414
148.560 15 0.297 0.269 0.377 0.411
148.600 15 0.297 0.269 0.377 0.411
148.640 15 0.298 0.269 0.380 0.414
148.680 15 0.294 0.267 0.377 0.414
143.280 16 0.537 0.731 0.603 0.847
143.320 16 0.523 0.739 0.589 0.858
143.360 16 0.514 0.747 0.580 0.864
143.400 16 0.506 0.750 0.572 0.867
143.440 16 0.503 0.753 0.567 0.867
143.480 16 0.500 0.750 0.566 0.869
143.520 16 0.500 0.750 0.569 0.869
143.560 16 0.500 0.750 0.566 0.869
143.600 16 0.500 0.750 0.567 0.869
143.640 16 0.498 0.750 0.566 0.869
143.680 16 0.500 0.750 0.567 0.869
143.720 16 0.498 0.750 0.566 0.869
143.760 16 0.500 0.750 0.567 0.869
143.800 16 0.498 0.753 0.564 0.869
143.840 16 0.498 0.750 0.567 0.872
143.880 16 0.497 0.753 0.564 0.869
143.920 16 0.498 0.750 0.566 0.872
143.960 16 0.497 0.753 0.564 0.869
144.000 16 0.498 0.750 0.566 0.872
144.040 16 0.497 0.753 0.564 0.869
144.080 16 0.497 0.750 0.566 0.872
144.120 16 0.495 0.753 0.562 0.869
144.160 16 0.497 0.750 0.566 0.872
144.200 16 0.495 0.753 0.562 0.869
144.240 16 0.497 0.750 0.564 0.872
144.280 16 0.495 0.753 0.562 0.869
144.320 16 0.495 0.750 0.564 0.872
144.360 16 0.495 0.753 0.561 0.872
144.400 16 0.495 0.750 0.564 0.872
144.440 16 0.494 0.753 0.561 0.872
144.480 16 0.494 0.753 0.561 0.872
144.520 16 0.495 0.750 0.562 0.872
144.560 16 0.494 0.753 0.561 0.872
144.600 16 0.494 0.750 0.562 0.872
144.640 16 0.492 0.753 0.559 0.872
144.680 16 0.494 0.753 0.562 0.872
144.720 16 0.492 0.753 0.559 0.872
144.760 16 0.494 0.753 0.561 0.872
144.800 16 0.492 0.753 0.559 0.872
144.840 16 0.492 0.753 0.559 0.872
144.880 16 0.494 0.756 0.559 0.869
144.920 16 0.491 0.753 0.558 0.872
144.960 16 0.492 0.753 0.561 0.872
145.000 16 0.491 0.753 0.558 0.872
145.040 16 0.491 0.756 0.555 0.869
145.080 16 0.491 0.753 0.558 0.872
145.120 16 0.489 0.756 0.555 0.869
145.160 16 0.489 0.753 0.556 0.872
145.200 16 0.489 0.756 0.553 0.869
145.240 16 0.489 0.753 0.556 0.872
145.280 16 0.489 0.756 0.553 0.869
145.320 16 0.489 0.753 0.556 0.872
145.360 16 0.487 0.756 0.553 0.869
145.400 16 0.487 0.753 0.555 0.872
145.440 16 0.487 0.756 0.553 0.872
145.480 16 0.487 0.753 0.555 0.872
145.520 16 0.487 0.756 0.552 0.872
145.560 16 0.487 0.753 0.555 0.872
145.600 16 0.486 0.756 0.552 0.872
145.640 16 0.486 0.753 0.555 0.872
145.680 16 0.486 0.756 0.552 0.872
145.720 16 0.486 0.753 0.553 0.872
145.760 16 0.486 0.756 0.552 0.872
145.800 16 0.486 0.753 0.553 0.875
145.840 16 0.484 0.756 0.550 0.872
145.880 16 0.484 0.753 0.553 0.875
145.920 16 0.484 0.756 0.550 0.872
145.960 16 0.484 0.753 0.552 0.875
146.000 16 0.483 0.756 0.550 0.872
146.040 16 0.484 0.753 0.552 0.875
146.080 16 0.483 0.756 0.548 0.872
146.120 16 0.483 0.753 0.552 0.875
146.160 16 0.483 0.756 0.548 0.872
146.200 16 0.483 0.753 0.550 0.875
146.240 16 0.483 0.753 0.550 0.875
146.280 16 0.483 0.753 0.550 0.875
146.320 16 0.481 0.756 0.548 0.872
146.360 16 0.483 0.756 0.550 0.875
146.400 16 0.481 0.756 0.550 0.875
146.440 16 0.481 0.756 0.550 0.875
146.480 16 0.481 0.756 0.547 0.872
146.520 16 0.481 0.756 0.548 0.875
146.560 16 0.480 0.756 0.547 0.872
146.600 16 0.481 0.756 0.548 0.875
146.640 16 0.480 0.756 0.545 0.872
146.680 16 0.480 0.756 0.548 0.875
146.720 16 0.480 0.756 0.548 0.875
146.760 16 0.478 0.756 0.545 0.875
146.800 16 0.480 0.756 0.547 0.875
146.840 16 0.478 0.756 0.545 0.875
146.880 16 0.478 0.756 0.547 0.875
146.920 16 0.478 0.756 0.547 0.875
146.960 16 0.478 0.756 0.547 0.875
147.000 16 0.477 0.756 0.544 0.875
147.040 16 0.478 0.756 0.545 0.875
147.080 16 0.477 0.756 0.544 0.875
147.120 16 0.478 0.756 0.545 0.875
147.160 16 0.477 0.756 0.542 0.875
147.200 16 0.477 0.756 0.545 0.875
147.240 16 0.477 0.756 0.545 0.875
147.280 16 0.475 0.756 0.542 0.875
147.320 16 0.477 0.756 0.544 0.875
147.360 16 0.475 0.756 0.542 0.875
147.400 16 0.477 0.756 0.544 0.875
147.440 16 0.475 0.756 0.542 0.875
147.480 16 0.475 0.756 0.544 0.875
147.520 16 0.475 0.756 0.541 0.875
147.560 16 0.475 0.756 0.544 0.875
147.600 16 0.473 0.756 0.541 0.875
147.640 16 0.475 0.756 0.542 0.875
147.680 16 0.473 0.756 0.541 0.875
147.720 16 0.473 0.756 0.542 0.878
147.760 16 0.473 0.756 0.539 0.875
147.800 16 0.473 0.756 0.542 0.878
147.840 16 0.473 0.756 0.542 0.878
147.880 16 0.473 0.756 0.542 0.878
143.280 17 0.484 0.119 0.548 0.233
143.320 17 0.498 0.125 0.562 0.239
143.360 17 0.505 0.128 0.572 0.244
143.400 17 0.512 0.133 0.580 0.250
143.440 17 0.519 0.133 0.586 0.253
143.480 17 0.520 0.133 0.588 0.253
143.520 17 0.520 0.133 0.588 0.253
143.560 17 0.520 0.133 0.588 0.253
143.600 17 0.522 0.133 0.588 0.253
143.640 17 0.522 0.133 0.589 0.253
143.680 17 0.522 0.133 0.589 0.253
143.720 17 0.522 0.133 0.589 0.253
143.760 17 0.522 0.133 0.589 0.253
143.800 17 0.522 0.133 0.589 0.253
143.840 17 0.522 0.136 0.589 0.256
143.880 17 0.522 0.136 0.589 0.256
143.920 17 0.522 0.136 0.589 0.256
143.960 17 0.523 0.136 0.591 0.256
144.000 17 0.523 0.136 0.591 0.256
144.040 17 0.523 0.136 0.591 0.256
144.080 17 0.523 0.136 0.591 0.256
144.120 17 0.523 0.136 0.591 0.256
144.160 17 0.523 0.136 0.591 0.256
144.200 17 0.523 0.136 0.591 0.256
144.240 17 0.525 0.136 0.592 0.256
144.280 17 0.525 0.136 0.592 0.256
144.320 17 0.525 0.136 0.592 0.256
144.360 17 0.525 0.136 0.592 0.256
144.400 17 0.525 0.136 0.592 0.256
144.440 17 0.525 0.136 0.592 0.256
144.480 17 0.525 0.136 0.592 0.256
144.520 17 0.525 0.136 0.592 0.256
144.560 17 0.527 0.136 0.594 0.256
144.600 17 0.527 0.136 0.594 0.256
144.640 17 0.527 0.139 0.594 0.256
144.680 17 0.527 0.139 0.594 0.258
144.720 17 0.527 0.139 0.594 0.258
144.760 17 0.527 0.139 0.594 0.258
144.800 17 0.527 0.139 0.594 0.258
144.840 17 0.527 0.139 0.594 0.258
144.880 17 0.528 0.139 0.595 0.258
144.920 17 0.528 0.139 0.595 0.258
144.960 17 0.528 0.139 0.595 0.258
145.000 17 0.528 0.139 0.595 0.258
145.040 17 0.528 0.139 0.595 0.258
145.080 17 0.528 0.139 0.597 0.258
145.120 17 0.528 0.139 0.597 0.258
145.160 17 0.528 0.139 0.597 0.261
145.200 17 0.528 0.142 0.597 0.261
145.240 17 0.530 0.142 0.597 0.261
145.280 17 0.530 0.142 0.597 0.261
145.320 17 0.530 0.142 0.597 0.261
145.360 17 0.530 0.142 0.598 0.261
145.400 17 0.530 0.142 0.598 0.261
145.440 17 0.530 0.142 0.598 0.261
145.480 17 0.530 0.142 0.598 0.261
145.520 17 0.531 0.142 0.598 0.261
145.560 17 0.531 0.142 0.598 0.261
145.600 17 0.531 0.142 0.598 0.261
145.640 17 0.531 0.142 0.598 0.261
145.680 17 0.531 0.142 0.600 0.261
145.720 17 0.531 0.142 0.600 0.261
145.760 17 0.531 0.142 0.600 0.261
145.800 17 0.531 0.142 0.600 0.261
145.840 17 0.533 0.142 0.600 0.261
145.880 17 0.533 0.144 0.600 0.264
145.920 17 0.533 0.144 0.600 0.264
145.960 17 0.533 0.144 0.602 0.264
146.000 17 0.533 0.144 0.602 0.264
146.040 17 0.533 0.144 0.602 0.264
146.080 17 0.533 0.144 0.602 0.264
146.120 17 0.534 0.144 0.602 0.264
146.160 17 0.534 0.144 0.602 0.264
146.200 17 0.534 0.144 0.602 0.264
146.240 17 0.534 0.144 0.602 0.264
146.280 17 0.534 0.144 0.603 0.264
146.320 17 0.534 0.144 0.603 0.264
146.360 17 0.534 0.144 0.603 0.264
146.400 17 0.534 0.144 0.603 0.264
146.440 17 0.536 0.144 0.603 0.264
146.480 17 0.536 0.144 0.603 0.264
146.520 17 0.536 0.147 0.603 0.264
146.560 17 0.536 0.147 0.603 0.267
146.600 17 0.536 0.147 0.605 0.267
146.640 17 0.536 0.147 0.605 0.267
146.680 17 0.536 0.147 0.605 0.267
146.720 17 0.536 0.147 0.605 0.267
146.760 17 0.537 0.147 0.605 0.267
146.800 17 0.537 0.147 0.605 0.267
146.840 17 0.537 0.147 0.605 0.267
146.880 17 0.537 0.147 0.605 0.267
146.920 17 0.537 0.147 0.606 0.267
146.960 17 0.537 0.147 0.606 0.267
147.000 17 0.537 0.147 0.606 0.267
147.040 17 0.537 0.147 0.606 0.267
147.080 17 0.539 0.147 0.606 0.267
147.120 17 0.539 0.147 0.606 0.267
147.160 17 0.539 0.147 0.606 0.267
147.200 17 0.539 0.150 0.606 0.267
147.240 17 0.539 0.150 0.606 0.269
147.280 17 0.539 0.150 0.608 0.269
147.320 17 0.539 0.150 0.608 0.269
147.360 17 0.539 0.150 0.608 0.269
147.400 17 0.539 0.150 0.608 0.269
147.440 17 0.541 0.150 0.608 0.269
147.480 17 0.541 0.150 0.608 0.269
147.520 17 0.541 0.150 0.608 0.269
147.560 17 0.541 0.150 0.608 0.269
147.600 17 0.541 0.150 0.609 0.269
147.640 17 0.541 0.150 0.609 0.269
147.680 17 0.541 0.150 0.609 0.269
147.720 17 0.541 0.150 0.609 0.269
147.760 17 0.542 0.150 0.609 0.269
147.800 17 0.542 0.150 0.609 0.269
147.840 17 0.542 0.150 0.609 0.269
147.880 17 0.542 0.150 0.609 0.272
147.920 17 0.542 0.153 0.609 0.272
147.960 17 0.542 0.153 0.611 0.272
148.000 17 0.542 0.153 0.611 0.272
148.040 17 0.542 0.153 0.611 0.272
148.080 17 0.542 0.153 0.611 0.272
148.120 17 0.542 0.153 0.611 0.272
148.160 17 0.542 0.153 0.611 0.272
148.200 17 0.542 0.153 0.613 0.272
148.240 17 0.544 0.153 0.613 0.272
148.280 17 0.544 0.153 0.613 0.272
148.320 17 0.544 0.153 0.613 0.275
143.320 18 0.327 0.222 0.398 0.353
143.360 18 0.334 0.208 0.405 0.339
143.400 18 0.341 0.200 0.411 0.328
143.440 18 0.342 0.192 0.412 0.322
143.480 18 0.342 0.189 0.414 0.319
143.520 18 0.347 0.192 0.417 0.319
143.560 18 0.342 0.189 0.414 0.319
143.600 18 0.347 0.192 0.417 0.319
143.640 18 0.344 0.189 0.414 0.317
143.680 18 0.348 0.192 0.417 0.317
143.720 18 0.344 0.189 0.414 0.317
143.760 18 0.347 0.192 0.417 0.317
143.800 18 0.344 0.189 0.414 0.317
143.840 18 0.348 0.189 0.419 0.317
143.880 18 0.345 0.189 0.416 0.317
143.920 18 0.348 0.192 0.416 0.314
143.960 18 0.345 0.189 0.416 0.317
144.000 18 0.348 0.192 0.416 0.314
144.040 18 0.347 0.192 0.416 0.314
144.080 18 0.347 0.192 0.416 0.314
144.120 18 0.347 0.189 0.417 0.314
144.160 18 0.348 0.192 0.416 0.311
144.200 18 0.348 0.192 0.416 0.311
144.240 18 0.348 0.192 0.416 0.311
144.280 18 0.347 0.189 0.416 0.311
144.320 18 0.350 0.192 0.417 0.311
144.360 18 0.348 0.189 0.416 0.308
144.400 18 0.350 0.192 0.417 0.311
144.440 18 0.348 0.189 0.417 0.311
144.480 18 0.348 0.189 0.417 0.311
144.520 18 0.348 0.186 0.419 0.311
144.560 18 0.350 0.189 0.417 0.308
144.600 18 0.350 0.189 0.417 0.308
144.640 18 0.352 0.189 0.417 0.308
144.680 18 0.350 0.189 0.417 0.308
144.720 18 0.350 0.189 0.419 0.308
144.760 18 0.350 0.189 0.419 0.308
144.800 18 0.350 0.186 0.419 0.308
144.840 18 0.350 0.186 0.419 0.308
144.880 18 0.350 0.186 0.419 0.308
144.920 18 0.352 0.186 0.419 0.308
144.960 18 0.352 0.186 0.419 0.308
145.000 18 0.352 0.186 0.419 0.306
145.040 18 0.352 0.186 0.420 0.306
145.080 18 0.352 0.186 0.420 0.306
145.120 18 0.352 0.186 0.420 0.306
145.160 18 0.353 0.186 0.420 0.306
145.200 18 0.353 0.186 0.420 0.306
145.240 18 0.353 0.186 0.420 0.306
145.280 18 0.353 0.183 0.420 0.306
145.320 18 0.353 0.183 0.420 0.306
145.360 18 0.353 0.183 0.422 0.306
145.400 18 0.353 0.183 0.420 0.303
145.440 18 0.353 0.183 0.422 0.306
145.480 18 0.355 0.183 0.422 0.303
145.520 18 0.355 0.183 0.422 0.303
145.560 18 0.355 0.183 0.422 0.303
145.600 18 0.355 0.183 0.422 0.303
145.640 18 0.355 0.183 0.422 0.303
145.680 18 0.355 0.183 0.422 0.303
145.720 18 0.355 0.183 0.422 0.303
145.760 18 0.355 0.181 0.423 0.303
145.800 18 0.356 0.183 0.423 0.300
145.840 18 0.356 0.181 0.423 0.303
145.880 18 0.356 0.181 0.423 0.300
145.920 18 0.356 0.181 0.423 0.300
145.960 18 0.356 0.181 0.423 0.300
146.000 18 0.355 0.181 0.423 0.300
146.040 18 0.358 0.183 0.423 0.297
146.080 18 0.355 0.183 0.420 0.297
146.120 18 0.359 0.186 0.423 0.297
146.160 18 0.356 0.183 0.420 0.297
146.200 18 0.358 0.183 0.423 0.297
146.240 18 0.356 0.181 0.425 0.297
146.280 18 0.359 0.181 0.425 0.297
146.320 18 0.356 0.178 0.425 0.297
146.360 18 0.359 0.181 0.425 0.294
146.400 18 0.356 0.178 0.425 0.297
146.440 18 0.359 0.181 0.425 0.294
146.480 18 0.358 0.178 0.425 0.297
146.520 18 0.359 0.181 0.427 0.294
146.560 18 0.358 0.178 0.425 0.297
146.600 18 0.361 0.181 0.427 0.294
146.640 18 0.358 0.178 0.427 0.297
146.680 18 0.361 0.181 0.427 0.294
146.720 18 0.358 0.178 0.427 0.294
146.760 18 0.361 0.181 0.427 0.294
146.800 18 0.359 0.178 0.427 0.294
146.840 18 0.362 0.178 0.428 0.292
146.880 18 0.359 0.178 0.427 0.294
146.920 18 0.362 0.178 0.428 0.292
146.960 18 0.359 0.175 0.428 0.294
147.000 18 0.362 0.178 0.428 0.292
147.040 18 0.359 0.175 0.428 0.294
147.080 18 0.362 0.178 0.428 0.292
147.120 18 0.361 0.175 0.428 0.294
147.160 18 0.364 0.178 0.428 0.292
147.200 18 0.361 0.175 0.428 0.292
147.240 18 0.364 0.178 0.430 0.292
147.280 18 0.361 0.175 0.430 0.292
147.320 18 0.364 0.178 0.430 0.289
147.360 18 0.361 0.175 0.430 0.292
147.400 18 0.364 0.178 0.430 0.289
147.440 18 0.362 0.175 0.430 0.292
147.480 18 0.366 0.175 0.430 0.289
147.520 18 0.362 0.175 0.430 0.292
147.560 18 0.366 0.175 0.431 0.289
147.600 18 0.362 0.172 0.430 0.292
147.640 18 0.366 0.175 0.431 0.289
147.680 18 0.362 0.172 0.431 0.292
147.720 18 0.367 0.175 0.431 0.289
147.760 18 0.364 0.172 0.431 0.289
147.800 18 0.367 0.175 0.431 0.289
147.840 18 0.364 0.172 0.431 0.289
147.880 18 0.367 0.175 0.431 0.286
147.920 18 0.364 0.175 0.428 0.286
147.960 18 0.369 0.178 0.431 0.286
148.000 18 0.364 0.175 0.430 0.286
148.040 18 0.369 0.178 0.431 0.286
148.080 18 0.366 0.175 0.430 0.286
148.120 18 0.369 0.175 0.433 0.286
148.160 18 0.366 0.175 0.430 0.286
148.200 18 0.370 0.175 0.433 0.286
148.240 18 0.366 0.175 0.430 0.286
148.280 18 0.367 0.172 0.433 0.286
148.320 18 0.366 0.169 0.433 0.286
148.360 18 0.369 0.172 0.434 0.286
148.400 18 0.367 0.169 0.433 0.286
148.440 18 0.370 0.172 0.434 0.283
148.480 18 0.367 0.172 0.431 0.283
148.520 18 0.369 0.172 0.433 0.286
148.560 18 0.367 0.169 0.434 0.286
148.600 18 0.369 0.169 0.436 0.286
143.360 19 0.636 0.514 0.703 0.633
143.400 19 0.634 0.522 0.703 0.644
143.440 19 0.634 0.533 0.702 0.653
143.480 19 0.634 0.533 0.703 0.656
143.520 19 0.634 0.536 0.702 0.656
143.560 19 0.634 0.533 0.703 0.656
143.600 19 0.634 0.536 0.700 0.656
143.640 19 0.634 0.533 0.703 0.658
143.680 19 0.633 0.536 0.700 0.656
143.720 19 0.633 0.536 0.702 0.658
143.760 19 0.630 0.533 0.700 0.658
143.800 19 0.633 0.536 0.705 0.661
143.840 19 0.630 0.533 0.700 0.658
143.880 19 0.633 0.536 0.705 0.664
143.920 19 0.630 0.536 0.700 0.661
143.960 19 0.634 0.536 0.703 0.661
144.000 19 0.633 0.539 0.700 0.658
144.040 19 0.633 0.539 0.698 0.658
144.080 19 0.633 0.539 0.700 0.658
144.120 19 0.633 0.542 0.698 0.658
144.160 19 0.633 0.542 0.700 0.661
144.200 19 0.633 0.542 0.698 0.661
144.240 19 0.633 0.542 0.698 0.661
144.280 19 0.633 0.542 0.698 0.661
144.320 19 0.633 0.544 0.698 0.661
144.360 19 0.633 0.544 0.698 0.661
144.400 19 0.633 0.544 0.698 0.661
144.440 19 0.631 0.544 0.698 0.661
144.480 19 0.631 0.544 0.698 0.661
144.520 19 0.631 0.544 0.698 0.664
144.560 19 0.631 0.544 0.700 0.664
144.600 19 0.631 0.547 0.697 0.664
144.640 19 0.631 0.544 0.700 0.664
144.680 19 0.631 0.547 0.697 0.664
144.720 19 0.631 0.544 0.698 0.667
144.760 19 0.631 0.547 0.697 0.664
144.800 19 0.631 0.547 0.698 0.667
144.840 19 0.630 0.547 0.697 0.667
144.880 19 0.631 0.547 0.698 0.667
144.920 19 0.630 0.550 0.697 0.667
144.960 19 0.631 0.547 0.698 0.667
145.000 19 0.630 0.547 0.697 0.667
145.040 19 0.631 0.550 0.698 0.667
145.080 19 0.630 0.550 0.695 0.667
145.120 19 0.631 0.550 0.698 0.669
145.160 19 0.630 0.550 0.697 0.669
145.200 19 0.630 0.550 0.698 0.672
145.240 19 0.628 0.550 0.695 0.669
145.280 19 0.630 0.550 0.698 0.672
145.320 19 0.628 0.550 0.697 0.672
145.360 19 0.630 0.553 0.697 0.672
145.400 19 0.628 0.550 0.697 0.672
145.440 19 0.628 0.553 0.697 0.675
145.480 19 0.628 0.553 0.695 0.672
145.520 19 0.630 0.556 0.695 0.672
145.560 19 0.628 0.553 0.695 0.675
145.600 19 0.628 0.553 0.695 0.672
145.640 19 0.628 0.556 0.695 0.675
145.680 19 0.628 0.556 0.695 0.675
145.720 19 0.628 0.556 0.695 0.675
145.760 19 0.628 0.556 0.695 0.675
145.800 19 0.630 0.556 0.695 0.675
145.840 19 0.627 0.556 0.697 0.678
145.880 19 0.627 0.556 0.695 0.678
145.920 19 0.628 0.556 0.695 0.678
145.960 19 0.627 0.556 0.695 0.678
146.000 19 0.627 0.558 0.695 0.681
146.040 19 0.625 0.556 0.695 0.678
146.080 19 0.627 0.558 0.695 0.681
146.120 19 0.625 0.556 0.695 0.681
146.160 19 0.627 0.558 0.695 0.681
146.200 19 0.625 0.558 0.695 0.681
146.240 19 0.627 0.558 0.695 0.683
146.280 19 0.625 0.558 0.694 0.681
146.320 19 0.627 0.561 0.694 0.681
146.360 19 0.627 0.561 0.694 0.681
146.400 19 0.627 0.561 0.694 0.681
146.440 19 0.627 0.561 0.694 0.681
146.480 19 0.627 0.561 0.694 0.683
146.520 19 0.625 0.561 0.694 0.683
146.560 19 0.627 0.561 0.694 0.683
146.600 19 0.625 0.561 0.694 0.683
146.640 19 0.625 0.564 0.694 0.683
146.680 19 0.627 0.564 0.694 0.683
146.720 19 0.625 0.561 0.694 0.683
146.760 19 0.627 0.564 0.694 0.683
146.800 19 0.625 0.564 0.694 0.686
146.840 19 0.627 0.567 0.694 0.683
146.880 19 0.625 0.564 0.692 0.683
146.920 19 0.627 0.567 0.694 0.686
146.960 19 0.623 0.564 0.694 0.686
147.000 19 0.625 0.567 0.692 0.686
147.040 19 0.622 0.564 0.692 0.689
147.080 19 0.625 0.567 0.692 0.686
147.120 19 0.622 0.564 0.692 0.689
147.160 19 0.625 0.567 0.692 0.686
147.200 19 0.622 0.567 0.692 0.689
147.240 19 0.623 0.569 0.692 0.689
147.280 19 0.622 0.567 0.692 0.692
147.320 19 0.623 0.569 0.692 0.689
147.360 19 0.620 0.567 0.691 0.692
147.400 19 0.623 0.569 0.691 0.689
147.440 19 0.620 0.567 0.691 0.692
147.480 19 0.623 0.569 0.691 0.692
147.520 19 0.620 0.567 0.691 0.694
147.560 19 0.623 0.569 0.691 0.692
147.600 19 0.620 0.569 0.691 0.694
147.640 19 0.623 0.572 0.691 0.692
147.680 19 0.620 0.569 0.691 0.694
147.720 19 0.622 0.572 0.691 0.692
147.760 19 0.619 0.569 0.691 0.694
147.800 19 0.622 0.572 0.691 0.694
147.840 19 0.619 0.569 0.691 0.697
147.880 19 0.622 0.572 0.691 0.694
147.920 19 0.619 0.572 0.689 0.697
147.960 19 0.622 0.575 0.691 0.694
148.000 19 0.619 0.572 0.689 0.697
148.040 19 0.622 0.572 0.692 0.697
