27.440 0 0.409 0.228 0.758 0.847
27.480 0 0.414 0.225 0.767 0.853
27.520 0 0.406 0.231 0.756 0.850
27.560 0 0.414 0.231 0.764 0.856
27.600 0 0.405 0.231 0.753 0.853
27.640 0 0.402 0.231 0.752 0.853
27.680 0 0.406 0.231 0.758 0.856
27.720 0 0.398 0.233 0.748 0.853
27.760 0 0.400 0.233 0.748 0.856
27.800 0 0.400 0.239 0.750 0.858
27.840 0 0.402 0.242 0.752 0.864
27.880 0 0.405 0.244 0.753 0.867
27.920 0 0.408 0.247 0.756 0.867
27.960 0 0.403 0.250 0.747 0.864
28.000 0 0.409 0.247 0.758 0.867
28.040 0 0.406 0.228 0.753 0.844
28.080 0 0.406 0.225 0.756 0.847
28.120 0 0.411 0.225 0.762 0.847
28.160 0 0.409 0.225 0.759 0.847
28.200 0 0.411 0.228 0.761 0.850
28.240 0 0.411 0.228 0.761 0.850
28.280 0 0.412 0.233 0.759 0.850
28.320 0 0.411 0.233 0.759 0.856
28.360 0 0.412 0.236 0.758 0.850
28.400 0 0.409 0.233 0.759 0.856
28.440 0 0.412 0.233 0.762 0.856
28.480 0 0.405 0.236 0.752 0.853
28.520 0 0.411 0.233 0.761 0.858
28.560 0 0.403 0.242 0.750 0.858
28.600 0 0.406 0.247 0.755 0.867
28.640 0 0.406 0.250 0.755 0.872
28.680 0 0.408 0.256 0.756 0.878
28.720 0 0.408 0.258 0.756 0.881
28.760 0 0.409 0.261 0.758 0.883
28.800 0 0.409 0.264 0.758 0.883
28.840 0 0.411 0.267 0.758 0.886
28.880 0 0.411 0.267 0.759 0.886
28.920 0 0.411 0.267 0.759 0.886
28.960 0 0.412 0.267 0.759 0.886
29.000 0 0.409 0.247 0.758 0.867
29.040 0 0.411 0.256 0.759 0.875
29.080 0 0.416 0.256 0.764 0.875
29.120 0 0.417 0.256 0.766 0.875
29.160 0 0.412 0.256 0.762 0.875
29.200 0 0.412 0.244 0.773 0.889
29.240 0 0.412 0.250 0.761 0.869
29.280 0 0.412 0.250 0.761 0.869
29.320 0 0.422 0.250 0.770 0.869
29.360 0 0.419 0.256 0.761 0.861
29.400 0 0.420 0.258 0.766 0.872
29.440 0 0.423 0.264 0.769 0.878
29.480 0 0.419 0.261 0.764 0.875
29.520 0 0.423 0.261 0.769 0.878
29.560 0 0.425 0.261 0.770 0.875
29.600 0 0.427 0.261 0.773 0.875
29.640 0 0.430 0.258 0.775 0.872
29.680 0 0.433 0.256 0.778 0.869
29.720 0 0.434 0.253 0.780 0.867
29.760 0 0.436 0.250 0.783 0.867
29.800 0 0.438 0.250 0.783 0.864
29.840 0 0.438 0.250 0.784 0.864
29.880 0 0.439 0.247 0.784 0.861
29.920 0 0.441 0.244 0.787 0.861
29.960 0 0.444 0.244 0.789 0.858
30.000 0 0.448 0.247 0.797 0.867
30.040 0 0.456 0.244 0.809 0.869
30.080 0 0.453 0.244 0.800 0.864
30.120 0 0.464 0.242 0.812 0.864
30.160 0 0.456 0.239 0.806 0.861
30.200 0 0.466 0.239 0.816 0.858
30.240 0 0.461 0.236 0.809 0.856
30.280 0 0.467 0.233 0.819 0.858
30.320 0 0.450 0.231 0.803 0.858
30.360 0 0.459 0.233 0.817 0.869
30.400 0 0.459 0.231 0.809 0.853
30.440 0 0.459 0.231 0.809 0.850
30.480 0 0.459 0.228 0.808 0.847
30.520 0 0.459 0.225 0.808 0.847
30.560 0 0.464 0.222 0.819 0.853
30.600 0 0.445 0.217 0.805 0.856
30.640 0 0.456 0.222 0.809 0.850
30.680 0 0.456 0.225 0.808 0.850
30.720 0 0.455 0.222 0.805 0.847
30.760 0 0.452 0.219 0.802 0.844
30.800 0 0.448 0.219 0.798 0.842
30.840 0 0.436 0.214 0.789 0.842
30.880 0 0.442 0.219 0.795 0.847
34.880 1 0.345 0.264 0.588 0.692
34.920 1 0.339 0.264 0.581 0.694
34.960 1 0.342 0.264 0.588 0.700
35.000 1 0.338 0.267 0.580 0.697
35.040 1 0.345 0.297 0.569 0.694
35.080 1 0.348 0.300 0.572 0.697
35.120 1 0.345 0.300 0.569 0.700
35.160 1 0.345 0.300 0.573 0.706
35.200 1 0.344 0.303 0.567 0.703
35.240 1 0.342 0.303 0.570 0.706
35.280 1 0.342 0.300 0.570 0.706
35.320 1 0.342 0.297 0.573 0.708
35.360 1 0.344 0.297 0.577 0.708
35.400 1 0.348 0.300 0.577 0.706
35.440 1 0.347 0.303 0.570 0.700
35.480 1 0.344 0.300 0.570 0.703
35.520 1 0.345 0.300 0.573 0.706
35.560 1 0.342 0.297 0.573 0.708
35.600 1 0.344 0.306 0.569 0.706
35.640 1 0.345 0.306 0.572 0.708
35.680 1 0.345 0.311 0.570 0.708
35.720 1 0.344 0.311 0.570 0.714
35.760 1 0.347 0.311 0.572 0.711
35.800 1 0.341 0.308 0.567 0.711
35.840 1 0.347 0.311 0.572 0.708
35.880 1 0.338 0.308 0.562 0.708
35.920 1 0.341 0.311 0.566 0.711
35.960 1 0.336 0.311 0.561 0.708
36.000 1 0.348 0.342 0.550 0.700
36.040 1 0.331 0.325 0.550 0.714
36.080 1 0.330 0.322 0.548 0.714
36.120 1 0.328 0.322 0.548 0.714
36.160 1 0.328 0.319 0.548 0.714
36.200 1 0.327 0.319 0.548 0.714
36.240 1 0.327 0.317 0.547 0.711
36.280 1 0.325 0.314 0.547 0.708
36.320 1 0.323 0.303 0.550 0.708
36.360 1 0.327 0.294 0.555 0.700
36.400 1 0.322 0.286 0.550 0.692
36.440 1 0.319 0.278 0.547 0.686
36.480 1 0.320 0.283 0.545 0.683
36.520 1 0.312 0.283 0.536 0.681
36.560 1 0.323 0.286 0.547 0.683
36.600 1 0.316 0.283 0.539 0.683
36.640 1 0.327 0.286 0.553 0.689
36.680 1 0.317 0.289 0.537 0.681
36.720 1 0.325 0.289 0.547 0.683
36.760 1 0.323 0.289 0.541 0.678
36.800 1 0.328 0.283 0.548 0.678
36.840 1 0.323 0.281 0.544 0.675
36.880 1 0.327 0.283 0.547 0.678
36.920 1 0.328 0.286 0.547 0.678
36.960 1 0.325 0.283 0.544 0.675
37.000 1 0.311 0.267 0.552 0.697
37.040 1 0.328 0.283 0.553 0.683
37.080 1 0.330 0.283 0.553 0.681
37.120 1 0.331 0.281 0.558 0.683
37.160 1 0.336 0.275 0.558 0.672
37.200 1 0.338 0.269 0.562 0.669
37.240 1 0.333 0.264 0.561 0.672
37.280 1 0.338 0.264 0.569 0.678
37.320 1 0.334 0.269 0.562 0.678
37.360 1 0.339 0.272 0.566 0.675
37.400 1 0.334 0.269 0.561 0.669
37.440 1 0.342 0.269 0.567 0.672
37.480 1 0.338 0.267 0.562 0.669
37.520 1 0.339 0.269 0.561 0.667
37.560 1 0.336 0.269 0.561 0.669
37.600 1 0.338 0.275 0.559 0.669
37.640 1 0.336 0.272 0.559 0.672
37.680 1 0.338 0.278 0.558 0.672
37.720 1 0.334 0.275 0.559 0.675
37.760 1 0.334 0.278 0.558 0.675
37.800 1 0.331 0.275 0.559 0.681
37.840 1 0.333 0.278 0.556 0.678
37.880 1 0.330 0.278 0.558 0.683
37.920 1 0.331 0.281 0.555 0.678
37.960 1 0.331 0.281 0.553 0.678
38.000 1 0.348 0.303 0.550 0.661
38.040 1 0.348 0.303 0.548 0.658
38.080 1 0.345 0.303 0.550 0.667
38.120 1 0.345 0.306 0.548 0.667
38.160 1 0.344 0.303 0.548 0.667
38.200 1 0.348 0.303 0.552 0.667
38.240 1 0.345 0.300 0.548 0.664
38.280 1 0.350 0.306 0.552 0.664
38.320 1 0.347 0.308 0.545 0.664
38.360 1 0.350 0.308 0.552 0.667
38.400 1 0.348 0.311 0.548 0.667
38.440 1 0.348 0.308 0.550 0.664
38.480 1 0.350 0.303 0.550 0.658
38.520 1 0.353 0.303 0.552 0.656
38.560 1 0.348 0.300 0.547 0.656
38.600 1 0.353 0.300 0.555 0.658
38.640 1 0.348 0.300 0.550 0.658
38.680 1 0.348 0.300 0.548 0.658
38.720 1 0.347 0.303 0.548 0.658
38.760 1 0.347 0.303 0.548 0.661
38.800 1 0.348 0.306 0.548 0.661
38.840 1 0.348 0.306 0.548 0.664
38.880 1 0.348 0.306 0.548 0.664
38.920 1 0.348 0.306 0.548 0.664
38.960 1 0.348 0.306 0.550 0.664
39.000 1 0.348 0.303 0.550 0.661
39.040 1 0.348 0.317 0.550 0.675
39.080 1 0.345 0.314 0.547 0.672
39.120 1 0.350 0.317 0.552 0.675
39.160 1 0.347 0.317 0.548 0.675
39.200 1 0.347 0.319 0.550 0.678
39.240 1 0.347 0.322 0.550 0.681
39.280 1 0.347 0.322 0.550 0.683
39.320 1 0.344 0.319 0.550 0.689
39.360 1 0.347 0.325 0.550 0.686
39.400 1 0.347 0.325 0.550 0.686
39.440 1 0.347 0.325 0.552 0.686
39.480 1 0.348 0.325 0.552 0.686
39.520 1 0.348 0.328 0.552 0.689
39.560 1 0.348 0.328 0.553 0.692
39.600 1 0.345 0.322 0.555 0.697
39.640 1 0.347 0.328 0.553 0.694
39.680 1 0.347 0.325 0.561 0.703
39.720 1 0.342 0.322 0.552 0.694
39.760 1 0.350 0.328 0.556 0.694
39.800 1 0.348 0.331 0.552 0.692
39.840 1 0.347 0.328 0.553 0.694
39.880 1 0.350 0.331 0.552 0.689
39.920 1 0.347 0.325 0.553 0.692
39.960 1 0.347 0.325 0.552 0.689
40.000 1 0.348 0.342 0.550 0.700
40.040 1 0.347 0.342 0.547 0.697
40.080 1 0.348 0.344 0.545 0.694
40.120 1 0.348 0.344 0.547 0.694
40.160 1 0.345 0.342 0.544 0.697
40.200 1 0.345 0.339 0.550 0.703
40.240 1 0.350 0.344 0.550 0.700
40.280 1 0.348 0.344 0.545 0.694
40.320 1 0.348 0.344 0.548 0.700
40.360 1 0.347 0.344 0.545 0.700
40.400 1 0.352 0.347 0.550 0.700
40.440 1 0.348 0.347 0.548 0.700
40.480 1 0.344 0.342 0.550 0.708
40.520 1 0.348 0.342 0.555 0.708
40.560 1 0.345 0.342 0.552 0.708
40.600 1 0.348 0.344 0.552 0.706
40.640 1 0.345 0.342 0.552 0.708
40.680 1 0.350 0.342 0.556 0.708
40.720 1 0.341 0.339 0.547 0.706
40.760 1 0.348 0.339 0.555 0.706
40.800 1 0.345 0.344 0.547 0.703
40.840 1 0.347 0.339 0.552 0.706
40.880 1 0.348 0.344 0.547 0.697
40.920 1 0.348 0.344 0.548 0.700
40.960 1 0.347 0.344 0.547 0.700
41.000 1 0.348 0.342 0.550 0.700
41.040 1 0.331 0.297 0.559 0.703
41.080 1 0.331 0.297 0.559 0.703
41.120 1 0.331 0.297 0.559 0.703
41.160 1 0.331 0.297 0.559 0.703
41.200 1 0.331 0.297 0.559 0.703
41.240 1 0.331 0.297 0.559 0.703
41.280 1 0.327 0.294 0.558 0.706
41.320 1 0.330 0.297 0.559 0.706
41.360 1 0.327 0.294 0.558 0.706
41.400 1 0.331 0.294 0.567 0.711
41.440 1 0.322 0.289 0.559 0.711
41.480 1 0.330 0.292 0.567 0.714
41.520 1 0.320 0.292 0.558 0.714
41.560 1 0.327 0.292 0.567 0.719
41.600 1 0.317 0.292 0.558 0.719
41.640 1 0.323 0.294 0.564 0.722
41.680 1 0.319 0.297 0.558 0.722
41.720 1 0.319 0.294 0.559 0.722
41.760 1 0.317 0.294 0.556 0.722
41.800 1 0.325 0.294 0.567 0.725
41.840 1 0.320 0.292 0.564 0.722
41.880 1 0.333 0.292 0.575 0.725
41.920 1 0.338 0.283 0.583 0.719
41.960 1 0.345 0.294 0.581 0.711
42.000 1 0.338 0.267 0.580 0.697
42.040 1 0.341 0.281 0.581 0.708
42.080 1 0.341 0.283 0.580 0.708
42.120 1 0.341 0.281 0.581 0.708
42.160 1 0.342 0.275 0.581 0.703
42.200 1 0.344 0.269 0.586 0.700
42.240 1 0.338 0.264 0.581 0.694
42.280 1 0.341 0.261 0.583 0.694
42.320 1 0.339 0.261 0.583 0.694
42.360 1 0.341 0.269 0.581 0.697
42.400 1 0.338 0.272 0.580 0.703
42.440 1 0.338 0.278 0.578 0.706
42.480 1 0.341 0.275 0.581 0.706
42.520 1 0.333 0.275 0.573 0.703
42.560 1 0.339 0.272 0.581 0.700
42.600 1 0.338 0.267 0.578 0.697
42.640 1 0.338 0.267 0.578 0.694
42.680 1 0.336 0.267 0.578 0.694
42.720 1 0.336 0.264 0.577 0.692
42.760 1 0.336 0.264 0.578 0.692
42.800 1 0.336 0.264 0.577 0.692
42.840 1 0.336 0.261 0.577 0.692
42.880 1 0.334 0.261 0.577 0.692
42.920 1 0.334 0.261 0.575 0.692
42.960 1 0.333 0.258 0.575 0.689
43.000 1 0.338 0.267 0.580 0.697
43.040 1 0.331 0.278 0.575 0.711
43.080 1 0.334 0.275 0.578 0.708
43.120 1 0.327 0.269 0.572 0.706
43.160 1 0.330 0.269 0.575 0.706
43.200 1 0.327 0.269 0.572 0.706
43.240 1 0.323 0.269 0.570 0.708
43.280 1 0.323 0.272 0.569 0.711
43.320 1 0.320 0.269 0.570 0.714
43.360 1 0.320 0.272 0.569 0.714
43.400 1 0.319 0.269 0.569 0.717
43.440 1 0.317 0.269 0.569 0.719
43.480 1 0.316 0.269 0.569 0.722
43.520 1 0.316 0.272 0.567 0.722
43.560 1 0.314 0.272 0.567 0.725
43.600 1 0.314 0.275 0.566 0.722
43.640 1 0.312 0.275 0.566 0.728
43.680 1 0.312 0.281 0.562 0.725
43.720 1 0.312 0.281 0.562 0.728
43.760 1 0.311 0.283 0.561 0.728
43.800 1 0.309 0.283 0.561 0.733
43.840 1 0.309 0.289 0.559 0.733
43.880 1 0.309 0.292 0.559 0.736
43.920 1 0.311 0.297 0.556 0.733
43.960 1 0.309 0.294 0.556 0.733
44.000 1 0.311 0.314 0.552 0.744
44.040 1 0.316 0.319 0.536 0.711
44.080 1 0.316 0.317 0.539 0.717
44.120 1 0.316 0.314 0.541 0.714
44.160 1 0.316 0.319 0.536 0.714
44.200 1 0.316 0.319 0.536 0.711
44.240 1 0.319 0.322 0.537 0.711
44.280 1 0.316 0.319 0.536 0.711
44.320 1 0.317 0.319 0.537 0.711
44.360 1 0.316 0.319 0.534 0.711
44.400 1 0.317 0.319 0.537 0.711
44.440 1 0.314 0.319 0.534 0.714
44.480 1 0.314 0.319 0.534 0.714
44.520 1 0.312 0.317 0.537 0.714
44.560 1 0.316 0.317 0.536 0.708
44.600 1 0.316 0.314 0.537 0.708
44.640 1 0.312 0.311 0.536 0.708
44.680 1 0.319 0.317 0.537 0.706
44.720 1 0.316 0.311 0.536 0.703
44.760 1 0.322 0.317 0.539 0.703
44.800 1 0.317 0.308 0.539 0.703
44.840 1 0.320 0.306 0.541 0.700
44.880 1 0.320 0.300 0.544 0.700
44.920 1 0.314 0.297 0.539 0.700
44.960 1 0.316 0.294 0.544 0.703
45.000 1 0.325 0.303 0.527 0.661
45.040 1 0.312 0.272 0.536 0.672
45.080 1 0.317 0.275 0.541 0.672
45.120 1 0.316 0.278 0.536 0.669
45.160 1 0.311 0.275 0.534 0.672
45.200 1 0.320 0.278 0.536 0.664
45.240 1 0.314 0.272 0.534 0.664
45.280 1 0.319 0.269 0.537 0.661
45.320 1 0.312 0.269 0.531 0.658
45.360 1 0.316 0.269 0.533 0.658
45.400 1 0.316 0.269 0.533 0.658
45.440 1 0.316 0.269 0.533 0.656
45.480 1 0.316 0.269 0.533 0.658
45.520 1 0.316 0.269 0.534 0.658
45.560 1 0.316 0.272 0.530 0.656
45.600 1 0.320 0.272 0.534 0.653
45.640 1 0.316 0.269 0.533 0.656
45.680 1 0.317 0.269 0.534 0.658
45.720 1 0.316 0.272 0.530 0.656
45.760 1 0.322 0.275 0.534 0.656
45.800 1 0.317 0.269 0.533 0.656
45.840 1 0.316 0.272 0.531 0.656
45.880 1 0.323 0.269 0.537 0.653
45.920 1 0.320 0.261 0.536 0.647
45.960 1 0.323 0.250 0.545 0.644
46.000 1 0.311 0.219 0.552 0.650
46.040 1 0.309 0.217 0.550 0.650
46.080 1 0.303 0.222 0.541 0.644
46.120 1 0.308 0.222 0.547 0.653
46.160 1 0.308 0.222 0.547 0.650
46.200 1 0.314 0.225 0.552 0.650
46.240 1 0.305 0.225 0.539 0.644
46.280 1 0.311 0.222 0.548 0.647
46.320 1 0.306 0.217 0.548 0.653
46.360 1 0.306 0.222 0.547 0.653
46.400 1 0.306 0.222 0.548 0.653
46.440 1 0.306 0.222 0.548 0.656
46.480 1 0.306 0.222 0.548 0.656
46.520 1 0.312 0.222 0.556 0.656
46.560 1 0.302 0.222 0.544 0.656
46.600 1 0.309 0.225 0.552 0.658
46.640 1 0.305 0.222 0.547 0.656
46.680 1 0.300 0.225 0.541 0.658
46.720 1 0.305 0.228 0.545 0.658
46.760 1 0.300 0.228 0.541 0.658
46.800 1 0.303 0.228 0.545 0.661
46.840 1 0.306 0.225 0.552 0.664
46.880 1 0.297 0.219 0.545 0.661
46.920 2 0.386 0.133 0.805 0.872
46.960 2 0.398 0.133 0.817 0.875
47.000 2 0.398 0.133 0.817 0.875
47.040 2 0.422 0.131 0.839 0.872
47.080 2 0.416 0.131 0.834 0.872
47.120 2 0.412 0.131 0.833 0.872
47.160 2 0.411 0.128 0.831 0.872
47.200 2 0.411 0.128 0.830 0.872
47.240 2 0.414 0.128 0.836 0.875
47.280 2 0.408 0.133 0.830 0.881
47.320 2 0.416 0.139 0.836 0.883
47.360 2 0.419 0.142 0.839 0.886
47.400 2 0.416 0.142 0.836 0.886
47.440 2 0.427 0.144 0.845 0.886
47.480 2 0.422 0.144 0.839 0.883
47.520 2 0.417 0.142 0.838 0.886
47.560 2 0.405 0.133 0.831 0.889
47.600 2 0.403 0.142 0.825 0.892
47.640 2 0.402 0.139 0.828 0.894
47.680 2 0.394 0.147 0.816 0.894
47.720 2 0.397 0.142 0.822 0.892
47.760 2 0.386 0.142 0.806 0.889
47.800 2 0.389 0.133 0.812 0.886
47.840 2 0.377 0.133 0.797 0.881
47.880 2 0.381 0.128 0.806 0.881
47.920 2 0.372 0.136 0.791 0.878
47.960 2 0.391 0.133 0.812 0.881
48.000 2 0.398 0.133 0.817 0.875
48.040 2 0.394 0.139 0.811 0.878
48.080 2 0.400 0.128 0.817 0.864
48.120 2 0.388 0.117 0.805 0.856
48.160 2 0.394 0.106 0.811 0.844
48.200 2 0.383 0.100 0.800 0.839
48.240 2 0.394 0.094 0.812 0.836
48.280 2 0.391 0.094 0.811 0.839
48.320 2 0.388 0.100 0.806 0.842
48.360 2 0.400 0.100 0.820 0.844
48.400 2 0.389 0.103 0.811 0.850
48.440 2 0.398 0.108 0.819 0.856
48.480 2 0.388 0.114 0.809 0.861
48.520 2 0.395 0.119 0.816 0.867
48.560 2 0.383 0.128 0.803 0.872
48.600 2 0.391 0.136 0.811 0.881
48.640 2 0.377 0.142 0.797 0.886
48.680 2 0.386 0.158 0.798 0.889
48.720 2 0.369 0.144 0.789 0.889
48.760 2 0.369 0.144 0.786 0.886
48.800 2 0.364 0.139 0.781 0.881
48.840 2 0.358 0.133 0.777 0.875
48.880 2 0.355 0.131 0.772 0.872
48.920 2 0.353 0.131 0.772 0.872
48.960 2 0.352 0.128 0.770 0.869
49.000 2 0.352 0.133 0.770 0.875
49.040 2 0.352 0.133 0.770 0.875
49.080 2 0.362 0.133 0.780 0.872
49.120 3 0.289 0.269 0.533 0.703
49.160 3 0.289 0.269 0.533 0.703
49.200 3 0.281 0.264 0.530 0.706
49.240 3 0.291 0.269 0.533 0.700
49.280 3 0.291 0.267 0.533 0.697
49.320 3 0.289 0.267 0.531 0.697
49.360 3 0.287 0.267 0.531 0.697
49.400 3 0.291 0.261 0.539 0.706
49.440 3 0.286 0.267 0.531 0.700
49.480 3 0.289 0.261 0.537 0.706
49.520 3 0.284 0.267 0.530 0.703
49.560 3 0.287 0.261 0.537 0.706
49.600 3 0.283 0.267 0.528 0.703
49.640 3 0.286 0.264 0.536 0.706
49.680 3 0.283 0.267 0.527 0.703
49.720 3 0.286 0.264 0.534 0.706
49.760 3 0.283 0.269 0.525 0.700
49.800 3 0.284 0.272 0.517 0.686
49.840 3 0.292 0.278 0.523 0.692
49.880 3 0.281 0.278 0.514 0.692
49.920 3 0.283 0.269 0.523 0.697
49.960 3 0.277 0.267 0.520 0.700
50.000 3 0.283 0.267 0.525 0.697
50.040 3 0.289 0.264 0.533 0.700
50.080 3 0.286 0.267 0.525 0.694
50.120 3 0.289 0.258 0.534 0.697
50.160 3 0.286 0.258 0.528 0.692
50.200 3 0.291 0.256 0.537 0.694
50.240 3 0.289 0.256 0.533 0.692
50.280 3 0.291 0.253 0.536 0.689
50.320 3 0.294 0.253 0.536 0.686
50.360 3 0.292 0.250 0.534 0.683
50.400 3 0.295 0.250 0.539 0.686
50.440 3 0.292 0.250 0.537 0.686
50.480 3 0.292 0.247 0.541 0.689
50.520 3 0.294 0.247 0.542 0.689
50.560 3 0.295 0.244 0.544 0.686
50.600 3 0.300 0.247 0.544 0.681
50.640 3 0.302 0.247 0.544 0.681
50.680 3 0.302 0.244 0.545 0.681
50.720 3 0.303 0.247 0.547 0.683
50.760 3 0.303 0.250 0.548 0.686
50.800 3 0.303 0.253 0.548 0.692
50.840 3 0.305 0.258 0.548 0.694
50.880 3 0.308 0.267 0.548 0.697
50.920 3 0.303 0.264 0.545 0.694
50.960 3 0.309 0.264 0.552 0.694
51.000 3 0.311 0.267 0.552 0.697
51.040 3 0.311 0.269 0.552 0.697
51.080 3 0.316 0.281 0.547 0.697
51.120 3 0.311 0.283 0.550 0.708
51.160 3 0.311 0.294 0.545 0.711
51.200 3 0.317 0.294 0.550 0.714
51.240 3 0.311 0.294 0.545 0.711
51.280 3 0.312 0.286 0.550 0.714
51.320 3 0.311 0.283 0.550 0.708
51.360 3 0.312 0.281 0.550 0.708
51.400 3 0.314 0.286 0.544 0.697
51.440 3 0.316 0.283 0.550 0.703
51.480 3 0.311 0.283 0.545 0.703
51.520 3 0.312 0.281 0.548 0.706
51.560 3 0.316 0.289 0.545 0.697
51.600 3 0.312 0.281 0.550 0.703
51.640 3 0.312 0.278 0.550 0.703
51.680 3 0.317 0.281 0.550 0.697
51.720 3 0.312 0.275 0.550 0.700
51.760 3 0.312 0.275 0.550 0.700
51.800 3 0.316 0.275 0.552 0.697
51.840 3 0.311 0.278 0.547 0.697
51.880 3 0.320 0.283 0.550 0.694
51.920 3 0.316 0.281 0.544 0.689
51.960 3 0.323 0.281 0.548 0.686
52.000 3 0.311 0.267 0.552 0.697
52.040 3 0.317 0.275 0.548 0.686
52.080 3 0.312 0.272 0.545 0.686
52.120 3 0.317 0.272 0.550 0.689
52.160 3 0.311 0.278 0.539 0.683
52.200 3 0.323 0.281 0.550 0.681
52.240 3 0.320 0.283 0.539 0.675
52.280 3 0.319 0.283 0.545 0.686
52.320 3 0.312 0.283 0.539 0.689
52.360 3 0.323 0.286 0.547 0.686
52.400 3 0.320 0.289 0.537 0.678
52.440 3 0.316 0.283 0.541 0.686
52.480 3 0.317 0.289 0.537 0.681
52.520 3 0.317 0.289 0.539 0.683
52.560 3 0.314 0.289 0.533 0.681
52.600 3 0.319 0.289 0.539 0.683
52.640 3 0.314 0.294 0.531 0.681
52.680 3 0.316 0.292 0.534 0.683
52.720 3 0.317 0.289 0.537 0.683
52.760 3 0.314 0.286 0.536 0.681
52.800 3 0.312 0.283 0.534 0.678
52.840 3 0.317 0.278 0.536 0.669
52.880 3 0.311 0.269 0.531 0.664
52.920 3 0.309 0.258 0.533 0.658
52.960 3 0.314 0.256 0.534 0.650
53.000 3 0.325 0.261 0.527 0.619
53.040 3 0.327 0.256 0.533 0.622
53.080 3 0.327 0.253 0.533 0.619
53.120 3 0.325 0.250 0.533 0.619
53.160 3 0.323 0.247 0.533 0.619
53.200 3 0.328 0.253 0.536 0.619
53.240 3 0.323 0.250 0.530 0.617
53.280 3 0.325 0.253 0.528 0.614
53.320 3 0.325 0.247 0.533 0.617
53.360 3 0.322 0.242 0.533 0.617
53.400 3 0.320 0.239 0.531 0.614
53.440 3 0.319 0.239 0.531 0.614
53.480 3 0.320 0.239 0.533 0.617
53.520 3 0.316 0.239 0.528 0.617
53.560 3 0.320 0.242 0.531 0.619
53.600 3 0.317 0.244 0.530 0.619
53.640 3 0.317 0.244 0.530 0.619
53.680 3 0.317 0.244 0.528 0.619
53.720 3 0.319 0.247 0.528 0.619
53.760 3 0.320 0.253 0.527 0.619
53.800 3 0.319 0.253 0.528 0.625
53.840 3 0.316 0.256 0.525 0.628
53.880 3 0.325 0.267 0.531 0.633
53.920 3 0.325 0.281 0.528 0.642
53.960 3 0.323 0.292 0.527 0.653
54.000 3 0.325 0.303 0.527 0.661
54.040 3 0.319 0.314 0.519 0.669
54.080 3 0.319 0.317 0.522 0.678
54.120 3 0.320 0.322 0.523 0.683
54.160 3 0.319 0.325 0.522 0.689
54.200 3 0.316 0.331 0.520 0.692
54.240 3 0.319 0.333 0.522 0.694
54.280 3 0.320 0.336 0.522 0.694
54.320 3 0.320 0.339 0.522 0.697
54.360 3 0.320 0.339 0.522 0.697
54.400 3 0.322 0.339 0.523 0.697
54.440 3 0.322 0.339 0.523 0.700
54.480 3 0.322 0.339 0.523 0.700
54.520 3 0.322 0.342 0.525 0.700
54.560 3 0.323 0.342 0.525 0.700
54.600 3 0.323 0.342 0.527 0.700
54.640 3 0.323 0.342 0.527 0.703
54.680 3 0.325 0.342 0.528 0.703
54.720 3 0.325 0.342 0.528 0.703
54.760 3 0.327 0.339 0.533 0.706
54.800 3 0.327 0.342 0.530 0.703
54.840 3 0.328 0.339 0.533 0.706
54.880 3 0.323 0.336 0.530 0.706
54.920 3 0.330 0.339 0.534 0.703
54.960 3 0.327 0.336 0.531 0.700
55.000 3 0.325 0.342 0.527 0.700
55.040 3 0.316 0.308 0.537 0.703
55.080 3 0.312 0.308 0.531 0.697
55.120 3 0.319 0.303 0.541 0.700
55.160 3 0.317 0.306 0.533 0.692
55.200 3 0.320 0.300 0.544 0.700
55.240 3 0.320 0.303 0.542 0.697
55.280 3 0.322 0.306 0.544 0.700
55.320 3 0.322 0.308 0.545 0.706
55.360 3 0.322 0.311 0.545 0.708
55.400 3 0.319 0.311 0.544 0.714
55.440 3 0.322 0.314 0.548 0.717
55.480 3 0.319 0.308 0.545 0.711
55.520 3 0.325 0.306 0.550 0.706
55.560 3 0.322 0.306 0.544 0.700
55.600 3 0.327 0.300 0.550 0.700
55.640 3 0.322 0.300 0.544 0.697
55.680 3 0.327 0.303 0.550 0.700
55.720 3 0.322 0.300 0.544 0.697
55.760 3 0.323 0.303 0.547 0.700
55.800 3 0.325 0.303 0.548 0.700
55.840 3 0.325 0.303 0.548 0.700
55.880 3 0.327 0.300 0.550 0.700
55.920 3 0.328 0.300 0.552 0.700
55.960 3 0.322 0.297 0.547 0.697
56.000 3 0.311 0.267 0.552 0.697
56.040 3 0.308 0.256 0.547 0.686
56.080 3 0.300 0.256 0.537 0.683
56.120 3 0.294 0.256 0.530 0.678
56.160 3 0.280 0.256 0.517 0.681
56.200 3 0.277 0.253 0.512 0.678
56.240 3 0.266 0.250 0.503 0.675
56.280 3 0.264 0.247 0.500 0.669
56.320 3 0.261 0.244 0.495 0.664
56.360 3 0.256 0.239 0.492 0.661
56.400 3 0.253 0.236 0.487 0.656
56.440 3 0.252 0.233 0.486 0.653
56.480 3 0.252 0.236 0.484 0.650
56.520 3 0.253 0.236 0.486 0.656
56.560 3 0.258 0.242 0.491 0.658
56.600 3 0.266 0.250 0.494 0.658
56.640 3 0.272 0.253 0.503 0.667
56.680 3 0.281 0.258 0.509 0.669
56.720 3 0.289 0.264 0.519 0.675
56.760 3 0.297 0.272 0.525 0.681
56.800 3 0.302 0.275 0.533 0.686
56.840 3 0.303 0.275 0.537 0.694
56.880 3 0.306 0.275 0.542 0.697
56.920 3 0.308 0.275 0.547 0.700
56.960 3 0.311 0.275 0.548 0.703
57.000 3 0.311 0.267 0.552 0.697
57.040 3 0.320 0.272 0.553 0.689
57.080 3 0.322 0.272 0.559 0.694
57.120 3 0.314 0.272 0.552 0.692
57.160 3 0.317 0.275 0.555 0.697
57.200 3 0.306 0.269 0.545 0.697
57.240 3 0.317 0.275 0.555 0.697
57.280 3 0.316 0.272 0.555 0.694
57.320 3 0.323 0.269 0.562 0.694
57.360 3 0.331 0.267 0.570 0.692
57.400 3 0.330 0.261 0.570 0.692
57.440 3 0.338 0.264 0.575 0.689
57.480 3 0.330 0.261 0.569 0.686
57.520 3 0.333 0.264 0.573 0.694
57.560 3 0.323 0.258 0.569 0.694
57.600 3 0.330 0.256 0.577 0.694
57.640 3 0.328 0.253 0.572 0.692
57.680 3 0.333 0.247 0.578 0.686
57.720 3 0.338 0.250 0.583 0.686
57.760 3 0.336 0.250 0.580 0.683
57.800 3 0.333 0.250 0.578 0.689
57.840 3 0.331 0.256 0.575 0.692
57.880 3 0.328 0.258 0.573 0.697
57.920 3 0.328 0.261 0.573 0.700
57.960 3 0.328 0.267 0.572 0.700
58.000 3 0.338 0.267 0.580 0.697
58.040 3 0.331 0.264 0.575 0.697
58.080 3 0.328 0.264 0.570 0.694
58.120 3 0.322 0.258 0.569 0.697
58.160 3 0.325 0.258 0.572 0.700
58.200 3 0.322 0.264 0.564 0.694
58.240 3 0.327 0.261 0.575 0.703
58.280 3 0.319 0.256 0.567 0.700
58.320 3 0.327 0.261 0.572 0.700
58.360 3 0.323 0.261 0.566 0.694
58.400 3 0.322 0.261 0.564 0.694
58.440 3 0.322 0.267 0.561 0.694
58.480 3 0.323 0.267 0.566 0.697
58.520 3 0.327 0.269 0.569 0.703
58.560 3 0.325 0.272 0.566 0.703
58.600 3 0.325 0.275 0.566 0.703
58.640 3 0.328 0.278 0.566 0.700
58.680 3 0.325 0.275 0.566 0.703
58.720 3 0.322 0.272 0.564 0.706
58.760 3 0.328 0.272 0.570 0.703
58.800 3 0.323 0.272 0.564 0.703
58.840 3 0.320 0.272 0.562 0.706
58.880 3 0.325 0.278 0.562 0.703
58.920 3 0.322 0.275 0.561 0.703
58.960 3 0.320 0.272 0.561 0.700
59.000 3 0.311 0.267 0.552 0.697
59.040 3 0.323 0.300 0.539 0.686
59.080 3 0.327 0.300 0.545 0.689
59.120 3 0.322 0.303 0.537 0.689
59.160 3 0.328 0.306 0.542 0.689
59.200 3 0.323 0.306 0.536 0.683
59.240 3 0.323 0.300 0.542 0.692
59.280 3 0.323 0.300 0.544 0.692
59.320 3 0.322 0.297 0.542 0.692
59.360 3 0.322 0.300 0.542 0.692
59.400 3 0.319 0.297 0.539 0.692
59.440 3 0.323 0.297 0.544 0.692
59.480 3 0.322 0.303 0.536 0.686
59.520 3 0.323 0.306 0.541 0.692
59.560 3 0.312 0.300 0.534 0.694
59.600 3 0.322 0.306 0.539 0.694
59.640 3 0.311 0.300 0.533 0.694
59.680 3 0.319 0.300 0.539 0.697
59.720 3 0.311 0.303 0.533 0.697
59.760 3 0.314 0.306 0.536 0.700
59.800 3 0.309 0.308 0.530 0.703
59.840 3 0.314 0.308 0.536 0.703
59.880 3 0.309 0.306 0.531 0.703
59.920 3 0.314 0.311 0.533 0.703
59.960 3 0.306 0.311 0.528 0.706
60.000 3 0.325 0.342 0.527 0.700
60.040 3 0.322 0.344 0.525 0.706
60.080 3 0.322 0.344 0.525 0.708
60.120 3 0.320 0.347 0.523 0.708
60.160 3 0.320 0.350 0.523 0.708
60.200 3 0.320 0.347 0.523 0.708
60.240 3 0.327 0.344 0.531 0.708
60.280 3 0.325 0.344 0.530 0.706
60.320 3 0.325 0.344 0.528 0.706
60.360 3 0.327 0.344 0.530 0.706
60.400 3 0.328 0.344 0.531 0.706
60.440 3 0.328 0.342 0.534 0.706
60.480 3 0.328 0.342 0.530 0.700
60.520 3 0.330 0.342 0.533 0.703
60.560 3 0.328 0.336 0.536 0.706
60.600 3 0.330 0.339 0.533 0.700
60.640 3 0.333 0.339 0.537 0.703
60.680 3 0.331 0.339 0.533 0.697
60.720 3 0.331 0.339 0.534 0.700
60.760 3 0.330 0.342 0.531 0.697
60.800 3 0.333 0.339 0.534 0.697
60.840 3 0.330 0.342 0.528 0.694
60.880 3 0.331 0.342 0.530 0.694
60.920 3 0.330 0.339 0.530 0.694
60.960 3 0.328 0.339 0.528 0.694
61.000 3 0.325 0.342 0.527 0.700
61.040 3 0.331 0.344 0.530 0.697
61.080 3 0.322 0.344 0.525 0.706
61.120 3 0.323 0.344 0.525 0.703
61.160 3 0.323 0.344 0.525 0.703
61.200 3 0.325 0.344 0.527 0.703
61.240 3 0.325 0.344 0.527 0.703
61.280 3 0.319 0.344 0.522 0.706
61.320 3 0.323 0.344 0.527 0.706
61.360 3 0.323 0.347 0.527 0.708
61.400 3 0.325 0.350 0.527 0.708
61.440 3 0.325 0.350 0.527 0.708
61.480 3 0.325 0.350 0.527 0.708
61.520 3 0.320 0.353 0.520 0.706
61.560 3 0.330 0.353 0.530 0.708
61.600 3 0.319 0.347 0.519 0.703
61.640 3 0.330 0.356 0.530 0.711
85.760 4 0.298 0.228 0.533 0.644
85.800 4 0.305 0.222 0.544 0.647
85.840 4 0.303 0.225 0.534 0.639
85.880 4 0.308 0.219 0.547 0.650
85.920 4 0.309 0.219 0.548 0.647
85.960 4 0.311 0.219 0.550 0.650
86.000 4 0.311 0.219 0.552 0.650
86.040 4 0.308 0.208 0.555 0.650
86.080 4 0.308 0.208 0.558 0.653
86.120 4 0.309 0.208 0.559 0.656
86.160 4 0.311 0.211 0.561 0.658
86.200 4 0.312 0.214 0.561 0.658
86.240 4 0.312 0.214 0.561 0.658
86.280 4 0.312 0.217 0.561 0.658
86.320 4 0.314 0.219 0.561 0.658
86.360 4 0.316 0.219 0.564 0.661
86.400 4 0.314 0.225 0.559 0.661
86.440 4 0.312 0.228 0.555 0.661
86.480 4 0.317 0.228 0.559 0.658
86.520 4 0.314 0.219 0.558 0.656
86.560 4 0.311 0.219 0.556 0.656
86.600 4 0.309 0.217 0.556 0.656
86.640 4 0.309 0.214 0.556 0.656
86.680 4 0.306 0.217 0.552 0.653
86.720 4 0.305 0.219 0.547 0.650
86.760 4 0.302 0.217 0.545 0.653
86.800 4 0.300 0.219 0.542 0.653
86.840 4 0.295 0.222 0.539 0.658
86.880 4 0.291 0.222 0.537 0.661
86.920 4 0.291 0.228 0.533 0.661
86.960 4 0.286 0.225 0.533 0.664
87.000 4 0.283 0.219 0.525 0.650
87.040 4 0.287 0.250 0.511 0.647
87.080 4 0.284 0.247 0.508 0.644
87.120 4 0.283 0.253 0.505 0.647
87.160 4 0.280 0.256 0.497 0.642
87.200 4 0.278 0.253 0.497 0.642
87.240 4 0.275 0.250 0.494 0.642
87.280 4 0.273 0.253 0.491 0.639
87.320 4 0.270 0.250 0.489 0.639
87.360 4 0.267 0.250 0.487 0.642
87.400 4 0.266 0.253 0.484 0.642
87.440 4 0.264 0.250 0.486 0.644
87.480 4 0.263 0.244 0.486 0.642
87.520 4 0.263 0.239 0.486 0.639
87.560 4 0.261 0.236 0.486 0.633
87.600 4 0.259 0.231 0.483 0.631
87.640 4 0.263 0.231 0.486 0.628
87.680 4 0.263 0.233 0.486 0.631
87.720 4 0.263 0.233 0.487 0.633
87.760 4 0.264 0.236 0.491 0.639
87.800 4 0.261 0.239 0.487 0.642
87.840 4 0.269 0.242 0.494 0.639
87.880 4 0.266 0.236 0.489 0.636
87.920 4 0.273 0.236 0.494 0.628
87.960 4 0.270 0.233 0.489 0.622
88.000 4 0.281 0.261 0.483 0.619
88.040 4 0.292 0.269 0.489 0.619
88.080 4 0.287 0.267 0.484 0.619
88.120 4 0.292 0.267 0.489 0.619
88.160 4 0.289 0.269 0.486 0.619
88.200 4 0.295 0.272 0.492 0.622
88.240 4 0.294 0.269 0.491 0.619
88.280 4 0.297 0.269 0.494 0.619
88.320 4 0.295 0.269 0.492 0.619
88.360 4 0.294 0.267 0.495 0.622
88.400 4 0.295 0.267 0.495 0.622
88.440 4 0.295 0.267 0.497 0.625
88.480 4 0.297 0.269 0.497 0.625
88.520 4 0.298 0.269 0.498 0.625
88.560 4 0.297 0.272 0.495 0.625
88.600 4 0.295 0.272 0.494 0.625
88.640 4 0.298 0.275 0.495 0.628
88.680 4 0.295 0.275 0.492 0.628
88.720 4 0.294 0.275 0.492 0.628
88.760 4 0.298 0.278 0.497 0.628
88.800 4 0.297 0.275 0.494 0.628
88.840 4 0.292 0.272 0.494 0.631
88.880 4 0.291 0.269 0.492 0.628
88.920 4 0.287 0.264 0.492 0.628
88.960 4 0.281 0.261 0.486 0.622
89.000 4 0.281 0.261 0.483 0.619
89.040 4 0.272 0.256 0.470 0.608
89.080 4 0.269 0.250 0.467 0.603
89.120 4 0.255 0.239 0.459 0.603
89.160 4 0.253 0.233 0.461 0.603
89.200 4 0.252 0.231 0.463 0.603
89.240 4 0.252 0.231 0.464 0.608
89.280 4 0.255 0.233 0.467 0.611
89.320 4 0.256 0.236 0.470 0.614
89.360 4 0.259 0.242 0.472 0.619
89.400 4 0.253 0.206 0.492 0.633
89.440 4 0.252 0.214 0.489 0.639
89.480 4 0.261 0.222 0.498 0.647
89.520 4 0.253 0.228 0.495 0.658
89.560 4 0.267 0.244 0.503 0.664
89.600 4 0.266 0.253 0.502 0.672
89.640 4 0.270 0.264 0.508 0.686
89.680 4 0.275 0.281 0.505 0.689
89.720 4 0.283 0.289 0.511 0.694
89.760 4 0.286 0.297 0.511 0.694
89.800 4 0.287 0.303 0.511 0.700
89.840 4 0.289 0.306 0.511 0.703
89.880 4 0.289 0.308 0.511 0.703
89.920 4 0.289 0.311 0.508 0.700
89.960 4 0.292 0.306 0.516 0.700
90.000 4 0.283 0.267 0.525 0.697
90.040 4 0.284 0.308 0.506 0.703
90.080 4 0.294 0.314 0.511 0.700
90.120 4 0.289 0.314 0.502 0.694
90.160 4 0.291 0.311 0.512 0.703
90.200 4 0.286 0.314 0.500 0.694
90.240 4 0.300 0.322 0.511 0.697
90.280 4 0.289 0.308 0.508 0.697
90.320 4 0.292 0.306 0.514 0.703
90.360 4 0.284 0.303 0.509 0.703
90.400 4 0.286 0.300 0.511 0.703
90.440 4 0.277 0.297 0.505 0.700
90.480 4 0.281 0.300 0.505 0.700
90.520 4 0.281 0.303 0.503 0.700
90.560 4 0.287 0.306 0.509 0.700
90.600 4 0.281 0.306 0.503 0.700
90.640 4 0.280 0.306 0.506 0.706
90.680 4 0.275 0.308 0.497 0.706
90.720 4 0.284 0.311 0.505 0.703
90.760 4 0.284 0.311 0.503 0.697
90.800 4 0.280 0.308 0.500 0.703
90.840 4 0.280 0.306 0.502 0.703
90.880 4 0.275 0.306 0.497 0.700
90.920 4 0.283 0.308 0.503 0.697
90.960 4 0.278 0.306 0.497 0.694
91.000 4 0.281 0.342 0.483 0.700
91.040 4 0.277 0.347 0.478 0.703
91.080 4 0.281 0.342 0.484 0.703
91.120 4 0.278 0.344 0.480 0.700
91.160 4 0.281 0.339 0.486 0.703
91.200 4 0.277 0.342 0.481 0.703
91.240 4 0.283 0.342 0.486 0.706
91.280 4 0.277 0.342 0.481 0.703
91.320 4 0.283 0.342 0.487 0.706
91.360 4 0.281 0.344 0.483 0.700
91.400 4 0.281 0.339 0.487 0.706
91.440 4 0.280 0.339 0.486 0.706
91.480 4 0.280 0.344 0.483 0.703
91.520 4 0.284 0.339 0.489 0.706
91.560 4 0.278 0.339 0.483 0.703
91.600 4 0.287 0.342 0.487 0.697
91.640 4 0.281 0.339 0.478 0.692
91.680 4 0.283 0.333 0.481 0.686
91.720 4 0.277 0.325 0.477 0.681
91.760 4 0.281 0.319 0.481 0.675
91.800 4 0.280 0.317 0.477 0.669
91.840 4 0.283 0.311 0.483 0.667
91.880 4 0.280 0.311 0.478 0.664
91.920 4 0.286 0.306 0.484 0.658
91.960 4 0.284 0.306 0.478 0.650
92.000 4 0.281 0.303 0.483 0.661
92.040 4 0.273 0.261 0.497 0.658
92.080 4 0.277 0.261 0.497 0.653
92.120 4 0.277 0.256 0.498 0.650
92.160 4 0.280 0.256 0.498 0.647
92.200 4 0.281 0.256 0.502 0.647
92.240 4 0.281 0.258 0.498 0.644
92.280 4 0.284 0.258 0.502 0.644
92.320 4 0.280 0.261 0.494 0.642
92.360 4 0.284 0.261 0.500 0.647
92.400 4 0.280 0.261 0.500 0.653
92.440 4 0.277 0.261 0.498 0.656
92.480 4 0.283 0.258 0.505 0.656
92.520 4 0.278 0.256 0.502 0.653
92.560 4 0.286 0.256 0.508 0.650
92.600 4 0.281 0.253 0.505 0.650
92.640 4 0.287 0.253 0.509 0.647
92.680 4 0.284 0.253 0.508 0.647
92.720 4 0.286 0.253 0.508 0.650
92.760 4 0.286 0.256 0.509 0.653
92.800 4 0.286 0.258 0.509 0.653
92.840 4 0.287 0.258 0.509 0.656
92.880 4 0.291 0.264 0.508 0.647
92.920 4 0.291 0.258 0.511 0.650
92.960 4 0.289 0.256 0.512 0.650
93.000 4 0.283 0.219 0.525 0.650
93.040 4 0.294 0.244 0.516 0.636
93.080 4 0.298 0.244 0.520 0.639
93.120 4 0.297 0.250 0.517 0.642
93.160 4 0.297 0.253 0.519 0.644
93.200 4 0.297 0.256 0.519 0.650
93.240 4 0.297 0.261 0.517 0.653
93.280 4 0.295 0.267 0.517 0.661
93.320 4 0.295 0.272 0.516 0.667
93.360 4 0.295 0.278 0.516 0.672
93.400 4 0.295 0.289 0.512 0.675
93.440 4 0.292 0.289 0.516 0.686
93.480 4 0.291 0.294 0.511 0.686
93.520 4 0.297 0.297 0.516 0.686
93.560 4 0.292 0.292 0.511 0.681
93.600 4 0.298 0.289 0.517 0.678
93.640 4 0.294 0.283 0.511 0.672
93.680 4 0.295 0.281 0.516 0.669
93.720 4 0.294 0.278 0.514 0.669
93.760 4 0.294 0.281 0.509 0.667
93.800 4 0.292 0.278 0.512 0.669
93.840 4 0.294 0.283 0.509 0.667
93.880 4 0.291 0.281 0.506 0.667
93.920 4 0.292 0.283 0.509 0.669
93.960 4 0.292 0.281 0.511 0.672
94.000 4 0.303 0.303 0.505 0.661
94.040 4 0.295 0.272 0.516 0.664
94.080 4 0.292 0.267 0.517 0.664
94.120 4 0.295 0.269 0.520 0.667
94.160 4 0.294 0.272 0.512 0.661
94.200 4 0.295 0.267 0.520 0.667
94.240 4 0.292 0.269 0.511 0.658
94.280 4 0.298 0.272 0.516 0.656
94.320 4 0.294 0.267 0.516 0.658
94.360 4 0.287 0.261 0.514 0.664
94.400 4 0.284 0.253 0.520 0.672
94.440 4 0.289 0.256 0.520 0.667
94.480 4 0.291 0.258 0.517 0.661
94.520 4 0.287 0.256 0.514 0.658
94.560 4 0.289 0.261 0.514 0.658
94.600 4 0.291 0.261 0.512 0.656
94.640 4 0.292 0.267 0.506 0.647
94.680 4 0.294 0.264 0.511 0.650
94.720 4 0.287 0.264 0.506 0.653
94.760 4 0.292 0.258 0.514 0.653
94.800 4 0.291 0.261 0.508 0.647
94.840 4 0.295 0.256 0.516 0.647
94.880 4 0.295 0.261 0.505 0.633
94.920 4 0.300 0.261 0.514 0.642
94.960 4 0.292 0.258 0.508 0.642
95.000 4 0.283 0.219 0.525 0.650
95.040 4 0.297 0.250 0.517 0.644
95.080 4 0.294 0.250 0.514 0.644
95.120 4 0.294 0.253 0.514 0.644
95.160 4 0.294 0.253 0.514 0.644
95.200 4 0.295 0.253 0.516 0.644
95.240 4 0.295 0.253 0.516 0.644
95.280 4 0.295 0.253 0.516 0.644
95.320 4 0.294 0.253 0.516 0.644
95.360 4 0.294 0.253 0.516 0.647
95.400 4 0.294 0.253 0.516 0.650
95.440 4 0.294 0.253 0.517 0.650
95.480 4 0.294 0.253 0.519 0.656
95.520 4 0.291 0.253 0.514 0.650
95.560 4 0.295 0.256 0.519 0.650
95.600 4 0.294 0.256 0.516 0.650
95.640 4 0.297 0.256 0.519 0.650
95.680 4 0.294 0.256 0.516 0.650
95.720 4 0.295 0.258 0.516 0.650
95.760 4 0.298 0.261 0.516 0.647
95.800 4 0.294 0.258 0.516 0.653
95.840 4 0.294 0.261 0.516 0.656
95.880 4 0.297 0.267 0.516 0.656
95.920 4 0.292 0.269 0.511 0.658
95.960 4 0.300 0.275 0.516 0.658
96.000 4 0.303 0.303 0.505 0.661
96.040 4 0.303 0.303 0.505 0.661
96.080 4 0.303 0.303 0.505 0.661
96.120 4 0.302 0.308 0.497 0.656
96.160 4 0.303 0.306 0.505 0.661
96.200 4 0.302 0.311 0.495 0.656
96.240 4 0.311 0.314 0.505 0.656
96.280 4 0.308 0.314 0.494 0.644
96.320 4 0.305 0.308 0.503 0.661
96.360 4 0.302 0.311 0.495 0.658
109.840 5 0.289 0.297 0.500 0.669
109.880 5 0.302 0.297 0.511 0.667
109.920 5 0.295 0.297 0.503 0.667
109.960 5 0.308 0.300 0.512 0.664
110.000 5 0.303 0.303 0.505 0.661
110.040 5 0.303 0.303 0.502 0.656
110.080 5 0.298 0.306 0.494 0.653
110.120 5 0.295 0.303 0.491 0.653
110.160 5 0.286 0.300 0.484 0.656
110.200 5 0.277 0.306 0.475 0.658
110.240 5 0.273 0.311 0.473 0.664
110.280 5 0.270 0.314 0.470 0.669
110.320 5 0.272 0.319 0.472 0.675
110.360 5 0.273 0.319 0.473 0.675
110.400 5 0.278 0.317 0.481 0.675
110.440 5 0.284 0.317 0.486 0.675
110.480 5 0.289 0.311 0.489 0.667
110.520 5 0.283 0.306 0.483 0.664
110.560 5 0.284 0.303 0.486 0.661
110.600 5 0.278 0.297 0.481 0.658
110.640 5 0.283 0.297 0.484 0.658
110.680 5 0.284 0.297 0.489 0.658
110.720 5 0.284 0.303 0.484 0.661
110.760 5 0.291 0.300 0.494 0.661
110.800 5 0.283 0.297 0.487 0.658
110.840 5 0.289 0.283 0.495 0.650
110.880 5 0.284 0.269 0.489 0.633
110.920 5 0.283 0.253 0.486 0.614
110.960 5 0.278 0.236 0.481 0.597
111.000 5 0.281 0.222 0.483 0.581
111.040 5 0.278 0.206 0.483 0.572
111.080 5 0.280 0.203 0.483 0.564
111.120 5 0.280 0.200 0.481 0.558
111.160 5 0.281 0.203 0.480 0.556
111.200 5 0.281 0.203 0.478 0.556
111.240 5 0.283 0.203 0.480 0.556
111.280 5 0.280 0.203 0.477 0.556
111.320 5 0.283 0.203 0.481 0.556
111.360 5 0.287 0.206 0.483 0.553
111.400 5 0.283 0.206 0.477 0.553
111.440 5 0.287 0.208 0.481 0.556
111.480 5 0.284 0.211 0.478 0.558
111.520 5 0.284 0.214 0.483 0.567
111.560 5 0.284 0.219 0.483 0.575
111.600 5 0.287 0.225 0.489 0.583
111.640 5 0.291 0.231 0.492 0.592
111.680 5 0.294 0.233 0.497 0.597
111.720 5 0.295 0.239 0.500 0.603
111.760 5 0.297 0.244 0.503 0.608
111.800 5 0.298 0.250 0.503 0.614
111.840 5 0.298 0.256 0.505 0.619
111.880 5 0.300 0.258 0.505 0.622
111.920 5 0.302 0.264 0.505 0.625
111.960 5 0.302 0.267 0.505 0.628
112.000 5 0.303 0.261 0.505 0.619
112.040 5 0.298 0.264 0.500 0.622
112.080 5 0.300 0.261 0.500 0.617
112.120 5 0.300 0.256 0.502 0.617
112.160 5 0.300 0.256 0.502 0.614
112.200 5 0.302 0.256 0.502 0.611
112.240 5 0.302 0.253 0.502 0.608
112.280 5 0.302 0.253 0.502 0.608
112.320 5 0.300 0.247 0.502 0.606
112.360 5 0.297 0.244 0.500 0.606
112.400 5 0.295 0.242 0.498 0.606
112.440 5 0.294 0.242 0.497 0.606
112.480 5 0.292 0.244 0.495 0.606
112.520 5 0.292 0.247 0.492 0.603
112.560 5 0.292 0.247 0.491 0.600
112.600 5 0.291 0.247 0.487 0.597
112.640 5 0.291 0.244 0.487 0.597
112.680 5 0.291 0.244 0.487 0.594
112.720 5 0.291 0.244 0.486 0.592
112.760 5 0.291 0.247 0.484 0.592
112.800 5 0.289 0.247 0.486 0.594
112.840 5 0.289 0.250 0.484 0.597
112.880 5 0.287 0.250 0.484 0.600
112.920 5 0.287 0.253 0.486 0.606
112.960 5 0.287 0.256 0.487 0.611
113.000 5 0.281 0.261 0.483 0.619
113.040 5 0.292 0.256 0.492 0.608
113.080 5 0.294 0.258 0.492 0.614
113.120 5 0.294 0.261 0.492 0.617
113.160 5 0.294 0.264 0.494 0.619
113.200 5 0.294 0.267 0.495 0.625
113.240 5 0.294 0.269 0.495 0.628
113.280 5 0.294 0.269 0.497 0.628
113.320 5 0.295 0.272 0.497 0.631
113.360 5 0.297 0.272 0.498 0.631
113.400 5 0.297 0.272 0.500 0.633
113.440 5 0.298 0.269 0.502 0.631
113.480 5 0.300 0.267 0.503 0.628
113.520 5 0.303 0.267 0.505 0.625
113.560 5 0.305 0.264 0.508 0.625
113.600 5 0.308 0.264 0.509 0.622
113.640 5 0.311 0.264 0.511 0.622
113.680 5 0.312 0.264 0.512 0.622
113.720 5 0.314 0.267 0.514 0.622
113.760 5 0.314 0.267 0.516 0.622
113.800 5 0.316 0.267 0.516 0.625
113.840 5 0.314 0.269 0.516 0.628
113.880 5 0.311 0.267 0.514 0.628
113.920 5 0.308 0.267 0.509 0.625
113.960 5 0.297 0.272 0.497 0.628
114.000 5 0.303 0.261 0.505 0.619
114.040 5 0.291 0.269 0.502 0.644
114.080 5 0.292 0.269 0.503 0.644
114.120 5 0.295 0.267 0.505 0.639
114.160 5 0.305 0.264 0.512 0.633
114.200 5 0.306 0.261 0.514 0.628
114.240 5 0.308 0.253 0.514 0.622
114.280 5 0.305 0.250 0.511 0.614
114.320 5 0.303 0.244 0.506 0.606
114.360 5 0.302 0.239 0.503 0.597
114.400 5 0.300 0.236 0.500 0.592
114.440 5 0.303 0.233 0.502 0.583
114.480 5 0.306 0.228 0.503 0.581
114.520 5 0.308 0.225 0.503 0.572
114.560 5 0.308 0.219 0.502 0.567
114.600 5 0.305 0.214 0.498 0.558
114.640 5 0.302 0.211 0.494 0.553
114.680 5 0.298 0.206 0.491 0.547
114.720 5 0.295 0.200 0.487 0.542
114.760 5 0.291 0.197 0.483 0.539
114.800 5 0.286 0.192 0.480 0.536
114.840 5 0.281 0.189 0.472 0.528
114.880 5 0.278 0.186 0.467 0.522
114.920 5 0.272 0.183 0.461 0.517
114.960 5 0.266 0.181 0.456 0.517
115.000 5 0.258 0.183 0.459 0.542
115.040 5 0.258 0.169 0.470 0.544
115.080 5 0.264 0.169 0.472 0.539
115.120 5 0.267 0.169 0.472 0.531
115.160 5 0.270 0.167 0.472 0.525
115.200 5 0.270 0.167 0.470 0.519
115.240 5 0.273 0.167 0.469 0.514
115.280 5 0.275 0.167 0.470 0.511
115.320 5 0.277 0.167 0.473 0.514
115.360 5 0.284 0.167 0.481 0.517
115.400 5 0.283 0.169 0.481 0.522
115.440 5 0.287 0.172 0.489 0.528
115.480 5 0.281 0.172 0.486 0.533
115.520 5 0.281 0.172 0.491 0.539
115.560 5 0.275 0.172 0.483 0.542
115.600 5 0.272 0.169 0.486 0.547
115.640 5 0.270 0.169 0.486 0.553
115.680 5 0.264 0.169 0.486 0.561
115.720 5 0.261 0.169 0.486 0.567
115.760 5 0.259 0.175 0.484 0.575
115.800 5 0.258 0.178 0.486 0.581
115.840 5 0.256 0.181 0.484 0.586
115.880 5 0.256 0.183 0.486 0.589
115.920 5 0.256 0.183 0.486 0.592
115.960 5 0.256 0.186 0.487 0.594
116.000 5 0.256 0.172 0.498 0.600
116.040 5 0.264 0.183 0.484 0.575
116.080 5 0.266 0.186 0.486 0.578
116.120 5 0.267 0.189 0.487 0.581
116.160 5 0.267 0.194 0.489 0.586
116.200 5 0.269 0.197 0.491 0.592
116.240 5 0.269 0.203 0.492 0.597
116.280 5 0.270 0.208 0.495 0.606
116.320 5 0.270 0.208 0.491 0.597
116.360 5 0.277 0.208 0.497 0.600
116.400 5 0.272 0.206 0.491 0.594
116.440 5 0.273 0.203 0.494 0.594
116.480 5 0.273 0.203 0.495 0.594
116.520 5 0.273 0.200 0.494 0.592
116.560 5 0.273 0.200 0.492 0.589
116.600 5 0.273 0.200 0.492 0.589
116.640 5 0.267 0.200 0.484 0.586
116.680 5 0.270 0.203 0.487 0.589
116.720 5 0.264 0.206 0.481 0.592
116.760 5 0.266 0.208 0.484 0.594
116.800 5 0.259 0.208 0.477 0.594
116.840 5 0.261 0.211 0.480 0.597
116.880 5 0.253 0.208 0.472 0.594
116.920 5 0.256 0.211 0.475 0.600
116.960 5 0.250 0.211 0.472 0.603
117.000 5 0.258 0.222 0.459 0.581
117.040 5 0.253 0.197 0.472 0.586
117.080 5 0.261 0.197 0.478 0.586
117.120 5 0.272 0.200 0.491 0.586
117.160 5 0.284 0.200 0.502 0.583
117.200 5 0.294 0.200 0.511 0.586
117.240 5 0.302 0.194 0.519 0.583
117.280 5 0.308 0.192 0.525 0.578
117.320 5 0.306 0.186 0.522 0.572
117.360 5 0.314 0.186 0.530 0.567
117.400 5 0.311 0.183 0.527 0.567
117.440 5 0.316 0.181 0.534 0.569
117.480 5 0.314 0.181 0.533 0.572
117.520 5 0.322 0.186 0.541 0.575
117.560 5 0.312 0.192 0.534 0.583
117.600 5 0.323 0.194 0.547 0.592
117.640 5 0.319 0.200 0.537 0.592
117.680 5 0.328 0.203 0.545 0.589
117.720 5 0.325 0.194 0.544 0.586
117.760 5 0.333 0.194 0.548 0.578
117.800 5 0.330 0.189 0.547 0.575
117.840 5 0.330 0.189 0.548 0.581
117.880 5 0.333 0.194 0.550 0.583
117.920 5 0.325 0.197 0.547 0.589
117.960 5 0.330 0.200 0.550 0.592
118.000 5 0.311 0.172 0.552 0.600
118.040 5 0.305 0.161 0.552 0.597
118.080 5 0.305 0.161 0.550 0.597
118.120 5 0.309 0.167 0.553 0.597
118.160 5 0.302 0.161 0.545 0.592
118.200 5 0.312 0.164 0.556 0.594
118.240 5 0.302 0.158 0.547 0.594
118.280 5 0.314 0.167 0.553 0.589
118.320 5 0.308 0.161 0.552 0.592
118.360 5 0.303 0.156 0.552 0.597
118.400 5 0.306 0.153 0.556 0.594
118.440 5 0.305 0.150 0.553 0.592
118.480 5 0.306 0.150 0.555 0.589
118.520 5 0.303 0.153 0.548 0.586
118.560 5 0.298 0.150 0.547 0.589
118.600 5 0.300 0.158 0.542 0.586
118.640 5 0.297 0.156 0.541 0.589
118.680 5 0.297 0.161 0.537 0.586
118.720 5 0.297 0.164 0.534 0.586
118.760 5 0.295 0.167 0.533 0.586
118.800 5 0.292 0.167 0.531 0.592
118.840 5 0.292 0.169 0.530 0.592
118.880 5 0.289 0.169 0.531 0.597
118.920 5 0.289 0.175 0.528 0.600
118.960 5 0.286 0.172 0.531 0.606
119.000 5 0.283 0.172 0.525 0.600
119.040 5 0.277 0.175 0.519 0.603
119.080 5 0.281 0.178 0.525 0.606
119.120 5 0.272 0.172 0.523 0.614
119.160 5 0.280 0.181 0.525 0.611
119.200 5 0.281 0.172 0.536 0.619
140.880 6 0.352 0.219 0.419 0.339
140.920 6 0.355 0.222 0.425 0.347
140.960 6 0.355 0.228 0.425 0.350
141.000 6 0.355 0.233 0.423 0.353
141.040 6 0.355 0.239 0.420 0.358
141.080 6 0.350 0.244 0.417 0.364
141.120 6 0.345 0.244 0.414 0.367
141.160 6 0.339 0.244 0.409 0.369
141.200 6 0.334 0.247 0.403 0.372
141.240 6 0.328 0.250 0.397 0.372
141.280 6 0.320 0.250 0.391 0.375
141.320 6 0.312 0.253 0.384 0.378
141.360 6 0.305 0.250 0.378 0.381
141.400 6 0.295 0.247 0.370 0.378
141.440 6 0.287 0.244 0.361 0.378
141.480 6 0.280 0.247 0.352 0.375
141.520 6 0.270 0.247 0.344 0.375
141.560 6 0.263 0.247 0.336 0.378
141.600 6 0.256 0.250 0.330 0.383
141.640 6 0.248 0.253 0.325 0.386
141.680 6 0.245 0.256 0.320 0.389
141.720 6 0.241 0.258 0.317 0.394
141.760 6 0.237 0.258 0.314 0.394
141.800 6 0.236 0.258 0.312 0.394
141.840 6 0.231 0.256 0.308 0.394
141.880 6 0.228 0.258 0.306 0.397
141.920 6 0.225 0.261 0.303 0.400
141.960 6 0.222 0.261 0.300 0.400
142.000 6 0.220 0.264 0.300 0.408
142.040 6 0.217 0.264 0.297 0.411
142.080 6 0.216 0.272 0.294 0.414
142.120 6 0.212 0.272 0.292 0.417
142.160 6 0.212 0.278 0.291 0.419
142.200 6 0.211 0.283 0.291 0.425
142.240 6 0.209 0.286 0.291 0.436
142.280 6 0.205 0.294 0.289 0.444
142.320 6 0.203 0.297 0.286 0.444
142.360 6 0.202 0.300 0.284 0.447
142.400 6 0.198 0.297 0.283 0.450
142.440 6 0.202 0.297 0.284 0.447
142.480 6 0.197 0.294 0.281 0.447
142.520 6 0.200 0.294 0.284 0.447
142.560 6 0.197 0.292 0.283 0.447
142.600 6 0.195 0.289 0.283 0.447
142.640 6 0.195 0.289 0.283 0.447
142.680 6 0.194 0.286 0.283 0.444
142.720 6 0.194 0.281 0.283 0.444
142.760 6 0.195 0.281 0.284 0.442
142.800 6 0.194 0.278 0.283 0.442
142.840 6 0.194 0.281 0.284 0.444
142.880 6 0.192 0.283 0.283 0.447
142.920 6 0.195 0.286 0.284 0.450
142.960 6 0.194 0.286 0.284 0.447
143.000 6 0.195 0.278 0.286 0.442
143.040 6 0.191 0.269 0.281 0.436
143.080 6 0.188 0.264 0.280 0.431
143.120 6 0.183 0.261 0.273 0.428
143.160 6 0.178 0.264 0.269 0.431
143.200 6 0.173 0.267 0.264 0.433
143.240 6 0.167 0.267 0.259 0.433
143.280 6 0.163 0.267 0.255 0.433
143.320 6 0.156 0.267 0.250 0.436
143.360 6 0.147 0.267 0.241 0.439
143.400 6 0.136 0.272 0.231 0.444
143.440 6 0.125 0.278 0.220 0.453
143.480 6 0.113 0.283 0.209 0.458
143.520 6 0.097 0.286 0.195 0.464
143.560 6 0.083 0.292 0.181 0.472
143.600 6 0.066 0.300 0.166 0.483
143.640 6 0.047 0.308 0.147 0.489
141.840 7 0.644 0.339 0.761 0.547
141.880 7 0.659 0.347 0.775 0.553
141.920 7 0.670 0.356 0.786 0.558
141.960 7 0.683 0.356 0.797 0.561
142.000 7 0.694 0.358 0.809 0.564
142.040 7 0.706 0.358 0.820 0.561
142.080 7 0.720 0.356 0.833 0.556
142.120 7 0.734 0.358 0.847 0.558
142.160 7 0.747 0.356 0.861 0.558
142.200 7 0.764 0.358 0.878 0.561
142.240 7 0.778 0.364 0.892 0.567
142.280 7 0.792 0.367 0.906 0.569
145.040 8 0.284 0.236 0.481 0.589
145.080 8 0.281 0.233 0.478 0.583
145.120 8 0.284 0.228 0.484 0.583
145.160 8 0.281 0.228 0.480 0.578
145.200 8 0.286 0.225 0.484 0.578
145.240 8 0.283 0.225 0.480 0.572
145.280 8 0.286 0.219 0.486 0.575
145.320 8 0.283 0.217 0.483 0.572
145.360 8 0.291 0.214 0.489 0.569
145.400 8 0.289 0.211 0.486 0.564
145.440 8 0.295 0.208 0.492 0.561
145.480 8 0.294 0.206 0.491 0.556
145.520 8 0.298 0.203 0.498 0.558
145.560 8 0.300 0.203 0.500 0.558
145.600 8 0.300 0.206 0.500 0.561
145.640 8 0.300 0.206 0.502 0.564
145.680 8 0.300 0.208 0.502 0.567
145.720 8 0.302 0.211 0.502 0.567
145.760 8 0.302 0.214 0.502 0.569
145.800 8 0.302 0.217 0.503 0.575
145.840 8 0.302 0.217 0.503 0.578
145.880 8 0.298 0.211 0.514 0.594
145.920 8 0.297 0.217 0.502 0.581
145.960 8 0.306 0.219 0.511 0.581
146.000 8 0.303 0.222 0.505 0.581
146.040 8 0.309 0.250 0.495 0.581
146.080 8 0.314 0.253 0.498 0.583
146.120 8 0.309 0.253 0.495 0.583
146.160 8 0.312 0.256 0.498 0.583
146.200 8 0.309 0.256 0.494 0.583
146.240 8 0.312 0.256 0.498 0.586
146.280 8 0.308 0.258 0.492 0.586
146.320 8 0.311 0.258 0.497 0.586
146.360 8 0.308 0.256 0.492 0.583
146.400 8 0.311 0.256 0.497 0.586
146.440 8 0.305 0.258 0.489 0.586
146.480 8 0.312 0.261 0.495 0.586
146.520 8 0.305 0.258 0.487 0.586
146.560 8 0.311 0.261 0.494 0.586
146.600 8 0.303 0.258 0.487 0.586
146.640 8 0.309 0.258 0.494 0.586
146.680 8 0.303 0.256 0.487 0.586
146.720 8 0.308 0.256 0.494 0.586
146.760 8 0.306 0.258 0.491 0.586
146.800 8 0.306 0.256 0.491 0.586
146.840 8 0.305 0.258 0.489 0.586
146.880 8 0.305 0.258 0.489 0.586
146.920 8 0.300 0.256 0.487 0.589
146.960 8 0.300 0.258 0.484 0.586
147.000 8 0.308 0.283 0.477 0.583
147.040 8 0.302 0.272 0.487 0.603
147.080 8 0.300 0.272 0.487 0.603
147.120 8 0.300 0.269 0.487 0.603
147.160 8 0.300 0.269 0.487 0.603
147.200 8 0.300 0.269 0.487 0.603
147.240 8 0.300 0.269 0.487 0.603
147.280 8 0.300 0.272 0.489 0.606
147.320 8 0.302 0.275 0.491 0.608
147.360 8 0.302 0.275 0.486 0.606
147.400 8 0.308 0.278 0.492 0.606
147.440 8 0.305 0.275 0.489 0.606
147.480 8 0.308 0.272 0.494 0.603
147.520 8 0.305 0.272 0.489 0.600
147.560 8 0.306 0.269 0.491 0.597
147.600 8 0.300 0.267 0.486 0.597
147.640 8 0.300 0.267 0.486 0.597
147.680 8 0.294 0.267 0.480 0.597
147.720 8 0.295 0.264 0.481 0.594
147.760 8 0.289 0.264 0.477 0.594
147.800 8 0.295 0.264 0.481 0.594
147.840 8 0.287 0.264 0.472 0.594
147.880 8 0.292 0.267 0.477 0.594
147.920 8 0.286 0.267 0.469 0.594
147.960 8 0.287 0.267 0.475 0.600
148.000 8 0.281 0.261 0.483 0.619
148.040 8 0.281 0.269 0.478 0.619
148.080 8 0.289 0.275 0.483 0.619
148.120 8 0.281 0.272 0.477 0.617
148.160 8 0.284 0.269 0.484 0.622
148.200 8 0.287 0.269 0.484 0.619
148.240 8 0.287 0.267 0.487 0.619
148.280 8 0.289 0.264 0.489 0.619
148.320 8 0.289 0.261 0.492 0.619
148.360 8 0.294 0.258 0.497 0.622
148.400 8 0.289 0.258 0.492 0.617
148.440 8 0.292 0.258 0.494 0.619
148.480 8 0.294 0.258 0.495 0.617
148.520 8 0.292 0.256 0.492 0.614
148.560 8 0.294 0.253 0.495 0.611
148.600 8 0.292 0.253 0.494 0.608
148.640 8 0.291 0.250 0.492 0.608
148.680 8 0.291 0.250 0.492 0.608
148.720 8 0.291 0.250 0.491 0.606
148.760 8 0.289 0.250 0.489 0.606
148.800 8 0.287 0.253 0.487 0.608
148.840 8 0.286 0.253 0.487 0.611
148.880 8 0.284 0.253 0.487 0.614
148.920 8 0.283 0.256 0.484 0.614
148.960 8 0.281 0.256 0.484 0.617
149.000 8 0.281 0.261 0.483 0.619
149.040 8 0.275 0.256 0.466 0.594
149.080 8 0.281 0.258 0.472 0.597
149.120 8 0.277 0.258 0.464 0.592
149.160 8 0.283 0.258 0.472 0.597
149.200 8 0.280 0.258 0.470 0.597
149.240 8 0.287 0.258 0.478 0.597
149.280 8 0.283 0.258 0.473 0.597
149.320 8 0.291 0.258 0.481 0.597
149.360 8 0.286 0.258 0.478 0.597
149.400 8 0.291 0.258 0.483 0.600
149.440 8 0.287 0.258 0.480 0.600
149.480 8 0.289 0.261 0.481 0.603
149.520 8 0.286 0.261 0.478 0.603
149.560 8 0.287 0.264 0.480 0.603
149.600 8 0.284 0.261 0.480 0.606
149.640 8 0.286 0.258 0.480 0.606
149.680 8 0.287 0.256 0.483 0.603
149.720 8 0.289 0.250 0.486 0.600
149.760 8 0.292 0.242 0.489 0.592
149.800 8 0.292 0.233 0.489 0.583
149.840 8 0.298 0.225 0.497 0.581
149.880 8 0.302 0.219 0.500 0.572
149.920 8 0.302 0.208 0.502 0.564
149.960 8 0.309 0.203 0.509 0.558
150.000 8 0.303 0.183 0.505 0.542
150.040 8 0.305 0.169 0.523 0.561
150.080 8 0.306 0.175 0.520 0.556
150.120 8 0.309 0.183 0.522 0.558
150.160 8 0.311 0.189 0.522 0.564
150.200 8 0.314 0.194 0.523 0.567
150.240 8 0.311 0.197 0.520 0.567
150.280 8 0.317 0.203 0.523 0.569
150.320 8 0.317 0.208 0.520 0.569
150.360 8 0.316 0.211 0.519 0.572
150.400 8 0.316 0.217 0.516 0.572
150.440 8 0.309 0.219 0.508 0.572
150.480 8 0.308 0.222 0.506 0.575
150.520 8 0.308 0.228 0.503 0.575
150.560 8 0.309 0.231 0.503 0.575
150.600 8 0.320 0.231 0.512 0.572
150.640 8 0.327 0.231 0.519 0.572
150.680 8 0.328 0.228 0.520 0.569
150.720 8 0.330 0.225 0.522 0.567
150.760 8 0.327 0.225 0.519 0.567
150.800 8 0.325 0.222 0.522 0.572
150.840 8 0.320 0.225 0.514 0.572
150.880 8 0.323 0.228 0.519 0.572
150.920 8 0.322 0.228 0.517 0.575
150.960 8 0.328 0.228 0.523 0.575
151.000 8 0.325 0.222 0.527 0.581
151.040 8 0.322 0.233 0.519 0.583
151.080 8 0.314 0.236 0.514 0.589
151.120 8 0.311 0.233 0.512 0.589
151.160 8 0.309 0.231 0.511 0.589
151.200 8 0.306 0.231 0.506 0.586
151.240 8 0.300 0.228 0.500 0.583
151.280 8 0.295 0.225 0.494 0.581
151.320 8 0.292 0.222 0.491 0.578
151.360 8 0.289 0.219 0.489 0.575
151.400 8 0.286 0.214 0.487 0.572
151.440 8 0.289 0.214 0.492 0.575
151.480 8 0.287 0.214 0.487 0.572
151.520 8 0.284 0.211 0.489 0.575
151.560 8 0.286 0.217 0.486 0.575
151.600 8 0.284 0.214 0.487 0.575
151.640 8 0.286 0.217 0.486 0.572
151.680 8 0.286 0.217 0.486 0.572
151.720 8 0.286 0.217 0.486 0.575
151.760 8 0.286 0.217 0.486 0.575
151.800 8 0.281 0.211 0.486 0.575
151.840 8 0.284 0.211 0.491 0.578
151.880 8 0.278 0.211 0.484 0.575
151.920 8 0.284 0.211 0.489 0.575
151.960 8 0.283 0.214 0.484 0.572
152.000 8 0.281 0.222 0.483 0.581
152.040 8 0.281 0.222 0.483 0.581
152.080 8 0.281 0.222 0.483 0.581
152.120 8 0.281 0.222 0.483 0.581
152.160 8 0.281 0.222 0.483 0.581
152.200 8 0.281 0.222 0.483 0.581
152.240 8 0.281 0.222 0.483 0.581
152.280 8 0.272 0.214 0.483 0.589
152.320 8 0.280 0.225 0.483 0.583
152.360 8 0.281 0.225 0.483 0.583
152.400 8 0.281 0.225 0.483 0.583
152.440 8 0.273 0.219 0.480 0.586
167.000 9 0.281 0.183 0.483 0.542
167.040 9 0.275 0.186 0.473 0.539
167.080 9 0.280 0.186 0.478 0.539
167.120 9 0.278 0.186 0.473 0.533
167.160 9 0.277 0.183 0.478 0.542
167.200 9 0.273 0.181 0.477 0.544
167.240 9 0.278 0.181 0.483 0.544
167.280 9 0.277 0.186 0.480 0.544
167.320 9 0.283 0.189 0.486 0.550
167.360 9 0.281 0.194 0.483 0.553
167.400 9 0.286 0.200 0.487 0.558
167.440 9 0.284 0.203 0.484 0.558
167.480 9 0.291 0.203 0.489 0.556
167.520 9 0.286 0.197 0.486 0.553
167.560 9 0.289 0.192 0.491 0.550
167.600 9 0.284 0.192 0.484 0.547
167.640 9 0.289 0.192 0.491 0.547
167.680 9 0.287 0.192 0.486 0.547
167.720 9 0.289 0.197 0.489 0.550
167.760 9 0.287 0.197 0.487 0.553
167.800 9 0.292 0.194 0.492 0.550
167.840 9 0.291 0.192 0.489 0.544
167.880 9 0.289 0.186 0.489 0.542
167.920 9 0.287 0.183 0.489 0.542
167.960 9 0.289 0.183 0.491 0.542
168.000 9 0.281 0.183 0.483 0.542
168.040 9 0.280 0.183 0.491 0.558
168.080 9 0.283 0.183 0.494 0.558
168.120 9 0.278 0.175 0.492 0.556
168.160 9 0.275 0.172 0.489 0.553
168.200 9 0.273 0.167 0.487 0.547
168.240 9 0.272 0.167 0.484 0.547
168.280 9 0.270 0.167 0.484 0.547
168.320 9 0.270 0.169 0.483 0.547
168.360 9 0.275 0.169 0.484 0.544
168.400 9 0.269 0.167 0.478 0.542
168.440 9 0.270 0.164 0.481 0.539
168.480 9 0.272 0.164 0.481 0.536
168.520 9 0.269 0.167 0.477 0.536
168.560 9 0.272 0.167 0.481 0.539
168.600 9 0.267 0.172 0.475 0.542
168.640 9 0.270 0.178 0.477 0.544
168.680 9 0.266 0.181 0.470 0.544
168.720 9 0.261 0.183 0.464 0.544
168.760 9 0.261 0.186 0.461 0.542
168.800 9 0.258 0.181 0.458 0.536
168.840 9 0.255 0.178 0.456 0.536
168.880 9 0.253 0.178 0.455 0.536
168.920 9 0.252 0.178 0.453 0.536
168.960 9 0.250 0.178 0.453 0.539
169.000 9 0.258 0.183 0.459 0.542
169.040 9 0.252 0.186 0.453 0.544
169.080 9 0.248 0.181 0.452 0.542
169.120 9 0.244 0.175 0.448 0.539
169.160 9 0.241 0.172 0.445 0.536
169.200 9 0.239 0.172 0.444 0.536
169.240 9 0.237 0.169 0.442 0.533
169.280 9 0.236 0.169 0.441 0.531
169.320 9 0.234 0.167 0.439 0.528
169.360 9 0.233 0.164 0.436 0.525
169.400 9 0.233 0.164 0.433 0.519
169.440 9 0.234 0.161 0.438 0.522
169.480 9 0.230 0.161 0.434 0.525
169.520 9 0.228 0.161 0.431 0.525
169.560 9 0.233 0.167 0.433 0.525
169.600 9 0.230 0.167 0.430 0.522
169.640 9 0.231 0.164 0.433 0.522
169.680 9 0.234 0.164 0.436 0.522
169.720 9 0.233 0.164 0.434 0.525
169.760 9 0.233 0.164 0.436 0.525
169.800 9 0.236 0.169 0.436 0.525
169.840 9 0.236 0.172 0.438 0.528
169.880 9 0.237 0.172 0.439 0.531
169.920 9 0.239 0.172 0.439 0.531
169.960 9 0.241 0.175 0.441 0.531
170.000 9 0.236 0.183 0.438 0.542
170.040 9 0.234 0.189 0.430 0.533
170.080 9 0.236 0.192 0.431 0.539
170.120 9 0.237 0.197 0.433 0.544
170.160 9 0.241 0.200 0.434 0.544
170.200 9 0.236 0.197 0.433 0.547
170.240 9 0.239 0.192 0.439 0.547
170.280 9 0.237 0.192 0.436 0.544
170.320 9 0.237 0.189 0.436 0.542
170.360 9 0.239 0.189 0.436 0.539
170.400 9 0.244 0.189 0.438 0.533
170.440 9 0.245 0.186 0.442 0.539
170.480 9 0.244 0.181 0.442 0.533
170.520 9 0.245 0.181 0.447 0.539
170.560 9 0.244 0.178 0.445 0.536
170.600 9 0.245 0.175 0.447 0.533
170.640 9 0.255 0.175 0.452 0.528
170.680 9 0.248 0.172 0.447 0.525
170.720 9 0.258 0.175 0.456 0.525
170.760 9 0.255 0.175 0.452 0.525
170.800 9 0.261 0.175 0.459 0.528
170.840 9 0.258 0.178 0.456 0.531
170.880 9 0.264 0.183 0.463 0.536
170.920 9 0.263 0.186 0.461 0.539
170.960 9 0.266 0.186 0.467 0.544
171.000 9 0.258 0.183 0.459 0.542
171.040 9 0.266 0.192 0.463 0.542
171.080 9 0.261 0.189 0.463 0.547
171.120 9 0.261 0.192 0.461 0.547
171.160 9 0.258 0.192 0.461 0.550
171.200 9 0.256 0.189 0.461 0.553
171.240 9 0.256 0.192 0.458 0.553
171.280 9 0.252 0.192 0.455 0.553
171.320 9 0.255 0.194 0.453 0.547
171.360 9 0.253 0.192 0.456 0.553
171.400 9 0.255 0.197 0.453 0.550
171.440 9 0.255 0.192 0.456 0.550
171.480 9 0.255 0.192 0.456 0.550
171.520 9 0.255 0.192 0.456 0.547
171.560 9 0.255 0.192 0.455 0.547
171.600 9 0.255 0.189 0.453 0.544
171.640 9 0.253 0.189 0.450 0.539
171.680 9 0.256 0.186 0.453 0.536
171.720 9 0.252 0.183 0.450 0.536
171.760 9 0.255 0.181 0.456 0.539
171.800 9 0.256 0.181 0.456 0.536
171.840 9 0.253 0.183 0.453 0.539
171.880 9 0.258 0.183 0.459 0.542
171.920 9 0.255 0.183 0.456 0.542
171.960 9 0.253 0.181 0.456 0.542
172.000 9 0.258 0.183 0.459 0.542
172.040 9 0.256 0.194 0.459 0.553
172.080 9 0.256 0.197 0.461 0.561
172.120 9 0.253 0.206 0.455 0.561
172.160 9 0.256 0.211 0.458 0.569
172.200 9 0.258 0.214 0.458 0.572
172.240 9 0.259 0.225 0.453 0.569
172.280 9 0.258 0.222 0.452 0.567
172.320 9 0.259 0.225 0.453 0.569
172.360 9 0.255 0.219 0.452 0.572
172.400 9 0.256 0.219 0.455 0.572
172.440 9 0.259 0.222 0.453 0.564
172.480 9 0.261 0.222 0.455 0.567
172.520 9 0.259 0.222 0.452 0.564
172.560 9 0.263 0.222 0.456 0.567
172.600 9 0.258 0.219 0.452 0.564
172.640 9 0.263 0.219 0.458 0.567
172.680 9 0.258 0.219 0.455 0.569
172.720 9 0.259 0.217 0.458 0.569
172.760 9 0.259 0.217 0.458 0.569
172.800 9 0.259 0.217 0.458 0.569
172.840 9 0.259 0.217 0.458 0.569
172.880 9 0.259 0.217 0.458 0.569
172.920 9 0.259 0.217 0.458 0.569
172.960 9 0.258 0.217 0.456 0.569
173.000 9 0.258 0.222 0.459 0.581
173.040 9 0.261 0.206 0.464 0.569
173.080 9 0.256 0.206 0.459 0.567
173.120 9 0.261 0.203 0.466 0.567
173.160 9 0.256 0.203 0.461 0.567
173.200 9 0.261 0.200 0.467 0.567
173.240 9 0.261 0.203 0.466 0.567
173.280 9 0.264 0.200 0.470 0.567
173.320 9 0.264 0.203 0.469 0.567
173.360 9 0.267 0.203 0.473 0.567
173.400 9 0.267 0.203 0.472 0.567
173.440 9 0.269 0.206 0.473 0.567
173.480 9 0.272 0.206 0.475 0.567
173.520 9 0.273 0.206 0.475 0.567
173.560 9 0.273 0.206 0.477 0.569
173.600 9 0.273 0.203 0.478 0.567
173.640 9 0.272 0.197 0.478 0.564
173.680 9 0.270 0.194 0.475 0.561
173.720 9 0.269 0.192 0.472 0.553
173.760 9 0.267 0.192 0.469 0.550
173.800 9 0.264 0.189 0.466 0.550
173.840 9 0.263 0.189 0.464 0.550
173.880 9 0.259 0.189 0.463 0.550
173.920 9 0.258 0.192 0.461 0.553
173.960 9 0.258 0.197 0.459 0.553
174.000 9 0.258 0.183 0.459 0.542
174.040 9 0.256 0.186 0.458 0.544
174.080 9 0.256 0.189 0.456 0.544
174.120 9 0.253 0.189 0.453 0.544
174.160 9 0.259 0.192 0.458 0.544
174.200 9 0.255 0.189 0.453 0.539
174.240 9 0.255 0.186 0.456 0.544
174.280 9 0.255 0.183 0.456 0.542
174.320 9 0.255 0.183 0.456 0.542
174.360 9 0.255 0.186 0.453 0.539
174.400 9 0.259 0.189 0.458 0.539
174.440 9 0.253 0.186 0.452 0.539
174.480 9 0.258 0.183 0.458 0.539
174.520 9 0.255 0.178 0.458 0.539
174.560 9 0.255 0.175 0.458 0.536
174.600 9 0.253 0.175 0.456 0.536
174.640 9 0.253 0.172 0.456 0.533
174.680 9 0.253 0.175 0.456 0.533
174.720 9 0.253 0.172 0.456 0.533
174.760 9 0.253 0.172 0.456 0.536
174.800 9 0.253 0.175 0.456 0.536
174.840 9 0.255 0.178 0.458 0.539
174.880 9 0.255 0.181 0.458 0.542
174.920 9 0.256 0.181 0.458 0.542
174.960 9 0.256 0.181 0.459 0.542
175.000 9 0.258 0.183 0.459 0.542
175.040 9 0.252 0.183 0.452 0.539
175.080 9 0.252 0.183 0.452 0.539
175.120 9 0.253 0.186 0.453 0.539
175.160 9 0.255 0.186 0.455 0.542
175.200 9 0.252 0.186 0.452 0.542
175.240 9 0.256 0.186 0.458 0.542
175.280 9 0.253 0.186 0.453 0.544
175.320 9 0.256 0.189 0.456 0.544
175.360 9 0.258 0.186 0.458 0.542
175.400 9 0.259 0.186 0.459 0.539
175.440 9 0.261 0.183 0.461 0.539
175.480 9 0.263 0.183 0.464 0.539
175.520 9 0.266 0.181 0.467 0.539
175.560 9 0.267 0.181 0.469 0.539
175.600 9 0.270 0.181 0.472 0.539
175.640 9 0.272 0.183 0.475 0.542
175.680 9 0.275 0.183 0.477 0.542
175.720 9 0.277 0.183 0.480 0.542
175.760 9 0.278 0.181 0.483 0.544
175.800 9 0.280 0.181 0.486 0.544
175.840 9 0.283 0.181 0.487 0.544
175.880 9 0.284 0.181 0.489 0.542
175.920 9 0.284 0.181 0.489 0.542
175.960 9 0.286 0.181 0.492 0.544
176.000 9 0.281 0.183 0.483 0.542
176.040 9 0.287 0.183 0.486 0.536
176.080 9 0.291 0.183 0.489 0.536
176.120 9 0.292 0.181 0.491 0.536
176.160 9 0.292 0.178 0.492 0.533
176.200 9 0.294 0.172 0.495 0.531
176.240 9 0.291 0.169 0.491 0.525
176.280 9 0.294 0.164 0.495 0.522
176.320 9 0.291 0.164 0.492 0.519
176.360 9 0.297 0.158 0.500 0.522
176.400 9 0.297 0.161 0.498 0.519
176.440 9 0.302 0.167 0.498 0.519
176.480 9 0.298 0.169 0.495 0.519
176.520 9 0.302 0.164 0.503 0.525
176.560 9 0.295 0.161 0.498 0.522
176.600 9 0.298 0.158 0.503 0.522
176.640 9 0.297 0.158 0.500 0.519
176.680 9 0.297 0.158 0.498 0.517
176.720 9 0.295 0.161 0.495 0.517
176.760 9 0.302 0.164 0.500 0.517
176.800 9 0.295 0.164 0.494 0.517
176.840 9 0.298 0.164 0.500 0.519
176.880 9 0.300 0.158 0.502 0.517
176.920 9 0.298 0.156 0.498 0.514
176.960 9 0.300 0.147 0.502 0.508
177.000 9 0.303 0.142 0.505 0.500
177.040 9 0.302 0.128 0.517 0.514
177.080 9 0.295 0.128 0.509 0.511
177.120 9 0.298 0.131 0.514 0.514
177.160 9 0.294 0.131 0.508 0.517
177.200 9 0.298 0.133 0.514 0.517
177.240 9 0.292 0.131 0.508 0.517
177.280 9 0.295 0.133 0.512 0.519
177.320 9 0.289 0.133 0.509 0.525
177.360 9 0.294 0.139 0.509 0.525
177.400 9 0.295 0.136 0.512 0.525
177.440 9 0.292 0.133 0.508 0.519
177.480 9 0.294 0.128 0.511 0.514
177.520 9 0.295 0.125 0.511 0.508
177.560 9 0.294 0.117 0.514 0.508
177.600 9 0.295 0.117 0.514 0.508
177.640 9 0.300 0.117 0.520 0.508
177.680 9 0.297 0.117 0.517 0.508
177.720 9 0.305 0.119 0.527 0.514
177.760 9 0.302 0.122 0.523 0.519
177.800 9 0.308 0.125 0.531 0.525
177.840 9 0.306 0.128 0.528 0.525
177.880 9 0.312 0.125 0.536 0.525
177.920 9 0.311 0.128 0.536 0.528
177.960 9 0.314 0.131 0.539 0.531
178.000 9 0.311 0.122 0.552 0.553
178.040 9 0.311 0.122 0.550 0.547
178.080 9 0.311 0.119 0.550 0.547
178.120 9 0.311 0.122 0.547 0.544
178.160 9 0.309 0.119 0.548 0.547
178.200 9 0.305 0.122 0.541 0.544
178.240 9 0.300 0.122 0.539 0.550
178.280 9 0.297 0.125 0.534 0.550
178.320 9 0.292 0.122 0.533 0.550
178.360 9 0.289 0.122 0.528 0.550
178.400 9 0.286 0.122 0.525 0.550
178.440 9 0.283 0.122 0.522 0.550
178.480 9 0.280 0.122 0.519 0.547
178.520 9 0.277 0.119 0.516 0.547
178.560 9 0.275 0.119 0.516 0.547
178.600 9 0.269 0.119 0.508 0.547
178.640 9 0.272 0.122 0.511 0.547
178.680 9 0.264 0.122 0.503 0.547
178.720 9 0.267 0.122 0.506 0.550
178.760 9 0.263 0.125 0.498 0.547
178.800 9 0.267 0.131 0.502 0.550
178.840 9 0.258 0.131 0.491 0.544
178.880 9 0.267 0.136 0.498 0.550
178.920 9 0.259 0.131 0.495 0.550
178.960 9 0.264 0.128 0.502 0.553
179.000 9 0.256 0.122 0.498 0.553
179.040 9 0.258 0.156 0.481 0.550
179.080 9 0.253 0.153 0.477 0.550
179.120 9 0.253 0.150 0.475 0.547
179.160 9 0.248 0.150 0.472 0.547
179.200 9 0.247 0.150 0.470 0.547
179.240 9 0.244 0.150 0.467 0.547
179.280 9 0.245 0.150 0.470 0.547
179.320 9 0.244 0.153 0.464 0.544
179.360 9 0.241 0.150 0.464 0.547
179.400 9 0.244 0.156 0.463 0.544
179.440 9 0.241 0.156 0.461 0.547
179.480 9 0.244 0.156 0.467 0.550
179.520 9 0.242 0.153 0.464 0.550
179.560 9 0.245 0.156 0.463 0.544
179.600 9 0.245 0.153 0.464 0.544
179.640 9 0.247 0.156 0.464 0.539
179.680 9 0.250 0.153 0.469 0.542
179.720 9 0.248 0.153 0.467 0.542
179.760 9 0.250 0.153 0.469 0.542
179.800 9 0.252 0.153 0.469 0.539
179.840 9 0.255 0.156 0.467 0.536
179.880 9 0.255 0.153 0.470 0.539
179.920 9 0.255 0.153 0.470 0.539
179.960 9 0.256 0.156 0.472 0.539
180.000 9 0.258 0.183 0.459 0.542
180.040 9 0.261 0.192 0.453 0.536
180.080 9 0.263 0.194 0.456 0.539
180.120 9 0.259 0.194 0.455 0.539
180.160 9 0.259 0.194 0.455 0.539
180.200 9 0.261 0.194 0.456 0.542
180.240 9 0.258 0.194 0.453 0.544
180.280 9 0.263 0.197 0.459 0.547
180.320 9 0.253 0.197 0.453 0.553
180.360 9 0.259 0.200 0.459 0.556
180.400 9 0.258 0.200 0.458 0.556
180.440 9 0.256 0.203 0.453 0.553
180.480 9 0.258 0.200 0.458 0.556
180.520 9 0.261 0.203 0.461 0.558
180.560 9 0.256 0.203 0.453 0.553
180.600 9 0.261 0.203 0.459 0.556
180.640 9 0.256 0.200 0.458 0.558
180.680 9 0.256 0.200 0.458 0.558
180.720 9 0.258 0.206 0.458 0.561
180.760 9 0.258 0.208 0.458 0.564
180.800 9 0.258 0.208 0.458 0.564
180.840 9 0.258 0.211 0.458 0.567
180.880 9 0.258 0.214 0.458 0.567
180.920 9 0.259 0.217 0.459 0.572
180.960 9 0.259 0.219 0.461 0.578
181.000 9 0.258 0.222 0.459 0.581
181.040 9 0.272 0.242 0.459 0.575
181.080 9 0.272 0.242 0.459 0.575
181.120 9 0.272 0.242 0.461 0.575
181.160 9 0.273 0.242 0.459 0.572
181.200 9 0.273 0.239 0.461 0.572
181.240 9 0.275 0.239 0.461 0.569
181.280 9 0.275 0.239 0.461 0.569
181.320 9 0.277 0.239 0.463 0.572
181.360 9 0.272 0.242 0.459 0.575
181.400 9 0.275 0.244 0.463 0.578
181.440 9 0.272 0.247 0.456 0.578
181.480 9 0.273 0.247 0.461 0.581
181.520 9 0.272 0.253 0.455 0.578
181.560 9 0.277 0.253 0.458 0.578
181.600 9 0.275 0.256 0.453 0.572
181.640 9 0.273 0.253 0.458 0.581
181.680 9 0.270 0.256 0.455 0.581
181.720 9 0.273 0.256 0.459 0.586
181.760 9 0.272 0.258 0.456 0.586
181.800 9 0.273 0.261 0.456 0.589
181.840 9 0.275 0.264 0.456 0.589
181.880 9 0.278 0.264 0.459 0.589
181.920 9 0.277 0.264 0.458 0.586
181.960 9 0.277 0.264 0.458 0.589
182.000 9 0.289 0.283 0.458 0.583
182.040 9 0.273 0.256 0.456 0.583
182.080 9 0.278 0.256 0.463 0.583
182.120 9 0.275 0.258 0.459 0.586
182.160 9 0.277 0.261 0.459 0.583
182.200 9 0.277 0.261 0.458 0.583
182.240 9 0.275 0.261 0.455 0.583
182.280 9 0.277 0.264 0.455 0.581
182.320 9 0.277 0.258 0.461 0.583
182.360 9 0.272 0.256 0.455 0.583
182.400 9 0.273 0.253 0.459 0.583
182.440 9 0.275 0.256 0.459 0.583
182.480 9 0.273 0.258 0.456 0.583
182.520 9 0.275 0.261 0.459 0.589
182.560 9 0.270 0.267 0.456 0.594
182.600 9 0.272 0.267 0.459 0.597
182.640 9 0.272 0.269 0.456 0.600
182.680 9 0.269 0.269 0.455 0.600
182.720 9 0.270 0.272 0.452 0.594
182.760 9 0.272 0.269 0.455 0.594
182.800 9 0.267 0.267 0.450 0.592
182.840 9 0.270 0.261 0.456 0.592
182.880 9 0.269 0.261 0.452 0.586
182.920 9 0.272 0.256 0.458 0.586
182.960 9 0.270 0.256 0.453 0.581
183.000 9 0.258 0.222 0.459 0.581
183.040 9 0.266 0.217 0.469 0.575
183.080 9 0.261 0.211 0.466 0.575
183.120 9 0.267 0.211 0.472 0.575
183.160 9 0.267 0.211 0.470 0.572
183.200 9 0.269 0.211 0.472 0.575
183.240 9 0.269 0.211 0.473 0.575
183.280 9 0.270 0.214 0.473 0.575
183.320 9 0.272 0.214 0.475 0.575
183.360 9 0.270 0.214 0.473 0.575
183.400 9 0.272 0.211 0.477 0.575
183.440 9 0.270 0.208 0.477 0.575
183.480 9 0.270 0.211 0.477 0.578
183.520 9 0.273 0.211 0.481 0.578
183.560 9 0.278 0.211 0.484 0.578
183.600 9 0.277 0.208 0.486 0.581
183.640 9 0.280 0.211 0.489 0.583
183.680 9 0.283 0.211 0.492 0.583
183.720 9 0.287 0.214 0.495 0.586
183.760 9 0.291 0.219 0.497 0.586
183.800 9 0.300 0.222 0.505 0.586
183.840 9 0.303 0.225 0.506 0.586
183.880 9 0.314 0.228 0.514 0.583
183.920 9 0.316 0.228 0.517 0.586
183.960 9 0.317 0.228 0.516 0.583
184.000 9 0.325 0.222 0.527 0.581
184.040 9 0.319 0.211 0.533 0.592
184.080 9 0.320 0.211 0.534 0.589
184.120 9 0.320 0.211 0.534 0.589
184.160 9 0.317 0.208 0.534 0.589
184.200 9 0.314 0.206 0.533 0.592
184.240 9 0.309 0.203 0.528 0.589
184.280 9 0.306 0.200 0.528 0.594
184.320 9 0.300 0.197 0.528 0.597
184.360 9 0.294 0.197 0.522 0.600
184.400 9 0.283 0.194 0.512 0.603
184.440 9 0.280 0.194 0.508 0.600
184.480 9 0.270 0.192 0.503 0.603
184.520 9 0.266 0.189 0.498 0.603
184.560 9 0.264 0.192 0.495 0.603
184.600 9 0.261 0.189 0.494 0.600
184.640 9 0.261 0.189 0.494 0.600
184.680 9 0.259 0.186 0.494 0.600
184.720 9 0.259 0.186 0.492 0.600
184.760 9 0.261 0.186 0.492 0.597
184.800 9 0.261 0.183 0.494 0.597
184.840 9 0.263 0.183 0.494 0.594
184.880 9 0.263 0.183 0.494 0.592
184.920 9 0.266 0.183 0.495 0.592
184.960 9 0.263 0.183 0.494 0.592
185.000 9 0.256 0.172 0.498 0.600
185.040 9 0.261 0.200 0.483 0.594
185.080 9 0.261 0.200 0.486 0.597
185.120 9 0.261 0.197 0.484 0.594
185.160 9 0.259 0.197 0.484 0.594
185.200 9 0.258 0.194 0.484 0.594
185.240 9 0.258 0.194 0.483 0.592
185.280 9 0.264 0.197 0.487 0.592
185.320 9 0.258 0.194 0.483 0.592
185.360 9 0.263 0.194 0.487 0.592
185.400 9 0.261 0.194 0.484 0.592
185.440 9 0.264 0.194 0.487 0.592
185.480 9 0.266 0.194 0.492 0.592
185.520 9 0.259 0.194 0.486 0.592
185.560 9 0.264 0.194 0.489 0.592
185.600 9 0.259 0.192 0.484 0.592
185.640 9 0.258 0.192 0.486 0.597
185.680 9 0.250 0.194 0.473 0.592
185.720 9 0.255 0.197 0.477 0.592
185.760 9 0.247 0.200 0.464 0.583
185.800 9 0.248 0.200 0.469 0.589
185.840 9 0.244 0.197 0.466 0.592
185.880 9 0.245 0.197 0.467 0.589
185.920 9 0.247 0.197 0.467 0.589
185.960 9 0.248 0.194 0.469 0.586
186.000 9 0.258 0.222 0.459 0.581
186.040 9 0.259 0.211 0.463 0.572
186.080 9 0.256 0.206 0.461 0.572
186.120 9 0.258 0.206 0.466 0.575
186.160 9 0.253 0.206 0.459 0.572
186.200 9 0.256 0.208 0.459 0.569
186.240 9 0.250 0.208 0.452 0.567
186.280 9 0.252 0.211 0.455 0.572
186.320 9 0.248 0.211 0.448 0.569
186.360 9 0.253 0.214 0.455 0.569
186.400 9 0.252 0.214 0.452 0.569
186.440 9 0.258 0.214 0.458 0.572
186.480 9 0.256 0.219 0.455 0.572
186.520 9 0.258 0.222 0.458 0.578
186.560 9 0.258 0.231 0.456 0.583
186.600 9 0.255 0.236 0.455 0.592
186.640 9 0.252 0.236 0.453 0.594
186.680 9 0.250 0.236 0.452 0.592
186.720 9 0.248 0.236 0.448 0.592
186.760 9 0.247 0.233 0.448 0.592
186.800 9 0.244 0.236 0.442 0.586
186.840 9 0.244 0.233 0.444 0.589
186.880 9 0.247 0.236 0.445 0.589
186.920 9 0.248 0.233 0.448 0.589
186.960 9 0.252 0.225 0.458 0.592
187.000 9 0.258 0.222 0.459 0.581
187.040 9 0.263 0.219 0.469 0.586
187.080 9 0.263 0.219 0.464 0.578
187.120 9 0.258 0.219 0.459 0.578
187.160 9 0.261 0.219 0.463 0.578
187.200 9 0.255 0.222 0.456 0.578
187.240 9 0.258 0.222 0.461 0.583
187.280 9 0.253 0.222 0.456 0.583
187.320 9 0.263 0.225 0.466 0.586
187.360 9 0.255 0.219 0.459 0.586
187.400 9 0.266 0.225 0.470 0.586
187.440 9 0.261 0.225 0.463 0.583
187.480 9 0.272 0.228 0.472 0.583
187.520 9 0.267 0.228 0.463 0.575
187.560 9 0.266 0.225 0.469 0.586
187.600 9 0.259 0.225 0.463 0.586
187.640 9 0.263 0.225 0.467 0.589
187.680 9 0.256 0.225 0.459 0.589
187.720 9 0.266 0.225 0.470 0.589
187.760 9 0.263 0.228 0.459 0.578
194.680 10 0.225 0.075 0.422 0.425
194.720 10 0.219 0.094 0.416 0.444
194.760 10 0.217 0.114 0.414 0.464
194.800 10 0.217 0.131 0.419 0.489
194.840 10 0.222 0.144 0.434 0.522
194.880 10 0.219 0.156 0.423 0.517
194.920 10 0.227 0.150 0.428 0.508
194.960 10 0.234 0.131 0.434 0.489
195.000 10 0.236 0.103 0.438 0.461
195.040 10 0.242 0.078 0.447 0.442
195.080 10 0.248 0.056 0.453 0.422
195.120 10 0.255 0.033 0.461 0.397
195.160 10 0.261 0.006 0.469 0.375
195.200 10 0.267 -0.025 0.477 0.347
195.240 10 0.278 -0.039 0.489 0.336
195.280 10 0.284 -0.044 0.497 0.333
195.320 10 0.291 -0.039 0.505 0.342
195.360 10 0.302 -0.019 0.517 0.364
195.400 10 0.306 0.003 0.525 0.394
195.440 10 0.317 0.039 0.539 0.433
195.480 10 0.330 0.075 0.553 0.469
195.520 10 0.345 0.111 0.570 0.508
195.560 10 0.361 0.131 0.588 0.533
195.600 10 0.378 0.133 0.606 0.539
195.640 10 0.394 0.131 0.620 0.533
195.680 10 0.409 0.117 0.636 0.519
195.720 10 0.414 0.094 0.645 0.506
195.760 10 0.422 0.081 0.648 0.483
195.800 10 0.423 0.056 0.656 0.467
195.840 10 0.422 0.044 0.658 0.464
195.880 10 0.425 0.042 0.662 0.467
195.920 10 0.420 0.067 0.656 0.486
195.960 10 0.420 0.086 0.658 0.506
196.000 10 0.417 0.122 0.659 0.553
196.040 10 0.388 0.128 0.655 0.600
196.080 10 0.381 0.169 0.648 0.644
196.120 10 0.372 0.211 0.641 0.689
196.160 10 0.359 0.247 0.628 0.725
196.200 10 0.352 0.267 0.620 0.747
196.240 10 0.339 0.283 0.609 0.764
196.280 10 0.325 0.272 0.595 0.753
196.320 10 0.320 0.253 0.588 0.728
196.360 10 0.314 0.214 0.588 0.700
196.400 10 0.308 0.175 0.583 0.667
196.440 10 0.303 0.142 0.581 0.639
196.480 10 0.295 0.094 0.583 0.606
196.520 10 0.298 0.058 0.586 0.572
196.560 10 0.298 0.022 0.598 0.553
196.600 10 0.302 0.006 0.603 0.542
196.640 10 0.311 -0.003 0.619 0.544
196.680 10 0.320 0.011 0.627 0.556
196.720 10 0.323 0.031 0.634 0.583
196.760 10 0.345 0.058 0.658 0.617
196.800 10 0.359 0.086 0.675 0.650
196.840 10 0.380 0.111 0.695 0.672
196.880 10 0.406 0.128 0.725 0.694
196.920 10 0.431 0.136 0.750 0.700
196.960 10 0.459 0.117 0.778 0.683
197.000 10 0.448 0.042 0.797 0.661
197.040 10 0.459 0.006 0.809 0.628
197.080 10 0.472 -0.028 0.820 0.592
197.120 10 0.478 -0.072 0.822 0.539
197.160 10 0.481 -0.103 0.825 0.511
197.200 10 0.464 -0.133 0.827 0.508
197.240 10 0.456 -0.158 0.830 0.506
197.280 10 0.450 -0.164 0.830 0.511
197.320 10 0.444 -0.147 0.816 0.517
197.360 11 0.577 0.192 0.617 0.264
197.400 11 0.581 0.189 0.622 0.264
197.440 11 0.586 0.186 0.628 0.258
197.480 11 0.592 0.181 0.634 0.253
197.520 11 0.597 0.172 0.637 0.247
197.560 11 0.602 0.167 0.644 0.242
197.600 11 0.605 0.158 0.647 0.236
197.640 11 0.608 0.153 0.650 0.228
197.680 11 0.611 0.144 0.655 0.222
197.720 11 0.614 0.142 0.658 0.219
197.760 11 0.617 0.139 0.661 0.217
197.800 11 0.620 0.136 0.666 0.217
197.840 11 0.623 0.136 0.669 0.214
197.880 11 0.627 0.136 0.672 0.217
197.920 11 0.630 0.136 0.677 0.217
197.960 11 0.634 0.136 0.680 0.219
198.000 11 0.637 0.139 0.683 0.219
198.040 11 0.639 0.136 0.686 0.219
198.080 11 0.642 0.131 0.691 0.217
198.120 11 0.645 0.128 0.694 0.214
198.160 11 0.648 0.119 0.697 0.206
198.200 11 0.653 0.114 0.702 0.200
198.240 11 0.656 0.106 0.705 0.194
198.280 11 0.661 0.100 0.711 0.186
198.320 11 0.664 0.092 0.714 0.181
198.360 11 0.669 0.081 0.719 0.172
198.400 11 0.673 0.075 0.723 0.167
198.440 11 0.681 0.075 0.731 0.167
198.480 11 0.686 0.072 0.736 0.161
198.520 11 0.692 0.072 0.742 0.161
198.560 11 0.698 0.072 0.748 0.164
198.600 11 0.705 0.072 0.758 0.164
198.640 11 0.713 0.072 0.766 0.167
198.680 11 0.720 0.072 0.773 0.167
198.720 11 0.727 0.067 0.781 0.164
198.760 11 0.736 0.061 0.789 0.158
198.800 11 0.745 0.053 0.800 0.150
198.840 11 0.753 0.044 0.809 0.142
198.880 11 0.762 0.033 0.817 0.131
198.920 11 0.770 0.025 0.823 0.122
198.960 11 0.773 0.014 0.831 0.117
199.000 11 0.783 0.006 0.839 0.106
199.040 11 0.789 0.000 0.845 0.100
199.080 11 0.797 -0.008 0.855 0.092
199.120 11 0.803 -0.011 0.861 0.092
199.160 11 0.809 -0.014 0.869 0.092
199.200 11 0.816 -0.011 0.875 0.094
199.240 11 0.823 -0.014 0.883 0.094
199.280 11 0.831 -0.014 0.892 0.092
199.320 11 0.839 -0.017 0.898 0.089
199.360 11 0.847 -0.022 0.906 0.086
199.400 11 0.855 -0.033 0.916 0.075
