26.480 0 0.812 0.683 0.872 0.789
26.520 0 0.798 0.678 0.858 0.783
26.560 0 0.787 0.672 0.845 0.775
26.600 0 0.775 0.667 0.833 0.769
26.640 0 0.764 0.661 0.820 0.761
26.680 0 0.752 0.656 0.808 0.756
26.720 0 0.742 0.653 0.797 0.750
26.760 0 0.731 0.647 0.787 0.744
26.800 0 0.722 0.642 0.778 0.739
26.840 0 0.714 0.636 0.772 0.736
26.880 0 0.708 0.636 0.762 0.736
26.920 0 0.700 0.636 0.756 0.733
26.960 0 0.695 0.639 0.750 0.736
27.000 0 0.689 0.639 0.745 0.739
27.040 0 0.684 0.642 0.739 0.739
27.080 0 0.680 0.642 0.734 0.739
27.120 0 0.675 0.644 0.730 0.742
27.160 0 0.672 0.644 0.725 0.742
27.200 0 0.667 0.644 0.722 0.744
27.240 0 0.661 0.647 0.717 0.744
29.680 1 0.814 0.631 0.869 0.728
29.720 1 0.811 0.617 0.866 0.714
29.760 1 0.802 0.606 0.856 0.703
29.800 1 0.797 0.592 0.853 0.692
29.840 1 0.794 0.581 0.847 0.675
29.880 1 0.789 0.567 0.844 0.661
29.920 1 0.784 0.553 0.839 0.650
29.960 1 0.780 0.539 0.836 0.639
30.000 1 0.777 0.528 0.833 0.628
30.040 1 0.775 0.517 0.831 0.617
30.080 1 0.770 0.506 0.827 0.608
30.120 1 0.769 0.497 0.827 0.600
30.160 1 0.764 0.489 0.822 0.592
30.200 1 0.764 0.478 0.820 0.581
30.240 1 0.762 0.472 0.819 0.572
30.280 1 0.761 0.467 0.816 0.564
30.320 1 0.759 0.458 0.814 0.556
30.360 1 0.755 0.453 0.809 0.547
30.400 1 0.755 0.444 0.809 0.542
30.600 1 0.736 0.397 0.791 0.497
30.640 1 0.731 0.386 0.787 0.486
30.680 1 0.727 0.375 0.783 0.475
30.720 1 0.723 0.364 0.781 0.467
30.760 1 0.722 0.356 0.778 0.458
30.800 1 0.717 0.347 0.773 0.447
30.840 1 0.714 0.339 0.772 0.442
30.880 1 0.709 0.331 0.767 0.433
30.920 1 0.708 0.325 0.766 0.425
30.960 1 0.706 0.317 0.762 0.417
31.000 1 0.702 0.317 0.758 0.417
31.040 1 0.698 0.314 0.755 0.417
31.080 1 0.692 0.314 0.748 0.414
31.120 1 0.691 0.311 0.747 0.411
31.160 1 0.689 0.311 0.745 0.408
31.200 1 0.688 0.308 0.742 0.408
31.240 1 0.684 0.308 0.739 0.406
31.280 1 0.681 0.311 0.736 0.406
31.320 1 0.678 0.311 0.733 0.408
31.360 1 0.673 0.314 0.728 0.411
31.400 1 0.666 0.317 0.720 0.414
31.440 1 0.659 0.322 0.714 0.419
31.480 1 0.655 0.331 0.708 0.425
31.520 1 0.648 0.336 0.702 0.431
31.560 1 0.642 0.344 0.695 0.439
33.960 2 0.483 0.222 0.684 0.581
34.000 2 0.483 0.222 0.684 0.581
34.040 2 0.481 0.214 0.688 0.581
34.080 2 0.478 0.214 0.681 0.575
34.120 2 0.484 0.214 0.684 0.569
34.160 2 0.481 0.211 0.683 0.569
34.200 2 0.480 0.208 0.681 0.567
34.240 2 0.481 0.206 0.683 0.564
34.280 2 0.483 0.200 0.686 0.561
34.320 2 0.481 0.200 0.683 0.556
34.360 2 0.481 0.194 0.683 0.553
34.400 2 0.483 0.192 0.684 0.547
34.440 2 0.484 0.192 0.686 0.547
34.480 2 0.480 0.192 0.680 0.547
34.520 2 0.483 0.192 0.683 0.547
34.560 2 0.484 0.192 0.684 0.547
34.600 2 0.484 0.189 0.684 0.544
34.640 2 0.483 0.192 0.683 0.547
34.680 2 0.486 0.197 0.681 0.544
34.720 2 0.481 0.194 0.680 0.544
34.760 2 0.486 0.194 0.684 0.544
34.800 2 0.484 0.194 0.683 0.547
34.840 2 0.484 0.192 0.683 0.547
34.880 2 0.484 0.194 0.683 0.547
34.920 2 0.484 0.192 0.684 0.547
34.960 2 0.486 0.192 0.684 0.544
35.000 2 0.483 0.183 0.684 0.542
35.040 2 0.483 0.186 0.686 0.547
35.080 2 0.484 0.186 0.684 0.542
35.120 2 0.484 0.183 0.688 0.542
35.160 2 0.487 0.183 0.686 0.539
35.200 2 0.489 0.181 0.688 0.533
35.240 2 0.491 0.181 0.688 0.531
35.280 2 0.486 0.178 0.683 0.528
35.320 2 0.486 0.172 0.688 0.528
35.360 2 0.478 0.169 0.680 0.531
35.400 2 0.481 0.169 0.683 0.531
35.440 2 0.478 0.172 0.680 0.531
35.480 2 0.480 0.172 0.683 0.533
35.520 2 0.483 0.175 0.684 0.536
35.560 2 0.484 0.181 0.688 0.539
35.600 2 0.487 0.183 0.688 0.539
35.640 2 0.489 0.186 0.688 0.542
35.680 2 0.487 0.189 0.688 0.544
35.720 2 0.486 0.192 0.686 0.547
35.760 2 0.484 0.194 0.684 0.550
35.800 2 0.483 0.197 0.684 0.556
35.840 2 0.483 0.203 0.684 0.561
35.880 2 0.484 0.208 0.684 0.564
35.920 2 0.483 0.211 0.686 0.572
35.960 2 0.486 0.214 0.688 0.575
36.000 2 0.483 0.222 0.684 0.581
36.040 2 0.472 0.228 0.675 0.589
36.080 2 0.475 0.233 0.678 0.592
36.120 2 0.470 0.236 0.673 0.597
36.160 2 0.472 0.236 0.675 0.597
36.200 2 0.473 0.236 0.677 0.594
36.240 2 0.475 0.233 0.675 0.592
36.280 2 0.477 0.233 0.678 0.592
36.320 2 0.473 0.233 0.672 0.589
36.360 2 0.475 0.233 0.677 0.592
36.400 2 0.473 0.231 0.675 0.589
36.440 2 0.473 0.231 0.675 0.589
36.480 2 0.473 0.228 0.675 0.586
36.520 2 0.472 0.225 0.675 0.583
36.560 2 0.470 0.225 0.672 0.581
36.600 2 0.473 0.222 0.675 0.583
36.640 2 0.475 0.222 0.677 0.581
36.680 2 0.469 0.222 0.672 0.583
36.720 2 0.473 0.228 0.675 0.586
36.760 2 0.469 0.233 0.669 0.592
36.800 2 0.472 0.242 0.672 0.594
36.840 2 0.467 0.244 0.667 0.600
36.880 2 0.472 0.247 0.670 0.600
36.920 2 0.466 0.247 0.667 0.603
36.960 2 0.470 0.253 0.670 0.608
37.000 2 0.459 0.261 0.661 0.619
37.040 2 0.455 0.258 0.661 0.625
37.080 2 0.458 0.256 0.664 0.622
37.120 2 0.455 0.253 0.661 0.622
37.160 2 0.458 0.253 0.666 0.622
37.200 2 0.455 0.247 0.662 0.617
37.240 2 0.458 0.250 0.666 0.619
37.280 2 0.455 0.244 0.662 0.614
37.320 2 0.461 0.247 0.669 0.617
37.360 2 0.455 0.244 0.662 0.614
37.400 2 0.458 0.247 0.666 0.617
37.440 2 0.455 0.244 0.662 0.614
37.480 2 0.459 0.247 0.662 0.608
37.520 2 0.459 0.247 0.662 0.608
37.560 2 0.459 0.247 0.662 0.606
37.600 2 0.459 0.244 0.662 0.606
37.640 2 0.459 0.244 0.661 0.606
37.680 2 0.459 0.244 0.661 0.603
37.720 2 0.459 0.242 0.661 0.603
37.760 2 0.456 0.242 0.659 0.600
37.800 2 0.459 0.239 0.661 0.600
37.840 2 0.459 0.239 0.661 0.597
37.880 2 0.459 0.236 0.661 0.594
37.920 2 0.459 0.233 0.661 0.592
37.960 2 0.459 0.231 0.661 0.589
38.000 2 0.459 0.222 0.661 0.581
38.040 2 0.469 0.217 0.673 0.578
38.080 2 0.469 0.214 0.667 0.567
38.120 2 0.472 0.206 0.673 0.564
38.160 2 0.470 0.206 0.669 0.558
38.200 2 0.473 0.200 0.675 0.558
38.240 2 0.472 0.200 0.669 0.553
38.280 2 0.475 0.194 0.675 0.553
38.320 2 0.472 0.197 0.670 0.547
38.360 2 0.477 0.194 0.677 0.547
38.400 2 0.473 0.192 0.672 0.544
38.440 2 0.478 0.197 0.675 0.550
38.480 2 0.473 0.197 0.673 0.553
38.520 2 0.478 0.200 0.678 0.556
38.560 2 0.472 0.206 0.675 0.567
38.600 2 0.475 0.211 0.680 0.575
38.640 2 0.473 0.217 0.677 0.578
38.680 2 0.469 0.214 0.675 0.581
38.720 2 0.475 0.219 0.677 0.581
38.760 2 0.473 0.219 0.677 0.581
38.800 2 0.475 0.219 0.677 0.581
38.840 2 0.477 0.219 0.680 0.581
38.880 2 0.475 0.219 0.678 0.578
38.920 2 0.475 0.219 0.677 0.578
38.960 2 0.473 0.217 0.677 0.578
39.000 2 0.483 0.222 0.684 0.581
39.040 2 0.481 0.219 0.684 0.581
39.080 2 0.481 0.219 0.684 0.578
39.120 2 0.481 0.219 0.684 0.578
39.160 2 0.480 0.219 0.681 0.578
39.200 2 0.484 0.217 0.686 0.578
39.240 2 0.484 0.217 0.686 0.578
39.280 2 0.481 0.219 0.684 0.581
39.320 2 0.483 0.228 0.681 0.581
39.360 2 0.481 0.228 0.683 0.586
39.400 2 0.481 0.231 0.683 0.589
39.440 2 0.480 0.233 0.684 0.594
39.480 2 0.481 0.236 0.684 0.597
39.520 2 0.481 0.244 0.680 0.597
39.560 2 0.481 0.244 0.683 0.603
39.600 2 0.481 0.244 0.683 0.603
39.640 2 0.480 0.244 0.681 0.603
39.680 2 0.484 0.244 0.686 0.603
39.720 2 0.483 0.244 0.681 0.597
39.760 2 0.486 0.239 0.688 0.597
39.800 2 0.483 0.239 0.683 0.594
39.840 2 0.489 0.236 0.686 0.589
39.880 2 0.486 0.233 0.684 0.586
39.920 2 0.486 0.231 0.684 0.583
39.960 2 0.484 0.228 0.684 0.583
40.000 2 0.483 0.222 0.684 0.581
40.040 2 0.481 0.211 0.678 0.561
40.080 2 0.481 0.206 0.683 0.564
40.120 2 0.484 0.206 0.684 0.561
40.160 2 0.483 0.203 0.681 0.558
40.200 2 0.483 0.203 0.681 0.556
40.240 2 0.483 0.200 0.681 0.553
40.280 2 0.483 0.197 0.681 0.550
40.320 2 0.483 0.197 0.681 0.550
40.360 2 0.483 0.197 0.681 0.550
40.400 2 0.483 0.194 0.683 0.550
40.440 2 0.486 0.200 0.681 0.547
40.480 2 0.483 0.197 0.678 0.547
40.520 2 0.483 0.194 0.683 0.550
40.560 2 0.483 0.194 0.683 0.550
40.600 2 0.483 0.194 0.683 0.550
40.640 2 0.484 0.197 0.684 0.550
40.680 2 0.484 0.200 0.684 0.553
40.720 2 0.484 0.203 0.686 0.558
40.760 2 0.484 0.208 0.686 0.567
40.800 2 0.486 0.214 0.688 0.575
40.840 2 0.483 0.225 0.686 0.586
40.880 2 0.484 0.233 0.684 0.592
40.920 2 0.481 0.236 0.681 0.592
40.960 2 0.481 0.236 0.683 0.594
41.000 2 0.483 0.222 0.684 0.581
41.040 2 0.475 0.233 0.678 0.594
41.080 2 0.475 0.231 0.678 0.592
41.120 2 0.473 0.231 0.677 0.592
41.160 2 0.472 0.231 0.675 0.589
41.200 2 0.472 0.228 0.673 0.589
41.240 2 0.470 0.228 0.673 0.589
41.280 2 0.470 0.228 0.672 0.589
41.320 2 0.469 0.228 0.672 0.586
41.360 2 0.469 0.228 0.670 0.586
41.400 2 0.469 0.228 0.670 0.586
41.440 2 0.469 0.228 0.670 0.586
41.480 2 0.469 0.228 0.670 0.586
41.520 2 0.469 0.228 0.670 0.586
41.560 2 0.467 0.225 0.670 0.586
41.600 2 0.467 0.225 0.670 0.583
41.640 2 0.467 0.222 0.670 0.583
41.680 2 0.467 0.222 0.669 0.581
41.720 2 0.467 0.219 0.669 0.578
41.760 2 0.467 0.219 0.669 0.575
41.800 2 0.467 0.217 0.667 0.572
41.840 2 0.467 0.214 0.666 0.567
41.880 2 0.470 0.214 0.661 0.556
41.920 2 0.470 0.211 0.667 0.561
41.960 2 0.469 0.211 0.666 0.561
42.000 2 0.459 0.222 0.661 0.581
42.040 2 0.467 0.219 0.672 0.583
42.080 2 0.463 0.219 0.667 0.583
42.120 2 0.466 0.222 0.670 0.586
42.160 2 0.467 0.225 0.667 0.581
42.200 2 0.467 0.222 0.667 0.581
42.240 2 0.467 0.222 0.667 0.581
42.280 2 0.467 0.222 0.669 0.581
42.320 2 0.467 0.222 0.669 0.578
42.360 2 0.467 0.217 0.670 0.578
42.400 2 0.469 0.217 0.672 0.575
42.440 2 0.470 0.211 0.673 0.575
42.480 2 0.472 0.214 0.675 0.575
42.520 2 0.477 0.214 0.678 0.575
42.560 2 0.475 0.214 0.678 0.575
42.600 2 0.478 0.217 0.680 0.575
42.640 2 0.475 0.214 0.678 0.575
42.680 2 0.477 0.214 0.680 0.575
42.720 2 0.480 0.222 0.680 0.578
42.760 2 0.475 0.219 0.677 0.575
42.800 2 0.478 0.219 0.678 0.575
42.840 2 0.477 0.219 0.680 0.578
42.880 2 0.478 0.222 0.678 0.578
42.920 2 0.477 0.219 0.678 0.581
42.960 2 0.477 0.222 0.677 0.578
43.000 2 0.483 0.222 0.684 0.581
43.040 2 0.477 0.219 0.680 0.578
43.080 2 0.480 0.219 0.681 0.578
43.120 2 0.480 0.217 0.683 0.578
43.160 2 0.480 0.211 0.686 0.578
43.200 2 0.483 0.214 0.686 0.575
43.240 2 0.484 0.214 0.688 0.578
43.280 2 0.487 0.214 0.694 0.581
43.320 2 0.486 0.211 0.694 0.583
43.360 2 0.483 0.214 0.691 0.581
43.400 2 0.489 0.214 0.694 0.581
43.440 2 0.487 0.217 0.691 0.581
43.480 2 0.487 0.217 0.691 0.581
43.520 2 0.487 0.219 0.689 0.581
43.560 2 0.486 0.219 0.689 0.581
43.600 2 0.486 0.219 0.688 0.581
43.640 2 0.486 0.219 0.688 0.581
43.680 2 0.486 0.222 0.688 0.581
43.720 2 0.483 0.222 0.684 0.581
43.760 2 0.486 0.222 0.686 0.581
43.800 2 0.483 0.222 0.684 0.581
43.840 2 0.486 0.222 0.686 0.581
43.880 2 0.486 0.225 0.686 0.581
43.920 2 0.486 0.225 0.686 0.581
43.960 2 0.486 0.225 0.688 0.583
44.000 2 0.483 0.222 0.684 0.581
44.040 2 0.480 0.225 0.678 0.575
44.080 2 0.489 0.228 0.686 0.578
44.120 2 0.478 0.214 0.684 0.583
48.760 3 0.416 0.189 0.497 0.333
48.800 3 0.416 0.189 0.497 0.333
48.840 3 0.414 0.186 0.497 0.333
48.880 3 0.417 0.186 0.498 0.333
48.920 3 0.416 0.186 0.495 0.331
48.960 3 0.417 0.183 0.498 0.331
49.000 3 0.417 0.183 0.498 0.328
49.040 3 0.420 0.183 0.498 0.322
49.080 3 0.420 0.181 0.498 0.322
49.120 3 0.419 0.181 0.498 0.319
49.160 3 0.419 0.178 0.497 0.317
49.200 3 0.417 0.175 0.497 0.317
49.240 3 0.417 0.175 0.495 0.314
49.280 3 0.416 0.172 0.495 0.314
49.320 3 0.416 0.172 0.494 0.314
49.360 3 0.416 0.169 0.494 0.311
49.400 3 0.416 0.169 0.495 0.311
49.440 3 0.414 0.169 0.495 0.311
49.480 3 0.414 0.167 0.495 0.311
49.520 3 0.416 0.164 0.495 0.308
49.560 3 0.416 0.164 0.495 0.308
49.600 3 0.417 0.164 0.495 0.306
49.640 3 0.414 0.164 0.494 0.306
49.680 3 0.417 0.164 0.495 0.306
49.720 3 0.414 0.164 0.494 0.306
49.760 3 0.417 0.164 0.495 0.306
49.800 3 0.414 0.164 0.494 0.306
49.840 3 0.416 0.164 0.495 0.306
49.880 3 0.416 0.164 0.494 0.306
49.920 3 0.414 0.164 0.494 0.306
49.960 3 0.414 0.164 0.494 0.306
50.000 3 0.416 0.164 0.494 0.306
50.040 3 0.414 0.164 0.494 0.306
50.080 3 0.416 0.164 0.495 0.303
50.120 3 0.414 0.164 0.494 0.306
50.160 3 0.414 0.164 0.494 0.306
50.200 3 0.416 0.161 0.497 0.306
50.240 3 0.414 0.161 0.495 0.303
50.280 3 0.417 0.161 0.497 0.306
50.320 3 0.416 0.161 0.497 0.306
50.360 3 0.417 0.161 0.498 0.306
50.400 3 0.417 0.158 0.500 0.306
50.440 3 0.419 0.158 0.502 0.306
50.480 3 0.422 0.158 0.503 0.306
50.520 3 0.425 0.161 0.506 0.306
50.560 3 0.423 0.161 0.505 0.306
50.600 3 0.427 0.161 0.509 0.306
50.640 3 0.425 0.161 0.508 0.308
50.680 3 0.428 0.161 0.511 0.308
50.720 3 0.427 0.161 0.511 0.311
50.760 3 0.430 0.161 0.514 0.311
50.800 3 0.428 0.161 0.512 0.311
50.840 3 0.431 0.164 0.516 0.311
50.880 3 0.430 0.164 0.514 0.314
50.920 3 0.433 0.164 0.517 0.314
50.960 3 0.431 0.164 0.516 0.314
51.000 3 0.436 0.167 0.517 0.311
51.040 3 0.434 0.167 0.516 0.311
51.080 3 0.434 0.167 0.517 0.311
51.120 3 0.434 0.167 0.516 0.311
51.160 3 0.436 0.167 0.517 0.311
51.200 3 0.434 0.167 0.517 0.311
51.240 3 0.436 0.167 0.517 0.311
51.280 3 0.434 0.167 0.517 0.311
51.320 3 0.434 0.164 0.517 0.311
51.360 3 0.436 0.167 0.517 0.311
51.400 3 0.434 0.167 0.517 0.311
51.440 3 0.434 0.167 0.516 0.311
51.480 3 0.436 0.167 0.517 0.311
51.520 3 0.433 0.167 0.514 0.311
51.560 3 0.434 0.167 0.516 0.311
51.600 3 0.431 0.167 0.512 0.311
51.640 3 0.434 0.167 0.514 0.311
51.680 3 0.430 0.167 0.512 0.311
51.720 3 0.431 0.167 0.514 0.314
51.760 3 0.430 0.167 0.512 0.314
51.800 3 0.428 0.167 0.512 0.314
51.840 3 0.428 0.167 0.511 0.314
51.880 3 0.430 0.167 0.511 0.314
51.920 3 0.427 0.167 0.509 0.314
51.960 3 0.428 0.167 0.511 0.314
52.000 3 0.427 0.167 0.508 0.311
52.040 3 0.423 0.167 0.506 0.311
52.080 3 0.428 0.167 0.511 0.311
52.120 3 0.427 0.167 0.508 0.311
52.160 3 0.428 0.167 0.511 0.311
52.200 3 0.423 0.167 0.506 0.311
52.240 3 0.428 0.164 0.511 0.311
52.280 3 0.427 0.169 0.508 0.311
52.320 3 0.428 0.167 0.511 0.311
52.360 3 0.428 0.167 0.509 0.311
52.400 3 0.430 0.167 0.511 0.311
52.440 3 0.428 0.167 0.509 0.311
52.480 3 0.428 0.167 0.509 0.311
52.520 3 0.431 0.167 0.512 0.311
59.880 4 0.389 0.219 0.630 0.650
59.920 4 0.389 0.222 0.630 0.650
59.960 4 0.389 0.228 0.620 0.642
60.000 4 0.391 0.219 0.633 0.650
60.040 4 0.394 0.211 0.645 0.658
60.080 4 0.394 0.211 0.639 0.647
60.120 4 0.400 0.211 0.645 0.647
60.160 4 0.395 0.208 0.641 0.644
60.200 4 0.400 0.203 0.650 0.647
60.240 4 0.394 0.194 0.645 0.642
60.280 4 0.400 0.192 0.652 0.639
60.320 4 0.395 0.186 0.647 0.636
60.360 4 0.395 0.186 0.645 0.631
60.400 4 0.392 0.186 0.642 0.631
60.440 4 0.383 0.181 0.637 0.633
60.480 4 0.386 0.186 0.639 0.636
60.520 4 0.377 0.183 0.631 0.636
60.560 4 0.380 0.189 0.634 0.642
60.600 4 0.373 0.194 0.625 0.642
60.640 4 0.378 0.194 0.630 0.644
60.680 4 0.372 0.200 0.623 0.644
60.720 4 0.375 0.203 0.628 0.650
60.760 4 0.370 0.203 0.622 0.650
60.800 4 0.373 0.206 0.627 0.656
60.840 4 0.375 0.206 0.628 0.658
60.880 4 0.375 0.208 0.630 0.658
60.920 4 0.375 0.208 0.630 0.661
60.960 4 0.375 0.211 0.630 0.664
61.000 4 0.370 0.211 0.623 0.664
61.040 4 0.373 0.211 0.630 0.667
61.080 4 0.367 0.211 0.623 0.667
61.120 4 0.370 0.211 0.630 0.672
61.160 4 0.364 0.214 0.622 0.672
61.200 4 0.372 0.214 0.631 0.675
61.240 4 0.372 0.208 0.628 0.667
61.280 4 0.378 0.203 0.636 0.661
61.320 4 0.378 0.197 0.634 0.653
61.360 4 0.388 0.192 0.642 0.644
61.400 4 0.391 0.203 0.641 0.650
61.440 4 0.394 0.197 0.644 0.644
61.480 4 0.405 0.200 0.655 0.647
61.520 4 0.405 0.200 0.653 0.644
61.560 4 0.406 0.206 0.650 0.639
61.600 4 0.412 0.206 0.656 0.639
61.640 4 0.412 0.206 0.655 0.639
61.680 4 0.419 0.208 0.662 0.639
61.720 4 0.416 0.208 0.658 0.639
61.760 4 0.419 0.208 0.658 0.639
61.800 4 0.425 0.208 0.667 0.639
61.840 4 0.427 0.208 0.669 0.639
61.880 4 0.428 0.206 0.672 0.639
61.920 4 0.430 0.203 0.672 0.636
61.960 4 0.442 0.211 0.683 0.639
62.000 4 0.445 0.219 0.686 0.650
62.040 4 0.450 0.219 0.691 0.650
62.080 4 0.455 0.222 0.694 0.647
62.120 4 0.458 0.222 0.697 0.650
62.160 4 0.463 0.228 0.700 0.650
62.200 4 0.467 0.231 0.702 0.650
62.240 4 0.469 0.233 0.705 0.653
62.280 4 0.470 0.233 0.706 0.656
62.320 4 0.466 0.239 0.700 0.658
62.360 4 0.469 0.239 0.705 0.661
62.400 4 0.461 0.242 0.698 0.667
62.440 4 0.464 0.244 0.702 0.672
62.480 4 0.456 0.250 0.695 0.678
63.000 4 0.480 0.344 0.722 0.775
63.040 4 0.480 0.331 0.722 0.764
63.080 4 0.484 0.322 0.723 0.747
63.120 4 0.477 0.306 0.719 0.736
63.160 4 0.480 0.297 0.720 0.725
63.200 4 0.478 0.289 0.719 0.717
63.240 4 0.475 0.281 0.716 0.708
63.280 4 0.475 0.278 0.713 0.700
63.320 4 0.472 0.272 0.711 0.700
63.360 4 0.470 0.272 0.711 0.700
63.400 4 0.467 0.269 0.708 0.697
63.440 4 0.473 0.272 0.713 0.697
63.480 4 0.466 0.269 0.708 0.697
63.520 4 0.466 0.269 0.708 0.697
63.560 4 0.466 0.269 0.706 0.697
63.600 4 0.466 0.269 0.706 0.697
63.640 4 0.463 0.272 0.700 0.694
63.680 4 0.467 0.269 0.706 0.697
63.720 4 0.464 0.275 0.700 0.694
63.760 4 0.467 0.272 0.708 0.697
63.800 4 0.466 0.275 0.702 0.692
63.840 4 0.469 0.269 0.709 0.697
63.880 4 0.466 0.275 0.702 0.694
63.920 4 0.470 0.269 0.713 0.697
63.960 4 0.470 0.275 0.703 0.689
64.000 4 0.472 0.267 0.714 0.697
64.040 4 0.470 0.264 0.713 0.694
64.080 4 0.469 0.261 0.709 0.689
64.120 4 0.469 0.256 0.708 0.681
64.160 4 0.466 0.250 0.705 0.672
64.200 4 0.463 0.242 0.702 0.667
64.240 4 0.461 0.239 0.698 0.661
64.280 4 0.458 0.233 0.697 0.656
64.320 4 0.458 0.233 0.695 0.656
64.360 4 0.459 0.239 0.695 0.658
64.400 4 0.459 0.239 0.697 0.664
64.440 4 0.459 0.247 0.700 0.672
64.480 4 0.461 0.253 0.702 0.683
64.520 4 0.459 0.267 0.697 0.686
64.560 4 0.466 0.275 0.706 0.703
64.600 4 0.467 0.294 0.698 0.706
64.640 4 0.467 0.306 0.698 0.717
64.680 4 0.467 0.317 0.697 0.725
64.720 4 0.470 0.317 0.703 0.733
64.760 4 0.470 0.319 0.703 0.733
64.800 4 0.475 0.317 0.711 0.736
64.840 4 0.473 0.319 0.705 0.731
64.880 4 0.478 0.317 0.711 0.731
64.920 4 0.475 0.314 0.705 0.722
64.960 4 0.475 0.308 0.705 0.714
65.000 4 0.475 0.303 0.703 0.711
65.040 4 0.473 0.300 0.703 0.706
65.080 4 0.472 0.297 0.702 0.706
65.120 4 0.472 0.294 0.702 0.703
65.160 4 0.472 0.294 0.702 0.703
65.200 4 0.470 0.294 0.700 0.703
65.240 4 0.470 0.294 0.700 0.703
65.280 4 0.469 0.289 0.700 0.700
65.320 4 0.467 0.283 0.700 0.697
65.360 4 0.463 0.272 0.700 0.694
65.400 4 0.459 0.261 0.700 0.689
65.440 4 0.463 0.253 0.702 0.678
65.480 4 0.453 0.242 0.692 0.667
65.520 4 0.448 0.233 0.688 0.658
65.560 4 0.445 0.225 0.684 0.650
70.720 5 0.408 0.303 0.616 0.672
70.760 5 0.388 0.283 0.594 0.650
70.800 5 0.381 0.272 0.586 0.636
70.840 5 0.372 0.264 0.577 0.628
70.880 5 0.370 0.261 0.573 0.622
70.920 5 0.370 0.261 0.572 0.619
70.960 5 0.370 0.261 0.572 0.619
71.000 5 0.370 0.261 0.572 0.619
71.040 5 0.370 0.261 0.572 0.619
71.080 5 0.372 0.264 0.573 0.622
71.120 5 0.373 0.264 0.575 0.622
71.160 5 0.377 0.264 0.578 0.622
71.200 5 0.378 0.267 0.581 0.625
71.240 5 0.380 0.264 0.584 0.628
71.280 5 0.383 0.261 0.595 0.639
71.320 5 0.391 0.258 0.603 0.636
71.360 5 0.402 0.261 0.613 0.636
71.400 5 0.419 0.269 0.627 0.639
71.440 5 0.439 0.278 0.648 0.653
71.360 6 0.392 0.189 0.617 0.589
71.400 6 0.405 0.194 0.630 0.594
71.440 6 0.427 0.208 0.652 0.611
71.480 6 0.450 0.228 0.675 0.628
71.520 6 0.478 0.244 0.700 0.642
71.560 6 0.494 0.258 0.719 0.658
71.600 6 0.512 0.275 0.736 0.672
71.640 6 0.511 0.286 0.734 0.683
71.680 6 0.512 0.289 0.736 0.689
71.720 6 0.505 0.289 0.730 0.689
71.760 6 0.500 0.286 0.727 0.689
71.800 6 0.495 0.281 0.723 0.686
71.840 6 0.492 0.281 0.720 0.686
71.880 6 0.492 0.281 0.720 0.686
71.920 6 0.494 0.278 0.725 0.686
71.960 6 0.489 0.278 0.719 0.686
72.000 6 0.486 0.275 0.719 0.689
72.040 6 0.481 0.267 0.714 0.681
72.080 6 0.470 0.253 0.703 0.664
72.120 6 0.455 0.233 0.684 0.642
72.160 6 0.441 0.211 0.672 0.622
72.200 6 0.442 0.203 0.675 0.614
72.240 6 0.430 0.192 0.666 0.611
72.280 6 0.436 0.186 0.677 0.614
72.320 6 0.420 0.181 0.664 0.614
72.360 6 0.428 0.181 0.672 0.614
72.400 6 0.422 0.186 0.662 0.611
72.440 6 0.425 0.186 0.669 0.619
72.480 6 0.420 0.192 0.661 0.622
72.520 6 0.422 0.200 0.661 0.628
72.560 6 0.422 0.206 0.662 0.633
72.600 6 0.423 0.211 0.666 0.642
72.640 6 0.423 0.214 0.669 0.650
72.680 6 0.425 0.219 0.672 0.658
72.720 6 0.417 0.206 0.684 0.681
72.760 6 0.412 0.211 0.672 0.672
72.800 6 0.427 0.211 0.684 0.669
72.840 6 0.409 0.206 0.672 0.669
72.880 6 0.427 0.214 0.683 0.669
72.920 6 0.428 0.228 0.670 0.658
72.960 6 0.420 0.217 0.670 0.661
73.000 6 0.427 0.214 0.681 0.667
73.040 6 0.427 0.225 0.669 0.656
73.080 6 0.419 0.214 0.670 0.661
73.120 6 0.425 0.211 0.680 0.664
73.160 6 0.425 0.222 0.669 0.653
73.200 6 0.417 0.211 0.669 0.658
73.240 6 0.423 0.208 0.680 0.664
73.280 6 0.423 0.219 0.667 0.653
73.320 6 0.417 0.211 0.667 0.656
73.360 6 0.422 0.206 0.680 0.664
73.400 6 0.409 0.206 0.667 0.664
73.440 6 0.425 0.211 0.680 0.664
73.480 6 0.408 0.203 0.666 0.661
73.520 6 0.425 0.211 0.678 0.664
73.560 6 0.409 0.203 0.666 0.661
73.600 6 0.423 0.211 0.677 0.664
73.640 6 0.408 0.203 0.664 0.661
73.680 6 0.422 0.211 0.677 0.664
73.720 6 0.406 0.203 0.664 0.661
73.760 6 0.423 0.214 0.675 0.661
73.800 6 0.406 0.206 0.662 0.661
73.840 6 0.420 0.211 0.672 0.658
73.880 6 0.417 0.217 0.659 0.650
73.920 6 0.420 0.231 0.648 0.636
73.960 6 0.430 0.231 0.659 0.639
74.000 6 0.417 0.219 0.659 0.650
74.040 6 0.417 0.219 0.659 0.650
74.080 6 0.417 0.219 0.659 0.650
74.120 6 0.417 0.219 0.659 0.650
74.160 6 0.417 0.219 0.658 0.650
74.200 6 0.416 0.231 0.645 0.639
74.240 6 0.427 0.231 0.656 0.639
74.280 6 0.416 0.219 0.658 0.650
74.320 6 0.414 0.219 0.656 0.650
74.360 6 0.416 0.219 0.658 0.650
74.400 6 0.414 0.219 0.656 0.650
74.440 6 0.414 0.217 0.656 0.650
74.480 6 0.414 0.217 0.656 0.647
74.520 6 0.414 0.217 0.656 0.650
107.640 7 0.295 0.228 0.408 0.428
107.680 7 0.291 0.228 0.405 0.431
107.720 7 0.286 0.231 0.398 0.431
107.760 7 0.286 0.231 0.400 0.433
107.800 7 0.280 0.231 0.394 0.431
107.840 7 0.280 0.228 0.394 0.431
107.880 7 0.272 0.225 0.388 0.431
107.920 7 0.273 0.222 0.392 0.433
107.960 7 0.273 0.219 0.392 0.431
108.000 7 0.278 0.219 0.395 0.428
108.040 7 0.281 0.217 0.400 0.428
108.080 7 0.284 0.214 0.403 0.425
108.120 7 0.284 0.211 0.403 0.422
108.160 7 0.287 0.208 0.406 0.422
108.200 7 0.292 0.208 0.411 0.417
108.240 7 0.295 0.206 0.412 0.414
108.280 7 0.298 0.203 0.416 0.411
108.320 7 0.300 0.197 0.419 0.408
108.360 7 0.305 0.194 0.423 0.406
108.400 7 0.309 0.194 0.427 0.403
108.440 7 0.311 0.192 0.431 0.403
108.480 7 0.316 0.192 0.434 0.403
108.520 7 0.319 0.189 0.439 0.403
108.560 7 0.325 0.192 0.445 0.406
108.600 7 0.327 0.192 0.447 0.406
108.640 7 0.333 0.194 0.453 0.406
108.680 7 0.336 0.197 0.455 0.408
108.720 7 0.342 0.197 0.461 0.408
108.760 7 0.348 0.200 0.466 0.411
108.800 7 0.352 0.200 0.470 0.411
109.880 8 0.359 0.183 0.478 0.389
109.920 8 0.366 0.189 0.481 0.392
109.960 8 0.367 0.194 0.486 0.400
110.000 8 0.369 0.197 0.486 0.403
110.040 8 0.367 0.203 0.487 0.414
110.080 8 0.369 0.206 0.489 0.417
110.120 8 0.364 0.206 0.484 0.417
110.160 8 0.361 0.206 0.481 0.417
110.200 8 0.358 0.203 0.478 0.414
110.240 8 0.353 0.206 0.472 0.414
110.280 8 0.350 0.203 0.472 0.414
110.320 8 0.347 0.203 0.466 0.414
110.360 8 0.344 0.206 0.463 0.414
110.400 8 0.342 0.206 0.461 0.414
110.440 8 0.339 0.203 0.459 0.417
110.480 8 0.336 0.206 0.456 0.417
110.520 8 0.336 0.203 0.459 0.417
110.560 8 0.334 0.208 0.455 0.417
110.600 8 0.338 0.211 0.458 0.419
110.640 8 0.338 0.217 0.455 0.419
110.680 8 0.341 0.219 0.458 0.422
110.720 8 0.339 0.222 0.455 0.425
110.760 8 0.341 0.222 0.456 0.422
110.800 8 0.336 0.217 0.453 0.422
110.840 8 0.336 0.211 0.453 0.417
110.880 8 0.334 0.208 0.450 0.408
110.920 8 0.333 0.203 0.448 0.406
110.960 8 0.328 0.200 0.444 0.400
111.000 8 0.330 0.197 0.447 0.403
111.040 8 0.328 0.194 0.444 0.397
111.080 8 0.327 0.192 0.442 0.394
111.120 8 0.325 0.192 0.441 0.394
111.160 8 0.325 0.189 0.439 0.392
111.200 8 0.323 0.189 0.439 0.392
111.240 8 0.323 0.189 0.438 0.389
111.280 8 0.322 0.186 0.438 0.389
111.320 8 0.322 0.186 0.436 0.386
111.360 8 0.320 0.183 0.436 0.386
111.400 8 0.319 0.183 0.436 0.386
111.440 8 0.322 0.183 0.438 0.386
111.480 8 0.319 0.183 0.434 0.389
111.520 8 0.320 0.183 0.439 0.389
111.560 8 0.319 0.181 0.439 0.394
111.600 8 0.320 0.186 0.439 0.394
111.640 8 0.322 0.189 0.441 0.397
111.680 8 0.322 0.186 0.442 0.397
111.720 8 0.320 0.183 0.444 0.400
111.760 8 0.325 0.186 0.447 0.397
111.800 8 0.325 0.186 0.445 0.397
111.840 8 0.327 0.189 0.447 0.397
111.880 8 0.327 0.189 0.447 0.400
111.920 8 0.328 0.192 0.448 0.403
111.960 8 0.330 0.194 0.448 0.406
112.000 8 0.330 0.197 0.447 0.403
112.040 8 0.327 0.197 0.447 0.408
112.080 8 0.325 0.203 0.448 0.419
112.120 8 0.330 0.214 0.450 0.425
112.160 8 0.327 0.217 0.450 0.431
112.200 8 0.330 0.219 0.450 0.431
112.240 8 0.330 0.219 0.448 0.431
112.280 8 0.328 0.219 0.447 0.431
112.320 8 0.323 0.217 0.445 0.431
112.360 8 0.327 0.222 0.445 0.428
112.400 8 0.327 0.222 0.444 0.428
112.440 8 0.325 0.222 0.444 0.428
112.480 8 0.325 0.222 0.442 0.428
112.520 8 0.322 0.222 0.438 0.425
112.560 8 0.328 0.228 0.439 0.422
112.600 8 0.323 0.225 0.433 0.419
112.640 8 0.327 0.225 0.436 0.419
112.680 8 0.322 0.225 0.431 0.419
112.720 8 0.320 0.228 0.433 0.422
112.760 8 0.316 0.233 0.427 0.425
112.800 8 0.312 0.233 0.422 0.428
112.840 8 0.309 0.239 0.419 0.431
112.880 8 0.309 0.239 0.420 0.433
112.920 8 0.306 0.239 0.417 0.433
112.960 8 0.312 0.239 0.423 0.433
113.000 8 0.314 0.236 0.423 0.431
113.040 8 0.312 0.233 0.422 0.428
113.080 8 0.316 0.231 0.427 0.425
113.120 8 0.312 0.228 0.425 0.428
113.160 8 0.308 0.231 0.422 0.428
113.200 8 0.312 0.231 0.427 0.431
113.240 8 0.309 0.233 0.423 0.436
113.280 8 0.311 0.239 0.425 0.439
113.320 8 0.309 0.244 0.423 0.442
113.360 8 0.308 0.247 0.422 0.447
113.400 8 0.311 0.253 0.423 0.450
113.440 8 0.308 0.253 0.420 0.450
113.480 8 0.308 0.250 0.419 0.447
113.520 8 0.305 0.247 0.416 0.439
113.560 8 0.303 0.242 0.412 0.436
113.600 8 0.302 0.239 0.412 0.433
113.640 8 0.300 0.236 0.411 0.431
113.680 8 0.298 0.233 0.409 0.428
113.720 8 0.298 0.233 0.409 0.428
113.760 8 0.298 0.233 0.408 0.425
113.800 8 0.298 0.231 0.408 0.425
113.840 8 0.298 0.231 0.408 0.422
113.880 8 0.300 0.228 0.411 0.419
113.920 8 0.295 0.225 0.406 0.419
113.960 8 0.298 0.222 0.411 0.419
114.000 8 0.297 0.222 0.408 0.417
114.040 8 0.297 0.222 0.406 0.417
114.080 8 0.297 0.222 0.405 0.414
114.120 8 0.295 0.222 0.405 0.414
114.160 8 0.294 0.222 0.403 0.414
114.200 8 0.294 0.222 0.403 0.414
114.240 8 0.294 0.222 0.403 0.414
114.280 8 0.295 0.222 0.403 0.414
114.320 8 0.297 0.219 0.408 0.414
114.360 8 0.302 0.219 0.411 0.414
114.400 8 0.305 0.217 0.416 0.411
114.440 8 0.311 0.214 0.422 0.411
114.480 8 0.314 0.211 0.427 0.408
114.520 8 0.320 0.206 0.433 0.403
114.560 8 0.327 0.203 0.439 0.400
114.600 8 0.333 0.197 0.445 0.392
114.640 8 0.342 0.192 0.453 0.386
114.680 8 0.350 0.192 0.463 0.389
114.720 8 0.356 0.186 0.469 0.383
114.760 8 0.362 0.186 0.475 0.383
111.840 9 0.680 0.303 0.756 0.439
111.880 9 0.680 0.311 0.755 0.447
111.920 9 0.680 0.317 0.755 0.453
111.960 9 0.680 0.322 0.755 0.456
112.000 9 0.678 0.333 0.752 0.467
112.040 9 0.677 0.336 0.752 0.469
112.080 9 0.677 0.339 0.750 0.472
112.120 9 0.675 0.339 0.748 0.475
112.160 9 0.675 0.339 0.748 0.475
112.200 9 0.675 0.342 0.750 0.478
112.240 9 0.675 0.344 0.750 0.478
112.280 9 0.677 0.344 0.752 0.481
112.320 9 0.675 0.347 0.750 0.483
112.360 9 0.673 0.347 0.750 0.483
112.400 9 0.675 0.350 0.750 0.486
112.440 9 0.675 0.353 0.750 0.486
112.480 9 0.675 0.353 0.750 0.486
112.520 9 0.673 0.350 0.748 0.486
112.560 9 0.675 0.347 0.753 0.489
112.600 9 0.672 0.347 0.748 0.486
112.640 9 0.673 0.347 0.750 0.483
112.680 9 0.673 0.344 0.752 0.483
112.720 9 0.673 0.342 0.750 0.483
112.760 9 0.673 0.339 0.750 0.481
112.800 9 0.672 0.339 0.750 0.481
112.840 9 0.672 0.336 0.750 0.481
112.880 9 0.672 0.336 0.750 0.478
112.920 9 0.670 0.333 0.750 0.475
112.960 9 0.670 0.331 0.750 0.475
113.000 9 0.670 0.328 0.750 0.472
113.040 9 0.669 0.325 0.750 0.472
113.080 9 0.669 0.325 0.748 0.469
113.120 9 0.672 0.322 0.752 0.467
113.160 9 0.669 0.317 0.748 0.464
113.200 9 0.672 0.314 0.752 0.461
113.240 9 0.669 0.308 0.748 0.456
113.280 9 0.669 0.306 0.752 0.453
113.320 9 0.667 0.300 0.750 0.450
113.360 9 0.667 0.300 0.750 0.450
113.400 9 0.666 0.297 0.750 0.450
113.440 9 0.666 0.294 0.750 0.450
113.480 9 0.664 0.294 0.750 0.450
113.520 9 0.664 0.292 0.750 0.447
113.560 9 0.664 0.292 0.750 0.447
113.600 9 0.666 0.289 0.752 0.444
113.640 9 0.664 0.286 0.750 0.444
113.680 9 0.666 0.286 0.753 0.444
113.720 9 0.661 0.283 0.748 0.444
113.760 9 0.662 0.281 0.753 0.444
113.800 9 0.661 0.281 0.752 0.442
113.840 9 0.661 0.278 0.750 0.442
113.880 9 0.662 0.278 0.753 0.439
113.920 9 0.661 0.275 0.752 0.439
113.960 9 0.661 0.275 0.750 0.436
114.000 9 0.662 0.275 0.753 0.439
114.040 9 0.661 0.272 0.752 0.436
114.080 9 0.661 0.272 0.752 0.436
114.120 9 0.661 0.272 0.752 0.436
114.160 9 0.661 0.272 0.752 0.436
114.200 9 0.661 0.272 0.752 0.436
114.240 9 0.661 0.272 0.752 0.436
114.280 9 0.659 0.272 0.750 0.436
114.320 9 0.659 0.272 0.750 0.433
114.360 9 0.659 0.269 0.750 0.433
114.400 9 0.662 0.269 0.752 0.433
114.440 9 0.661 0.269 0.750 0.433
114.480 9 0.662 0.269 0.753 0.433
114.520 9 0.661 0.269 0.752 0.431
114.560 9 0.664 0.267 0.755 0.431
114.600 9 0.662 0.267 0.753 0.431
114.640 9 0.662 0.267 0.753 0.431
114.680 9 0.666 0.267 0.755 0.431
114.720 9 0.664 0.267 0.753 0.431
114.760 9 0.666 0.267 0.755 0.431
114.800 9 0.664 0.267 0.753 0.431
114.840 9 0.664 0.267 0.753 0.431
114.880 9 0.664 0.269 0.753 0.431
114.920 9 0.662 0.275 0.750 0.436
114.960 9 0.666 0.281 0.753 0.442
115.000 9 0.662 0.289 0.750 0.447
115.040 9 0.661 0.294 0.748 0.453
115.080 9 0.661 0.300 0.747 0.456
115.120 9 0.661 0.306 0.747 0.461
114.720 10 0.350 0.181 0.466 0.389
114.760 10 0.356 0.178 0.473 0.389
114.800 10 0.364 0.178 0.478 0.386
114.840 10 0.370 0.175 0.484 0.383
114.880 10 0.377 0.175 0.491 0.381
114.920 10 0.383 0.172 0.498 0.381
114.960 10 0.389 0.172 0.505 0.381
115.000 10 0.395 0.172 0.511 0.381
115.040 10 0.403 0.172 0.517 0.378
115.080 10 0.408 0.175 0.520 0.378
115.120 10 0.411 0.178 0.525 0.381
115.160 10 0.414 0.178 0.527 0.381
115.200 10 0.417 0.178 0.530 0.381
115.240 10 0.419 0.181 0.531 0.381
115.280 10 0.420 0.181 0.533 0.381
115.320 10 0.423 0.183 0.534 0.383
115.360 10 0.423 0.186 0.536 0.383
115.400 10 0.425 0.186 0.536 0.386
115.440 10 0.427 0.189 0.537 0.389
115.480 10 0.428 0.192 0.537 0.389
115.520 10 0.427 0.192 0.537 0.392
115.560 10 0.428 0.192 0.541 0.394
115.600 10 0.427 0.192 0.541 0.394
115.640 10 0.430 0.194 0.544 0.400
115.680 10 0.428 0.203 0.544 0.406
115.720 10 0.431 0.206 0.548 0.417
115.760 10 0.431 0.214 0.548 0.425
115.800 10 0.436 0.217 0.552 0.425
115.840 10 0.434 0.214 0.550 0.422
115.880 10 0.436 0.211 0.552 0.419
115.920 10 0.436 0.208 0.550 0.414
115.960 10 0.434 0.203 0.548 0.408
116.000 10 0.434 0.197 0.550 0.403
116.040 10 0.433 0.194 0.548 0.400
116.080 10 0.431 0.194 0.547 0.400
116.120 10 0.428 0.194 0.542 0.397
116.160 10 0.430 0.194 0.545 0.400
116.200 10 0.427 0.197 0.541 0.400
116.240 10 0.430 0.197 0.544 0.397
116.280 10 0.425 0.194 0.537 0.394
116.320 10 0.428 0.192 0.539 0.389
116.360 10 0.419 0.183 0.536 0.389
116.400 10 0.420 0.183 0.534 0.386
116.440 10 0.419 0.183 0.531 0.383
116.480 10 0.417 0.183 0.530 0.381
116.520 10 0.417 0.181 0.528 0.378
116.560 10 0.416 0.178 0.527 0.378
116.600 10 0.416 0.178 0.527 0.375
117.920 11 0.273 0.072 0.570 0.600
117.960 11 0.277 0.094 0.573 0.622
118.000 11 0.284 0.111 0.583 0.639
118.040 11 0.291 0.122 0.586 0.647
118.080 11 0.292 0.125 0.588 0.650
118.120 11 0.292 0.125 0.586 0.647
118.160 11 0.292 0.125 0.584 0.644
118.200 11 0.291 0.125 0.583 0.642
118.240 11 0.295 0.125 0.586 0.644
118.280 11 0.289 0.131 0.577 0.642
118.320 11 0.292 0.131 0.580 0.642
118.360 11 0.287 0.142 0.570 0.644
118.400 11 0.287 0.144 0.572 0.650
118.440 11 0.291 0.150 0.575 0.653
118.480 11 0.295 0.150 0.578 0.656
118.520 11 0.292 0.147 0.575 0.650
118.560 11 0.309 0.147 0.591 0.647
118.600 11 0.317 0.156 0.589 0.639
118.640 11 0.330 0.153 0.606 0.644
118.680 11 0.350 0.139 0.614 0.606
118.720 11 0.367 0.125 0.627 0.589
118.760 11 0.381 0.111 0.641 0.572
118.800 11 0.391 0.094 0.650 0.558
118.840 11 0.395 0.072 0.662 0.550
118.880 11 0.400 0.050 0.675 0.539
118.920 11 0.409 0.042 0.684 0.531
118.960 11 0.422 0.039 0.698 0.531
119.000 11 0.438 0.033 0.728 0.550
119.040 11 0.464 0.061 0.733 0.539
119.080 11 0.478 0.069 0.748 0.544
119.120 11 0.492 0.075 0.764 0.558
119.160 11 0.495 0.081 0.766 0.558
119.200 11 0.503 0.083 0.770 0.558
119.240 11 0.505 0.081 0.775 0.561
119.280 11 0.500 0.081 0.772 0.561
119.320 11 0.506 0.083 0.773 0.558
119.360 11 0.495 0.081 0.767 0.561
119.400 11 0.498 0.083 0.770 0.564
119.440 11 0.489 0.086 0.759 0.564
119.480 11 0.495 0.094 0.761 0.564
119.520 11 0.487 0.097 0.753 0.569
119.560 11 0.489 0.100 0.761 0.581
119.600 11 0.486 0.117 0.758 0.597
119.640 11 0.489 0.136 0.761 0.617
119.680 11 0.487 0.144 0.761 0.628
119.720 11 0.486 0.150 0.759 0.636
119.760 11 0.481 0.147 0.759 0.642
119.800 11 0.487 0.153 0.761 0.636
119.840 11 0.489 0.150 0.762 0.636
119.880 11 0.492 0.153 0.761 0.631
119.920 11 0.491 0.153 0.761 0.628
119.960 11 0.489 0.150 0.758 0.625
120.000 11 0.498 0.172 0.741 0.600
120.040 11 0.487 0.172 0.725 0.592
120.080 11 0.478 0.158 0.717 0.583
120.120 11 0.455 0.144 0.694 0.567
120.160 11 0.441 0.122 0.681 0.550
128.800 12 0.831 0.094 0.898 0.217
128.840 12 0.834 0.092 0.903 0.211
128.880 12 0.841 0.089 0.908 0.211
128.920 12 0.845 0.089 0.914 0.208
128.960 12 0.852 0.086 0.919 0.208
129.000 12 0.858 0.086 0.925 0.206
129.040 12 0.864 0.086 0.931 0.206
129.080 12 0.872 0.083 0.939 0.203
129.120 12 0.880 0.083 0.947 0.206
129.160 12 0.887 0.086 0.955 0.206
129.200 12 0.895 0.086 0.964 0.208
129.240 12 0.903 0.086 0.973 0.211
129.280 12 0.912 0.092 0.983 0.214
129.320 12 0.923 0.094 0.992 0.219
129.360 12 0.933 0.097 1.003 0.219
129.400 12 0.945 0.094 1.014 0.219
129.440 12 0.956 0.094 1.025 0.219
128.800 13 0.469 0.319 0.534 0.442
128.840 13 0.467 0.322 0.533 0.442
128.880 13 0.470 0.322 0.537 0.442
128.920 13 0.470 0.322 0.537 0.444
128.960 13 0.473 0.322 0.541 0.444
129.000 13 0.475 0.325 0.542 0.447
129.040 13 0.483 0.339 0.542 0.447
129.080 13 0.483 0.336 0.544 0.447
129.120 13 0.484 0.336 0.545 0.447
129.160 13 0.484 0.339 0.547 0.450
129.200 13 0.487 0.336 0.548 0.447
129.240 13 0.487 0.336 0.550 0.447
129.280 13 0.489 0.336 0.550 0.447
129.320 13 0.492 0.339 0.553 0.450
129.360 13 0.492 0.339 0.553 0.450
129.400 13 0.495 0.339 0.556 0.450
129.440 13 0.495 0.339 0.558 0.450
129.480 13 0.498 0.339 0.559 0.450
129.520 13 0.498 0.339 0.561 0.450
129.560 13 0.500 0.339 0.561 0.450
129.600 13 0.502 0.339 0.564 0.450
129.640 13 0.503 0.342 0.566 0.450
129.680 13 0.505 0.339 0.566 0.450
129.720 13 0.506 0.339 0.567 0.450
129.760 13 0.506 0.336 0.569 0.450
129.800 13 0.508 0.339 0.570 0.450
129.840 13 0.506 0.339 0.569 0.450
129.880 13 0.506 0.339 0.569 0.450
129.920 13 0.505 0.339 0.567 0.450
129.960 13 0.505 0.339 0.567 0.450
130.000 13 0.508 0.350 0.564 0.450
130.040 13 0.503 0.344 0.564 0.453
130.080 13 0.503 0.344 0.564 0.453
130.120 13 0.500 0.344 0.561 0.453
130.160 13 0.498 0.344 0.558 0.453
130.200 13 0.495 0.342 0.556 0.453
130.240 13 0.491 0.342 0.553 0.453
130.280 13 0.492 0.342 0.553 0.453
130.320 13 0.487 0.342 0.550 0.453
130.360 13 0.486 0.342 0.547 0.453
130.400 13 0.483 0.339 0.544 0.450
130.440 13 0.478 0.339 0.541 0.450
130.480 13 0.477 0.339 0.539 0.450
130.520 13 0.475 0.336 0.536 0.447
130.560 13 0.473 0.336 0.536 0.447
130.600 13 0.473 0.333 0.536 0.447
130.640 13 0.473 0.333 0.536 0.447
130.680 13 0.475 0.333 0.537 0.444
130.720 13 0.473 0.333 0.534 0.444
130.760 13 0.477 0.333 0.539 0.447
130.800 13 0.473 0.333 0.536 0.447
130.840 13 0.477 0.333 0.539 0.444
130.880 13 0.475 0.333 0.537 0.447
130.920 13 0.475 0.333 0.537 0.444
130.960 13 0.477 0.333 0.537 0.442
131.000 13 0.475 0.325 0.542 0.447
131.040 13 0.477 0.325 0.544 0.447
131.080 13 0.475 0.328 0.541 0.447
131.120 13 0.477 0.325 0.542 0.444
129.680 14 0.609 0.281 0.677 0.400
129.720 14 0.613 0.281 0.680 0.400
129.760 14 0.611 0.278 0.678 0.400
129.800 14 0.613 0.278 0.680 0.400
129.840 14 0.609 0.278 0.677 0.397
129.880 14 0.611 0.275 0.678 0.397
129.920 14 0.611 0.275 0.678 0.394
129.960 14 0.609 0.272 0.677 0.392
130.000 14 0.611 0.272 0.678 0.392
130.040 14 0.609 0.272 0.677 0.392
130.080 14 0.611 0.272 0.681 0.394
130.120 14 0.605 0.267 0.677 0.394
130.160 14 0.605 0.267 0.677 0.394
130.200 14 0.602 0.267 0.672 0.394
130.240 14 0.600 0.267 0.670 0.392
130.280 14 0.597 0.264 0.667 0.389
130.320 14 0.592 0.264 0.662 0.389
130.360 14 0.588 0.264 0.658 0.389
130.400 14 0.581 0.264 0.653 0.389
130.440 14 0.577 0.261 0.647 0.386
130.480 14 0.573 0.261 0.645 0.386
130.520 14 0.570 0.261 0.641 0.389
130.560 14 0.567 0.261 0.639 0.389
130.600 14 0.567 0.261 0.639 0.386
130.640 14 0.564 0.258 0.634 0.386
130.680 14 0.564 0.258 0.634 0.383
130.640 15 0.572 0.258 0.637 0.378
130.680 15 0.570 0.256 0.637 0.378
130.720 15 0.569 0.258 0.634 0.378
130.760 15 0.569 0.261 0.634 0.381
130.800 15 0.564 0.258 0.630 0.378
130.840 15 0.566 0.258 0.633 0.378
130.880 15 0.562 0.258 0.628 0.381
130.920 15 0.561 0.258 0.628 0.378
130.960 15 0.556 0.258 0.622 0.381
131.000 15 0.558 0.258 0.625 0.381
131.040 15 0.558 0.258 0.625 0.381
131.080 15 0.558 0.258 0.625 0.381
131.120 15 0.558 0.258 0.625 0.381
130.680 16 0.677 0.250 0.731 0.347
130.720 16 0.680 0.253 0.734 0.350
130.760 16 0.683 0.256 0.739 0.353
130.800 16 0.688 0.256 0.744 0.356
130.840 16 0.694 0.261 0.748 0.358
130.880 16 0.698 0.264 0.755 0.361
130.920 16 0.706 0.264 0.761 0.364
130.960 16 0.713 0.264 0.769 0.364
131.000 16 0.720 0.261 0.777 0.361
131.040 16 0.730 0.258 0.786 0.358
131.080 16 0.736 0.253 0.794 0.353
131.120 16 0.742 0.247 0.798 0.347
145.920 17 0.234 0.183 0.402 0.483
145.960 17 0.234 0.183 0.402 0.483
146.000 17 0.234 0.183 0.402 0.483
146.040 17 0.239 0.183 0.408 0.486
146.080 17 0.237 0.189 0.402 0.483
146.120 17 0.241 0.186 0.406 0.486
146.160 17 0.239 0.186 0.406 0.489
146.200 17 0.239 0.186 0.405 0.486
146.240 17 0.239 0.186 0.405 0.486
146.280 17 0.237 0.189 0.402 0.483
146.320 17 0.237 0.186 0.403 0.486
146.360 17 0.237 0.186 0.403 0.486
146.400 17 0.236 0.186 0.403 0.486
146.440 17 0.236 0.186 0.403 0.486
146.480 17 0.236 0.186 0.403 0.483
146.520 17 0.236 0.183 0.405 0.486
146.560 17 0.236 0.186 0.397 0.478
146.600 17 0.237 0.178 0.409 0.489
146.640 17 0.231 0.181 0.400 0.483
146.680 17 0.236 0.181 0.406 0.486
146.720 17 0.234 0.183 0.400 0.481
146.760 17 0.234 0.183 0.402 0.483
146.800 17 0.234 0.183 0.402 0.483
146.840 17 0.233 0.181 0.400 0.483
146.880 17 0.233 0.181 0.400 0.483
146.920 17 0.233 0.181 0.402 0.483
146.960 17 0.233 0.181 0.400 0.483
147.000 17 0.234 0.183 0.402 0.483
147.040 17 0.231 0.183 0.395 0.478
147.080 17 0.231 0.181 0.398 0.481
147.120 17 0.231 0.183 0.395 0.478
147.160 17 0.233 0.181 0.402 0.483
147.200 17 0.231 0.181 0.398 0.481
147.240 17 0.231 0.183 0.398 0.481
147.280 17 0.231 0.183 0.398 0.483
147.320 17 0.233 0.181 0.402 0.483
147.360 17 0.230 0.183 0.395 0.481
147.400 17 0.233 0.183 0.400 0.483
147.440 17 0.230 0.186 0.394 0.478
147.480 17 0.234 0.186 0.398 0.481
147.520 17 0.231 0.183 0.398 0.483
147.560 17 0.231 0.183 0.398 0.483
147.600 17 0.231 0.183 0.398 0.483
147.640 17 0.233 0.183 0.400 0.483
147.680 17 0.233 0.183 0.400 0.483
147.720 17 0.233 0.183 0.400 0.483
147.760 17 0.234 0.183 0.400 0.483
147.800 17 0.234 0.183 0.402 0.483
147.840 17 0.234 0.183 0.402 0.483
147.880 17 0.234 0.186 0.402 0.486
147.920 17 0.236 0.183 0.405 0.486
147.960 17 0.233 0.181 0.403 0.489
148.000 17 0.234 0.183 0.402 0.483
148.040 17 0.223 0.175 0.409 0.506
148.080 17 0.223 0.175 0.409 0.506
148.120 17 0.223 0.175 0.409 0.506
148.160 17 0.225 0.178 0.411 0.508
148.200 17 0.225 0.178 0.411 0.508
148.240 17 0.225 0.178 0.411 0.508
148.280 17 0.225 0.178 0.411 0.508
148.320 17 0.225 0.178 0.411 0.511
148.360 17 0.225 0.181 0.411 0.511
148.400 17 0.225 0.181 0.411 0.511
148.440 17 0.227 0.183 0.411 0.514
148.480 17 0.227 0.183 0.411 0.514
148.520 17 0.227 0.186 0.412 0.517
148.560 17 0.227 0.186 0.412 0.517
148.600 17 0.228 0.189 0.412 0.519
148.640 17 0.228 0.192 0.414 0.519
148.680 17 0.230 0.192 0.414 0.522
148.720 17 0.230 0.194 0.414 0.525
148.760 17 0.231 0.197 0.416 0.528
148.800 17 0.231 0.203 0.416 0.533
148.840 17 0.231 0.211 0.414 0.536
148.880 17 0.236 0.217 0.416 0.539
148.920 17 0.230 0.222 0.411 0.544
148.960 17 0.228 0.219 0.416 0.556
149.000 17 0.214 0.222 0.416 0.581
149.040 17 0.222 0.236 0.417 0.581
149.080 17 0.217 0.239 0.417 0.594
149.120 17 0.214 0.250 0.416 0.606
149.160 17 0.209 0.256 0.408 0.608
149.200 17 0.205 0.264 0.406 0.622
149.240 17 0.198 0.278 0.400 0.636
149.280 17 0.195 0.289 0.394 0.644
149.320 17 0.194 0.303 0.388 0.647
149.360 17 0.188 0.311 0.384 0.658
149.400 17 0.183 0.319 0.381 0.672
149.440 17 0.178 0.333 0.375 0.683
149.480 17 0.173 0.342 0.372 0.697
149.520 17 0.167 0.350 0.366 0.703
149.560 17 0.166 0.364 0.362 0.714
149.600 17 0.159 0.372 0.356 0.722
149.640 17 0.155 0.381 0.355 0.736
149.680 17 0.148 0.392 0.348 0.747
149.720 17 0.145 0.406 0.342 0.756
149.760 17 0.141 0.411 0.338 0.764
149.800 17 0.136 0.422 0.334 0.772
149.840 17 0.133 0.425 0.333 0.781
149.880 17 0.130 0.439 0.327 0.792
149.920 17 0.123 0.450 0.320 0.800
149.960 17 0.119 0.456 0.312 0.803
150.000 17 0.123 0.461 0.325 0.819
150.040 17 0.122 0.467 0.316 0.811
150.080 17 0.116 0.475 0.309 0.819
150.120 17 0.113 0.483 0.309 0.833
150.160 17 0.114 0.497 0.305 0.836
150.200 17 0.103 0.500 0.298 0.847
150.240 17 0.100 0.508 0.298 0.861
150.280 17 0.095 0.514 0.297 0.875
150.320 17 0.094 0.525 0.292 0.878
150.360 17 0.091 0.536 0.291 0.892
150.400 17 0.089 0.542 0.289 0.897
150.440 17 0.087 0.550 0.287 0.903
150.480 17 0.083 0.561 0.283 0.914
150.520 17 0.083 0.561 0.287 0.925
150.560 17 0.080 0.572 0.278 0.925
150.600 17 0.078 0.578 0.280 0.939
150.640 17 0.075 0.583 0.278 0.944
150.680 17 0.073 0.589 0.277 0.950
150.720 17 0.072 0.597 0.275 0.958
150.760 17 0.070 0.600 0.273 0.961
150.800 17 0.067 0.603 0.272 0.967
150.840 17 0.066 0.606 0.270 0.972
150.880 17 0.064 0.614 0.267 0.975
150.920 17 0.061 0.617 0.267 0.983
150.960 17 0.058 0.622 0.266 0.989
151.000 17 0.056 0.619 0.258 0.978
151.040 17 0.056 0.636 0.253 0.986
151.080 17 0.056 0.631 0.261 0.992
151.120 17 0.053 0.639 0.252 0.989
151.160 17 0.055 0.633 0.258 0.997
151.200 17 0.052 0.642 0.250 0.992
151.240 17 0.052 0.636 0.256 1.000
151.280 17 0.050 0.642 0.248 0.994
151.320 17 0.055 0.642 0.256 1.000
151.360 17 0.053 0.644 0.248 0.992
151.400 17 0.050 0.642 0.256 1.006
151.440 17 0.048 0.647 0.248 1.003
151.480 17 0.053 0.647 0.253 1.003
151.520 17 0.052 0.647 0.247 0.994
151.560 17 0.053 0.647 0.253 1.003
151.600 17 0.048 0.647 0.248 1.003
151.640 17 0.050 0.644 0.253 1.006
151.680 17 0.050 0.642 0.258 1.008
151.720 17 0.047 0.642 0.255 1.008
151.760 17 0.050 0.647 0.255 1.008
151.800 17 0.052 0.647 0.255 1.008
151.840 17 0.052 0.647 0.256 1.008
151.880 17 0.053 0.647 0.256 1.008
151.920 17 0.053 0.650 0.258 1.011
151.960 17 0.055 0.650 0.258 1.011
152.000 17 0.056 0.661 0.258 1.019
152.040 17 0.053 0.661 0.255 1.019
152.080 17 0.053 0.661 0.255 1.019
152.120 17 0.055 0.661 0.256 1.019
152.160 17 0.055 0.661 0.256 1.019
152.200 17 0.056 0.661 0.258 1.019
152.240 17 0.056 0.664 0.258 1.022
152.280 17 0.056 0.664 0.258 1.022
152.320 17 0.056 0.664 0.258 1.022
152.360 17 0.058 0.667 0.258 1.025
152.400 17 0.058 0.667 0.261 1.028
152.440 17 0.056 0.669 0.255 1.019
152.480 17 0.061 0.669 0.259 1.022
152.520 17 0.056 0.672 0.255 1.022
152.560 17 0.058 0.669 0.255 1.019
152.600 17 0.059 0.675 0.255 1.019
152.640 17 0.056 0.672 0.253 1.022
152.680 17 0.058 0.664 0.261 1.025
152.720 17 0.056 0.667 0.255 1.019
152.760 17 0.058 0.661 0.263 1.022
152.800 17 0.058 0.664 0.256 1.017
152.840 17 0.061 0.664 0.259 1.017
152.880 17 0.058 0.667 0.253 1.014
152.920 17 0.064 0.661 0.264 1.019
152.960 17 0.055 0.661 0.255 1.019
153.000 17 0.056 0.661 0.258 1.019
153.040 17 0.055 0.661 0.253 1.014
153.080 17 0.055 0.658 0.258 1.019
153.120 17 0.053 0.661 0.253 1.014
153.160 17 0.055 0.658 0.258 1.017
153.200 17 0.055 0.658 0.258 1.017
153.240 17 0.055 0.656 0.258 1.017
153.280 17 0.052 0.653 0.258 1.019
153.320 17 0.055 0.656 0.261 1.022
153.360 17 0.056 0.656 0.258 1.017
153.400 17 0.056 0.653 0.263 1.019
153.440 17 0.056 0.656 0.259 1.017
153.480 17 0.053 0.653 0.258 1.019
153.520 17 0.058 0.653 0.264 1.019
153.560 17 0.056 0.661 0.255 1.014
153.600 17 0.056 0.656 0.263 1.025
153.640 17 0.053 0.656 0.258 1.022
153.680 17 0.058 0.656 0.263 1.022
153.720 17 0.056 0.664 0.255 1.017
153.760 17 0.058 0.661 0.261 1.022
153.800 17 0.058 0.661 0.259 1.019
153.840 17 0.058 0.661 0.258 1.019
153.880 17 0.058 0.664 0.258 1.019
153.920 17 0.058 0.664 0.258 1.022
153.960 17 0.058 0.661 0.263 1.025
154.000 17 0.056 0.661 0.258 1.019
154.040 17 0.055 0.669 0.250 1.014
154.080 17 0.062 0.667 0.259 1.017
154.120 17 0.055 0.667 0.250 1.014
154.160 17 0.059 0.667 0.256 1.017
154.200 17 0.056 0.664 0.253 1.014
154.240 17 0.058 0.664 0.258 1.017
154.280 17 0.053 0.664 0.253 1.017
154.320 17 0.055 0.661 0.256 1.019
154.360 17 0.055 0.661 0.256 1.019
154.400 17 0.058 0.664 0.258 1.017
154.440 17 0.055 0.661 0.256 1.019
154.480 17 0.055 0.658 0.258 1.019
154.520 17 0.056 0.661 0.259 1.022
154.560 17 0.055 0.664 0.255 1.017
154.600 17 0.056 0.661 0.258 1.019
154.640 17 0.058 0.664 0.255 1.014
154.680 17 0.059 0.664 0.259 1.017
154.720 17 0.056 0.664 0.255 1.017
154.760 17 0.056 0.661 0.258 1.019
154.800 17 0.056 0.661 0.258 1.019
154.840 17 0.058 0.661 0.258 1.019
154.880 17 0.061 0.664 0.261 1.019
154.920 17 0.056 0.664 0.255 1.017
154.960 17 0.056 0.658 0.261 1.025
155.000 17 0.056 0.661 0.258 1.019
155.040 17 0.056 0.661 0.258 1.019
155.080 17 0.058 0.661 0.258 1.019
155.120 17 0.056 0.661 0.258 1.019
155.160 17 0.056 0.661 0.258 1.019
155.200 17 0.056 0.661 0.258 1.019
155.240 17 0.058 0.658 0.263 1.022
155.280 17 0.053 0.656 0.258 1.022
155.320 17 0.056 0.658 0.261 1.025
155.360 17 0.056 0.661 0.258 1.019
155.400 17 0.058 0.658 0.263 1.022
155.440 17 0.053 0.656 0.258 1.022
155.480 17 0.055 0.656 0.261 1.025
155.520 17 0.056 0.658 0.258 1.017
155.560 17 0.055 0.661 0.255 1.017
155.600 17 0.056 0.656 0.261 1.019
155.640 17 0.056 0.661 0.255 1.011
155.680 17 0.056 0.658 0.258 1.017
155.720 17 0.056 0.661 0.258 1.017
155.760 17 0.056 0.661 0.255 1.014
155.800 17 0.059 0.661 0.258 1.017
155.840 17 0.055 0.664 0.253 1.014
155.880 17 0.056 0.661 0.258 1.019
155.920 17 0.059 0.664 0.258 1.017
155.960 17 0.055 0.664 0.253 1.014
156.000 17 0.056 0.661 0.258 1.019
156.040 17 0.061 0.653 0.269 1.022
156.080 17 0.056 0.658 0.256 1.014
156.120 17 0.061 0.656 0.264 1.017
156.160 17 0.058 0.661 0.256 1.014
156.200 17 0.062 0.661 0.264 1.017
156.240 17 0.058 0.661 0.256 1.014
156.280 17 0.058 0.658 0.263 1.019
156.320 17 0.056 0.661 0.255 1.014
156.360 17 0.058 0.658 0.263 1.022
156.400 17 0.055 0.661 0.253 1.017
156.440 17 0.061 0.661 0.263 1.019
156.480 17 0.056 0.667 0.250 1.011
156.520 17 0.059 0.664 0.261 1.022
156.560 17 0.053 0.664 0.253 1.017
156.600 17 0.056 0.661 0.261 1.025
156.640 17 0.055 0.667 0.253 1.019
156.680 17 0.059 0.667 0.258 1.019
156.720 17 0.056 0.664 0.256 1.022
156.760 17 0.052 0.661 0.256 1.025
156.800 17 0.056 0.661 0.261 1.025
156.840 17 0.053 0.667 0.252 1.019
156.880 17 0.059 0.669 0.258 1.022
156.920 17 0.053 0.667 0.252 1.019
156.960 17 0.055 0.667 0.258 1.025
157.000 17 0.056 0.661 0.258 1.019
157.040 17 0.059 0.664 0.259 1.022
157.080 17 0.059 0.664 0.259 1.022
157.120 17 0.058 0.664 0.259 1.022
157.160 17 0.058 0.664 0.259 1.019
157.200 17 0.058 0.664 0.258 1.019
157.240 17 0.056 0.664 0.258 1.019
157.280 17 0.056 0.661 0.258 1.019
157.320 17 0.056 0.661 0.258 1.019
157.360 17 0.056 0.661 0.258 1.019
157.400 17 0.055 0.661 0.256 1.019
157.440 17 0.055 0.658 0.256 1.017
157.480 17 0.055 0.661 0.256 1.019
157.520 17 0.055 0.658 0.256 1.017
157.560 17 0.055 0.658 0.256 1.017
157.600 17 0.055 0.658 0.256 1.017
157.640 17 0.055 0.658 0.256 1.017
157.680 17 0.055 0.658 0.256 1.017
157.720 17 0.055 0.658 0.256 1.017
157.760 17 0.053 0.656 0.256 1.017
157.800 17 0.053 0.656 0.259 1.022
157.840 17 0.050 0.653 0.256 1.019
157.880 17 0.055 0.656 0.259 1.019
157.920 17 0.053 0.658 0.252 1.014
157.960 17 0.053 0.658 0.255 1.017
158.000 17 0.056 0.661 0.258 1.019
158.040 17 0.047 0.664 0.248 1.022
158.080 17 0.047 0.664 0.248 1.022
158.120 17 0.047 0.664 0.248 1.022
158.160 17 0.047 0.664 0.248 1.022
158.200 17 0.047 0.664 0.248 1.022
158.240 17 0.047 0.664 0.248 1.022
158.280 17 0.047 0.664 0.248 1.022
158.320 17 0.047 0.664 0.248 1.022
158.360 17 0.045 0.664 0.248 1.022
158.400 17 0.045 0.664 0.247 1.022
158.440 17 0.045 0.664 0.248 1.022
158.480 17 0.045 0.664 0.247 1.022
158.520 17 0.045 0.664 0.247 1.022
158.560 17 0.045 0.661 0.247 1.019
158.600 17 0.045 0.661 0.247 1.022
158.640 17 0.045 0.661 0.247 1.019
158.680 17 0.045 0.661 0.247 1.019
158.720 17 0.045 0.661 0.247 1.019
158.760 17 0.044 0.658 0.245 1.017
158.800 17 0.044 0.658 0.245 1.017
158.840 17 0.044 0.658 0.245 1.017
158.880 17 0.044 0.658 0.245 1.017
158.920 17 0.044 0.658 0.245 1.017
158.960 17 0.042 0.661 0.241 1.014
159.000 17 0.034 0.661 0.236 1.019
159.040 17 0.036 0.658 0.237 1.017
159.080 17 0.036 0.658 0.237 1.017
159.120 17 0.036 0.658 0.237 1.017
159.160 17 0.036 0.658 0.237 1.017
159.200 17 0.036 0.658 0.237 1.017
159.240 17 0.036 0.658 0.236 1.014
159.280 17 0.036 0.656 0.242 1.019
159.320 17 0.030 0.653 0.236 1.017
159.360 17 0.036 0.656 0.241 1.019
159.400 17 0.030 0.656 0.233 1.017
159.440 17 0.034 0.653 0.244 1.025
159.480 17 0.028 0.656 0.233 1.019
159.520 17 0.034 0.656 0.241 1.025
159.560 17 0.028 0.656 0.231 1.017
159.600 17 0.037 0.656 0.241 1.019
159.640 17 0.033 0.658 0.233 1.011
159.680 17 0.034 0.656 0.239 1.019
159.720 17 0.033 0.658 0.234 1.017
159.760 17 0.033 0.658 0.234 1.017
159.800 17 0.033 0.658 0.234 1.017
159.840 17 0.031 0.658 0.234 1.019
159.880 17 0.034 0.661 0.234 1.017
159.920 17 0.033 0.658 0.234 1.017
159.960 17 0.031 0.661 0.233 1.019
160.000 17 0.034 0.661 0.236 1.019
160.040 17 0.041 0.664 0.239 1.019
160.080 17 0.041 0.664 0.242 1.022
160.120 17 0.039 0.664 0.237 1.019
160.160 17 0.044 0.667 0.241 1.014
160.200 17 0.044 0.667 0.241 1.014
160.240 17 0.039 0.664 0.236 1.017
160.280 17 0.044 0.664 0.242 1.019
160.320 17 0.039 0.664 0.237 1.019
160.360 17 0.041 0.658 0.247 1.025
160.400 17 0.041 0.664 0.242 1.022
160.440 17 0.041 0.661 0.244 1.022
160.480 17 0.042 0.661 0.244 1.019
160.520 17 0.042 0.661 0.245 1.019
160.560 17 0.041 0.661 0.244 1.022
160.600 17 0.041 0.661 0.245 1.025
160.640 17 0.037 0.658 0.244 1.025
160.680 17 0.044 0.661 0.252 1.031
160.720 17 0.037 0.664 0.241 1.022
160.760 17 0.045 0.658 0.253 1.028
160.800 17 0.039 0.658 0.244 1.022
160.840 17 0.050 0.661 0.252 1.019
160.880 17 0.045 0.664 0.239 1.011
160.920 17 0.047 0.661 0.247 1.017
160.960 17 0.048 0.661 0.248 1.017
161.000 17 0.056 0.661 0.258 1.019
161.040 17 0.059 0.658 0.266 1.022
161.080 17 0.058 0.661 0.259 1.019
161.120 17 0.061 0.658 0.267 1.025
161.160 17 0.059 0.658 0.261 1.019
161.200 17 0.061 0.658 0.263 1.019
161.240 17 0.061 0.658 0.263 1.017
161.280 17 0.061 0.658 0.263 1.017
161.320 17 0.062 0.661 0.264 1.017
161.360 17 0.066 0.656 0.270 1.022
161.400 17 0.056 0.658 0.261 1.019
161.440 17 0.062 0.658 0.264 1.017
161.480 17 0.058 0.658 0.259 1.017
161.520 17 0.062 0.658 0.264 1.017
161.560 17 0.058 0.661 0.258 1.017
161.600 17 0.061 0.661 0.263 1.017
161.640 17 0.058 0.664 0.256 1.017
161.680 17 0.061 0.661 0.263 1.019
161.720 17 0.056 0.664 0.256 1.017
161.760 17 0.064 0.664 0.266 1.022
161.800 17 0.059 0.669 0.250 1.008
161.840 17 0.067 0.672 0.263 1.017
161.880 17 0.061 0.669 0.255 1.014
161.920 17 0.061 0.667 0.261 1.022
161.960 17 0.056 0.669 0.253 1.019
149.320 18 0.858 -0.064 0.947 0.094
149.360 18 0.852 -0.050 0.939 0.108
149.400 18 0.845 -0.033 0.933 0.122
149.440 18 0.838 -0.022 0.925 0.133
149.480 18 0.831 -0.008 0.919 0.144
149.520 18 0.825 0.003 0.911 0.158
149.560 18 0.819 0.014 0.908 0.172
149.600 18 0.812 0.022 0.903 0.183
149.640 18 0.808 0.033 0.898 0.194
149.680 18 0.802 0.042 0.894 0.206
149.720 18 0.795 0.050 0.889 0.217
149.760 18 0.789 0.058 0.884 0.225
149.800 18 0.784 0.067 0.880 0.236
149.840 18 0.778 0.072 0.875 0.242
149.880 18 0.775 0.081 0.872 0.253
149.920 18 0.770 0.092 0.866 0.261
149.960 18 0.766 0.097 0.864 0.272
150.000 18 0.761 0.106 0.858 0.278
150.040 18 0.753 0.117 0.848 0.289
150.080 18 0.750 0.125 0.845 0.297
150.120 18 0.747 0.136 0.842 0.308
150.160 18 0.744 0.144 0.841 0.317
150.200 18 0.741 0.150 0.838 0.325
150.240 18 0.738 0.158 0.834 0.331
150.280 18 0.734 0.167 0.833 0.339
150.320 18 0.733 0.178 0.830 0.347
150.360 18 0.733 0.186 0.828 0.356
150.400 18 0.731 0.197 0.827 0.367
150.440 18 0.730 0.200 0.825 0.372
150.480 18 0.728 0.208 0.823 0.378
150.520 18 0.727 0.217 0.822 0.383
150.560 18 0.725 0.222 0.819 0.389
150.600 18 0.723 0.228 0.819 0.394
150.640 18 0.722 0.231 0.817 0.400
150.680 18 0.720 0.236 0.817 0.406
150.720 18 0.720 0.242 0.816 0.411
150.760 18 0.717 0.244 0.814 0.417
150.800 18 0.719 0.247 0.814 0.417
150.840 18 0.716 0.250 0.811 0.419
150.880 18 0.716 0.250 0.812 0.422
150.920 18 0.713 0.253 0.809 0.425
150.960 18 0.714 0.256 0.811 0.428
151.000 18 0.706 0.258 0.805 0.433
151.040 18 0.705 0.247 0.809 0.436
151.080 18 0.706 0.247 0.811 0.436
151.120 18 0.708 0.250 0.809 0.433
151.160 18 0.705 0.247 0.811 0.439
151.200 18 0.705 0.247 0.809 0.436
151.240 18 0.706 0.250 0.811 0.439
151.280 18 0.703 0.247 0.809 0.439
151.320 18 0.705 0.247 0.812 0.442
151.360 18 0.702 0.247 0.809 0.439
151.400 18 0.706 0.250 0.812 0.442
151.440 18 0.700 0.247 0.809 0.444
151.480 18 0.705 0.250 0.812 0.444
151.520 18 0.703 0.250 0.811 0.444
151.560 18 0.705 0.253 0.811 0.442
151.600 18 0.705 0.250 0.811 0.442
151.640 18 0.706 0.250 0.812 0.439
151.680 18 0.705 0.250 0.809 0.436
151.720 18 0.708 0.253 0.812 0.439
151.760 18 0.705 0.250 0.812 0.442
151.800 18 0.706 0.253 0.814 0.444
151.840 18 0.706 0.253 0.814 0.444
151.880 18 0.708 0.253 0.814 0.444
151.920 18 0.708 0.253 0.816 0.447
151.960 18 0.708 0.256 0.816 0.447
152.000 18 0.706 0.242 0.822 0.450
152.040 18 0.711 0.256 0.817 0.447
152.080 18 0.711 0.253 0.820 0.450
152.120 18 0.713 0.253 0.819 0.444
152.160 18 0.711 0.250 0.820 0.447
152.200 18 0.714 0.250 0.820 0.444
152.240 18 0.714 0.253 0.820 0.444
152.280 18 0.714 0.253 0.820 0.444
152.320 18 0.716 0.256 0.820 0.444
152.360 18 0.714 0.253 0.820 0.444
152.400 18 0.714 0.256 0.822 0.447
152.440 18 0.713 0.253 0.820 0.447
152.480 18 0.714 0.256 0.822 0.450
152.520 18 0.713 0.256 0.820 0.447
152.560 18 0.713 0.256 0.822 0.450
152.600 18 0.713 0.256 0.822 0.453
152.640 18 0.713 0.256 0.819 0.447
152.680 18 0.713 0.253 0.819 0.444
152.720 18 0.713 0.250 0.820 0.444
152.760 18 0.713 0.250 0.820 0.442
152.800 18 0.713 0.247 0.819 0.439
152.840 18 0.713 0.247 0.819 0.439
152.880 18 0.713 0.247 0.819 0.439
152.920 18 0.713 0.247 0.819 0.439
152.960 18 0.711 0.244 0.819 0.439
153.000 18 0.717 0.258 0.814 0.433
153.040 18 0.713 0.244 0.822 0.439
153.080 18 0.713 0.247 0.820 0.439
153.120 18 0.711 0.244 0.819 0.439
153.160 18 0.713 0.244 0.820 0.439
153.200 18 0.713 0.244 0.819 0.439
153.240 18 0.714 0.247 0.820 0.436
153.280 18 0.714 0.244 0.822 0.439
153.320 18 0.713 0.244 0.820 0.439
153.360 18 0.713 0.244 0.820 0.439
153.400 18 0.713 0.244 0.819 0.439
153.440 18 0.713 0.247 0.819 0.439
153.480 18 0.713 0.247 0.820 0.439
153.520 18 0.714 0.247 0.822 0.439
153.560 18 0.713 0.247 0.819 0.442
153.600 18 0.714 0.250 0.820 0.442
153.640 18 0.711 0.250 0.817 0.442
153.680 18 0.713 0.250 0.820 0.442
153.720 18 0.711 0.250 0.816 0.442
153.760 18 0.711 0.253 0.817 0.442
153.800 18 0.711 0.253 0.817 0.442
153.840 18 0.713 0.253 0.817 0.442
153.880 18 0.711 0.253 0.817 0.444
153.920 18 0.711 0.256 0.816 0.444
153.960 18 0.713 0.258 0.814 0.442
154.000 18 0.706 0.242 0.822 0.450
154.040 18 0.700 0.242 0.816 0.447
154.080 18 0.702 0.239 0.819 0.453
154.120 18 0.700 0.242 0.814 0.447
154.160 18 0.702 0.242 0.816 0.447
154.200 18 0.700 0.242 0.814 0.447
154.240 18 0.700 0.242 0.814 0.447
154.280 18 0.700 0.242 0.816 0.450
154.320 18 0.700 0.242 0.816 0.450
154.360 18 0.698 0.236 0.819 0.453
154.400 18 0.695 0.236 0.817 0.456
154.440 18 0.697 0.239 0.819 0.456
154.480 18 0.697 0.236 0.817 0.456
154.520 18 0.698 0.242 0.816 0.450
154.560 18 0.698 0.244 0.814 0.453
154.600 18 0.698 0.244 0.814 0.453
154.640 18 0.700 0.247 0.814 0.453
154.680 18 0.697 0.247 0.811 0.453
154.720 18 0.697 0.244 0.814 0.456
154.760 18 0.698 0.244 0.814 0.453
154.800 18 0.700 0.244 0.814 0.450
154.840 18 0.700 0.244 0.811 0.447
154.880 18 0.698 0.244 0.814 0.450
154.920 18 0.698 0.242 0.814 0.450
154.960 18 0.698 0.242 0.814 0.450
155.000 18 0.694 0.242 0.809 0.450
155.040 18 0.700 0.253 0.808 0.447
155.080 18 0.697 0.253 0.806 0.447
155.120 18 0.698 0.250 0.809 0.450
155.160 18 0.700 0.253 0.806 0.444
155.200 18 0.700 0.253 0.806 0.444
155.240 18 0.700 0.250 0.809 0.447
155.280 18 0.697 0.250 0.806 0.444
155.320 18 0.698 0.250 0.808 0.444
155.360 18 0.700 0.250 0.806 0.442
155.400 18 0.700 0.247 0.808 0.442
155.440 18 0.700 0.250 0.806 0.439
155.480 18 0.698 0.247 0.803 0.436
155.520 18 0.702 0.247 0.809 0.439
155.560 18 0.698 0.247 0.805 0.439
155.600 18 0.700 0.244 0.809 0.442
155.640 18 0.698 0.247 0.805 0.436
155.680 18 0.700 0.247 0.806 0.439
155.720 18 0.702 0.247 0.806 0.436
155.760 18 0.700 0.244 0.806 0.439
155.800 18 0.698 0.244 0.806 0.439
155.840 18 0.698 0.244 0.808 0.439
155.880 18 0.698 0.244 0.806 0.439
155.920 18 0.698 0.242 0.808 0.439
155.960 18 0.697 0.242 0.806 0.439
156.000 18 0.706 0.258 0.805 0.433
156.040 18 0.709 0.256 0.808 0.433
156.080 18 0.706 0.258 0.806 0.436
156.120 18 0.709 0.258 0.809 0.436
156.160 18 0.709 0.261 0.805 0.433
156.200 18 0.709 0.264 0.806 0.436
156.240 18 0.708 0.264 0.806 0.439
156.280 18 0.709 0.264 0.808 0.439
156.320 18 0.706 0.267 0.805 0.439
156.360 18 0.708 0.267 0.806 0.442
156.400 18 0.705 0.269 0.803 0.444
156.440 18 0.706 0.272 0.803 0.444
156.480 18 0.703 0.275 0.800 0.450
156.520 18 0.700 0.278 0.797 0.453
156.560 18 0.697 0.283 0.795 0.456
156.600 18 0.694 0.283 0.792 0.458
156.640 18 0.692 0.289 0.789 0.461
156.680 18 0.689 0.292 0.787 0.464
156.720 18 0.688 0.289 0.786 0.467
156.760 18 0.686 0.292 0.786 0.467
156.800 18 0.686 0.292 0.784 0.467
156.840 18 0.684 0.292 0.784 0.469
156.880 18 0.684 0.294 0.783 0.469
156.920 18 0.684 0.294 0.783 0.472
156.960 18 0.684 0.297 0.781 0.472
157.000 18 0.686 0.297 0.783 0.469
157.040 18 0.689 0.300 0.786 0.469
157.080 18 0.686 0.297 0.783 0.469
157.120 18 0.688 0.300 0.783 0.469
157.160 18 0.684 0.300 0.780 0.469
157.200 18 0.688 0.300 0.786 0.475
157.240 18 0.683 0.300 0.778 0.469
157.280 18 0.688 0.300 0.784 0.472
157.320 18 0.684 0.303 0.780 0.472
157.360 18 0.686 0.303 0.781 0.472
157.400 18 0.686 0.303 0.780 0.472
157.440 18 0.684 0.303 0.780 0.472
157.480 18 0.686 0.303 0.783 0.475
157.520 18 0.684 0.303 0.778 0.472
157.560 18 0.686 0.303 0.783 0.475
157.600 18 0.686 0.303 0.781 0.472
157.640 18 0.684 0.303 0.780 0.472
157.680 18 0.686 0.303 0.783 0.472
157.720 18 0.684 0.303 0.780 0.472
157.760 18 0.686 0.303 0.781 0.472
157.800 18 0.684 0.300 0.780 0.469
157.840 18 0.686 0.300 0.783 0.469
157.880 18 0.684 0.297 0.781 0.469
157.920 18 0.684 0.297 0.781 0.469
157.960 18 0.684 0.297 0.781 0.469
158.000 18 0.686 0.297 0.783 0.469
158.040 18 0.683 0.294 0.780 0.467
158.080 18 0.683 0.294 0.780 0.467
158.120 18 0.683 0.292 0.780 0.467
158.160 18 0.683 0.292 0.780 0.467
158.200 18 0.683 0.292 0.780 0.467
158.240 18 0.683 0.292 0.780 0.464
158.280 18 0.681 0.289 0.778 0.464
158.320 18 0.681 0.289 0.780 0.464
158.360 18 0.681 0.289 0.780 0.464
158.400 18 0.681 0.289 0.780 0.464
158.440 18 0.681 0.289 0.780 0.464
158.480 18 0.681 0.289 0.778 0.464
158.520 18 0.681 0.289 0.778 0.464
158.560 18 0.681 0.286 0.780 0.461
158.600 18 0.683 0.289 0.778 0.458
158.640 18 0.681 0.286 0.775 0.458
158.680 18 0.681 0.283 0.780 0.461
158.720 18 0.681 0.283 0.778 0.458
158.760 18 0.680 0.283 0.778 0.456
158.800 18 0.680 0.283 0.777 0.456
158.840 18 0.680 0.283 0.777 0.456
158.880 18 0.680 0.283 0.777 0.456
158.920 18 0.678 0.281 0.777 0.456
158.960 18 0.678 0.281 0.775 0.456
159.000 18 0.675 0.278 0.772 0.453
159.040 18 0.673 0.275 0.773 0.456
159.080 18 0.672 0.272 0.773 0.453
159.120 18 0.672 0.272 0.772 0.453
159.160 18 0.670 0.272 0.770 0.450
159.200 18 0.669 0.272 0.769 0.450
159.240 18 0.670 0.269 0.770 0.450
159.280 18 0.669 0.269 0.769 0.450
159.320 18 0.669 0.269 0.769 0.447
159.360 18 0.670 0.269 0.770 0.447
159.400 18 0.669 0.269 0.769 0.447
159.440 18 0.669 0.269 0.767 0.447
159.480 18 0.669 0.269 0.767 0.447
159.520 18 0.667 0.269 0.766 0.447
159.560 18 0.667 0.272 0.766 0.447
159.600 18 0.667 0.272 0.766 0.447
159.640 18 0.666 0.272 0.764 0.447
159.680 18 0.666 0.272 0.762 0.447
159.720 18 0.664 0.272 0.762 0.447
159.760 18 0.664 0.275 0.761 0.447
159.800 18 0.662 0.278 0.759 0.450
159.840 18 0.661 0.281 0.758 0.453
159.880 18 0.659 0.283 0.758 0.458
159.920 18 0.658 0.286 0.753 0.458
159.960 18 0.655 0.292 0.750 0.464
160.000 18 0.653 0.297 0.750 0.469
160.040 18 0.642 0.286 0.762 0.503
160.080 18 0.637 0.289 0.759 0.506
160.120 18 0.633 0.294 0.755 0.508
160.160 18 0.630 0.297 0.750 0.511
160.200 18 0.623 0.297 0.745 0.514
160.240 18 0.620 0.300 0.741 0.514
160.280 18 0.616 0.303 0.736 0.517
160.320 18 0.613 0.306 0.733 0.517
160.360 18 0.608 0.306 0.727 0.517
160.400 18 0.603 0.306 0.723 0.519
160.440 18 0.600 0.308 0.720 0.522
160.480 18 0.597 0.311 0.716 0.522
160.520 18 0.594 0.314 0.711 0.522
160.560 18 0.592 0.314 0.711 0.525
160.600 18 0.591 0.317 0.708 0.528
160.640 18 0.591 0.319 0.708 0.528
160.680 18 0.589 0.319 0.705 0.528
160.720 18 0.592 0.319 0.708 0.528
160.760 18 0.591 0.319 0.706 0.525
160.800 18 0.594 0.317 0.711 0.525
160.840 18 0.594 0.314 0.711 0.522
160.880 18 0.597 0.311 0.713 0.519
160.920 18 0.600 0.311 0.714 0.514
160.960 18 0.605 0.308 0.723 0.519
161.000 18 0.598 0.292 0.739 0.542
161.040 18 0.606 0.294 0.747 0.544
161.080 18 0.613 0.289 0.750 0.533
161.120 18 0.614 0.289 0.755 0.536
161.160 18 0.622 0.289 0.762 0.539
161.200 18 0.625 0.281 0.767 0.533
161.240 18 0.634 0.283 0.775 0.533
161.280 18 0.637 0.286 0.773 0.528
161.320 18 0.644 0.289 0.781 0.533
161.360 18 0.648 0.286 0.784 0.531
161.400 18 0.645 0.289 0.781 0.531
161.440 18 0.650 0.289 0.789 0.533
161.480 18 0.645 0.289 0.784 0.533
161.520 18 0.648 0.289 0.786 0.536
161.560 18 0.644 0.289 0.781 0.533
161.600 18 0.645 0.289 0.783 0.536
161.640 18 0.641 0.292 0.778 0.536
161.680 18 0.637 0.294 0.773 0.536
161.720 18 0.634 0.294 0.770 0.536
161.760 18 0.631 0.297 0.766 0.536
161.800 18 0.628 0.297 0.762 0.536
161.840 18 0.628 0.297 0.762 0.536
161.880 18 0.623 0.300 0.758 0.536
161.920 18 0.625 0.300 0.759 0.539
161.960 18 0.620 0.303 0.755 0.542
149.640 19 0.400 -0.075 0.500 0.103
149.680 19 0.394 -0.067 0.494 0.114
149.720 19 0.391 -0.053 0.487 0.119
149.760 19 0.386 -0.044 0.484 0.131
149.800 19 0.381 -0.033 0.480 0.139
149.840 19 0.378 -0.025 0.477 0.150
149.880 19 0.373 -0.017 0.473 0.161
149.920 19 0.369 -0.006 0.467 0.169
149.960 19 0.366 0.000 0.464 0.175
150.000 19 0.361 0.011 0.458 0.183
150.040 19 0.350 0.006 0.456 0.194
150.080 19 0.347 0.017 0.453 0.206
150.120 19 0.344 0.025 0.450 0.211
150.160 19 0.341 0.036 0.445 0.222
150.200 19 0.336 0.042 0.442 0.231
150.240 19 0.331 0.050 0.439 0.242
150.280 19 0.330 0.058 0.436 0.250
150.320 19 0.327 0.067 0.434 0.256
150.360 19 0.323 0.075 0.431 0.267
150.400 19 0.323 0.083 0.430 0.272
150.440 19 0.322 0.092 0.430 0.283
150.480 19 0.320 0.100 0.427 0.289
150.520 19 0.317 0.106 0.427 0.300
150.560 19 0.314 0.114 0.422 0.306
150.600 19 0.314 0.119 0.420 0.311
150.640 19 0.312 0.125 0.420 0.317
150.680 19 0.311 0.131 0.419 0.322
150.720 19 0.309 0.136 0.417 0.328
150.760 19 0.306 0.142 0.414 0.331
150.800 19 0.306 0.142 0.414 0.336
150.840 19 0.303 0.147 0.411 0.339
150.880 19 0.303 0.150 0.409 0.342
150.920 19 0.300 0.158 0.406 0.344
150.960 19 0.298 0.161 0.405 0.350
151.000 19 0.291 0.150 0.408 0.358
151.040 19 0.289 0.161 0.405 0.364
151.080 19 0.291 0.161 0.406 0.367
151.120 19 0.287 0.164 0.403 0.369
151.160 19 0.289 0.164 0.405 0.369
151.200 19 0.286 0.164 0.403 0.369
151.240 19 0.287 0.164 0.405 0.372
151.280 19 0.284 0.164 0.402 0.372
151.320 19 0.287 0.167 0.403 0.372
151.360 19 0.284 0.167 0.398 0.369
151.400 19 0.287 0.169 0.403 0.372
151.440 19 0.283 0.167 0.398 0.372
151.480 19 0.287 0.167 0.403 0.372
151.520 19 0.286 0.167 0.402 0.372
151.560 19 0.287 0.167 0.403 0.372
151.600 19 0.284 0.164 0.400 0.369
151.640 19 0.286 0.161 0.405 0.372
151.680 19 0.286 0.164 0.402 0.369
151.720 19 0.289 0.164 0.405 0.372
151.760 19 0.286 0.164 0.403 0.372
151.800 19 0.289 0.164 0.406 0.375
151.840 19 0.287 0.164 0.405 0.375
151.880 19 0.291 0.164 0.408 0.375
151.920 19 0.289 0.167 0.406 0.375
151.960 19 0.291 0.167 0.409 0.378
152.000 19 0.291 0.172 0.408 0.381
152.040 19 0.295 0.167 0.411 0.375
152.080 19 0.297 0.167 0.414 0.375
152.120 19 0.294 0.164 0.409 0.375
152.160 19 0.297 0.167 0.412 0.375
152.200 19 0.298 0.167 0.416 0.378
152.240 19 0.297 0.167 0.414 0.375
152.280 19 0.298 0.172 0.411 0.375
152.320 19 0.298 0.169 0.414 0.375
152.360 19 0.302 0.175 0.412 0.375
152.400 19 0.298 0.175 0.409 0.375
152.440 19 0.302 0.178 0.414 0.378
152.480 19 0.298 0.178 0.411 0.378
152.520 19 0.300 0.178 0.412 0.381
152.560 19 0.298 0.178 0.411 0.381
152.600 19 0.298 0.178 0.411 0.381
152.640 19 0.302 0.181 0.412 0.381
152.680 19 0.300 0.181 0.411 0.378
152.720 19 0.298 0.178 0.414 0.383
152.760 19 0.298 0.178 0.414 0.383
152.800 19 0.298 0.178 0.414 0.383
152.840 19 0.300 0.178 0.414 0.383
152.880 19 0.300 0.178 0.416 0.386
152.920 19 0.300 0.178 0.416 0.386
152.960 19 0.298 0.178 0.416 0.386
153.000 19 0.305 0.172 0.420 0.381
153.040 19 0.305 0.181 0.420 0.389
153.080 19 0.305 0.183 0.419 0.389
153.120 19 0.305 0.181 0.419 0.386
153.160 19 0.305 0.183 0.419 0.386
153.200 19 0.305 0.181 0.420 0.389
153.240 19 0.305 0.181 0.420 0.386
153.280 19 0.305 0.181 0.422 0.389
153.320 19 0.305 0.181 0.420 0.389
153.360 19 0.305 0.181 0.420 0.389
153.400 19 0.305 0.181 0.422 0.389
153.440 19 0.306 0.181 0.422 0.389
153.480 19 0.306 0.181 0.422 0.389
153.520 19 0.306 0.181 0.422 0.389
153.560 19 0.308 0.186 0.422 0.389
153.600 19 0.305 0.186 0.419 0.389
153.640 19 0.308 0.186 0.422 0.389
153.680 19 0.305 0.186 0.420 0.392
153.720 19 0.308 0.186 0.422 0.392
153.760 19 0.306 0.186 0.423 0.394
153.800 19 0.306 0.189 0.419 0.389
153.840 19 0.306 0.189 0.420 0.392
153.880 19 0.308 0.189 0.420 0.392
153.920 19 0.306 0.189 0.420 0.394
153.960 19 0.306 0.189 0.420 0.394
154.000 19 0.305 0.197 0.420 0.403
154.040 19 0.308 0.203 0.412 0.389
154.080 19 0.306 0.200 0.412 0.389
154.120 19 0.308 0.200 0.412 0.386
154.160 19 0.306 0.200 0.411 0.386
154.200 19 0.306 0.197 0.412 0.386
154.240 19 0.306 0.194 0.412 0.383
154.280 19 0.308 0.194 0.412 0.383
154.320 19 0.306 0.194 0.412 0.383
154.360 19 0.308 0.194 0.412 0.381
154.400 19 0.309 0.194 0.412 0.378
154.440 19 0.308 0.192 0.414 0.378
154.480 19 0.311 0.194 0.412 0.375
154.520 19 0.309 0.192 0.414 0.378
154.560 19 0.311 0.192 0.414 0.375
154.600 19 0.311 0.189 0.416 0.372
154.640 19 0.314 0.186 0.416 0.369
154.680 19 0.312 0.183 0.417 0.369
154.720 19 0.314 0.183 0.417 0.367
154.760 19 0.314 0.183 0.419 0.367
154.800 19 0.316 0.183 0.419 0.367
154.840 19 0.316 0.183 0.419 0.367
154.880 19 0.317 0.183 0.419 0.364
154.920 19 0.320 0.183 0.422 0.364
154.960 19 0.317 0.183 0.419 0.364
155.000 19 0.319 0.183 0.416 0.356
155.040 19 0.320 0.186 0.419 0.358
155.080 19 0.319 0.186 0.416 0.358
155.120 19 0.323 0.189 0.419 0.356
155.160 19 0.322 0.186 0.416 0.356
155.200 19 0.322 0.189 0.417 0.358
155.240 19 0.322 0.189 0.417 0.358
155.280 19 0.322 0.189 0.417 0.358
155.320 19 0.322 0.192 0.416 0.361
155.360 19 0.320 0.192 0.416 0.361
155.400 19 0.320 0.194 0.417 0.364
155.440 19 0.320 0.194 0.417 0.364
155.480 19 0.320 0.197 0.416 0.367
155.520 19 0.322 0.200 0.417 0.369
155.560 19 0.319 0.203 0.414 0.369
155.600 19 0.320 0.203 0.416 0.372
155.640 19 0.319 0.203 0.414 0.372
155.680 19 0.319 0.203 0.414 0.372
155.720 19 0.317 0.203 0.414 0.372
155.760 19 0.317 0.203 0.412 0.372
155.800 19 0.319 0.203 0.414 0.372
155.840 19 0.319 0.203 0.412 0.372
155.880 19 0.319 0.203 0.414 0.372
155.920 19 0.317 0.203 0.414 0.372
155.960 19 0.317 0.203 0.412 0.372
156.000 19 0.319 0.203 0.416 0.375
156.040 19 0.316 0.197 0.425 0.389
156.080 19 0.312 0.194 0.422 0.389
156.120 19 0.314 0.197 0.423 0.392
156.160 19 0.314 0.197 0.422 0.389
156.200 19 0.316 0.194 0.423 0.389
156.240 19 0.314 0.197 0.422 0.386
156.280 19 0.314 0.197 0.420 0.386
156.320 19 0.316 0.194 0.422 0.386
156.360 19 0.312 0.194 0.419 0.383
156.400 19 0.314 0.194 0.422 0.386
156.440 19 0.312 0.192 0.420 0.386
156.480 19 0.314 0.194 0.422 0.383
156.520 19 0.312 0.192 0.419 0.381
156.560 19 0.314 0.192 0.423 0.383
156.600 19 0.311 0.192 0.419 0.383
156.640 19 0.309 0.192 0.419 0.383
156.680 19 0.312 0.192 0.420 0.383
156.720 19 0.312 0.194 0.417 0.381
156.760 19 0.311 0.197 0.416 0.383
156.800 19 0.314 0.197 0.417 0.383
156.840 19 0.309 0.197 0.414 0.383
156.880 19 0.312 0.200 0.416 0.383
156.920 19 0.309 0.200 0.414 0.386
156.960 19 0.311 0.203 0.414 0.386
157.000 19 0.305 0.197 0.420 0.403
157.040 19 0.302 0.192 0.414 0.392
157.080 19 0.303 0.192 0.419 0.397
157.120 19 0.300 0.192 0.414 0.394
157.160 19 0.298 0.192 0.414 0.397
157.200 19 0.298 0.189 0.414 0.397
157.240 19 0.297 0.192 0.411 0.394
157.280 19 0.300 0.192 0.414 0.394
157.320 19 0.297 0.192 0.411 0.394
157.360 19 0.297 0.192 0.412 0.394
157.400 19 0.297 0.189 0.412 0.394
157.440 19 0.295 0.186 0.412 0.394
157.480 19 0.295 0.186 0.411 0.392
157.520 19 0.298 0.186 0.414 0.392
157.560 19 0.295 0.186 0.411 0.392
157.600 19 0.297 0.186 0.412 0.392
157.640 19 0.295 0.183 0.412 0.392
157.680 19 0.298 0.183 0.412 0.386
157.720 19 0.297 0.183 0.411 0.389
157.760 19 0.297 0.186 0.409 0.386
157.800 19 0.295 0.183 0.412 0.389
157.840 19 0.295 0.183 0.409 0.389
157.880 19 0.297 0.183 0.414 0.392
157.920 19 0.294 0.181 0.411 0.389
157.960 19 0.294 0.181 0.411 0.389
158.000 19 0.291 0.172 0.408 0.381
158.040 19 0.294 0.178 0.411 0.386
158.080 19 0.294 0.178 0.411 0.386
158.120 19 0.294 0.178 0.411 0.386
158.160 19 0.292 0.178 0.411 0.386
158.200 19 0.291 0.175 0.409 0.389
158.240 19 0.294 0.175 0.412 0.386
158.280 19 0.292 0.175 0.409 0.386
158.320 19 0.291 0.178 0.408 0.386
158.360 19 0.295 0.178 0.412 0.386
158.400 19 0.292 0.178 0.409 0.386
158.440 19 0.292 0.178 0.409 0.386
158.480 19 0.292 0.178 0.409 0.386
158.520 19 0.292 0.178 0.409 0.386
158.560 19 0.292 0.178 0.409 0.386
158.600 19 0.291 0.175 0.409 0.386
158.640 19 0.292 0.178 0.409 0.383
158.680 19 0.291 0.175 0.408 0.383
158.720 19 0.289 0.172 0.408 0.383
158.760 19 0.291 0.169 0.411 0.383
158.800 19 0.287 0.169 0.406 0.381
158.840 19 0.291 0.172 0.408 0.381
158.880 19 0.289 0.169 0.406 0.378
158.920 19 0.289 0.167 0.408 0.378
158.960 19 0.286 0.164 0.405 0.378
159.000 19 0.291 0.172 0.408 0.381
159.040 19 0.286 0.167 0.403 0.372
159.080 19 0.286 0.164 0.403 0.372
159.120 19 0.286 0.164 0.403 0.372
159.160 19 0.286 0.161 0.402 0.369
159.200 19 0.286 0.161 0.402 0.369
159.240 19 0.286 0.158 0.405 0.369
159.280 19 0.283 0.158 0.402 0.369
159.320 19 0.284 0.158 0.403 0.369
159.360 19 0.283 0.158 0.402 0.369
159.400 19 0.284 0.161 0.402 0.369
159.440 19 0.284 0.161 0.402 0.369
159.480 19 0.286 0.164 0.403 0.372
159.520 19 0.283 0.164 0.400 0.375
159.560 19 0.284 0.164 0.403 0.375
159.600 19 0.284 0.167 0.402 0.375
159.640 19 0.284 0.169 0.402 0.378
159.680 19 0.283 0.167 0.402 0.378
159.720 19 0.283 0.169 0.400 0.381
159.760 19 0.283 0.172 0.400 0.381
159.800 19 0.283 0.172 0.400 0.381
159.840 19 0.283 0.172 0.400 0.381
159.880 19 0.283 0.172 0.400 0.383
159.920 19 0.283 0.175 0.400 0.383
159.960 19 0.283 0.175 0.398 0.383
160.000 19 0.278 0.172 0.395 0.381
160.040 19 0.280 0.181 0.395 0.386
160.080 19 0.280 0.178 0.400 0.389
160.120 19 0.277 0.178 0.394 0.386
160.160 19 0.281 0.181 0.398 0.386
160.200 19 0.278 0.181 0.395 0.386
160.240 19 0.281 0.181 0.397 0.383
160.280 19 0.281 0.181 0.394 0.381
160.320 19 0.278 0.178 0.395 0.383
160.360 19 0.280 0.178 0.395 0.383
160.400 19 0.283 0.181 0.397 0.381
160.440 19 0.281 0.181 0.395 0.383
160.480 19 0.281 0.181 0.398 0.386
160.520 19 0.281 0.181 0.397 0.386
160.560 19 0.281 0.181 0.397 0.386
160.600 19 0.281 0.183 0.397 0.389
160.640 19 0.281 0.183 0.398 0.389
160.680 19 0.283 0.186 0.398 0.392
160.720 19 0.283 0.186 0.398 0.392
160.760 19 0.283 0.189 0.400 0.394
160.800 19 0.284 0.189 0.400 0.394
160.840 19 0.284 0.186 0.405 0.397
160.880 19 0.283 0.186 0.403 0.397
160.920 19 0.286 0.189 0.403 0.397
160.960 19 0.287 0.192 0.405 0.397
161.000 19 0.291 0.197 0.408 0.403
161.040 19 0.292 0.200 0.409 0.406
161.080 19 0.292 0.200 0.411 0.408
161.120 19 0.294 0.203 0.411 0.408
161.160 19 0.298 0.206 0.412 0.403
161.200 19 0.295 0.203 0.411 0.406
161.240 19 0.297 0.203 0.412 0.408
161.280 19 0.295 0.206 0.408 0.403
161.320 19 0.298 0.203 0.412 0.403
161.360 19 0.297 0.203 0.414 0.408
161.400 19 0.297 0.200 0.414 0.408
161.440 19 0.297 0.200 0.416 0.408
161.480 19 0.298 0.197 0.420 0.411
161.520 19 0.297 0.200 0.416 0.408
161.560 19 0.297 0.200 0.416 0.408
161.600 19 0.297 0.203 0.416 0.408
161.640 19 0.294 0.203 0.412 0.408
161.680 19 0.297 0.203 0.416 0.408
161.720 19 0.294 0.203 0.411 0.411
161.760 19 0.298 0.203 0.419 0.414
161.800 19 0.294 0.203 0.409 0.408
161.840 19 0.300 0.208 0.414 0.408
161.880 19 0.294 0.208 0.408 0.408
161.920 19 0.302 0.211 0.412 0.408
161.960 19 0.295 0.211 0.408 0.408
163.880 20 0.384 0.197 0.442 0.300
163.920 20 0.383 0.197 0.441 0.303
163.960 20 0.383 0.197 0.442 0.303
164.000 20 0.383 0.206 0.439 0.306
164.040 20 0.383 0.208 0.438 0.308
164.080 20 0.381 0.211 0.438 0.311
164.120 20 0.386 0.214 0.441 0.311
164.160 20 0.384 0.211 0.441 0.311
164.200 20 0.388 0.211 0.442 0.311
164.240 20 0.389 0.211 0.444 0.308
164.280 20 0.391 0.211 0.445 0.308
164.320 20 0.391 0.211 0.445 0.308
164.360 20 0.395 0.211 0.450 0.308
164.400 20 0.397 0.211 0.452 0.308
164.440 20 0.398 0.211 0.453 0.308
164.480 20 0.402 0.214 0.455 0.308
164.520 20 0.402 0.214 0.455 0.308
164.560 20 0.403 0.214 0.456 0.308
164.600 20 0.405 0.211 0.459 0.308
164.640 20 0.405 0.211 0.458 0.306
164.680 20 0.406 0.206 0.461 0.303
164.720 20 0.408 0.203 0.463 0.300
164.760 20 0.411 0.200 0.466 0.297
164.800 20 0.414 0.200 0.469 0.294
164.840 20 0.417 0.200 0.470 0.294
164.880 20 0.419 0.197 0.472 0.292
164.920 20 0.417 0.197 0.470 0.292
164.960 20 0.420 0.194 0.473 0.289
165.000 20 0.420 0.194 0.473 0.289
165.040 20 0.419 0.194 0.472 0.289
165.080 20 0.420 0.194 0.473 0.289
165.120 20 0.420 0.194 0.473 0.286
165.160 20 0.420 0.192 0.472 0.286
165.200 20 0.420 0.192 0.472 0.286
165.240 20 0.420 0.192 0.472 0.283
165.280 20 0.419 0.192 0.472 0.283
165.320 20 0.419 0.192 0.470 0.283
165.360 20 0.417 0.189 0.469 0.283
165.400 20 0.417 0.189 0.470 0.283
165.440 20 0.417 0.189 0.470 0.283
165.480 20 0.417 0.189 0.469 0.283
165.520 20 0.417 0.189 0.469 0.283
165.560 20 0.416 0.192 0.467 0.283
165.600 20 0.417 0.192 0.469 0.283
165.640 20 0.416 0.192 0.467 0.283
165.680 20 0.417 0.192 0.470 0.283
165.720 20 0.416 0.192 0.467 0.283
165.760 20 0.417 0.192 0.469 0.283
165.800 20 0.416 0.192 0.467 0.283
165.840 20 0.416 0.192 0.467 0.283
165.880 20 0.416 0.192 0.467 0.283
165.920 20 0.416 0.192 0.467 0.283
165.960 20 0.416 0.192 0.466 0.283
166.000 20 0.414 0.192 0.466 0.283
166.040 20 0.414 0.194 0.466 0.283
166.080 20 0.416 0.194 0.467 0.283
166.120 20 0.412 0.192 0.464 0.283
166.160 20 0.414 0.194 0.466 0.283
166.200 20 0.416 0.194 0.467 0.283
166.240 20 0.416 0.192 0.466 0.283
166.280 20 0.417 0.192 0.469 0.283
166.320 20 0.416 0.192 0.467 0.283
166.360 20 0.417 0.192 0.469 0.283
166.400 20 0.419 0.192 0.470 0.283
166.440 20 0.420 0.192 0.472 0.281
166.480 20 0.422 0.189 0.473 0.281
166.520 20 0.423 0.189 0.475 0.278
166.560 20 0.425 0.189 0.477 0.281
166.600 20 0.427 0.189 0.477 0.281
166.640 20 0.428 0.192 0.478 0.283
166.680 20 0.430 0.197 0.480 0.286
166.720 20 0.434 0.203 0.484 0.292
166.760 20 0.436 0.206 0.486 0.297
166.800 20 0.438 0.206 0.489 0.294
166.840 20 0.439 0.203 0.491 0.292
166.880 20 0.442 0.200 0.492 0.289
166.920 20 0.444 0.197 0.494 0.286
166.960 20 0.445 0.197 0.497 0.289
167.000 20 0.447 0.197 0.497 0.289
167.040 20 0.447 0.200 0.498 0.292
167.080 20 0.450 0.200 0.502 0.292
167.120 20 0.452 0.200 0.503 0.292
167.160 20 0.453 0.192 0.505 0.283
167.200 20 0.453 0.192 0.503 0.283
167.240 20 0.453 0.192 0.505 0.283
167.280 20 0.456 0.194 0.508 0.283
167.320 20 0.455 0.194 0.506 0.286
167.360 20 0.456 0.194 0.508 0.286
167.400 20 0.459 0.189 0.511 0.281
167.440 20 0.461 0.189 0.512 0.281
167.480 20 0.461 0.189 0.512 0.281
167.520 20 0.463 0.189 0.514 0.281
167.560 20 0.464 0.189 0.516 0.281
167.600 20 0.464 0.189 0.517 0.281
167.640 20 0.467 0.192 0.519 0.283
167.680 20 0.469 0.189 0.522 0.283
167.720 20 0.469 0.189 0.522 0.283
167.760 20 0.472 0.189 0.523 0.283
167.800 20 0.473 0.192 0.525 0.283
167.840 20 0.475 0.194 0.527 0.286
167.880 20 0.477 0.194 0.530 0.289
167.920 20 0.480 0.200 0.531 0.292
167.960 20 0.480 0.203 0.533 0.297
168.000 20 0.483 0.211 0.534 0.303
168.040 20 0.484 0.214 0.536 0.306
168.080 20 0.486 0.214 0.537 0.306
168.120 20 0.486 0.214 0.537 0.306
168.160 20 0.484 0.214 0.536 0.308
168.200 20 0.481 0.214 0.533 0.308
168.320 20 0.481 0.228 0.534 0.322
168.360 20 0.480 0.228 0.533 0.325
168.400 20 0.478 0.231 0.531 0.325
168.440 20 0.478 0.231 0.531 0.328
168.480 20 0.477 0.231 0.530 0.328
168.520 20 0.477 0.231 0.531 0.328
168.560 20 0.475 0.233 0.530 0.328
168.600 20 0.477 0.233 0.530 0.331
168.640 20 0.475 0.236 0.528 0.331
168.680 20 0.475 0.236 0.530 0.331
168.720 20 0.473 0.236 0.527 0.333
168.760 20 0.473 0.239 0.528 0.333
168.800 20 0.472 0.239 0.525 0.333
168.840 20 0.470 0.239 0.523 0.333
168.880 20 0.467 0.239 0.520 0.333
168.920 20 0.464 0.239 0.517 0.333
168.960 20 0.463 0.239 0.516 0.333
169.000 20 0.461 0.239 0.514 0.333
169.040 20 0.458 0.239 0.511 0.333
169.080 20 0.456 0.239 0.509 0.333
169.120 20 0.455 0.239 0.508 0.333
169.160 20 0.453 0.239 0.506 0.333
169.200 20 0.453 0.239 0.506 0.333
169.240 20 0.452 0.239 0.505 0.333
169.280 20 0.452 0.239 0.505 0.333
169.320 20 0.452 0.239 0.505 0.333
169.360 20 0.452 0.239 0.505 0.336
169.400 20 0.455 0.242 0.508 0.336
169.440 20 0.455 0.242 0.509 0.336
169.480 20 0.458 0.242 0.512 0.336
169.520 20 0.459 0.242 0.512 0.339
169.560 20 0.463 0.244 0.516 0.339
169.600 20 0.461 0.244 0.514 0.339
169.640 20 0.463 0.244 0.517 0.342
169.680 20 0.464 0.244 0.517 0.342
169.720 20 0.466 0.244 0.519 0.342
169.760 20 0.466 0.244 0.519 0.342
169.800 20 0.464 0.244 0.519 0.342
169.840 20 0.467 0.244 0.522 0.342
169.880 20 0.464 0.244 0.519 0.342
169.920 20 0.466 0.244 0.520 0.342
169.960 20 0.466 0.244 0.520 0.342
170.000 20 0.467 0.242 0.522 0.339
170.040 20 0.464 0.239 0.519 0.339
170.080 20 0.464 0.239 0.519 0.336
170.120 20 0.461 0.239 0.516 0.336
170.160 20 0.459 0.239 0.516 0.336
170.200 20 0.456 0.236 0.512 0.333
170.240 20 0.453 0.233 0.509 0.333
170.280 20 0.450 0.233 0.505 0.331
170.320 20 0.445 0.231 0.500 0.328
170.360 20 0.439 0.228 0.495 0.328
170.400 20 0.434 0.228 0.489 0.325
170.440 20 0.428 0.225 0.484 0.325
170.480 20 0.423 0.228 0.478 0.325
170.520 20 0.417 0.225 0.473 0.325
170.560 20 0.411 0.222 0.466 0.322
170.600 20 0.403 0.225 0.459 0.322
170.640 20 0.395 0.222 0.452 0.322
170.680 20 0.388 0.222 0.444 0.319
170.720 20 0.380 0.219 0.434 0.319
170.760 20 0.370 0.219 0.427 0.319
170.800 20 0.364 0.219 0.419 0.317
170.840 20 0.356 0.217 0.412 0.317
170.880 20 0.350 0.219 0.406 0.317
170.920 20 0.344 0.217 0.400 0.317
170.960 20 0.339 0.219 0.394 0.317
171.000 20 0.333 0.217 0.389 0.317
171.040 20 0.327 0.214 0.384 0.317
171.080 20 0.323 0.217 0.380 0.317
171.120 20 0.319 0.219 0.373 0.317
171.160 20 0.314 0.217 0.370 0.317
171.200 20 0.309 0.219 0.366 0.317
171.240 20 0.308 0.217 0.362 0.314
171.280 20 0.303 0.217 0.359 0.314
171.320 20 0.303 0.217 0.361 0.317
171.360 20 0.302 0.214 0.359 0.317
171.400 20 0.303 0.214 0.359 0.317
171.440 20 0.305 0.214 0.362 0.317
171.480 20 0.306 0.214 0.364 0.317
171.520 20 0.306 0.217 0.364 0.317
171.560 20 0.309 0.214 0.367 0.317
171.600 20 0.311 0.214 0.369 0.317
171.640 20 0.314 0.214 0.373 0.317
171.680 20 0.317 0.214 0.377 0.317
171.720 20 0.322 0.211 0.378 0.314
171.760 20 0.327 0.211 0.384 0.314
171.800 20 0.336 0.206 0.394 0.308
164.280 21 0.606 0.292 0.658 0.383
164.320 21 0.605 0.286 0.658 0.381
164.360 21 0.605 0.283 0.658 0.378
164.400 21 0.605 0.278 0.658 0.372
164.440 21 0.603 0.275 0.656 0.369
164.480 21 0.605 0.272 0.658 0.367
164.520 21 0.602 0.269 0.655 0.364
164.560 21 0.603 0.264 0.658 0.358
164.600 21 0.603 0.261 0.656 0.358
164.640 21 0.605 0.258 0.659 0.356
164.680 21 0.606 0.256 0.661 0.353
164.720 21 0.606 0.253 0.661 0.350
164.760 21 0.608 0.253 0.662 0.347
164.800 21 0.611 0.250 0.664 0.347
164.840 21 0.613 0.247 0.667 0.344
164.880 21 0.611 0.244 0.667 0.344
164.920 21 0.613 0.242 0.669 0.342
164.960 21 0.613 0.242 0.669 0.342
165.000 21 0.614 0.239 0.670 0.339
165.040 21 0.617 0.239 0.673 0.342
165.080 21 0.617 0.236 0.675 0.339
165.120 21 0.617 0.233 0.675 0.336
165.160 21 0.619 0.233 0.678 0.336
165.200 21 0.620 0.233 0.680 0.336
165.240 21 0.623 0.231 0.681 0.336
165.280 21 0.625 0.228 0.684 0.333
165.320 21 0.625 0.228 0.684 0.333
165.360 21 0.628 0.228 0.688 0.333
165.400 21 0.628 0.228 0.688 0.333
165.440 21 0.630 0.228 0.689 0.333
165.480 21 0.633 0.228 0.691 0.331
165.520 21 0.631 0.225 0.691 0.331
165.560 21 0.634 0.228 0.692 0.331
165.600 21 0.636 0.225 0.694 0.331
165.640 21 0.634 0.225 0.692 0.328
165.680 21 0.636 0.225 0.694 0.328
165.720 21 0.639 0.225 0.697 0.328
165.760 21 0.639 0.225 0.697 0.328
165.800 21 0.642 0.225 0.698 0.328
165.840 21 0.641 0.225 0.698 0.328
165.880 21 0.642 0.225 0.700 0.328
165.920 21 0.642 0.225 0.700 0.328
165.960 21 0.642 0.225 0.700 0.328
166.000 21 0.645 0.228 0.702 0.328
166.040 21 0.648 0.228 0.705 0.328
166.080 21 0.653 0.228 0.708 0.325
166.120 21 0.653 0.231 0.709 0.331
166.160 21 0.656 0.231 0.713 0.331
166.200 21 0.661 0.231 0.716 0.331
166.240 21 0.664 0.228 0.720 0.328
166.280 21 0.666 0.231 0.722 0.331
166.320 21 0.666 0.231 0.722 0.328
166.360 21 0.666 0.231 0.722 0.331
166.400 21 0.667 0.231 0.723 0.331
166.440 21 0.667 0.231 0.722 0.331
166.480 21 0.667 0.231 0.723 0.331
166.520 21 0.667 0.231 0.723 0.331
166.560 21 0.667 0.231 0.723 0.331
166.600 21 0.667 0.231 0.723 0.331
166.640 21 0.669 0.231 0.725 0.328
166.680 21 0.669 0.231 0.723 0.328
166.720 21 0.669 0.231 0.725 0.328
166.760 21 0.669 0.228 0.725 0.328
166.800 21 0.670 0.228 0.725 0.328
166.840 21 0.670 0.228 0.725 0.328
166.880 21 0.669 0.228 0.725 0.325
166.920 21 0.669 0.228 0.725 0.325
166.960 21 0.667 0.225 0.723 0.325
167.000 21 0.664 0.228 0.720 0.328
167.040 21 0.662 0.228 0.717 0.325
167.080 21 0.658 0.228 0.714 0.325
167.120 21 0.655 0.228 0.711 0.328
167.160 21 0.652 0.225 0.708 0.328
167.200 21 0.650 0.225 0.705 0.325
167.240 21 0.648 0.225 0.705 0.325
167.280 21 0.648 0.222 0.705 0.322
167.320 21 0.648 0.222 0.705 0.322
167.360 21 0.648 0.219 0.705 0.322
167.400 21 0.650 0.219 0.706 0.319
167.440 21 0.648 0.219 0.705 0.317
167.480 21 0.648 0.217 0.705 0.317
167.520 21 0.647 0.217 0.703 0.317
167.560 21 0.648 0.217 0.705 0.317
167.600 21 0.648 0.217 0.705 0.317
167.640 21 0.647 0.217 0.705 0.317
167.680 21 0.650 0.217 0.706 0.317
167.720 21 0.648 0.217 0.705 0.317
167.760 21 0.650 0.217 0.706 0.317
167.800 21 0.648 0.217 0.705 0.317
167.840 21 0.650 0.217 0.706 0.317
167.880 21 0.650 0.217 0.706 0.317
167.920 21 0.652 0.214 0.708 0.317
167.960 21 0.650 0.217 0.708 0.317
168.000 21 0.652 0.217 0.708 0.317
168.040 21 0.652 0.217 0.708 0.319
168.080 21 0.652 0.219 0.708 0.319
168.120 21 0.652 0.219 0.708 0.319
168.160 21 0.653 0.219 0.709 0.319
168.200 21 0.653 0.219 0.711 0.319
168.240 21 0.653 0.219 0.709 0.319
168.280 21 0.655 0.219 0.711 0.319
168.320 21 0.655 0.222 0.711 0.322
168.360 21 0.656 0.222 0.713 0.322
168.400 21 0.656 0.222 0.711 0.319
168.440 21 0.658 0.222 0.714 0.322
168.480 21 0.656 0.222 0.713 0.322
168.520 21 0.659 0.222 0.716 0.322
168.560 21 0.659 0.222 0.716 0.322
168.600 21 0.659 0.222 0.716 0.325
168.640 21 0.659 0.222 0.716 0.325
168.680 21 0.662 0.222 0.719 0.325
168.720 21 0.661 0.222 0.719 0.325
168.760 21 0.664 0.222 0.722 0.325
168.800 21 0.664 0.225 0.723 0.328
168.840 21 0.669 0.225 0.725 0.325
168.880 21 0.669 0.225 0.725 0.325
168.920 21 0.672 0.225 0.728 0.328
168.960 21 0.675 0.228 0.730 0.325
169.000 21 0.677 0.228 0.733 0.328
169.040 21 0.680 0.222 0.734 0.322
169.080 21 0.683 0.222 0.738 0.322
169.120 21 0.686 0.225 0.741 0.322
169.160 21 0.689 0.228 0.744 0.325
169.200 21 0.691 0.228 0.745 0.325
169.240 21 0.694 0.231 0.750 0.328
169.280 21 0.695 0.231 0.752 0.328
169.320 21 0.697 0.233 0.753 0.331
169.360 21 0.698 0.233 0.755 0.333
169.400 21 0.700 0.233 0.755 0.333
169.440 21 0.698 0.233 0.755 0.333
169.480 21 0.698 0.236 0.755 0.336
169.520 21 0.697 0.239 0.753 0.339
169.560 21 0.694 0.239 0.750 0.342
169.600 21 0.691 0.239 0.748 0.342
169.640 21 0.688 0.239 0.745 0.342
169.680 21 0.684 0.242 0.742 0.342
169.720 21 0.681 0.242 0.739 0.342
169.760 21 0.678 0.239 0.736 0.342
169.800 21 0.675 0.239 0.733 0.342
169.840 21 0.672 0.239 0.730 0.342
169.880 21 0.669 0.242 0.727 0.344
169.920 21 0.669 0.236 0.725 0.336
169.960 21 0.667 0.239 0.723 0.339
170.000 21 0.664 0.239 0.720 0.339
170.040 21 0.662 0.236 0.723 0.344
170.080 21 0.662 0.236 0.723 0.344
170.120 21 0.661 0.236 0.723 0.344
170.160 21 0.661 0.233 0.722 0.344
170.200 21 0.662 0.233 0.723 0.344
170.240 21 0.662 0.233 0.725 0.344
170.280 21 0.664 0.236 0.727 0.344
170.320 21 0.669 0.239 0.730 0.347
170.360 21 0.672 0.239 0.734 0.350
170.400 21 0.677 0.239 0.739 0.350
170.440 21 0.681 0.239 0.744 0.350
170.480 21 0.688 0.239 0.750 0.350
170.520 21 0.694 0.242 0.756 0.353
170.560 21 0.700 0.242 0.764 0.356
170.600 21 0.706 0.244 0.770 0.358
170.640 21 0.714 0.244 0.777 0.356
170.680 21 0.722 0.244 0.786 0.356
170.720 21 0.730 0.242 0.794 0.356
170.760 21 0.738 0.239 0.802 0.353
170.800 21 0.747 0.236 0.811 0.353
170.840 21 0.756 0.236 0.820 0.350
170.880 21 0.767 0.233 0.830 0.347
170.920 21 0.775 0.233 0.838 0.344
170.960 21 0.783 0.233 0.847 0.347
171.000 21 0.791 0.233 0.858 0.353
171.040 21 0.789 0.225 0.866 0.361
171.080 21 0.795 0.225 0.872 0.361
171.120 21 0.802 0.222 0.877 0.358
171.160 21 0.805 0.225 0.880 0.356
171.200 21 0.809 0.222 0.884 0.356
171.240 21 0.812 0.222 0.889 0.358
171.280 21 0.812 0.219 0.889 0.356
171.320 21 0.816 0.219 0.894 0.358
171.360 21 0.817 0.219 0.895 0.358
171.400 21 0.819 0.219 0.897 0.358
171.440 21 0.820 0.219 0.898 0.358
171.480 21 0.825 0.219 0.902 0.356
171.520 21 0.827 0.217 0.905 0.356
171.560 21 0.828 0.214 0.906 0.353
171.600 21 0.831 0.214 0.909 0.350
171.640 21 0.834 0.211 0.912 0.347
171.680 21 0.836 0.208 0.914 0.347
171.720 21 0.839 0.206 0.919 0.347
171.760 21 0.844 0.206 0.922 0.344
171.800 21 0.848 0.206 0.927 0.342
171.840 21 0.853 0.206 0.931 0.342
171.880 21 0.858 0.206 0.936 0.344
171.920 21 0.863 0.203 0.941 0.342
171.960 21 0.866 0.203 0.945 0.344
172.000 21 0.867 0.200 0.948 0.344
172.040 21 0.872 0.203 0.952 0.344
172.080 21 0.877 0.200 0.958 0.344
172.120 21 0.878 0.197 0.961 0.342
172.160 21 0.887 0.203 0.964 0.336
172.200 21 0.887 0.203 0.967 0.342
172.240 21 0.892 0.200 0.972 0.342
172.280 21 0.898 0.200 0.977 0.339
172.320 21 0.902 0.203 0.978 0.342
172.360 21 0.905 0.203 0.983 0.342
172.400 21 0.909 0.203 0.988 0.342
172.440 21 0.914 0.203 0.992 0.342
172.480 21 0.919 0.203 0.995 0.342
172.520 21 0.922 0.203 1.000 0.342
172.560 21 0.927 0.206 1.005 0.344
172.600 21 0.930 0.200 1.008 0.339
172.640 21 0.931 0.200 1.009 0.339
172.680 21 0.936 0.197 1.014 0.336
