5.920 0 0.352 0.125 0.505 0.400
5.960 0 0.353 0.114 0.505 0.386
6.000 0 0.356 0.108 0.505 0.375
6.040 0 0.355 0.106 0.500 0.364
6.080 0 0.356 0.100 0.500 0.358
6.120 0 0.361 0.097 0.503 0.356
6.160 0 0.359 0.094 0.505 0.356
6.200 0 0.358 0.092 0.505 0.356
6.240 0 0.358 0.089 0.506 0.356
6.280 0 0.356 0.086 0.506 0.356
6.320 0 0.355 0.083 0.506 0.358
6.360 0 0.356 0.083 0.509 0.358
6.400 0 0.353 0.086 0.502 0.356
6.440 0 0.361 0.089 0.508 0.353
6.480 0 0.358 0.094 0.503 0.353
6.520 0 0.359 0.094 0.506 0.356
6.560 0 0.356 0.097 0.500 0.356
6.600 0 0.356 0.097 0.500 0.356
6.640 0 0.353 0.092 0.498 0.356
6.680 0 0.358 0.097 0.500 0.350
6.720 0 0.358 0.094 0.503 0.356
6.760 0 0.353 0.092 0.498 0.356
6.800 0 0.359 0.094 0.502 0.350
6.840 0 0.356 0.089 0.502 0.353
6.880 0 0.362 0.094 0.505 0.347
6.920 0 0.364 0.094 0.503 0.347
6.960 0 0.366 0.097 0.505 0.347
7.000 0 0.366 0.097 0.505 0.347
7.040 0 0.364 0.094 0.503 0.344
7.080 0 0.364 0.097 0.503 0.347
7.120 0 0.364 0.100 0.502 0.347
7.160 0 0.364 0.103 0.503 0.353
7.200 0 0.366 0.106 0.503 0.356
7.240 0 0.364 0.108 0.502 0.358
7.280 0 0.364 0.111 0.502 0.358
7.320 0 0.364 0.111 0.503 0.361
7.360 0 0.367 0.111 0.506 0.361
7.400 0 0.364 0.108 0.506 0.364
7.440 0 0.366 0.111 0.506 0.364
7.480 0 0.364 0.111 0.506 0.367
7.520 0 0.369 0.111 0.511 0.367
7.560 0 0.369 0.111 0.511 0.367
7.600 0 0.370 0.111 0.512 0.367
7.640 0 0.370 0.111 0.516 0.372
7.680 0 0.369 0.114 0.512 0.372
7.720 0 0.372 0.114 0.516 0.372
7.760 0 0.369 0.117 0.511 0.372
7.800 0 0.370 0.117 0.516 0.378
7.840 0 0.369 0.119 0.511 0.375
7.880 0 0.370 0.122 0.511 0.375
7.920 0 0.370 0.122 0.511 0.375
7.960 0 0.370 0.125 0.509 0.375
8.000 0 0.366 0.125 0.505 0.375
8.040 0 0.364 0.133 0.498 0.372
8.080 0 0.372 0.136 0.505 0.372
12.560 1 0.831 0.147 0.889 0.250
12.600 1 0.830 0.150 0.886 0.250
12.640 1 0.830 0.150 0.886 0.253
12.680 1 0.827 0.153 0.883 0.253
12.720 1 0.825 0.156 0.878 0.253
12.760 1 0.822 0.156 0.877 0.253
12.800 1 0.820 0.156 0.875 0.253
12.840 1 0.819 0.156 0.873 0.253
12.880 1 0.817 0.156 0.872 0.253
12.920 1 0.816 0.153 0.872 0.253
12.960 1 0.816 0.153 0.870 0.250
13.000 1 0.814 0.150 0.870 0.250
13.040 1 0.814 0.150 0.869 0.247
13.080 1 0.816 0.147 0.870 0.244
13.120 1 0.814 0.144 0.869 0.244
13.160 1 0.814 0.142 0.870 0.242
13.200 1 0.814 0.139 0.869 0.239
13.240 1 0.812 0.139 0.869 0.239
13.280 1 0.812 0.136 0.869 0.236
13.320 1 0.812 0.133 0.869 0.233
13.360 1 0.812 0.133 0.869 0.231
13.400 1 0.811 0.131 0.866 0.228
13.440 1 0.811 0.131 0.867 0.228
13.480 1 0.809 0.128 0.866 0.228
13.520 1 0.811 0.128 0.866 0.228
13.560 1 0.808 0.128 0.864 0.225
13.600 1 0.809 0.128 0.864 0.225
13.640 1 0.806 0.125 0.863 0.225
13.680 1 0.806 0.125 0.863 0.225
13.720 1 0.806 0.125 0.863 0.225
13.760 1 0.803 0.125 0.859 0.225
13.800 1 0.803 0.125 0.859 0.225
13.840 1 0.800 0.122 0.856 0.225
13.880 1 0.798 0.125 0.855 0.225
13.920 1 0.797 0.125 0.853 0.222
13.960 1 0.794 0.122 0.850 0.222
14.000 1 0.795 0.125 0.850 0.222
14.040 1 0.792 0.125 0.848 0.222
14.080 1 0.791 0.128 0.847 0.225
14.120 1 0.789 0.128 0.844 0.225
14.160 1 0.787 0.128 0.842 0.225
14.200 1 0.786 0.128 0.841 0.225
14.240 1 0.783 0.128 0.838 0.225
14.280 1 0.781 0.128 0.838 0.225
14.320 1 0.778 0.125 0.834 0.225
14.360 1 0.778 0.128 0.833 0.225
14.400 1 0.775 0.125 0.831 0.222
14.440 1 0.772 0.122 0.828 0.222
14.480 1 0.770 0.122 0.828 0.222
14.520 1 0.767 0.122 0.825 0.222
14.560 1 0.764 0.119 0.822 0.222
14.600 1 0.759 0.119 0.817 0.222
14.640 1 0.755 0.119 0.814 0.222
14.680 1 0.753 0.117 0.809 0.219
14.720 1 0.750 0.119 0.806 0.222
14.760 1 0.745 0.117 0.802 0.219
14.800 1 0.742 0.117 0.798 0.217
14.840 1 0.738 0.117 0.794 0.217
14.880 1 0.733 0.117 0.791 0.219
14.920 1 0.730 0.117 0.786 0.217
14.960 1 0.725 0.117 0.781 0.217
15.000 1 0.720 0.117 0.777 0.217
15.040 1 0.714 0.114 0.775 0.225
15.080 1 0.709 0.114 0.770 0.225
15.120 1 0.705 0.117 0.767 0.228
15.160 1 0.700 0.117 0.762 0.228
15.200 1 0.697 0.117 0.758 0.228
15.240 1 0.692 0.117 0.753 0.228
15.280 1 0.688 0.117 0.748 0.228
15.320 1 0.683 0.117 0.745 0.228
15.360 1 0.678 0.117 0.741 0.228
15.400 1 0.673 0.117 0.736 0.228
15.440 1 0.670 0.117 0.731 0.228
15.480 1 0.664 0.114 0.730 0.233
15.520 1 0.658 0.114 0.725 0.236
15.560 1 0.655 0.114 0.722 0.239
15.600 1 0.648 0.117 0.717 0.239
15.640 1 0.645 0.119 0.713 0.239
15.680 1 0.641 0.119 0.708 0.242
15.720 1 0.637 0.122 0.703 0.242
15.760 1 0.631 0.122 0.698 0.244
15.800 1 0.627 0.125 0.694 0.244
15.840 1 0.620 0.125 0.689 0.247
15.880 1 0.616 0.122 0.683 0.247
15.920 1 0.613 0.125 0.680 0.247
15.960 1 0.608 0.125 0.673 0.244
16.000 1 0.603 0.125 0.670 0.247
16.040 1 0.600 0.125 0.667 0.250
16.080 1 0.597 0.128 0.662 0.250
16.120 1 0.592 0.131 0.659 0.250
16.160 1 0.586 0.131 0.655 0.253
16.200 1 0.583 0.131 0.650 0.250
16.240 1 0.580 0.131 0.647 0.253
16.280 1 0.577 0.131 0.641 0.247
16.320 1 0.572 0.131 0.637 0.253
16.360 1 0.567 0.131 0.634 0.253
16.400 1 0.564 0.133 0.630 0.250
16.440 1 0.559 0.133 0.625 0.253
16.480 1 0.555 0.133 0.622 0.256
16.520 1 0.552 0.136 0.617 0.256
16.560 1 0.545 0.133 0.613 0.256
16.600 1 0.542 0.136 0.609 0.256
16.640 1 0.539 0.136 0.605 0.258
16.680 1 0.534 0.139 0.602 0.258
28.840 2 0.173 0.125 0.345 0.431
28.880 2 0.178 0.122 0.348 0.425
28.920 2 0.178 0.122 0.347 0.422
28.960 2 0.178 0.119 0.345 0.419
29.000 2 0.178 0.119 0.345 0.417
29.040 2 0.178 0.114 0.344 0.406
29.080 2 0.178 0.114 0.341 0.403
29.120 2 0.178 0.111 0.341 0.400
29.160 2 0.177 0.111 0.339 0.397
29.200 2 0.178 0.111 0.336 0.394
29.240 2 0.178 0.111 0.334 0.389
29.280 2 0.178 0.108 0.333 0.383
29.320 2 0.178 0.106 0.330 0.378
29.360 2 0.178 0.106 0.328 0.369
29.400 2 0.178 0.100 0.327 0.364
29.440 2 0.180 0.097 0.325 0.358
29.480 2 0.180 0.094 0.325 0.353
29.520 2 0.180 0.092 0.323 0.347
29.560 2 0.180 0.086 0.322 0.342
29.600 2 0.181 0.081 0.325 0.336
29.640 2 0.180 0.075 0.322 0.331
29.680 2 0.181 0.072 0.323 0.325
29.720 2 0.178 0.067 0.320 0.319
29.760 2 0.178 0.061 0.319 0.311
29.800 2 0.180 0.053 0.322 0.306
29.840 2 0.177 0.050 0.316 0.297
29.880 2 0.178 0.042 0.319 0.289
29.920 2 0.177 0.036 0.312 0.278
29.960 2 0.180 0.028 0.316 0.269
30.000 2 0.178 0.014 0.319 0.264
30.040 2 0.178 0.000 0.328 0.267
30.080 2 0.180 0.006 0.325 0.261
30.120 2 0.184 0.000 0.330 0.256
30.160 2 0.186 0.000 0.325 0.247
30.200 2 0.188 -0.006 0.331 0.247
30.240 2 0.188 -0.014 0.334 0.244
30.280 2 0.189 -0.014 0.330 0.236
30.320 2 0.192 -0.019 0.336 0.236
30.360 2 0.194 -0.028 0.339 0.231
30.400 2 0.195 -0.033 0.339 0.222
30.440 2 0.197 -0.039 0.341 0.217
30.480 2 0.198 -0.047 0.342 0.208
30.520 2 0.200 -0.053 0.344 0.203
30.560 2 0.203 -0.056 0.345 0.194
30.600 2 0.205 -0.061 0.345 0.189
30.640 2 0.205 -0.072 0.348 0.183
30.680 2 0.206 -0.075 0.345 0.175
30.720 2 0.208 -0.081 0.350 0.169
30.760 2 0.209 -0.086 0.348 0.164
30.800 2 0.212 -0.089 0.355 0.161
30.840 2 0.216 -0.094 0.355 0.156
30.880 2 0.211 -0.103 0.352 0.147
28.840 3 0.602 0.200 0.655 0.294
28.880 3 0.598 0.194 0.652 0.289
28.920 3 0.598 0.192 0.653 0.289
28.960 3 0.595 0.186 0.652 0.286
29.000 3 0.595 0.183 0.652 0.283
29.040 3 0.594 0.181 0.650 0.281
29.080 3 0.592 0.178 0.650 0.278
29.120 3 0.591 0.175 0.648 0.278
29.160 3 0.591 0.172 0.648 0.275
29.200 3 0.591 0.169 0.648 0.272
29.240 3 0.589 0.167 0.645 0.269
29.280 3 0.589 0.164 0.647 0.267
29.320 3 0.588 0.161 0.645 0.264
29.360 3 0.588 0.161 0.645 0.264
29.400 3 0.588 0.158 0.645 0.261
29.440 3 0.588 0.153 0.644 0.253
29.480 3 0.588 0.150 0.644 0.250
29.520 3 0.589 0.147 0.645 0.244
29.560 3 0.591 0.142 0.645 0.242
29.600 3 0.589 0.136 0.645 0.236
29.640 3 0.591 0.133 0.647 0.233
29.680 3 0.591 0.128 0.647 0.228
29.720 3 0.591 0.125 0.647 0.225
29.760 3 0.591 0.119 0.648 0.219
29.800 3 0.592 0.117 0.648 0.217
29.840 3 0.592 0.111 0.650 0.211
29.880 3 0.592 0.106 0.650 0.208
29.920 3 0.594 0.103 0.650 0.203
29.960 3 0.594 0.097 0.652 0.200
30.000 3 0.595 0.094 0.652 0.194
30.040 3 0.597 0.092 0.653 0.192
30.080 3 0.597 0.086 0.655 0.189
30.120 3 0.597 0.083 0.656 0.186
30.160 3 0.600 0.078 0.656 0.178
30.200 3 0.600 0.075 0.658 0.175
30.240 3 0.600 0.069 0.659 0.175
30.280 3 0.603 0.067 0.659 0.167
30.320 3 0.606 0.067 0.661 0.164
30.360 3 0.608 0.061 0.661 0.156
30.400 3 0.608 0.056 0.662 0.153
30.440 3 0.606 0.050 0.662 0.147
30.480 3 0.608 0.044 0.662 0.142
30.520 3 0.608 0.039 0.662 0.136
30.560 3 0.609 0.033 0.664 0.133
30.600 3 0.608 0.031 0.662 0.128
30.640 3 0.609 0.025 0.662 0.119
30.680 3 0.608 0.019 0.662 0.117
30.720 3 0.609 0.017 0.664 0.114
30.760 3 0.608 0.011 0.662 0.111
30.800 3 0.608 0.006 0.664 0.106
30.840 3 0.609 0.003 0.664 0.100
30.880 3 0.608 -0.003 0.664 0.097
30.920 3 0.608 -0.008 0.666 0.097
30.960 3 0.606 -0.011 0.664 0.092
31.000 3 0.606 -0.014 0.664 0.089
31.040 3 0.608 -0.017 0.666 0.086
31.080 3 0.608 -0.019 0.666 0.083
48.040 4 0.800 0.611 0.959 0.892
48.080 4 0.795 0.611 0.955 0.897
48.120 4 0.803 0.617 0.964 0.903
48.160 4 0.798 0.622 0.959 0.908
48.200 4 0.805 0.625 0.967 0.914
48.240 4 0.800 0.631 0.961 0.919
48.280 4 0.808 0.633 0.969 0.922
48.320 4 0.803 0.633 0.964 0.922
48.360 4 0.811 0.636 0.972 0.925
48.400 4 0.805 0.636 0.967 0.922
48.440 4 0.812 0.636 0.975 0.925
48.480 4 0.806 0.633 0.972 0.928
48.520 4 0.803 0.631 0.969 0.925
48.560 4 0.802 0.631 0.967 0.925
48.600 4 0.806 0.636 0.967 0.922
48.640 4 0.798 0.631 0.964 0.925
48.680 4 0.803 0.639 0.964 0.922
48.720 4 0.795 0.636 0.961 0.931
48.760 4 0.800 0.642 0.961 0.928
48.800 4 0.792 0.639 0.959 0.936
48.840 4 0.792 0.642 0.959 0.939
48.880 4 0.792 0.644 0.959 0.939
48.920 4 0.792 0.644 0.959 0.942
48.960 4 0.794 0.647 0.961 0.944
49.000 4 0.794 0.650 0.961 0.947
49.040 4 0.795 0.653 0.963 0.950
49.080 4 0.797 0.656 0.964 0.953
49.120 4 0.798 0.656 0.967 0.956
49.160 4 0.802 0.658 0.970 0.958
49.200 4 0.809 0.658 0.980 0.961
49.240 4 0.823 0.664 0.992 0.961
48.800 5 0.233 0.167 0.475 0.594
48.840 5 0.227 0.167 0.469 0.594
48.880 5 0.214 0.161 0.464 0.606
48.920 5 0.206 0.164 0.455 0.603
48.960 5 0.208 0.167 0.456 0.606
49.000 5 0.203 0.172 0.445 0.600
49.040 5 0.205 0.175 0.430 0.575
49.080 5 0.206 0.172 0.436 0.581
49.120 5 0.203 0.175 0.433 0.581
49.160 5 0.205 0.178 0.434 0.583
49.200 5 0.208 0.181 0.434 0.583
49.240 5 0.209 0.186 0.436 0.586
49.280 5 0.212 0.189 0.438 0.589
49.320 5 0.214 0.194 0.439 0.592
49.360 5 0.217 0.200 0.441 0.594
49.400 5 0.222 0.206 0.442 0.597
49.440 5 0.227 0.211 0.450 0.606
49.480 5 0.234 0.219 0.455 0.608
49.520 5 0.239 0.225 0.445 0.594
49.560 5 0.250 0.231 0.456 0.597
49.600 5 0.263 0.239 0.466 0.600
49.640 5 0.266 0.242 0.470 0.608
49.680 5 0.275 0.247 0.481 0.611
49.720 5 0.289 0.253 0.491 0.611
49.760 5 0.291 0.256 0.495 0.617
49.800 5 0.303 0.258 0.505 0.617
49.840 5 0.303 0.258 0.508 0.622
49.880 5 0.314 0.261 0.516 0.619
49.920 5 0.319 0.261 0.520 0.619
49.960 5 0.319 0.258 0.520 0.617
50.000 5 0.325 0.261 0.527 0.619
50.040 5 0.330 0.275 0.520 0.611
50.080 5 0.333 0.272 0.525 0.614
50.120 5 0.327 0.272 0.519 0.614
50.160 5 0.327 0.269 0.519 0.614
50.200 5 0.316 0.267 0.511 0.614
50.240 5 0.314 0.264 0.509 0.608
50.280 5 0.303 0.258 0.500 0.608
50.320 5 0.303 0.256 0.498 0.606
50.360 5 0.292 0.253 0.489 0.603
50.400 5 0.291 0.250 0.487 0.603
50.440 5 0.280 0.247 0.480 0.603
50.480 5 0.280 0.244 0.480 0.600
50.520 5 0.270 0.242 0.475 0.606
50.560 5 0.269 0.239 0.472 0.600
50.600 5 0.266 0.236 0.469 0.600
50.640 5 0.261 0.233 0.467 0.600
50.680 5 0.258 0.231 0.466 0.597
50.720 5 0.255 0.228 0.463 0.597
50.760 5 0.252 0.222 0.459 0.594
50.800 5 0.248 0.219 0.456 0.592
50.840 5 0.245 0.217 0.455 0.589
50.880 5 0.242 0.214 0.452 0.589
50.920 5 0.239 0.214 0.448 0.586
50.960 5 0.236 0.211 0.445 0.586
51.000 5 0.236 0.222 0.438 0.581
51.040 5 0.231 0.222 0.433 0.581
51.080 5 0.228 0.222 0.430 0.581
51.120 5 0.216 0.208 0.430 0.586
51.160 5 0.222 0.219 0.425 0.581
51.200 5 0.220 0.222 0.422 0.581
51.240 5 0.219 0.219 0.422 0.581
51.280 5 0.217 0.219 0.420 0.581
51.320 5 0.216 0.217 0.419 0.578
51.360 5 0.214 0.211 0.417 0.575
51.400 5 0.211 0.208 0.414 0.569
51.440 5 0.206 0.203 0.411 0.567
51.480 5 0.195 0.194 0.403 0.564
51.520 5 0.195 0.194 0.400 0.556
51.560 5 0.184 0.186 0.389 0.550
51.600 5 0.184 0.181 0.388 0.542
51.640 5 0.178 0.169 0.381 0.531
51.680 5 0.172 0.158 0.375 0.519
51.720 5 0.175 0.147 0.373 0.503
51.760 5 0.172 0.131 0.372 0.486
51.800 5 0.170 0.114 0.370 0.469
51.880 5 0.139 -0.019 0.386 0.467
51.920 5 0.134 -0.025 0.373 0.447
51.960 5 0.114 -0.050 0.356 0.428
52.000 5 0.095 -0.067 0.338 0.411
52.040 5 0.080 -0.078 0.316 0.389
52.080 5 0.053 -0.119 0.295 0.358
52.160 6 0.914 0.414 1.042 0.644
52.200 6 0.886 0.389 1.016 0.622
52.240 6 0.861 0.367 0.991 0.597
52.280 6 0.836 0.347 0.967 0.581
52.320 6 0.811 0.322 0.942 0.558
52.360 6 0.786 0.303 0.917 0.539
52.400 6 0.762 0.292 0.892 0.525
52.440 6 0.736 0.272 0.869 0.508
52.480 6 0.708 0.258 0.841 0.494
52.520 6 0.688 0.242 0.819 0.475
52.560 6 0.661 0.225 0.794 0.464
52.600 6 0.639 0.214 0.772 0.450
52.640 6 0.614 0.203 0.750 0.447
52.680 6 0.595 0.189 0.731 0.433
52.720 6 0.575 0.181 0.711 0.425
52.760 6 0.556 0.167 0.692 0.411
52.800 6 0.536 0.156 0.673 0.403
52.840 6 0.516 0.150 0.653 0.394
52.880 6 0.503 0.147 0.639 0.392
52.920 6 0.491 0.147 0.630 0.397
52.960 6 0.483 0.150 0.622 0.400
53.000 6 0.475 0.153 0.614 0.403
53.040 6 0.466 0.144 0.613 0.406
53.080 6 0.461 0.147 0.605 0.403
53.120 6 0.456 0.147 0.600 0.406
53.160 6 0.453 0.150 0.597 0.408
53.200 6 0.448 0.153 0.592 0.411
53.240 6 0.445 0.153 0.589 0.411
53.280 6 0.439 0.156 0.583 0.411
53.320 6 0.438 0.153 0.583 0.411
53.360 6 0.433 0.150 0.577 0.408
53.400 6 0.433 0.147 0.578 0.408
53.440 6 0.428 0.147 0.573 0.406
53.480 6 0.434 0.147 0.578 0.406
53.520 6 0.433 0.147 0.577 0.406
53.560 6 0.433 0.147 0.577 0.403
53.600 6 0.431 0.144 0.573 0.403
53.640 6 0.431 0.144 0.575 0.403
53.680 6 0.427 0.144 0.570 0.403
53.720 6 0.428 0.147 0.572 0.403
53.760 6 0.423 0.147 0.567 0.403
53.800 6 0.422 0.150 0.564 0.406
53.840 6 0.417 0.150 0.561 0.408
53.880 6 0.412 0.153 0.556 0.411
53.920 6 0.414 0.153 0.558 0.411
53.960 6 0.411 0.156 0.553 0.411
54.000 6 0.412 0.153 0.552 0.403
54.040 6 0.412 0.156 0.552 0.403
54.080 6 0.414 0.156 0.552 0.406
54.120 6 0.414 0.158 0.553 0.408
54.160 6 0.417 0.161 0.555 0.408
54.200 6 0.419 0.164 0.555 0.411
54.240 6 0.420 0.167 0.558 0.414
54.280 6 0.420 0.169 0.559 0.417
54.320 6 0.422 0.172 0.559 0.419
54.360 6 0.423 0.175 0.559 0.419
54.400 6 0.423 0.178 0.559 0.422
54.440 6 0.423 0.181 0.561 0.428
54.480 6 0.423 0.183 0.561 0.431
54.520 6 0.423 0.186 0.561 0.436
54.560 6 0.423 0.189 0.562 0.439
54.680 7 0.334 0.211 0.584 0.661
54.720 7 0.322 0.217 0.569 0.658
54.760 7 0.316 0.222 0.559 0.658
54.800 7 0.323 0.233 0.556 0.650
54.840 7 0.314 0.228 0.552 0.653
54.880 7 0.312 0.228 0.550 0.650
54.920 7 0.311 0.225 0.550 0.650
54.960 7 0.305 0.219 0.547 0.653
55.000 7 0.311 0.219 0.552 0.650
55.040 7 0.320 0.222 0.558 0.647
55.080 7 0.311 0.211 0.558 0.653
55.120 7 0.319 0.211 0.567 0.653
55.160 7 0.317 0.208 0.564 0.650
55.200 7 0.323 0.203 0.575 0.653
55.240 7 0.331 0.192 0.583 0.642
55.280 7 0.336 0.194 0.586 0.642
55.320 7 0.334 0.247 0.566 0.658
55.360 7 0.341 0.244 0.573 0.656
55.400 7 0.348 0.239 0.581 0.656
55.440 7 0.355 0.236 0.589 0.653
55.480 7 0.361 0.233 0.595 0.650
55.520 7 0.366 0.228 0.602 0.647
55.560 7 0.372 0.222 0.609 0.644
55.600 7 0.380 0.222 0.617 0.644
55.640 7 0.377 0.222 0.613 0.639
55.680 7 0.384 0.219 0.620 0.639
55.720 7 0.378 0.217 0.616 0.639
55.760 7 0.386 0.217 0.622 0.639
55.800 7 0.386 0.217 0.623 0.639
55.840 7 0.386 0.217 0.625 0.639
55.880 7 0.386 0.214 0.627 0.642
55.920 7 0.388 0.217 0.628 0.644
55.960 7 0.389 0.217 0.631 0.647
56.000 7 0.391 0.219 0.633 0.650
56.040 7 0.391 0.219 0.634 0.653
56.080 7 0.392 0.219 0.637 0.656
56.120 7 0.394 0.219 0.639 0.658
56.160 7 0.395 0.225 0.642 0.664
56.200 7 0.392 0.225 0.637 0.661
56.240 7 0.394 0.225 0.641 0.664
56.280 7 0.392 0.225 0.641 0.664
56.320 7 0.392 0.225 0.639 0.664
56.360 7 0.391 0.222 0.637 0.664
56.400 7 0.389 0.222 0.636 0.661
56.440 7 0.388 0.219 0.633 0.656
56.480 7 0.384 0.217 0.630 0.650
56.520 7 0.383 0.214 0.627 0.644
56.560 7 0.381 0.208 0.623 0.639
56.600 7 0.380 0.206 0.620 0.633
56.640 7 0.378 0.203 0.620 0.636
56.680 7 0.372 0.206 0.611 0.631
56.720 7 0.373 0.211 0.613 0.636
56.760 7 0.364 0.211 0.605 0.639
56.800 7 0.367 0.214 0.606 0.642
56.840 7 0.359 0.214 0.602 0.644
56.880 7 0.364 0.214 0.608 0.647
56.920 7 0.361 0.214 0.605 0.650
56.960 7 0.364 0.219 0.606 0.650
57.000 7 0.364 0.219 0.606 0.650
57.040 7 0.367 0.231 0.613 0.667
57.080 7 0.369 0.231 0.613 0.664
57.120 7 0.372 0.233 0.613 0.661
57.160 7 0.373 0.233 0.614 0.661
57.200 7 0.373 0.236 0.614 0.664
57.240 7 0.375 0.239 0.616 0.667
57.280 7 0.375 0.242 0.616 0.669
57.320 7 0.377 0.239 0.620 0.672
57.360 7 0.373 0.244 0.611 0.669
57.400 7 0.375 0.242 0.619 0.675
57.440 7 0.370 0.247 0.609 0.675
57.480 7 0.370 0.247 0.617 0.689
57.520 7 0.361 0.250 0.605 0.683
57.560 7 0.367 0.250 0.614 0.689
57.600 7 0.358 0.250 0.603 0.683
57.640 7 0.366 0.247 0.611 0.686
57.680 7 0.362 0.250 0.606 0.683
57.720 7 0.362 0.250 0.606 0.683
57.760 7 0.362 0.250 0.605 0.681
57.800 7 0.361 0.250 0.603 0.681
57.840 7 0.364 0.247 0.609 0.686
57.880 7 0.361 0.256 0.600 0.681
57.920 7 0.362 0.253 0.605 0.683
57.960 7 0.362 0.256 0.603 0.683
58.000 7 0.364 0.267 0.606 0.697
58.040 7 0.381 0.269 0.605 0.667
58.080 7 0.380 0.275 0.603 0.672
58.120 7 0.377 0.281 0.600 0.678
58.160 7 0.377 0.289 0.600 0.686
58.200 7 0.370 0.294 0.594 0.692
58.240 7 0.372 0.300 0.595 0.700
58.280 7 0.362 0.306 0.589 0.706
58.320 7 0.367 0.311 0.591 0.711
58.360 7 0.358 0.311 0.584 0.717
58.400 7 0.362 0.317 0.588 0.717
58.440 7 0.355 0.319 0.583 0.722
58.480 7 0.359 0.319 0.586 0.722
58.520 7 0.356 0.319 0.583 0.722
58.560 7 0.358 0.317 0.584 0.719
58.600 7 0.358 0.314 0.584 0.714
58.640 7 0.361 0.311 0.586 0.711
58.680 7 0.362 0.306 0.588 0.706
58.720 7 0.356 0.303 0.580 0.700
58.760 7 0.358 0.297 0.581 0.694
58.800 7 0.350 0.297 0.572 0.692
58.840 7 0.348 0.297 0.570 0.689
58.880 7 0.341 0.294 0.564 0.692
58.920 7 0.336 0.297 0.556 0.686
58.960 7 0.338 0.300 0.556 0.689
59.000 7 0.348 0.303 0.550 0.661
59.040 7 0.331 0.297 0.553 0.689
59.080 7 0.334 0.303 0.553 0.692
59.120 7 0.331 0.308 0.550 0.697
59.160 7 0.336 0.311 0.556 0.703
59.200 7 0.333 0.311 0.553 0.706
59.240 7 0.341 0.311 0.561 0.703
59.280 7 0.345 0.311 0.564 0.700
59.320 7 0.355 0.306 0.575 0.700
59.360 7 0.355 0.303 0.577 0.697
59.400 7 0.364 0.297 0.588 0.692
59.440 7 0.366 0.297 0.584 0.686
59.480 7 0.370 0.294 0.594 0.689
59.520 7 0.369 0.292 0.589 0.686
59.560 7 0.373 0.286 0.600 0.689
59.600 7 0.372 0.289 0.595 0.686
59.640 7 0.377 0.286 0.603 0.689
59.680 7 0.375 0.289 0.597 0.683
59.720 7 0.380 0.286 0.603 0.683
59.760 7 0.378 0.289 0.597 0.678
59.800 7 0.383 0.283 0.606 0.681
59.840 7 0.380 0.286 0.600 0.675
59.880 7 0.383 0.278 0.608 0.678
59.920 7 0.381 0.278 0.606 0.678
59.960 7 0.384 0.278 0.608 0.675
60.000 7 0.364 0.267 0.606 0.697
60.040 7 0.356 0.269 0.597 0.700
60.080 7 0.355 0.264 0.600 0.700
60.120 7 0.356 0.264 0.600 0.697
60.160 7 0.356 0.258 0.603 0.694
60.200 7 0.361 0.258 0.603 0.689
60.240 7 0.362 0.253 0.606 0.683
60.280 7 0.366 0.247 0.608 0.675
60.320 7 0.369 0.239 0.609 0.669
60.360 7 0.370 0.239 0.609 0.661
60.400 7 0.373 0.233 0.611 0.658
60.440 7 0.375 0.231 0.613 0.653
60.480 7 0.378 0.231 0.616 0.653
60.520 7 0.380 0.228 0.617 0.650
60.560 7 0.384 0.228 0.620 0.647
60.600 7 0.386 0.225 0.625 0.647
60.640 7 0.389 0.219 0.628 0.647
60.680 7 0.392 0.219 0.631 0.644
60.720 7 0.394 0.217 0.634 0.644
60.760 7 0.395 0.217 0.636 0.644
60.800 7 0.397 0.217 0.637 0.644
60.840 7 0.398 0.217 0.637 0.644
60.880 7 0.400 0.219 0.637 0.642
60.920 7 0.400 0.217 0.641 0.644
60.960 7 0.402 0.219 0.639 0.642
61.000 7 0.391 0.219 0.633 0.650
61.040 7 0.402 0.217 0.641 0.639
61.080 7 0.406 0.214 0.644 0.636
61.120 7 0.398 0.214 0.634 0.633
61.160 7 0.400 0.214 0.637 0.633
61.200 7 0.394 0.214 0.628 0.633
61.240 7 0.398 0.217 0.636 0.636
61.280 7 0.395 0.219 0.633 0.642
61.320 7 0.402 0.222 0.642 0.653
61.360 7 0.403 0.233 0.641 0.656
61.400 7 0.397 0.231 0.636 0.656
61.440 7 0.400 0.236 0.637 0.658
61.480 7 0.394 0.233 0.636 0.661
61.520 7 0.400 0.233 0.644 0.664
61.560 7 0.395 0.231 0.641 0.667
61.600 7 0.395 0.228 0.639 0.664
61.640 7 0.394 0.228 0.639 0.661
61.680 7 0.394 0.228 0.639 0.661
61.720 7 0.394 0.228 0.639 0.661
61.760 7 0.392 0.228 0.637 0.661
61.800 7 0.389 0.225 0.634 0.661
61.840 7 0.388 0.225 0.633 0.658
61.880 7 0.386 0.225 0.631 0.658
61.920 7 0.380 0.222 0.625 0.658
61.960 7 0.380 0.222 0.625 0.658
62.000 7 0.391 0.219 0.633 0.650
62.040 7 0.388 0.242 0.628 0.669
62.080 7 0.386 0.244 0.627 0.672
62.120 7 0.380 0.244 0.616 0.664
62.160 7 0.377 0.247 0.614 0.669
62.200 7 0.372 0.247 0.611 0.672
62.240 7 0.369 0.247 0.609 0.675
62.280 7 0.367 0.250 0.608 0.678
62.320 7 0.366 0.253 0.606 0.681
62.360 7 0.370 0.258 0.608 0.678
62.400 7 0.367 0.258 0.603 0.678
62.440 7 0.367 0.256 0.611 0.686
62.480 7 0.367 0.258 0.606 0.686
62.520 7 0.367 0.261 0.608 0.689
62.560 7 0.367 0.261 0.609 0.689
62.600 7 0.369 0.261 0.611 0.692
62.640 7 0.370 0.261 0.613 0.692
62.680 7 0.372 0.258 0.617 0.694
62.720 7 0.373 0.258 0.616 0.692
62.760 7 0.370 0.256 0.614 0.689
62.800 7 0.369 0.253 0.611 0.686
62.840 7 0.367 0.250 0.611 0.686
62.880 7 0.362 0.244 0.611 0.686
62.920 7 0.366 0.242 0.614 0.683
62.960 7 0.361 0.244 0.605 0.678
63.000 7 0.364 0.267 0.606 0.697
63.040 7 0.361 0.247 0.608 0.683
63.080 7 0.359 0.247 0.602 0.678
63.120 7 0.362 0.250 0.606 0.683
63.160 7 0.353 0.244 0.603 0.689
63.200 7 0.361 0.250 0.606 0.686
63.240 7 0.350 0.244 0.602 0.692
63.280 7 0.358 0.253 0.603 0.689
63.320 7 0.348 0.253 0.597 0.694
63.360 7 0.355 0.258 0.600 0.694
63.400 7 0.347 0.258 0.595 0.700
63.440 7 0.350 0.264 0.597 0.700
63.480 7 0.352 0.267 0.597 0.703
63.520 7 0.352 0.267 0.597 0.703
63.560 7 0.353 0.269 0.598 0.703
63.600 7 0.355 0.269 0.598 0.703
63.640 7 0.356 0.272 0.598 0.703
63.680 7 0.356 0.272 0.598 0.703
63.720 7 0.358 0.275 0.600 0.706
63.760 7 0.358 0.278 0.600 0.708
63.800 7 0.359 0.281 0.602 0.708
63.840 7 0.361 0.281 0.602 0.711
63.880 7 0.362 0.283 0.603 0.711
63.920 7 0.364 0.283 0.605 0.711
63.960 7 0.367 0.283 0.606 0.711
64.000 7 0.364 0.267 0.606 0.697
64.040 7 0.373 0.275 0.614 0.706
64.080 7 0.367 0.267 0.616 0.708
64.120 7 0.377 0.269 0.622 0.706
64.160 7 0.375 0.267 0.620 0.703
64.200 7 0.383 0.269 0.628 0.703
64.240 7 0.384 0.272 0.623 0.697
64.280 7 0.391 0.267 0.633 0.700
64.320 7 0.386 0.264 0.630 0.697
64.360 7 0.392 0.261 0.636 0.694
64.400 7 0.388 0.258 0.628 0.689
64.440 7 0.388 0.258 0.631 0.689
64.480 7 0.389 0.256 0.633 0.689
64.520 7 0.391 0.261 0.631 0.686
64.560 7 0.388 0.258 0.631 0.692
64.600 7 0.388 0.264 0.628 0.692
64.640 7 0.384 0.261 0.628 0.694
64.680 7 0.383 0.261 0.625 0.692
64.720 7 0.381 0.264 0.622 0.692
64.760 7 0.378 0.264 0.619 0.694
64.800 7 0.378 0.267 0.617 0.692
64.840 7 0.369 0.261 0.611 0.692
64.880 7 0.369 0.264 0.611 0.692
64.920 7 0.367 0.264 0.608 0.689
64.960 7 0.364 0.261 0.606 0.689
65.000 7 0.364 0.267 0.606 0.697
65.040 7 0.356 0.236 0.603 0.675
65.080 7 0.348 0.236 0.594 0.672
65.120 7 0.341 0.233 0.586 0.672
65.160 7 0.331 0.231 0.580 0.672
65.200 7 0.323 0.225 0.575 0.672
65.240 7 0.314 0.222 0.566 0.667
65.280 7 0.311 0.217 0.562 0.664
65.320 7 0.305 0.217 0.555 0.661
65.360 7 0.302 0.217 0.550 0.658
65.400 7 0.300 0.219 0.544 0.656
65.440 7 0.295 0.222 0.541 0.661
65.480 7 0.292 0.231 0.537 0.667
65.520 7 0.289 0.233 0.536 0.672
65.560 7 0.297 0.217 0.541 0.653
65.600 7 0.291 0.225 0.534 0.658
65.640 7 0.291 0.231 0.534 0.664
65.680 7 0.294 0.233 0.537 0.667
65.720 7 0.297 0.236 0.537 0.664
65.760 7 0.295 0.231 0.539 0.664
65.800 7 0.302 0.228 0.545 0.661
65.840 7 0.306 0.222 0.552 0.658
65.880 7 0.314 0.219 0.559 0.656
65.920 7 0.320 0.217 0.566 0.653
65.960 7 0.333 0.222 0.567 0.639
66.000 7 0.338 0.219 0.580 0.650
66.040 7 0.336 0.247 0.578 0.678
66.080 7 0.341 0.250 0.583 0.681
66.120 7 0.345 0.253 0.588 0.683
66.160 7 0.348 0.256 0.592 0.686
66.200 7 0.352 0.258 0.594 0.689
66.240 7 0.355 0.258 0.595 0.686
66.280 7 0.356 0.256 0.597 0.686
66.320 7 0.358 0.253 0.598 0.681
66.360 7 0.359 0.253 0.600 0.678
66.400 7 0.359 0.250 0.600 0.678
66.440 7 0.362 0.250 0.602 0.675
66.480 7 0.364 0.247 0.603 0.672
66.520 7 0.366 0.244 0.606 0.672
66.560 7 0.369 0.244 0.609 0.669
66.600 7 0.375 0.242 0.616 0.667
66.640 7 0.383 0.239 0.622 0.664
66.680 7 0.389 0.236 0.630 0.667
66.720 7 0.389 0.236 0.630 0.664
66.760 7 0.395 0.236 0.637 0.667
66.800 7 0.392 0.233 0.634 0.667
66.840 7 0.400 0.233 0.642 0.667
66.880 7 0.398 0.236 0.639 0.664
66.920 7 0.398 0.236 0.641 0.667
66.960 7 0.398 0.239 0.641 0.669
67.000 7 0.391 0.267 0.633 0.697
67.040 7 0.391 0.269 0.631 0.697
67.080 7 0.391 0.272 0.630 0.697
67.120 7 0.389 0.272 0.630 0.700
67.160 7 0.388 0.272 0.628 0.700
67.200 7 0.384 0.272 0.628 0.706
67.240 7 0.377 0.264 0.628 0.714
67.280 7 0.370 0.272 0.619 0.714
67.320 7 0.364 0.275 0.611 0.711
67.360 7 0.362 0.281 0.608 0.717
67.400 7 0.358 0.283 0.606 0.725
67.440 7 0.356 0.292 0.602 0.728
67.480 7 0.352 0.289 0.600 0.731
67.520 7 0.348 0.283 0.597 0.728
67.560 7 0.347 0.281 0.595 0.722
67.600 7 0.347 0.278 0.594 0.717
67.640 7 0.347 0.278 0.594 0.717
67.680 7 0.347 0.278 0.592 0.714
67.720 7 0.345 0.278 0.588 0.708
67.760 7 0.350 0.272 0.597 0.708
67.800 7 0.348 0.269 0.592 0.703
67.840 7 0.358 0.269 0.598 0.697
67.880 7 0.358 0.267 0.595 0.689
67.920 7 0.366 0.261 0.605 0.689
67.960 7 0.361 0.261 0.603 0.692
68.000 7 0.364 0.267 0.606 0.697
68.040 7 0.377 0.272 0.617 0.700
68.080 7 0.378 0.283 0.617 0.708
68.120 7 0.373 0.294 0.616 0.725
68.160 7 0.372 0.306 0.620 0.747
68.200 7 0.370 0.319 0.614 0.756
68.240 7 0.373 0.336 0.616 0.767
68.280 7 0.366 0.339 0.613 0.778
68.320 7 0.372 0.347 0.617 0.786
68.360 7 0.364 0.347 0.613 0.789
68.400 7 0.372 0.344 0.620 0.786
68.440 7 0.364 0.342 0.611 0.781
68.480 7 0.372 0.333 0.623 0.778
68.520 7 0.366 0.328 0.613 0.767
68.560 7 0.373 0.317 0.622 0.756
68.600 7 0.372 0.308 0.620 0.750
68.640 7 0.380 0.300 0.628 0.742
68.680 7 0.377 0.292 0.628 0.739
68.720 7 0.383 0.289 0.639 0.744
68.760 7 0.380 0.289 0.636 0.744
68.800 7 0.389 0.297 0.645 0.753
68.840 7 0.389 0.300 0.644 0.756
68.880 7 0.397 0.300 0.650 0.753
68.920 7 0.397 0.297 0.656 0.758
68.960 7 0.398 0.297 0.658 0.758
69.000 7 0.417 0.314 0.659 0.744
69.040 7 0.425 0.328 0.661 0.747
69.080 7 0.422 0.331 0.658 0.750
69.120 7 0.425 0.322 0.669 0.756
69.160 7 0.423 0.325 0.661 0.747
69.200 7 0.425 0.317 0.672 0.756
69.240 7 0.425 0.322 0.662 0.747
69.280 7 0.427 0.314 0.672 0.750
69.320 7 0.420 0.311 0.666 0.747
69.360 7 0.422 0.306 0.669 0.744
69.400 7 0.416 0.303 0.662 0.742
69.440 7 0.420 0.300 0.666 0.739
69.480 7 0.419 0.297 0.662 0.733
69.520 7 0.419 0.297 0.662 0.731
69.560 7 0.417 0.292 0.661 0.728
69.600 7 0.416 0.289 0.661 0.722
69.640 7 0.414 0.286 0.659 0.719
69.680 7 0.414 0.283 0.658 0.717
69.720 7 0.412 0.281 0.658 0.714
69.760 7 0.412 0.278 0.658 0.711
69.800 7 0.412 0.275 0.658 0.711
69.840 7 0.414 0.269 0.662 0.711
69.880 7 0.411 0.269 0.655 0.703
69.920 7 0.414 0.264 0.662 0.703
69.960 7 0.412 0.264 0.656 0.697
70.000 7 0.417 0.267 0.659 0.697
70.040 7 0.394 0.217 0.670 0.708
70.080 7 0.394 0.217 0.666 0.700
70.120 7 0.394 0.214 0.662 0.694
70.160 7 0.400 0.217 0.666 0.692
70.200 7 0.394 0.211 0.664 0.692
70.240 7 0.395 0.211 0.664 0.692
70.280 7 0.395 0.211 0.664 0.692
70.320 7 0.397 0.214 0.664 0.692
70.360 7 0.397 0.214 0.666 0.692
70.400 7 0.391 0.208 0.666 0.700
70.440 7 0.394 0.208 0.672 0.706
70.480 7 0.394 0.217 0.666 0.703
70.520 7 0.389 0.214 0.664 0.706
70.560 7 0.394 0.217 0.670 0.708
70.600 7 0.389 0.219 0.662 0.708
70.640 7 0.394 0.222 0.667 0.711
70.680 7 0.388 0.228 0.661 0.711
70.720 7 0.389 0.228 0.666 0.722
70.760 7 0.391 0.236 0.656 0.711
70.800 7 0.400 0.247 0.662 0.714
70.840 7 0.389 0.242 0.656 0.717
70.880 7 0.394 0.239 0.661 0.714
70.920 7 0.391 0.250 0.650 0.711
70.960 7 0.403 0.253 0.661 0.711
71.000 7 0.373 0.206 0.662 0.722
71.040 7 0.366 0.200 0.664 0.733
71.080 7 0.370 0.206 0.666 0.733
71.120 7 0.370 0.197 0.673 0.736
71.160 7 0.367 0.197 0.666 0.733
71.200 7 0.370 0.194 0.673 0.733
71.240 7 0.366 0.197 0.664 0.731
71.280 7 0.370 0.192 0.673 0.733
71.320 7 0.367 0.194 0.666 0.728
71.360 7 0.372 0.189 0.675 0.728
71.400 7 0.369 0.189 0.667 0.725
71.440 7 0.375 0.189 0.675 0.725
71.480 7 0.370 0.189 0.667 0.719
71.520 7 0.377 0.186 0.675 0.722
71.560 7 0.370 0.189 0.667 0.719
71.600 7 0.377 0.192 0.669 0.714
71.640 7 0.377 0.189 0.669 0.711
71.680 7 0.378 0.192 0.670 0.711
71.720 7 0.373 0.197 0.661 0.708
71.760 7 0.380 0.200 0.666 0.711
71.800 7 0.372 0.197 0.659 0.714
71.840 7 0.380 0.203 0.664 0.714
71.880 7 0.370 0.200 0.659 0.717
71.920 7 0.377 0.200 0.666 0.717
71.960 7 0.375 0.200 0.662 0.714
72.000 7 0.373 0.206 0.662 0.722
72.040 7 0.370 0.214 0.652 0.717
72.080 7 0.373 0.211 0.656 0.719
72.120 7 0.373 0.211 0.661 0.725
72.160 7 0.370 0.219 0.650 0.717
72.200 7 0.373 0.217 0.656 0.719
72.240 7 0.373 0.214 0.659 0.725
72.280 7 0.373 0.214 0.659 0.728
72.320 7 0.369 0.219 0.650 0.722
72.360 7 0.377 0.222 0.659 0.728
72.400 7 0.372 0.217 0.656 0.725
77.400 8 0.389 0.183 0.487 0.356
77.440 8 0.386 0.183 0.484 0.358
77.480 8 0.386 0.183 0.486 0.358
77.520 8 0.386 0.186 0.483 0.358
77.560 8 0.386 0.186 0.483 0.358
77.600 8 0.386 0.186 0.484 0.358
77.640 8 0.384 0.186 0.481 0.358
77.680 8 0.388 0.186 0.484 0.358
77.720 8 0.386 0.186 0.483 0.358
77.760 8 0.389 0.186 0.486 0.358
77.800 8 0.388 0.183 0.484 0.358
77.840 8 0.391 0.186 0.487 0.356
77.880 8 0.389 0.183 0.486 0.356
77.920 8 0.392 0.186 0.489 0.358
77.960 8 0.391 0.183 0.487 0.356
78.000 8 0.394 0.183 0.491 0.356
78.040 8 0.394 0.183 0.489 0.353
78.080 8 0.391 0.181 0.487 0.353
78.120 8 0.392 0.178 0.489 0.350
78.160 8 0.394 0.178 0.489 0.347
78.200 8 0.391 0.175 0.489 0.347
78.240 8 0.394 0.172 0.491 0.344
78.280 8 0.392 0.172 0.489 0.344
78.320 8 0.395 0.172 0.491 0.342
78.360 8 0.394 0.169 0.489 0.342
78.400 8 0.398 0.169 0.494 0.339
78.440 8 0.394 0.164 0.491 0.336
78.480 8 0.398 0.164 0.494 0.336
78.520 8 0.394 0.161 0.491 0.333
78.560 8 0.397 0.161 0.494 0.333
78.600 8 0.395 0.158 0.492 0.331
78.640 8 0.395 0.156 0.492 0.331
78.680 8 0.394 0.156 0.492 0.328
78.720 8 0.392 0.153 0.491 0.328
78.760 8 0.391 0.153 0.487 0.325
78.800 8 0.389 0.150 0.486 0.325
78.840 8 0.388 0.150 0.484 0.322
78.880 8 0.386 0.147 0.484 0.322
78.920 8 0.386 0.147 0.483 0.319
78.960 8 0.386 0.147 0.483 0.317
79.000 8 0.383 0.144 0.480 0.317
79.040 8 0.386 0.144 0.483 0.317
79.080 8 0.386 0.144 0.483 0.317
79.120 8 0.384 0.142 0.481 0.314
79.160 8 0.384 0.142 0.480 0.311
79.200 8 0.383 0.139 0.480 0.311
79.240 8 0.383 0.136 0.478 0.308
79.280 8 0.381 0.136 0.478 0.308
79.320 8 0.381 0.136 0.478 0.306
79.360 8 0.381 0.133 0.477 0.306
79.400 8 0.380 0.133 0.477 0.306
79.440 8 0.380 0.131 0.477 0.303
79.480 8 0.380 0.131 0.477 0.303
79.520 8 0.380 0.131 0.477 0.303
79.560 8 0.380 0.131 0.477 0.300
79.600 8 0.380 0.128 0.475 0.300
79.640 8 0.380 0.128 0.475 0.297
79.680 8 0.378 0.125 0.475 0.297
79.720 8 0.380 0.125 0.477 0.297
79.760 8 0.378 0.125 0.473 0.297
79.800 8 0.378 0.125 0.475 0.297
79.840 8 0.378 0.125 0.473 0.294
79.880 8 0.381 0.125 0.477 0.294
79.920 8 0.378 0.125 0.473 0.294
79.960 8 0.380 0.122 0.475 0.294
80.000 8 0.383 0.125 0.480 0.297
80.040 8 0.380 0.122 0.478 0.297
80.080 8 0.380 0.122 0.478 0.297
80.120 8 0.381 0.125 0.480 0.297
80.160 8 0.380 0.125 0.477 0.297
80.200 8 0.381 0.125 0.480 0.297
80.240 8 0.380 0.122 0.478 0.297
80.280 8 0.381 0.122 0.480 0.297
80.320 8 0.381 0.122 0.478 0.294
80.360 8 0.381 0.119 0.478 0.294
80.400 8 0.381 0.119 0.478 0.292
80.440 8 0.380 0.117 0.478 0.292
80.480 8 0.381 0.117 0.480 0.289
80.520 8 0.380 0.114 0.477 0.286
80.560 8 0.381 0.111 0.480 0.286
80.600 8 0.381 0.111 0.478 0.286
80.640 8 0.380 0.108 0.480 0.286
80.680 8 0.381 0.111 0.480 0.286
80.720 8 0.383 0.108 0.481 0.286
80.760 8 0.380 0.108 0.478 0.286
80.800 8 0.383 0.108 0.481 0.283
80.840 8 0.380 0.108 0.478 0.283
80.880 8 0.383 0.106 0.483 0.283
80.920 8 0.380 0.106 0.480 0.283
80.960 8 0.384 0.106 0.483 0.283
81.000 8 0.383 0.106 0.480 0.278
81.040 8 0.383 0.106 0.480 0.278
81.080 8 0.383 0.108 0.480 0.278
81.120 8 0.383 0.108 0.480 0.281
81.160 8 0.384 0.108 0.481 0.281
81.200 8 0.384 0.108 0.481 0.281
81.240 8 0.384 0.108 0.483 0.283
81.280 8 0.384 0.108 0.483 0.283
81.320 8 0.383 0.111 0.480 0.283
81.360 8 0.388 0.114 0.483 0.283
81.400 8 0.384 0.114 0.480 0.283
81.440 8 0.386 0.114 0.483 0.286
81.480 8 0.388 0.114 0.484 0.286
81.520 8 0.391 0.117 0.487 0.289
81.560 8 0.395 0.111 0.492 0.283
81.600 8 0.405 0.108 0.503 0.281
81.640 8 0.412 0.108 0.511 0.283
81.680 8 0.412 0.106 0.511 0.278
81.720 8 0.412 0.103 0.508 0.275
81.760 8 0.414 0.100 0.511 0.272
77.400 9 0.702 0.167 0.817 0.375
77.440 9 0.698 0.169 0.814 0.375
77.480 9 0.700 0.169 0.816 0.378
77.520 9 0.697 0.169 0.812 0.378
77.560 9 0.697 0.172 0.812 0.378
77.600 9 0.698 0.172 0.814 0.378
77.640 9 0.698 0.172 0.814 0.381
77.680 9 0.700 0.172 0.814 0.381
77.720 9 0.698 0.172 0.812 0.381
77.760 9 0.702 0.172 0.817 0.381
77.800 9 0.700 0.175 0.814 0.378
77.840 9 0.703 0.172 0.819 0.381
77.880 9 0.702 0.172 0.816 0.378
77.920 9 0.705 0.172 0.820 0.381
77.960 9 0.703 0.172 0.817 0.378
78.000 9 0.706 0.172 0.822 0.381
78.040 9 0.711 0.181 0.825 0.386
78.080 9 0.709 0.175 0.827 0.386
78.120 9 0.713 0.175 0.827 0.381
78.160 9 0.709 0.172 0.825 0.381
78.200 9 0.713 0.172 0.827 0.378
78.240 9 0.711 0.169 0.823 0.372
78.280 9 0.716 0.167 0.830 0.375
78.320 9 0.711 0.167 0.827 0.375
78.360 9 0.716 0.167 0.830 0.375
78.400 9 0.713 0.164 0.828 0.372
78.440 9 0.716 0.164 0.831 0.369
78.480 9 0.714 0.158 0.830 0.369
78.520 9 0.716 0.158 0.830 0.367
78.560 9 0.716 0.156 0.831 0.364
78.600 9 0.714 0.156 0.831 0.364
78.640 9 0.714 0.153 0.831 0.364
78.680 9 0.714 0.153 0.830 0.361
78.720 9 0.713 0.150 0.828 0.361
78.760 9 0.709 0.150 0.825 0.358
78.800 9 0.708 0.147 0.823 0.356
78.840 9 0.706 0.147 0.822 0.356
78.880 9 0.705 0.144 0.820 0.356
78.920 9 0.705 0.144 0.820 0.353
78.960 9 0.703 0.144 0.820 0.353
79.000 9 0.706 0.150 0.822 0.358
79.040 9 0.705 0.147 0.820 0.356
79.080 9 0.703 0.147 0.819 0.356
79.120 9 0.703 0.144 0.819 0.353
79.160 9 0.702 0.142 0.817 0.350
79.200 9 0.702 0.139 0.817 0.347
79.240 9 0.702 0.139 0.817 0.347
79.280 9 0.700 0.136 0.816 0.344
79.320 9 0.700 0.136 0.816 0.344
79.360 9 0.700 0.136 0.816 0.344
79.400 9 0.698 0.133 0.816 0.344
79.440 9 0.698 0.133 0.814 0.342
79.480 9 0.698 0.133 0.814 0.342
79.520 9 0.698 0.133 0.814 0.342
79.560 9 0.698 0.133 0.812 0.342
79.600 9 0.697 0.133 0.812 0.342
79.640 9 0.697 0.133 0.811 0.339
79.680 9 0.698 0.133 0.812 0.339
79.720 9 0.695 0.131 0.809 0.336
79.760 9 0.695 0.128 0.811 0.336
79.800 9 0.697 0.128 0.812 0.336
79.840 9 0.694 0.125 0.809 0.336
79.880 9 0.697 0.128 0.812 0.336
79.920 9 0.695 0.128 0.811 0.336
79.960 9 0.695 0.128 0.811 0.336
80.000 9 0.694 0.128 0.809 0.336
80.040 9 0.691 0.131 0.806 0.339
80.080 9 0.689 0.131 0.805 0.339
80.120 9 0.689 0.131 0.805 0.339
80.160 9 0.689 0.131 0.805 0.339
80.200 9 0.691 0.131 0.806 0.339
80.240 9 0.692 0.131 0.808 0.339
80.280 9 0.689 0.131 0.805 0.339
80.320 9 0.692 0.131 0.806 0.339
80.360 9 0.692 0.131 0.808 0.339
80.400 9 0.691 0.131 0.806 0.339
80.440 9 0.694 0.131 0.808 0.339
80.480 9 0.691 0.131 0.806 0.336
80.520 9 0.694 0.131 0.809 0.336
80.560 9 0.692 0.128 0.806 0.336
80.600 9 0.695 0.128 0.809 0.336
80.640 9 0.692 0.128 0.808 0.333
80.680 9 0.695 0.128 0.811 0.333
80.720 9 0.694 0.125 0.809 0.333
80.760 9 0.695 0.125 0.811 0.336
80.800 9 0.694 0.128 0.809 0.333
80.840 9 0.697 0.128 0.812 0.333
80.880 9 0.695 0.128 0.811 0.333
80.920 9 0.698 0.128 0.812 0.333
80.960 9 0.697 0.128 0.812 0.333
81.000 9 0.694 0.128 0.809 0.336
81.040 9 0.694 0.128 0.809 0.336
81.080 9 0.694 0.131 0.809 0.339
81.120 9 0.695 0.131 0.809 0.339
81.160 9 0.695 0.133 0.811 0.342
81.200 9 0.695 0.133 0.811 0.342
81.240 9 0.695 0.136 0.811 0.342
81.280 9 0.691 0.131 0.809 0.347
81.320 9 0.694 0.136 0.809 0.344
81.360 9 0.695 0.139 0.809 0.347
81.400 9 0.695 0.142 0.811 0.347
81.440 9 0.697 0.144 0.811 0.350
81.480 9 0.697 0.144 0.811 0.350
81.520 9 0.698 0.147 0.812 0.353
81.560 9 0.698 0.147 0.812 0.353
81.600 9 0.698 0.147 0.812 0.353
81.640 9 0.700 0.144 0.817 0.353
81.680 9 0.700 0.142 0.814 0.350
81.720 9 0.702 0.139 0.819 0.350
81.760 9 0.702 0.139 0.817 0.344
77.400 10 0.209 0.233 0.277 0.350
77.440 10 0.206 0.233 0.275 0.353
77.480 10 0.203 0.233 0.273 0.356
77.520 10 0.202 0.236 0.270 0.356
77.560 10 0.203 0.236 0.272 0.358
77.600 10 0.202 0.239 0.270 0.358
77.640 10 0.202 0.239 0.270 0.358
77.680 10 0.202 0.239 0.270 0.358
77.720 10 0.198 0.236 0.270 0.358
77.760 10 0.202 0.239 0.270 0.358
77.800 10 0.200 0.236 0.270 0.358
77.840 10 0.203 0.236 0.272 0.356
77.880 10 0.202 0.239 0.269 0.356
77.920 10 0.203 0.236 0.272 0.356
77.960 10 0.203 0.236 0.270 0.353
78.000 10 0.205 0.233 0.273 0.353
78.040 10 0.200 0.228 0.277 0.358
78.080 10 0.202 0.225 0.277 0.358
78.120 10 0.202 0.222 0.275 0.356
78.160 10 0.202 0.222 0.277 0.353
78.200 10 0.202 0.219 0.277 0.350
78.240 10 0.203 0.219 0.278 0.350
78.280 10 0.203 0.219 0.278 0.347
78.320 10 0.205 0.217 0.280 0.347
78.360 10 0.205 0.214 0.280 0.344
78.400 10 0.206 0.211 0.281 0.344
78.440 10 0.206 0.208 0.281 0.342
78.480 10 0.208 0.208 0.281 0.339
78.520 10 0.208 0.208 0.281 0.336
78.560 10 0.208 0.206 0.281 0.336
78.600 10 0.208 0.206 0.283 0.336
78.640 10 0.208 0.203 0.281 0.333
78.680 10 0.206 0.203 0.281 0.333
78.720 10 0.203 0.200 0.278 0.331
78.760 10 0.203 0.200 0.278 0.328
78.800 10 0.200 0.197 0.275 0.328
78.840 10 0.200 0.194 0.275 0.328
78.880 10 0.197 0.194 0.272 0.325
78.920 10 0.198 0.192 0.273 0.325
78.960 10 0.195 0.189 0.270 0.322
79.000 10 0.192 0.183 0.273 0.328
79.040 10 0.194 0.189 0.269 0.319
79.080 10 0.194 0.186 0.267 0.319
79.120 10 0.194 0.183 0.267 0.317
79.160 10 0.192 0.183 0.267 0.317
79.200 10 0.192 0.181 0.266 0.314
79.240 10 0.191 0.181 0.266 0.314
79.280 10 0.191 0.178 0.266 0.311
79.320 10 0.191 0.178 0.264 0.308
79.360 10 0.191 0.175 0.264 0.306
79.400 10 0.191 0.172 0.264 0.306
79.440 10 0.189 0.172 0.264 0.303
79.480 10 0.189 0.169 0.264 0.303
79.520 10 0.189 0.169 0.263 0.300
79.560 10 0.189 0.167 0.263 0.300
79.600 10 0.189 0.167 0.263 0.297
79.640 10 0.189 0.167 0.263 0.297
79.680 10 0.188 0.164 0.263 0.297
79.720 10 0.188 0.164 0.263 0.297
79.760 10 0.188 0.164 0.263 0.294
79.800 10 0.188 0.164 0.261 0.294
79.840 10 0.188 0.164 0.261 0.294
79.880 10 0.189 0.161 0.263 0.294
79.920 10 0.188 0.161 0.261 0.292
79.960 10 0.189 0.161 0.264 0.292
80.000 10 0.191 0.167 0.258 0.286
80.040 10 0.192 0.169 0.259 0.289
80.080 10 0.192 0.169 0.259 0.286
80.120 10 0.192 0.167 0.259 0.286
80.160 10 0.191 0.169 0.258 0.289
80.200 10 0.194 0.169 0.259 0.286
80.240 10 0.192 0.167 0.259 0.289
80.280 10 0.194 0.169 0.261 0.286
80.320 10 0.194 0.169 0.261 0.289
80.360 10 0.192 0.169 0.259 0.286
80.400 10 0.194 0.169 0.261 0.286
80.440 10 0.194 0.169 0.261 0.286
80.480 10 0.194 0.167 0.261 0.289
80.520 10 0.195 0.167 0.263 0.286
80.560 10 0.194 0.167 0.261 0.286
80.600 10 0.195 0.167 0.263 0.286
80.640 10 0.194 0.167 0.261 0.286
80.680 10 0.197 0.167 0.263 0.286
80.720 10 0.195 0.167 0.263 0.286
80.760 10 0.195 0.167 0.263 0.286
80.800 10 0.198 0.167 0.266 0.286
80.840 10 0.195 0.167 0.263 0.286
80.880 10 0.197 0.167 0.264 0.286
80.920 10 0.197 0.167 0.264 0.286
80.960 10 0.197 0.167 0.264 0.286
81.000 10 0.198 0.167 0.266 0.286
81.040 10 0.198 0.167 0.266 0.286
81.080 10 0.198 0.167 0.267 0.286
81.120 10 0.198 0.167 0.267 0.286
81.160 10 0.200 0.167 0.267 0.286
81.200 10 0.200 0.167 0.267 0.286
81.240 10 0.200 0.167 0.267 0.286
81.280 10 0.200 0.169 0.267 0.289
81.320 10 0.200 0.169 0.267 0.289
81.360 10 0.200 0.169 0.269 0.289
81.400 10 0.202 0.169 0.269 0.292
81.440 10 0.202 0.169 0.269 0.292
81.480 10 0.205 0.172 0.270 0.292
81.520 10 0.205 0.169 0.270 0.289
81.560 10 0.206 0.169 0.273 0.289
81.600 10 0.205 0.169 0.272 0.289
81.640 10 0.208 0.169 0.275 0.289
81.680 10 0.206 0.167 0.273 0.286
81.720 10 0.208 0.164 0.275 0.283
81.760 10 0.208 0.158 0.275 0.281
87.200 11 0.583 0.231 0.814 0.647
87.240 11 0.583 0.231 0.816 0.647
87.280 11 0.573 0.225 0.812 0.653
87.320 11 0.581 0.231 0.816 0.650
87.360 11 0.583 0.231 0.816 0.650
87.400 11 0.583 0.231 0.816 0.650
87.440 11 0.583 0.231 0.816 0.647
87.480 11 0.583 0.231 0.816 0.647
87.520 11 0.581 0.228 0.816 0.647
87.560 11 0.581 0.228 0.817 0.650
87.600 11 0.581 0.225 0.817 0.647
87.640 11 0.581 0.225 0.817 0.647
87.680 11 0.580 0.225 0.817 0.647
87.720 11 0.580 0.222 0.817 0.647
87.760 11 0.580 0.222 0.817 0.647
87.800 11 0.570 0.206 0.822 0.653
87.840 11 0.581 0.217 0.827 0.653
87.880 11 0.570 0.214 0.816 0.653
87.920 11 0.578 0.219 0.819 0.650
87.960 11 0.570 0.214 0.816 0.653
88.000 11 0.580 0.219 0.820 0.650
88.040 11 0.584 0.217 0.828 0.656
88.080 11 0.581 0.219 0.820 0.650
88.120 11 0.589 0.222 0.827 0.647
88.160 11 0.581 0.219 0.825 0.653
88.200 11 0.584 0.211 0.836 0.658
88.240 11 0.583 0.217 0.827 0.653
88.280 11 0.584 0.217 0.827 0.653
88.320 11 0.589 0.214 0.836 0.656
88.360 11 0.575 0.211 0.827 0.658
88.400 11 0.581 0.211 0.838 0.669
88.440 11 0.581 0.217 0.825 0.653
88.480 11 0.572 0.214 0.819 0.656
88.520 11 0.578 0.219 0.820 0.650
88.560 11 0.569 0.214 0.814 0.653
88.600 11 0.575 0.222 0.814 0.647
88.640 11 0.566 0.217 0.809 0.653
88.680 11 0.575 0.225 0.809 0.644
88.720 11 0.566 0.219 0.808 0.653
88.760 11 0.570 0.222 0.811 0.653
88.800 11 0.562 0.219 0.805 0.653
88.840 11 0.566 0.219 0.811 0.656
88.880 11 0.566 0.217 0.811 0.656
88.920 11 0.566 0.217 0.811 0.656
88.960 11 0.564 0.217 0.811 0.658
89.000 11 0.564 0.217 0.811 0.658
89.040 11 0.566 0.217 0.811 0.658
89.080 11 0.566 0.217 0.811 0.658
89.120 11 0.566 0.217 0.811 0.658
89.160 11 0.566 0.217 0.811 0.656
89.200 11 0.566 0.217 0.812 0.658
89.240 11 0.575 0.219 0.817 0.656
89.280 11 0.567 0.217 0.814 0.658
89.320 11 0.575 0.217 0.820 0.656
89.360 11 0.570 0.217 0.816 0.656
89.400 11 0.578 0.217 0.822 0.656
89.440 11 0.573 0.217 0.819 0.656
89.480 11 0.581 0.219 0.825 0.653
89.520 11 0.575 0.214 0.820 0.653
89.560 11 0.583 0.217 0.827 0.653
89.600 11 0.578 0.214 0.823 0.653
89.640 11 0.586 0.214 0.830 0.653
89.680 11 0.580 0.214 0.825 0.650
89.720 11 0.588 0.211 0.833 0.653
89.760 11 0.584 0.214 0.827 0.647
89.800 11 0.591 0.211 0.836 0.650
89.840 11 0.586 0.214 0.830 0.650
89.880 11 0.588 0.214 0.830 0.647
89.920 11 0.588 0.214 0.831 0.647
89.960 11 0.588 0.214 0.831 0.647
90.000 11 0.589 0.214 0.831 0.647
90.040 11 0.589 0.214 0.831 0.647
90.080 11 0.589 0.214 0.833 0.650
90.120 11 0.589 0.214 0.833 0.650
90.160 11 0.591 0.214 0.834 0.650
90.200 11 0.591 0.214 0.834 0.650
90.240 11 0.591 0.217 0.836 0.653
90.280 11 0.594 0.217 0.836 0.653
90.320 11 0.595 0.219 0.838 0.653
90.360 11 0.597 0.222 0.839 0.656
90.400 11 0.602 0.225 0.842 0.656
90.440 11 0.605 0.225 0.848 0.661
90.480 11 0.617 0.231 0.859 0.664
90.520 11 0.617 0.231 0.863 0.669
90.560 11 0.630 0.233 0.875 0.672
90.600 11 0.634 0.236 0.880 0.678
90.600 11 0.642 0.214 0.880 0.636
90.640 11 0.645 0.217 0.884 0.642
90.680 11 0.658 0.219 0.895 0.642
90.720 11 0.658 0.217 0.898 0.644
90.760 11 0.669 0.219 0.909 0.644
90.800 11 0.673 0.219 0.912 0.644
90.840 11 0.677 0.219 0.917 0.647
90.880 11 0.680 0.219 0.920 0.647
90.920 11 0.683 0.219 0.923 0.650
90.960 11 0.684 0.219 0.927 0.650
91.000 11 0.686 0.219 0.928 0.650
91.040 11 0.683 0.217 0.928 0.653
91.080 11 0.684 0.217 0.928 0.650
91.120 11 0.683 0.217 0.928 0.653
91.160 11 0.688 0.217 0.931 0.650
91.200 11 0.689 0.219 0.933 0.653
91.240 11 0.691 0.219 0.934 0.653
91.280 11 0.691 0.219 0.934 0.653
91.320 11 0.689 0.219 0.933 0.653
91.360 11 0.695 0.222 0.938 0.653
91.400 11 0.691 0.219 0.933 0.653
91.440 11 0.697 0.219 0.939 0.650
91.480 11 0.689 0.219 0.930 0.650
91.520 11 0.694 0.214 0.945 0.658
91.560 11 0.688 0.211 0.936 0.656
91.600 11 0.692 0.211 0.945 0.661
91.640 11 0.688 0.211 0.936 0.653
91.680 11 0.692 0.211 0.945 0.661
91.720 11 0.691 0.214 0.938 0.650
91.760 11 0.691 0.211 0.941 0.656
91.800 11 0.695 0.217 0.938 0.650
91.840 11 0.689 0.219 0.931 0.650
91.880 11 0.694 0.219 0.936 0.650
91.920 11 0.691 0.219 0.933 0.650
91.960 11 0.688 0.219 0.930 0.650
92.000 11 0.686 0.219 0.928 0.650
92.040 11 0.688 0.225 0.925 0.644
92.080 11 0.691 0.222 0.931 0.650
92.120 11 0.683 0.219 0.925 0.650
92.160 11 0.688 0.217 0.934 0.658
92.200 11 0.683 0.219 0.925 0.650
92.240 11 0.686 0.217 0.934 0.658
92.280 11 0.680 0.222 0.920 0.650
92.320 11 0.691 0.222 0.931 0.650
92.360 11 0.684 0.225 0.919 0.642
92.400 11 0.688 0.222 0.928 0.650
92.440 11 0.684 0.222 0.925 0.650
92.480 11 0.684 0.219 0.925 0.647
92.520 11 0.686 0.219 0.922 0.639
92.560 11 0.688 0.217 0.928 0.644
92.600 11 0.681 0.214 0.923 0.644
92.640 11 0.688 0.214 0.928 0.642
92.680 11 0.684 0.211 0.927 0.642
92.720 11 0.688 0.211 0.930 0.642
92.760 11 0.684 0.211 0.927 0.642
92.800 11 0.684 0.211 0.928 0.642
92.840 11 0.684 0.211 0.928 0.644
92.880 11 0.680 0.211 0.928 0.653
92.920 11 0.684 0.214 0.927 0.644
92.960 11 0.689 0.217 0.925 0.636
93.000 11 0.686 0.219 0.928 0.650
93.040 11 0.680 0.222 0.920 0.650
93.080 11 0.681 0.222 0.923 0.650
93.120 11 0.683 0.222 0.923 0.650
93.160 11 0.683 0.219 0.925 0.650
93.200 11 0.684 0.219 0.927 0.650
93.240 11 0.684 0.219 0.927 0.650
93.280 11 0.686 0.217 0.928 0.647
93.320 11 0.686 0.217 0.930 0.647
93.360 11 0.689 0.217 0.933 0.647
93.400 11 0.688 0.217 0.930 0.647
93.440 11 0.688 0.217 0.930 0.647
93.480 11 0.686 0.217 0.934 0.656
93.520 11 0.686 0.219 0.928 0.650
93.560 11 0.691 0.219 0.933 0.650
93.600 11 0.688 0.219 0.930 0.650
93.640 11 0.691 0.219 0.933 0.650
93.680 11 0.688 0.219 0.930 0.653
93.720 11 0.691 0.222 0.933 0.653
93.760 11 0.688 0.225 0.923 0.644
93.800 11 0.694 0.222 0.936 0.653
93.840 11 0.686 0.219 0.928 0.650
93.880 11 0.692 0.219 0.936 0.653
93.920 11 0.689 0.219 0.933 0.650
93.960 11 0.694 0.219 0.938 0.650
94.000 11 0.686 0.219 0.928 0.650
94.040 11 0.683 0.214 0.930 0.656
94.080 11 0.681 0.217 0.923 0.647
94.120 11 0.688 0.219 0.928 0.647
94.160 11 0.684 0.219 0.925 0.650
94.200 11 0.684 0.219 0.925 0.650
94.240 11 0.684 0.219 0.925 0.647
94.280 11 0.684 0.219 0.927 0.647
94.320 11 0.686 0.219 0.927 0.650
94.360 11 0.686 0.219 0.928 0.650
94.400 11 0.684 0.219 0.927 0.650
94.440 11 0.688 0.219 0.930 0.650
94.480 11 0.688 0.217 0.934 0.658
94.520 11 0.686 0.219 0.928 0.650
94.560 11 0.692 0.219 0.936 0.653
94.600 11 0.683 0.214 0.930 0.653
94.640 11 0.692 0.219 0.934 0.650
94.680 11 0.686 0.219 0.930 0.653
94.720 11 0.689 0.214 0.934 0.653
94.760 11 0.683 0.222 0.927 0.653
94.800 11 0.691 0.222 0.934 0.653
94.840 11 0.686 0.222 0.928 0.653
94.880 11 0.691 0.225 0.933 0.653
94.920 11 0.688 0.228 0.922 0.644
94.960 11 0.691 0.225 0.931 0.653
95.000 11 0.686 0.219 0.928 0.650
95.040 11 0.686 0.219 0.928 0.650
95.080 11 0.692 0.219 0.934 0.650
95.120 11 0.681 0.219 0.923 0.650
95.160 11 0.694 0.222 0.927 0.636
95.200 11 0.683 0.222 0.922 0.647
95.240 11 0.694 0.219 0.934 0.650
95.280 11 0.692 0.225 0.922 0.633
95.320 11 0.689 0.222 0.930 0.650
87.600 12 0.080 0.214 0.256 0.528
87.640 12 0.080 0.217 0.256 0.531
87.680 12 0.081 0.219 0.258 0.533
87.720 12 0.078 0.225 0.252 0.533
87.760 12 0.081 0.228 0.255 0.536
87.800 12 0.077 0.228 0.248 0.533
87.840 12 0.075 0.228 0.248 0.533
87.880 12 0.075 0.225 0.247 0.533
87.920 12 0.073 0.225 0.247 0.533
87.960 12 0.073 0.225 0.247 0.533
88.000 12 0.073 0.222 0.247 0.531
88.040 12 0.073 0.222 0.247 0.531
88.080 12 0.070 0.222 0.242 0.528
88.120 12 0.075 0.219 0.247 0.522
88.160 12 0.075 0.217 0.245 0.519
88.200 12 0.080 0.211 0.252 0.514
88.240 12 0.083 0.211 0.255 0.514
88.280 12 0.078 0.211 0.248 0.514
88.320 12 0.084 0.211 0.258 0.517
88.360 12 0.080 0.211 0.253 0.519
88.400 12 0.083 0.211 0.256 0.522
88.440 12 0.078 0.214 0.253 0.525
88.480 12 0.078 0.217 0.253 0.528
88.520 12 0.080 0.219 0.253 0.531
88.560 12 0.080 0.222 0.255 0.533
88.600 12 0.083 0.228 0.258 0.536
88.640 12 0.078 0.228 0.253 0.542
88.680 12 0.075 0.228 0.252 0.542
88.720 12 0.075 0.228 0.253 0.544
88.760 12 0.069 0.228 0.245 0.542
88.800 12 0.066 0.228 0.242 0.542
88.840 12 0.066 0.231 0.241 0.539
88.880 12 0.058 0.228 0.231 0.536
88.920 12 0.058 0.222 0.231 0.531
88.960 12 0.050 0.219 0.219 0.522
89.000 12 0.047 0.217 0.216 0.517
89.040 12 0.044 0.211 0.212 0.511
89.080 12 0.042 0.208 0.209 0.506
89.120 12 0.039 0.203 0.208 0.503
89.160 12 0.037 0.200 0.206 0.497
89.200 12 0.036 0.197 0.205 0.497
89.240 12 0.036 0.197 0.205 0.494
89.280 12 0.039 0.189 0.212 0.497
89.320 12 0.037 0.192 0.208 0.494
89.360 12 0.037 0.192 0.206 0.492
89.400 12 0.037 0.192 0.206 0.489
89.440 12 0.041 0.189 0.211 0.492
89.480 12 0.037 0.189 0.208 0.489
89.520 12 0.033 0.186 0.205 0.492
89.560 12 0.039 0.186 0.214 0.494
89.600 12 0.033 0.183 0.208 0.494
89.640 12 0.042 0.181 0.219 0.497
89.680 12 0.047 0.183 0.223 0.497
89.720 12 0.053 0.181 0.231 0.497
89.760 12 0.055 0.183 0.234 0.500
90.400 12 0.125 0.292 0.272 0.553
90.440 12 0.128 0.292 0.275 0.556
90.480 12 0.131 0.294 0.277 0.556
90.520 12 0.133 0.297 0.280 0.561
90.560 12 0.133 0.303 0.281 0.569
90.600 12 0.134 0.303 0.284 0.572
90.640 12 0.130 0.314 0.278 0.581
90.680 12 0.138 0.319 0.286 0.586
90.720 12 0.136 0.325 0.287 0.594
90.760 12 0.134 0.333 0.286 0.608
90.800 12 0.131 0.339 0.286 0.614
90.840 12 0.131 0.339 0.289 0.622
90.880 12 0.123 0.339 0.283 0.622
90.920 12 0.127 0.333 0.289 0.625
90.960 12 0.119 0.328 0.281 0.619
91.000 12 0.122 0.317 0.289 0.617
91.040 12 0.123 0.306 0.286 0.600
91.080 12 0.125 0.297 0.287 0.589
91.120 12 0.130 0.289 0.292 0.581
91.160 12 0.130 0.286 0.291 0.575
91.200 12 0.133 0.281 0.292 0.567
91.240 12 0.136 0.272 0.295 0.561
91.280 12 0.133 0.267 0.294 0.556
91.320 12 0.138 0.264 0.298 0.553
91.360 12 0.136 0.261 0.295 0.550
91.400 12 0.141 0.264 0.298 0.547
91.440 12 0.138 0.264 0.295 0.544
91.480 12 0.141 0.267 0.297 0.547
91.520 12 0.141 0.269 0.294 0.544
91.560 12 0.139 0.272 0.292 0.547
91.600 12 0.136 0.261 0.302 0.556
91.640 12 0.131 0.261 0.295 0.556
91.680 12 0.131 0.261 0.295 0.556
91.720 12 0.127 0.264 0.291 0.558
91.760 12 0.130 0.269 0.292 0.561
91.800 12 0.122 0.269 0.287 0.567
91.840 12 0.127 0.278 0.287 0.567
91.880 12 0.120 0.278 0.286 0.572
91.920 12 0.122 0.281 0.286 0.578
91.960 12 0.122 0.281 0.287 0.581
92.000 12 0.122 0.283 0.289 0.583
92.040 12 0.122 0.283 0.289 0.586
92.080 12 0.120 0.289 0.283 0.581
92.120 12 0.122 0.283 0.289 0.586
92.160 12 0.119 0.281 0.289 0.586
92.200 12 0.119 0.278 0.289 0.583
92.240 12 0.117 0.275 0.287 0.581
92.280 12 0.114 0.269 0.286 0.578
92.320 12 0.119 0.269 0.291 0.578
92.360 12 0.117 0.264 0.289 0.572
92.400 12 0.122 0.258 0.294 0.567
92.440 12 0.125 0.253 0.294 0.553
92.480 12 0.127 0.239 0.295 0.542
92.520 12 0.120 0.231 0.289 0.533
92.560 12 0.116 0.219 0.284 0.522
92.600 12 0.109 0.211 0.278 0.514
92.720 12 0.081 0.192 0.247 0.489
92.760 12 0.070 0.189 0.239 0.489
92.800 12 0.061 0.197 0.230 0.494
92.840 12 0.055 0.197 0.225 0.500
92.880 12 0.042 0.194 0.217 0.506
92.920 12 0.037 0.203 0.211 0.511
92.960 12 0.031 0.206 0.205 0.514
93.000 12 0.028 0.217 0.197 0.517
93.040 12 0.027 0.228 0.188 0.514
93.080 12 0.025 0.228 0.191 0.522
93.120 12 0.020 0.236 0.184 0.528
93.160 12 0.022 0.239 0.188 0.533
93.200 12 0.019 0.247 0.178 0.533
93.240 12 0.022 0.242 0.186 0.536
93.280 12 0.022 0.236 0.188 0.531
93.320 12 0.022 0.219 0.191 0.519
93.360 12 0.031 0.214 0.192 0.500
93.400 12 0.034 0.206 0.200 0.500
94.280 12 0.108 0.203 0.275 0.503
94.320 12 0.117 0.203 0.284 0.506
94.360 12 0.122 0.211 0.286 0.506
94.400 12 0.131 0.214 0.295 0.511
94.440 12 0.141 0.217 0.305 0.511
94.480 12 0.145 0.214 0.309 0.508
94.520 12 0.150 0.211 0.316 0.511
94.560 12 0.150 0.211 0.314 0.508
94.600 12 0.156 0.211 0.322 0.508
94.640 12 0.152 0.211 0.317 0.508
94.680 12 0.155 0.214 0.320 0.511
94.720 12 0.152 0.214 0.317 0.511
94.760 12 0.150 0.208 0.317 0.508
94.800 12 0.148 0.203 0.316 0.503
94.840 12 0.152 0.203 0.319 0.503
94.880 12 0.147 0.211 0.312 0.506
94.920 12 0.141 0.214 0.308 0.514
94.960 12 0.136 0.219 0.302 0.517
95.000 12 0.141 0.217 0.308 0.517
95.040 12 0.147 0.208 0.312 0.506
95.080 12 0.153 0.203 0.317 0.497
95.120 12 0.152 0.203 0.314 0.494
95.160 12 0.153 0.206 0.312 0.492
95.200 12 0.153 0.206 0.312 0.494
95.240 12 0.153 0.208 0.312 0.492
95.280 12 0.153 0.208 0.312 0.492
95.320 12 0.153 0.208 0.311 0.492
116.200 13 0.608 0.258 0.847 0.683
116.240 13 0.609 0.258 0.847 0.683
116.280 13 0.611 0.261 0.848 0.686
116.320 13 0.614 0.267 0.853 0.689
116.360 13 0.619 0.269 0.856 0.692
116.400 13 0.622 0.269 0.859 0.692
116.440 13 0.625 0.269 0.864 0.694
116.480 13 0.622 0.264 0.864 0.694
116.520 13 0.630 0.264 0.872 0.697
116.560 13 0.633 0.267 0.877 0.697
116.600 13 0.636 0.269 0.880 0.703
116.640 13 0.639 0.272 0.883 0.706
116.680 13 0.642 0.275 0.884 0.708
116.720 13 0.637 0.269 0.884 0.708
116.760 13 0.647 0.275 0.891 0.706
116.800 13 0.645 0.272 0.889 0.703
116.840 13 0.653 0.272 0.897 0.703
116.880 13 0.652 0.272 0.891 0.697
116.920 13 0.658 0.269 0.900 0.700
116.960 13 0.658 0.275 0.891 0.689
117.000 13 0.659 0.267 0.902 0.697
117.040 13 0.647 0.256 0.902 0.708
117.080 13 0.656 0.267 0.900 0.700
117.120 13 0.641 0.253 0.898 0.711
117.160 13 0.648 0.264 0.897 0.703
117.200 13 0.645 0.261 0.892 0.700
117.240 13 0.641 0.258 0.889 0.703
117.280 13 0.628 0.256 0.878 0.700
117.320 13 0.628 0.253 0.877 0.697
117.360 13 0.616 0.256 0.861 0.689
117.400 13 0.606 0.256 0.845 0.681
117.440 13 0.603 0.253 0.841 0.675
117.480 13 0.589 0.247 0.827 0.672
117.520 13 0.575 0.250 0.816 0.678
117.560 13 0.566 0.256 0.808 0.686
117.600 13 0.553 0.258 0.795 0.686
117.680 13 0.512 0.144 0.803 0.667
117.720 13 0.497 0.144 0.787 0.664
117.760 13 0.480 0.147 0.770 0.667
117.800 13 0.484 0.150 0.766 0.656
117.840 13 0.469 0.150 0.752 0.656
117.880 13 0.472 0.142 0.762 0.664
117.920 13 0.472 0.144 0.764 0.664
117.960 13 0.481 0.150 0.767 0.664
118.000 13 0.470 0.147 0.759 0.664
118.040 13 0.473 0.175 0.755 0.678
118.080 13 0.472 0.172 0.755 0.678
118.120 13 0.470 0.169 0.753 0.675
118.160 13 0.467 0.167 0.750 0.669
118.200 13 0.466 0.164 0.748 0.667
118.240 13 0.469 0.161 0.752 0.667
118.280 13 0.463 0.156 0.748 0.667
118.320 13 0.466 0.161 0.748 0.667
118.360 13 0.466 0.164 0.748 0.667
118.400 13 0.466 0.161 0.750 0.667
118.440 13 0.467 0.158 0.752 0.667
118.480 13 0.470 0.156 0.755 0.664
118.520 13 0.464 0.156 0.750 0.664
118.560 13 0.469 0.150 0.759 0.669
118.600 13 0.463 0.147 0.755 0.669
118.640 13 0.469 0.144 0.764 0.672
118.680 13 0.466 0.144 0.759 0.669
118.720 13 0.472 0.139 0.770 0.672
118.760 13 0.466 0.136 0.764 0.669
118.800 13 0.469 0.133 0.767 0.667
118.840 13 0.469 0.131 0.767 0.664
118.880 13 0.467 0.128 0.766 0.661
118.920 13 0.467 0.125 0.764 0.656
118.960 13 0.466 0.119 0.764 0.653
119.000 13 0.470 0.147 0.759 0.664
119.040 13 0.492 0.164 0.755 0.631
119.080 13 0.492 0.161 0.755 0.631
119.120 13 0.492 0.158 0.755 0.628
119.160 13 0.491 0.158 0.755 0.628
119.200 13 0.492 0.158 0.755 0.628
119.240 13 0.494 0.156 0.759 0.628
119.280 13 0.489 0.156 0.753 0.625
119.320 13 0.494 0.150 0.764 0.633
119.360 13 0.494 0.153 0.761 0.628
119.400 13 0.494 0.147 0.764 0.628
119.440 13 0.498 0.147 0.766 0.625
119.480 13 0.500 0.142 0.770 0.622
119.520 13 0.505 0.144 0.770 0.619
119.560 13 0.508 0.144 0.775 0.619
119.600 13 0.511 0.142 0.778 0.619
119.640 13 0.525 0.144 0.787 0.614
119.680 13 0.527 0.136 0.794 0.611
119.720 13 0.539 0.128 0.806 0.603
119.760 13 0.544 0.131 0.808 0.600
119.800 13 0.552 0.131 0.817 0.603
119.840 13 0.548 0.131 0.816 0.606
119.880 13 0.558 0.125 0.825 0.603
119.920 13 0.569 0.125 0.831 0.594
119.960 13 0.580 0.114 0.844 0.583
120.000 13 0.606 0.122 0.848 0.553
120.040 13 0.608 0.117 0.848 0.544
120.080 13 0.616 0.106 0.858 0.536
120.120 13 0.627 0.103 0.861 0.519
120.160 13 0.623 0.097 0.863 0.519
120.200 13 0.633 0.097 0.869 0.517
120.240 13 0.627 0.097 0.864 0.519
120.280 13 0.630 0.097 0.869 0.522
120.320 13 0.623 0.106 0.861 0.528
120.360 13 0.628 0.114 0.864 0.531
120.400 13 0.623 0.117 0.863 0.539
120.440 13 0.625 0.119 0.864 0.544
120.480 13 0.628 0.122 0.869 0.550
120.520 13 0.631 0.125 0.872 0.553
120.560 13 0.634 0.125 0.875 0.556
120.600 13 0.636 0.128 0.878 0.558
120.640 13 0.637 0.131 0.880 0.561
120.680 13 0.636 0.128 0.880 0.561
120.720 13 0.645 0.136 0.884 0.558
120.760 13 0.636 0.133 0.875 0.556
120.800 13 0.644 0.142 0.880 0.561
120.840 13 0.637 0.158 0.870 0.572
120.880 13 0.639 0.158 0.878 0.581
120.920 13 0.637 0.167 0.878 0.594
120.960 13 0.639 0.169 0.880 0.597
121.000 13 0.633 0.172 0.875 0.600
121.040 13 0.636 0.169 0.880 0.603
121.080 13 0.636 0.172 0.880 0.603
121.120 13 0.637 0.178 0.881 0.608
121.160 13 0.633 0.178 0.878 0.614
121.200 13 0.634 0.178 0.881 0.614
121.240 13 0.634 0.169 0.883 0.611
121.280 13 0.636 0.169 0.884 0.608
121.320 13 0.637 0.172 0.886 0.614
121.360 13 0.637 0.178 0.887 0.619
121.400 13 0.634 0.178 0.889 0.631
121.440 13 0.634 0.186 0.883 0.628
121.480 13 0.631 0.186 0.881 0.631
121.520 13 0.636 0.194 0.881 0.628
121.560 13 0.631 0.197 0.877 0.633
121.600 13 0.636 0.208 0.878 0.639
121.640 13 0.631 0.222 0.872 0.647
121.680 13 0.631 0.222 0.873 0.653
121.720 13 0.625 0.225 0.867 0.653
121.760 13 0.620 0.222 0.866 0.656
121.800 13 0.613 0.219 0.858 0.653
121.840 13 0.608 0.219 0.852 0.653
121.880 13 0.611 0.222 0.853 0.653
121.920 13 0.603 0.222 0.845 0.650
121.960 13 0.606 0.222 0.848 0.650
122.000 13 0.606 0.219 0.848 0.650
122.040 13 0.605 0.231 0.841 0.647
122.080 13 0.602 0.231 0.836 0.647
122.120 13 0.600 0.231 0.834 0.644
122.160 13 0.597 0.225 0.833 0.644
122.200 13 0.606 0.225 0.838 0.636
122.240 13 0.602 0.217 0.838 0.633
122.280 13 0.611 0.214 0.844 0.628
122.320 13 0.619 0.214 0.852 0.628
122.360 13 0.622 0.211 0.856 0.625
122.400 13 0.628 0.211 0.863 0.628
122.440 13 0.634 0.214 0.869 0.628
122.480 13 0.636 0.211 0.869 0.622
122.520 13 0.645 0.206 0.875 0.614
122.560 13 0.644 0.203 0.873 0.608
122.600 13 0.650 0.197 0.878 0.603
122.640 13 0.644 0.192 0.872 0.597
122.680 13 0.645 0.186 0.877 0.594
122.720 13 0.637 0.183 0.869 0.594
122.760 13 0.637 0.183 0.870 0.592
122.800 13 0.631 0.181 0.864 0.589
122.840 13 0.625 0.178 0.858 0.589
122.880 13 0.627 0.175 0.858 0.586
122.920 13 0.619 0.172 0.850 0.583
122.960 13 0.620 0.169 0.855 0.586
123.000 13 0.606 0.172 0.848 0.600
123.040 13 0.609 0.175 0.853 0.606
123.080 13 0.611 0.183 0.852 0.611
123.120 13 0.613 0.189 0.853 0.617
123.160 13 0.613 0.194 0.855 0.622
123.200 13 0.614 0.200 0.856 0.628
123.240 13 0.616 0.208 0.858 0.636
123.280 13 0.617 0.214 0.858 0.642
123.320 13 0.619 0.222 0.856 0.642
123.360 13 0.616 0.219 0.859 0.647
123.400 13 0.613 0.214 0.856 0.647
123.440 13 0.609 0.214 0.853 0.644
123.480 13 0.608 0.211 0.852 0.644
123.520 13 0.605 0.211 0.848 0.642
123.560 13 0.603 0.206 0.845 0.636
123.600 13 0.600 0.197 0.842 0.628
123.640 13 0.600 0.192 0.842 0.619
123.680 13 0.602 0.186 0.841 0.611
123.720 13 0.602 0.181 0.844 0.608
123.760 13 0.595 0.169 0.845 0.614
123.800 13 0.603 0.183 0.847 0.617
123.840 13 0.603 0.194 0.842 0.619
123.880 13 0.597 0.197 0.844 0.631
123.920 13 0.597 0.211 0.842 0.644
123.960 13 0.603 0.219 0.847 0.650
124.000 13 0.606 0.219 0.848 0.650
124.040 13 0.598 0.219 0.841 0.650
124.080 13 0.608 0.225 0.848 0.653
124.120 13 0.598 0.222 0.834 0.642
124.160 13 0.608 0.225 0.839 0.636
124.200 13 0.595 0.219 0.827 0.633
124.240 13 0.591 0.211 0.828 0.633
124.280 13 0.580 0.211 0.814 0.625
124.320 13 0.577 0.200 0.814 0.619
124.360 13 0.566 0.194 0.798 0.608
139.120 14 0.627 0.208 0.864 0.633
139.160 14 0.620 0.208 0.858 0.631
139.200 14 0.625 0.208 0.864 0.633
139.240 14 0.619 0.208 0.858 0.633
139.280 14 0.623 0.208 0.863 0.636
139.320 14 0.617 0.208 0.856 0.636
139.360 14 0.622 0.211 0.861 0.636
139.400 14 0.616 0.211 0.855 0.639
139.440 14 0.620 0.217 0.859 0.639
139.480 14 0.613 0.214 0.855 0.644
139.520 14 0.614 0.217 0.855 0.644
139.560 14 0.620 0.222 0.858 0.642
139.600 14 0.613 0.219 0.853 0.647
139.640 14 0.620 0.225 0.856 0.644
139.680 14 0.611 0.219 0.853 0.653
139.720 14 0.609 0.208 0.866 0.664
139.760 14 0.609 0.222 0.852 0.653
139.800 14 0.609 0.211 0.864 0.664
139.840 14 0.609 0.222 0.850 0.650
139.880 14 0.608 0.222 0.850 0.653
139.920 14 0.608 0.222 0.848 0.653
139.960 14 0.606 0.219 0.848 0.650
140.000 14 0.606 0.219 0.848 0.650
140.040 14 0.606 0.219 0.848 0.650
140.080 14 0.606 0.219 0.848 0.650
140.120 14 0.611 0.217 0.855 0.653
140.160 14 0.606 0.219 0.844 0.642
140.200 14 0.620 0.228 0.855 0.644
140.240 14 0.616 0.222 0.858 0.650
140.280 14 0.630 0.228 0.870 0.653
140.320 14 0.628 0.222 0.870 0.650
140.360 14 0.644 0.231 0.881 0.653
140.400 14 0.642 0.225 0.881 0.647
140.440 14 0.647 0.228 0.884 0.650
140.480 14 0.650 0.228 0.889 0.653
140.520 14 0.652 0.228 0.891 0.653
140.560 14 0.653 0.231 0.892 0.653
140.600 14 0.648 0.233 0.886 0.656
140.640 14 0.650 0.236 0.889 0.661
140.680 14 0.637 0.247 0.875 0.669
140.720 14 0.630 0.253 0.866 0.672
140.760 14 0.622 0.261 0.858 0.681
140.800 14 0.608 0.258 0.847 0.686
140.840 14 0.594 0.261 0.834 0.689
140.880 14 0.589 0.261 0.830 0.689
139.120 15 0.172 0.203 0.339 0.506
139.160 15 0.170 0.203 0.338 0.506
139.200 15 0.172 0.208 0.338 0.506
139.240 15 0.167 0.206 0.331 0.500
139.280 15 0.173 0.206 0.339 0.503
139.320 15 0.167 0.203 0.336 0.506
139.360 15 0.167 0.203 0.334 0.503
139.400 15 0.167 0.206 0.334 0.503
139.440 15 0.166 0.203 0.331 0.500
139.480 15 0.172 0.206 0.336 0.500
139.520 15 0.164 0.203 0.328 0.497
139.560 15 0.172 0.203 0.339 0.503
139.600 15 0.164 0.200 0.331 0.503
139.640 15 0.169 0.197 0.339 0.506
139.680 15 0.170 0.200 0.339 0.503
139.720 15 0.170 0.203 0.341 0.506
139.760 15 0.173 0.208 0.341 0.508
139.800 15 0.173 0.208 0.342 0.511
139.840 15 0.175 0.211 0.344 0.514
139.880 15 0.177 0.214 0.344 0.514
139.920 15 0.178 0.217 0.344 0.514
139.960 15 0.178 0.217 0.345 0.517
140.000 15 0.178 0.217 0.345 0.517
140.040 15 0.178 0.214 0.347 0.519
140.080 15 0.175 0.214 0.344 0.517
140.120 15 0.175 0.214 0.345 0.519
140.160 15 0.178 0.214 0.347 0.519
140.200 15 0.175 0.217 0.342 0.514
140.240 15 0.178 0.219 0.344 0.517
140.280 15 0.175 0.222 0.339 0.517
140.320 15 0.175 0.219 0.339 0.517
140.360 15 0.177 0.222 0.342 0.517
140.400 15 0.172 0.219 0.339 0.519
140.440 15 0.178 0.219 0.342 0.517
140.480 15 0.177 0.217 0.341 0.511
140.520 15 0.181 0.217 0.347 0.514
140.560 15 0.180 0.217 0.347 0.514
140.600 15 0.181 0.217 0.348 0.514
140.640 15 0.184 0.217 0.350 0.514
140.680 15 0.186 0.219 0.352 0.517
140.720 15 0.189 0.219 0.353 0.517
140.760 15 0.191 0.219 0.356 0.517
140.800 15 0.194 0.219 0.358 0.514
140.840 15 0.195 0.219 0.361 0.514
140.880 15 0.198 0.219 0.364 0.517
140.920 15 0.198 0.217 0.364 0.517
140.960 15 0.198 0.217 0.366 0.517
141.000 15 0.197 0.217 0.364 0.517
141.040 15 0.198 0.206 0.366 0.506
141.080 15 0.200 0.203 0.369 0.508
141.120 15 0.195 0.203 0.364 0.506
141.160 15 0.197 0.200 0.367 0.503
141.200 15 0.195 0.200 0.364 0.500
141.240 15 0.195 0.197 0.364 0.500
141.280 15 0.194 0.197 0.362 0.500
141.320 15 0.194 0.194 0.362 0.497
141.360 15 0.192 0.192 0.361 0.497
141.400 15 0.191 0.192 0.361 0.494
141.440 15 0.191 0.189 0.359 0.494
141.480 15 0.188 0.189 0.358 0.494
141.520 15 0.184 0.186 0.355 0.492
141.560 15 0.186 0.186 0.358 0.494
141.600 15 0.180 0.186 0.352 0.494
141.640 15 0.181 0.189 0.350 0.492
141.680 15 0.180 0.189 0.348 0.492
141.720 15 0.178 0.189 0.348 0.492
141.760 15 0.173 0.189 0.342 0.492
141.800 15 0.178 0.189 0.345 0.492
141.840 15 0.175 0.189 0.344 0.492
141.880 15 0.173 0.192 0.341 0.492
141.920 15 0.178 0.192 0.345 0.492
141.960 15 0.175 0.192 0.342 0.492
142.000 15 0.178 0.183 0.345 0.483
142.040 15 0.170 0.178 0.344 0.492
142.080 15 0.173 0.183 0.345 0.492
142.120 15 0.172 0.189 0.336 0.483
142.160 15 0.172 0.189 0.339 0.489
142.200 15 0.172 0.189 0.339 0.489
142.240 15 0.178 0.189 0.345 0.489
142.280 15 0.175 0.183 0.344 0.486
142.320 15 0.178 0.181 0.352 0.489
142.360 15 0.183 0.178 0.358 0.492
142.400 15 0.189 0.178 0.362 0.492
142.440 15 0.197 0.172 0.375 0.489
142.480 15 0.203 0.169 0.380 0.486
142.520 15 0.212 0.167 0.391 0.486
142.560 15 0.216 0.164 0.395 0.489
142.600 15 0.219 0.161 0.402 0.486
142.640 15 0.212 0.161 0.397 0.492
142.680 15 0.223 0.161 0.406 0.489
142.720 15 0.217 0.161 0.402 0.494
142.760 15 0.220 0.164 0.405 0.494
142.800 15 0.217 0.167 0.398 0.492
142.840 15 0.223 0.164 0.405 0.489
142.880 15 0.211 0.178 0.383 0.486
142.920 15 0.209 0.167 0.386 0.486
142.960 15 0.197 0.161 0.378 0.483
143.000 15 0.197 0.183 0.364 0.483
143.040 15 0.177 0.167 0.370 0.511
143.080 15 0.170 0.169 0.364 0.514
143.120 15 0.164 0.175 0.356 0.519
143.160 15 0.164 0.186 0.355 0.525
143.200 15 0.158 0.192 0.347 0.528
143.240 15 0.156 0.197 0.342 0.528
143.280 15 0.148 0.200 0.334 0.531
143.320 15 0.142 0.200 0.328 0.533
143.360 15 0.125 0.181 0.333 0.550
143.400 15 0.120 0.189 0.323 0.550
143.440 15 0.114 0.192 0.317 0.553
143.480 15 0.109 0.189 0.312 0.553
143.520 15 0.111 0.181 0.319 0.550
143.560 15 0.108 0.175 0.316 0.544
143.600 15 0.113 0.172 0.320 0.542
143.640 15 0.108 0.164 0.317 0.536
143.680 15 0.117 0.167 0.320 0.528
143.720 15 0.113 0.161 0.319 0.528
143.760 15 0.119 0.158 0.325 0.525
143.800 15 0.117 0.161 0.320 0.522
143.840 15 0.122 0.156 0.328 0.525
143.880 15 0.117 0.153 0.328 0.528
143.920 15 0.123 0.142 0.336 0.519
143.960 15 0.117 0.142 0.322 0.506
144.000 15 0.123 0.142 0.325 0.500
144.040 15 0.142 0.164 0.325 0.492
144.080 15 0.141 0.164 0.325 0.492
144.120 15 0.142 0.164 0.328 0.494
144.160 15 0.144 0.167 0.330 0.497
144.200 15 0.147 0.169 0.331 0.500
144.240 15 0.147 0.169 0.334 0.503
144.280 15 0.148 0.172 0.336 0.506
144.320 15 0.148 0.172 0.338 0.508
144.360 15 0.148 0.172 0.339 0.514
144.400 15 0.150 0.178 0.341 0.517
144.440 15 0.152 0.181 0.341 0.519
144.480 15 0.152 0.183 0.344 0.525
144.520 15 0.153 0.186 0.345 0.525
144.560 15 0.156 0.183 0.348 0.525
144.600 15 0.156 0.181 0.350 0.525
144.640 15 0.159 0.178 0.353 0.528
144.680 15 0.161 0.181 0.355 0.525
144.720 15 0.166 0.181 0.361 0.528
144.760 15 0.166 0.178 0.361 0.528
144.800 15 0.169 0.181 0.364 0.531
144.840 15 0.172 0.183 0.366 0.531
144.880 15 0.173 0.186 0.367 0.531
144.920 15 0.175 0.186 0.369 0.531
144.960 15 0.177 0.186 0.370 0.533
145.000 15 0.197 0.217 0.364 0.517
145.040 15 0.194 0.217 0.361 0.519
145.080 15 0.195 0.217 0.364 0.519
145.120 15 0.198 0.219 0.366 0.519
145.160 15 0.200 0.219 0.367 0.519
145.200 15 0.202 0.222 0.369 0.519
145.240 15 0.203 0.222 0.370 0.522
145.280 15 0.206 0.225 0.372 0.522
145.320 15 0.205 0.225 0.369 0.522
145.360 15 0.208 0.225 0.373 0.522
145.400 15 0.205 0.228 0.367 0.519
145.440 15 0.206 0.228 0.370 0.522
145.480 15 0.205 0.228 0.367 0.519
145.520 15 0.205 0.228 0.370 0.522
145.560 15 0.208 0.228 0.370 0.519
145.600 15 0.205 0.228 0.367 0.519
145.640 15 0.206 0.225 0.370 0.519
145.680 15 0.205 0.222 0.369 0.519
145.720 15 0.203 0.222 0.367 0.517
145.760 15 0.202 0.217 0.367 0.514
145.800 15 0.205 0.222 0.369 0.514
145.840 15 0.200 0.219 0.364 0.514
145.880 15 0.206 0.219 0.372 0.517
145.920 15 0.202 0.219 0.366 0.514
145.960 15 0.203 0.217 0.370 0.517
146.000 15 0.197 0.217 0.364 0.517
146.040 15 0.186 0.194 0.370 0.522
146.080 15 0.192 0.194 0.375 0.525
146.120 15 0.186 0.194 0.370 0.522
146.160 15 0.192 0.194 0.375 0.525
146.200 15 0.186 0.194 0.370 0.522
146.240 15 0.188 0.192 0.372 0.522
146.280 15 0.188 0.192 0.372 0.522
146.320 15 0.191 0.194 0.373 0.522
146.360 15 0.186 0.194 0.370 0.525
146.400 15 0.189 0.194 0.375 0.528
146.440 15 0.188 0.197 0.372 0.525
146.480 15 0.188 0.200 0.373 0.528
146.520 15 0.188 0.200 0.373 0.531
146.560 15 0.188 0.200 0.372 0.531
146.600 15 0.188 0.203 0.370 0.531
146.640 15 0.184 0.206 0.369 0.531
146.680 15 0.183 0.206 0.366 0.533
146.720 15 0.180 0.206 0.362 0.533
146.760 15 0.178 0.206 0.359 0.531
146.800 15 0.173 0.214 0.353 0.533
146.840 15 0.169 0.208 0.352 0.536
146.880 15 0.164 0.206 0.348 0.533
146.920 15 0.161 0.208 0.344 0.536
146.960 15 0.164 0.214 0.345 0.533
147.000 15 0.147 0.183 0.348 0.542
147.040 15 0.150 0.203 0.350 0.558
147.080 15 0.144 0.200 0.344 0.556
147.120 15 0.145 0.203 0.345 0.558
147.160 15 0.144 0.200 0.344 0.558
147.200 15 0.142 0.200 0.344 0.558
147.240 15 0.142 0.200 0.344 0.558
147.280 15 0.141 0.200 0.344 0.558
147.320 15 0.141 0.197 0.344 0.558
147.360 15 0.138 0.197 0.342 0.558
147.400 15 0.142 0.194 0.347 0.558
147.440 15 0.139 0.192 0.344 0.558
147.480 15 0.145 0.189 0.353 0.558
147.520 15 0.142 0.192 0.348 0.556
147.560 15 0.148 0.192 0.355 0.556
147.600 15 0.142 0.192 0.347 0.556
147.640 15 0.153 0.192 0.359 0.558
147.680 15 0.145 0.192 0.350 0.556
147.720 15 0.150 0.192 0.356 0.561
147.760 15 0.147 0.192 0.352 0.556
147.800 15 0.147 0.192 0.352 0.556
147.840 15 0.147 0.194 0.352 0.556
147.880 15 0.145 0.197 0.350 0.561
147.920 15 0.145 0.200 0.348 0.561
147.960 15 0.144 0.203 0.348 0.564
148.000 15 0.147 0.222 0.348 0.581
148.040 15 0.142 0.225 0.341 0.578
148.080 15 0.144 0.225 0.345 0.581
143.320 16 0.606 0.222 0.841 0.639
143.360 16 0.619 0.222 0.853 0.639
143.400 16 0.631 0.217 0.867 0.636
143.440 16 0.623 0.217 0.859 0.636
143.480 16 0.636 0.214 0.873 0.636
143.520 16 0.625 0.211 0.863 0.636
143.560 16 0.633 0.214 0.870 0.636
143.600 16 0.636 0.214 0.872 0.636
143.640 16 0.639 0.214 0.877 0.639
143.680 16 0.637 0.211 0.875 0.636
143.720 16 0.645 0.217 0.883 0.639
143.760 16 0.648 0.219 0.884 0.639
143.800 16 0.650 0.217 0.889 0.642
143.840 16 0.652 0.217 0.892 0.644
143.880 16 0.655 0.217 0.895 0.647
143.920 16 0.656 0.217 0.897 0.647
143.960 16 0.658 0.219 0.900 0.650
144.000 16 0.659 0.219 0.902 0.650
144.040 16 0.662 0.206 0.917 0.658
144.080 16 0.664 0.206 0.919 0.658
144.120 16 0.662 0.206 0.917 0.658
144.160 16 0.667 0.206 0.922 0.658
144.200 16 0.670 0.208 0.925 0.661
144.240 16 0.667 0.208 0.922 0.661
144.280 16 0.670 0.211 0.925 0.664
144.320 16 0.667 0.217 0.916 0.658
144.360 16 0.669 0.219 0.919 0.664
144.400 16 0.661 0.219 0.912 0.667
144.440 16 0.656 0.228 0.905 0.669
144.480 16 0.648 0.233 0.897 0.672
144.520 16 0.644 0.242 0.889 0.678
144.560 16 0.631 0.244 0.878 0.681
144.600 16 0.633 0.247 0.878 0.683
144.640 16 0.625 0.250 0.870 0.686
144.680 16 0.630 0.256 0.872 0.686
144.720 16 0.622 0.258 0.864 0.686
144.760 16 0.628 0.264 0.866 0.689
144.800 16 0.622 0.267 0.861 0.689
144.840 16 0.625 0.269 0.863 0.692
144.880 16 0.628 0.258 0.873 0.694
144.920 16 0.630 0.261 0.873 0.694
144.960 16 0.631 0.264 0.873 0.697
145.000 16 0.633 0.267 0.875 0.697
145.040 16 0.634 0.269 0.875 0.697
145.080 16 0.636 0.272 0.875 0.697
145.120 16 0.637 0.275 0.875 0.700
145.160 16 0.637 0.278 0.875 0.700
145.200 16 0.631 0.278 0.869 0.700
145.240 16 0.639 0.278 0.877 0.703
145.280 16 0.622 0.267 0.867 0.703
145.320 16 0.619 0.256 0.870 0.703
147.200 17 0.598 0.281 0.802 0.639
147.240 17 0.592 0.269 0.792 0.625
147.280 17 0.580 0.258 0.783 0.622
147.320 17 0.567 0.256 0.773 0.619
147.360 17 0.562 0.256 0.769 0.619
147.400 17 0.566 0.256 0.770 0.619
147.440 17 0.561 0.258 0.766 0.622
147.480 17 0.561 0.264 0.766 0.628
147.520 17 0.561 0.267 0.766 0.631
147.560 17 0.558 0.267 0.762 0.631
147.600 17 0.564 0.267 0.769 0.628
147.640 17 0.561 0.264 0.766 0.628
147.680 17 0.567 0.258 0.773 0.628
147.720 17 0.564 0.258 0.769 0.622
147.760 17 0.570 0.250 0.777 0.617
147.800 17 0.561 0.247 0.767 0.611
147.840 17 0.569 0.250 0.772 0.608
147.880 17 0.573 0.256 0.777 0.614
147.920 17 0.567 0.256 0.769 0.614
147.960 17 0.577 0.258 0.778 0.617
148.000 17 0.572 0.261 0.773 0.619
148.040 17 0.567 0.264 0.769 0.622
148.080 17 0.577 0.267 0.778 0.622
156.000 18 0.544 0.269 0.628 0.417
156.040 18 0.544 0.267 0.628 0.417
156.080 18 0.544 0.267 0.627 0.414
156.120 18 0.542 0.264 0.627 0.414
156.160 18 0.542 0.264 0.627 0.411
156.200 18 0.542 0.261 0.625 0.408
156.240 18 0.541 0.258 0.625 0.406
156.280 18 0.541 0.256 0.623 0.403
156.320 18 0.541 0.253 0.623 0.400
156.360 18 0.539 0.253 0.622 0.397
156.400 18 0.539 0.250 0.622 0.397
156.440 18 0.539 0.250 0.620 0.394
156.480 18 0.537 0.250 0.620 0.394
156.520 18 0.537 0.247 0.619 0.394
156.560 18 0.537 0.247 0.619 0.394
156.600 18 0.536 0.247 0.619 0.394
156.640 18 0.536 0.247 0.619 0.392
156.680 18 0.537 0.250 0.614 0.386
156.720 18 0.537 0.247 0.619 0.392
156.760 18 0.536 0.244 0.617 0.392
156.800 18 0.536 0.244 0.619 0.392
156.840 18 0.534 0.247 0.617 0.392
156.880 18 0.536 0.244 0.619 0.392
156.920 18 0.534 0.247 0.616 0.392
156.960 18 0.536 0.247 0.619 0.392
157.000 18 0.534 0.247 0.616 0.392
157.040 18 0.534 0.247 0.616 0.392
157.080 18 0.534 0.250 0.616 0.392
157.120 18 0.536 0.250 0.616 0.394
157.160 18 0.536 0.253 0.616 0.394
157.200 18 0.537 0.253 0.617 0.394
157.240 18 0.537 0.256 0.617 0.397
157.280 18 0.539 0.256 0.617 0.397
157.320 18 0.539 0.258 0.619 0.397
157.360 18 0.542 0.258 0.620 0.397
157.400 18 0.542 0.258 0.620 0.397
157.440 18 0.542 0.258 0.620 0.397
157.480 18 0.544 0.261 0.620 0.400
157.520 18 0.544 0.261 0.622 0.400
157.560 18 0.544 0.264 0.622 0.400
157.600 18 0.545 0.264 0.622 0.400
157.640 18 0.545 0.267 0.622 0.403
157.680 18 0.545 0.267 0.623 0.403
157.720 18 0.547 0.269 0.623 0.406
157.760 18 0.547 0.269 0.623 0.406
157.800 18 0.548 0.272 0.623 0.406
157.840 18 0.552 0.272 0.627 0.406
157.880 18 0.550 0.272 0.625 0.406
157.920 18 0.550 0.272 0.625 0.406
157.960 18 0.550 0.272 0.627 0.408
158.000 18 0.552 0.272 0.627 0.408
158.040 18 0.552 0.272 0.627 0.408
158.080 18 0.552 0.275 0.627 0.408
158.120 18 0.553 0.275 0.630 0.411
158.160 19 0.253 0.317 0.350 0.489
158.200 19 0.253 0.317 0.353 0.494
158.240 19 0.252 0.319 0.347 0.489
158.280 19 0.256 0.317 0.352 0.489
158.320 19 0.253 0.317 0.350 0.489
158.360 19 0.253 0.317 0.350 0.489
158.400 19 0.253 0.317 0.350 0.489
158.440 19 0.253 0.317 0.350 0.489
158.480 19 0.253 0.317 0.350 0.489
158.520 19 0.253 0.317 0.350 0.489
158.560 19 0.253 0.317 0.350 0.489
158.600 19 0.253 0.317 0.350 0.489
158.640 19 0.253 0.317 0.350 0.489
158.680 19 0.253 0.317 0.350 0.489
158.720 19 0.253 0.317 0.350 0.489
158.760 19 0.253 0.317 0.350 0.489
158.800 19 0.253 0.317 0.350 0.489
158.840 19 0.253 0.317 0.348 0.489
158.880 19 0.253 0.319 0.347 0.483
158.920 19 0.253 0.314 0.355 0.492
158.960 19 0.252 0.317 0.347 0.489
159.000 19 0.253 0.317 0.350 0.489
159.040 19 0.253 0.317 0.352 0.492
159.080 19 0.253 0.317 0.350 0.486
159.120 19 0.255 0.317 0.352 0.489
159.160 19 0.253 0.314 0.352 0.492
159.200 19 0.253 0.317 0.350 0.489
159.240 19 0.253 0.317 0.350 0.489
159.280 19 0.253 0.317 0.352 0.489
159.320 19 0.253 0.317 0.352 0.489
159.360 19 0.253 0.317 0.352 0.489
159.400 19 0.253 0.317 0.352 0.489
159.440 19 0.253 0.317 0.352 0.489
159.480 19 0.253 0.317 0.352 0.489
159.520 19 0.253 0.317 0.352 0.489
159.560 19 0.253 0.317 0.352 0.492
159.600 19 0.252 0.317 0.350 0.489
159.640 19 0.255 0.317 0.352 0.489
159.680 19 0.252 0.317 0.350 0.489
159.720 19 0.255 0.317 0.353 0.489
159.760 19 0.253 0.317 0.348 0.486
159.800 19 0.255 0.317 0.352 0.489
159.840 19 0.253 0.317 0.350 0.489
159.880 19 0.253 0.317 0.350 0.489
159.920 19 0.252 0.317 0.348 0.489
159.960 19 0.253 0.317 0.350 0.489
160.000 19 0.253 0.317 0.350 0.489
160.040 19 0.252 0.317 0.347 0.489
160.080 19 0.252 0.317 0.348 0.489
160.120 19 0.252 0.317 0.348 0.489
160.160 19 0.252 0.317 0.348 0.489
160.200 19 0.252 0.317 0.348 0.489
160.240 19 0.252 0.317 0.350 0.492
160.280 19 0.250 0.317 0.347 0.489
160.320 19 0.253 0.317 0.348 0.489
160.360 19 0.252 0.317 0.348 0.489
160.400 19 0.252 0.317 0.347 0.486
160.440 19 0.253 0.317 0.348 0.489
160.480 19 0.250 0.317 0.347 0.489
160.520 19 0.252 0.317 0.348 0.489
160.560 19 0.252 0.317 0.347 0.489
160.600 19 0.252 0.317 0.348 0.489
160.640 19 0.252 0.317 0.347 0.489
160.680 19 0.253 0.317 0.350 0.489
160.720 19 0.252 0.317 0.348 0.489
160.760 19 0.255 0.317 0.352 0.489
160.800 19 0.252 0.317 0.348 0.489
160.840 19 0.255 0.317 0.352 0.489
160.880 19 0.253 0.317 0.348 0.489
160.920 19 0.255 0.317 0.352 0.489
160.960 19 0.253 0.317 0.350 0.489
161.000 19 0.253 0.317 0.350 0.489
161.040 19 0.252 0.317 0.348 0.489
161.080 19 0.253 0.317 0.350 0.489
161.120 19 0.253 0.317 0.350 0.489
161.160 19 0.253 0.317 0.350 0.489
161.200 19 0.253 0.317 0.350 0.489
161.240 19 0.253 0.317 0.350 0.489
161.280 19 0.253 0.317 0.350 0.489
161.320 19 0.253 0.317 0.350 0.489
161.360 19 0.253 0.317 0.350 0.489
161.400 19 0.253 0.317 0.350 0.489
161.440 19 0.253 0.317 0.350 0.489
161.480 19 0.253 0.317 0.352 0.492
161.520 19 0.252 0.317 0.348 0.489
161.560 19 0.255 0.317 0.352 0.489
161.600 19 0.252 0.317 0.348 0.489
161.640 19 0.253 0.317 0.350 0.489
161.680 19 0.252 0.317 0.348 0.489
161.720 19 0.253 0.317 0.350 0.489
161.760 19 0.252 0.317 0.350 0.492
161.800 19 0.253 0.317 0.348 0.489
161.840 19 0.255 0.317 0.348 0.486
161.880 19 0.252 0.317 0.348 0.489
161.920 19 0.255 0.317 0.352 0.489
161.960 19 0.252 0.317 0.348 0.489
162.000 19 0.253 0.317 0.350 0.489
162.040 19 0.253 0.317 0.350 0.489
162.080 19 0.253 0.317 0.350 0.489
162.120 19 0.253 0.317 0.350 0.489
162.160 19 0.253 0.317 0.350 0.489
162.200 19 0.253 0.317 0.350 0.489
162.240 19 0.255 0.317 0.352 0.489
162.280 19 0.250 0.317 0.347 0.489
162.320 19 0.253 0.314 0.352 0.489
162.360 19 0.250 0.317 0.347 0.489
162.400 19 0.253 0.317 0.350 0.489
162.440 19 0.250 0.317 0.347 0.489
162.480 19 0.253 0.317 0.348 0.489
162.520 19 0.250 0.317 0.347 0.489
162.560 19 0.255 0.317 0.352 0.489
162.600 19 0.253 0.317 0.347 0.483
162.640 19 0.253 0.317 0.348 0.489
162.680 19 0.252 0.317 0.348 0.489
162.720 20 0.203 0.272 0.442 0.700
162.760 20 0.200 0.278 0.436 0.694
162.800 20 0.203 0.272 0.444 0.700
162.840 20 0.202 0.278 0.436 0.694
162.880 20 0.203 0.269 0.445 0.700
162.920 20 0.203 0.269 0.445 0.700
162.960 20 0.203 0.269 0.445 0.697
163.000 20 0.203 0.267 0.445 0.697
163.040 20 0.188 0.267 0.447 0.728
163.080 20 0.189 0.264 0.452 0.728
163.120 20 0.188 0.258 0.452 0.728
163.160 20 0.191 0.261 0.452 0.725
163.200 20 0.186 0.261 0.450 0.728
163.240 20 0.192 0.261 0.456 0.728
163.280 20 0.189 0.261 0.452 0.725
163.320 20 0.186 0.258 0.452 0.731
163.360 20 0.192 0.258 0.458 0.728
163.400 20 0.186 0.253 0.455 0.731
163.440 20 0.191 0.253 0.463 0.733
163.480 20 0.188 0.250 0.458 0.731
163.520 20 0.189 0.253 0.464 0.739
163.560 20 0.186 0.253 0.458 0.736
163.600 20 0.189 0.253 0.461 0.736
163.640 20 0.191 0.253 0.459 0.731
163.680 20 0.195 0.250 0.470 0.736
163.720 20 0.188 0.253 0.458 0.731
163.760 20 0.195 0.247 0.472 0.739
163.800 20 0.183 0.247 0.459 0.739
163.840 20 0.194 0.250 0.470 0.742
163.880 20 0.186 0.247 0.463 0.739
163.920 20 0.194 0.250 0.469 0.739
163.960 20 0.186 0.253 0.461 0.739
164.000 20 0.180 0.264 0.470 0.778
164.040 20 0.194 0.283 0.464 0.764
164.080 20 0.194 0.286 0.464 0.764
164.120 20 0.195 0.289 0.464 0.764
164.160 20 0.197 0.289 0.464 0.764
164.200 20 0.198 0.289 0.466 0.764
164.240 20 0.198 0.292 0.466 0.764
164.280 20 0.200 0.294 0.466 0.767
164.320 20 0.202 0.297 0.469 0.772
164.360 20 0.202 0.303 0.463 0.764
164.400 20 0.205 0.303 0.466 0.764
164.440 20 0.209 0.308 0.464 0.758
164.480 20 0.209 0.306 0.466 0.761
164.520 20 0.209 0.306 0.467 0.761
164.560 20 0.209 0.306 0.467 0.761
164.600 20 0.208 0.308 0.464 0.761
164.640 20 0.216 0.308 0.470 0.758
164.680 20 0.212 0.308 0.464 0.756
164.720 20 0.220 0.308 0.470 0.750
164.760 20 0.214 0.303 0.467 0.753
164.800 20 0.219 0.297 0.475 0.750
164.840 20 0.212 0.292 0.472 0.750
164.880 20 0.220 0.292 0.478 0.750
164.920 20 0.217 0.292 0.477 0.750
164.960 20 0.216 0.294 0.477 0.753
165.000 20 0.230 0.314 0.472 0.744
165.040 20 0.205 0.258 0.480 0.747
165.080 20 0.208 0.269 0.481 0.753
165.120 20 0.208 0.278 0.478 0.758
165.160 20 0.208 0.283 0.478 0.761
165.200 20 0.212 0.286 0.478 0.758
165.240 20 0.212 0.283 0.478 0.756
165.280 20 0.216 0.281 0.481 0.753
165.320 20 0.216 0.275 0.481 0.747
165.360 20 0.217 0.267 0.486 0.744
165.400 20 0.217 0.264 0.487 0.742
165.440 20 0.220 0.256 0.491 0.733
165.480 20 0.219 0.239 0.492 0.725
165.520 20 0.225 0.222 0.505 0.722
165.560 20 0.233 0.197 0.516 0.700
165.600 20 0.242 0.181 0.517 0.669
165.640 20 0.234 0.117 0.533 0.647
165.680 20 0.234 0.111 0.531 0.636
165.720 20 0.234 0.114 0.519 0.622
165.760 20 0.236 0.103 0.531 0.628
165.800 20 0.237 0.111 0.520 0.611
165.840 20 0.237 0.094 0.534 0.619
165.880 20 0.237 0.092 0.533 0.614
165.920 20 0.241 0.103 0.520 0.597
165.960 20 0.244 0.092 0.534 0.608
166.000 20 0.244 0.092 0.534 0.608
166.040 20 0.245 0.094 0.534 0.608
166.080 20 0.241 0.094 0.531 0.611
166.120 20 0.244 0.092 0.537 0.614
166.160 20 0.245 0.094 0.530 0.600
166.200 20 0.245 0.089 0.534 0.603
166.240 20 0.244 0.089 0.530 0.594
166.280 20 0.250 0.086 0.541 0.603
166.320 20 0.245 0.086 0.533 0.597
166.360 20 0.258 0.089 0.544 0.597
166.400 20 0.266 0.081 0.556 0.597
166.440 20 0.270 0.083 0.562 0.600
166.480 20 0.278 0.081 0.570 0.597
166.520 20 0.275 0.081 0.567 0.600
166.560 20 0.273 0.083 0.566 0.603
166.600 20 0.273 0.083 0.567 0.606
166.640 20 0.272 0.081 0.567 0.608
166.680 20 0.272 0.083 0.569 0.608
166.720 20 0.272 0.081 0.575 0.617
166.760 20 0.269 0.081 0.569 0.614
166.800 20 0.277 0.083 0.577 0.617
166.840 20 0.277 0.089 0.569 0.611
166.880 20 0.277 0.089 0.569 0.611
166.920 20 0.275 0.089 0.569 0.611
166.960 20 0.273 0.086 0.569 0.611
167.000 20 0.277 0.092 0.567 0.608
167.040 20 0.259 0.078 0.558 0.606
167.080 20 0.258 0.072 0.555 0.603
167.120 20 0.264 0.078 0.558 0.603
167.160 20 0.259 0.075 0.555 0.603
167.200 20 0.261 0.081 0.552 0.600
167.240 20 0.264 0.083 0.555 0.600
167.280 20 0.264 0.086 0.552 0.597
167.320 20 0.259 0.086 0.550 0.600
167.360 20 0.263 0.086 0.552 0.600
167.400 20 0.253 0.081 0.544 0.600
167.440 20 0.253 0.075 0.553 0.608
167.480 20 0.247 0.078 0.544 0.606
167.520 20 0.253 0.081 0.550 0.608
167.560 20 0.250 0.083 0.545 0.606
167.600 20 0.255 0.089 0.547 0.608
167.640 20 0.252 0.089 0.544 0.611
167.680 20 0.255 0.092 0.547 0.611
167.720 20 0.259 0.094 0.552 0.611
167.760 20 0.258 0.094 0.548 0.611
167.800 20 0.258 0.094 0.548 0.611
167.840 20 0.256 0.097 0.545 0.611
167.880 20 0.259 0.094 0.553 0.617
167.920 20 0.256 0.100 0.544 0.611
167.960 20 0.259 0.103 0.545 0.611
168.000 20 0.244 0.092 0.534 0.608
168.040 20 0.253 0.086 0.548 0.611
168.080 20 0.255 0.089 0.548 0.611
168.120 20 0.259 0.092 0.550 0.608
168.160 20 0.255 0.092 0.548 0.614
168.200 20 0.258 0.094 0.550 0.614
168.240 20 0.252 0.092 0.550 0.619
168.280 20 0.253 0.092 0.550 0.619
168.320 20 0.253 0.094 0.548 0.619
168.360 20 0.255 0.097 0.548 0.619
168.400 20 0.258 0.108 0.542 0.614
168.440 20 0.250 0.106 0.541 0.622
168.480 20 0.247 0.106 0.537 0.622
168.520 20 0.247 0.108 0.536 0.622
168.560 20 0.252 0.108 0.539 0.619
168.600 20 0.255 0.108 0.542 0.619
168.640 20 0.258 0.108 0.545 0.622
168.680 20 0.258 0.106 0.550 0.625
168.720 20 0.258 0.103 0.552 0.622
168.760 20 0.259 0.103 0.550 0.619
168.800 20 0.259 0.103 0.550 0.617
168.840 20 0.261 0.100 0.548 0.611
168.880 20 0.263 0.097 0.552 0.611
168.920 20 0.267 0.100 0.552 0.606
168.960 20 0.267 0.094 0.555 0.608
169.000 20 0.277 0.092 0.567 0.608
169.040 20 0.277 0.103 0.559 0.606
169.080 20 0.273 0.100 0.559 0.608
169.120 20 0.269 0.097 0.556 0.608
169.160 20 0.273 0.094 0.561 0.608
169.200 20 0.267 0.094 0.555 0.606
169.240 20 0.272 0.094 0.559 0.606
169.280 20 0.269 0.089 0.558 0.600
169.320 20 0.273 0.089 0.564 0.606
169.360 20 0.270 0.092 0.559 0.603
169.400 20 0.270 0.092 0.559 0.603
169.440 20 0.270 0.092 0.559 0.606
169.480 20 0.269 0.092 0.561 0.611
169.520 20 0.267 0.094 0.555 0.603
169.560 20 0.270 0.092 0.559 0.606
169.600 20 0.270 0.089 0.559 0.603
169.640 20 0.281 0.094 0.567 0.603
169.680 20 0.270 0.089 0.559 0.603
169.720 20 0.272 0.086 0.566 0.606
169.760 20 0.278 0.086 0.572 0.608
169.800 20 0.273 0.089 0.562 0.603
169.840 20 0.278 0.083 0.573 0.608
169.880 20 0.269 0.081 0.566 0.608
169.920 20 0.272 0.081 0.570 0.614
169.960 20 0.272 0.086 0.562 0.603
170.000 20 0.277 0.092 0.567 0.608
170.040 20 0.281 0.094 0.570 0.606
170.080 20 0.283 0.094 0.572 0.606
170.120 20 0.280 0.089 0.575 0.617
170.160 20 0.281 0.100 0.570 0.611
170.200 20 0.283 0.100 0.570 0.611
170.240 20 0.283 0.103 0.570 0.614
170.280 20 0.286 0.103 0.573 0.614
170.320 20 0.286 0.103 0.577 0.617
170.360 20 0.286 0.094 0.583 0.622
170.400 20 0.283 0.094 0.577 0.617
170.440 20 0.287 0.092 0.581 0.617
170.480 20 0.281 0.089 0.578 0.617
170.520 20 0.281 0.092 0.578 0.619
170.560 20 0.280 0.092 0.573 0.614
170.600 20 0.277 0.092 0.572 0.614
170.640 20 0.284 0.089 0.580 0.614
170.680 20 0.277 0.089 0.572 0.614
170.720 20 0.283 0.089 0.583 0.622
170.760 20 0.280 0.094 0.570 0.611
170.800 20 0.275 0.089 0.570 0.617
170.840 20 0.273 0.086 0.569 0.611
170.880 20 0.277 0.092 0.569 0.611
170.920 20 0.272 0.089 0.569 0.614
170.960 20 0.278 0.086 0.575 0.614
171.000 20 0.277 0.092 0.567 0.608
171.040 20 0.258 0.114 0.547 0.628
171.080 20 0.258 0.114 0.555 0.642
171.120 20 0.255 0.119 0.544 0.636
171.160 20 0.255 0.117 0.553 0.647
171.200 20 0.250 0.114 0.547 0.642
171.240 20 0.258 0.117 0.553 0.642
171.280 20 0.255 0.125 0.542 0.636
171.320 20 0.256 0.119 0.550 0.642
171.360 20 0.259 0.125 0.548 0.639
171.400 20 0.255 0.122 0.547 0.642
171.440 20 0.253 0.128 0.542 0.639
171.480 20 0.256 0.128 0.545 0.642
171.520 20 0.256 0.128 0.547 0.644
171.560 20 0.253 0.131 0.547 0.653
171.600 20 0.252 0.128 0.545 0.650
171.640 20 0.258 0.133 0.547 0.644
171.680 20 0.256 0.128 0.550 0.650
171.720 20 0.258 0.131 0.548 0.644
171.760 20 0.256 0.122 0.552 0.647
171.800 20 0.261 0.125 0.558 0.653
171.840 20 0.256 0.122 0.552 0.647
171.880 20 0.261 0.122 0.555 0.647
171.920 20 0.258 0.131 0.544 0.639
171.960 20 0.259 0.125 0.553 0.647
172.000 20 0.244 0.147 0.534 0.664
172.040 20 0.259 0.147 0.537 0.642
172.080 20 0.264 0.144 0.544 0.642
172.120 20 0.258 0.144 0.537 0.642
172.160 20 0.258 0.136 0.542 0.639
172.200 20 0.256 0.131 0.541 0.636
172.240 20 0.253 0.125 0.539 0.633
172.280 20 0.250 0.122 0.536 0.628
172.320 20 0.250 0.122 0.533 0.625
172.360 20 0.248 0.119 0.531 0.622
172.400 20 0.247 0.117 0.531 0.622
172.440 20 0.248 0.111 0.539 0.628
172.480 20 0.239 0.106 0.531 0.625
172.520 20 0.248 0.108 0.539 0.625
172.560 20 0.242 0.106 0.536 0.628
172.600 20 0.241 0.106 0.533 0.628
172.640 20 0.237 0.106 0.531 0.625
172.680 20 0.234 0.103 0.525 0.622
172.720 20 0.239 0.097 0.534 0.622
172.760 20 0.237 0.097 0.530 0.617
172.800 20 0.245 0.094 0.544 0.625
172.840 20 0.245 0.089 0.552 0.633
172.880 20 0.259 0.086 0.562 0.628
172.920 20 0.247 0.083 0.555 0.631
172.960 20 0.264 0.092 0.569 0.631
173.000 20 0.277 0.092 0.567 0.608
173.040 20 0.266 0.086 0.556 0.603
173.080 20 0.256 0.086 0.548 0.606
173.120 20 0.255 0.086 0.553 0.614
173.160 20 0.242 0.081 0.537 0.608
173.200 20 0.252 0.089 0.547 0.614
173.240 20 0.239 0.086 0.534 0.611
173.280 20 0.253 0.083 0.550 0.614
173.320 20 0.250 0.086 0.544 0.611
173.360 20 0.261 0.089 0.556 0.614
173.400 20 0.261 0.094 0.547 0.603
173.440 20 0.269 0.097 0.553 0.603
173.480 20 0.259 0.094 0.547 0.603
173.520 20 0.269 0.108 0.545 0.600
173.560 20 0.253 0.100 0.536 0.603
173.600 20 0.261 0.100 0.545 0.606
173.640 20 0.258 0.100 0.542 0.606
173.680 20 0.256 0.094 0.545 0.608
173.720 20 0.256 0.092 0.545 0.608
173.760 20 0.256 0.092 0.545 0.608
173.800 20 0.255 0.092 0.545 0.608
173.840 20 0.250 0.092 0.539 0.606
173.880 20 0.250 0.086 0.550 0.617
173.920 20 0.247 0.094 0.536 0.611
173.960 20 0.253 0.097 0.544 0.611
174.000 20 0.244 0.092 0.534 0.608
174.040 20 0.242 0.081 0.534 0.600
174.080 20 0.244 0.081 0.534 0.600
174.120 20 0.241 0.078 0.536 0.603
174.160 20 0.239 0.081 0.533 0.603
174.200 20 0.241 0.089 0.525 0.594
174.240 20 0.231 0.089 0.517 0.597
174.280 20 0.233 0.089 0.522 0.603
174.320 20 0.228 0.089 0.519 0.603
174.360 20 0.241 0.086 0.531 0.606
174.400 20 0.234 0.086 0.525 0.606
174.440 20 0.244 0.089 0.534 0.606
174.480 20 0.239 0.086 0.533 0.606
174.520 20 0.252 0.086 0.545 0.606
174.560 20 0.244 0.092 0.531 0.603
174.600 20 0.245 0.089 0.533 0.603
174.640 20 0.242 0.089 0.528 0.597
174.680 20 0.245 0.089 0.533 0.603
174.720 20 0.239 0.089 0.527 0.603
174.760 20 0.244 0.089 0.533 0.603
174.800 20 0.250 0.089 0.539 0.606
174.840 20 0.252 0.092 0.537 0.603
174.880 20 0.253 0.094 0.539 0.603
174.920 20 0.248 0.097 0.534 0.606
174.960 20 0.256 0.103 0.542 0.611
175.000 20 0.244 0.092 0.534 0.608
175.040 20 0.241 0.100 0.520 0.600
181.040 21 0.327 0.494 0.472 0.750
181.080 21 0.323 0.497 0.467 0.753
181.120 21 0.325 0.500 0.470 0.756
181.160 21 0.322 0.506 0.466 0.761
181.200 21 0.325 0.511 0.469 0.767
181.240 21 0.316 0.511 0.461 0.764
181.280 21 0.325 0.514 0.469 0.767
181.320 21 0.322 0.514 0.464 0.767
181.360 21 0.325 0.514 0.467 0.767
181.400 21 0.322 0.514 0.464 0.767
181.440 21 0.322 0.514 0.464 0.767
181.480 21 0.322 0.514 0.464 0.767
181.520 21 0.323 0.511 0.469 0.769
181.560 21 0.314 0.508 0.461 0.767
181.600 21 0.323 0.514 0.469 0.769
181.640 21 0.314 0.508 0.461 0.767
181.680 21 0.323 0.511 0.469 0.767
181.720 21 0.322 0.514 0.464 0.764
181.760 21 0.323 0.511 0.467 0.767
181.800 21 0.320 0.514 0.463 0.764
181.840 21 0.320 0.511 0.467 0.769
181.880 21 0.312 0.508 0.459 0.767
181.920 21 0.320 0.511 0.467 0.767
181.960 21 0.312 0.511 0.458 0.767
182.000 21 0.319 0.514 0.459 0.761
182.040 21 0.323 0.525 0.452 0.753
182.080 21 0.323 0.522 0.452 0.750
182.120 21 0.323 0.522 0.452 0.750
182.160 21 0.322 0.522 0.452 0.750
182.200 21 0.322 0.522 0.450 0.750
182.240 21 0.320 0.519 0.450 0.747
182.280 21 0.320 0.519 0.450 0.747
182.320 21 0.320 0.517 0.452 0.750
182.360 21 0.317 0.514 0.450 0.750
182.400 21 0.320 0.517 0.450 0.744
182.440 21 0.319 0.514 0.450 0.744
182.480 21 0.322 0.511 0.456 0.747
182.520 21 0.319 0.514 0.452 0.744
182.560 21 0.319 0.514 0.452 0.744
182.600 21 0.322 0.511 0.453 0.744
182.640 21 0.319 0.511 0.450 0.742
182.680 21 0.322 0.511 0.453 0.742
182.720 21 0.317 0.508 0.450 0.742
182.760 21 0.323 0.508 0.455 0.742
182.800 21 0.322 0.508 0.453 0.742
182.840 21 0.325 0.511 0.453 0.742
182.880 21 0.320 0.506 0.453 0.739
182.920 21 0.327 0.506 0.459 0.739
182.960 21 0.322 0.506 0.453 0.739
183.000 21 0.330 0.519 0.447 0.728
183.040 21 0.331 0.522 0.445 0.728
183.080 21 0.330 0.519 0.447 0.731
183.120 21 0.330 0.519 0.448 0.731
183.160 21 0.328 0.522 0.447 0.731
183.200 21 0.328 0.522 0.445 0.728
183.240 21 0.328 0.519 0.444 0.725
183.280 21 0.330 0.517 0.445 0.722
183.320 21 0.325 0.514 0.444 0.725
183.360 21 0.327 0.517 0.444 0.725
183.400 21 0.328 0.519 0.444 0.725
183.440 21 0.330 0.522 0.444 0.725
183.480 21 0.328 0.519 0.444 0.725
183.520 21 0.330 0.517 0.447 0.728
183.560 21 0.327 0.517 0.444 0.725
183.600 21 0.331 0.519 0.448 0.728
183.640 21 0.325 0.517 0.442 0.725
183.680 21 0.333 0.517 0.448 0.725
183.720 21 0.328 0.517 0.444 0.722
183.760 21 0.333 0.519 0.447 0.722
183.800 21 0.331 0.517 0.447 0.722
183.840 21 0.333 0.517 0.448 0.722
183.880 21 0.331 0.517 0.448 0.725
183.920 21 0.331 0.517 0.448 0.725
183.960 21 0.331 0.517 0.447 0.725
184.000 21 0.330 0.519 0.447 0.728
184.040 21 0.330 0.519 0.447 0.728
184.080 21 0.331 0.517 0.453 0.733
184.120 21 0.333 0.519 0.450 0.728
184.160 21 0.333 0.519 0.450 0.728
