31.680 0 0.342 0.003 0.758 0.742
31.720 0 0.330 -0.011 0.755 0.742
31.760 0 0.345 -0.006 0.766 0.739
31.800 0 0.327 -0.014 0.747 0.731
31.840 0 0.338 -0.017 0.755 0.722
31.880 0 0.328 -0.028 0.748 0.717
31.920 0 0.339 -0.033 0.756 0.706
31.960 0 0.339 -0.039 0.756 0.700
32.000 0 0.331 -0.039 0.745 0.694
32.040 0 0.339 -0.044 0.758 0.697
32.080 0 0.341 -0.042 0.758 0.697
32.120 0 0.342 -0.039 0.759 0.700
32.160 0 0.345 -0.033 0.761 0.706
32.200 0 0.347 -0.025 0.762 0.711
32.240 0 0.350 -0.017 0.764 0.714
32.280 0 0.355 -0.011 0.764 0.717
32.320 0 0.356 -0.008 0.766 0.717
32.360 0 0.358 -0.008 0.767 0.717
32.400 0 0.358 -0.006 0.769 0.725
32.440 0 0.358 0.000 0.770 0.731
32.480 0 0.358 0.006 0.770 0.736
32.520 0 0.359 0.011 0.772 0.739
32.560 0 0.361 0.011 0.772 0.742
32.600 0 0.361 0.011 0.773 0.742
32.640 0 0.366 0.017 0.780 0.747
32.680 0 0.350 0.008 0.767 0.750
32.720 0 0.369 0.014 0.787 0.756
32.760 0 0.359 0.025 0.773 0.756
32.800 0 0.366 0.031 0.781 0.767
32.840 0 0.356 0.036 0.770 0.772
32.880 0 0.366 0.050 0.775 0.772
32.920 0 0.352 0.047 0.769 0.789
32.960 0 0.352 0.050 0.770 0.792
33.000 0 0.352 0.050 0.770 0.792
33.040 0 0.352 0.050 0.770 0.792
33.080 0 0.342 0.053 0.758 0.789
33.120 0 0.348 0.050 0.770 0.797
33.160 0 0.341 0.061 0.750 0.786
33.200 0 0.344 0.058 0.762 0.800
33.240 0 0.334 0.061 0.748 0.794
33.280 0 0.341 0.058 0.759 0.803
33.320 0 0.327 0.053 0.752 0.806
33.360 0 0.338 0.058 0.756 0.800
33.400 0 0.338 0.058 0.753 0.794
33.440 0 0.338 0.050 0.753 0.783
33.480 0 0.338 0.036 0.753 0.772
33.520 0 0.336 0.022 0.752 0.758
33.560 0 0.334 0.014 0.750 0.750
33.600 0 0.331 0.006 0.752 0.747
33.640 0 0.330 0.000 0.750 0.744
33.680 0 0.327 -0.006 0.752 0.747
33.720 0 0.325 -0.006 0.752 0.750
33.760 0 0.325 -0.008 0.753 0.747
33.800 0 0.341 -0.008 0.761 0.739
33.840 0 0.334 -0.014 0.758 0.733
33.880 0 0.350 -0.022 0.770 0.722
33.920 0 0.345 -0.033 0.766 0.711
33.960 0 0.359 -0.039 0.775 0.697
34.000 0 0.356 -0.044 0.770 0.692
34.040 0 0.366 -0.047 0.787 0.697
34.080 0 0.353 -0.047 0.772 0.692
34.120 0 0.362 -0.039 0.780 0.700
34.160 0 0.361 -0.033 0.781 0.711
34.200 0 0.348 -0.028 0.772 0.722
34.240 0 0.367 -0.022 0.792 0.731
34.280 0 0.353 -0.019 0.778 0.733
34.320 0 0.359 -0.017 0.784 0.736
34.360 0 0.361 -0.017 0.786 0.736
34.400 0 0.359 -0.019 0.784 0.733
34.440 0 0.358 -0.022 0.783 0.731
34.480 0 0.353 -0.025 0.780 0.731
34.520 0 0.348 -0.031 0.775 0.728
34.560 0 0.344 -0.031 0.772 0.728
34.600 0 0.338 -0.031 0.767 0.728
34.640 0 0.334 -0.031 0.762 0.728
34.680 0 0.330 -0.033 0.758 0.725
34.720 0 0.327 -0.033 0.755 0.725
34.760 0 0.323 -0.036 0.752 0.722
34.800 0 0.322 -0.039 0.750 0.719
34.840 0 0.320 -0.039 0.750 0.719
34.880 0 0.320 -0.039 0.748 0.719
34.920 0 0.308 -0.039 0.738 0.719
34.960 0 0.316 -0.042 0.747 0.725
35.000 0 0.305 -0.039 0.734 0.725
35.040 0 0.312 -0.033 0.742 0.728
35.080 0 0.298 -0.031 0.731 0.733
35.120 0 0.306 -0.028 0.739 0.739
35.160 0 0.292 -0.028 0.725 0.739
35.200 0 0.300 -0.022 0.733 0.744
35.240 0 0.287 -0.019 0.717 0.744
35.280 0 0.294 -0.014 0.725 0.747
35.320 0 0.280 -0.011 0.709 0.747
35.360 0 0.286 -0.008 0.716 0.753
35.400 0 0.273 -0.006 0.700 0.750
35.440 0 0.277 -0.003 0.705 0.756
35.480 0 0.263 -0.003 0.689 0.750
38.000 1 0.256 -0.139 0.758 0.853
38.040 1 0.245 -0.139 0.745 0.850
38.080 1 0.270 -0.136 0.767 0.847
38.120 1 0.255 -0.144 0.748 0.833
38.160 1 0.258 -0.136 0.758 0.853
38.200 1 0.273 -0.131 0.767 0.844
38.240 1 0.259 -0.136 0.759 0.850
38.280 1 0.273 -0.136 0.770 0.847
38.320 1 0.259 -0.139 0.761 0.853
38.360 1 0.259 -0.139 0.761 0.853
38.400 1 0.261 -0.136 0.762 0.858
38.440 1 0.244 -0.144 0.755 0.867
38.480 1 0.272 -0.133 0.783 0.878
38.520 1 0.245 -0.142 0.756 0.867
38.560 1 0.256 -0.144 0.780 0.889
38.600 1 0.256 -0.144 0.764 0.858
38.640 1 0.255 -0.144 0.761 0.856
38.680 1 0.253 -0.147 0.759 0.856
38.720 1 0.250 -0.150 0.758 0.856
38.760 1 0.241 -0.142 0.741 0.847
38.800 1 0.247 -0.144 0.755 0.858
38.840 1 0.234 -0.139 0.739 0.858
38.880 1 0.242 -0.144 0.752 0.867
38.920 1 0.231 -0.133 0.731 0.856
38.960 1 0.234 -0.142 0.747 0.872
39.000 1 0.223 -0.136 0.730 0.867
39.040 1 0.227 -0.142 0.744 0.881
39.080 1 0.211 -0.139 0.727 0.881
39.120 1 0.217 -0.139 0.736 0.886
39.160 1 0.203 -0.142 0.722 0.883
39.200 1 0.214 -0.139 0.731 0.883
39.240 1 0.200 -0.142 0.719 0.883
39.280 1 0.206 -0.144 0.730 0.889
39.320 1 0.222 -0.144 0.745 0.892
39.360 1 0.209 -0.144 0.733 0.889
39.400 1 0.197 -0.147 0.722 0.889
39.440 1 0.209 -0.144 0.733 0.892
39.480 1 0.222 -0.144 0.747 0.894
39.520 1 0.212 -0.144 0.738 0.892
39.560 1 0.198 -0.150 0.725 0.892
39.600 1 0.222 -0.147 0.761 0.917
39.640 1 0.217 -0.153 0.747 0.897
39.680 1 0.234 -0.156 0.758 0.883
39.720 1 0.234 -0.142 0.741 0.861
39.760 1 0.250 -0.139 0.747 0.842
39.800 1 0.242 -0.142 0.738 0.836
39.840 1 0.258 -0.139 0.745 0.825
39.880 1 0.252 -0.139 0.733 0.814
39.920 1 0.266 -0.139 0.741 0.800
39.960 1 0.258 -0.144 0.731 0.792
40.000 1 0.256 -0.150 0.731 0.789
40.040 1 0.270 -0.150 0.739 0.778
40.080 1 0.264 -0.150 0.728 0.767
40.120 1 0.263 -0.156 0.727 0.764
40.160 1 0.261 -0.156 0.725 0.761
40.200 1 0.259 -0.156 0.723 0.761
40.240 1 0.247 -0.153 0.708 0.758
40.280 1 0.255 -0.144 0.716 0.764
40.320 1 0.253 -0.147 0.716 0.767
40.360 1 0.244 -0.139 0.702 0.767
40.400 1 0.250 -0.133 0.711 0.778
40.440 1 0.248 -0.131 0.713 0.786
40.480 1 0.234 -0.131 0.706 0.800
40.520 1 0.242 -0.131 0.714 0.806
40.560 1 0.242 -0.128 0.716 0.808
40.600 1 0.241 -0.128 0.717 0.817
40.640 1 0.228 -0.128 0.708 0.822
40.680 1 0.234 -0.131 0.719 0.825
40.720 1 0.222 -0.133 0.708 0.828
40.760 1 0.231 -0.133 0.717 0.828
40.800 1 0.231 -0.133 0.716 0.828
40.840 1 0.245 -0.136 0.730 0.825
40.880 1 0.241 -0.136 0.720 0.814
40.920 1 0.253 -0.136 0.734 0.814
40.960 1 0.247 -0.136 0.727 0.811
41.000 1 0.247 -0.133 0.728 0.817
41.040 1 0.248 -0.136 0.731 0.817
41.080 1 0.248 -0.136 0.731 0.819
41.120 1 0.261 -0.136 0.744 0.819
41.160 1 0.239 -0.136 0.722 0.819
41.200 1 0.247 -0.136 0.731 0.822
41.240 1 0.245 -0.133 0.731 0.828
41.280 1 0.247 -0.131 0.733 0.828
41.320 1 0.247 -0.128 0.734 0.836
41.360 1 0.248 -0.125 0.734 0.839
41.400 1 0.250 -0.122 0.736 0.842
41.440 1 0.252 -0.119 0.738 0.842
41.480 1 0.267 -0.114 0.748 0.836
41.520 1 0.256 -0.119 0.739 0.833
41.560 1 0.267 -0.128 0.750 0.828
41.600 1 0.259 -0.136 0.742 0.819
41.640 1 0.272 -0.147 0.756 0.811
41.680 1 0.263 -0.156 0.747 0.806
41.720 1 0.259 -0.164 0.747 0.800
41.760 1 0.270 -0.169 0.759 0.794
41.800 1 0.259 -0.178 0.750 0.794
41.840 1 0.270 -0.186 0.764 0.792
41.880 1 0.259 -0.186 0.755 0.792
41.920 1 0.270 -0.189 0.767 0.792
41.960 1 0.252 -0.200 0.752 0.789
42.000 1 0.263 -0.183 0.758 0.794
42.040 1 0.266 -0.175 0.756 0.797
42.080 1 0.267 -0.167 0.755 0.797
42.120 1 0.269 -0.164 0.755 0.797
42.160 1 0.270 -0.158 0.755 0.797
42.200 1 0.283 -0.158 0.769 0.800
42.240 1 0.277 -0.158 0.758 0.792
42.280 1 0.287 -0.167 0.772 0.792
42.320 1 0.280 -0.172 0.764 0.786
42.360 1 0.289 -0.181 0.778 0.786
42.400 1 0.280 -0.189 0.770 0.783
42.440 1 0.278 -0.194 0.770 0.781
42.480 1 0.277 -0.197 0.770 0.778
42.520 1 0.287 -0.197 0.783 0.781
42.560 1 0.269 -0.208 0.767 0.778
42.600 1 0.275 -0.194 0.772 0.786
42.640 1 0.263 -0.192 0.759 0.789
42.680 1 0.273 -0.186 0.769 0.794
42.720 1 0.261 -0.183 0.756 0.797
42.760 1 0.272 -0.178 0.766 0.797
42.800 1 0.259 -0.172 0.752 0.800
42.840 1 0.272 -0.164 0.759 0.800
42.880 1 0.261 -0.161 0.748 0.803
42.920 1 0.270 -0.156 0.756 0.806
42.960 1 0.259 -0.156 0.747 0.806
43.000 1 0.272 -0.153 0.756 0.803
43.040 1 0.283 -0.156 0.769 0.806
43.080 1 0.273 -0.156 0.758 0.803
43.120 1 0.286 -0.156 0.770 0.803
43.160 1 0.275 -0.156 0.759 0.800
43.200 1 0.287 -0.156 0.772 0.803
43.240 1 0.275 -0.158 0.761 0.803
43.280 1 0.263 -0.158 0.750 0.803
43.320 1 0.272 -0.158 0.762 0.808
43.360 1 0.272 -0.158 0.761 0.808
43.400 1 0.261 -0.156 0.750 0.808
43.440 1 0.272 -0.153 0.759 0.811
43.480 1 0.256 -0.153 0.745 0.811
43.520 1 0.267 -0.153 0.756 0.814
43.560 1 0.253 -0.153 0.741 0.814
43.600 1 0.263 -0.150 0.752 0.817
43.640 1 0.261 -0.150 0.748 0.811
43.680 1 0.259 -0.153 0.747 0.808
43.720 1 0.258 -0.158 0.745 0.803
43.760 1 0.258 -0.164 0.745 0.800
43.800 1 0.256 -0.164 0.744 0.797
43.840 1 0.255 -0.167 0.742 0.797
43.880 1 0.252 -0.169 0.741 0.797
43.920 1 0.250 -0.172 0.741 0.797
43.960 1 0.237 -0.172 0.728 0.797
44.000 1 0.245 -0.169 0.739 0.806
44.040 1 0.234 -0.164 0.725 0.808
44.080 1 0.245 -0.156 0.736 0.814
44.120 1 0.234 -0.156 0.725 0.814
44.160 1 0.256 -0.153 0.747 0.817
44.200 1 0.248 -0.158 0.739 0.811
44.240 1 0.263 -0.161 0.750 0.806
44.280 1 0.252 -0.167 0.744 0.806
44.320 1 0.266 -0.172 0.756 0.800
44.360 1 0.256 -0.178 0.748 0.794
44.400 1 0.267 -0.183 0.761 0.794
44.440 1 0.258 -0.183 0.750 0.789
44.480 1 0.258 -0.183 0.748 0.786
44.520 1 0.256 -0.186 0.748 0.783
44.560 1 0.256 -0.192 0.748 0.783
44.600 1 0.255 -0.192 0.747 0.781
44.640 1 0.255 -0.192 0.747 0.781
44.680 1 0.255 -0.189 0.747 0.783
44.720 1 0.258 -0.183 0.747 0.786
44.760 1 0.263 -0.178 0.748 0.783
44.800 1 0.277 -0.181 0.766 0.786
44.840 1 0.269 -0.178 0.753 0.778
44.880 1 0.281 -0.181 0.767 0.778
44.920 1 0.275 -0.178 0.755 0.772
44.960 1 0.287 -0.181 0.769 0.769
45.000 1 0.280 -0.183 0.759 0.767
45.040 1 0.295 -0.181 0.772 0.761
45.080 1 0.286 -0.183 0.761 0.758
45.120 1 0.275 -0.181 0.750 0.758
45.160 1 0.297 -0.178 0.772 0.758
45.200 1 0.280 -0.189 0.758 0.758
45.240 1 0.286 -0.183 0.767 0.767
45.280 1 0.289 -0.181 0.769 0.769
45.320 1 0.291 -0.178 0.770 0.769
45.360 1 0.292 -0.175 0.770 0.772
45.400 1 0.294 -0.175 0.772 0.772
45.440 1 0.294 -0.172 0.772 0.775
45.480 1 0.281 -0.172 0.762 0.778
45.520 1 0.292 -0.169 0.772 0.778
45.560 1 0.278 -0.169 0.758 0.781
45.600 1 0.287 -0.167 0.767 0.783
45.640 1 0.273 -0.167 0.755 0.789
45.680 1 0.281 -0.161 0.764 0.792
47.440 2 0.958 0.331 1.017 0.436
47.480 2 0.948 0.325 1.009 0.433
47.520 2 0.941 0.322 1.002 0.431
47.560 2 0.933 0.319 0.994 0.428
47.600 2 0.925 0.319 0.986 0.428
47.640 2 0.917 0.317 0.980 0.428
47.680 2 0.911 0.319 0.973 0.431
47.720 2 0.905 0.325 0.967 0.436
47.760 2 0.898 0.328 0.961 0.439
47.800 2 0.891 0.331 0.955 0.444
47.840 2 0.884 0.333 0.948 0.447
47.880 2 0.878 0.339 0.942 0.456
47.920 2 0.872 0.342 0.939 0.461
47.960 2 0.864 0.342 0.931 0.458
48.000 2 0.858 0.339 0.925 0.458
48.040 2 0.852 0.336 0.917 0.453
48.080 2 0.844 0.333 0.909 0.453
48.120 2 0.836 0.328 0.903 0.450
48.160 2 0.828 0.331 0.895 0.450
48.200 2 0.820 0.328 0.889 0.450
48.240 2 0.814 0.331 0.883 0.453
48.280 2 0.806 0.331 0.877 0.453
48.320 2 0.798 0.331 0.869 0.456
48.360 2 0.791 0.333 0.861 0.458
52.640 3 0.186 0.294 0.531 0.908
52.680 3 0.184 0.289 0.531 0.906
52.720 3 0.184 0.283 0.531 0.900
52.760 3 0.183 0.278 0.530 0.897
52.800 3 0.181 0.275 0.530 0.894
52.840 3 0.180 0.269 0.528 0.889
52.880 3 0.178 0.267 0.527 0.886
52.920 3 0.170 0.261 0.520 0.883
52.960 3 0.178 0.253 0.531 0.881
53.000 3 0.172 0.244 0.527 0.875
53.040 3 0.183 0.242 0.537 0.872
53.080 3 0.178 0.239 0.533 0.869
53.120 3 0.191 0.239 0.544 0.867
53.160 3 0.188 0.239 0.537 0.861
53.200 3 0.198 0.239 0.548 0.861
53.240 3 0.200 0.231 0.545 0.847
53.280 3 0.211 0.239 0.556 0.853
53.320 3 0.194 0.239 0.539 0.850
53.360 3 0.206 0.236 0.550 0.847
53.400 3 0.189 0.242 0.528 0.847
53.440 3 0.197 0.242 0.536 0.844
53.480 3 0.181 0.239 0.517 0.836
53.520 3 0.192 0.236 0.528 0.836
53.560 3 0.175 0.236 0.512 0.833
53.600 3 0.183 0.236 0.519 0.833
53.640 3 0.177 0.233 0.512 0.831
53.680 3 0.186 0.233 0.520 0.828
53.720 3 0.186 0.231 0.520 0.825
53.760 3 0.180 0.228 0.512 0.819
53.800 3 0.189 0.222 0.522 0.814
53.840 3 0.184 0.217 0.516 0.806
53.880 3 0.194 0.211 0.527 0.800
53.920 3 0.191 0.206 0.522 0.794
53.960 3 0.203 0.206 0.531 0.792
54.000 3 0.197 0.203 0.525 0.786
54.040 3 0.208 0.203 0.537 0.789
54.080 3 0.203 0.200 0.531 0.786
54.120 3 0.211 0.200 0.539 0.783
54.160 3 0.209 0.197 0.539 0.781
54.200 3 0.209 0.194 0.537 0.778
54.240 3 0.208 0.189 0.539 0.778
54.280 3 0.202 0.186 0.533 0.775
54.320 3 0.214 0.183 0.550 0.778
54.360 3 0.203 0.183 0.541 0.783
54.400 3 0.209 0.189 0.550 0.794
54.440 3 0.200 0.194 0.539 0.797
54.480 3 0.203 0.194 0.548 0.806
54.520 3 0.197 0.200 0.537 0.803
54.560 3 0.200 0.208 0.534 0.803
54.600 3 0.202 0.211 0.536 0.806
54.640 3 0.208 0.217 0.542 0.811
54.680 3 0.197 0.219 0.531 0.814
54.720 3 0.212 0.219 0.550 0.819
54.760 3 0.198 0.219 0.542 0.831
54.800 3 0.217 0.228 0.561 0.839
54.840 3 0.206 0.233 0.550 0.842
54.880 3 0.225 0.244 0.562 0.842
54.920 3 0.209 0.236 0.555 0.850
54.960 3 0.225 0.242 0.573 0.861
55.000 3 0.216 0.247 0.564 0.867
55.040 3 0.206 0.258 0.550 0.869
55.080 3 0.209 0.261 0.555 0.875
55.120 3 0.197 0.264 0.544 0.881
55.160 3 0.216 0.269 0.561 0.883
55.200 3 0.205 0.272 0.550 0.886
55.240 3 0.223 0.275 0.569 0.886
55.280 4 0.338 0.042 0.503 0.333
55.320 4 0.328 0.033 0.500 0.336
55.360 4 0.336 0.033 0.508 0.336
55.400 4 0.330 0.033 0.503 0.339
55.440 4 0.333 0.036 0.505 0.339
55.480 4 0.327 0.036 0.498 0.342
55.520 4 0.330 0.042 0.500 0.339
55.560 4 0.323 0.042 0.494 0.342
55.600 4 0.327 0.042 0.495 0.339
55.640 4 0.322 0.042 0.492 0.342
55.680 4 0.325 0.044 0.494 0.342
55.720 4 0.320 0.044 0.491 0.344
55.760 4 0.320 0.044 0.491 0.347
55.800 4 0.320 0.044 0.491 0.347
55.840 4 0.320 0.047 0.492 0.347
55.880 4 0.320 0.047 0.492 0.350
55.920 4 0.320 0.050 0.492 0.350
55.960 4 0.323 0.053 0.494 0.350
56.000 4 0.327 0.053 0.495 0.350
56.040 4 0.328 0.044 0.498 0.342
56.080 4 0.334 0.047 0.503 0.344
56.120 4 0.338 0.047 0.506 0.344
56.160 4 0.341 0.053 0.509 0.347
56.200 4 0.344 0.056 0.512 0.350
56.240 4 0.347 0.058 0.514 0.353
56.280 4 0.348 0.058 0.516 0.353
56.320 4 0.348 0.058 0.516 0.353
56.360 4 0.348 0.061 0.516 0.353
56.400 4 0.352 0.061 0.517 0.353
56.440 4 0.348 0.058 0.516 0.356
56.480 4 0.350 0.064 0.517 0.356
56.520 4 0.352 0.067 0.517 0.358
56.560 4 0.353 0.067 0.519 0.358
56.600 4 0.353 0.067 0.519 0.361
56.640 4 0.353 0.067 0.519 0.361
56.680 4 0.350 0.067 0.519 0.364
56.720 4 0.352 0.067 0.520 0.364
56.760 4 0.355 0.069 0.520 0.361
56.800 4 0.350 0.069 0.517 0.361
56.840 4 0.353 0.067 0.520 0.361
56.880 4 0.347 0.067 0.516 0.361
56.920 4 0.348 0.067 0.516 0.361
56.960 4 0.347 0.064 0.514 0.361
57.000 4 0.345 0.053 0.514 0.350
57.040 4 0.347 0.058 0.516 0.356
57.080 4 0.345 0.056 0.514 0.353
57.120 4 0.345 0.056 0.512 0.353
57.160 4 0.344 0.053 0.512 0.350
57.200 4 0.344 0.050 0.511 0.344
57.240 4 0.347 0.050 0.512 0.342
57.280 4 0.342 0.047 0.508 0.339
57.320 4 0.344 0.042 0.511 0.336
57.360 4 0.345 0.039 0.511 0.333
57.400 4 0.345 0.039 0.511 0.331
57.440 4 0.347 0.039 0.512 0.331
57.480 4 0.347 0.036 0.512 0.328
57.520 4 0.347 0.036 0.512 0.328
57.560 4 0.345 0.033 0.511 0.328
57.600 4 0.348 0.036 0.514 0.328
57.640 4 0.344 0.039 0.509 0.331
57.680 4 0.347 0.039 0.516 0.333
57.720 4 0.342 0.039 0.511 0.336
57.760 4 0.342 0.039 0.516 0.342
57.800 4 0.341 0.042 0.512 0.342
57.840 4 0.345 0.044 0.516 0.344
57.880 4 0.344 0.044 0.512 0.344
57.920 4 0.344 0.044 0.512 0.344
57.960 4 0.345 0.044 0.514 0.344
58.000 4 0.345 0.053 0.514 0.350
58.040 4 0.350 0.058 0.517 0.356
58.080 4 0.345 0.061 0.509 0.350
58.120 4 0.353 0.064 0.517 0.353
58.160 4 0.348 0.061 0.514 0.353
58.200 4 0.352 0.061 0.516 0.350
58.240 4 0.352 0.061 0.517 0.353
58.280 4 0.352 0.058 0.520 0.356
58.320 4 0.353 0.058 0.522 0.356
58.360 4 0.355 0.058 0.523 0.356
58.400 4 0.355 0.058 0.523 0.356
58.440 4 0.356 0.061 0.525 0.358
58.480 4 0.358 0.061 0.527 0.358
58.520 4 0.358 0.061 0.527 0.358
58.560 4 0.361 0.064 0.527 0.356
58.600 4 0.361 0.061 0.528 0.358
58.640 4 0.364 0.064 0.528 0.353
58.680 4 0.362 0.061 0.530 0.356
58.720 4 0.364 0.061 0.528 0.353
58.760 4 0.364 0.058 0.530 0.353
58.800 4 0.364 0.058 0.530 0.350
58.840 4 0.364 0.056 0.531 0.350
58.880 4 0.366 0.053 0.533 0.347
58.920 4 0.361 0.050 0.530 0.347
58.960 4 0.362 0.047 0.533 0.347
59.000 4 0.364 0.053 0.533 0.350
59.040 4 0.359 0.050 0.523 0.342
59.080 4 0.361 0.050 0.522 0.339
59.120 4 0.361 0.050 0.523 0.339
59.160 4 0.362 0.050 0.523 0.336
59.200 4 0.362 0.047 0.525 0.336
59.240 4 0.364 0.050 0.523 0.333
59.280 4 0.367 0.053 0.523 0.331
59.320 4 0.369 0.056 0.522 0.328
59.360 4 0.369 0.053 0.525 0.331
59.400 4 0.370 0.053 0.525 0.328
59.440 4 0.372 0.053 0.525 0.328
59.480 4 0.370 0.053 0.527 0.328
59.520 4 0.375 0.053 0.528 0.328
59.560 4 0.370 0.053 0.525 0.325
59.600 4 0.377 0.056 0.528 0.328
59.640 4 0.375 0.056 0.525 0.322
59.680 4 0.377 0.058 0.525 0.322
59.720 4 0.378 0.061 0.527 0.325
59.760 4 0.378 0.061 0.527 0.325
59.800 4 0.380 0.064 0.528 0.325
59.840 4 0.381 0.064 0.528 0.325
59.880 4 0.381 0.067 0.528 0.328
59.920 4 0.383 0.067 0.530 0.328
59.960 4 0.383 0.067 0.530 0.328
60.000 4 0.381 0.069 0.520 0.319
60.040 4 0.381 0.069 0.520 0.319
60.080 4 0.381 0.069 0.520 0.319
60.120 4 0.381 0.069 0.522 0.319
60.160 4 0.386 0.072 0.523 0.317
60.200 4 0.380 0.072 0.516 0.317
60.240 4 0.386 0.075 0.520 0.317
60.280 4 0.381 0.067 0.520 0.319
60.320 4 0.381 0.067 0.520 0.317
60.360 4 0.381 0.067 0.522 0.317
60.400 4 0.381 0.064 0.520 0.317
60.440 5 0.267 -0.117 0.773 0.881
60.480 5 0.253 -0.128 0.767 0.886
60.520 5 0.270 -0.119 0.777 0.881
60.560 5 0.256 -0.128 0.770 0.886
60.600 5 0.273 -0.119 0.780 0.881
60.640 5 0.259 -0.125 0.770 0.883
60.680 5 0.275 -0.122 0.780 0.875
60.720 5 0.275 -0.125 0.778 0.869
60.760 5 0.272 -0.128 0.775 0.867
60.800 5 0.270 -0.131 0.773 0.861
60.840 5 0.267 -0.133 0.769 0.858
60.880 5 0.264 -0.136 0.766 0.856
60.920 5 0.263 -0.136 0.762 0.853
60.960 5 0.275 -0.133 0.772 0.853
61.000 5 0.256 -0.139 0.758 0.853
61.040 5 0.241 -0.139 0.748 0.864
61.080 5 0.253 -0.136 0.759 0.864
61.120 5 0.241 -0.139 0.747 0.861
61.160 5 0.236 -0.150 0.745 0.861
61.200 5 0.248 -0.139 0.752 0.858
61.240 5 0.248 -0.139 0.752 0.856
61.280 5 0.252 -0.139 0.752 0.853
61.320 5 0.255 -0.139 0.753 0.847
61.360 5 0.258 -0.139 0.755 0.844
61.400 5 0.261 -0.139 0.756 0.842
61.440 5 0.256 -0.139 0.752 0.839
61.480 5 0.266 -0.139 0.758 0.836
61.520 5 0.263 -0.142 0.753 0.828
61.560 5 0.261 -0.144 0.752 0.825
61.600 5 0.261 -0.147 0.748 0.819
61.640 5 0.258 -0.150 0.745 0.817
61.680 5 0.256 -0.150 0.742 0.814
61.720 5 0.259 -0.147 0.744 0.811
61.760 5 0.241 -0.153 0.730 0.814
61.800 5 0.245 -0.147 0.734 0.819
61.840 5 0.227 -0.153 0.719 0.819
61.880 5 0.231 -0.142 0.722 0.831
61.920 5 0.212 -0.150 0.708 0.828
61.960 5 0.217 -0.142 0.713 0.836
62.000 5 0.200 -0.139 0.702 0.853
62.040 5 0.180 -0.144 0.689 0.864
62.080 5 0.191 -0.133 0.695 0.864
62.120 5 0.173 -0.139 0.678 0.858
62.160 5 0.191 -0.136 0.694 0.858
62.200 5 0.167 -0.136 0.662 0.842
62.240 5 0.184 -0.142 0.675 0.831
62.280 5 0.159 -0.144 0.647 0.822
62.320 5 0.173 -0.158 0.664 0.814
62.360 5 0.150 -0.164 0.642 0.806
62.400 5 0.169 -0.164 0.656 0.800
62.440 5 0.166 -0.167 0.655 0.800
62.480 5 0.172 -0.164 0.659 0.803
62.520 5 0.178 -0.158 0.666 0.808
62.560 5 0.188 -0.153 0.675 0.808
62.600 5 0.195 -0.150 0.683 0.811
62.640 5 0.203 -0.147 0.689 0.814
62.680 5 0.209 -0.142 0.694 0.817
62.720 5 0.228 -0.136 0.708 0.811
62.760 5 0.220 -0.142 0.703 0.814
62.800 5 0.236 -0.144 0.720 0.814
62.840 5 0.228 -0.144 0.711 0.811
62.880 5 0.245 -0.142 0.727 0.808
62.920 5 0.227 -0.153 0.713 0.811
62.960 5 0.250 -0.147 0.738 0.817
63.000 5 0.234 -0.147 0.722 0.819
63.040 5 0.259 -0.142 0.747 0.825
63.080 5 0.242 -0.139 0.731 0.828
63.120 5 0.264 -0.136 0.755 0.833
63.160 5 0.255 -0.139 0.745 0.833
63.200 5 0.266 -0.142 0.758 0.833
63.240 5 0.252 -0.144 0.739 0.819
63.280 5 0.253 -0.139 0.744 0.828
63.320 5 0.252 -0.142 0.741 0.825
63.360 5 0.248 -0.142 0.736 0.819
81.200 6 0.895 0.203 0.952 0.306
81.240 6 0.895 0.206 0.953 0.306
81.280 6 0.894 0.203 0.948 0.303
81.320 6 0.895 0.203 0.952 0.303
81.360 6 0.894 0.206 0.950 0.303
81.400 6 0.894 0.206 0.950 0.306
81.440 6 0.895 0.206 0.950 0.306
81.480 6 0.895 0.206 0.950 0.306
81.520 6 0.894 0.206 0.950 0.306
81.560 6 0.895 0.206 0.950 0.306
81.600 6 0.895 0.206 0.950 0.306
81.640 6 0.894 0.206 0.948 0.303
81.680 6 0.895 0.206 0.952 0.306
81.720 6 0.895 0.206 0.952 0.306
81.760 6 0.897 0.206 0.953 0.306
81.800 6 0.895 0.208 0.952 0.308
81.840 6 0.894 0.211 0.950 0.311
81.880 6 0.892 0.217 0.950 0.319
81.920 6 0.892 0.222 0.948 0.322
81.960 6 0.889 0.225 0.945 0.325
82.000 6 0.889 0.228 0.945 0.328
82.040 6 0.887 0.228 0.947 0.331
82.080 6 0.886 0.228 0.945 0.331
82.120 6 0.887 0.231 0.945 0.333
82.160 6 0.886 0.231 0.944 0.333
82.200 6 0.886 0.231 0.944 0.333
82.240 6 0.886 0.231 0.942 0.333
82.280 6 0.886 0.231 0.942 0.333
82.320 6 0.886 0.231 0.942 0.333
82.360 6 0.886 0.231 0.942 0.333
82.400 6 0.884 0.231 0.942 0.333
82.440 6 0.886 0.231 0.942 0.331
82.480 6 0.884 0.231 0.942 0.333
82.520 6 0.884 0.231 0.942 0.331
82.560 6 0.884 0.231 0.941 0.331
82.600 6 0.886 0.228 0.942 0.331
82.640 6 0.884 0.228 0.941 0.331
82.680 6 0.886 0.228 0.942 0.331
82.720 6 0.884 0.228 0.941 0.328
82.760 6 0.886 0.228 0.942 0.328
82.800 6 0.884 0.228 0.942 0.328
82.840 6 0.886 0.228 0.942 0.328
82.880 6 0.886 0.228 0.942 0.328
82.920 6 0.886 0.228 0.942 0.328
82.960 6 0.886 0.228 0.942 0.328
83.000 6 0.887 0.228 0.944 0.328
83.040 6 0.887 0.228 0.944 0.328
83.080 6 0.887 0.225 0.944 0.328
83.120 6 0.887 0.225 0.944 0.328
83.160 6 0.889 0.228 0.945 0.328
83.200 6 0.889 0.228 0.945 0.328
83.240 6 0.891 0.228 0.947 0.328
83.280 6 0.892 0.231 0.948 0.331
83.320 6 0.892 0.231 0.950 0.331
83.360 6 0.894 0.231 0.950 0.331
83.400 6 0.894 0.233 0.950 0.333
83.440 6 0.895 0.233 0.952 0.333
83.480 6 0.897 0.233 0.953 0.333
83.520 6 0.897 0.233 0.953 0.333
83.560 6 0.898 0.236 0.955 0.333
83.600 6 0.898 0.236 0.955 0.336
83.640 6 0.898 0.236 0.955 0.336
83.680 6 0.900 0.236 0.956 0.336
83.720 6 0.902 0.236 0.956 0.336
83.760 6 0.902 0.239 0.956 0.336
83.800 6 0.902 0.239 0.956 0.339
83.840 6 0.902 0.239 0.956 0.339
83.880 6 0.902 0.239 0.956 0.339
83.920 6 0.902 0.239 0.956 0.339
83.960 6 0.902 0.239 0.956 0.336
84.000 6 0.902 0.239 0.958 0.336
84.040 6 0.902 0.239 0.956 0.336
84.080 6 0.902 0.236 0.956 0.336
84.120 6 0.902 0.236 0.956 0.333
84.160 6 0.900 0.233 0.956 0.333
84.200 6 0.900 0.233 0.955 0.331
84.240 6 0.900 0.231 0.955 0.331
84.280 6 0.900 0.231 0.955 0.328
84.320 6 0.898 0.231 0.955 0.328
84.360 6 0.898 0.228 0.953 0.325
84.400 6 0.898 0.228 0.953 0.325
84.440 6 0.897 0.228 0.953 0.325
84.480 6 0.897 0.225 0.952 0.322
84.520 6 0.897 0.225 0.952 0.322
84.560 6 0.897 0.222 0.952 0.319
84.600 6 0.895 0.222 0.950 0.319
84.640 6 0.895 0.219 0.950 0.317
84.680 6 0.894 0.219 0.948 0.317
84.720 6 0.894 0.217 0.948 0.314
84.760 6 0.894 0.217 0.947 0.314
84.800 6 0.892 0.217 0.947 0.314
84.840 6 0.892 0.214 0.947 0.311
84.880 6 0.891 0.211 0.945 0.308
84.920 6 0.891 0.211 0.945 0.308
84.960 6 0.889 0.211 0.944 0.308
85.000 6 0.889 0.206 0.945 0.306
85.040 6 0.889 0.206 0.945 0.306
85.080 6 0.889 0.203 0.944 0.303
85.120 6 0.887 0.203 0.944 0.303
85.160 6 0.887 0.200 0.944 0.303
85.200 6 0.886 0.200 0.944 0.303
85.240 6 0.886 0.200 0.944 0.300
85.280 6 0.886 0.197 0.942 0.300
85.320 6 0.884 0.197 0.942 0.300
85.360 6 0.884 0.197 0.942 0.300
85.400 6 0.883 0.197 0.939 0.297
85.440 6 0.883 0.197 0.941 0.300
85.480 6 0.881 0.197 0.939 0.300
85.520 6 0.881 0.197 0.939 0.300
85.560 6 0.881 0.197 0.939 0.300
85.600 6 0.881 0.197 0.939 0.300
85.640 6 0.881 0.197 0.939 0.300
85.680 6 0.881 0.197 0.938 0.300
85.720 6 0.883 0.197 0.939 0.297
85.760 6 0.881 0.194 0.939 0.297
85.800 6 0.883 0.194 0.941 0.297
85.840 6 0.881 0.194 0.939 0.297
85.880 6 0.883 0.192 0.941 0.294
85.920 6 0.880 0.192 0.939 0.294
85.960 6 0.883 0.192 0.942 0.294
86.000 6 0.880 0.192 0.939 0.294
86.040 6 0.883 0.192 0.939 0.292
86.080 6 0.883 0.192 0.939 0.292
86.120 6 0.883 0.192 0.939 0.292
86.160 6 0.883 0.192 0.939 0.292
86.200 6 0.881 0.192 0.938 0.292
86.240 6 0.880 0.192 0.936 0.292
86.280 6 0.880 0.192 0.936 0.292
86.320 6 0.878 0.192 0.934 0.294
86.360 6 0.877 0.194 0.933 0.294
86.400 6 0.878 0.194 0.934 0.294
81.200 7 0.728 0.264 0.784 0.367
81.240 7 0.727 0.267 0.783 0.367
81.280 7 0.725 0.267 0.781 0.367
81.320 7 0.722 0.264 0.780 0.367
81.360 7 0.723 0.267 0.780 0.369
81.400 7 0.722 0.267 0.778 0.369
81.440 7 0.722 0.267 0.780 0.369
81.480 7 0.722 0.267 0.778 0.369
81.520 7 0.722 0.267 0.778 0.369
81.560 7 0.722 0.267 0.778 0.369
81.600 7 0.722 0.267 0.778 0.369
81.640 7 0.722 0.267 0.780 0.369
81.680 7 0.722 0.267 0.780 0.369
81.720 7 0.725 0.269 0.783 0.369
81.760 7 0.725 0.269 0.781 0.369
81.800 7 0.725 0.272 0.781 0.372
81.840 7 0.725 0.275 0.783 0.375
81.880 7 0.725 0.283 0.780 0.381
81.920 7 0.722 0.283 0.780 0.386
81.960 7 0.720 0.289 0.778 0.389
82.000 7 0.720 0.292 0.777 0.392
82.040 7 0.720 0.294 0.777 0.394
82.080 7 0.717 0.294 0.775 0.397
82.120 7 0.719 0.297 0.775 0.397
82.160 7 0.717 0.297 0.773 0.400
82.200 7 0.717 0.297 0.773 0.400
82.240 7 0.717 0.297 0.773 0.397
82.280 7 0.717 0.297 0.775 0.400
82.320 7 0.716 0.297 0.773 0.400
82.360 7 0.717 0.297 0.775 0.400
82.400 7 0.716 0.297 0.773 0.400
82.440 7 0.716 0.297 0.772 0.397
82.480 7 0.716 0.297 0.772 0.397
82.520 7 0.716 0.294 0.772 0.397
82.560 7 0.714 0.294 0.772 0.397
82.600 7 0.714 0.294 0.772 0.397
82.640 7 0.714 0.294 0.772 0.397
82.680 7 0.714 0.294 0.772 0.397
82.720 7 0.713 0.294 0.770 0.397
82.760 7 0.714 0.294 0.772 0.397
82.800 7 0.714 0.294 0.772 0.397
82.840 7 0.713 0.294 0.770 0.397
82.880 7 0.714 0.294 0.772 0.394
82.920 7 0.713 0.294 0.769 0.394
82.960 7 0.713 0.294 0.769 0.394
83.000 7 0.711 0.294 0.767 0.394
83.040 7 0.709 0.292 0.767 0.394
83.080 7 0.709 0.292 0.766 0.394
83.120 7 0.709 0.292 0.767 0.394
83.160 7 0.708 0.292 0.764 0.394
83.200 7 0.708 0.292 0.766 0.394
83.240 7 0.706 0.294 0.762 0.394
83.280 7 0.706 0.294 0.764 0.394
83.320 7 0.705 0.297 0.761 0.397
83.360 7 0.706 0.297 0.762 0.397
83.400 7 0.705 0.300 0.761 0.397
83.440 7 0.703 0.297 0.759 0.397
83.480 7 0.703 0.297 0.761 0.397
83.520 7 0.705 0.297 0.761 0.400
83.560 7 0.703 0.297 0.759 0.397
83.600 7 0.703 0.297 0.761 0.400
83.640 7 0.703 0.297 0.761 0.397
83.680 7 0.705 0.297 0.761 0.397
83.720 7 0.705 0.297 0.761 0.397
83.760 7 0.705 0.300 0.761 0.400
83.800 7 0.705 0.300 0.761 0.400
83.840 7 0.705 0.300 0.761 0.400
83.880 7 0.705 0.300 0.759 0.400
83.920 7 0.703 0.300 0.759 0.400
83.960 7 0.703 0.300 0.759 0.400
84.000 7 0.705 0.297 0.761 0.397
84.040 7 0.705 0.297 0.761 0.397
84.080 7 0.705 0.297 0.762 0.400
84.120 7 0.705 0.297 0.761 0.400
84.160 7 0.706 0.297 0.764 0.400
84.200 7 0.705 0.294 0.764 0.400
84.240 7 0.706 0.294 0.766 0.397
84.280 7 0.706 0.294 0.766 0.397
84.320 7 0.706 0.292 0.764 0.397
84.360 7 0.708 0.292 0.766 0.394
84.400 7 0.705 0.289 0.762 0.392
84.440 7 0.706 0.289 0.764 0.392
84.480 7 0.703 0.286 0.761 0.389
84.520 7 0.705 0.283 0.762 0.389
84.560 7 0.702 0.283 0.759 0.386
84.600 7 0.702 0.283 0.759 0.386
84.640 7 0.697 0.281 0.756 0.386
84.680 7 0.700 0.278 0.759 0.383
84.720 7 0.695 0.278 0.755 0.383
84.760 7 0.698 0.275 0.758 0.381
84.800 7 0.695 0.275 0.755 0.381
84.840 7 0.697 0.275 0.756 0.378
84.880 7 0.694 0.272 0.753 0.375
84.920 7 0.697 0.272 0.755 0.375
84.960 7 0.694 0.272 0.750 0.372
85.000 7 0.695 0.272 0.752 0.372
85.040 7 0.695 0.272 0.752 0.372
85.080 7 0.695 0.269 0.752 0.369
85.120 7 0.697 0.269 0.753 0.369
85.160 7 0.695 0.269 0.752 0.369
85.200 7 0.697 0.269 0.753 0.369
85.240 7 0.697 0.269 0.752 0.367
85.280 7 0.697 0.269 0.752 0.367
85.320 7 0.695 0.269 0.752 0.367
85.360 7 0.697 0.269 0.752 0.367
85.400 7 0.695 0.269 0.750 0.367
85.440 7 0.695 0.269 0.750 0.367
85.480 7 0.694 0.269 0.748 0.367
85.520 7 0.695 0.269 0.750 0.367
85.560 7 0.692 0.269 0.747 0.367
85.600 7 0.694 0.269 0.748 0.367
85.640 7 0.694 0.269 0.748 0.367
85.680 7 0.694 0.267 0.748 0.367
85.720 7 0.694 0.267 0.748 0.364
85.760 7 0.694 0.264 0.750 0.364
85.800 7 0.694 0.264 0.748 0.361
85.840 7 0.694 0.261 0.748 0.361
85.880 7 0.694 0.261 0.750 0.361
85.920 7 0.694 0.261 0.750 0.361
85.960 7 0.694 0.258 0.750 0.358
86.000 7 0.694 0.258 0.752 0.358
86.040 7 0.692 0.256 0.750 0.358
86.080 7 0.692 0.256 0.750 0.358
86.120 7 0.692 0.256 0.750 0.358
86.160 7 0.692 0.256 0.750 0.358
86.200 7 0.691 0.256 0.750 0.358
86.240 7 0.689 0.253 0.748 0.358
86.280 7 0.689 0.253 0.750 0.361
86.320 7 0.686 0.256 0.747 0.364
86.360 7 0.688 0.256 0.747 0.364
86.400 7 0.684 0.256 0.745 0.364
100.480 8 0.214 0.094 0.384 0.397
100.520 8 0.209 0.097 0.378 0.397
100.560 8 0.208 0.097 0.380 0.403
100.600 8 0.205 0.103 0.373 0.403
100.640 8 0.203 0.103 0.373 0.408
100.680 8 0.198 0.106 0.367 0.406
100.720 8 0.200 0.108 0.370 0.408
100.760 8 0.195 0.108 0.364 0.406
100.800 8 0.197 0.108 0.369 0.411
100.840 8 0.194 0.111 0.361 0.408
100.880 8 0.194 0.114 0.361 0.411
100.920 8 0.195 0.117 0.362 0.414
100.960 8 0.197 0.119 0.364 0.417
101.000 8 0.197 0.119 0.364 0.417
101.040 8 0.194 0.125 0.364 0.428
101.080 8 0.194 0.128 0.359 0.422
101.120 8 0.197 0.125 0.366 0.422
101.160 8 0.195 0.125 0.361 0.419
101.200 8 0.198 0.122 0.366 0.422
101.240 8 0.194 0.122 0.362 0.422
101.280 8 0.197 0.125 0.364 0.422
101.320 8 0.195 0.125 0.362 0.422
101.360 8 0.192 0.122 0.361 0.422
101.400 8 0.192 0.125 0.358 0.422
101.440 8 0.189 0.125 0.356 0.422
101.480 8 0.186 0.128 0.353 0.425
101.520 8 0.184 0.131 0.352 0.428
101.560 8 0.183 0.131 0.348 0.425
101.600 8 0.186 0.128 0.355 0.428
101.640 8 0.184 0.128 0.352 0.425
101.680 8 0.189 0.128 0.358 0.425
101.720 8 0.189 0.125 0.355 0.419
101.760 8 0.192 0.122 0.361 0.419
101.800 8 0.192 0.122 0.358 0.417
101.840 8 0.197 0.117 0.364 0.417
101.880 8 0.197 0.117 0.362 0.411
101.920 8 0.202 0.117 0.369 0.414
101.960 8 0.202 0.117 0.366 0.408
102.000 8 0.197 0.119 0.364 0.417
102.040 8 0.200 0.111 0.367 0.406
102.080 8 0.202 0.108 0.367 0.406
102.120 8 0.198 0.111 0.362 0.406
102.160 8 0.202 0.108 0.370 0.408
102.200 8 0.198 0.111 0.364 0.406
102.240 8 0.198 0.111 0.369 0.411
102.280 8 0.195 0.114 0.361 0.408
102.320 8 0.200 0.114 0.367 0.411
102.360 8 0.195 0.114 0.361 0.408
102.400 8 0.198 0.111 0.366 0.411
102.440 8 0.197 0.114 0.362 0.411
102.480 8 0.197 0.114 0.366 0.414
102.520 8 0.200 0.114 0.370 0.417
102.560 8 0.197 0.117 0.362 0.411
102.600 8 0.200 0.114 0.369 0.414
102.640 8 0.198 0.117 0.366 0.414
102.680 8 0.198 0.117 0.366 0.417
102.720 8 0.197 0.119 0.366 0.419
102.760 8 0.194 0.125 0.359 0.419
102.800 8 0.197 0.122 0.370 0.431
102.840 8 0.194 0.128 0.359 0.422
102.880 8 0.197 0.125 0.367 0.428
102.920 8 0.194 0.128 0.361 0.425
102.960 8 0.195 0.125 0.366 0.428
103.000 8 0.197 0.119 0.364 0.417
103.040 8 0.194 0.119 0.362 0.417
103.080 8 0.194 0.117 0.362 0.414
103.120 8 0.194 0.114 0.361 0.414
103.160 8 0.194 0.111 0.361 0.411
103.200 8 0.192 0.111 0.359 0.408
103.240 8 0.192 0.108 0.361 0.408
103.280 8 0.191 0.108 0.359 0.408
103.320 8 0.194 0.108 0.362 0.408
103.360 8 0.194 0.106 0.366 0.414
103.400 8 0.194 0.111 0.361 0.408
103.440 8 0.194 0.106 0.367 0.414
103.480 8 0.195 0.111 0.361 0.406
103.520 8 0.198 0.108 0.366 0.406
103.560 8 0.198 0.111 0.366 0.408
103.600 8 0.200 0.111 0.367 0.411
103.640 8 0.202 0.114 0.370 0.414
103.680 8 0.198 0.111 0.367 0.414
103.720 8 0.198 0.117 0.366 0.411
103.760 8 0.195 0.114 0.366 0.417
103.800 8 0.198 0.117 0.369 0.419
103.840 8 0.198 0.119 0.367 0.417
103.880 8 0.200 0.117 0.369 0.414
103.920 8 0.200 0.119 0.366 0.414
103.960 8 0.198 0.119 0.366 0.417
104.000 8 0.197 0.119 0.364 0.417
104.040 8 0.202 0.125 0.364 0.419
104.080 8 0.200 0.128 0.366 0.422
104.120 8 0.200 0.131 0.364 0.422
104.160 8 0.198 0.128 0.364 0.425
104.200 8 0.200 0.128 0.367 0.425
104.240 8 0.197 0.131 0.362 0.425
104.280 8 0.202 0.128 0.367 0.425
104.320 8 0.200 0.131 0.364 0.422
104.360 8 0.202 0.131 0.367 0.428
104.400 8 0.202 0.133 0.367 0.431
104.440 8 0.202 0.136 0.367 0.431
104.480 8 0.200 0.136 0.362 0.428
104.520 8 0.205 0.133 0.372 0.433
104.560 8 0.202 0.136 0.367 0.431
104.600 8 0.202 0.136 0.367 0.433
104.640 8 0.198 0.136 0.370 0.442
104.680 8 0.198 0.139 0.364 0.436
104.720 8 0.202 0.142 0.369 0.436
104.760 8 0.198 0.142 0.364 0.436
104.800 8 0.203 0.139 0.370 0.439
104.840 8 0.200 0.142 0.364 0.436
104.880 8 0.200 0.142 0.369 0.442
104.920 8 0.195 0.144 0.362 0.442
104.960 8 0.195 0.144 0.367 0.447
105.000 8 0.197 0.150 0.364 0.450
105.040 8 0.195 0.153 0.355 0.442
105.080 8 0.194 0.150 0.361 0.450
105.120 8 0.194 0.150 0.361 0.450
105.160 8 0.192 0.150 0.359 0.450
105.200 8 0.188 0.150 0.353 0.447
105.240 8 0.189 0.150 0.358 0.450
105.280 8 0.188 0.153 0.350 0.447
105.320 8 0.189 0.150 0.356 0.450
100.480 9 0.741 0.067 0.908 0.361
100.520 9 0.734 0.064 0.903 0.361
100.560 9 0.741 0.061 0.912 0.364
100.600 9 0.738 0.067 0.908 0.364
100.640 9 0.741 0.067 0.911 0.367
100.680 9 0.738 0.069 0.906 0.367
100.720 9 0.738 0.072 0.906 0.369
100.760 9 0.741 0.072 0.911 0.372
100.800 9 0.738 0.075 0.906 0.369
100.840 9 0.739 0.075 0.911 0.375
100.880 9 0.738 0.081 0.906 0.375
100.920 9 0.738 0.083 0.906 0.378
100.960 9 0.738 0.083 0.906 0.381
101.000 9 0.738 0.086 0.906 0.383
101.040 9 0.731 0.086 0.898 0.381
101.080 9 0.738 0.083 0.908 0.383
101.120 9 0.731 0.078 0.905 0.386
101.160 9 0.738 0.083 0.908 0.383
101.200 9 0.734 0.086 0.903 0.383
101.240 9 0.742 0.092 0.908 0.383
101.280 9 0.734 0.086 0.902 0.383
101.320 9 0.739 0.086 0.908 0.383
101.360 9 0.736 0.086 0.903 0.383
101.400 9 0.739 0.086 0.908 0.383
101.440 9 0.734 0.089 0.903 0.383
101.480 9 0.736 0.089 0.905 0.386
101.520 9 0.738 0.092 0.906 0.389
101.560 9 0.734 0.092 0.902 0.386
101.600 9 0.739 0.089 0.908 0.386
101.640 9 0.738 0.094 0.900 0.381
101.680 9 0.741 0.094 0.906 0.386
101.720 9 0.736 0.092 0.903 0.386
101.760 9 0.738 0.089 0.906 0.386
101.800 9 0.739 0.092 0.903 0.381
101.840 9 0.741 0.089 0.911 0.386
101.880 9 0.736 0.089 0.903 0.383
101.920 9 0.741 0.089 0.909 0.386
101.960 9 0.739 0.089 0.906 0.383
102.000 9 0.738 0.086 0.906 0.383
102.040 9 0.741 0.081 0.905 0.372
102.080 9 0.742 0.078 0.911 0.375
102.120 9 0.742 0.078 0.908 0.369
102.160 9 0.741 0.078 0.909 0.375
102.200 9 0.741 0.078 0.911 0.378
102.240 9 0.738 0.075 0.908 0.375
102.280 9 0.741 0.078 0.909 0.375
102.320 9 0.738 0.081 0.905 0.372
102.360 9 0.739 0.078 0.908 0.375
102.400 9 0.742 0.078 0.909 0.375
102.440 9 0.739 0.078 0.908 0.372
102.480 9 0.742 0.081 0.909 0.375
102.520 9 0.741 0.081 0.908 0.375
102.560 9 0.742 0.081 0.909 0.375
102.600 9 0.738 0.081 0.905 0.375
102.640 9 0.739 0.081 0.908 0.378
102.680 9 0.736 0.086 0.902 0.378
102.720 9 0.741 0.086 0.908 0.381
102.760 9 0.736 0.089 0.903 0.383
102.800 9 0.739 0.089 0.909 0.389
102.840 9 0.736 0.092 0.903 0.386
102.880 9 0.739 0.092 0.908 0.389
102.920 9 0.736 0.092 0.903 0.389
102.960 9 0.739 0.092 0.908 0.389
103.000 9 0.738 0.086 0.906 0.383
103.040 9 0.722 0.072 0.903 0.392
103.080 9 0.725 0.067 0.909 0.394
103.120 9 0.723 0.069 0.903 0.389
103.160 9 0.725 0.064 0.911 0.392
103.200 9 0.723 0.064 0.908 0.389
103.240 9 0.723 0.064 0.905 0.386
103.280 9 0.725 0.061 0.911 0.392
103.320 9 0.723 0.061 0.908 0.386
103.360 9 0.725 0.061 0.909 0.389
103.400 9 0.725 0.064 0.911 0.392
103.440 9 0.725 0.064 0.911 0.392
103.480 9 0.725 0.064 0.911 0.392
103.520 9 0.725 0.064 0.911 0.392
103.560 9 0.725 0.064 0.911 0.392
103.600 9 0.725 0.064 0.912 0.397
103.640 9 0.720 0.064 0.911 0.400
103.680 9 0.725 0.067 0.917 0.406
103.720 9 0.719 0.069 0.908 0.403
103.760 9 0.725 0.069 0.916 0.406
103.800 9 0.719 0.072 0.908 0.408
103.840 9 0.725 0.075 0.914 0.411
103.880 9 0.722 0.081 0.906 0.406
103.920 9 0.722 0.078 0.909 0.408
103.960 9 0.722 0.078 0.908 0.408
104.000 9 0.706 0.064 0.908 0.422
104.040 9 0.720 0.083 0.903 0.406
104.080 9 0.722 0.083 0.909 0.414
104.120 9 0.720 0.089 0.902 0.411
104.160 9 0.720 0.086 0.908 0.417
104.200 9 0.719 0.089 0.902 0.411
104.240 9 0.719 0.086 0.908 0.419
104.280 9 0.719 0.086 0.906 0.417
104.320 9 0.716 0.089 0.898 0.411
104.360 9 0.720 0.089 0.905 0.414
104.400 9 0.716 0.094 0.895 0.411
104.440 9 0.717 0.092 0.900 0.417
104.480 9 0.714 0.094 0.894 0.411
104.520 9 0.716 0.094 0.897 0.417
104.560 9 0.719 0.097 0.900 0.417
104.600 9 0.716 0.097 0.897 0.417
104.640 9 0.719 0.100 0.898 0.419
104.680 9 0.716 0.100 0.895 0.419
104.720 9 0.716 0.100 0.898 0.425
104.760 9 0.717 0.100 0.902 0.425
104.800 9 0.719 0.100 0.903 0.425
104.840 9 0.720 0.100 0.905 0.425
104.880 9 0.720 0.100 0.905 0.428
104.920 9 0.720 0.103 0.905 0.428
104.960 9 0.722 0.103 0.906 0.431
105.000 9 0.738 0.119 0.906 0.417
105.040 9 0.741 0.117 0.911 0.419
105.080 9 0.738 0.119 0.906 0.417
105.120 9 0.742 0.117 0.912 0.419
105.160 9 0.736 0.119 0.903 0.414
105.200 9 0.741 0.114 0.917 0.428
105.240 9 0.734 0.119 0.902 0.414
105.280 9 0.742 0.119 0.911 0.414
105.320 9 0.736 0.114 0.906 0.414
100.560 10 0.406 0.492 0.578 0.794
100.600 10 0.391 0.503 0.561 0.803
100.640 10 0.381 0.514 0.550 0.811
100.680 10 0.372 0.517 0.541 0.817
100.720 10 0.361 0.519 0.533 0.819
100.760 10 0.359 0.517 0.531 0.819
100.800 10 0.356 0.517 0.528 0.817
100.840 10 0.362 0.517 0.533 0.814
100.880 10 0.367 0.517 0.536 0.814
100.920 10 0.370 0.519 0.539 0.817
100.960 10 0.375 0.522 0.542 0.817
101.000 10 0.377 0.525 0.544 0.817
101.040 10 0.377 0.522 0.544 0.817
101.080 10 0.383 0.525 0.548 0.817
101.120 10 0.381 0.522 0.547 0.814
101.160 10 0.386 0.522 0.552 0.814
101.200 10 0.383 0.519 0.550 0.814
101.240 10 0.388 0.519 0.553 0.811
101.280 10 0.383 0.508 0.556 0.811
101.320 10 0.391 0.514 0.559 0.811
101.360 10 0.381 0.511 0.553 0.811
101.400 10 0.388 0.514 0.555 0.808
101.440 10 0.388 0.517 0.555 0.808
101.480 10 0.388 0.517 0.555 0.811
101.520 10 0.392 0.519 0.556 0.811
101.560 10 0.388 0.517 0.553 0.811
101.600 10 0.386 0.517 0.553 0.811
101.640 10 0.386 0.517 0.553 0.811
101.680 10 0.386 0.517 0.553 0.811
101.720 10 0.386 0.517 0.553 0.811
101.760 10 0.380 0.508 0.553 0.811
101.800 10 0.386 0.511 0.559 0.817
101.840 10 0.377 0.508 0.552 0.817
101.880 10 0.384 0.511 0.564 0.828
101.920 10 0.377 0.511 0.550 0.817
101.960 10 0.386 0.514 0.558 0.819
102.000 10 0.383 0.517 0.552 0.814
102.040 10 0.381 0.525 0.550 0.822
102.080 10 0.380 0.522 0.552 0.825
102.120 10 0.381 0.525 0.550 0.822
102.160 10 0.383 0.525 0.552 0.822
102.200 10 0.377 0.525 0.547 0.822
102.240 10 0.381 0.528 0.550 0.822
102.280 10 0.380 0.528 0.547 0.822
102.320 10 0.381 0.528 0.548 0.822
102.360 10 0.380 0.528 0.550 0.825
102.400 10 0.381 0.525 0.552 0.825
102.440 10 0.383 0.525 0.555 0.828
102.480 10 0.386 0.531 0.555 0.825
102.520 10 0.388 0.531 0.556 0.825
102.560 10 0.392 0.531 0.558 0.822
102.600 10 0.389 0.528 0.556 0.822
102.640 10 0.395 0.533 0.559 0.822
102.680 10 0.386 0.528 0.555 0.828
102.720 10 0.392 0.533 0.561 0.828
102.760 10 0.386 0.536 0.553 0.831
102.800 10 0.392 0.542 0.556 0.831
102.840 10 0.384 0.539 0.552 0.833
102.880 10 0.391 0.544 0.555 0.833
102.920 10 0.381 0.539 0.550 0.836
102.960 10 0.388 0.542 0.555 0.836
103.000 10 0.383 0.550 0.552 0.847
103.040 10 0.383 0.542 0.550 0.836
103.080 10 0.384 0.539 0.552 0.833
103.120 10 0.386 0.539 0.555 0.833
103.160 10 0.383 0.539 0.550 0.833
103.200 10 0.388 0.544 0.550 0.831
103.240 10 0.384 0.539 0.552 0.831
103.280 10 0.384 0.536 0.552 0.831
103.320 10 0.384 0.536 0.553 0.833
103.360 10 0.386 0.536 0.553 0.831
103.400 10 0.386 0.536 0.555 0.831
103.440 10 0.388 0.536 0.555 0.831
103.480 10 0.388 0.536 0.555 0.831
103.520 10 0.391 0.536 0.558 0.831
103.560 10 0.388 0.533 0.555 0.831
103.600 10 0.389 0.539 0.556 0.833
103.640 10 0.386 0.539 0.556 0.836
103.680 10 0.389 0.542 0.558 0.839
103.720 10 0.391 0.550 0.555 0.839
103.760 10 0.386 0.544 0.553 0.842
103.800 10 0.388 0.547 0.556 0.847
103.840 10 0.383 0.550 0.553 0.850
103.880 10 0.384 0.550 0.556 0.853
103.920 10 0.384 0.556 0.553 0.853
103.960 10 0.384 0.558 0.552 0.853
104.000 10 0.383 0.550 0.552 0.847
104.040 10 0.384 0.556 0.550 0.847
104.080 10 0.381 0.556 0.550 0.853
104.120 10 0.381 0.558 0.548 0.853
104.160 10 0.381 0.558 0.548 0.856
104.200 10 0.380 0.561 0.548 0.856
104.240 10 0.380 0.561 0.547 0.856
104.280 10 0.381 0.564 0.547 0.856
104.320 10 0.377 0.564 0.544 0.858
104.360 10 0.381 0.567 0.547 0.858
104.400 10 0.375 0.567 0.542 0.861
104.440 10 0.378 0.569 0.545 0.864
104.480 10 0.373 0.569 0.541 0.864
104.520 10 0.377 0.572 0.544 0.864
104.560 10 0.375 0.572 0.541 0.864
104.600 10 0.378 0.575 0.544 0.867
104.640 10 0.372 0.572 0.542 0.869
104.680 10 0.375 0.572 0.550 0.881
104.720 10 0.370 0.572 0.544 0.878
104.760 10 0.378 0.572 0.553 0.881
104.800 10 0.372 0.572 0.547 0.878
104.840 10 0.380 0.569 0.556 0.881
104.880 10 0.377 0.572 0.553 0.886
104.920 10 0.378 0.581 0.548 0.878
104.960 10 0.383 0.581 0.552 0.881
105.000 10 0.383 0.583 0.552 0.881
105.040 10 0.383 0.583 0.552 0.881
105.080 10 0.383 0.583 0.552 0.881
105.120 10 0.383 0.583 0.552 0.881
105.160 10 0.383 0.583 0.552 0.881
105.200 10 0.378 0.583 0.548 0.881
105.240 10 0.383 0.583 0.552 0.883
105.280 10 0.377 0.581 0.548 0.883
105.320 10 0.378 0.575 0.559 0.894
101.200 11 0.081 0.400 0.237 0.675
101.240 11 0.069 0.392 0.225 0.672
101.280 11 0.064 0.394 0.222 0.675
101.320 11 0.067 0.397 0.223 0.678
101.360 11 0.073 0.392 0.236 0.683
101.400 11 0.075 0.394 0.239 0.683
101.440 11 0.078 0.397 0.242 0.686
101.480 11 0.072 0.397 0.237 0.692
101.520 11 0.073 0.400 0.237 0.692
101.560 11 0.067 0.397 0.233 0.692
101.600 11 0.066 0.397 0.230 0.689
101.640 11 0.064 0.394 0.230 0.689
101.680 11 0.062 0.394 0.228 0.689
101.720 11 0.061 0.392 0.227 0.689
101.760 11 0.058 0.389 0.225 0.689
101.800 11 0.055 0.389 0.223 0.689
101.840 11 0.052 0.386 0.220 0.686
101.880 11 0.050 0.386 0.219 0.686
101.920 11 0.048 0.386 0.217 0.686
101.960 11 0.048 0.383 0.217 0.683
102.000 11 0.047 0.383 0.216 0.683
102.040 11 0.045 0.381 0.216 0.683
102.080 11 0.045 0.381 0.214 0.681
102.120 11 0.044 0.381 0.212 0.681
102.160 11 0.041 0.378 0.209 0.678
102.200 11 0.039 0.389 0.202 0.675
102.240 11 0.030 0.392 0.186 0.667
102.280 11 0.014 0.406 0.170 0.683
105.360 12 0.095 -0.242 0.670 0.892
105.400 12 0.131 -0.233 0.697 0.881
105.440 12 0.105 -0.233 0.667 0.875
105.480 12 0.144 -0.222 0.689 0.853
105.520 12 0.122 -0.228 0.662 0.839
105.560 12 0.142 -0.228 0.672 0.819
105.600 12 0.131 -0.239 0.666 0.814
105.640 12 0.156 -0.228 0.670 0.786
105.680 12 0.152 -0.239 0.673 0.789
105.720 12 0.155 -0.233 0.669 0.778
105.760 12 0.156 -0.231 0.662 0.767
105.800 12 0.159 -0.225 0.658 0.758
105.840 12 0.158 -0.228 0.656 0.756
105.880 12 0.156 -0.231 0.655 0.753
105.920 12 0.153 -0.233 0.652 0.750
105.960 12 0.148 -0.236 0.650 0.753
106.000 12 0.144 -0.236 0.645 0.753
106.040 12 0.139 -0.239 0.642 0.753
106.080 12 0.117 -0.253 0.630 0.761
106.120 12 0.128 -0.242 0.636 0.758
106.160 12 0.114 -0.242 0.622 0.761
106.200 12 0.125 -0.236 0.631 0.764
106.240 12 0.113 -0.233 0.619 0.764
106.280 12 0.123 -0.233 0.630 0.767
106.320 12 0.109 -0.236 0.620 0.772
106.360 12 0.122 -0.231 0.631 0.775
106.400 12 0.119 -0.236 0.634 0.781
106.440 12 0.120 -0.228 0.634 0.783
106.480 12 0.119 -0.233 0.636 0.786
106.520 12 0.120 -0.231 0.636 0.786
106.560 12 0.119 -0.231 0.639 0.792
106.600 12 0.120 -0.228 0.639 0.794
106.640 12 0.122 -0.228 0.641 0.797
106.680 12 0.122 -0.225 0.644 0.800
106.720 12 0.125 -0.222 0.645 0.803
106.760 12 0.125 -0.222 0.645 0.806
106.800 12 0.125 -0.219 0.645 0.806
106.840 12 0.125 -0.219 0.647 0.808
106.880 12 0.125 -0.219 0.647 0.808
106.920 12 0.111 -0.219 0.634 0.814
106.960 12 0.123 -0.211 0.642 0.814
107.000 12 0.106 -0.214 0.628 0.811
107.040 12 0.117 -0.208 0.636 0.814
107.080 12 0.102 -0.211 0.619 0.811
107.120 12 0.109 -0.208 0.630 0.817
107.160 12 0.092 -0.211 0.613 0.814
107.200 12 0.102 -0.206 0.622 0.822
107.240 12 0.084 -0.203 0.605 0.822
107.280 12 0.094 -0.200 0.616 0.828
107.320 12 0.083 -0.194 0.600 0.828
107.360 12 0.092 -0.192 0.611 0.831
107.400 12 0.094 -0.192 0.611 0.831
107.440 12 0.092 -0.189 0.613 0.833
107.480 12 0.094 -0.189 0.614 0.836
107.520 12 0.094 -0.189 0.616 0.842
107.560 12 0.091 -0.189 0.619 0.850
107.600 12 0.089 -0.192 0.622 0.861
107.640 12 0.095 -0.203 0.641 0.872
107.680 12 0.075 -0.214 0.627 0.872
107.720 12 0.091 -0.208 0.634 0.867
107.760 12 0.106 -0.217 0.652 0.858
107.800 12 0.100 -0.217 0.639 0.844
107.840 12 0.116 -0.222 0.653 0.836
107.880 12 0.109 -0.222 0.639 0.825
107.920 12 0.106 -0.225 0.634 0.817
107.960 12 0.102 -0.228 0.630 0.814
108.000 12 0.097 -0.231 0.625 0.811
108.040 12 0.094 -0.233 0.622 0.808
108.080 12 0.095 -0.231 0.622 0.808
108.120 12 0.100 -0.228 0.628 0.811
108.160 12 0.106 -0.225 0.633 0.814
108.200 12 0.109 -0.219 0.634 0.817
108.240 12 0.125 -0.217 0.647 0.814
108.280 12 0.114 -0.219 0.636 0.808
108.320 12 0.130 -0.217 0.647 0.800
108.360 12 0.120 -0.222 0.637 0.797
108.400 12 0.136 -0.222 0.648 0.792
108.440 12 0.127 -0.225 0.641 0.789
108.480 12 0.145 -0.219 0.653 0.783
108.520 12 0.136 -0.222 0.645 0.783
108.560 12 0.138 -0.222 0.650 0.786
108.600 12 0.141 -0.222 0.652 0.786
108.640 12 0.141 -0.222 0.653 0.789
108.680 12 0.142 -0.219 0.655 0.792
108.720 12 0.142 -0.222 0.656 0.792
108.760 12 0.158 -0.222 0.673 0.794
108.800 12 0.148 -0.228 0.666 0.792
108.840 12 0.164 -0.231 0.683 0.792
108.880 12 0.153 -0.236 0.673 0.789
108.920 12 0.169 -0.236 0.688 0.786
108.960 12 0.158 -0.236 0.675 0.786
109.000 12 0.169 -0.236 0.688 0.786
109.040 12 0.158 -0.236 0.677 0.783
109.080 12 0.158 -0.236 0.675 0.783
109.120 12 0.142 -0.236 0.659 0.783
109.160 12 0.167 -0.233 0.681 0.783
109.200 12 0.142 -0.233 0.656 0.781
109.240 12 0.164 -0.214 0.669 0.781
109.280 12 0.158 -0.222 0.662 0.775
109.320 12 0.156 -0.228 0.662 0.772
109.360 12 0.169 -0.228 0.673 0.769
109.400 12 0.158 -0.228 0.664 0.769
109.440 12 0.158 -0.231 0.664 0.769
109.480 12 0.159 -0.228 0.666 0.772
109.520 12 0.159 -0.225 0.669 0.778
109.560 12 0.161 -0.222 0.670 0.781
109.600 12 0.163 -0.219 0.672 0.783
109.640 12 0.163 -0.217 0.673 0.789
109.680 12 0.164 -0.211 0.673 0.794
109.720 12 0.163 -0.206 0.675 0.800
109.760 12 0.163 -0.206 0.675 0.806
109.800 12 0.150 -0.203 0.664 0.808
109.840 12 0.158 -0.200 0.673 0.814
109.880 12 0.145 -0.200 0.661 0.817
109.920 12 0.156 -0.197 0.670 0.819
109.960 12 0.144 -0.197 0.658 0.817
110.000 12 0.153 -0.197 0.670 0.819
110.040 12 0.153 -0.197 0.669 0.822
110.080 12 0.153 -0.194 0.669 0.822
110.120 12 0.153 -0.192 0.670 0.825
110.160 12 0.153 -0.189 0.670 0.828
110.200 12 0.155 -0.186 0.670 0.833
110.240 12 0.156 -0.183 0.672 0.836
110.280 12 0.158 -0.181 0.673 0.839
110.320 12 0.159 -0.178 0.677 0.842
110.360 12 0.161 -0.175 0.677 0.842
110.400 13 0.431 0.083 0.770 0.689
110.440 13 0.436 0.092 0.775 0.694
110.480 13 0.425 0.089 0.767 0.700
110.520 13 0.423 0.089 0.766 0.697
110.560 13 0.422 0.086 0.762 0.694
110.600 13 0.414 0.083 0.756 0.689
110.640 13 0.427 0.083 0.766 0.686
110.680 13 0.408 0.075 0.752 0.686
110.720 13 0.414 0.069 0.762 0.689
110.760 13 0.412 0.064 0.761 0.683
110.800 13 0.411 0.053 0.761 0.675
110.840 13 0.409 0.044 0.759 0.667
110.880 13 0.409 0.042 0.758 0.661
110.920 13 0.408 0.036 0.756 0.656
110.960 13 0.405 0.031 0.755 0.650
111.000 13 0.403 0.022 0.753 0.644
111.040 13 0.402 0.017 0.752 0.639
111.080 13 0.402 0.017 0.747 0.631
111.120 13 0.400 0.011 0.744 0.622
111.160 13 0.400 0.011 0.736 0.608
111.200 13 0.409 0.008 0.748 0.611
111.240 13 0.395 0.000 0.745 0.622
111.280 13 0.395 0.006 0.745 0.628
111.320 13 0.397 0.014 0.747 0.636
111.360 13 0.398 0.025 0.750 0.650
111.400 13 0.400 0.039 0.752 0.664
111.440 13 0.403 0.047 0.758 0.678
111.480 13 0.406 0.053 0.762 0.686
111.520 13 0.409 0.058 0.766 0.692
111.560 13 0.412 0.061 0.767 0.694
111.600 13 0.405 0.056 0.764 0.697
111.640 13 0.419 0.061 0.773 0.692
111.680 13 0.411 0.056 0.769 0.692
111.720 13 0.422 0.053 0.778 0.686
111.760 13 0.416 0.050 0.772 0.683
111.800 13 0.430 0.050 0.783 0.678
111.840 13 0.423 0.042 0.778 0.672
111.880 13 0.438 0.044 0.786 0.664
111.920 13 0.433 0.039 0.783 0.661
111.960 13 0.445 0.042 0.792 0.661
112.000 13 0.448 0.042 0.797 0.661
112.040 13 0.452 0.064 0.800 0.683
112.080 13 0.455 0.064 0.803 0.683
112.120 13 0.456 0.064 0.805 0.686
112.160 13 0.456 0.064 0.806 0.686
112.200 13 0.456 0.064 0.808 0.689
112.240 13 0.448 0.061 0.805 0.694
112.280 13 0.453 0.061 0.812 0.703
112.320 13 0.442 0.064 0.800 0.700
112.360 13 0.445 0.067 0.803 0.706
112.400 13 0.436 0.067 0.791 0.697
112.440 13 0.436 0.069 0.794 0.703
112.480 13 0.425 0.069 0.781 0.703
112.520 13 0.427 0.072 0.784 0.708
112.560 13 0.417 0.072 0.772 0.703
112.600 13 0.419 0.072 0.777 0.708
112.640 13 0.409 0.075 0.762 0.703
112.680 13 0.412 0.078 0.762 0.703
112.720 13 0.406 0.075 0.764 0.711
112.760 13 0.408 0.081 0.759 0.706
112.800 13 0.403 0.078 0.761 0.714
112.840 13 0.405 0.083 0.758 0.711
112.880 13 0.400 0.081 0.759 0.719
112.920 13 0.403 0.089 0.752 0.708
112.960 13 0.405 0.092 0.747 0.697
113.000 13 0.409 0.108 0.758 0.728
113.040 13 0.388 0.081 0.778 0.772
113.080 13 0.394 0.081 0.778 0.764
113.120 13 0.400 0.083 0.783 0.764
113.160 13 0.405 0.083 0.789 0.767
113.200 13 0.405 0.081 0.791 0.767
113.240 13 0.416 0.086 0.800 0.767
113.280 13 0.416 0.083 0.803 0.769
113.320 13 0.425 0.086 0.811 0.769
113.360 13 0.422 0.075 0.820 0.783
113.400 13 0.433 0.081 0.820 0.767
113.440 13 0.428 0.067 0.828 0.778
113.480 13 0.436 0.075 0.823 0.761
113.520 13 0.436 0.075 0.823 0.761
113.560 13 0.434 0.072 0.820 0.756
113.600 13 0.436 0.072 0.825 0.758
113.640 13 0.431 0.075 0.816 0.756
113.680 13 0.433 0.081 0.811 0.750
113.720 13 0.428 0.078 0.808 0.753
113.760 13 0.427 0.078 0.809 0.756
113.800 13 0.427 0.075 0.809 0.756
113.840 13 0.425 0.075 0.809 0.756
113.880 13 0.423 0.072 0.809 0.758
113.920 13 0.423 0.072 0.809 0.758
113.960 13 0.423 0.072 0.809 0.758
114.000 13 0.398 0.050 0.817 0.792
114.040 13 0.398 0.050 0.817 0.792
114.080 13 0.398 0.050 0.817 0.792
114.120 13 0.398 0.047 0.817 0.792
114.160 13 0.398 0.047 0.817 0.789
114.200 13 0.400 0.047 0.817 0.789
114.240 13 0.414 0.050 0.825 0.781
114.280 13 0.403 0.044 0.820 0.783
114.320 13 0.417 0.047 0.828 0.775
114.360 13 0.408 0.042 0.822 0.775
114.400 13 0.420 0.044 0.830 0.769
114.440 13 0.409 0.039 0.823 0.772
114.480 13 0.422 0.042 0.830 0.767
114.520 13 0.411 0.036 0.822 0.764
114.560 13 0.411 0.033 0.823 0.764
114.600 13 0.411 0.033 0.822 0.761
114.640 13 0.420 0.033 0.831 0.758
114.680 13 0.411 0.028 0.825 0.761
114.720 14 0.086 0.086 0.495 0.814
114.760 14 0.084 0.083 0.497 0.811
114.800 14 0.083 0.078 0.497 0.811
114.840 14 0.081 0.072 0.497 0.808
114.880 14 0.080 0.069 0.497 0.806
114.920 14 0.078 0.061 0.497 0.803
114.960 14 0.075 0.056 0.495 0.797
115.000 14 0.073 0.050 0.492 0.792
115.040 14 0.055 -0.019 0.495 0.764
115.080 14 0.050 -0.025 0.489 0.758
115.120 14 0.044 -0.031 0.484 0.753
115.160 14 0.039 -0.033 0.480 0.750
115.200 14 0.033 -0.036 0.473 0.750
115.240 14 0.028 -0.033 0.466 0.744
115.280 14 0.025 -0.033 0.459 0.739
115.320 14 0.019 -0.033 0.453 0.736
115.360 14 0.017 -0.033 0.447 0.731
115.400 14 0.013 -0.036 0.442 0.728
115.440 14 0.013 -0.033 0.438 0.722
115.480 14 0.009 -0.036 0.434 0.719
115.520 14 0.008 -0.036 0.431 0.717
115.560 14 0.011 -0.033 0.431 0.714
115.600 14 0.000 -0.036 0.422 0.711
115.640 14 -0.002 -0.039 0.419 0.711
115.680 14 -0.005 -0.039 0.416 0.708
115.720 14 -0.008 -0.039 0.412 0.708
115.760 14 -0.011 -0.039 0.411 0.708
115.800 14 -0.014 -0.042 0.408 0.708
115.840 14 -0.017 -0.042 0.405 0.708
115.880 14 -0.022 -0.042 0.400 0.708
115.920 14 -0.033 -0.047 0.394 0.708
115.960 14 -0.042 -0.050 0.394 0.725
116.000 14 -0.066 -0.117 0.398 0.711
116.040 14 -0.089 -0.139 0.391 0.717
116.080 14 -0.106 -0.131 0.377 0.731
116.120 14 -0.120 -0.131 0.358 0.722
116.160 14 -0.113 -0.114 0.353 0.719
116.200 14 -0.125 -0.117 0.334 0.703
116.240 14 -0.147 -0.119 0.333 0.736
116.280 14 -0.131 -0.119 0.347 0.731
116.320 14 -0.141 -0.100 0.323 0.731
116.360 14 -0.119 -0.050 0.308 0.678
116.400 14 -0.123 -0.056 0.300 0.667
116.440 14 -0.111 -0.064 0.316 0.664
116.480 14 -0.113 -0.067 0.311 0.653
116.520 14 -0.095 -0.064 0.322 0.647
116.560 14 -0.100 -0.061 0.317 0.647
116.600 14 -0.084 -0.058 0.331 0.647
116.640 14 -0.089 -0.053 0.325 0.650
116.680 14 -0.077 -0.053 0.339 0.653
116.720 14 -0.083 -0.047 0.333 0.658
116.760 14 -0.077 -0.044 0.339 0.664
116.800 14 -0.073 -0.042 0.344 0.669
116.840 14 -0.070 -0.036 0.345 0.672
116.880 14 -0.069 -0.031 0.348 0.678
116.920 14 -0.067 -0.025 0.352 0.686
116.960 14 -0.073 -0.022 0.348 0.694
117.000 14 -0.055 0.042 0.331 0.661
117.040 14 -0.058 0.056 0.336 0.686
117.080 14 -0.056 0.058 0.336 0.686
117.120 14 -0.053 0.061 0.339 0.692
117.160 14 -0.059 0.061 0.333 0.689
117.200 14 -0.056 0.050 0.350 0.700
117.240 14 -0.055 0.056 0.339 0.686
117.280 14 -0.055 0.053 0.336 0.681
117.320 14 -0.053 0.053 0.334 0.675
117.360 14 -0.053 0.053 0.333 0.669
117.400 14 -0.056 0.050 0.331 0.669
117.440 14 -0.056 0.047 0.331 0.667
117.480 14 -0.055 0.036 0.347 0.678
117.520 14 -0.064 0.042 0.325 0.664
117.560 14 -0.053 0.036 0.348 0.681
117.600 14 -0.056 0.042 0.336 0.669
117.640 14 -0.058 0.044 0.334 0.672
117.680 14 -0.058 0.044 0.333 0.672
117.720 14 -0.069 0.047 0.319 0.667
117.760 14 -0.064 0.047 0.320 0.661
117.800 14 -0.075 0.047 0.306 0.658
117.840 14 -0.066 0.053 0.306 0.647
117.880 14 -0.073 0.050 0.295 0.642
117.920 14 -0.067 0.050 0.297 0.633
117.960 14 -0.078 0.047 0.284 0.628
118.000 14 -0.094 0.042 0.294 0.661
118.040 14 -0.095 0.042 0.291 0.658
118.080 14 -0.095 0.042 0.291 0.658
118.120 14 -0.092 0.044 0.295 0.664
118.160 14 -0.086 0.050 0.302 0.672
118.200 14 -0.067 0.061 0.320 0.681
118.240 14 -0.069 0.064 0.327 0.694
118.280 14 -0.050 0.072 0.344 0.703
118.320 14 -0.045 0.081 0.347 0.708
118.360 14 -0.023 0.094 0.366 0.714
118.400 14 -0.023 0.100 0.369 0.725
118.240 15 -0.017 0.044 0.312 0.631
118.280 15 -0.016 0.047 0.317 0.639
118.320 15 0.005 0.058 0.334 0.644
118.360 15 0.006 0.064 0.338 0.653
118.400 15 0.022 0.072 0.356 0.664
118.440 15 0.025 0.078 0.359 0.672
118.480 15 0.037 0.081 0.378 0.686
118.520 15 0.044 0.083 0.384 0.689
118.560 15 0.050 0.089 0.391 0.694
118.600 15 0.055 0.092 0.395 0.697
118.640 15 0.059 0.097 0.398 0.700
118.680 15 0.062 0.097 0.402 0.703
118.720 15 0.064 0.100 0.405 0.703
118.760 15 0.066 0.097 0.406 0.706
118.800 15 0.066 0.097 0.408 0.706
118.840 15 0.066 0.097 0.409 0.708
118.880 15 0.072 0.097 0.417 0.711
118.920 15 0.064 0.100 0.409 0.714
118.960 15 0.069 0.103 0.417 0.722
119.000 15 0.061 0.108 0.409 0.728
119.040 15 0.039 0.108 0.422 0.789
119.080 15 0.041 0.108 0.423 0.789
119.120 15 0.036 0.108 0.420 0.789
119.160 15 0.044 0.108 0.428 0.792
119.200 15 0.045 0.108 0.430 0.792
119.240 15 0.050 0.106 0.434 0.792
119.280 15 0.052 0.103 0.438 0.789
119.320 15 0.058 0.103 0.444 0.789
119.360 15 0.061 0.103 0.447 0.789
119.400 15 0.061 0.103 0.447 0.789
119.440 15 0.070 0.103 0.458 0.792
119.480 15 0.072 0.103 0.461 0.794
119.520 15 0.077 0.097 0.467 0.792
119.560 15 0.080 0.094 0.470 0.789
119.600 15 0.081 0.086 0.475 0.786
119.640 15 0.084 0.083 0.480 0.783
119.680 15 0.091 0.083 0.484 0.783
119.720 15 0.095 0.086 0.489 0.786
119.760 15 0.102 0.094 0.494 0.792
119.800 15 0.109 0.106 0.498 0.797
119.840 15 0.128 0.117 0.519 0.811
119.880 15 0.122 0.125 0.511 0.817
119.920 15 0.136 0.131 0.522 0.817
119.960 15 0.133 0.133 0.517 0.817
120.000 15 0.130 0.133 0.517 0.822
120.040 15 0.125 0.139 0.511 0.825
120.080 15 0.120 0.142 0.509 0.833
120.120 15 0.116 0.142 0.506 0.836
120.160 15 0.114 0.147 0.503 0.839
120.200 15 0.113 0.150 0.500 0.842
120.240 15 0.113 0.153 0.502 0.844
120.280 15 0.113 0.158 0.498 0.847
120.320 15 0.113 0.164 0.500 0.853
120.360 15 0.114 0.172 0.500 0.856
120.400 15 0.111 0.169 0.498 0.858
120.440 15 0.122 0.167 0.508 0.853
120.480 15 0.114 0.158 0.503 0.850
120.520 15 0.125 0.156 0.511 0.842
120.560 15 0.117 0.150 0.505 0.839
120.600 15 0.128 0.150 0.516 0.836
120.640 15 0.122 0.147 0.508 0.833
120.680 15 0.133 0.144 0.520 0.833
120.720 15 0.125 0.142 0.512 0.831
120.760 15 0.136 0.142 0.523 0.833
120.800 15 0.127 0.136 0.519 0.833
120.840 15 0.141 0.142 0.528 0.831
120.880 15 0.130 0.136 0.522 0.833
120.920 15 0.142 0.139 0.530 0.828
120.960 15 0.131 0.131 0.525 0.831
121.000 15 0.120 0.133 0.537 0.875
121.040 15 0.116 0.111 0.545 0.875
121.080 15 0.109 0.114 0.533 0.867
121.120 15 0.114 0.108 0.539 0.861
121.160 15 0.113 0.106 0.537 0.858
121.200 15 0.113 0.094 0.536 0.847
121.240 15 0.111 0.086 0.536 0.839
121.280 15 0.109 0.078 0.534 0.831
121.320 15 0.106 0.069 0.533 0.825
121.360 15 0.102 0.058 0.530 0.819
121.400 15 0.109 0.064 0.536 0.822
121.440 15 0.097 0.064 0.525 0.825
121.480 15 0.106 0.069 0.534 0.828
121.520 15 0.098 0.078 0.519 0.822
121.560 15 0.103 0.078 0.523 0.825
121.600 15 0.092 0.075 0.512 0.822
121.640 15 0.095 0.075 0.517 0.825
121.680 15 0.081 0.075 0.503 0.822
121.720 15 0.084 0.072 0.505 0.819
121.760 15 0.067 0.069 0.491 0.819
121.800 15 0.064 0.067 0.486 0.817
121.840 15 0.058 0.067 0.478 0.811
121.880 15 0.052 0.064 0.470 0.806
121.920 15 0.045 0.061 0.461 0.800
121.960 15 0.039 0.061 0.453 0.797
122.000 15 0.027 0.050 0.445 0.792
122.040 15 0.020 0.050 0.438 0.789
122.080 15 0.014 0.047 0.431 0.786
122.120 15 0.009 0.044 0.425 0.781
122.160 15 0.003 -0.044 0.448 0.792
122.200 15 0.002 -0.042 0.438 0.778
122.240 15 -0.002 -0.047 0.430 0.761
122.280 15 -0.002 -0.050 0.417 0.736
122.320 15 -0.002 -0.053 0.409 0.717
122.360 15 -0.005 -0.058 0.403 0.703
122.400 15 -0.006 -0.061 0.394 0.689
122.440 15 0.002 -0.061 0.397 0.681
122.480 15 -0.009 -0.064 0.386 0.672
122.520 15 0.006 -0.064 0.400 0.669
122.560 15 -0.005 -0.067 0.388 0.669
122.600 15 0.006 -0.067 0.400 0.669
122.640 15 0.002 -0.067 0.391 0.661
122.680 15 0.013 -0.069 0.405 0.664
122.720 15 0.009 -0.069 0.397 0.653
122.760 15 0.023 -0.067 0.408 0.647
122.800 15 0.019 -0.069 0.398 0.639
122.840 15 0.033 -0.069 0.409 0.633
122.880 15 0.028 -0.067 0.400 0.625
122.920 15 0.039 -0.067 0.408 0.622
122.960 15 0.037 -0.067 0.406 0.622
123.000 15 0.061 -0.097 0.409 0.592
123.040 15 0.059 -0.042 0.392 0.586
123.080 15 0.059 -0.044 0.397 0.592
123.120 15 0.058 -0.044 0.400 0.600
123.160 15 0.056 -0.042 0.403 0.608
123.200 15 0.055 -0.042 0.406 0.619
123.240 15 0.053 -0.042 0.409 0.628
123.280 15 0.052 -0.042 0.411 0.636
123.320 15 0.050 -0.042 0.414 0.642
123.360 15 0.050 -0.042 0.417 0.647
123.400 15 0.050 -0.042 0.420 0.653
123.440 15 0.050 -0.042 0.422 0.658
123.480 15 0.052 -0.039 0.425 0.664
123.520 15 0.052 -0.039 0.428 0.672
123.560 15 0.052 -0.036 0.431 0.678
123.600 15 0.052 -0.036 0.431 0.681
123.640 15 0.053 -0.033 0.438 0.692
123.680 15 0.047 -0.036 0.433 0.692
123.720 15 0.058 -0.036 0.444 0.689
123.760 15 0.053 -0.036 0.430 0.675
123.800 15 0.061 -0.033 0.439 0.683
123.840 15 0.053 -0.033 0.431 0.681
123.880 15 0.058 -0.036 0.438 0.681
123.920 15 0.052 -0.033 0.431 0.681
123.960 15 0.058 -0.039 0.442 0.683
124.000 15 0.061 0.042 0.409 0.661
124.040 15 0.067 0.069 0.412 0.683
124.080 15 0.073 0.069 0.420 0.683
124.120 15 0.070 0.069 0.412 0.678
124.160 15 0.072 0.072 0.419 0.689
124.200 15 0.073 0.075 0.420 0.692
124.240 15 0.075 0.075 0.423 0.692
124.280 15 0.080 0.078 0.427 0.697
124.320 15 0.075 0.078 0.422 0.694
124.360 15 0.083 0.075 0.433 0.697
124.400 15 0.081 0.075 0.433 0.700
124.440 15 0.080 0.072 0.431 0.697
124.480 15 0.078 0.069 0.431 0.697
124.520 15 0.080 0.075 0.433 0.700
124.560 15 0.081 0.075 0.431 0.697
124.600 15 0.070 0.075 0.422 0.697
124.640 15 0.078 0.078 0.427 0.700
124.680 15 0.069 0.081 0.414 0.694
124.720 15 0.073 0.078 0.423 0.703
124.760 15 0.066 0.083 0.409 0.694
124.800 15 0.069 0.081 0.419 0.703
124.840 15 0.059 0.083 0.405 0.697
124.880 15 0.062 0.081 0.416 0.706
124.920 15 0.055 0.083 0.402 0.700
124.960 15 0.058 0.081 0.409 0.706
125.000 15 0.061 0.108 0.409 0.728
125.040 15 0.055 0.117 0.392 0.717
125.080 15 0.055 0.111 0.405 0.733
125.120 15 0.050 0.122 0.388 0.722
125.160 15 0.050 0.117 0.400 0.739
125.200 15 0.047 0.128 0.384 0.731
125.240 15 0.047 0.122 0.397 0.744
125.280 15 0.039 0.122 0.388 0.742
125.320 15 0.044 0.122 0.397 0.750
125.360 15 0.037 0.128 0.384 0.744
125.400 15 0.050 0.122 0.403 0.750
125.440 15 0.041 0.125 0.389 0.744
125.480 15 0.044 0.128 0.395 0.750
125.520 15 0.044 0.128 0.395 0.753
125.560 15 0.044 0.128 0.395 0.753
125.600 15 0.042 0.128 0.395 0.756
125.640 15 0.037 0.133 0.384 0.750
125.680 15 0.041 0.128 0.394 0.756
125.720 15 0.039 0.128 0.392 0.756
125.760 15 0.036 0.128 0.389 0.756
125.800 15 0.030 0.136 0.373 0.747
125.840 15 0.031 0.133 0.383 0.756
125.880 16 0.634 0.081 0.733 0.258
125.920 16 0.633 0.083 0.728 0.256
125.960 16 0.633 0.083 0.733 0.261
126.000 16 0.631 0.086 0.728 0.258
126.040 16 0.637 0.092 0.725 0.247
126.080 16 0.636 0.092 0.725 0.247
126.120 16 0.637 0.092 0.723 0.247
126.160 16 0.637 0.092 0.727 0.250
126.200 16 0.636 0.092 0.722 0.247
126.240 16 0.639 0.092 0.725 0.247
126.280 16 0.636 0.092 0.723 0.247
126.320 16 0.636 0.092 0.725 0.250
126.360 16 0.634 0.092 0.720 0.247
126.400 16 0.634 0.092 0.723 0.250
126.440 16 0.633 0.094 0.720 0.253
126.480 16 0.633 0.097 0.720 0.256
126.520 16 0.633 0.100 0.720 0.256
126.560 16 0.633 0.100 0.720 0.256
126.600 16 0.634 0.100 0.720 0.256
126.640 16 0.633 0.100 0.719 0.253
126.680 16 0.633 0.097 0.719 0.250
126.720 16 0.633 0.097 0.719 0.253
126.760 16 0.631 0.097 0.717 0.253
126.800 16 0.633 0.097 0.719 0.253
126.840 16 0.630 0.100 0.716 0.253
126.880 16 0.631 0.100 0.717 0.253
126.920 16 0.630 0.100 0.714 0.253
126.960 16 0.631 0.100 0.716 0.253
127.000 16 0.634 0.103 0.714 0.247
127.040 16 0.633 0.103 0.713 0.244
127.080 16 0.636 0.106 0.714 0.244
127.120 16 0.634 0.103 0.714 0.244
127.160 16 0.633 0.100 0.714 0.242
127.200 16 0.633 0.097 0.713 0.239
127.240 16 0.631 0.097 0.711 0.239
127.280 16 0.633 0.097 0.713 0.239
127.320 16 0.630 0.094 0.711 0.239
127.360 16 0.631 0.097 0.711 0.239
127.400 16 0.628 0.097 0.709 0.242
127.440 16 0.630 0.100 0.709 0.242
127.480 16 0.627 0.103 0.706 0.244
127.520 16 0.625 0.103 0.705 0.247
127.560 16 0.625 0.106 0.705 0.247
127.600 16 0.623 0.108 0.702 0.247
127.640 16 0.623 0.108 0.703 0.247
127.680 16 0.623 0.106 0.702 0.247
127.720 16 0.625 0.103 0.705 0.244
127.760 16 0.623 0.103 0.703 0.244
127.800 16 0.625 0.100 0.705 0.242
127.840 16 0.623 0.100 0.705 0.242
127.880 16 0.627 0.097 0.706 0.242
127.920 16 0.625 0.097 0.705 0.236
127.960 16 0.627 0.094 0.705 0.233
128.000 16 0.625 0.089 0.706 0.231
128.040 16 0.622 0.086 0.708 0.236
128.080 16 0.620 0.083 0.706 0.233
128.120 16 0.623 0.083 0.709 0.233
128.160 16 0.620 0.083 0.706 0.233
128.200 16 0.620 0.083 0.709 0.239
128.240 16 0.620 0.086 0.708 0.242
128.280 16 0.620 0.092 0.708 0.244
128.320 16 0.620 0.094 0.708 0.250
128.360 16 0.623 0.097 0.711 0.253
128.400 16 0.622 0.097 0.711 0.253
128.440 16 0.623 0.097 0.714 0.256
128.480 16 0.623 0.097 0.713 0.256
128.520 16 0.625 0.100 0.714 0.258
128.560 16 0.625 0.100 0.714 0.258
128.600 16 0.625 0.100 0.716 0.258
128.640 16 0.625 0.100 0.716 0.258
128.680 16 0.627 0.100 0.717 0.258
128.720 16 0.628 0.097 0.717 0.256
128.760 16 0.627 0.097 0.717 0.256
128.800 16 0.628 0.094 0.719 0.256
128.840 16 0.627 0.094 0.717 0.253
128.880 16 0.628 0.092 0.719 0.253
128.920 16 0.627 0.089 0.717 0.250
128.960 16 0.627 0.089 0.719 0.250
129.000 16 0.620 0.086 0.717 0.258
129.040 16 0.627 0.089 0.716 0.244
129.080 16 0.627 0.092 0.714 0.247
129.120 16 0.627 0.092 0.714 0.247
129.160 16 0.627 0.094 0.714 0.250
129.200 16 0.627 0.097 0.714 0.250
129.240 16 0.628 0.097 0.714 0.250
129.280 16 0.628 0.100 0.714 0.250
129.320 16 0.627 0.100 0.714 0.250
129.360 16 0.630 0.100 0.716 0.250
129.400 16 0.628 0.100 0.714 0.250
129.440 16 0.630 0.100 0.714 0.250
129.480 16 0.628 0.100 0.714 0.250
129.520 16 0.628 0.097 0.714 0.250
129.560 16 0.628 0.097 0.714 0.250
129.600 16 0.628 0.097 0.714 0.250
129.640 16 0.628 0.097 0.714 0.250
129.680 16 0.628 0.097 0.714 0.250
129.720 16 0.627 0.094 0.714 0.247
129.760 16 0.625 0.092 0.713 0.244
129.800 16 0.625 0.086 0.713 0.242
129.840 16 0.623 0.083 0.711 0.239
129.880 16 0.623 0.083 0.711 0.239
129.920 16 0.622 0.083 0.709 0.239
129.960 16 0.620 0.083 0.709 0.239
130.000 16 0.625 0.089 0.706 0.231
130.040 16 0.619 0.083 0.711 0.247
130.080 16 0.617 0.086 0.708 0.250
130.120 16 0.619 0.089 0.709 0.250
130.160 16 0.616 0.092 0.705 0.250
130.200 16 0.616 0.089 0.708 0.250
130.240 16 0.616 0.089 0.706 0.250
130.280 16 0.614 0.089 0.705 0.250
130.320 16 0.614 0.089 0.706 0.250
130.360 16 0.613 0.086 0.703 0.247
130.400 16 0.613 0.086 0.705 0.244
130.440 16 0.609 0.083 0.700 0.242
130.480 16 0.614 0.083 0.703 0.242
130.520 16 0.609 0.083 0.698 0.242
130.560 16 0.611 0.086 0.700 0.242
130.600 16 0.611 0.089 0.700 0.244
130.640 16 0.611 0.089 0.698 0.244
130.680 16 0.609 0.089 0.698 0.244
130.720 16 0.609 0.086 0.697 0.242
130.760 16 0.609 0.083 0.697 0.239
130.800 16 0.608 0.081 0.695 0.236
130.840 16 0.606 0.078 0.694 0.231
130.880 16 0.603 0.075 0.691 0.228
130.920 16 0.602 0.072 0.689 0.228
130.960 16 0.602 0.075 0.688 0.228
131.000 16 0.600 0.075 0.688 0.228
131.040 16 0.600 0.078 0.686 0.231
131.080 16 0.602 0.081 0.688 0.231
131.120 16 0.602 0.081 0.688 0.233
131.160 16 0.602 0.081 0.688 0.231
131.200 16 0.602 0.081 0.688 0.231
131.240 16 0.602 0.083 0.686 0.231
131.280 16 0.605 0.081 0.689 0.231
131.320 16 0.603 0.081 0.688 0.231
131.360 16 0.603 0.078 0.689 0.231
131.400 16 0.603 0.078 0.689 0.231
131.440 16 0.605 0.075 0.691 0.228
131.480 16 0.603 0.075 0.689 0.228
131.520 16 0.605 0.075 0.691 0.228
131.560 16 0.603 0.075 0.689 0.228
131.600 16 0.605 0.078 0.691 0.228
131.640 16 0.606 0.081 0.691 0.231
131.680 16 0.603 0.081 0.689 0.231
131.720 16 0.605 0.083 0.689 0.233
131.760 16 0.605 0.083 0.689 0.233
131.800 16 0.605 0.086 0.688 0.233
131.840 16 0.606 0.083 0.691 0.233
131.880 16 0.606 0.083 0.691 0.233
131.920 16 0.606 0.086 0.691 0.233
131.960 16 0.608 0.083 0.692 0.233
132.000 16 0.608 0.083 0.692 0.233
132.040 16 0.608 0.083 0.694 0.233
132.080 16 0.609 0.083 0.694 0.233
132.120 16 0.609 0.081 0.695 0.233
132.160 16 0.611 0.081 0.697 0.233
132.200 16 0.609 0.081 0.695 0.231
132.240 16 0.609 0.078 0.698 0.233
132.280 16 0.609 0.078 0.698 0.233
132.320 16 0.609 0.075 0.697 0.233
132.360 16 0.608 0.075 0.697 0.231
132.400 16 0.609 0.072 0.698 0.228
132.440 16 0.609 0.072 0.698 0.228
132.480 16 0.608 0.075 0.697 0.231
132.520 16 0.609 0.078 0.697 0.233
132.560 16 0.609 0.083 0.697 0.239
132.600 16 0.609 0.086 0.697 0.242
132.640 16 0.609 0.092 0.697 0.244
132.680 16 0.609 0.094 0.697 0.244
132.720 16 0.611 0.094 0.697 0.244
132.760 16 0.613 0.092 0.698 0.244
132.800 16 0.611 0.094 0.697 0.244
132.840 16 0.611 0.094 0.697 0.244
132.880 16 0.611 0.094 0.697 0.244
132.920 16 0.613 0.094 0.697 0.244
132.960 16 0.611 0.094 0.697 0.244
133.000 16 0.609 0.086 0.706 0.258
133.040 16 0.616 0.092 0.702 0.247
133.080 16 0.616 0.092 0.705 0.247
133.120 16 0.614 0.089 0.705 0.250
133.160 16 0.616 0.092 0.706 0.250
133.200 16 0.616 0.092 0.706 0.253
133.240 16 0.616 0.094 0.706 0.256
133.280 16 0.613 0.094 0.705 0.256
133.320 16 0.616 0.094 0.706 0.256
133.360 16 0.613 0.097 0.703 0.258
133.400 16 0.614 0.100 0.705 0.258
133.440 16 0.613 0.100 0.703 0.261
133.480 16 0.614 0.100 0.705 0.261
133.520 16 0.611 0.100 0.702 0.261
133.560 16 0.613 0.100 0.703 0.261
133.600 16 0.611 0.100 0.700 0.261
133.640 16 0.613 0.103 0.702 0.261
133.680 16 0.611 0.103 0.700 0.261
133.720 16 0.614 0.103 0.702 0.261
133.760 16 0.609 0.103 0.698 0.261
133.800 16 0.611 0.100 0.702 0.261
133.840 16 0.611 0.100 0.702 0.261
133.880 16 0.613 0.100 0.703 0.264
133.920 16 0.609 0.097 0.702 0.261
133.960 16 0.611 0.097 0.703 0.261
134.000 16 0.616 0.103 0.697 0.247
134.040 16 0.613 0.103 0.695 0.250
134.080 16 0.611 0.103 0.694 0.250
134.120 16 0.613 0.106 0.694 0.253
134.160 16 0.613 0.108 0.695 0.253
134.200 16 0.613 0.108 0.695 0.256
134.240 16 0.614 0.111 0.695 0.256
134.280 16 0.613 0.111 0.692 0.256
134.320 16 0.614 0.111 0.695 0.256
134.360 16 0.613 0.111 0.694 0.256
134.400 16 0.613 0.111 0.695 0.256
134.440 16 0.613 0.111 0.694 0.256
134.480 16 0.613 0.111 0.694 0.256
134.520 16 0.613 0.111 0.694 0.256
134.560 16 0.613 0.111 0.694 0.256
134.600 16 0.614 0.111 0.694 0.256
134.640 16 0.613 0.111 0.694 0.256
134.680 16 0.611 0.111 0.692 0.256
134.720 16 0.613 0.114 0.692 0.256
134.760 16 0.611 0.111 0.692 0.256
134.800 16 0.611 0.111 0.691 0.256
134.840 16 0.611 0.114 0.691 0.256
134.880 16 0.609 0.117 0.689 0.258
134.920 16 0.609 0.119 0.689 0.258
134.960 16 0.609 0.119 0.688 0.261
135.000 16 0.606 0.119 0.688 0.264
135.040 16 0.605 0.114 0.694 0.272
135.080 16 0.605 0.111 0.694 0.269
135.120 16 0.605 0.111 0.694 0.269
135.160 16 0.605 0.111 0.694 0.269
135.200 16 0.605 0.111 0.694 0.269
135.240 16 0.603 0.108 0.694 0.269
135.280 16 0.603 0.108 0.694 0.267
135.320 16 0.603 0.106 0.692 0.267
135.360 16 0.603 0.106 0.692 0.264
135.400 16 0.602 0.106 0.692 0.264
135.440 16 0.603 0.103 0.694 0.267
135.480 16 0.602 0.106 0.691 0.264
135.520 16 0.602 0.106 0.692 0.267
135.560 16 0.602 0.106 0.691 0.264
135.600 16 0.602 0.108 0.691 0.267
135.640 16 0.602 0.108 0.692 0.267
135.680 16 0.600 0.108 0.689 0.267
135.720 16 0.603 0.111 0.692 0.269
135.760 16 0.600 0.111 0.689 0.267
135.800 16 0.600 0.108 0.691 0.269
135.840 16 0.602 0.108 0.692 0.269
135.880 16 0.600 0.108 0.691 0.269
135.920 16 0.602 0.108 0.692 0.269
135.960 16 0.598 0.108 0.689 0.269
136.000 16 0.598 0.106 0.695 0.278
136.040 16 0.597 0.108 0.695 0.283
136.080 16 0.597 0.111 0.695 0.283
136.120 16 0.597 0.108 0.695 0.286
136.160 16 0.597 0.111 0.695 0.286
136.200 16 0.597 0.111 0.695 0.286
136.240 16 0.597 0.111 0.695 0.286
136.280 16 0.597 0.111 0.695 0.286
136.320 16 0.598 0.111 0.697 0.289
136.360 16 0.597 0.114 0.694 0.289
136.400 16 0.598 0.114 0.697 0.289
136.440 16 0.597 0.117 0.694 0.289
136.480 16 0.598 0.117 0.697 0.292
136.520 16 0.597 0.117 0.694 0.289
136.560 16 0.600 0.117 0.697 0.289
136.600 16 0.598 0.117 0.694 0.289
136.640 16 0.598 0.117 0.695 0.292
136.680 16 0.597 0.117 0.695 0.289
136.720 16 0.597 0.117 0.695 0.289
136.760 16 0.597 0.117 0.695 0.289
136.800 16 0.598 0.117 0.695 0.289
136.840 16 0.598 0.119 0.695 0.292
136.880 16 0.598 0.119 0.695 0.292
136.920 16 0.598 0.119 0.695 0.292
136.960 16 0.598 0.119 0.695 0.292
137.000 16 0.598 0.125 0.695 0.297
137.040 16 0.598 0.125 0.695 0.297
137.080 16 0.598 0.128 0.695 0.300
137.120 16 0.600 0.128 0.697 0.300
137.160 16 0.600 0.128 0.697 0.300
137.200 16 0.600 0.128 0.697 0.300
137.240 16 0.600 0.128 0.697 0.300
137.280 16 0.600 0.128 0.697 0.300
137.320 16 0.602 0.128 0.697 0.300
137.360 16 0.602 0.128 0.698 0.300
137.400 16 0.605 0.128 0.702 0.300
137.440 16 0.603 0.128 0.700 0.300
137.480 16 0.605 0.125 0.703 0.300
137.520 16 0.605 0.125 0.702 0.300
137.560 16 0.606 0.125 0.705 0.300
137.600 16 0.606 0.125 0.703 0.297
137.640 16 0.606 0.125 0.703 0.297
137.680 16 0.609 0.125 0.706 0.297
162.880 17 0.278 0.314 0.478 0.667
162.920 17 0.278 0.311 0.478 0.667
162.960 17 0.278 0.314 0.478 0.667
163.000 17 0.280 0.314 0.478 0.667
163.040 17 0.277 0.311 0.473 0.664
163.080 17 0.280 0.306 0.478 0.661
163.120 17 0.277 0.300 0.475 0.656
163.160 17 0.281 0.292 0.481 0.647
163.200 17 0.277 0.286 0.477 0.642
163.240 17 0.281 0.281 0.481 0.639
163.280 17 0.278 0.281 0.477 0.633
163.320 17 0.281 0.278 0.483 0.636
163.360 17 0.283 0.281 0.483 0.636
163.400 17 0.287 0.286 0.483 0.633
163.440 17 0.281 0.292 0.477 0.642
163.480 17 0.291 0.300 0.486 0.650
163.520 17 0.287 0.306 0.486 0.661
163.560 17 0.280 0.308 0.481 0.667
163.600 17 0.278 0.306 0.481 0.667
163.640 17 0.278 0.303 0.481 0.664
163.680 17 0.278 0.303 0.481 0.664
163.720 17 0.280 0.308 0.480 0.664
163.760 17 0.289 0.322 0.483 0.667
163.800 17 0.277 0.317 0.473 0.667
163.840 17 0.280 0.314 0.478 0.669
163.880 17 0.277 0.314 0.473 0.664
163.920 17 0.280 0.308 0.481 0.667
163.960 17 0.277 0.306 0.477 0.661
164.000 17 0.281 0.303 0.483 0.661
164.040 17 0.284 0.306 0.484 0.661
164.080 17 0.281 0.303 0.481 0.658
164.120 17 0.287 0.303 0.487 0.661
164.160 17 0.286 0.303 0.486 0.661
164.200 17 0.287 0.306 0.487 0.661
164.240 17 0.291 0.306 0.489 0.658
164.280 17 0.292 0.306 0.489 0.656
164.320 17 0.295 0.306 0.494 0.658
164.360 17 0.289 0.303 0.487 0.658
164.400 17 0.292 0.306 0.489 0.658
164.440 17 0.295 0.314 0.494 0.664
164.480 17 0.292 0.319 0.492 0.675
164.520 17 0.294 0.331 0.494 0.686
164.560 17 0.289 0.339 0.489 0.694
164.600 17 0.291 0.347 0.491 0.703
164.640 17 0.291 0.353 0.489 0.703
164.680 17 0.287 0.353 0.484 0.703
164.720 17 0.289 0.353 0.487 0.703
164.760 17 0.287 0.350 0.486 0.703
164.800 17 0.286 0.347 0.484 0.700
164.840 17 0.286 0.344 0.484 0.700
164.880 17 0.286 0.344 0.484 0.697
164.920 17 0.284 0.342 0.483 0.694
164.960 17 0.284 0.342 0.483 0.694
165.000 17 0.281 0.342 0.483 0.700
165.040 17 0.286 0.344 0.483 0.694
165.080 17 0.281 0.344 0.477 0.694
165.120 17 0.284 0.339 0.484 0.692
165.160 17 0.278 0.336 0.477 0.689
165.200 17 0.287 0.325 0.486 0.678
165.240 17 0.278 0.322 0.475 0.672
165.280 17 0.283 0.311 0.481 0.664
165.320 17 0.277 0.294 0.481 0.661
165.360 17 0.284 0.294 0.487 0.653
165.400 17 0.280 0.283 0.483 0.644
165.440 17 0.284 0.278 0.489 0.642
165.480 17 0.283 0.278 0.487 0.642
165.520 17 0.281 0.275 0.489 0.644
165.560 17 0.283 0.272 0.491 0.644
165.600 17 0.281 0.275 0.489 0.644
165.640 17 0.283 0.275 0.492 0.644
165.680 17 0.281 0.278 0.489 0.647
165.720 17 0.281 0.281 0.489 0.650
165.760 17 0.281 0.283 0.489 0.653
165.800 17 0.280 0.294 0.487 0.661
165.840 17 0.277 0.297 0.487 0.669
165.880 17 0.280 0.308 0.487 0.678
165.920 17 0.280 0.311 0.486 0.678
165.960 17 0.281 0.306 0.489 0.672
166.000 17 0.281 0.303 0.483 0.661
166.040 17 0.280 0.297 0.484 0.661
166.080 17 0.280 0.294 0.484 0.658
166.120 17 0.277 0.294 0.481 0.658
166.160 17 0.283 0.297 0.487 0.664
166.200 17 0.278 0.306 0.487 0.678
166.240 17 0.284 0.314 0.491 0.681
166.280 17 0.283 0.319 0.487 0.683
166.320 17 0.287 0.319 0.492 0.683
166.360 17 0.289 0.314 0.494 0.678
166.400 17 0.291 0.306 0.497 0.675
166.440 17 0.292 0.300 0.498 0.667
166.480 17 0.294 0.297 0.500 0.664
166.520 17 0.295 0.300 0.498 0.661
166.560 17 0.291 0.300 0.494 0.664
166.600 17 0.289 0.303 0.492 0.664
166.640 17 0.287 0.306 0.491 0.667
166.680 17 0.287 0.308 0.489 0.667
166.720 17 0.286 0.308 0.487 0.669
166.760 17 0.283 0.311 0.486 0.672
166.800 17 0.283 0.314 0.486 0.675
166.840 17 0.278 0.314 0.483 0.675
166.880 17 0.281 0.317 0.484 0.678
166.920 17 0.278 0.317 0.481 0.678
166.960 17 0.281 0.319 0.484 0.678
167.000 17 0.280 0.319 0.478 0.675
167.040 17 0.283 0.322 0.481 0.675
167.080 17 0.280 0.319 0.478 0.672
167.120 17 0.286 0.319 0.486 0.672
167.160 17 0.286 0.317 0.486 0.672
167.200 17 0.295 0.317 0.494 0.672
167.240 17 0.297 0.311 0.497 0.667
167.280 17 0.302 0.314 0.498 0.664
167.320 17 0.294 0.314 0.492 0.667
167.360 17 0.287 0.311 0.487 0.667
167.400 17 0.278 0.311 0.480 0.667
167.440 17 0.270 0.308 0.473 0.669
167.480 17 0.269 0.311 0.472 0.675
167.520 17 0.270 0.317 0.473 0.681
167.560 17 0.269 0.319 0.473 0.683
167.600 17 0.278 0.322 0.481 0.683
167.640 17 0.281 0.325 0.483 0.683
167.680 17 0.284 0.328 0.486 0.686
167.720 17 0.292 0.333 0.492 0.689
167.760 17 0.289 0.342 0.489 0.694
167.800 17 0.292 0.347 0.491 0.700
167.840 17 0.291 0.350 0.487 0.700
167.880 17 0.291 0.347 0.487 0.700
167.920 17 0.292 0.347 0.491 0.697
167.960 17 0.287 0.344 0.486 0.697
168.000 17 0.291 0.342 0.487 0.694
168.040 17 0.291 0.342 0.489 0.692
168.080 17 0.291 0.339 0.489 0.692
168.120 17 0.292 0.336 0.489 0.686
168.160 17 0.292 0.331 0.491 0.683
168.200 17 0.292 0.328 0.491 0.681
168.240 17 0.292 0.325 0.491 0.678
168.280 17 0.291 0.322 0.489 0.675
168.320 17 0.291 0.319 0.489 0.672
168.360 17 0.291 0.319 0.487 0.672
168.400 17 0.291 0.317 0.487 0.669
168.440 17 0.292 0.314 0.491 0.667
168.480 17 0.291 0.314 0.487 0.664
168.520 17 0.291 0.314 0.487 0.664
168.560 17 0.289 0.311 0.487 0.664
168.600 17 0.289 0.311 0.487 0.664
168.640 17 0.289 0.308 0.487 0.661
168.680 17 0.287 0.306 0.487 0.658
168.720 17 0.287 0.303 0.486 0.658
168.760 17 0.287 0.303 0.486 0.656
168.800 17 0.287 0.303 0.486 0.656
168.840 17 0.286 0.300 0.486 0.656
168.880 17 0.289 0.303 0.487 0.656
168.920 17 0.283 0.300 0.481 0.656
168.960 17 0.287 0.306 0.484 0.656
169.000 17 0.281 0.303 0.483 0.661
169.040 17 0.277 0.306 0.478 0.667
169.080 17 0.284 0.311 0.489 0.675
169.120 17 0.275 0.311 0.484 0.683
169.160 17 0.283 0.314 0.492 0.686
169.200 17 0.284 0.311 0.487 0.675
169.240 17 0.289 0.306 0.497 0.672
169.280 17 0.287 0.303 0.491 0.664
169.320 17 0.292 0.300 0.495 0.658
169.360 17 0.289 0.297 0.492 0.658
169.400 17 0.295 0.297 0.495 0.653
169.440 17 0.291 0.292 0.494 0.653
169.480 17 0.297 0.292 0.497 0.647
169.520 17 0.292 0.292 0.494 0.647
169.560 17 0.298 0.294 0.497 0.644
169.600 17 0.292 0.289 0.491 0.642
169.640 17 0.294 0.292 0.495 0.650
169.680 17 0.286 0.292 0.491 0.656
169.720 17 0.291 0.297 0.494 0.658
169.760 17 0.284 0.303 0.489 0.667
169.800 17 0.291 0.314 0.492 0.672
169.840 17 0.284 0.317 0.489 0.683
169.880 17 0.289 0.325 0.492 0.686
169.920 17 0.286 0.331 0.487 0.689
172.640 18 0.270 0.236 0.561 0.753
172.680 18 0.264 0.231 0.556 0.753
172.720 18 0.272 0.219 0.567 0.744
172.760 18 0.286 0.225 0.573 0.739
172.800 18 0.298 0.225 0.580 0.728
172.840 18 0.281 0.217 0.569 0.725
172.880 18 0.289 0.208 0.581 0.728
172.920 18 0.269 0.192 0.570 0.725
172.960 18 0.284 0.203 0.575 0.719
173.000 18 0.277 0.206 0.567 0.722
173.040 18 0.272 0.192 0.561 0.706
173.080 18 0.272 0.197 0.561 0.711
173.120 18 0.269 0.200 0.558 0.714
173.160 18 0.267 0.200 0.555 0.714
173.200 18 0.264 0.200 0.553 0.714
173.240 18 0.264 0.200 0.555 0.714
173.280 18 0.266 0.200 0.555 0.714
173.320 18 0.266 0.203 0.553 0.714
173.360 18 0.263 0.203 0.552 0.717
173.400 18 0.263 0.206 0.550 0.717
173.440 18 0.259 0.208 0.548 0.722
173.480 18 0.256 0.208 0.545 0.722
173.520 18 0.253 0.208 0.544 0.725
173.560 18 0.255 0.211 0.545 0.725
173.600 18 0.247 0.211 0.534 0.722
173.640 18 0.250 0.211 0.539 0.725
173.680 18 0.242 0.214 0.531 0.728
173.720 18 0.245 0.217 0.534 0.731
173.760 18 0.245 0.219 0.536 0.733
173.800 18 0.250 0.222 0.542 0.742
173.840 18 0.247 0.222 0.536 0.736
173.880 18 0.255 0.222 0.544 0.736
173.920 18 0.250 0.219 0.541 0.739
173.960 18 0.248 0.219 0.541 0.739
174.000 18 0.244 0.206 0.534 0.722
174.040 18 0.234 0.186 0.553 0.753
174.080 18 0.234 0.186 0.553 0.753
174.120 18 0.231 0.189 0.547 0.750
174.160 18 0.234 0.189 0.550 0.750
174.200 18 0.231 0.192 0.545 0.750
174.240 18 0.234 0.192 0.550 0.753
174.280 18 0.234 0.194 0.550 0.756
174.320 18 0.234 0.197 0.550 0.756
174.360 18 0.236 0.200 0.552 0.761
174.400 18 0.237 0.203 0.555 0.767
174.440 18 0.233 0.203 0.548 0.767
174.480 18 0.239 0.194 0.558 0.764
174.520 18 0.228 0.189 0.547 0.756
174.560 18 0.241 0.186 0.559 0.753
174.600 18 0.233 0.186 0.553 0.756
174.640 18 0.242 0.189 0.564 0.764
174.680 18 0.234 0.194 0.550 0.758
174.720 18 0.242 0.186 0.561 0.753
174.760 18 0.241 0.178 0.558 0.742
174.800 18 0.239 0.172 0.558 0.739
174.840 18 0.239 0.172 0.558 0.739
174.880 18 0.241 0.178 0.562 0.750
174.920 18 0.242 0.192 0.566 0.767
174.960 18 0.236 0.217 0.559 0.792
175.000 18 0.244 0.228 0.564 0.797
175.040 18 0.236 0.228 0.555 0.794
175.080 18 0.244 0.228 0.562 0.794
175.120 18 0.236 0.217 0.553 0.781
175.160 18 0.239 0.214 0.559 0.783
175.200 18 0.228 0.217 0.548 0.786
175.240 18 0.233 0.222 0.555 0.794
175.280 18 0.223 0.228 0.544 0.797
175.320 18 0.227 0.225 0.548 0.794
175.360 18 0.220 0.217 0.542 0.786
175.400 18 0.227 0.217 0.547 0.786
175.440 18 0.219 0.219 0.539 0.789
175.480 18 0.225 0.225 0.545 0.794
175.520 18 0.223 0.233 0.542 0.800
175.560 18 0.222 0.233 0.539 0.797
175.600 18 0.231 0.231 0.548 0.794
175.640 18 0.225 0.225 0.544 0.789
175.680 18 0.233 0.219 0.555 0.789
175.720 18 0.228 0.217 0.550 0.789
175.760 18 0.234 0.228 0.556 0.800
175.800 18 0.230 0.228 0.550 0.797
175.840 18 0.241 0.228 0.561 0.797
175.880 18 0.236 0.225 0.555 0.792
175.920 18 0.244 0.222 0.564 0.789
175.960 18 0.237 0.222 0.556 0.789
176.000 18 0.248 0.219 0.570 0.792
176.040 18 0.236 0.219 0.558 0.792
176.080 18 0.241 0.219 0.562 0.794
176.120 18 0.237 0.217 0.559 0.789
176.160 18 0.236 0.214 0.558 0.786
176.200 18 0.236 0.214 0.558 0.786
176.240 18 0.234 0.219 0.555 0.789
176.280 18 0.236 0.222 0.556 0.792
176.320 18 0.236 0.228 0.556 0.797
176.360 18 0.236 0.231 0.556 0.803
176.400 18 0.234 0.231 0.558 0.808
176.440 18 0.234 0.233 0.555 0.806
176.480 18 0.233 0.236 0.550 0.803
176.520 18 0.239 0.236 0.559 0.803
176.560 18 0.234 0.236 0.550 0.800
176.600 18 0.241 0.233 0.558 0.797
176.640 18 0.237 0.228 0.553 0.789
176.680 18 0.242 0.225 0.559 0.792
176.720 18 0.233 0.225 0.553 0.794
176.760 18 0.239 0.228 0.559 0.797
176.800 18 0.233 0.228 0.552 0.794
176.840 18 0.244 0.219 0.566 0.794
176.880 18 0.237 0.214 0.556 0.781
176.920 18 0.244 0.211 0.566 0.783
176.960 18 0.231 0.211 0.550 0.778
177.000 18 0.239 0.222 0.558 0.789
177.040 18 0.236 0.233 0.555 0.800
177.080 18 0.236 0.233 0.558 0.803
177.120 18 0.237 0.222 0.558 0.792
177.160 18 0.239 0.211 0.559 0.778
177.200 18 0.239 0.197 0.561 0.769
177.240 18 0.241 0.194 0.559 0.764
177.280 18 0.241 0.192 0.562 0.764
177.320 18 0.242 0.192 0.564 0.767
177.360 18 0.244 0.194 0.566 0.767
177.400 18 0.247 0.192 0.567 0.761
177.440 18 0.248 0.178 0.570 0.750
177.480 18 0.252 0.161 0.572 0.731
177.520 18 0.247 0.147 0.569 0.717
177.560 18 0.245 0.139 0.567 0.711
177.600 18 0.244 0.139 0.566 0.708
177.640 18 0.244 0.142 0.564 0.711
177.680 18 0.242 0.142 0.562 0.714
177.720 18 0.237 0.142 0.559 0.714
177.760 18 0.241 0.139 0.564 0.714
177.800 18 0.237 0.136 0.559 0.708
177.840 18 0.236 0.133 0.556 0.706
177.880 18 0.233 0.133 0.555 0.703
177.920 18 0.234 0.131 0.558 0.706
177.960 18 0.228 0.131 0.550 0.700
178.000 18 0.216 0.108 0.564 0.728
178.040 18 0.223 0.103 0.578 0.733
178.080 18 0.220 0.108 0.570 0.728
178.120 18 0.220 0.106 0.569 0.728
178.160 18 0.220 0.103 0.569 0.722
178.200 18 0.225 0.103 0.572 0.722
178.240 18 0.217 0.097 0.567 0.719
178.280 18 0.227 0.100 0.573 0.717
178.320 18 0.222 0.097 0.567 0.711
178.360 18 0.225 0.103 0.570 0.717
178.400 18 0.227 0.106 0.572 0.719
178.440 18 0.227 0.108 0.572 0.722
178.480 18 0.227 0.108 0.577 0.731
178.520 18 0.228 0.114 0.578 0.736
178.560 18 0.230 0.125 0.580 0.744
178.600 18 0.231 0.125 0.580 0.744
178.640 18 0.228 0.119 0.578 0.742
178.680 18 0.223 0.111 0.575 0.736
178.720 18 0.230 0.108 0.580 0.731
178.760 18 0.227 0.108 0.575 0.728
178.800 18 0.230 0.108 0.575 0.725
178.840 18 0.227 0.108 0.573 0.722
178.880 18 0.228 0.108 0.575 0.725
178.920 18 0.222 0.111 0.566 0.725
178.960 18 0.216 0.108 0.561 0.722
179.000 18 0.216 0.108 0.564 0.728
179.040 18 0.211 0.106 0.559 0.725
179.080 18 0.223 0.111 0.564 0.717
179.120 18 0.217 0.103 0.561 0.714
179.160 18 0.230 0.106 0.572 0.717
179.200 18 0.237 0.100 0.581 0.711
179.240 18 0.223 0.097 0.572 0.714
179.280 18 0.233 0.097 0.578 0.714
179.320 18 0.222 0.094 0.573 0.719
179.360 18 0.227 0.094 0.578 0.719
179.400 18 0.220 0.108 0.561 0.711
179.440 18 0.228 0.108 0.570 0.717
179.480 18 0.216 0.108 0.562 0.725
179.520 18 0.220 0.108 0.570 0.731
179.560 18 0.223 0.114 0.570 0.731
179.600 18 0.227 0.114 0.573 0.731
179.640 18 0.239 0.114 0.584 0.728
179.680 18 0.231 0.108 0.578 0.725
179.720 18 0.228 0.103 0.575 0.719
179.760 18 0.225 0.103 0.572 0.719
179.800 18 0.214 0.100 0.561 0.717
179.840 18 0.223 0.100 0.573 0.725
179.880 18 0.208 0.094 0.556 0.714
179.920 18 0.217 0.083 0.570 0.711
179.960 18 0.197 0.081 0.550 0.708
180.000 18 0.208 0.075 0.562 0.706
180.040 18 0.205 0.075 0.556 0.697
180.080 18 0.216 0.075 0.564 0.694
180.120 18 0.202 0.072 0.553 0.694
180.160 18 0.208 0.078 0.561 0.706
180.200 18 0.209 0.083 0.562 0.714
180.240 18 0.214 0.094 0.562 0.714
180.280 18 0.214 0.094 0.564 0.717
180.320 18 0.205 0.094 0.556 0.722
180.360 18 0.211 0.100 0.562 0.725
180.400 18 0.200 0.103 0.555 0.733
180.440 18 0.198 0.114 0.555 0.747
180.480 18 0.211 0.119 0.575 0.769
180.520 18 0.197 0.125 0.562 0.775
180.560 18 0.208 0.136 0.564 0.769
180.600 18 0.211 0.139 0.566 0.769
180.640 18 0.202 0.142 0.559 0.778
180.680 18 0.206 0.147 0.567 0.786
180.720 18 0.197 0.147 0.559 0.792
180.760 18 0.203 0.144 0.567 0.792
180.800 18 0.194 0.144 0.558 0.792
180.840 18 0.208 0.153 0.569 0.792
180.880 18 0.203 0.144 0.566 0.789
180.920 18 0.209 0.136 0.577 0.792
180.960 18 0.203 0.136 0.569 0.786
181.000 18 0.203 0.136 0.566 0.781
181.040 18 0.200 0.136 0.562 0.781
181.080 18 0.188 0.136 0.553 0.783
181.120 18 0.208 0.142 0.573 0.792
181.160 18 0.222 0.128 0.584 0.772
181.200 18 0.230 0.114 0.591 0.758
181.240 18 0.225 0.106 0.584 0.744
181.280 18 0.223 0.103 0.578 0.733
181.320 18 0.217 0.092 0.573 0.725
181.360 18 0.214 0.083 0.569 0.714
181.400 18 0.223 0.072 0.584 0.714
181.440 18 0.227 0.053 0.589 0.694
181.480 18 0.231 0.033 0.594 0.678
181.520 18 0.220 0.036 0.569 0.656
181.560 18 0.233 0.033 0.580 0.650
181.600 18 0.214 0.033 0.559 0.647
181.640 18 0.231 0.036 0.581 0.658
181.680 18 0.212 0.036 0.561 0.656
181.720 18 0.231 0.036 0.580 0.656
181.760 18 0.214 0.033 0.559 0.650
181.800 18 0.231 0.039 0.578 0.656
181.840 18 0.212 0.039 0.559 0.656
181.880 18 0.231 0.039 0.578 0.658
181.920 18 0.220 0.039 0.567 0.656
181.960 18 0.222 0.039 0.570 0.658
182.000 18 0.222 0.039 0.570 0.658
182.040 18 0.222 0.039 0.570 0.658
182.080 18 0.212 0.042 0.561 0.661
182.120 18 0.217 0.042 0.569 0.667
182.160 18 0.209 0.044 0.559 0.667
