4.120 0 0.486 0.100 0.553 0.219
4.160 0 0.483 0.100 0.552 0.219
4.200 0 0.487 0.100 0.555 0.222
4.240 0 0.484 0.103 0.553 0.222
4.280 0 0.489 0.106 0.556 0.225
4.320 0 0.486 0.106 0.555 0.228
4.360 0 0.491 0.111 0.559 0.231
4.400 0 0.489 0.114 0.558 0.236
4.440 0 0.492 0.117 0.561 0.239
4.480 0 0.492 0.119 0.561 0.242
4.520 0 0.492 0.122 0.561 0.244
4.560 0 0.497 0.125 0.566 0.247
4.600 0 0.497 0.128 0.566 0.250
4.640 0 0.498 0.128 0.567 0.250
4.680 0 0.498 0.131 0.567 0.250
4.720 0 0.500 0.133 0.567 0.253
4.760 0 0.502 0.136 0.569 0.256
4.800 0 0.502 0.136 0.569 0.258
4.840 0 0.502 0.139 0.569 0.261
4.880 0 0.505 0.144 0.569 0.261
4.920 0 0.502 0.144 0.569 0.264
4.960 0 0.500 0.150 0.566 0.269
5.000 0 0.498 0.153 0.566 0.272
5.040 0 0.498 0.153 0.567 0.275
5.080 0 0.495 0.156 0.564 0.278
5.120 0 0.494 0.156 0.562 0.278
5.160 0 0.492 0.158 0.561 0.278
5.200 0 0.492 0.158 0.559 0.281
5.240 0 0.492 0.158 0.559 0.281
5.280 0 0.492 0.161 0.559 0.281
5.320 0 0.492 0.161 0.559 0.281
5.360 0 0.492 0.161 0.559 0.281
5.400 0 0.492 0.161 0.559 0.281
5.440 0 0.491 0.161 0.558 0.281
5.480 0 0.492 0.164 0.559 0.283
5.520 0 0.492 0.167 0.558 0.283
5.560 0 0.494 0.167 0.561 0.286
5.600 0 0.492 0.167 0.559 0.286
5.640 0 0.494 0.167 0.561 0.286
5.680 0 0.491 0.167 0.558 0.289
5.720 0 0.491 0.169 0.559 0.292
5.760 0 0.489 0.172 0.556 0.294
5.800 0 0.487 0.178 0.556 0.297
5.840 0 0.486 0.181 0.553 0.300
5.880 0 0.484 0.183 0.552 0.303
5.920 0 0.483 0.183 0.548 0.300
5.960 0 0.481 0.183 0.547 0.300
6.000 0 0.483 0.181 0.550 0.300
6.040 0 0.480 0.178 0.547 0.297
6.080 0 0.480 0.178 0.547 0.294
6.120 0 0.478 0.175 0.547 0.294
6.160 0 0.477 0.172 0.547 0.294
6.200 0 0.475 0.172 0.544 0.294
6.240 0 0.477 0.172 0.544 0.292
6.280 0 0.475 0.172 0.542 0.292
6.320 0 0.473 0.172 0.541 0.292
6.360 0 0.472 0.172 0.539 0.289
6.400 0 0.470 0.169 0.537 0.289
6.440 0 0.469 0.172 0.537 0.289
6.480 0 0.469 0.172 0.536 0.292
6.520 0 0.469 0.172 0.536 0.292
6.560 0 0.469 0.172 0.536 0.292
6.600 0 0.469 0.172 0.537 0.292
6.640 0 0.470 0.172 0.537 0.292
6.680 0 0.470 0.172 0.539 0.292
6.720 0 0.472 0.172 0.541 0.294
6.760 0 0.472 0.175 0.541 0.294
6.800 0 0.470 0.175 0.539 0.294
6.840 0 0.472 0.175 0.541 0.294
6.880 0 0.472 0.172 0.541 0.292
6.920 0 0.472 0.169 0.539 0.292
6.960 0 0.470 0.169 0.539 0.289
7.000 0 0.467 0.167 0.536 0.286
7.040 0 0.466 0.167 0.534 0.286
7.080 0 0.466 0.167 0.534 0.286
7.120 0 0.463 0.167 0.531 0.286
7.160 0 0.463 0.167 0.533 0.289
7.200 0 0.461 0.167 0.531 0.286
7.240 0 0.461 0.167 0.530 0.286
7.280 0 0.459 0.164 0.528 0.283
7.320 0 0.459 0.161 0.528 0.283
7.360 0 0.458 0.161 0.528 0.281
7.400 0 0.458 0.158 0.528 0.281
7.440 0 0.458 0.161 0.528 0.281
7.480 0 0.455 0.158 0.525 0.281
7.520 0 0.455 0.158 0.525 0.281
7.560 0 0.455 0.158 0.525 0.281
7.600 0 0.453 0.158 0.523 0.278
7.640 0 0.450 0.158 0.520 0.278
7.680 0 0.450 0.158 0.520 0.278
7.720 0 0.448 0.161 0.517 0.281
7.760 0 0.447 0.164 0.516 0.283
7.800 0 0.445 0.167 0.514 0.286
18.320 1 0.523 0.258 0.731 0.628
18.360 1 0.520 0.258 0.727 0.625
18.400 1 0.528 0.258 0.733 0.625
18.440 1 0.517 0.258 0.723 0.625
18.480 1 0.525 0.261 0.728 0.622
18.520 1 0.516 0.261 0.719 0.622
18.560 1 0.522 0.264 0.722 0.622
18.600 1 0.517 0.264 0.719 0.619
18.640 1 0.523 0.264 0.722 0.617
18.680 1 0.523 0.264 0.722 0.614
18.720 1 0.523 0.264 0.720 0.611
18.760 1 0.527 0.264 0.722 0.611
18.800 1 0.520 0.267 0.716 0.611
18.840 1 0.523 0.272 0.716 0.614
18.880 1 0.514 0.264 0.711 0.617
18.920 1 0.511 0.264 0.709 0.617
18.960 1 0.514 0.267 0.711 0.617
19.000 1 0.505 0.261 0.706 0.619
19.040 1 0.492 0.236 0.717 0.636
19.080 1 0.492 0.239 0.714 0.636
19.120 1 0.491 0.239 0.713 0.636
19.160 1 0.489 0.239 0.711 0.636
19.200 1 0.487 0.239 0.711 0.639
19.240 1 0.486 0.239 0.711 0.639
19.280 1 0.483 0.239 0.708 0.639
19.320 1 0.486 0.236 0.716 0.644
19.360 1 0.481 0.233 0.709 0.639
19.400 1 0.484 0.236 0.711 0.639
19.440 1 0.483 0.239 0.706 0.636
19.480 1 0.480 0.239 0.702 0.633
19.520 1 0.481 0.247 0.698 0.633
19.560 1 0.480 0.242 0.702 0.636
19.600 1 0.486 0.247 0.703 0.633
19.640 1 0.477 0.242 0.700 0.639
19.680 1 0.481 0.239 0.711 0.647
19.720 1 0.477 0.242 0.702 0.639
19.760 1 0.483 0.242 0.708 0.639
19.800 1 0.473 0.233 0.702 0.639
19.840 1 0.483 0.242 0.706 0.639
19.880 1 0.477 0.242 0.700 0.636
19.920 1 0.480 0.242 0.703 0.636
19.960 1 0.478 0.242 0.700 0.636
20.000 1 0.472 0.219 0.714 0.650
20.040 1 0.478 0.225 0.716 0.647
20.080 1 0.481 0.228 0.717 0.647
20.120 1 0.475 0.222 0.714 0.650
20.160 1 0.481 0.225 0.720 0.650
20.200 1 0.478 0.225 0.717 0.650
20.240 1 0.477 0.222 0.717 0.650
20.280 1 0.480 0.222 0.720 0.650
20.320 1 0.478 0.225 0.714 0.644
20.360 1 0.477 0.225 0.716 0.650
20.400 1 0.480 0.225 0.719 0.650
20.440 1 0.480 0.225 0.720 0.653
20.480 1 0.478 0.222 0.722 0.653
20.520 1 0.487 0.225 0.728 0.653
20.560 1 0.484 0.219 0.728 0.653
20.600 1 0.491 0.222 0.731 0.653
20.640 1 0.489 0.222 0.730 0.650
20.680 1 0.495 0.222 0.736 0.653
20.720 1 0.487 0.219 0.730 0.650
20.760 1 0.487 0.214 0.734 0.653
20.800 1 0.489 0.217 0.734 0.653
20.840 1 0.486 0.217 0.731 0.653
20.880 1 0.489 0.217 0.733 0.653
20.920 1 0.489 0.214 0.736 0.653
20.960 1 0.492 0.214 0.738 0.653
21.000 1 0.498 0.219 0.741 0.650
21.040 1 0.502 0.239 0.720 0.631
21.080 1 0.505 0.242 0.725 0.631
21.120 1 0.497 0.239 0.717 0.631
21.160 1 0.502 0.242 0.722 0.633
21.200 1 0.494 0.239 0.716 0.633
21.240 1 0.500 0.242 0.723 0.636
21.280 1 0.497 0.244 0.711 0.625
21.320 1 0.503 0.244 0.720 0.631
21.360 1 0.498 0.239 0.720 0.633
21.400 1 0.500 0.239 0.722 0.633
21.440 1 0.500 0.239 0.722 0.633
21.480 1 0.495 0.239 0.720 0.639
21.520 1 0.498 0.236 0.723 0.636
21.560 1 0.503 0.242 0.720 0.628
21.600 1 0.498 0.242 0.720 0.633
21.640 1 0.500 0.242 0.722 0.636
21.680 1 0.500 0.242 0.722 0.636
21.720 1 0.500 0.242 0.722 0.636
21.760 1 0.500 0.242 0.723 0.636
21.800 1 0.500 0.242 0.722 0.636
21.840 1 0.500 0.242 0.723 0.642
21.880 1 0.500 0.242 0.723 0.639
21.920 1 0.502 0.242 0.723 0.636
21.960 1 0.503 0.239 0.728 0.639
22.000 1 0.505 0.261 0.706 0.619
22.040 1 0.492 0.239 0.719 0.642
22.080 1 0.494 0.236 0.720 0.639
22.120 1 0.491 0.236 0.716 0.639
22.160 1 0.491 0.236 0.720 0.644
22.200 1 0.491 0.239 0.717 0.639
22.240 1 0.489 0.236 0.713 0.636
22.280 1 0.491 0.236 0.717 0.636
22.320 1 0.494 0.236 0.719 0.636
22.360 1 0.489 0.236 0.713 0.636
22.400 1 0.489 0.233 0.719 0.642
22.440 1 0.491 0.236 0.716 0.636
22.480 1 0.489 0.236 0.714 0.636
22.520 1 0.486 0.239 0.711 0.636
22.560 1 0.486 0.239 0.709 0.636
22.600 1 0.486 0.236 0.708 0.631
22.640 1 0.487 0.239 0.706 0.625
22.680 1 0.487 0.242 0.700 0.619
22.720 1 0.492 0.242 0.706 0.619
22.760 1 0.483 0.242 0.697 0.622
22.800 1 0.492 0.247 0.705 0.625
22.840 1 0.481 0.242 0.697 0.625
22.880 1 0.489 0.242 0.705 0.625
22.920 1 0.484 0.242 0.703 0.628
22.960 1 0.483 0.242 0.700 0.628
23.000 1 0.472 0.219 0.714 0.650
23.040 1 0.464 0.203 0.714 0.647
23.080 1 0.464 0.200 0.713 0.644
23.120 1 0.463 0.200 0.711 0.639
23.160 1 0.466 0.200 0.713 0.639
23.200 1 0.450 0.192 0.706 0.644
23.240 1 0.458 0.194 0.716 0.650
23.280 1 0.448 0.194 0.703 0.647
23.320 1 0.458 0.197 0.714 0.650
23.360 1 0.453 0.192 0.706 0.642
23.400 1 0.458 0.194 0.709 0.642
23.440 1 0.458 0.197 0.705 0.633
23.480 1 0.463 0.197 0.708 0.631
23.520 1 0.458 0.194 0.703 0.628
23.560 1 0.464 0.194 0.708 0.625
23.600 1 0.459 0.192 0.703 0.622
23.640 1 0.467 0.189 0.711 0.619
23.680 1 0.463 0.186 0.706 0.617
23.720 1 0.472 0.186 0.713 0.614
23.760 1 0.469 0.186 0.708 0.611
23.800 1 0.475 0.186 0.714 0.611
23.840 1 0.472 0.186 0.709 0.608
23.880 1 0.478 0.186 0.717 0.608
23.920 1 0.478 0.186 0.714 0.606
23.960 1 0.478 0.189 0.714 0.606
24.000 1 0.472 0.172 0.714 0.600
24.040 1 0.484 0.186 0.708 0.583
24.080 1 0.487 0.189 0.713 0.583
24.120 1 0.483 0.192 0.706 0.589
24.160 1 0.486 0.197 0.709 0.594
24.200 1 0.477 0.197 0.705 0.603
24.240 1 0.480 0.200 0.705 0.597
24.280 1 0.477 0.194 0.700 0.589
24.320 1 0.483 0.186 0.708 0.586
24.360 1 0.478 0.181 0.703 0.578
24.400 1 0.484 0.175 0.709 0.575
24.440 1 0.484 0.178 0.705 0.569
24.480 1 0.480 0.181 0.706 0.581
24.520 1 0.478 0.186 0.705 0.589
24.560 1 0.475 0.194 0.705 0.603
24.600 1 0.475 0.206 0.705 0.611
24.640 1 0.470 0.203 0.700 0.608
24.680 1 0.473 0.197 0.705 0.606
24.720 1 0.470 0.192 0.700 0.600
24.760 1 0.470 0.189 0.698 0.592
24.800 1 0.470 0.189 0.695 0.589
24.840 1 0.466 0.186 0.694 0.592
24.880 1 0.469 0.194 0.691 0.589
24.920 1 0.466 0.200 0.691 0.597
24.960 1 0.466 0.206 0.689 0.603
25.000 1 0.483 0.222 0.684 0.581
25.040 1 0.473 0.197 0.697 0.594
25.080 1 0.472 0.192 0.694 0.586
25.120 1 0.480 0.194 0.700 0.583
25.160 1 0.472 0.192 0.694 0.586
25.200 1 0.478 0.194 0.703 0.592
25.240 1 0.473 0.197 0.702 0.603
25.280 1 0.475 0.203 0.700 0.603
25.320 1 0.472 0.203 0.698 0.603
25.360 1 0.473 0.197 0.700 0.600
25.400 1 0.475 0.197 0.700 0.594
25.440 1 0.477 0.197 0.702 0.594
25.480 1 0.472 0.194 0.697 0.594
25.520 1 0.478 0.197 0.703 0.594
25.560 1 0.475 0.194 0.700 0.592
25.600 1 0.480 0.197 0.703 0.592
25.640 1 0.475 0.189 0.702 0.589
25.680 1 0.483 0.194 0.703 0.586
25.720 1 0.477 0.194 0.698 0.589
25.760 1 0.480 0.194 0.702 0.586
25.800 1 0.478 0.192 0.702 0.586
25.840 1 0.481 0.192 0.702 0.583
25.880 1 0.481 0.192 0.702 0.583
25.920 1 0.483 0.192 0.703 0.583
25.960 1 0.483 0.192 0.703 0.583
26.000 1 0.472 0.172 0.714 0.600
26.040 1 0.480 0.172 0.716 0.589
26.080 1 0.478 0.167 0.717 0.589
26.120 1 0.489 0.167 0.725 0.586
26.160 1 0.487 0.161 0.728 0.583
26.200 1 0.492 0.161 0.730 0.583
26.240 1 0.484 0.161 0.722 0.581
26.280 1 0.487 0.161 0.725 0.581
26.320 1 0.484 0.161 0.722 0.581
26.360 1 0.486 0.158 0.725 0.581
26.400 1 0.487 0.161 0.725 0.581
26.440 1 0.486 0.158 0.727 0.583
26.480 1 0.491 0.164 0.727 0.581
26.520 1 0.486 0.161 0.723 0.581
26.560 1 0.491 0.161 0.730 0.581
26.600 1 0.489 0.161 0.728 0.583
26.640 1 0.489 0.164 0.727 0.583
26.680 1 0.487 0.164 0.727 0.586
26.720 1 0.484 0.167 0.725 0.589
26.760 1 0.481 0.167 0.725 0.594
26.800 1 0.481 0.169 0.723 0.597
26.840 1 0.478 0.169 0.723 0.603
26.880 1 0.477 0.169 0.722 0.606
26.920 1 0.475 0.172 0.720 0.606
26.960 1 0.473 0.175 0.719 0.606
27.000 1 0.472 0.172 0.714 0.600
27.040 1 0.470 0.172 0.711 0.597
27.080 1 0.477 0.172 0.717 0.597
27.120 1 0.475 0.175 0.711 0.592
27.160 1 0.473 0.172 0.716 0.600
27.200 1 0.470 0.172 0.716 0.606
27.240 1 0.472 0.178 0.714 0.606
27.280 1 0.469 0.172 0.716 0.608
27.320 1 0.469 0.172 0.717 0.611
27.360 1 0.469 0.172 0.714 0.606
27.400 1 0.472 0.172 0.720 0.608
27.440 1 0.475 0.169 0.722 0.603
27.480 1 0.477 0.169 0.723 0.606
27.520 1 0.477 0.172 0.722 0.608
27.560 1 0.473 0.175 0.720 0.611
27.600 1 0.470 0.175 0.719 0.614
27.640 1 0.469 0.175 0.716 0.611
27.680 1 0.467 0.172 0.716 0.614
27.720 1 0.467 0.175 0.717 0.617
27.760 1 0.466 0.169 0.719 0.617
27.800 1 0.458 0.167 0.711 0.614
27.840 1 0.469 0.169 0.720 0.614
27.880 1 0.461 0.167 0.713 0.611
27.920 1 0.472 0.172 0.722 0.611
27.960 1 0.461 0.169 0.709 0.608
28.000 1 0.472 0.172 0.714 0.600
28.040 1 0.475 0.192 0.728 0.639
28.080 1 0.475 0.194 0.720 0.631
28.120 1 0.481 0.192 0.727 0.628
28.160 1 0.477 0.192 0.722 0.625
28.200 1 0.483 0.189 0.728 0.625
28.240 1 0.475 0.189 0.720 0.622
28.280 1 0.480 0.186 0.730 0.628
28.320 1 0.478 0.186 0.723 0.622
28.360 1 0.487 0.186 0.731 0.619
28.400 1 0.483 0.181 0.728 0.617
28.440 1 0.491 0.183 0.731 0.608
28.480 1 0.487 0.178 0.728 0.606
28.520 1 0.495 0.178 0.736 0.603
28.560 1 0.494 0.178 0.731 0.600
28.600 1 0.497 0.178 0.734 0.600
28.640 1 0.494 0.178 0.734 0.603
28.680 1 0.491 0.181 0.734 0.614
28.720 1 0.497 0.189 0.741 0.622
28.760 1 0.489 0.189 0.734 0.625
28.800 1 0.498 0.192 0.745 0.628
28.840 1 0.486 0.186 0.733 0.622
28.880 1 0.497 0.192 0.744 0.628
28.920 1 0.491 0.189 0.736 0.625
28.960 1 0.495 0.194 0.736 0.619
29.000 1 0.498 0.219 0.741 0.650
29.040 1 0.494 0.200 0.741 0.636
29.080 1 0.495 0.203 0.742 0.639
29.120 1 0.495 0.203 0.742 0.639
29.160 1 0.498 0.200 0.747 0.642
29.200 1 0.494 0.200 0.741 0.636
29.240 1 0.497 0.194 0.742 0.631
29.280 1 0.497 0.192 0.741 0.622
29.320 1 0.498 0.186 0.744 0.619
29.360 1 0.495 0.183 0.738 0.614
29.400 1 0.500 0.183 0.739 0.608
29.440 1 0.500 0.178 0.742 0.608
29.480 1 0.497 0.175 0.742 0.611
29.520 1 0.498 0.183 0.738 0.608
29.560 1 0.497 0.189 0.736 0.614
29.600 1 0.495 0.197 0.734 0.622
29.640 1 0.492 0.200 0.734 0.631
29.680 1 0.492 0.203 0.733 0.631
29.720 1 0.492 0.197 0.736 0.628
29.760 1 0.497 0.194 0.738 0.619
29.800 1 0.500 0.189 0.739 0.614
29.840 1 0.502 0.189 0.741 0.614
29.880 1 0.498 0.189 0.739 0.614
29.920 1 0.502 0.192 0.741 0.617
29.960 1 0.502 0.192 0.742 0.619
30.000 1 0.498 0.172 0.741 0.600
30.040 1 0.508 0.189 0.744 0.608
30.080 1 0.509 0.186 0.747 0.608
30.120 1 0.511 0.186 0.748 0.611
30.160 1 0.511 0.189 0.752 0.614
30.200 1 0.511 0.192 0.753 0.619
30.240 1 0.512 0.192 0.756 0.622
30.280 1 0.519 0.194 0.761 0.625
30.320 1 0.517 0.192 0.762 0.625
30.360 1 0.520 0.192 0.764 0.625
30.400 1 0.522 0.189 0.769 0.628
30.440 1 0.520 0.192 0.767 0.631
30.480 1 0.519 0.194 0.762 0.625
30.520 1 0.519 0.194 0.762 0.625
30.560 1 0.520 0.192 0.766 0.628
30.600 1 0.517 0.183 0.770 0.633
30.640 1 0.523 0.189 0.773 0.631
30.680 1 0.520 0.192 0.767 0.628
30.720 1 0.522 0.189 0.772 0.631
30.760 1 0.516 0.192 0.762 0.628
30.800 1 0.523 0.192 0.773 0.633
30.840 1 0.516 0.192 0.764 0.633
30.880 1 0.516 0.194 0.770 0.644
30.920 1 0.512 0.197 0.764 0.639
30.960 1 0.519 0.197 0.769 0.642
31.000 1 0.525 0.219 0.767 0.650
31.040 1 0.522 0.225 0.758 0.644
31.080 1 0.525 0.222 0.766 0.650
31.120 1 0.522 0.228 0.758 0.647
31.160 1 0.525 0.222 0.766 0.650
31.200 1 0.520 0.225 0.758 0.647
31.240 1 0.523 0.225 0.766 0.653
31.280 1 0.520 0.228 0.756 0.647
31.320 1 0.525 0.225 0.764 0.650
31.360 1 0.520 0.231 0.756 0.650
31.400 1 0.531 0.231 0.769 0.650
31.440 1 0.523 0.228 0.759 0.644
31.480 1 0.527 0.231 0.762 0.650
31.520 1 0.527 0.231 0.762 0.650
31.560 1 0.533 0.231 0.769 0.650
31.600 1 0.527 0.228 0.766 0.653
31.640 1 0.534 0.231 0.769 0.650
31.680 1 0.527 0.228 0.766 0.653
31.720 1 0.534 0.231 0.770 0.650
31.760 1 0.527 0.228 0.767 0.653
31.800 1 0.527 0.228 0.767 0.653
31.840 1 0.527 0.225 0.767 0.656
18.720 2 0.164 0.539 0.245 0.683
18.760 2 0.158 0.542 0.241 0.689
18.800 2 0.155 0.542 0.237 0.689
18.840 2 0.153 0.542 0.236 0.689
18.880 2 0.150 0.544 0.233 0.689
18.920 2 0.147 0.547 0.228 0.692
18.960 2 0.142 0.550 0.223 0.694
19.000 2 0.139 0.553 0.220 0.697
19.040 2 0.134 0.553 0.216 0.700
19.080 2 0.130 0.558 0.211 0.703
19.120 2 0.125 0.561 0.206 0.706
19.160 2 0.120 0.564 0.200 0.706
19.200 2 0.116 0.567 0.195 0.708
19.240 2 0.109 0.567 0.189 0.708
19.280 2 0.102 0.567 0.183 0.711
19.320 2 0.094 0.567 0.175 0.708
19.360 2 0.087 0.567 0.170 0.711
19.400 2 0.080 0.567 0.161 0.711
19.440 2 0.072 0.567 0.153 0.711
19.480 2 0.062 0.567 0.145 0.717
19.520 2 0.055 0.569 0.138 0.717
19.560 2 0.048 0.569 0.131 0.717
19.600 2 0.041 0.572 0.122 0.719
19.960 3 0.450 0.431 0.516 0.547
20.000 3 0.445 0.433 0.512 0.553
20.040 3 0.438 0.442 0.503 0.558
20.880 4 0.016 0.567 0.095 0.711
20.920 4 0.020 0.561 0.103 0.708
20.960 4 0.031 0.558 0.113 0.703
21.000 4 0.039 0.553 0.120 0.697
21.040 4 0.045 0.547 0.127 0.694
21.080 4 0.050 0.542 0.134 0.689
21.120 4 0.058 0.533 0.141 0.681
21.160 4 0.064 0.528 0.145 0.669
21.200 4 0.062 0.522 0.153 0.683
21.240 4 0.066 0.517 0.158 0.678
21.280 4 0.070 0.514 0.161 0.672
21.320 4 0.073 0.511 0.164 0.669
21.360 4 0.077 0.511 0.166 0.667
21.400 4 0.080 0.511 0.169 0.669
21.440 4 0.081 0.511 0.169 0.667
21.480 4 0.080 0.511 0.169 0.667
21.520 4 0.084 0.511 0.173 0.669
21.560 4 0.083 0.511 0.172 0.669
21.600 4 0.083 0.511 0.172 0.669
21.640 4 0.081 0.508 0.172 0.667
21.680 4 0.084 0.508 0.175 0.667
21.720 4 0.083 0.506 0.173 0.667
21.760 4 0.086 0.506 0.177 0.664
21.800 4 0.086 0.506 0.175 0.664
21.840 4 0.086 0.506 0.175 0.664
21.880 4 0.087 0.506 0.175 0.661
21.920 4 0.089 0.508 0.175 0.658
21.960 4 0.089 0.506 0.177 0.661
22.000 4 0.080 0.508 0.178 0.681
22.040 4 0.083 0.503 0.177 0.669
22.080 4 0.081 0.503 0.175 0.669
22.120 4 0.081 0.503 0.175 0.669
22.160 4 0.080 0.503 0.173 0.669
22.200 4 0.078 0.503 0.172 0.669
22.240 4 0.078 0.503 0.172 0.669
22.280 4 0.077 0.503 0.172 0.669
22.320 4 0.075 0.500 0.170 0.669
22.360 4 0.073 0.500 0.169 0.669
22.400 4 0.073 0.500 0.167 0.667
22.440 4 0.072 0.500 0.166 0.667
22.480 4 0.069 0.500 0.163 0.667
22.520 4 0.067 0.500 0.159 0.667
22.560 4 0.064 0.500 0.156 0.664
22.600 4 0.062 0.500 0.155 0.664
22.640 4 0.059 0.500 0.152 0.664
22.680 4 0.056 0.497 0.148 0.664
22.720 4 0.053 0.497 0.147 0.664
22.760 4 0.048 0.494 0.145 0.667
22.800 4 0.047 0.494 0.142 0.664
22.840 4 0.042 0.494 0.139 0.664
22.880 4 0.037 0.494 0.134 0.664
22.920 4 0.033 0.492 0.133 0.669
22.960 4 0.028 0.494 0.127 0.669
23.000 4 0.027 0.489 0.123 0.664
23.040 4 0.023 0.492 0.119 0.664
23.080 4 0.017 0.492 0.116 0.669
23.120 4 0.014 0.494 0.113 0.669
23.160 4 0.009 0.494 0.106 0.672
23.200 4 0.005 0.497 0.100 0.669
23.640 4 -0.008 0.511 0.077 0.644
23.680 4 -0.009 0.514 0.073 0.644
23.720 4 -0.013 0.511 0.073 0.650
23.760 4 -0.017 0.511 0.072 0.653
23.800 4 -0.014 0.517 0.072 0.653
23.840 4 -0.019 0.517 0.070 0.656
23.880 4 -0.017 0.517 0.070 0.658
23.920 4 -0.020 0.519 0.069 0.661
23.960 4 -0.019 0.522 0.069 0.658
24.000 4 -0.023 0.519 0.067 0.664
24.040 4 -0.027 0.519 0.066 0.667
24.080 4 -0.027 0.519 0.066 0.667
24.120 4 -0.028 0.522 0.061 0.664
24.160 4 -0.028 0.519 0.064 0.667
24.200 4 -0.030 0.517 0.064 0.667
24.240 4 -0.031 0.514 0.062 0.664
24.280 4 -0.033 0.511 0.062 0.664
24.320 4 -0.033 0.511 0.061 0.661
24.360 4 -0.037 0.511 0.059 0.664
24.400 4 -0.042 0.511 0.056 0.667
32.640 5 0.506 0.297 0.561 0.394
32.680 5 0.514 0.292 0.569 0.389
32.720 5 0.520 0.289 0.575 0.386
32.760 5 0.528 0.286 0.583 0.383
32.800 5 0.537 0.283 0.591 0.381
32.840 5 0.548 0.283 0.603 0.381
32.880 5 0.561 0.281 0.616 0.381
32.920 5 0.573 0.275 0.628 0.375
32.960 5 0.588 0.275 0.644 0.372
33.000 5 0.602 0.272 0.658 0.372
33.040 5 0.616 0.269 0.673 0.372
33.080 5 0.633 0.267 0.692 0.369
33.120 5 0.648 0.272 0.706 0.375
44.160 6 0.572 0.247 0.769 0.597
44.200 6 0.567 0.242 0.764 0.592
44.240 6 0.564 0.236 0.759 0.583
44.280 6 0.559 0.231 0.756 0.578
44.320 6 0.556 0.225 0.753 0.575
44.360 6 0.553 0.225 0.748 0.572
44.400 6 0.548 0.222 0.747 0.572
44.440 6 0.552 0.225 0.748 0.575
44.480 6 0.545 0.222 0.741 0.572
44.520 6 0.544 0.225 0.736 0.567
44.560 6 0.545 0.219 0.747 0.578
44.600 6 0.541 0.219 0.742 0.578
44.640 6 0.542 0.225 0.744 0.583
44.680 6 0.539 0.225 0.734 0.575
44.720 6 0.544 0.225 0.741 0.575
44.760 6 0.541 0.225 0.736 0.572
44.800 6 0.547 0.219 0.745 0.575
44.840 6 0.547 0.222 0.745 0.572
44.880 6 0.548 0.225 0.745 0.575
44.920 6 0.553 0.231 0.747 0.575
44.960 6 0.548 0.231 0.739 0.569
45.000 6 0.550 0.222 0.752 0.581
45.040 6 0.553 0.214 0.762 0.586
45.080 6 0.548 0.208 0.761 0.583
45.120 6 0.555 0.206 0.767 0.583
45.160 6 0.552 0.206 0.762 0.578
45.200 6 0.552 0.200 0.762 0.575
45.240 6 0.556 0.197 0.767 0.572
45.280 6 0.553 0.194 0.761 0.561
45.320 6 0.553 0.189 0.759 0.553
45.360 6 0.556 0.172 0.770 0.553
45.400 6 0.550 0.158 0.764 0.539
45.440 6 0.550 0.142 0.767 0.528
45.480 6 0.553 0.119 0.770 0.506
45.520 6 0.553 0.103 0.773 0.494
45.560 6 0.552 0.083 0.772 0.472
45.600 6 0.550 0.053 0.777 0.456
45.640 6 0.552 0.033 0.781 0.442
49.360 7 0.656 0.233 0.714 0.336
49.400 7 0.656 0.233 0.713 0.336
49.440 7 0.658 0.233 0.714 0.336
49.480 7 0.656 0.233 0.714 0.336
49.520 7 0.659 0.233 0.717 0.336
49.560 7 0.658 0.231 0.716 0.336
49.600 7 0.661 0.231 0.719 0.336
49.640 7 0.658 0.231 0.717 0.336
49.680 7 0.661 0.231 0.720 0.336
49.720 7 0.659 0.231 0.719 0.336
49.760 7 0.662 0.233 0.720 0.336
49.800 7 0.661 0.233 0.719 0.336
49.840 7 0.662 0.233 0.720 0.336
49.880 7 0.662 0.233 0.720 0.336
49.920 7 0.662 0.233 0.720 0.336
49.960 7 0.662 0.233 0.722 0.336
50.000 7 0.662 0.233 0.720 0.336
50.040 7 0.662 0.236 0.720 0.339
50.080 7 0.662 0.236 0.720 0.339
50.120 7 0.662 0.236 0.720 0.339
50.160 7 0.662 0.236 0.719 0.336
50.200 7 0.664 0.236 0.722 0.339
50.240 7 0.662 0.233 0.720 0.339
50.280 7 0.664 0.236 0.722 0.339
50.320 7 0.662 0.233 0.722 0.339
50.360 7 0.666 0.233 0.723 0.339
50.400 7 0.662 0.233 0.722 0.339
50.440 7 0.662 0.233 0.720 0.336
50.480 7 0.666 0.233 0.725 0.336
50.520 7 0.664 0.233 0.722 0.336
50.560 7 0.666 0.233 0.722 0.333
50.600 7 0.666 0.233 0.722 0.333
50.640 7 0.664 0.231 0.722 0.333
50.680 7 0.667 0.231 0.723 0.333
50.720 7 0.666 0.231 0.722 0.333
50.760 7 0.666 0.233 0.723 0.333
50.800 7 0.666 0.233 0.722 0.333
50.840 7 0.667 0.236 0.722 0.333
50.880 7 0.664 0.236 0.722 0.336
50.920 7 0.664 0.236 0.722 0.339
50.960 7 0.666 0.236 0.723 0.339
51.000 7 0.664 0.239 0.720 0.339
51.040 7 0.664 0.239 0.720 0.336
51.080 7 0.664 0.236 0.720 0.336
51.120 7 0.666 0.236 0.722 0.336
51.160 7 0.664 0.236 0.720 0.333
51.200 7 0.666 0.236 0.720 0.333
51.240 7 0.664 0.236 0.720 0.336
51.280 7 0.664 0.239 0.720 0.336
51.320 7 0.666 0.239 0.720 0.339
51.360 7 0.666 0.242 0.720 0.339
51.400 7 0.666 0.242 0.722 0.342
51.440 7 0.666 0.242 0.722 0.342
51.480 7 0.666 0.242 0.722 0.342
51.520 7 0.666 0.242 0.720 0.339
51.560 7 0.666 0.242 0.722 0.339
51.600 7 0.666 0.242 0.720 0.339
51.640 7 0.664 0.239 0.722 0.339
51.680 7 0.666 0.239 0.720 0.339
51.720 7 0.664 0.239 0.720 0.339
51.760 7 0.664 0.239 0.720 0.339
51.800 7 0.664 0.239 0.720 0.339
51.840 7 0.662 0.239 0.719 0.339
51.880 7 0.662 0.239 0.720 0.342
51.920 7 0.662 0.239 0.719 0.339
51.960 7 0.664 0.239 0.720 0.339
52.000 7 0.664 0.239 0.720 0.339
52.040 7 0.662 0.239 0.719 0.339
52.080 7 0.664 0.239 0.720 0.339
52.120 7 0.662 0.239 0.717 0.339
52.160 7 0.662 0.239 0.719 0.339
52.200 7 0.662 0.239 0.719 0.339
52.240 7 0.662 0.239 0.719 0.339
52.280 7 0.661 0.239 0.719 0.339
52.320 7 0.661 0.236 0.717 0.336
52.360 7 0.658 0.236 0.714 0.339
52.400 7 0.658 0.236 0.714 0.336
52.440 7 0.655 0.233 0.713 0.336
52.480 7 0.655 0.233 0.714 0.336
52.520 7 0.653 0.233 0.713 0.339
52.560 7 0.653 0.236 0.709 0.336
52.600 7 0.652 0.236 0.708 0.336
52.640 7 0.652 0.236 0.708 0.336
52.680 7 0.650 0.239 0.706 0.339
52.720 7 0.650 0.242 0.708 0.342
52.760 7 0.648 0.242 0.706 0.344
52.800 7 0.650 0.244 0.706 0.344
52.840 7 0.648 0.247 0.706 0.350
52.880 7 0.647 0.250 0.705 0.353
52.920 7 0.647 0.253 0.703 0.353
52.960 7 0.650 0.256 0.706 0.356
53.000 7 0.647 0.256 0.705 0.358
53.040 7 0.648 0.256 0.705 0.358
53.080 7 0.647 0.258 0.703 0.358
53.120 7 0.647 0.258 0.705 0.358
53.160 7 0.645 0.256 0.703 0.361
53.200 7 0.647 0.258 0.703 0.361
53.240 7 0.645 0.258 0.702 0.358
53.280 7 0.645 0.258 0.702 0.361
53.320 7 0.644 0.258 0.702 0.361
53.360 7 0.644 0.258 0.702 0.358
53.400 7 0.644 0.258 0.700 0.358
53.440 7 0.642 0.256 0.698 0.358
53.480 7 0.641 0.256 0.698 0.358
53.520 7 0.639 0.256 0.697 0.358
53.560 7 0.637 0.256 0.694 0.356
53.600 7 0.639 0.256 0.695 0.356
53.640 7 0.634 0.256 0.692 0.358
53.680 7 0.637 0.256 0.694 0.356
53.720 7 0.634 0.253 0.691 0.356
53.760 7 0.633 0.256 0.689 0.356
53.800 7 0.634 0.258 0.691 0.358
53.840 7 0.631 0.258 0.689 0.358
53.880 7 0.633 0.258 0.689 0.361
53.920 7 0.631 0.258 0.688 0.358
53.960 7 0.630 0.261 0.686 0.361
54.000 7 0.631 0.261 0.686 0.361
54.040 7 0.628 0.261 0.683 0.361
54.080 7 0.630 0.261 0.684 0.361
54.120 7 0.627 0.261 0.683 0.361
54.160 7 0.628 0.261 0.684 0.361
54.200 7 0.627 0.258 0.684 0.361
54.240 7 0.628 0.258 0.686 0.361
54.280 7 0.627 0.258 0.683 0.358
54.320 7 0.628 0.261 0.684 0.358
57.320 8 0.111 0.006 0.250 0.253
57.360 8 0.128 0.036 0.264 0.278
57.400 8 0.136 0.061 0.270 0.300
57.440 8 0.153 0.083 0.286 0.319
57.480 8 0.159 0.103 0.291 0.333
57.520 8 0.173 0.119 0.303 0.350
57.560 8 0.181 0.131 0.309 0.358
57.600 8 0.186 0.139 0.314 0.367
57.640 8 0.191 0.147 0.317 0.372
57.680 8 0.192 0.150 0.319 0.375
57.720 8 0.200 0.153 0.325 0.378
57.760 8 0.202 0.156 0.327 0.378
57.800 8 0.200 0.153 0.328 0.381
57.840 8 0.205 0.156 0.331 0.378
57.880 8 0.203 0.153 0.330 0.375
57.920 8 0.208 0.153 0.333 0.375
57.960 8 0.205 0.153 0.330 0.372
58.000 8 0.208 0.153 0.333 0.372
58.040 8 0.208 0.153 0.333 0.372
58.080 8 0.208 0.153 0.333 0.372
58.120 8 0.206 0.150 0.330 0.372
58.160 8 0.209 0.150 0.331 0.369
58.200 8 0.206 0.150 0.330 0.369
58.240 8 0.211 0.150 0.333 0.367
58.280 8 0.209 0.144 0.334 0.367
58.320 8 0.216 0.150 0.336 0.364
58.360 8 0.212 0.144 0.338 0.367
58.400 8 0.220 0.153 0.338 0.361
58.440 8 0.222 0.153 0.339 0.361
58.480 8 0.223 0.156 0.339 0.364
58.520 8 0.223 0.158 0.341 0.364
58.560 8 0.223 0.158 0.341 0.367
58.600 8 0.222 0.156 0.339 0.367
58.640 8 0.225 0.156 0.342 0.364
58.680 8 0.222 0.153 0.341 0.364
58.720 8 0.227 0.156 0.342 0.361
58.760 8 0.225 0.156 0.342 0.361
58.800 8 0.223 0.153 0.341 0.361
58.840 8 0.225 0.150 0.347 0.367
58.880 8 0.220 0.150 0.342 0.364
58.920 8 0.225 0.153 0.342 0.361
58.960 8 0.222 0.147 0.342 0.364
59.000 8 0.227 0.150 0.344 0.358
59.040 8 0.227 0.150 0.344 0.356
59.080 8 0.227 0.147 0.344 0.356
59.120 8 0.225 0.147 0.342 0.356
59.160 8 0.223 0.147 0.339 0.356
59.200 8 0.220 0.144 0.338 0.353
59.240 8 0.219 0.144 0.334 0.353
59.280 8 0.217 0.142 0.334 0.350
59.320 8 0.216 0.142 0.333 0.350
59.360 8 0.217 0.142 0.333 0.347
59.400 8 0.214 0.142 0.330 0.347
59.440 8 0.219 0.142 0.334 0.347
59.480 8 0.217 0.142 0.333 0.347
59.520 8 0.220 0.144 0.336 0.347
59.560 8 0.220 0.144 0.336 0.350
59.600 8 0.227 0.147 0.341 0.350
59.640 8 0.225 0.144 0.342 0.353
59.680 8 0.228 0.144 0.345 0.353
59.720 8 0.234 0.147 0.348 0.350
59.760 8 0.234 0.147 0.348 0.350
59.800 8 0.236 0.147 0.350 0.350
59.840 8 0.237 0.150 0.353 0.353
59.880 8 0.239 0.150 0.355 0.356
59.920 8 0.239 0.150 0.356 0.358
59.960 8 0.239 0.150 0.356 0.358
60.000 8 0.239 0.150 0.356 0.358
60.040 8 0.241 0.147 0.358 0.356
60.080 8 0.242 0.147 0.359 0.356
60.120 8 0.242 0.147 0.359 0.358
60.160 8 0.244 0.150 0.361 0.358
60.200 8 0.241 0.150 0.358 0.361
60.240 8 0.244 0.153 0.359 0.361
60.280 8 0.239 0.153 0.355 0.358
60.320 8 0.242 0.153 0.359 0.361
60.360 8 0.237 0.153 0.355 0.361
60.400 8 0.242 0.153 0.359 0.361
60.440 8 0.239 0.153 0.355 0.361
60.480 8 0.239 0.153 0.356 0.361
60.520 8 0.237 0.153 0.355 0.361
60.560 8 0.237 0.153 0.355 0.361
60.600 8 0.236 0.153 0.352 0.358
60.640 8 0.237 0.153 0.355 0.361
60.680 8 0.234 0.153 0.350 0.361
60.720 8 0.234 0.153 0.352 0.361
60.760 8 0.231 0.153 0.348 0.361
60.800 8 0.231 0.153 0.348 0.361
60.840 8 0.228 0.153 0.345 0.361
60.880 8 0.228 0.153 0.345 0.361
60.920 8 0.227 0.153 0.344 0.361
60.960 8 0.227 0.153 0.342 0.361
61.000 8 0.227 0.150 0.344 0.358
61.040 8 0.228 0.161 0.339 0.358
61.080 8 0.227 0.164 0.338 0.361
61.120 8 0.227 0.164 0.336 0.361
61.160 8 0.225 0.167 0.336 0.364
61.200 8 0.225 0.167 0.336 0.364
61.240 8 0.225 0.167 0.336 0.367
61.280 8 0.225 0.169 0.336 0.367
61.320 8 0.223 0.169 0.334 0.367
61.360 8 0.222 0.169 0.333 0.369
61.400 8 0.220 0.169 0.331 0.367
61.440 8 0.220 0.169 0.330 0.367
61.480 8 0.219 0.167 0.330 0.367
61.520 8 0.216 0.164 0.328 0.364
61.560 8 0.212 0.158 0.325 0.361
61.600 8 0.208 0.150 0.322 0.356
61.640 8 0.205 0.144 0.319 0.350
61.680 8 0.203 0.142 0.317 0.344
61.720 8 0.206 0.139 0.320 0.344
61.760 8 0.208 0.147 0.319 0.344
61.800 8 0.209 0.147 0.320 0.347
61.840 8 0.209 0.147 0.322 0.350
61.880 8 0.212 0.147 0.325 0.350
61.920 8 0.214 0.150 0.327 0.353
61.960 8 0.216 0.153 0.328 0.356
62.000 8 0.214 0.150 0.330 0.358
62.040 8 0.214 0.147 0.331 0.361
62.080 8 0.214 0.150 0.333 0.364
62.120 8 0.216 0.150 0.334 0.364
62.160 8 0.217 0.153 0.336 0.367
62.200 8 0.217 0.153 0.338 0.369
62.240 8 0.217 0.156 0.338 0.372
62.280 8 0.217 0.156 0.339 0.375
62.320 8 0.217 0.156 0.341 0.378
62.360 8 0.219 0.156 0.344 0.383
62.400 8 0.219 0.156 0.345 0.386
62.440 8 0.219 0.153 0.348 0.386
62.480 8 0.208 0.133 0.372 0.428
62.520 8 0.206 0.131 0.373 0.428
62.560 8 0.208 0.128 0.375 0.431
62.600 8 0.206 0.125 0.378 0.431
62.640 8 0.208 0.125 0.380 0.433
62.680 8 0.209 0.125 0.386 0.439
62.720 8 0.211 0.122 0.391 0.444
62.760 8 0.216 0.122 0.397 0.447
62.800 8 0.216 0.122 0.398 0.450
62.840 8 0.225 0.122 0.409 0.453
62.880 8 0.223 0.119 0.412 0.456
62.920 8 0.233 0.119 0.423 0.461
62.960 8 0.233 0.117 0.428 0.467
63.000 8 0.242 0.119 0.439 0.469
63.040 8 0.242 0.117 0.442 0.475
63.080 8 0.252 0.119 0.453 0.481
63.120 8 0.253 0.119 0.456 0.483
63.160 8 0.256 0.119 0.463 0.489
63.200 8 0.261 0.119 0.470 0.494
63.240 8 0.263 0.122 0.473 0.500
63.280 8 0.266 0.125 0.478 0.506
63.320 8 0.266 0.131 0.481 0.514
63.360 8 0.270 0.133 0.489 0.528
63.400 8 0.272 0.139 0.492 0.531
63.440 8 0.273 0.142 0.497 0.542
63.480 8 0.275 0.142 0.503 0.550
63.520 8 0.277 0.142 0.508 0.556
63.560 8 0.280 0.139 0.519 0.564
63.600 8 0.278 0.131 0.522 0.567
63.640 8 0.284 0.131 0.531 0.572
63.680 8 0.280 0.125 0.531 0.575
63.720 8 0.287 0.122 0.541 0.575
63.760 8 0.281 0.114 0.537 0.572
63.800 8 0.287 0.111 0.547 0.575
63.840 8 0.284 0.108 0.545 0.575
63.880 8 0.289 0.117 0.547 0.578
63.920 8 0.281 0.108 0.547 0.583
63.960 8 0.287 0.111 0.553 0.586
64.000 8 0.277 0.092 0.567 0.608
64.040 8 0.267 0.100 0.561 0.622
64.080 8 0.270 0.097 0.569 0.628
64.120 8 0.263 0.100 0.556 0.622
64.160 8 0.269 0.100 0.564 0.625
64.200 8 0.261 0.103 0.555 0.625
64.240 8 0.266 0.103 0.561 0.628
64.280 8 0.258 0.108 0.548 0.628
64.320 8 0.259 0.106 0.555 0.633
64.360 8 0.252 0.108 0.545 0.631
64.400 8 0.256 0.106 0.556 0.639
64.440 8 0.250 0.106 0.550 0.639
64.480 8 0.248 0.108 0.548 0.642
64.520 8 0.247 0.111 0.545 0.644
64.560 8 0.247 0.114 0.545 0.644
64.600 8 0.244 0.111 0.545 0.647
64.640 8 0.241 0.106 0.545 0.647
64.680 8 0.242 0.106 0.548 0.650
64.720 8 0.233 0.106 0.541 0.653
64.760 8 0.237 0.103 0.550 0.658
64.800 8 0.236 0.108 0.547 0.661
64.840 8 0.234 0.108 0.545 0.658
64.880 8 0.244 0.114 0.552 0.661
64.920 8 0.241 0.125 0.541 0.658
64.960 8 0.245 0.125 0.547 0.664
65.000 8 0.244 0.147 0.534 0.664
65.040 8 0.245 0.153 0.534 0.667
65.080 8 0.248 0.161 0.533 0.667
65.120 8 0.253 0.167 0.534 0.669
65.160 8 0.256 0.175 0.534 0.672
65.200 8 0.256 0.181 0.536 0.675
65.240 8 0.259 0.183 0.537 0.678
65.280 8 0.263 0.186 0.539 0.681
65.320 8 0.264 0.189 0.542 0.681
65.360 8 0.266 0.189 0.544 0.683
65.400 8 0.272 0.183 0.555 0.689
65.440 8 0.264 0.186 0.544 0.683
65.480 8 0.280 0.192 0.553 0.678
65.520 8 0.270 0.192 0.545 0.681
65.560 8 0.284 0.192 0.561 0.683
65.600 8 0.287 0.203 0.556 0.681
65.640 8 0.289 0.206 0.562 0.689
57.480 9 0.498 0.233 0.572 0.361
57.520 9 0.500 0.244 0.572 0.372
57.560 9 0.498 0.253 0.572 0.383
57.600 9 0.502 0.258 0.573 0.389
57.640 9 0.500 0.261 0.573 0.392
57.680 9 0.502 0.264 0.573 0.394
57.720 9 0.502 0.267 0.575 0.394
57.760 9 0.500 0.264 0.573 0.394
57.800 9 0.503 0.261 0.577 0.394
57.840 9 0.498 0.258 0.573 0.392
57.880 9 0.502 0.256 0.577 0.389
57.920 9 0.497 0.253 0.572 0.389
57.960 9 0.498 0.253 0.575 0.389
58.000 9 0.495 0.253 0.573 0.392
58.040 9 0.492 0.253 0.570 0.392
58.080 9 0.489 0.253 0.566 0.389
58.120 9 0.492 0.253 0.569 0.389
58.160 9 0.484 0.253 0.562 0.389
58.200 9 0.486 0.250 0.566 0.389
58.240 9 0.481 0.247 0.562 0.392
58.280 9 0.481 0.247 0.562 0.392
58.320 9 0.478 0.247 0.558 0.392
58.360 9 0.478 0.247 0.558 0.392
58.400 9 0.473 0.247 0.555 0.392
58.440 9 0.472 0.244 0.555 0.392
58.480 9 0.470 0.250 0.552 0.394
58.520 9 0.467 0.247 0.548 0.394
58.560 9 0.466 0.247 0.547 0.394
58.600 9 0.464 0.244 0.545 0.392
58.640 9 0.464 0.244 0.545 0.389
58.680 9 0.461 0.239 0.544 0.386
58.720 9 0.461 0.239 0.544 0.386
58.760 9 0.458 0.239 0.539 0.383
58.800 9 0.461 0.236 0.542 0.381
58.840 9 0.456 0.236 0.537 0.378
58.880 9 0.455 0.236 0.536 0.378
58.920 9 0.455 0.233 0.536 0.378
58.960 9 0.453 0.233 0.534 0.375
59.000 9 0.453 0.231 0.534 0.375
59.040 9 0.452 0.228 0.530 0.367
59.080 9 0.452 0.225 0.530 0.364
59.120 9 0.452 0.225 0.530 0.364
59.160 9 0.452 0.222 0.530 0.364
59.200 9 0.452 0.222 0.531 0.364
59.240 9 0.452 0.222 0.531 0.364
59.280 9 0.450 0.219 0.530 0.364
59.320 9 0.450 0.219 0.531 0.361
59.360 9 0.450 0.217 0.531 0.361
59.400 9 0.452 0.217 0.533 0.361
59.440 9 0.452 0.217 0.534 0.361
59.480 9 0.453 0.217 0.536 0.361
59.520 9 0.453 0.217 0.534 0.364
59.560 9 0.455 0.217 0.537 0.364
59.600 9 0.455 0.219 0.537 0.367
59.640 9 0.456 0.217 0.539 0.367
59.680 9 0.459 0.217 0.542 0.364
59.720 9 0.459 0.217 0.541 0.364
59.760 9 0.461 0.214 0.545 0.364
59.800 9 0.461 0.217 0.545 0.364
59.840 9 0.463 0.217 0.545 0.364
59.880 9 0.463 0.217 0.547 0.367
59.920 9 0.464 0.219 0.547 0.367
59.960 9 0.464 0.219 0.547 0.367
60.000 9 0.463 0.217 0.544 0.361
60.040 9 0.467 0.222 0.548 0.367
60.080 9 0.469 0.222 0.548 0.367
60.120 9 0.469 0.225 0.550 0.367
60.160 9 0.469 0.225 0.550 0.369
60.200 9 0.469 0.225 0.550 0.369
60.240 9 0.469 0.228 0.550 0.369
60.280 9 0.469 0.228 0.550 0.372
60.320 9 0.469 0.228 0.550 0.372
60.360 9 0.469 0.231 0.550 0.372
60.400 9 0.469 0.231 0.550 0.375
60.440 9 0.467 0.231 0.548 0.375
60.480 9 0.469 0.233 0.550 0.375
60.520 9 0.469 0.231 0.550 0.375
60.560 9 0.469 0.231 0.550 0.375
60.600 9 0.467 0.231 0.550 0.378
60.640 9 0.469 0.231 0.553 0.378
60.680 9 0.469 0.231 0.552 0.378
60.720 9 0.472 0.231 0.553 0.378
60.760 9 0.473 0.231 0.556 0.378
60.800 9 0.475 0.231 0.558 0.378
60.840 9 0.477 0.228 0.559 0.375
60.880 9 0.480 0.231 0.561 0.372
60.920 9 0.481 0.228 0.561 0.369
60.960 9 0.484 0.228 0.564 0.369
61.000 9 0.489 0.231 0.570 0.375
61.040 9 0.486 0.222 0.577 0.383
61.080 9 0.487 0.222 0.577 0.383
61.120 9 0.487 0.222 0.578 0.383
61.160 9 0.489 0.222 0.581 0.386
61.200 9 0.492 0.222 0.583 0.383
61.240 9 0.492 0.222 0.583 0.383
61.280 9 0.494 0.222 0.584 0.383
61.320 9 0.494 0.222 0.584 0.383
61.360 9 0.494 0.222 0.584 0.383
61.400 9 0.497 0.222 0.586 0.383
61.440 9 0.494 0.222 0.584 0.383
61.480 9 0.497 0.222 0.588 0.383
61.520 9 0.495 0.222 0.584 0.383
61.560 9 0.497 0.225 0.586 0.383
61.600 9 0.494 0.222 0.584 0.383
61.640 9 0.497 0.222 0.588 0.383
61.680 9 0.495 0.222 0.583 0.381
61.720 9 0.495 0.222 0.584 0.381
61.760 9 0.497 0.225 0.586 0.381
61.800 9 0.497 0.225 0.584 0.378
61.840 9 0.498 0.225 0.586 0.381
61.880 9 0.498 0.225 0.586 0.381
61.920 9 0.500 0.228 0.589 0.383
61.960 9 0.502 0.228 0.591 0.386
62.000 9 0.502 0.222 0.598 0.394
62.040 9 0.498 0.217 0.603 0.406
62.080 9 0.502 0.217 0.609 0.406
62.120 9 0.505 0.217 0.613 0.408
62.160 9 0.509 0.217 0.619 0.411
62.200 9 0.516 0.219 0.625 0.414
62.240 9 0.520 0.219 0.631 0.417
62.280 9 0.525 0.219 0.636 0.419
62.320 9 0.530 0.219 0.642 0.422
62.360 9 0.533 0.222 0.648 0.428
62.400 9 0.541 0.222 0.656 0.428
62.440 9 0.547 0.225 0.664 0.433
62.480 9 0.556 0.228 0.672 0.433
62.520 9 0.564 0.225 0.680 0.431
62.560 9 0.570 0.228 0.689 0.439
62.600 9 0.566 0.211 0.706 0.461
62.640 9 0.572 0.214 0.714 0.464
62.680 9 0.580 0.214 0.723 0.469
62.720 9 0.586 0.214 0.733 0.475
62.760 9 0.595 0.211 0.748 0.483
62.800 9 0.606 0.211 0.761 0.489
62.840 9 0.617 0.214 0.775 0.494
62.880 9 0.630 0.217 0.787 0.497
62.920 9 0.639 0.214 0.803 0.506
62.960 9 0.652 0.217 0.817 0.511
63.000 9 0.662 0.217 0.831 0.517
63.040 9 0.673 0.217 0.845 0.522
63.080 9 0.686 0.217 0.861 0.531
63.120 9 0.697 0.217 0.877 0.536
63.160 9 0.709 0.219 0.892 0.542
63.200 9 0.722 0.219 0.908 0.550
63.240 9 0.734 0.219 0.923 0.556
63.280 9 0.748 0.222 0.939 0.561
63.320 9 0.761 0.228 0.956 0.575
63.360 9 0.778 0.233 0.972 0.578
63.400 9 0.798 0.256 0.989 0.594
63.440 9 0.816 0.261 1.002 0.594
69.960 10 0.259 0.128 0.500 0.553
70.000 10 0.256 0.122 0.498 0.553
70.040 10 0.241 0.117 0.483 0.547
70.080 10 0.244 0.114 0.487 0.547
70.120 10 0.237 0.117 0.480 0.550
70.160 10 0.245 0.125 0.484 0.550
70.200 10 0.247 0.136 0.480 0.547
70.240 10 0.245 0.142 0.477 0.553
70.280 10 0.252 0.144 0.483 0.556
70.320 10 0.247 0.144 0.478 0.556
70.360 10 0.247 0.142 0.478 0.556
70.400 10 0.245 0.142 0.477 0.553
70.440 10 0.245 0.139 0.475 0.550
70.480 10 0.242 0.139 0.473 0.550
70.520 10 0.242 0.136 0.473 0.550
70.560 10 0.241 0.136 0.473 0.550
70.600 10 0.237 0.136 0.472 0.553
70.640 10 0.247 0.142 0.477 0.550
70.680 10 0.247 0.147 0.473 0.550
70.720 10 0.247 0.147 0.477 0.553
70.760 10 0.248 0.150 0.481 0.564
70.800 10 0.245 0.150 0.475 0.561
70.840 10 0.250 0.147 0.481 0.561
70.880 10 0.245 0.142 0.478 0.556
70.920 10 0.248 0.139 0.481 0.553
70.960 10 0.242 0.133 0.477 0.550
71.000 10 0.230 0.122 0.472 0.553
71.040 10 0.230 0.117 0.483 0.567
71.080 10 0.234 0.125 0.484 0.569
71.120 10 0.237 0.133 0.484 0.569
71.160 10 0.237 0.136 0.484 0.569
71.200 10 0.239 0.136 0.483 0.567
71.240 10 0.234 0.128 0.483 0.567
71.280 10 0.231 0.119 0.483 0.564
71.320 10 0.230 0.117 0.481 0.564
71.360 10 0.230 0.122 0.478 0.564
71.400 10 0.228 0.125 0.477 0.567
71.440 10 0.225 0.128 0.470 0.564
71.480 10 0.227 0.128 0.475 0.567
71.520 10 0.228 0.131 0.473 0.567
71.560 10 0.230 0.133 0.475 0.567
71.600 10 0.231 0.136 0.477 0.569
71.640 10 0.234 0.144 0.477 0.575
71.680 10 0.239 0.153 0.480 0.583
71.720 10 0.236 0.164 0.475 0.586
71.760 10 0.245 0.172 0.478 0.586
71.800 10 0.242 0.175 0.473 0.586
71.840 10 0.247 0.169 0.481 0.586
71.880 10 0.242 0.167 0.480 0.586
71.920 10 0.248 0.167 0.484 0.586
71.960 10 0.252 0.172 0.487 0.589
72.000 10 0.256 0.172 0.498 0.600
72.040 10 0.272 0.189 0.505 0.597
72.080 10 0.275 0.192 0.506 0.603
72.120 10 0.278 0.194 0.508 0.600
72.160 10 0.278 0.194 0.506 0.597
72.200 10 0.273 0.186 0.506 0.597
72.240 10 0.269 0.178 0.506 0.594
72.280 10 0.261 0.175 0.498 0.594
72.320 10 0.266 0.172 0.503 0.592
72.360 10 0.258 0.175 0.491 0.586
72.400 10 0.258 0.172 0.497 0.594
72.440 10 0.247 0.172 0.487 0.594
72.480 10 0.255 0.169 0.497 0.600
72.520 10 0.247 0.169 0.491 0.600
72.560 10 0.247 0.169 0.492 0.603
72.600 10 0.247 0.169 0.495 0.608
72.640 10 0.241 0.167 0.494 0.611
72.680 10 0.248 0.167 0.503 0.617
72.720 10 0.244 0.167 0.500 0.617
72.760 10 0.252 0.172 0.500 0.611
72.800 10 0.250 0.167 0.503 0.614
72.840 10 0.253 0.169 0.500 0.606
72.880 10 0.253 0.169 0.500 0.603
72.920 10 0.252 0.164 0.498 0.603
72.960 10 0.250 0.164 0.498 0.603
73.000 10 0.256 0.172 0.498 0.600
73.040 10 0.247 0.161 0.497 0.603
73.080 10 0.248 0.158 0.500 0.603
73.120 10 0.245 0.161 0.492 0.600
73.160 10 0.255 0.164 0.502 0.600
73.200 10 0.248 0.164 0.494 0.594
73.240 10 0.248 0.164 0.497 0.603
73.280 10 0.248 0.167 0.497 0.606
73.320 10 0.250 0.169 0.500 0.608
73.360 10 0.253 0.172 0.500 0.608
73.400 10 0.255 0.167 0.509 0.617
73.440 10 0.248 0.169 0.498 0.611
73.480 10 0.259 0.169 0.511 0.611
73.520 10 0.253 0.172 0.502 0.611
73.560 10 0.255 0.167 0.509 0.617
73.600 10 0.252 0.169 0.505 0.617
73.640 10 0.250 0.167 0.505 0.617
73.680 10 0.250 0.164 0.505 0.614
73.720 10 0.253 0.167 0.506 0.614
73.760 10 0.248 0.164 0.503 0.614
73.800 10 0.248 0.167 0.505 0.617
73.840 10 0.250 0.172 0.500 0.611
73.880 10 0.250 0.169 0.498 0.611
73.920 10 0.252 0.169 0.502 0.614
73.960 10 0.250 0.169 0.500 0.614
74.000 10 0.256 0.172 0.498 0.600
74.040 10 0.259 0.175 0.500 0.600
74.080 10 0.255 0.172 0.497 0.603
74.120 10 0.253 0.172 0.497 0.603
74.160 10 0.253 0.169 0.497 0.603
74.200 10 0.252 0.169 0.495 0.600
74.240 10 0.255 0.169 0.500 0.603
74.280 10 0.250 0.172 0.494 0.600
74.320 10 0.259 0.175 0.500 0.600
74.360 10 0.253 0.175 0.492 0.597
74.400 10 0.252 0.169 0.494 0.600
74.440 10 0.253 0.169 0.498 0.603
74.480 10 0.248 0.172 0.491 0.600
74.520 10 0.255 0.178 0.495 0.600
74.560 10 0.253 0.178 0.491 0.600
74.600 10 0.255 0.178 0.495 0.603
74.640 10 0.248 0.175 0.491 0.603
74.680 10 0.255 0.178 0.495 0.603
74.720 10 0.253 0.181 0.491 0.597
74.760 10 0.259 0.181 0.497 0.603
74.800 10 0.258 0.186 0.492 0.600
74.840 10 0.266 0.192 0.497 0.597
74.880 10 0.264 0.197 0.487 0.592
74.920 10 0.269 0.192 0.497 0.597
74.960 10 0.266 0.186 0.495 0.594
75.000 10 0.256 0.172 0.498 0.600
75.040 10 0.256 0.175 0.495 0.597
75.080 10 0.250 0.169 0.494 0.597
75.120 10 0.248 0.164 0.491 0.592
75.160 10 0.244 0.158 0.491 0.594
75.200 10 0.242 0.156 0.487 0.592
75.240 10 0.241 0.156 0.486 0.589
75.280 10 0.237 0.153 0.484 0.586
75.320 10 0.233 0.147 0.483 0.589
75.360 10 0.236 0.144 0.487 0.589
75.400 10 0.228 0.142 0.481 0.589
75.440 10 0.234 0.142 0.489 0.589
75.480 10 0.231 0.142 0.484 0.589
75.520 10 0.230 0.142 0.483 0.589
75.560 10 0.233 0.142 0.486 0.589
75.600 10 0.225 0.142 0.481 0.594
75.640 10 0.231 0.144 0.486 0.594
75.680 10 0.225 0.144 0.478 0.594
75.720 10 0.231 0.147 0.483 0.592
75.760 10 0.228 0.147 0.481 0.597
75.800 10 0.230 0.150 0.484 0.600
75.840 10 0.223 0.153 0.477 0.600
75.880 10 0.228 0.153 0.483 0.603
75.920 10 0.222 0.158 0.473 0.603
75.960 10 0.227 0.158 0.480 0.606
76.000 10 0.230 0.172 0.472 0.600
76.040 10 0.222 0.158 0.463 0.583
76.080 10 0.220 0.158 0.463 0.586
76.120 10 0.217 0.156 0.461 0.589
76.160 10 0.214 0.156 0.459 0.589
76.200 10 0.212 0.156 0.456 0.589
76.240 10 0.209 0.158 0.455 0.589
76.280 10 0.206 0.158 0.452 0.592
76.320 10 0.202 0.158 0.450 0.597
76.360 10 0.202 0.161 0.448 0.597
76.400 10 0.200 0.161 0.448 0.600
76.440 10 0.197 0.164 0.447 0.603
76.480 10 0.195 0.167 0.445 0.606
76.520 10 0.200 0.167 0.448 0.606
76.560 10 0.192 0.164 0.444 0.608
76.600 10 0.198 0.164 0.450 0.608
76.640 10 0.195 0.167 0.448 0.611
76.680 10 0.198 0.167 0.452 0.611
76.720 10 0.195 0.167 0.450 0.617
76.760 10 0.197 0.169 0.450 0.617
76.800 10 0.198 0.172 0.450 0.617
76.840 10 0.200 0.175 0.452 0.619
76.880 10 0.203 0.181 0.450 0.617
76.920 10 0.205 0.183 0.452 0.617
76.960 10 0.211 0.183 0.456 0.617
77.000 10 0.203 0.172 0.445 0.600
77.040 10 0.217 0.194 0.455 0.614
77.080 10 0.227 0.194 0.464 0.617
77.120 10 0.223 0.197 0.461 0.617
77.160 10 0.231 0.197 0.469 0.619
77.200 10 0.227 0.194 0.467 0.619
77.240 10 0.234 0.194 0.475 0.622
77.280 10 0.223 0.189 0.469 0.622
77.320 10 0.233 0.186 0.480 0.625
77.360 10 0.223 0.183 0.472 0.625
77.400 10 0.227 0.178 0.481 0.631
77.440 10 0.217 0.181 0.469 0.628
77.480 10 0.227 0.183 0.478 0.631
77.520 10 0.219 0.183 0.472 0.633
77.560 10 0.220 0.183 0.475 0.636
77.600 10 0.217 0.183 0.472 0.636
77.640 10 0.217 0.183 0.470 0.636
77.680 10 0.219 0.186 0.472 0.633
77.720 10 0.212 0.186 0.466 0.636
77.760 10 0.217 0.189 0.470 0.636
77.800 10 0.209 0.189 0.464 0.639
77.840 10 0.209 0.186 0.466 0.639
77.880 10 0.212 0.192 0.464 0.639
77.920 10 0.211 0.194 0.463 0.639
77.960 10 0.214 0.192 0.466 0.639
78.000 10 0.230 0.219 0.472 0.650
78.040 10 0.233 0.233 0.467 0.650
78.080 10 0.230 0.233 0.464 0.650
78.120 10 0.237 0.239 0.467 0.647
78.160 10 0.236 0.242 0.464 0.647
78.200 10 0.244 0.244 0.469 0.647
78.240 10 0.242 0.250 0.466 0.644
78.280 10 0.250 0.256 0.470 0.647
78.320 10 0.248 0.256 0.469 0.647
78.360 10 0.256 0.261 0.473 0.647
78.400 10 0.253 0.261 0.472 0.650
78.440 10 0.261 0.269 0.478 0.658
78.480 10 0.264 0.281 0.481 0.667
78.520 10 0.269 0.292 0.486 0.678
78.560 10 0.275 0.297 0.494 0.683
78.600 10 0.270 0.292 0.491 0.683
78.640 10 0.267 0.278 0.494 0.681
78.680 10 0.258 0.264 0.489 0.672
78.720 10 0.248 0.250 0.483 0.669
78.760 10 0.244 0.239 0.483 0.661
78.800 10 0.241 0.233 0.480 0.658
78.840 10 0.237 0.228 0.480 0.658
78.880 10 0.237 0.228 0.478 0.656
78.920 10 0.236 0.222 0.478 0.653
78.960 10 0.234 0.217 0.478 0.650
79.000 10 0.230 0.219 0.472 0.650
79.040 10 0.230 0.208 0.477 0.647
79.080 10 0.228 0.208 0.475 0.644
79.120 10 0.227 0.206 0.473 0.642
79.160 10 0.223 0.200 0.472 0.642
79.200 10 0.225 0.200 0.472 0.642
79.240 10 0.227 0.203 0.475 0.644
79.280 10 0.223 0.203 0.472 0.644
79.320 10 0.222 0.206 0.469 0.644
79.360 10 0.227 0.211 0.472 0.647
79.400 10 0.227 0.214 0.470 0.650
79.440 10 0.225 0.211 0.478 0.658
79.480 10 0.220 0.214 0.470 0.656
79.520 10 0.227 0.219 0.472 0.656
79.560 10 0.227 0.219 0.469 0.653
79.600 10 0.230 0.219 0.475 0.656
79.640 10 0.223 0.219 0.466 0.650
79.680 10 0.228 0.219 0.470 0.650
79.720 10 0.225 0.219 0.467 0.650
79.760 10 0.223 0.217 0.467 0.650
79.800 10 0.223 0.219 0.467 0.653
79.840 10 0.223 0.222 0.467 0.656
79.880 10 0.222 0.222 0.464 0.656
79.920 10 0.227 0.222 0.470 0.656
79.960 10 0.225 0.225 0.464 0.650
80.000 10 0.230 0.219 0.472 0.650
80.040 10 0.233 0.206 0.477 0.636
80.080 10 0.231 0.208 0.472 0.633
80.120 10 0.237 0.203 0.480 0.633
80.160 10 0.230 0.200 0.473 0.631
80.200 10 0.241 0.200 0.483 0.628
80.240 10 0.231 0.189 0.473 0.619
80.280 10 0.233 0.178 0.480 0.614
80.320 10 0.225 0.169 0.473 0.608
80.360 10 0.228 0.169 0.475 0.608
80.400 10 0.222 0.178 0.466 0.608
80.440 10 0.225 0.183 0.467 0.611
80.480 10 0.230 0.189 0.469 0.614
80.520 10 0.228 0.200 0.463 0.614
80.560 10 0.236 0.206 0.472 0.625
80.600 10 0.233 0.211 0.469 0.631
80.640 10 0.239 0.211 0.480 0.636
80.680 10 0.237 0.211 0.473 0.628
80.720 10 0.242 0.203 0.481 0.628
80.760 10 0.234 0.197 0.477 0.628
80.800 10 0.236 0.192 0.481 0.628
80.840 10 0.230 0.189 0.475 0.625
80.880 10 0.233 0.189 0.480 0.625
80.920 10 0.231 0.189 0.475 0.619
80.960 10 0.230 0.186 0.473 0.619
81.000 10 0.230 0.172 0.472 0.600
81.040 10 0.228 0.189 0.472 0.619
81.080 10 0.227 0.189 0.470 0.619
81.120 10 0.228 0.189 0.472 0.619
81.160 10 0.222 0.192 0.464 0.619
81.200 10 0.228 0.194 0.469 0.619
81.240 10 0.222 0.194 0.461 0.619
81.280 10 0.227 0.194 0.466 0.619
81.320 10 0.222 0.200 0.458 0.619
81.360 10 0.227 0.200 0.461 0.619
81.400 10 0.225 0.203 0.463 0.619
81.440 10 0.222 0.206 0.456 0.619
81.480 10 0.228 0.203 0.463 0.619
81.520 10 0.227 0.206 0.459 0.617
81.560 10 0.228 0.208 0.459 0.619
81.600 10 0.228 0.208 0.461 0.622
81.640 10 0.230 0.211 0.463 0.622
81.680 10 0.230 0.211 0.461 0.619
81.720 10 0.234 0.208 0.470 0.625
81.760 10 0.227 0.206 0.463 0.622
81.800 10 0.233 0.203 0.470 0.625
81.840 10 0.230 0.203 0.467 0.625
81.880 10 0.231 0.203 0.469 0.625
81.920 10 0.231 0.203 0.469 0.625
81.960 10 0.231 0.206 0.469 0.625
82.000 10 0.230 0.219 0.472 0.650
82.040 10 0.222 0.200 0.473 0.647
82.080 10 0.223 0.200 0.475 0.647
82.120 10 0.223 0.200 0.475 0.647
82.160 10 0.223 0.200 0.477 0.647
82.200 10 0.225 0.200 0.478 0.647
82.240 10 0.222 0.203 0.473 0.647
82.280 10 0.230 0.203 0.480 0.647
82.320 10 0.230 0.203 0.478 0.647
82.360 10 0.230 0.203 0.480 0.644
82.400 10 0.231 0.203 0.481 0.647
82.440 10 0.234 0.206 0.481 0.644
82.480 10 0.236 0.206 0.483 0.647
82.520 10 0.237 0.211 0.483 0.647
82.560 10 0.239 0.211 0.484 0.647
82.600 10 0.244 0.217 0.487 0.650
82.640 10 0.241 0.217 0.484 0.650
82.680 10 0.247 0.219 0.491 0.650
82.720 10 0.245 0.222 0.486 0.647
82.760 10 0.245 0.222 0.486 0.647
82.800 10 0.247 0.222 0.487 0.647
82.840 10 0.244 0.222 0.481 0.647
82.880 10 0.241 0.225 0.480 0.647
82.920 10 0.241 0.228 0.477 0.647
82.960 10 0.239 0.231 0.475 0.653
83.000 10 0.230 0.219 0.472 0.650
83.040 10 0.233 0.219 0.473 0.647
83.080 10 0.241 0.225 0.478 0.650
83.120 10 0.237 0.222 0.477 0.650
83.160 10 0.245 0.225 0.484 0.650
83.200 10 0.242 0.228 0.481 0.650
83.240 10 0.252 0.231 0.487 0.653
83.280 10 0.247 0.236 0.486 0.658
83.320 10 0.252 0.236 0.487 0.658
83.360 10 0.250 0.239 0.484 0.658
83.400 10 0.255 0.236 0.492 0.656
83.440 10 0.252 0.233 0.489 0.656
83.480 10 0.253 0.233 0.489 0.653
83.520 10 0.255 0.233 0.491 0.653
83.560 10 0.253 0.233 0.489 0.653
83.600 10 0.252 0.228 0.489 0.650
83.640 10 0.250 0.225 0.487 0.647
83.680 10 0.250 0.225 0.487 0.647
83.720 10 0.250 0.222 0.489 0.647
83.760 10 0.252 0.225 0.491 0.650
83.800 10 0.252 0.225 0.492 0.650
83.840 10 0.248 0.222 0.491 0.653
83.880 10 0.253 0.225 0.494 0.653
83.920 10 0.253 0.222 0.494 0.653
83.960 10 0.250 0.222 0.495 0.656
84.000 10 0.256 0.219 0.498 0.650
84.040 10 0.259 0.236 0.497 0.658
84.080 10 0.261 0.239 0.498 0.661
84.120 10 0.259 0.242 0.494 0.656
84.160 10 0.267 0.239 0.502 0.656
84.200 10 0.264 0.239 0.497 0.650
84.240 10 0.270 0.236 0.503 0.653
84.280 10 0.264 0.236 0.497 0.650
84.320 10 0.267 0.236 0.502 0.653
84.360 10 0.266 0.236 0.498 0.650
84.400 10 0.261 0.236 0.494 0.650
84.440 10 0.264 0.236 0.498 0.653
84.480 10 0.261 0.231 0.497 0.650
84.520 10 0.259 0.228 0.497 0.650
84.560 10 0.258 0.222 0.495 0.647
84.600 10 0.255 0.217 0.497 0.647
84.640 10 0.252 0.211 0.497 0.644
84.680 10 0.248 0.206 0.495 0.644
84.720 10 0.247 0.203 0.495 0.647
84.760 10 0.245 0.200 0.495 0.644
84.800 10 0.248 0.200 0.498 0.644
84.840 10 0.245 0.200 0.494 0.642
84.880 10 0.253 0.200 0.503 0.644
84.920 10 0.252 0.203 0.502 0.644
84.960 10 0.256 0.200 0.505 0.644
85.000 10 0.256 0.219 0.498 0.650
85.040 10 0.253 0.200 0.497 0.633
85.080 10 0.252 0.200 0.495 0.631
85.120 10 0.255 0.200 0.497 0.631
85.160 10 0.247 0.200 0.489 0.631
85.200 10 0.248 0.200 0.494 0.633
85.240 10 0.245 0.197 0.491 0.631
85.280 10 0.242 0.194 0.492 0.639
85.320 10 0.242 0.197 0.491 0.639
85.360 10 0.241 0.200 0.487 0.636
85.400 10 0.237 0.203 0.483 0.636
85.440 10 0.241 0.203 0.486 0.636
85.480 10 0.234 0.200 0.481 0.633
85.520 10 0.241 0.194 0.489 0.633
85.560 10 0.239 0.192 0.486 0.628
85.600 10 0.248 0.192 0.498 0.633
85.640 10 0.244 0.189 0.494 0.633
85.680 10 0.255 0.189 0.505 0.633
85.720 10 0.250 0.192 0.498 0.628
85.760 10 0.259 0.192 0.505 0.628
85.800 10 0.256 0.192 0.502 0.628
85.840 10 0.258 0.194 0.502 0.628
85.880 10 0.259 0.197 0.497 0.617
85.920 10 0.261 0.192 0.503 0.619
85.960 10 0.259 0.189 0.502 0.619
86.000 10 0.256 0.172 0.498 0.600
86.040 10 0.253 0.178 0.506 0.625
86.080 10 0.256 0.181 0.506 0.625
86.120 10 0.258 0.186 0.508 0.628
86.160 10 0.261 0.189 0.509 0.628
86.200 10 0.263 0.189 0.511 0.631
86.240 10 0.266 0.186 0.519 0.636
86.280 10 0.264 0.194 0.503 0.619
86.320 10 0.272 0.197 0.512 0.625
86.360 10 0.264 0.197 0.505 0.628
86.400 10 0.267 0.203 0.509 0.631
86.440 10 0.259 0.200 0.500 0.628
86.480 10 0.261 0.200 0.503 0.628
86.520 10 0.252 0.192 0.497 0.625
86.560 10 0.242 0.183 0.491 0.622
86.600 10 0.245 0.181 0.492 0.617
86.640 10 0.241 0.183 0.483 0.611
86.680 10 0.247 0.192 0.484 0.611
86.720 10 0.244 0.200 0.475 0.611
86.760 10 0.247 0.206 0.475 0.611
86.800 10 0.248 0.214 0.473 0.614
86.840 10 0.252 0.217 0.477 0.614
86.880 10 0.258 0.217 0.484 0.619
86.920 10 0.258 0.214 0.486 0.619
86.960 10 0.261 0.214 0.491 0.622
87.000 10 0.256 0.219 0.498 0.650
87.040 10 0.267 0.233 0.506 0.658
87.080 10 0.266 0.239 0.503 0.661
87.120 10 0.270 0.244 0.505 0.664
87.160 10 0.263 0.244 0.500 0.667
87.200 10 0.267 0.253 0.502 0.669
87.240 10 0.269 0.261 0.502 0.675
87.280 10 0.267 0.269 0.498 0.681
87.320 10 0.264 0.275 0.498 0.689
87.360 10 0.255 0.275 0.491 0.694
87.400 10 0.258 0.269 0.494 0.689
87.440 10 0.250 0.264 0.486 0.683
87.480 10 0.253 0.258 0.491 0.681
87.520 10 0.250 0.256 0.487 0.678
87.560 10 0.248 0.253 0.484 0.672
87.600 10 0.247 0.247 0.483 0.669
87.640 10 0.245 0.242 0.481 0.661
87.680 10 0.250 0.242 0.481 0.650
87.720 10 0.247 0.239 0.477 0.647
87.760 10 0.253 0.236 0.483 0.644
87.800 10 0.250 0.239 0.478 0.644
87.840 10 0.256 0.233 0.487 0.647
87.880 10 0.252 0.228 0.487 0.644
87.920 10 0.256 0.222 0.494 0.642
87.960 10 0.248 0.217 0.489 0.642
88.000 10 0.256 0.219 0.498 0.650
88.040 10 0.255 0.211 0.497 0.644
88.080 10 0.248 0.200 0.498 0.644
88.120 10 0.244 0.192 0.498 0.644
88.160 10 0.241 0.186 0.498 0.644
88.200 10 0.241 0.189 0.494 0.642
88.240 10 0.239 0.192 0.492 0.642
88.280 10 0.237 0.194 0.489 0.642
88.320 10 0.236 0.194 0.489 0.644
88.360 10 0.236 0.200 0.486 0.644
88.400 10 0.233 0.200 0.484 0.650
88.440 10 0.233 0.206 0.483 0.650
88.480 10 0.230 0.206 0.483 0.656
88.520 10 0.228 0.206 0.480 0.656
88.560 10 0.231 0.206 0.484 0.656
88.600 10 0.231 0.206 0.484 0.656
88.640 10 0.228 0.206 0.483 0.656
88.680 10 0.236 0.206 0.489 0.656
88.720 10 0.237 0.206 0.489 0.653
88.760 10 0.236 0.206 0.489 0.653
88.800 10 0.239 0.208 0.489 0.650
88.840 10 0.237 0.211 0.487 0.656
88.880 10 0.239 0.219 0.484 0.656
88.920 10 0.234 0.217 0.483 0.658
88.960 10 0.230 0.217 0.475 0.653
89.000 10 0.230 0.219 0.472 0.650
89.040 10 0.222 0.208 0.470 0.650
89.080 10 0.220 0.208 0.467 0.650
89.120 10 0.220 0.208 0.469 0.647
89.160 10 0.223 0.208 0.470 0.647
89.200 10 0.225 0.211 0.470 0.647
89.240 10 0.228 0.217 0.472 0.650
89.280 10 0.230 0.219 0.473 0.650
89.320 10 0.230 0.219 0.473 0.650
89.360 10 0.236 0.222 0.477 0.650
89.400 10 0.239 0.225 0.480 0.653
89.440 10 0.237 0.228 0.477 0.650
89.480 10 0.242 0.228 0.480 0.650
89.520 10 0.248 0.225 0.487 0.653
89.560 10 0.247 0.225 0.486 0.650
89.600 10 0.253 0.225 0.497 0.656
89.640 10 0.247 0.228 0.487 0.656
89.680 10 0.258 0.228 0.498 0.658
89.720 10 0.248 0.225 0.492 0.658
89.760 10 0.250 0.222 0.497 0.661
89.800 10 0.252 0.225 0.495 0.658
89.840 10 0.250 0.222 0.495 0.661
89.880 10 0.250 0.225 0.495 0.658
89.920 10 0.252 0.225 0.495 0.658
89.960 10 0.255 0.228 0.494 0.653
90.000 10 0.256 0.219 0.498 0.650
90.040 10 0.248 0.222 0.491 0.653
90.080 10 0.250 0.222 0.491 0.650
90.120 10 0.253 0.225 0.492 0.650
90.160 10 0.250 0.219 0.494 0.653
90.200 10 0.248 0.219 0.491 0.650
90.240 10 0.256 0.222 0.497 0.650
90.280 10 0.250 0.219 0.491 0.650
90.320 10 0.256 0.222 0.497 0.650
90.360 10 0.255 0.225 0.491 0.644
90.400 10 0.255 0.225 0.491 0.644
90.440 10 0.259 0.222 0.497 0.644
90.480 10 0.258 0.222 0.495 0.644
90.520 10 0.259 0.225 0.497 0.647
90.560 10 0.263 0.228 0.498 0.647
90.600 10 0.256 0.225 0.495 0.650
90.640 10 0.261 0.228 0.497 0.647
90.680 10 0.252 0.225 0.492 0.653
90.720 10 0.252 0.225 0.492 0.653
90.760 10 0.245 0.225 0.486 0.653
90.800 10 0.250 0.225 0.487 0.647
90.840 10 0.245 0.219 0.486 0.647
90.880 10 0.244 0.217 0.486 0.647
90.920 10 0.241 0.214 0.486 0.647
90.960 10 0.241 0.217 0.484 0.650
91.000 10 0.230 0.219 0.472 0.650
91.040 10 0.237 0.208 0.483 0.644
91.080 10 0.231 0.211 0.477 0.644
91.120 10 0.231 0.206 0.484 0.653
91.160 10 0.231 0.203 0.480 0.644
91.200 10 0.233 0.200 0.481 0.642
91.240 10 0.234 0.200 0.483 0.639
91.280 10 0.231 0.197 0.480 0.639
91.320 10 0.231 0.197 0.480 0.639
91.360 10 0.233 0.197 0.483 0.639
91.400 10 0.234 0.197 0.483 0.636
91.440 10 0.236 0.194 0.483 0.633
91.480 10 0.237 0.194 0.486 0.631
91.520 10 0.236 0.192 0.481 0.628
91.560 10 0.236 0.189 0.481 0.622
91.600 10 0.237 0.189 0.481 0.619
91.640 10 0.241 0.186 0.484 0.617
91.680 10 0.237 0.183 0.481 0.617
91.720 10 0.233 0.186 0.477 0.617
91.760 10 0.244 0.189 0.483 0.614
91.800 10 0.241 0.186 0.483 0.614
91.840 10 0.241 0.192 0.480 0.611
91.880 10 0.244 0.189 0.481 0.611
91.920 10 0.248 0.189 0.483 0.606
91.960 10 0.250 0.186 0.486 0.603
92.000 10 0.256 0.172 0.498 0.600
92.040 10 0.248 0.161 0.505 0.617
92.080 10 0.241 0.147 0.506 0.619
92.120 10 0.244 0.139 0.514 0.619
92.160 10 0.241 0.136 0.511 0.617
92.200 10 0.239 0.136 0.511 0.619
92.240 10 0.237 0.136 0.512 0.625
92.280 10 0.230 0.136 0.508 0.628
92.320 10 0.231 0.144 0.502 0.622
92.360 10 0.231 0.150 0.497 0.619
92.400 10 0.228 0.147 0.497 0.622
92.440 10 0.228 0.153 0.494 0.622
92.480 10 0.231 0.158 0.494 0.625
92.520 10 0.230 0.167 0.486 0.622
92.560 10 0.231 0.175 0.483 0.619
92.600 10 0.237 0.175 0.486 0.617
92.640 10 0.242 0.181 0.486 0.614
92.680 10 0.233 0.181 0.483 0.625
92.720 10 0.237 0.183 0.487 0.628
92.760 10 0.233 0.183 0.487 0.636
92.800 10 0.230 0.186 0.486 0.639
92.840 10 0.236 0.194 0.486 0.636
92.880 10 0.241 0.200 0.486 0.636
92.920 10 0.236 0.208 0.477 0.636
92.960 10 0.241 0.214 0.480 0.636
93.000 10 0.230 0.219 0.472 0.650
93.040 10 0.225 0.222 0.464 0.650
93.080 10 0.228 0.225 0.469 0.653
93.120 10 0.223 0.233 0.459 0.653
93.160 10 0.228 0.239 0.463 0.656
93.200 10 0.222 0.242 0.456 0.658
93.240 10 0.225 0.244 0.461 0.664
93.280 10 0.223 0.250 0.452 0.656
93.320 10 0.225 0.247 0.458 0.661
93.360 10 0.217 0.244 0.450 0.661
93.400 10 0.219 0.244 0.455 0.664
93.440 10 0.214 0.244 0.448 0.664
93.480 10 0.219 0.244 0.455 0.664
93.520 10 0.219 0.244 0.456 0.667
93.560 10 0.219 0.242 0.456 0.667
93.600 10 0.227 0.244 0.463 0.664
106.000 11 0.272 0.181 0.412 0.431
106.040 11 0.263 0.158 0.420 0.439
106.080 11 0.267 0.158 0.422 0.433
106.120 11 0.267 0.156 0.423 0.433
106.160 11 0.270 0.153 0.427 0.431
106.200 11 0.272 0.153 0.430 0.433
106.240 11 0.273 0.153 0.430 0.433
106.280 11 0.275 0.156 0.431 0.433
106.320 11 0.275 0.156 0.433 0.433
106.360 11 0.277 0.156 0.433 0.433
106.400 11 0.277 0.158 0.434 0.436
106.440 11 0.278 0.158 0.434 0.436
106.480 11 0.277 0.158 0.433 0.436
106.520 11 0.281 0.161 0.436 0.436
106.560 11 0.277 0.158 0.431 0.433
106.600 11 0.280 0.158 0.436 0.436
106.640 11 0.278 0.158 0.434 0.439
106.680 11 0.278 0.161 0.434 0.442
106.720 11 0.278 0.161 0.436 0.442
106.760 11 0.280 0.164 0.436 0.442
106.800 11 0.281 0.167 0.436 0.444
106.840 11 0.280 0.172 0.433 0.444
106.880 11 0.283 0.175 0.439 0.450
106.920 11 0.281 0.175 0.436 0.450
106.960 11 0.281 0.172 0.436 0.447
107.000 11 0.270 0.150 0.439 0.450
107.040 11 0.277 0.158 0.434 0.439
107.080 11 0.275 0.156 0.433 0.433
107.120 11 0.273 0.150 0.431 0.431
107.160 11 0.272 0.147 0.428 0.428
107.200 11 0.269 0.144 0.425 0.422
107.240 11 0.267 0.142 0.423 0.417
107.280 11 0.263 0.139 0.417 0.414
107.320 11 0.258 0.136 0.412 0.411
107.360 11 0.253 0.136 0.408 0.411
107.400 11 0.250 0.133 0.405 0.408
107.440 11 0.245 0.131 0.400 0.408
107.480 11 0.239 0.128 0.397 0.406
107.520 11 0.234 0.125 0.392 0.406
107.560 11 0.236 0.125 0.394 0.406
107.600 11 0.231 0.128 0.388 0.406
107.640 11 0.230 0.128 0.388 0.406
107.680 11 0.225 0.133 0.384 0.417
107.720 11 0.225 0.142 0.381 0.422
107.760 11 0.223 0.153 0.380 0.431
107.800 11 0.222 0.158 0.378 0.439
107.840 11 0.222 0.164 0.380 0.442
107.880 11 0.219 0.167 0.373 0.442
107.920 11 0.219 0.167 0.373 0.442
107.960 11 0.216 0.167 0.369 0.442
108.000 11 0.225 0.181 0.366 0.431
108.040 11 0.225 0.181 0.366 0.431
108.080 11 0.223 0.181 0.364 0.431
108.120 11 0.220 0.183 0.358 0.428
108.160 11 0.219 0.183 0.359 0.433
108.200 11 0.216 0.181 0.358 0.433
113.920 12 0.503 0.261 0.706 0.619
113.960 12 0.505 0.261 0.706 0.619
114.000 12 0.505 0.261 0.706 0.619
114.040 12 0.509 0.267 0.706 0.619
114.080 12 0.509 0.264 0.708 0.617
114.120 12 0.506 0.264 0.705 0.617
114.160 12 0.512 0.261 0.708 0.611
114.200 12 0.508 0.256 0.706 0.608
114.240 12 0.516 0.253 0.713 0.603
114.280 12 0.514 0.250 0.714 0.608
114.320 12 0.511 0.253 0.711 0.606
114.360 12 0.516 0.253 0.716 0.608
114.400 12 0.511 0.256 0.708 0.608
114.440 12 0.512 0.253 0.714 0.611
114.480 12 0.506 0.250 0.708 0.608
114.520 12 0.505 0.242 0.709 0.606
114.560 12 0.508 0.244 0.713 0.606
114.600 12 0.505 0.250 0.705 0.606
114.640 12 0.508 0.250 0.709 0.608
114.680 12 0.503 0.253 0.702 0.608
114.720 12 0.503 0.253 0.705 0.608
114.760 12 0.502 0.253 0.702 0.608
114.800 12 0.503 0.253 0.702 0.606
114.840 12 0.503 0.253 0.703 0.608
114.880 12 0.503 0.253 0.705 0.611
114.920 12 0.502 0.253 0.702 0.608
114.960 12 0.505 0.253 0.706 0.611
115.000 12 0.505 0.261 0.706 0.619
115.040 12 0.500 0.269 0.703 0.631
115.080 12 0.505 0.269 0.708 0.631
115.120 12 0.500 0.267 0.703 0.625
115.160 12 0.503 0.267 0.703 0.622
115.200 12 0.502 0.264 0.705 0.625
115.240 12 0.505 0.261 0.711 0.628
115.280 12 0.502 0.258 0.711 0.631
115.320 12 0.503 0.264 0.706 0.625
115.360 12 0.511 0.264 0.714 0.625
115.400 12 0.505 0.264 0.706 0.625
115.440 12 0.508 0.267 0.709 0.625
115.480 12 0.506 0.264 0.708 0.625
115.520 12 0.509 0.264 0.711 0.625
115.560 12 0.505 0.264 0.705 0.619
115.600 12 0.508 0.264 0.708 0.619
115.640 12 0.505 0.261 0.706 0.617
115.680 12 0.509 0.258 0.711 0.614
115.720 12 0.508 0.256 0.711 0.617
115.760 12 0.506 0.258 0.706 0.614
115.800 12 0.511 0.261 0.713 0.619
115.840 12 0.506 0.267 0.706 0.625
115.880 12 0.509 0.269 0.711 0.628
115.920 12 0.509 0.261 0.713 0.622
115.960 12 0.505 0.256 0.706 0.617
116.000 12 0.505 0.261 0.706 0.619
116.040 12 0.505 0.264 0.706 0.622
116.080 12 0.506 0.269 0.706 0.628
116.120 12 0.505 0.269 0.705 0.625
116.160 12 0.506 0.267 0.706 0.622
116.200 12 0.505 0.264 0.702 0.614
116.240 12 0.509 0.264 0.709 0.619
116.280 12 0.505 0.269 0.705 0.622
116.320 12 0.512 0.272 0.711 0.628
116.360 12 0.509 0.278 0.708 0.628
116.400 12 0.509 0.278 0.708 0.631
116.440 12 0.511 0.272 0.711 0.628
116.480 12 0.511 0.269 0.706 0.619
116.520 12 0.511 0.267 0.713 0.625
116.560 12 0.508 0.269 0.706 0.625
116.600 12 0.508 0.272 0.709 0.631
116.640 12 0.511 0.278 0.711 0.636
116.680 12 0.506 0.275 0.708 0.633
116.720 12 0.509 0.272 0.713 0.631
116.760 12 0.508 0.267 0.706 0.619
116.800 12 0.514 0.264 0.717 0.625
116.840 12 0.506 0.264 0.708 0.622
116.880 12 0.512 0.267 0.716 0.628
116.920 12 0.506 0.269 0.705 0.619
116.960 12 0.508 0.267 0.706 0.622
117.000 12 0.505 0.261 0.706 0.619
117.040 12 0.502 0.256 0.702 0.614
117.080 12 0.505 0.253 0.709 0.617
117.120 12 0.505 0.256 0.706 0.614
117.160 12 0.506 0.256 0.708 0.614
117.200 12 0.506 0.256 0.709 0.614
117.240 12 0.508 0.258 0.709 0.617
117.280 12 0.508 0.258 0.711 0.619
117.320 12 0.509 0.261 0.708 0.617
117.360 12 0.508 0.261 0.708 0.619
117.400 12 0.508 0.264 0.706 0.617
117.440 12 0.506 0.261 0.706 0.619
117.480 12 0.506 0.267 0.705 0.617
117.520 12 0.503 0.264 0.703 0.619
117.560 12 0.500 0.261 0.702 0.619
117.600 12 0.489 0.258 0.692 0.619
117.640 12 0.495 0.258 0.697 0.617
117.680 12 0.487 0.256 0.692 0.619
117.720 12 0.498 0.258 0.702 0.619
117.760 12 0.495 0.258 0.700 0.622
117.800 12 0.502 0.258 0.706 0.622
117.840 12 0.497 0.261 0.702 0.622
117.880 12 0.498 0.264 0.700 0.622
117.920 12 0.500 0.264 0.702 0.622
117.960 12 0.505 0.264 0.708 0.625
118.000 12 0.505 0.261 0.706 0.619
118.040 12 0.508 0.269 0.711 0.631
118.080 12 0.508 0.269 0.711 0.631
118.120 12 0.509 0.269 0.716 0.636
118.160 12 0.514 0.261 0.725 0.639
118.200 12 0.512 0.264 0.719 0.631
118.240 12 0.517 0.256 0.720 0.617
118.280 12 0.514 0.253 0.713 0.608
118.320 12 0.519 0.250 0.719 0.606
118.360 12 0.517 0.250 0.716 0.603
118.400 12 0.517 0.250 0.720 0.608
118.440 12 0.517 0.250 0.720 0.608
118.480 12 0.517 0.250 0.720 0.608
118.520 12 0.517 0.247 0.722 0.614
118.560 12 0.516 0.247 0.719 0.608
118.600 12 0.512 0.242 0.716 0.603
118.640 12 0.516 0.239 0.720 0.603
118.680 12 0.511 0.242 0.713 0.600
118.720 12 0.514 0.244 0.716 0.603
118.760 12 0.511 0.250 0.709 0.603
118.800 12 0.512 0.247 0.714 0.606
118.840 12 0.508 0.250 0.705 0.603
118.880 12 0.508 0.250 0.709 0.608
118.920 12 0.503 0.253 0.700 0.603
118.960 12 0.503 0.250 0.703 0.608
119.000 12 0.505 0.261 0.706 0.619
119.040 12 0.500 0.253 0.702 0.611
119.080 12 0.502 0.253 0.706 0.617
119.120 12 0.503 0.253 0.708 0.619
119.160 12 0.500 0.250 0.706 0.617
119.200 12 0.503 0.250 0.708 0.617
119.240 12 0.497 0.253 0.702 0.619
119.280 12 0.500 0.256 0.708 0.622
119.320 12 0.498 0.258 0.703 0.622
119.360 12 0.498 0.258 0.705 0.622
119.400 12 0.505 0.258 0.709 0.622
119.440 12 0.502 0.258 0.706 0.622
119.480 12 0.502 0.261 0.703 0.617
119.520 12 0.500 0.264 0.700 0.619
119.560 12 0.502 0.261 0.705 0.622
119.600 12 0.500 0.267 0.700 0.619
119.640 12 0.506 0.264 0.708 0.625
119.680 12 0.500 0.264 0.703 0.625
119.720 12 0.508 0.264 0.711 0.625
119.760 12 0.506 0.261 0.708 0.622
119.800 12 0.509 0.267 0.709 0.622
119.840 12 0.511 0.269 0.713 0.628
119.880 12 0.512 0.269 0.716 0.628
119.920 12 0.514 0.269 0.716 0.628
119.960 12 0.512 0.269 0.714 0.628
120.000 12 0.505 0.261 0.706 0.619
120.040 12 0.506 0.267 0.709 0.625
120.080 12 0.500 0.267 0.702 0.625
120.120 12 0.497 0.264 0.698 0.622
120.160 12 0.492 0.264 0.692 0.622
120.200 12 0.494 0.264 0.695 0.619
120.240 12 0.497 0.261 0.702 0.625
120.280 12 0.503 0.261 0.705 0.619
120.320 12 0.497 0.261 0.697 0.617
120.360 12 0.498 0.261 0.698 0.617
120.400 12 0.495 0.258 0.698 0.619
120.440 12 0.505 0.258 0.709 0.622
120.480 12 0.503 0.261 0.706 0.619
120.520 12 0.503 0.261 0.708 0.625
120.560 12 0.498 0.261 0.700 0.622
120.600 12 0.502 0.264 0.702 0.622
120.640 12 0.505 0.264 0.703 0.619
120.680 12 0.505 0.261 0.705 0.619
120.720 12 0.503 0.264 0.703 0.619
120.760 12 0.500 0.264 0.700 0.619
120.800 12 0.498 0.267 0.700 0.625
120.840 12 0.502 0.269 0.700 0.622
120.880 12 0.503 0.267 0.702 0.619
120.920 12 0.505 0.261 0.702 0.611
120.960 12 0.503 0.256 0.703 0.611
121.000 12 0.505 0.261 0.706 0.619
121.040 12 0.502 0.258 0.703 0.617
121.080 12 0.503 0.261 0.706 0.622
121.120 12 0.503 0.261 0.706 0.622
121.160 12 0.503 0.261 0.706 0.622
121.200 12 0.506 0.261 0.709 0.622
121.240 12 0.506 0.267 0.703 0.614
121.280 12 0.508 0.267 0.708 0.622
121.320 12 0.508 0.267 0.709 0.625
121.360 12 0.509 0.269 0.711 0.628
121.400 12 0.508 0.267 0.711 0.628
121.440 12 0.514 0.269 0.716 0.625
121.480 12 0.512 0.267 0.716 0.628
121.520 12 0.514 0.264 0.720 0.631
121.560 12 0.511 0.264 0.714 0.625
121.600 12 0.512 0.267 0.717 0.631
121.640 12 0.511 0.267 0.713 0.625
121.680 12 0.516 0.264 0.719 0.625
121.720 12 0.512 0.264 0.716 0.622
121.760 12 0.512 0.261 0.713 0.617
121.800 12 0.512 0.261 0.717 0.622
121.840 12 0.509 0.264 0.709 0.622
121.880 12 0.512 0.264 0.716 0.622
121.920 12 0.508 0.267 0.709 0.625
121.960 12 0.511 0.267 0.714 0.625
122.000 12 0.505 0.261 0.706 0.619
122.040 12 0.511 0.267 0.713 0.625
122.080 12 0.511 0.267 0.711 0.619
122.120 12 0.516 0.264 0.719 0.625
122.160 12 0.506 0.261 0.709 0.622
122.200 12 0.511 0.256 0.722 0.631
122.240 12 0.509 0.256 0.714 0.622
122.280 12 0.514 0.258 0.719 0.622
122.320 12 0.512 0.258 0.714 0.617
122.360 12 0.511 0.261 0.713 0.617
122.400 12 0.514 0.253 0.719 0.617
122.440 12 0.511 0.250 0.714 0.611
122.480 12 0.516 0.247 0.720 0.608
122.520 12 0.511 0.244 0.716 0.608
122.560 12 0.517 0.244 0.720 0.606
122.600 12 0.516 0.244 0.719 0.606
122.640 12 0.516 0.244 0.719 0.606
122.680 12 0.517 0.244 0.720 0.608
122.720 12 0.519 0.247 0.722 0.608
122.760 12 0.519 0.250 0.722 0.608
122.800 12 0.520 0.253 0.722 0.611
122.840 12 0.519 0.253 0.722 0.611
122.880 12 0.519 0.256 0.719 0.611
122.920 12 0.520 0.256 0.720 0.611
122.960 12 0.520 0.256 0.722 0.614
123.000 12 0.527 0.261 0.728 0.619
123.040 12 0.519 0.261 0.719 0.614
123.080 12 0.519 0.256 0.725 0.622
123.120 12 0.517 0.256 0.720 0.617
123.160 12 0.520 0.253 0.728 0.622
123.200 12 0.517 0.253 0.725 0.625
123.240 12 0.517 0.261 0.722 0.622
123.280 12 0.517 0.264 0.720 0.625
123.320 12 0.517 0.264 0.720 0.625
123.360 12 0.514 0.258 0.719 0.622
123.400 12 0.517 0.253 0.723 0.619
123.440 12 0.512 0.258 0.714 0.614
123.480 12 0.514 0.256 0.722 0.625
123.520 12 0.508 0.261 0.711 0.622
123.560 12 0.512 0.261 0.720 0.628
123.600 12 0.509 0.261 0.713 0.625
123.640 12 0.512 0.264 0.720 0.633
123.680 12 0.508 0.269 0.709 0.625
123.720 12 0.514 0.261 0.719 0.628
123.760 12 0.511 0.261 0.711 0.617
123.800 12 0.516 0.261 0.717 0.622
123.840 12 0.509 0.264 0.711 0.622
123.880 12 0.511 0.264 0.716 0.628
123.920 12 0.508 0.261 0.713 0.628
123.960 12 0.512 0.264 0.714 0.622
124.000 12 0.505 0.261 0.706 0.619
124.040 12 0.506 0.267 0.705 0.619
124.080 12 0.514 0.267 0.709 0.611
124.120 12 0.508 0.267 0.698 0.606
124.160 12 0.511 0.264 0.709 0.617
124.200 12 0.506 0.264 0.705 0.617
124.240 12 0.512 0.258 0.711 0.611
124.280 12 0.508 0.250 0.708 0.606
124.320 12 0.512 0.247 0.714 0.606
124.360 12 0.509 0.250 0.711 0.608
124.400 12 0.511 0.253 0.711 0.611
124.440 12 0.512 0.253 0.714 0.611
124.480 12 0.508 0.247 0.716 0.617
124.520 12 0.509 0.250 0.716 0.619
124.560 12 0.509 0.256 0.711 0.614
124.600 12 0.511 0.256 0.711 0.614
124.640 12 0.509 0.250 0.713 0.611
124.680 12 0.512 0.250 0.713 0.606
124.720 12 0.514 0.253 0.714 0.608
124.760 12 0.516 0.256 0.716 0.614
124.800 12 0.517 0.258 0.719 0.617
124.840 12 0.517 0.253 0.722 0.619
124.880 12 0.520 0.253 0.725 0.617
124.920 12 0.522 0.253 0.723 0.614
124.960 12 0.523 0.256 0.727 0.614
125.000 12 0.527 0.261 0.728 0.619
125.040 12 0.525 0.256 0.723 0.608
125.080 12 0.525 0.256 0.720 0.600
125.120 12 0.527 0.250 0.725 0.606
125.160 12 0.522 0.256 0.717 0.606
125.200 12 0.525 0.261 0.722 0.614
125.240 12 0.517 0.261 0.716 0.614
125.280 12 0.519 0.253 0.716 0.603
125.320 12 0.520 0.247 0.719 0.600
125.360 12 0.517 0.247 0.714 0.597
125.400 12 0.522 0.253 0.720 0.603
125.440 12 0.519 0.256 0.719 0.611
125.480 12 0.516 0.253 0.716 0.608
125.520 12 0.517 0.250 0.722 0.611
125.560 12 0.514 0.247 0.717 0.606
125.600 12 0.522 0.250 0.723 0.608
125.640 12 0.517 0.258 0.716 0.611
125.680 12 0.522 0.261 0.723 0.619
125.720 12 0.520 0.267 0.720 0.622
125.760 12 0.525 0.264 0.730 0.631
125.800 12 0.522 0.267 0.728 0.633
125.840 12 0.528 0.272 0.733 0.639
125.880 12 0.527 0.272 0.730 0.633
125.920 12 0.531 0.272 0.736 0.636
125.960 12 0.527 0.269 0.731 0.633
126.000 12 0.527 0.261 0.728 0.619
126.040 12 0.527 0.258 0.727 0.617
126.080 12 0.525 0.258 0.727 0.614
126.120 12 0.525 0.267 0.717 0.608
126.160 12 0.527 0.264 0.723 0.614
126.200 12 0.527 0.256 0.733 0.619
126.240 12 0.525 0.258 0.725 0.617
126.280 12 0.525 0.258 0.723 0.611
126.320 12 0.528 0.253 0.730 0.611
126.360 12 0.525 0.253 0.723 0.606
126.400 12 0.525 0.250 0.722 0.603
126.440 12 0.525 0.250 0.722 0.600
126.480 12 0.523 0.247 0.722 0.600
126.520 12 0.523 0.247 0.722 0.600
126.560 12 0.516 0.242 0.720 0.608
126.600 12 0.522 0.244 0.723 0.606
126.640 12 0.522 0.244 0.723 0.603
126.680 12 0.523 0.244 0.722 0.600
126.720 12 0.525 0.239 0.730 0.603
126.760 12 0.525 0.247 0.717 0.589
126.800 12 0.523 0.247 0.722 0.600
126.840 12 0.522 0.247 0.722 0.603
126.880 12 0.517 0.250 0.717 0.606
126.920 12 0.520 0.253 0.720 0.606
133.360 13 0.333 0.289 0.478 0.547
133.400 13 0.336 0.292 0.480 0.547
133.440 13 0.333 0.300 0.472 0.544
133.480 13 0.333 0.300 0.469 0.542
133.520 13 0.338 0.286 0.473 0.528
133.560 13 0.341 0.275 0.473 0.511
133.600 13 0.344 0.264 0.473 0.497
133.640 13 0.347 0.261 0.478 0.494
133.680 13 0.353 0.264 0.481 0.489
133.720 13 0.359 0.267 0.483 0.486
133.760 13 0.366 0.267 0.484 0.481
133.800 13 0.372 0.269 0.491 0.478
133.840 13 0.377 0.275 0.487 0.472
133.880 13 0.383 0.278 0.492 0.472
133.920 13 0.388 0.286 0.492 0.472
133.960 13 0.391 0.292 0.492 0.469
134.000 13 0.394 0.297 0.491 0.469
134.040 13 0.397 0.300 0.489 0.467
134.080 13 0.400 0.303 0.492 0.467
134.120 13 0.395 0.303 0.487 0.464
134.160 13 0.402 0.297 0.492 0.458
134.200 13 0.398 0.297 0.489 0.458
134.240 13 0.403 0.294 0.494 0.456
134.280 13 0.403 0.292 0.492 0.450
137.720 14 0.433 0.228 0.711 0.728
137.760 14 0.442 0.228 0.719 0.722
137.800 14 0.442 0.222 0.717 0.717
137.840 14 0.442 0.222 0.711 0.703
137.880 14 0.444 0.228 0.700 0.683
137.920 14 0.444 0.219 0.698 0.675
137.960 14 0.433 0.217 0.683 0.664
138.000 14 0.445 0.219 0.686 0.650
138.040 14 0.452 0.217 0.692 0.644
138.080 14 0.459 0.214 0.702 0.647
138.120 14 0.456 0.217 0.697 0.644
138.160 14 0.463 0.217 0.702 0.647
138.200 14 0.455 0.225 0.688 0.644
138.240 14 0.447 0.219 0.688 0.650
138.280 14 0.445 0.219 0.686 0.650
138.320 14 0.445 0.217 0.688 0.650
138.360 14 0.450 0.214 0.691 0.644
138.400 14 0.459 0.211 0.703 0.647
138.440 14 0.458 0.208 0.700 0.642
138.480 14 0.459 0.208 0.702 0.642
138.520 14 0.450 0.206 0.692 0.639
138.560 14 0.453 0.206 0.694 0.636
138.600 14 0.447 0.203 0.688 0.636
138.640 14 0.452 0.203 0.695 0.636
138.680 14 0.452 0.203 0.694 0.636
138.720 14 0.450 0.203 0.694 0.639
138.760 14 0.450 0.211 0.689 0.636
138.800 14 0.448 0.214 0.686 0.639
138.840 14 0.447 0.217 0.686 0.644
138.880 14 0.447 0.222 0.686 0.650
138.920 14 0.445 0.225 0.688 0.658
138.960 14 0.442 0.222 0.686 0.658
139.000 14 0.445 0.219 0.686 0.650
139.040 14 0.445 0.200 0.688 0.631
139.080 14 0.452 0.181 0.692 0.608
139.120 14 0.458 0.172 0.697 0.597
139.160 14 0.467 0.169 0.703 0.592
139.200 14 0.466 0.172 0.702 0.594
139.240 14 0.464 0.175 0.700 0.597
139.280 14 0.470 0.181 0.706 0.603
139.320 14 0.464 0.186 0.700 0.608
139.360 14 0.464 0.192 0.700 0.614
139.400 14 0.453 0.197 0.695 0.631
139.440 14 0.450 0.197 0.691 0.628
139.480 14 0.448 0.192 0.689 0.619
139.520 14 0.448 0.189 0.688 0.614
139.560 14 0.448 0.189 0.684 0.608
139.600 14 0.452 0.192 0.684 0.608
139.640 14 0.444 0.192 0.678 0.608
139.680 14 0.450 0.197 0.683 0.611
139.720 14 0.442 0.197 0.677 0.614
139.760 14 0.444 0.200 0.673 0.611
139.800 14 0.447 0.197 0.683 0.617
139.840 14 0.445 0.194 0.680 0.614
139.880 14 0.448 0.194 0.680 0.606
139.920 14 0.447 0.186 0.683 0.608
139.960 14 0.445 0.183 0.683 0.606
140.000 14 0.445 0.172 0.686 0.600
140.040 14 0.455 0.181 0.694 0.606
140.080 14 0.453 0.178 0.692 0.600
140.120 14 0.453 0.175 0.692 0.597
140.160 14 0.453 0.167 0.695 0.594
140.200 14 0.455 0.161 0.695 0.589
140.240 14 0.453 0.156 0.695 0.586
140.280 14 0.455 0.156 0.697 0.583
140.320 14 0.456 0.156 0.700 0.586
140.360 14 0.458 0.156 0.702 0.589
140.400 14 0.459 0.156 0.705 0.589
140.440 14 0.461 0.158 0.705 0.592
140.480 14 0.461 0.161 0.705 0.594
140.520 14 0.459 0.158 0.706 0.597
140.560 14 0.461 0.164 0.705 0.594
140.600 14 0.458 0.167 0.702 0.597
140.640 14 0.463 0.164 0.708 0.600
140.680 14 0.458 0.167 0.700 0.594
140.720 14 0.464 0.169 0.705 0.594
140.760 14 0.458 0.169 0.700 0.600
140.800 14 0.459 0.172 0.705 0.606
140.840 14 0.459 0.178 0.698 0.600
140.880 14 0.464 0.172 0.708 0.603
140.920 14 0.461 0.172 0.702 0.600
140.960 14 0.464 0.167 0.709 0.600
141.000 14 0.472 0.172 0.714 0.600
141.040 14 0.469 0.167 0.714 0.606
141.080 14 0.469 0.164 0.714 0.600
141.120 14 0.466 0.161 0.711 0.594
141.160 14 0.467 0.156 0.716 0.600
141.200 14 0.459 0.156 0.708 0.597
141.240 14 0.464 0.164 0.709 0.597
141.280 14 0.456 0.161 0.703 0.603
141.320 14 0.463 0.169 0.706 0.603
141.360 14 0.455 0.172 0.702 0.611
141.400 14 0.458 0.175 0.703 0.611
141.440 14 0.458 0.169 0.706 0.614
141.480 14 0.459 0.167 0.706 0.608
141.520 14 0.459 0.164 0.705 0.603
141.560 14 0.455 0.161 0.702 0.603
141.600 14 0.459 0.169 0.705 0.606
141.640 14 0.453 0.178 0.695 0.606
141.680 14 0.456 0.181 0.700 0.614
141.720 14 0.450 0.189 0.692 0.617
141.760 14 0.453 0.192 0.695 0.622
141.800 14 0.447 0.197 0.688 0.625
141.840 14 0.450 0.203 0.692 0.633
141.880 14 0.445 0.211 0.686 0.639
141.920 14 0.447 0.214 0.692 0.650
141.960 14 0.444 0.219 0.684 0.647
142.000 14 0.445 0.219 0.686 0.650
142.040 14 0.438 0.194 0.678 0.625
142.080 14 0.439 0.186 0.680 0.617
142.120 14 0.444 0.183 0.680 0.606
142.160 14 0.447 0.178 0.683 0.597
142.200 14 0.452 0.178 0.686 0.594
142.240 14 0.450 0.175 0.688 0.597
142.280 14 0.452 0.175 0.692 0.606
142.320 14 0.448 0.181 0.683 0.597
142.360 14 0.453 0.183 0.684 0.597
142.400 14 0.452 0.178 0.688 0.597
142.440 14 0.456 0.181 0.689 0.594
142.480 14 0.458 0.181 0.691 0.597
142.520 14 0.458 0.183 0.691 0.600
142.560 14 0.455 0.186 0.689 0.603
142.600 14 0.458 0.186 0.694 0.608
142.640 14 0.453 0.189 0.686 0.606
142.680 14 0.455 0.189 0.692 0.608
142.720 14 0.450 0.192 0.684 0.608
142.760 14 0.453 0.194 0.686 0.608
142.800 14 0.455 0.194 0.684 0.606
142.840 14 0.455 0.197 0.684 0.606
142.880 14 0.455 0.197 0.684 0.606
142.920 14 0.455 0.197 0.684 0.606
142.960 14 0.456 0.200 0.684 0.606
143.000 14 0.445 0.172 0.686 0.600
143.040 14 0.459 0.219 0.680 0.608
143.080 14 0.464 0.219 0.686 0.614
143.120 14 0.464 0.228 0.680 0.611
143.160 14 0.466 0.228 0.684 0.617
143.200 14 0.464 0.228 0.681 0.614
143.240 14 0.466 0.228 0.684 0.617
143.280 14 0.466 0.225 0.686 0.617
143.320 14 0.466 0.222 0.686 0.611
143.360 14 0.464 0.211 0.691 0.611
143.400 14 0.466 0.203 0.692 0.606
143.440 14 0.464 0.194 0.697 0.608
143.480 14 0.466 0.197 0.697 0.606
143.520 14 0.466 0.200 0.697 0.608
143.560 14 0.464 0.206 0.694 0.614
143.600 14 0.469 0.214 0.695 0.617
143.640 14 0.464 0.219 0.692 0.628
143.680 14 0.464 0.225 0.688 0.622
143.720 14 0.467 0.219 0.694 0.619
143.760 14 0.464 0.214 0.689 0.614
143.800 14 0.469 0.208 0.697 0.611
143.840 14 0.469 0.206 0.692 0.603
143.880 14 0.470 0.203 0.697 0.608
143.920 14 0.464 0.206 0.689 0.606
143.960 14 0.467 0.208 0.692 0.608
144.000 14 0.483 0.261 0.684 0.619
144.040 14 0.464 0.239 0.686 0.633
144.080 14 0.461 0.242 0.686 0.642
144.120 14 0.458 0.239 0.684 0.644
144.160 14 0.463 0.236 0.692 0.647
144.200 14 0.458 0.231 0.686 0.636
144.240 14 0.464 0.222 0.692 0.628
144.280 14 0.463 0.219 0.688 0.619
144.320 14 0.467 0.217 0.694 0.619
144.360 14 0.467 0.219 0.688 0.611
144.400 14 0.463 0.228 0.684 0.622
144.440 14 0.466 0.228 0.691 0.631
144.480 14 0.463 0.231 0.688 0.631
144.520 14 0.464 0.228 0.692 0.633
144.560 14 0.464 0.222 0.695 0.636
144.600 14 0.464 0.222 0.694 0.631
144.640 14 0.466 0.222 0.695 0.631
144.680 14 0.459 0.225 0.688 0.633
144.720 14 0.464 0.233 0.688 0.633
144.760 14 0.458 0.242 0.680 0.636
144.800 14 0.459 0.244 0.683 0.642
144.840 14 0.459 0.247 0.686 0.653
144.880 14 0.456 0.244 0.681 0.650
144.920 14 0.461 0.244 0.689 0.653
144.960 14 0.453 0.242 0.684 0.653
145.000 14 0.445 0.219 0.686 0.650
145.040 14 0.461 0.233 0.683 0.628
145.080 14 0.461 0.231 0.683 0.625
145.120 14 0.459 0.231 0.680 0.625
145.160 14 0.461 0.233 0.683 0.628
145.200 14 0.452 0.231 0.678 0.633
145.240 14 0.453 0.231 0.678 0.631
145.280 14 0.452 0.228 0.677 0.628
145.320 14 0.450 0.222 0.675 0.625
145.360 14 0.448 0.217 0.673 0.617
145.400 14 0.447 0.208 0.673 0.611
145.440 14 0.444 0.197 0.672 0.603
145.480 14 0.448 0.189 0.678 0.597
145.520 14 0.444 0.183 0.675 0.594
145.560 14 0.452 0.181 0.683 0.592
145.600 14 0.452 0.183 0.677 0.586
145.640 14 0.458 0.183 0.684 0.583
145.680 14 0.455 0.181 0.681 0.583
145.720 14 0.456 0.181 0.684 0.589
145.760 14 0.452 0.186 0.678 0.589
145.800 14 0.459 0.192 0.683 0.592
145.840 14 0.456 0.197 0.680 0.597
145.880 14 0.463 0.203 0.689 0.608
145.920 14 0.461 0.211 0.686 0.611
145.960 14 0.466 0.211 0.691 0.614
146.000 14 0.483 0.222 0.684 0.581
146.040 14 0.464 0.200 0.692 0.608
146.080 14 0.469 0.189 0.697 0.597
146.120 14 0.464 0.183 0.694 0.592
146.160 14 0.469 0.181 0.697 0.592
146.200 14 0.464 0.183 0.692 0.589
146.240 14 0.463 0.181 0.692 0.592
146.280 14 0.461 0.186 0.689 0.594
146.320 14 0.459 0.192 0.689 0.603
146.360 14 0.458 0.200 0.686 0.608
146.400 14 0.455 0.203 0.688 0.619
146.440 14 0.453 0.208 0.680 0.611
146.480 14 0.461 0.208 0.684 0.608
146.520 14 0.455 0.203 0.681 0.608
146.560 14 0.458 0.203 0.683 0.606
146.600 14 0.456 0.203 0.684 0.608
146.640 14 0.456 0.206 0.680 0.606
146.680 14 0.456 0.208 0.680 0.608
146.720 14 0.456 0.211 0.680 0.608
146.760 14 0.456 0.211 0.681 0.611
146.800 14 0.458 0.211 0.681 0.611
146.840 14 0.458 0.211 0.683 0.611
146.880 14 0.459 0.211 0.686 0.617
146.920 14 0.456 0.217 0.680 0.617
146.960 14 0.458 0.219 0.686 0.622
147.000 14 0.445 0.219 0.686 0.650
147.040 14 0.441 0.225 0.680 0.653
147.080 14 0.445 0.228 0.684 0.656
147.120 14 0.442 0.233 0.675 0.650
147.160 14 0.444 0.231 0.681 0.656
147.200 14 0.441 0.236 0.672 0.650
147.240 14 0.442 0.236 0.678 0.656
147.280 14 0.439 0.244 0.669 0.653
147.320 14 0.441 0.239 0.675 0.661
147.360 14 0.441 0.239 0.677 0.664
147.400 14 0.442 0.228 0.688 0.669
147.440 15 0.680 0.267 0.734 0.364
147.480 15 0.683 0.269 0.738 0.367
147.520 15 0.683 0.269 0.739 0.367
147.560 15 0.686 0.269 0.741 0.367
147.600 15 0.689 0.267 0.744 0.367
147.640 15 0.689 0.269 0.744 0.367
147.680 15 0.692 0.269 0.747 0.367
147.720 15 0.694 0.272 0.748 0.369
147.760 15 0.692 0.275 0.747 0.372
147.800 15 0.695 0.275 0.750 0.372
147.840 15 0.695 0.278 0.752 0.375
147.880 15 0.700 0.278 0.755 0.375
147.920 15 0.705 0.275 0.761 0.375
147.960 15 0.713 0.275 0.769 0.375
148.000 15 0.727 0.272 0.783 0.372
147.440 16 0.181 0.208 0.239 0.308
147.480 16 0.183 0.206 0.241 0.308
147.520 16 0.186 0.208 0.244 0.311
147.560 16 0.188 0.211 0.244 0.311
147.600 16 0.192 0.208 0.248 0.308
147.640 16 0.191 0.211 0.245 0.308
147.680 16 0.195 0.214 0.250 0.311
147.720 16 0.194 0.214 0.248 0.314
147.760 16 0.197 0.217 0.253 0.317
147.800 16 0.195 0.217 0.252 0.319
147.840 16 0.198 0.217 0.256 0.319
147.880 16 0.202 0.217 0.259 0.319
147.920 16 0.206 0.214 0.263 0.314
147.960 16 0.214 0.211 0.272 0.311
148.000 16 0.227 0.206 0.283 0.306
148.040 16 0.241 0.200 0.298 0.303
149.320 17 0.719 0.242 0.778 0.347
149.360 17 0.730 0.244 0.791 0.353
149.400 17 0.736 0.247 0.795 0.356
149.440 17 0.742 0.250 0.802 0.358
149.480 17 0.747 0.256 0.808 0.361
149.520 17 0.750 0.258 0.809 0.364
149.560 17 0.753 0.264 0.811 0.367
149.600 17 0.753 0.269 0.809 0.369
149.640 17 0.752 0.272 0.808 0.372
149.680 17 0.752 0.272 0.809 0.372
149.720 17 0.750 0.272 0.806 0.372
149.760 17 0.752 0.269 0.808 0.372
149.800 17 0.750 0.269 0.806 0.369
149.840 17 0.752 0.264 0.808 0.364
149.880 17 0.752 0.261 0.808 0.361
149.920 17 0.752 0.261 0.805 0.358
149.960 17 0.752 0.258 0.811 0.364
150.000 17 0.752 0.261 0.808 0.361
150.040 17 0.748 0.261 0.806 0.364
150.080 17 0.750 0.264 0.806 0.364
150.120 17 0.748 0.267 0.803 0.364
150.160 17 0.750 0.267 0.805 0.364
150.200 17 0.748 0.269 0.802 0.364
150.240 17 0.747 0.269 0.800 0.364
150.280 17 0.745 0.269 0.798 0.364
150.320 17 0.744 0.272 0.797 0.364
150.360 17 0.742 0.272 0.792 0.364
150.400 17 0.739 0.272 0.792 0.364
150.440 17 0.742 0.269 0.794 0.364
150.480 17 0.738 0.269 0.791 0.364
150.520 17 0.741 0.269 0.792 0.361
150.560 17 0.738 0.267 0.791 0.361
150.600 17 0.739 0.267 0.792 0.361
150.640 17 0.739 0.264 0.792 0.358
150.680 17 0.741 0.264 0.794 0.356
150.720 17 0.742 0.261 0.795 0.356
149.440 18 0.303 0.186 0.359 0.286
149.480 18 0.308 0.189 0.364 0.289
149.520 18 0.309 0.192 0.366 0.292
149.560 18 0.311 0.194 0.366 0.292
149.600 18 0.308 0.194 0.364 0.294
149.640 18 0.308 0.194 0.366 0.297
149.680 18 0.303 0.194 0.361 0.297
149.720 18 0.305 0.194 0.362 0.297
149.760 18 0.302 0.192 0.359 0.294
149.800 18 0.302 0.189 0.359 0.292
149.840 18 0.300 0.186 0.359 0.292
149.880 18 0.303 0.189 0.361 0.292
149.920 18 0.302 0.189 0.359 0.292
149.960 18 0.303 0.192 0.359 0.292
150.000 18 0.302 0.194 0.358 0.294
150.040 18 0.302 0.197 0.358 0.297
150.080 18 0.300 0.200 0.355 0.297
150.120 18 0.302 0.203 0.355 0.300
150.160 18 0.298 0.203 0.353 0.303
150.200 18 0.298 0.206 0.353 0.306
150.240 18 0.297 0.208 0.353 0.308
150.280 18 0.297 0.208 0.355 0.311
150.320 18 0.295 0.208 0.353 0.311
150.360 18 0.295 0.208 0.352 0.311
150.400 18 0.292 0.206 0.350 0.308
150.440 18 0.292 0.206 0.348 0.306
150.480 18 0.291 0.203 0.348 0.306
150.520 18 0.287 0.203 0.345 0.306
150.560 18 0.287 0.206 0.345 0.306
150.600 18 0.287 0.203 0.344 0.306
150.640 18 0.287 0.200 0.344 0.303
150.680 18 0.286 0.197 0.342 0.300
150.720 18 0.286 0.197 0.342 0.300
153.040 19 0.233 0.278 0.298 0.397
153.080 19 0.231 0.275 0.298 0.397
153.120 19 0.231 0.275 0.302 0.400
153.160 19 0.230 0.275 0.297 0.397
153.200 19 0.231 0.275 0.298 0.397
153.240 19 0.228 0.275 0.294 0.397
153.280 19 0.230 0.272 0.297 0.394
153.320 19 0.227 0.272 0.294 0.394
153.360 19 0.225 0.269 0.292 0.392
153.400 19 0.223 0.269 0.292 0.392
153.440 19 0.225 0.272 0.292 0.394
153.480 19 0.223 0.272 0.291 0.394
153.520 19 0.222 0.272 0.289 0.394
153.560 19 0.222 0.269 0.289 0.392
153.600 19 0.219 0.269 0.284 0.389
153.640 19 0.222 0.269 0.289 0.392
153.680 19 0.217 0.267 0.286 0.389
153.720 19 0.220 0.267 0.289 0.392
153.760 19 0.217 0.267 0.284 0.389
153.800 19 0.222 0.267 0.289 0.389
153.840 19 0.220 0.267 0.287 0.389
153.880 19 0.219 0.267 0.286 0.386
153.920 19 0.220 0.264 0.286 0.383
153.960 19 0.220 0.261 0.287 0.383
154.000 19 0.220 0.258 0.287 0.381
154.040 19 0.220 0.264 0.287 0.386
154.080 19 0.219 0.264 0.286 0.383
154.120 19 0.220 0.264 0.287 0.383
154.160 19 0.220 0.264 0.287 0.383
154.200 19 0.220 0.264 0.287 0.383
154.240 19 0.222 0.264 0.289 0.383
154.280 19 0.222 0.264 0.289 0.383
154.320 19 0.222 0.264 0.289 0.383
154.360 19 0.223 0.264 0.291 0.386
154.400 19 0.225 0.267 0.292 0.386
154.440 19 0.227 0.267 0.294 0.389
154.480 19 0.228 0.269 0.295 0.392
154.520 19 0.230 0.272 0.295 0.392
154.560 19 0.230 0.272 0.295 0.392
154.600 19 0.233 0.272 0.300 0.394
154.640 19 0.231 0.272 0.298 0.394
154.680 19 0.236 0.272 0.302 0.392
154.720 19 0.234 0.275 0.302 0.394
154.760 19 0.237 0.275 0.305 0.397
154.800 19 0.239 0.278 0.306 0.397
154.840 19 0.244 0.278 0.309 0.394
154.880 19 0.244 0.278 0.311 0.397
154.920 19 0.247 0.281 0.314 0.400
154.960 19 0.248 0.281 0.316 0.400
155.000 19 0.250 0.286 0.317 0.406
155.040 19 0.253 0.286 0.320 0.406
155.080 19 0.253 0.289 0.320 0.406
155.120 19 0.255 0.289 0.322 0.408
155.160 19 0.256 0.292 0.323 0.411
155.200 19 0.258 0.294 0.325 0.414
155.240 19 0.259 0.294 0.325 0.414
155.280 19 0.259 0.297 0.327 0.417
155.320 19 0.261 0.297 0.328 0.417
155.360 19 0.263 0.300 0.330 0.417
153.040 20 0.548 0.150 0.617 0.269
153.080 20 0.547 0.150 0.617 0.269
153.120 20 0.548 0.150 0.619 0.269
153.160 20 0.547 0.150 0.616 0.269
153.200 20 0.547 0.150 0.616 0.269
153.240 20 0.547 0.147 0.616 0.269
153.280 20 0.545 0.147 0.614 0.267
153.320 20 0.544 0.144 0.613 0.267
153.360 20 0.542 0.144 0.613 0.267
153.400 20 0.542 0.144 0.613 0.267
153.440 20 0.544 0.147 0.614 0.267
153.480 20 0.542 0.147 0.611 0.269
153.520 20 0.541 0.147 0.609 0.267
153.560 20 0.541 0.147 0.609 0.267
153.600 20 0.541 0.147 0.608 0.267
153.640 20 0.541 0.147 0.608 0.267
153.680 20 0.539 0.147 0.608 0.267
153.720 20 0.539 0.144 0.609 0.267
153.760 20 0.539 0.147 0.608 0.267
153.800 20 0.539 0.150 0.608 0.269
153.840 20 0.539 0.147 0.608 0.269
153.880 20 0.539 0.150 0.606 0.267
153.920 20 0.541 0.147 0.609 0.267
153.960 20 0.541 0.142 0.611 0.261
154.000 20 0.542 0.139 0.611 0.258
154.040 20 0.542 0.133 0.611 0.256
154.080 20 0.541 0.133 0.609 0.253
154.120 20 0.542 0.133 0.611 0.253
154.160 20 0.544 0.133 0.611 0.250
154.200 20 0.544 0.133 0.611 0.250
154.240 20 0.545 0.133 0.613 0.253
154.280 20 0.544 0.133 0.611 0.250
154.320 20 0.545 0.133 0.613 0.250
154.360 20 0.545 0.133 0.613 0.253
154.400 20 0.547 0.136 0.614 0.253
154.440 20 0.547 0.136 0.616 0.256
154.480 20 0.548 0.139 0.616 0.256
154.520 20 0.550 0.142 0.616 0.258
154.560 20 0.550 0.142 0.617 0.258
154.600 20 0.548 0.142 0.617 0.261
154.640 20 0.552 0.142 0.620 0.261
154.680 20 0.550 0.142 0.619 0.261
154.720 20 0.553 0.142 0.622 0.261
154.760 20 0.555 0.144 0.622 0.264
154.800 20 0.556 0.144 0.625 0.267
154.840 20 0.558 0.144 0.627 0.267
154.880 20 0.559 0.144 0.630 0.267
154.920 20 0.562 0.144 0.631 0.267
154.960 20 0.564 0.142 0.634 0.264
155.000 20 0.566 0.139 0.633 0.258
155.040 20 0.569 0.136 0.634 0.253
155.080 20 0.569 0.136 0.636 0.256
155.120 20 0.570 0.139 0.636 0.256
155.160 20 0.572 0.139 0.637 0.258
155.200 20 0.572 0.144 0.637 0.261
155.240 20 0.573 0.147 0.641 0.264
155.280 20 0.573 0.150 0.641 0.269
155.320 20 0.577 0.153 0.642 0.272
155.360 20 0.577 0.156 0.645 0.275
158.000 21 0.188 0.197 0.305 0.403
158.040 21 0.198 0.200 0.314 0.406
158.080 21 0.197 0.200 0.312 0.406
158.120 21 0.200 0.203 0.316 0.408
158.160 21 0.198 0.203 0.314 0.408
158.200 21 0.202 0.203 0.317 0.408
158.240 21 0.202 0.203 0.317 0.408
158.280 21 0.198 0.203 0.314 0.408
158.320 21 0.202 0.203 0.317 0.406
158.360 21 0.200 0.200 0.316 0.406
158.400 21 0.205 0.200 0.320 0.403
158.440 21 0.203 0.197 0.319 0.403
158.480 21 0.205 0.200 0.320 0.403
158.520 21 0.206 0.200 0.320 0.400
158.560 21 0.203 0.197 0.317 0.397
158.600 21 0.203 0.197 0.316 0.394
158.640 21 0.197 0.197 0.309 0.394
158.680 21 0.197 0.197 0.306 0.392
158.720 21 0.191 0.197 0.300 0.389
158.760 21 0.186 0.200 0.295 0.392
158.800 21 0.183 0.203 0.287 0.389
158.840 21 0.175 0.208 0.278 0.389
158.880 21 0.167 0.206 0.270 0.389
158.920 21 0.159 0.208 0.261 0.389
158.960 21 0.150 0.214 0.252 0.392
159.000 21 0.145 0.222 0.242 0.394
159.040 21 0.134 0.225 0.230 0.394
159.080 21 0.119 0.228 0.217 0.403
159.120 21 0.106 0.231 0.202 0.397
159.160 21 0.092 0.233 0.184 0.397
159.200 21 0.075 0.236 0.167 0.400
159.240 21 0.058 0.236 0.148 0.397
159.280 21 0.041 0.236 0.131 0.400
159.320 21 0.027 0.236 0.116 0.394
159.360 21 0.009 0.236 0.098 0.392
159.400 21 -0.006 0.236 0.081 0.394
159.440 21 -0.023 0.239 0.066 0.397
159.480 21 -0.039 0.239 0.052 0.400
158.760 22 0.900 0.039 1.053 0.317
158.800 22 0.880 0.044 1.030 0.317
158.840 22 0.864 0.053 1.009 0.314
158.880 22 0.847 0.050 0.992 0.311
158.920 22 0.828 0.056 0.969 0.311
158.960 22 0.806 0.067 0.945 0.317
159.000 22 0.786 0.069 0.925 0.319
159.040 22 0.766 0.072 0.905 0.322
159.080 22 0.745 0.083 0.880 0.328
159.120 22 0.723 0.089 0.856 0.328
159.160 22 0.702 0.092 0.834 0.331
159.200 22 0.680 0.097 0.811 0.331
159.240 22 0.662 0.100 0.791 0.333
159.280 22 0.642 0.103 0.767 0.325
159.320 22 0.623 0.100 0.745 0.322
159.360 22 0.606 0.106 0.727 0.322
159.400 22 0.586 0.103 0.706 0.319
159.440 22 0.570 0.114 0.688 0.325
159.480 22 0.553 0.117 0.670 0.325
159.520 22 0.537 0.125 0.653 0.331
159.560 22 0.520 0.128 0.633 0.331
159.600 22 0.506 0.131 0.619 0.333
159.640 22 0.503 0.147 0.609 0.336
159.680 22 0.497 0.147 0.602 0.339
159.720 22 0.489 0.153 0.594 0.342
159.760 22 0.481 0.156 0.584 0.342
159.800 22 0.470 0.158 0.573 0.344
159.840 22 0.461 0.161 0.564 0.344
159.880 22 0.452 0.167 0.553 0.347
159.920 22 0.441 0.169 0.542 0.350
159.960 22 0.431 0.172 0.531 0.350
160.000 22 0.427 0.183 0.523 0.356
160.040 22 0.419 0.189 0.505 0.342
160.080 22 0.409 0.194 0.495 0.347
160.120 22 0.400 0.200 0.483 0.347
160.160 22 0.392 0.206 0.475 0.350
160.200 22 0.386 0.214 0.466 0.356
160.240 22 0.378 0.219 0.459 0.364
160.280 22 0.372 0.228 0.453 0.369
160.320 22 0.369 0.233 0.448 0.372
160.360 22 0.364 0.236 0.445 0.378
160.400 22 0.362 0.242 0.441 0.378
160.440 22 0.362 0.242 0.441 0.381
160.480 22 0.359 0.244 0.438 0.381
160.520 22 0.361 0.244 0.439 0.383
160.560 22 0.359 0.244 0.438 0.381
160.600 22 0.359 0.242 0.438 0.378
160.640 22 0.359 0.242 0.436 0.375
160.680 22 0.358 0.242 0.434 0.375
160.720 22 0.356 0.239 0.433 0.375
160.760 22 0.356 0.239 0.433 0.372
160.800 22 0.355 0.236 0.431 0.372
160.840 22 0.355 0.236 0.431 0.372
160.880 22 0.353 0.236 0.430 0.369
160.920 22 0.355 0.233 0.431 0.369
160.960 22 0.355 0.233 0.431 0.367
161.000 22 0.355 0.233 0.423 0.353
161.040 22 0.359 0.228 0.428 0.350
161.080 22 0.361 0.225 0.430 0.344
161.120 22 0.364 0.222 0.431 0.339
161.160 22 0.364 0.219 0.431 0.339
161.200 22 0.366 0.219 0.433 0.339
161.240 22 0.366 0.219 0.433 0.339
161.280 22 0.366 0.219 0.434 0.339
161.320 22 0.366 0.219 0.434 0.339
161.360 22 0.367 0.217 0.434 0.336
161.400 22 0.367 0.214 0.436 0.333
161.440 22 0.369 0.211 0.436 0.331
161.480 22 0.369 0.211 0.438 0.331
161.520 22 0.370 0.208 0.438 0.328
161.560 22 0.370 0.211 0.439 0.331
161.600 22 0.369 0.208 0.438 0.331
161.640 22 0.370 0.208 0.439 0.328
161.680 22 0.370 0.208 0.438 0.328
161.720 22 0.369 0.208 0.438 0.328
161.760 22 0.370 0.208 0.438 0.328
161.800 22 0.369 0.208 0.436 0.328
161.840 22 0.372 0.208 0.439 0.325
161.880 22 0.370 0.206 0.438 0.322
161.920 22 0.373 0.206 0.441 0.322
161.960 22 0.372 0.206 0.439 0.322
162.000 22 0.378 0.206 0.445 0.325
162.040 22 0.378 0.200 0.452 0.331
162.080 22 0.378 0.200 0.452 0.333
162.120 22 0.380 0.203 0.453 0.333
162.160 22 0.381 0.203 0.455 0.333
162.200 22 0.381 0.203 0.455 0.331
162.240 22 0.381 0.200 0.455 0.331
162.280 22 0.383 0.197 0.455 0.325
162.320 22 0.386 0.194 0.458 0.325
162.360 22 0.384 0.192 0.458 0.322
162.400 22 0.386 0.192 0.461 0.322
162.440 22 0.386 0.189 0.459 0.319
162.480 22 0.388 0.189 0.463 0.319
162.520 22 0.389 0.189 0.463 0.319
162.560 22 0.391 0.189 0.464 0.319
162.600 22 0.391 0.189 0.464 0.319
162.640 22 0.391 0.189 0.464 0.319
162.680 22 0.391 0.189 0.464 0.319
162.720 22 0.391 0.189 0.464 0.319
162.760 22 0.392 0.192 0.466 0.322
162.800 22 0.389 0.192 0.463 0.322
162.840 22 0.389 0.192 0.463 0.322
162.880 22 0.388 0.192 0.461 0.322
162.920 22 0.386 0.192 0.461 0.322
162.960 22 0.386 0.192 0.459 0.322
163.000 22 0.381 0.183 0.463 0.328
163.040 22 0.381 0.183 0.463 0.328
163.080 22 0.383 0.183 0.464 0.328
163.120 22 0.381 0.181 0.464 0.328
163.160 22 0.384 0.181 0.466 0.328
163.200 22 0.384 0.183 0.464 0.325
163.240 22 0.384 0.183 0.464 0.325
163.280 22 0.384 0.183 0.464 0.325
163.320 22 0.384 0.183 0.464 0.325
163.360 22 0.386 0.181 0.467 0.325
163.400 22 0.386 0.181 0.466 0.322
163.440 22 0.391 0.181 0.470 0.322
163.480 22 0.389 0.178 0.470 0.322
163.520 22 0.392 0.178 0.473 0.322
163.560 22 0.391 0.178 0.472 0.322
163.600 22 0.389 0.178 0.469 0.322
163.640 22 0.391 0.181 0.472 0.322
163.680 22 0.391 0.178 0.470 0.322
163.720 22 0.392 0.178 0.472 0.322
163.760 22 0.391 0.178 0.472 0.319
163.800 22 0.394 0.178 0.473 0.319
163.840 22 0.397 0.178 0.477 0.319
163.880 22 0.398 0.175 0.478 0.317
163.920 22 0.397 0.172 0.478 0.317
163.960 22 0.398 0.172 0.480 0.317
159.920 23 0.809 0.106 0.870 0.217
159.960 23 0.791 0.111 0.852 0.219
160.000 23 0.777 0.117 0.833 0.217
160.040 23 0.761 0.119 0.817 0.219
160.080 23 0.747 0.128 0.802 0.225
160.120 23 0.731 0.133 0.786 0.231
160.160 23 0.716 0.139 0.770 0.233
160.200 23 0.703 0.142 0.758 0.239
160.240 23 0.692 0.150 0.747 0.247
160.280 23 0.683 0.158 0.738 0.253
160.320 23 0.675 0.167 0.727 0.258
160.360 23 0.669 0.175 0.719 0.264
160.400 23 0.664 0.178 0.714 0.267
160.440 23 0.661 0.181 0.711 0.269
160.480 23 0.658 0.183 0.708 0.272
160.520 23 0.655 0.183 0.705 0.272
160.560 23 0.656 0.183 0.706 0.272
160.600 23 0.655 0.181 0.703 0.269
160.640 23 0.656 0.181 0.705 0.267
160.680 23 0.653 0.178 0.703 0.267
160.720 23 0.655 0.178 0.705 0.264
160.760 23 0.653 0.175 0.702 0.264
160.800 23 0.655 0.175 0.703 0.261
160.840 23 0.652 0.175 0.702 0.261
160.880 23 0.653 0.172 0.703 0.261
160.920 23 0.652 0.172 0.702 0.258
160.960 23 0.650 0.169 0.702 0.258
160.360 24 0.666 0.167 0.722 0.267
160.400 24 0.661 0.169 0.717 0.269
160.440 24 0.658 0.175 0.714 0.272
160.480 24 0.656 0.175 0.713 0.275
160.520 24 0.653 0.175 0.709 0.275
160.560 24 0.652 0.175 0.708 0.272
160.600 24 0.652 0.172 0.708 0.272
160.640 24 0.652 0.169 0.708 0.269
160.680 24 0.650 0.169 0.708 0.269
160.720 24 0.650 0.167 0.706 0.269
160.760 24 0.650 0.167 0.706 0.267
160.800 24 0.648 0.164 0.706 0.267
160.840 24 0.648 0.164 0.705 0.264
160.880 24 0.648 0.164 0.705 0.264
160.920 24 0.648 0.161 0.705 0.264
160.960 24 0.648 0.161 0.705 0.261
161.000 24 0.645 0.161 0.702 0.261
161.040 24 0.641 0.161 0.697 0.261
