31.720 0 0.425 0.222 0.630 0.586
31.760 0 0.431 0.225 0.634 0.583
31.800 0 0.428 0.222 0.630 0.583
31.840 0 0.434 0.222 0.636 0.581
31.880 0 0.428 0.219 0.633 0.583
31.920 0 0.436 0.222 0.637 0.581
31.960 0 0.431 0.222 0.633 0.581
32.000 0 0.438 0.222 0.639 0.581
32.040 0 0.436 0.225 0.639 0.583
32.080 0 0.439 0.225 0.639 0.581
32.120 0 0.439 0.222 0.641 0.581
32.160 0 0.441 0.222 0.642 0.581
32.200 0 0.444 0.222 0.647 0.581
32.240 0 0.441 0.219 0.647 0.586
32.280 0 0.441 0.222 0.642 0.581
32.320 0 0.445 0.222 0.650 0.586
32.360 0 0.442 0.222 0.642 0.581
32.400 0 0.445 0.222 0.650 0.586
32.440 0 0.441 0.222 0.644 0.583
32.480 0 0.442 0.225 0.647 0.589
32.520 0 0.441 0.225 0.642 0.583
32.560 0 0.442 0.225 0.645 0.586
32.600 0 0.441 0.225 0.644 0.583
32.640 0 0.439 0.225 0.641 0.586
32.680 0 0.441 0.225 0.642 0.583
32.720 0 0.441 0.225 0.642 0.583
32.760 0 0.441 0.222 0.642 0.583
32.800 0 0.439 0.222 0.642 0.581
32.840 0 0.439 0.219 0.642 0.581
32.880 0 0.439 0.219 0.642 0.581
32.920 0 0.439 0.219 0.642 0.581
32.960 0 0.439 0.219 0.642 0.581
33.000 0 0.438 0.222 0.639 0.581
33.040 0 0.417 0.203 0.639 0.597
33.080 0 0.416 0.203 0.637 0.594
33.120 0 0.416 0.200 0.637 0.592
33.160 0 0.416 0.200 0.637 0.592
33.200 0 0.416 0.197 0.637 0.589
33.240 0 0.414 0.194 0.636 0.586
33.280 0 0.414 0.192 0.636 0.583
33.320 0 0.412 0.189 0.636 0.583
33.360 0 0.411 0.186 0.634 0.581
33.400 0 0.411 0.186 0.634 0.581
33.440 0 0.411 0.186 0.634 0.581
33.480 0 0.406 0.178 0.633 0.581
33.520 0 0.411 0.181 0.637 0.583
33.560 0 0.405 0.181 0.631 0.583
33.600 0 0.408 0.183 0.634 0.583
33.640 0 0.409 0.186 0.630 0.581
33.680 0 0.408 0.186 0.631 0.581
33.720 0 0.409 0.189 0.628 0.578
33.760 0 0.406 0.189 0.627 0.578
33.800 0 0.408 0.189 0.628 0.578
33.840 0 0.406 0.192 0.625 0.578
33.880 0 0.408 0.192 0.628 0.578
33.920 0 0.409 0.189 0.628 0.578
33.960 0 0.409 0.189 0.630 0.581
34.000 0 0.391 0.172 0.633 0.600
34.040 0 0.414 0.186 0.641 0.586
34.080 0 0.412 0.186 0.639 0.589
34.120 0 0.419 0.186 0.647 0.589
34.160 0 0.414 0.186 0.641 0.586
34.200 0 0.416 0.189 0.644 0.589
34.240 0 0.411 0.192 0.633 0.583
34.280 0 0.414 0.192 0.637 0.586
34.320 0 0.412 0.192 0.634 0.586
34.360 0 0.412 0.194 0.634 0.589
34.400 0 0.414 0.194 0.636 0.589
34.440 0 0.414 0.194 0.636 0.589
34.480 0 0.419 0.197 0.642 0.592
34.520 0 0.411 0.197 0.633 0.589
34.560 0 0.416 0.200 0.636 0.589
34.600 0 0.408 0.200 0.628 0.592
34.640 0 0.406 0.200 0.627 0.589
34.680 0 0.405 0.200 0.627 0.592
34.720 0 0.400 0.203 0.617 0.589
34.760 0 0.398 0.197 0.620 0.589
34.800 0 0.406 0.200 0.627 0.592
34.840 0 0.405 0.197 0.628 0.594
34.880 0 0.416 0.194 0.642 0.597
34.920 0 0.412 0.194 0.639 0.597
34.960 0 0.419 0.200 0.644 0.597
35.000 0 0.438 0.222 0.639 0.581
35.040 0 0.419 0.197 0.644 0.594
35.080 0 0.416 0.200 0.639 0.597
35.120 0 0.414 0.203 0.637 0.597
35.160 0 0.411 0.203 0.634 0.597
35.200 0 0.409 0.203 0.633 0.597
35.240 0 0.409 0.203 0.631 0.594
35.280 0 0.409 0.200 0.631 0.594
35.320 0 0.408 0.197 0.631 0.592
35.360 0 0.408 0.194 0.631 0.592
35.400 0 0.406 0.194 0.631 0.592
35.440 0 0.406 0.192 0.630 0.589
35.480 0 0.406 0.192 0.630 0.586
35.520 0 0.406 0.192 0.628 0.583
35.560 0 0.406 0.189 0.628 0.583
35.600 0 0.406 0.189 0.628 0.583
35.640 0 0.405 0.186 0.628 0.583
35.680 0 0.405 0.186 0.630 0.583
35.720 0 0.402 0.186 0.630 0.589
35.760 0 0.402 0.186 0.627 0.586
35.800 0 0.405 0.189 0.630 0.586
35.840 0 0.406 0.194 0.627 0.583
35.880 0 0.406 0.194 0.628 0.592
35.920 0 0.400 0.194 0.622 0.586
35.960 0 0.408 0.197 0.628 0.589
36.000 0 0.391 0.172 0.633 0.600
36.040 0 0.388 0.183 0.625 0.606
36.080 0 0.392 0.186 0.630 0.606
36.120 0 0.388 0.189 0.623 0.606
36.160 0 0.392 0.192 0.625 0.606
36.200 0 0.386 0.183 0.625 0.603
36.240 0 0.392 0.183 0.630 0.600
36.280 0 0.389 0.178 0.627 0.597
36.320 0 0.388 0.169 0.630 0.600
36.360 0 0.389 0.169 0.630 0.594
36.400 0 0.391 0.169 0.630 0.592
36.440 0 0.389 0.164 0.633 0.592
36.480 0 0.389 0.161 0.633 0.592
36.520 0 0.391 0.161 0.634 0.592
36.560 0 0.384 0.161 0.628 0.589
36.600 0 0.398 0.169 0.634 0.586
36.640 0 0.394 0.161 0.634 0.586
36.680 0 0.391 0.164 0.631 0.586
36.720 0 0.397 0.164 0.636 0.586
36.760 0 0.392 0.161 0.633 0.586
36.800 0 0.392 0.161 0.636 0.592
36.840 0 0.391 0.158 0.637 0.594
36.880 0 0.391 0.158 0.637 0.594
36.920 0 0.391 0.161 0.637 0.597
36.960 0 0.391 0.161 0.637 0.597
37.000 0 0.391 0.172 0.633 0.600
37.040 0 0.388 0.169 0.630 0.597
37.080 0 0.394 0.172 0.634 0.597
37.120 0 0.392 0.178 0.631 0.600
37.160 0 0.398 0.178 0.639 0.603
37.200 0 0.397 0.181 0.636 0.603
37.240 0 0.398 0.181 0.637 0.603
37.280 0 0.403 0.175 0.647 0.606
37.320 0 0.398 0.172 0.644 0.606
37.360 0 0.403 0.169 0.652 0.606
37.400 0 0.398 0.167 0.647 0.606
37.440 0 0.405 0.167 0.653 0.606
37.480 0 0.403 0.169 0.650 0.606
37.520 0 0.395 0.169 0.644 0.606
37.560 0 0.403 0.169 0.652 0.608
37.600 0 0.397 0.169 0.644 0.608
37.640 0 0.403 0.172 0.652 0.608
37.680 0 0.395 0.167 0.645 0.608
37.720 0 0.395 0.167 0.644 0.608
37.760 0 0.394 0.167 0.644 0.608
37.800 0 0.395 0.172 0.639 0.603
37.840 0 0.392 0.169 0.641 0.606
37.880 0 0.392 0.169 0.639 0.606
37.920 0 0.389 0.169 0.637 0.606
37.960 0 0.392 0.169 0.639 0.606
38.000 0 0.391 0.172 0.633 0.600
38.040 0 0.391 0.175 0.630 0.600
38.080 0 0.392 0.183 0.630 0.603
38.120 0 0.384 0.181 0.623 0.603
38.160 0 0.392 0.186 0.628 0.603
38.200 0 0.388 0.181 0.628 0.606
38.240 0 0.389 0.178 0.630 0.603
38.280 0 0.388 0.169 0.633 0.603
38.320 0 0.389 0.167 0.636 0.603
38.360 0 0.389 0.161 0.639 0.603
38.400 0 0.391 0.156 0.644 0.600
38.440 0 0.394 0.156 0.644 0.597
38.480 0 0.392 0.150 0.647 0.600
38.520 0 0.392 0.147 0.648 0.600
38.560 0 0.394 0.147 0.650 0.597
38.600 0 0.397 0.147 0.652 0.600
38.640 0 0.391 0.150 0.642 0.594
38.680 0 0.394 0.158 0.642 0.597
38.720 0 0.386 0.158 0.634 0.597
38.760 0 0.383 0.158 0.633 0.600
38.800 0 0.383 0.167 0.627 0.597
38.840 0 0.380 0.167 0.625 0.600
38.880 0 0.378 0.169 0.625 0.603
38.920 0 0.378 0.169 0.627 0.608
38.960 0 0.377 0.164 0.630 0.614
39.000 0 0.391 0.172 0.633 0.600
39.040 0 0.397 0.169 0.639 0.600
39.080 0 0.394 0.169 0.636 0.600
39.120 0 0.392 0.169 0.637 0.603
39.160 0 0.386 0.164 0.639 0.611
39.200 0 0.391 0.178 0.633 0.606
39.240 0 0.384 0.169 0.634 0.611
39.280 0 0.389 0.183 0.628 0.606
39.320 0 0.383 0.175 0.631 0.614
39.360 0 0.386 0.186 0.625 0.606
39.400 0 0.384 0.183 0.623 0.606
39.440 0 0.388 0.183 0.628 0.608
39.480 0 0.380 0.181 0.620 0.606
39.520 0 0.381 0.178 0.627 0.611
39.560 0 0.388 0.181 0.630 0.606
39.600 0 0.378 0.178 0.620 0.606
39.640 0 0.389 0.178 0.630 0.606
39.680 0 0.378 0.175 0.622 0.606
39.720 0 0.389 0.178 0.631 0.606
39.760 0 0.378 0.172 0.623 0.603
39.800 0 0.389 0.175 0.631 0.603
39.840 0 0.380 0.169 0.623 0.600
39.880 0 0.391 0.175 0.633 0.603
39.920 0 0.388 0.178 0.625 0.597
39.960 0 0.386 0.169 0.630 0.600
40.000 0 0.391 0.172 0.633 0.600
40.040 0 0.416 0.208 0.634 0.594
40.080 0 0.420 0.203 0.642 0.597
40.120 0 0.419 0.206 0.637 0.597
40.160 0 0.425 0.208 0.644 0.597
40.200 0 0.422 0.208 0.641 0.597
40.240 0 0.422 0.206 0.644 0.603
40.280 0 0.422 0.211 0.642 0.600
40.320 0 0.425 0.211 0.644 0.600
40.360 0 0.420 0.208 0.644 0.603
40.400 0 0.419 0.206 0.641 0.597
40.440 0 0.419 0.200 0.641 0.594
40.480 0 0.416 0.194 0.639 0.594
40.520 0 0.420 0.194 0.645 0.592
40.560 0 0.416 0.189 0.641 0.592
40.600 0 0.417 0.189 0.644 0.589
40.640 0 0.420 0.186 0.647 0.586
40.680 0 0.417 0.183 0.642 0.583
40.720 0 0.416 0.183 0.644 0.586
40.760 0 0.416 0.186 0.644 0.589
40.800 0 0.416 0.183 0.645 0.586
40.840 0 0.416 0.183 0.644 0.589
40.880 0 0.416 0.183 0.644 0.589
40.920 0 0.412 0.183 0.641 0.589
40.960 0 0.416 0.186 0.644 0.589
41.000 0 0.438 0.222 0.639 0.581
41.040 0 0.420 0.194 0.641 0.589
41.080 0 0.420 0.194 0.642 0.589
41.120 0 0.420 0.197 0.642 0.589
41.160 0 0.422 0.197 0.642 0.589
41.200 0 0.422 0.197 0.644 0.589
41.240 0 0.422 0.197 0.644 0.589
41.280 0 0.423 0.197 0.644 0.589
41.320 0 0.423 0.197 0.645 0.589
41.360 0 0.423 0.197 0.645 0.589
41.400 0 0.425 0.197 0.647 0.589
41.440 0 0.425 0.197 0.647 0.589
41.480 0 0.425 0.197 0.647 0.589
41.520 0 0.425 0.200 0.647 0.592
41.560 0 0.427 0.200 0.647 0.592
41.600 0 0.427 0.200 0.647 0.592
41.640 0 0.430 0.203 0.648 0.592
41.680 0 0.423 0.203 0.642 0.592
41.720 0 0.425 0.203 0.645 0.592
41.760 0 0.427 0.206 0.645 0.592
41.800 0 0.423 0.203 0.644 0.594
41.840 0 0.420 0.203 0.642 0.594
41.880 0 0.416 0.203 0.637 0.594
41.920 0 0.416 0.200 0.637 0.594
41.960 0 0.412 0.203 0.633 0.594
42.000 0 0.391 0.172 0.633 0.600
42.040 0 0.402 0.189 0.628 0.589
42.080 0 0.408 0.192 0.631 0.589
42.120 0 0.403 0.197 0.619 0.581
42.160 0 0.411 0.200 0.625 0.578
42.200 0 0.408 0.200 0.620 0.575
42.240 0 0.419 0.200 0.630 0.572
42.280 0 0.420 0.200 0.634 0.578
42.320 0 0.420 0.200 0.634 0.578
42.360 0 0.423 0.200 0.637 0.578
42.400 0 0.423 0.203 0.637 0.581
42.440 0 0.422 0.206 0.633 0.581
42.480 0 0.419 0.206 0.633 0.583
42.520 0 0.417 0.206 0.630 0.581
42.560 0 0.416 0.208 0.627 0.583
42.600 0 0.414 0.208 0.625 0.583
42.640 0 0.411 0.208 0.622 0.583
42.680 0 0.416 0.211 0.625 0.581
42.720 0 0.409 0.211 0.619 0.581
42.760 0 0.414 0.214 0.620 0.581
42.800 0 0.408 0.211 0.616 0.581
42.840 0 0.412 0.217 0.617 0.578
42.880 0 0.405 0.217 0.609 0.578
42.920 0 0.409 0.217 0.614 0.578
42.960 0 0.405 0.217 0.608 0.578
43.000 0 0.416 0.222 0.617 0.581
43.040 0 0.398 0.203 0.616 0.586
43.080 0 0.400 0.203 0.617 0.586
43.120 0 0.398 0.206 0.613 0.583
43.160 0 0.402 0.203 0.619 0.586
43.200 0 0.398 0.208 0.609 0.581
43.240 0 0.398 0.206 0.613 0.586
43.280 0 0.397 0.206 0.609 0.583
43.320 0 0.400 0.208 0.614 0.586
43.360 0 0.397 0.203 0.614 0.586
43.400 0 0.400 0.203 0.616 0.586
43.440 0 0.394 0.200 0.614 0.589
43.480 0 0.402 0.200 0.619 0.586
43.520 0 0.398 0.200 0.617 0.586
43.560 0 0.398 0.197 0.619 0.589
43.600 0 0.400 0.197 0.620 0.586
43.640 0 0.400 0.194 0.622 0.589
43.680 0 0.402 0.192 0.625 0.586
43.720 0 0.403 0.192 0.628 0.589
43.760 0 0.405 0.192 0.630 0.592
43.800 0 0.408 0.192 0.633 0.589
43.840 0 0.409 0.192 0.634 0.592
43.880 0 0.414 0.200 0.636 0.592
43.920 0 0.412 0.192 0.637 0.592
43.960 0 0.414 0.192 0.641 0.594
44.000 0 0.391 0.172 0.633 0.600
44.040 0 0.398 0.192 0.627 0.597
44.080 0 0.400 0.197 0.625 0.594
44.120 0 0.398 0.194 0.622 0.592
44.160 0 0.397 0.197 0.619 0.589
44.200 0 0.395 0.194 0.616 0.586
44.240 0 0.397 0.192 0.619 0.583
44.280 0 0.394 0.192 0.613 0.581
44.320 0 0.398 0.189 0.619 0.581
44.360 0 0.395 0.189 0.616 0.578
44.400 0 0.397 0.186 0.620 0.581
44.440 0 0.395 0.186 0.619 0.581
44.480 0 0.397 0.183 0.620 0.583
44.520 0 0.402 0.186 0.627 0.583
44.560 0 0.400 0.183 0.623 0.581
44.600 0 0.405 0.181 0.633 0.583
44.640 0 0.400 0.181 0.625 0.578
44.680 0 0.405 0.183 0.628 0.581
44.720 0 0.408 0.186 0.630 0.581
44.760 0 0.400 0.186 0.627 0.586
44.800 0 0.406 0.189 0.630 0.583
44.840 0 0.400 0.189 0.625 0.586
44.880 0 0.405 0.194 0.628 0.586
44.920 0 0.398 0.194 0.622 0.589
44.960 0 0.403 0.197 0.625 0.589
45.000 0 0.416 0.222 0.617 0.581
45.040 0 0.417 0.222 0.620 0.581
45.080 0 0.420 0.225 0.620 0.581
45.120 0 0.416 0.222 0.617 0.581
45.160 0 0.419 0.222 0.620 0.581
45.200 0 0.414 0.222 0.617 0.581
45.240 0 0.417 0.222 0.619 0.581
45.280 0 0.417 0.222 0.617 0.581
45.320 0 0.416 0.222 0.617 0.581
45.360 0 0.416 0.222 0.617 0.581
45.400 0 0.416 0.222 0.617 0.581
45.440 0 0.416 0.222 0.617 0.581
45.480 0 0.416 0.222 0.617 0.581
45.520 0 0.416 0.222 0.616 0.581
45.560 0 0.414 0.222 0.616 0.581
45.600 0 0.414 0.222 0.616 0.578
45.640 0 0.414 0.222 0.616 0.578
45.680 0 0.416 0.222 0.617 0.581
45.720 0 0.411 0.222 0.611 0.578
45.760 0 0.416 0.222 0.616 0.578
45.800 0 0.409 0.222 0.609 0.578
45.840 0 0.414 0.225 0.614 0.581
45.880 0 0.409 0.225 0.609 0.578
45.920 0 0.411 0.222 0.611 0.578
45.960 0 0.408 0.222 0.608 0.578
46.000 0 0.416 0.222 0.617 0.581
46.040 0 0.397 0.203 0.617 0.592
46.080 0 0.397 0.203 0.617 0.592
46.120 0 0.397 0.203 0.617 0.592
46.160 0 0.397 0.203 0.617 0.592
46.200 0 0.397 0.203 0.617 0.592
46.240 0 0.397 0.203 0.617 0.592
46.280 0 0.397 0.203 0.616 0.592
46.320 0 0.397 0.203 0.616 0.592
46.360 0 0.395 0.200 0.616 0.592
46.400 0 0.395 0.200 0.616 0.589
46.440 0 0.395 0.200 0.614 0.589
46.480 0 0.392 0.200 0.611 0.589
46.520 0 0.389 0.203 0.606 0.586
46.560 0 0.388 0.203 0.603 0.583
46.600 0 0.386 0.203 0.602 0.586
46.640 0 0.386 0.206 0.602 0.586
46.680 0 0.386 0.206 0.603 0.589
46.720 0 0.388 0.203 0.605 0.589
46.760 0 0.389 0.203 0.609 0.592
46.800 0 0.386 0.200 0.606 0.592
46.840 0 0.384 0.200 0.606 0.594
46.880 0 0.391 0.203 0.609 0.592
46.920 0 0.391 0.203 0.611 0.592
46.960 0 0.391 0.200 0.616 0.594
47.000 0 0.397 0.203 0.616 0.592
47.040 0 0.398 0.203 0.619 0.594
47.080 0 0.406 0.200 0.627 0.589
47.120 0 0.416 0.203 0.634 0.589
47.160 0 0.427 0.197 0.642 0.581
47.200 0 0.428 0.194 0.648 0.586
47.240 0 0.434 0.194 0.655 0.586
47.280 0 0.441 0.192 0.662 0.583
47.320 0 0.439 0.192 0.659 0.581
47.360 0 0.445 0.189 0.667 0.583
47.400 0 0.441 0.189 0.661 0.581
47.440 0 0.442 0.186 0.666 0.583
47.480 0 0.445 0.189 0.669 0.583
47.520 0 0.441 0.189 0.662 0.581
47.560 0 0.439 0.189 0.661 0.581
47.600 0 0.431 0.192 0.652 0.583
47.640 0 0.423 0.194 0.642 0.581
47.680 0 0.416 0.197 0.634 0.586
47.720 0 0.408 0.197 0.630 0.586
47.760 0 0.412 0.203 0.628 0.583
47.800 0 0.405 0.200 0.623 0.586
47.840 0 0.406 0.200 0.625 0.589
47.880 0 0.403 0.194 0.630 0.594
47.920 0 0.408 0.197 0.630 0.589
47.960 0 0.406 0.192 0.631 0.589
48.000 0 0.391 0.172 0.633 0.600
48.040 0 0.400 0.172 0.641 0.600
48.080 0 0.394 0.172 0.636 0.600
48.120 0 0.394 0.167 0.644 0.606
48.160 0 0.395 0.169 0.637 0.597
48.200 0 0.395 0.169 0.636 0.594
48.240 0 0.395 0.169 0.634 0.594
48.280 0 0.394 0.169 0.634 0.594
48.320 0 0.392 0.169 0.631 0.594
48.360 0 0.391 0.169 0.630 0.592
48.400 0 0.389 0.169 0.628 0.592
48.440 0 0.388 0.167 0.627 0.589
48.480 0 0.388 0.167 0.625 0.589
48.520 0 0.386 0.167 0.625 0.586
48.560 0 0.386 0.164 0.623 0.586
48.600 0 0.386 0.164 0.623 0.583
48.640 0 0.384 0.164 0.622 0.583
48.680 0 0.384 0.164 0.622 0.583
48.720 0 0.384 0.164 0.622 0.583
48.760 0 0.384 0.164 0.620 0.583
48.800 0 0.381 0.161 0.622 0.586
48.840 0 0.381 0.164 0.620 0.586
48.880 0 0.378 0.161 0.619 0.589
48.920 0 0.383 0.164 0.625 0.592
48.960 0 0.378 0.167 0.622 0.597
49.000 0 0.391 0.172 0.633 0.600
49.040 0 0.403 0.197 0.631 0.603
49.080 0 0.403 0.203 0.631 0.608
49.120 0 0.412 0.203 0.641 0.608
49.160 0 0.411 0.206 0.639 0.611
49.200 0 0.416 0.208 0.647 0.614
49.240 0 0.412 0.214 0.633 0.606
49.280 0 0.419 0.217 0.641 0.608
49.320 0 0.408 0.211 0.628 0.603
49.360 0 0.409 0.208 0.630 0.600
49.400 0 0.402 0.206 0.622 0.597
49.440 0 0.405 0.203 0.625 0.592
49.480 0 0.398 0.203 0.616 0.589
49.520 0 0.402 0.200 0.620 0.586
49.560 0 0.397 0.194 0.617 0.586
49.600 0 0.394 0.192 0.616 0.586
49.640 0 0.395 0.189 0.619 0.589
49.680 0 0.392 0.192 0.614 0.586
49.720 0 0.389 0.189 0.614 0.586
49.760 0 0.391 0.192 0.613 0.586
49.800 0 0.388 0.192 0.613 0.589
49.840 0 0.389 0.194 0.609 0.586
49.880 0 0.388 0.194 0.608 0.586
49.920 0 0.388 0.197 0.606 0.586
49.960 0 0.386 0.197 0.606 0.589
50.000 0 0.392 0.222 0.594 0.581
50.040 0 0.388 0.225 0.589 0.583
50.080 0 0.392 0.228 0.592 0.583
50.120 0 0.388 0.228 0.588 0.583
50.160 0 0.389 0.231 0.589 0.586
50.200 0 0.389 0.231 0.591 0.586
50.240 0 0.389 0.231 0.591 0.586
50.280 0 0.389 0.231 0.589 0.586
50.320 0 0.391 0.231 0.591 0.586
50.360 0 0.389 0.231 0.589 0.586
50.400 0 0.392 0.231 0.592 0.586
50.440 0 0.392 0.231 0.592 0.586
50.480 0 0.395 0.231 0.595 0.586
50.520 0 0.397 0.233 0.594 0.583
50.560 0 0.400 0.231 0.598 0.583
50.600 0 0.398 0.231 0.597 0.586
50.640 0 0.406 0.231 0.606 0.586
50.680 0 0.414 0.231 0.614 0.583
50.720 0 0.422 0.228 0.620 0.581
50.760 0 0.431 0.225 0.627 0.572
50.800 0 0.434 0.222 0.636 0.581
50.840 0 0.438 0.219 0.639 0.581
50.880 0 0.439 0.219 0.642 0.581
50.920 0 0.442 0.219 0.645 0.581
50.960 0 0.439 0.217 0.644 0.581
51.000 0 0.438 0.222 0.639 0.581
51.040 0 0.436 0.228 0.634 0.581
51.080 0 0.428 0.225 0.628 0.578
51.120 0 0.423 0.225 0.622 0.581
51.160 0 0.423 0.225 0.623 0.581
51.200 0 0.419 0.228 0.617 0.583
51.240 0 0.408 0.222 0.611 0.583
51.280 0 0.409 0.228 0.611 0.583
51.320 0 0.402 0.225 0.605 0.586
51.360 0 0.395 0.225 0.598 0.589
51.400 0 0.397 0.231 0.598 0.589
51.440 0 0.389 0.231 0.592 0.592
51.480 0 0.381 0.231 0.586 0.594
51.520 0 0.383 0.233 0.586 0.597
51.560 0 0.375 0.233 0.581 0.600
51.600 0 0.369 0.236 0.575 0.603
51.640 0 0.369 0.236 0.578 0.608
51.680 0 0.364 0.242 0.570 0.608
51.720 0 0.364 0.244 0.573 0.614
51.760 0 0.358 0.247 0.566 0.617
51.800 0 0.359 0.247 0.570 0.619
51.840 0 0.355 0.250 0.561 0.617
51.880 0 0.356 0.250 0.566 0.622
51.920 0 0.350 0.250 0.558 0.619
51.960 0 0.352 0.253 0.561 0.625
52.000 0 0.348 0.261 0.550 0.619
52.040 0 0.328 0.247 0.556 0.653
52.080 0 0.336 0.253 0.564 0.658
52.120 0 0.328 0.253 0.553 0.656
52.160 0 0.336 0.253 0.561 0.653
52.200 0 0.333 0.253 0.558 0.653
52.240 0 0.341 0.256 0.564 0.653
52.280 0 0.341 0.253 0.564 0.650
52.320 0 0.347 0.256 0.569 0.650
52.360 0 0.350 0.256 0.572 0.647
52.400 0 0.356 0.250 0.577 0.644
52.440 0 0.364 0.247 0.581 0.636
52.480 0 0.367 0.247 0.584 0.633
52.520 0 0.370 0.244 0.586 0.628
52.560 0 0.375 0.242 0.589 0.625
52.600 0 0.377 0.242 0.589 0.619
52.640 0 0.378 0.239 0.592 0.619
52.680 0 0.380 0.239 0.591 0.617
52.720 0 0.381 0.239 0.595 0.617
52.760 0 0.377 0.236 0.594 0.619
52.800 0 0.377 0.236 0.592 0.619
52.840 0 0.375 0.239 0.586 0.614
52.880 0 0.383 0.242 0.594 0.617
52.920 0 0.377 0.239 0.586 0.614
52.960 0 0.377 0.233 0.592 0.617
53.000 0 0.364 0.219 0.606 0.650
53.040 0 0.378 0.214 0.603 0.611
53.080 0 0.380 0.214 0.602 0.611
53.120 0 0.377 0.214 0.600 0.611
53.160 0 0.380 0.214 0.602 0.608
53.200 0 0.383 0.217 0.600 0.603
53.240 0 0.381 0.211 0.606 0.611
53.280 0 0.381 0.211 0.606 0.611
53.320 0 0.386 0.211 0.613 0.614
53.360 0 0.380 0.211 0.606 0.614
53.400 0 0.381 0.214 0.609 0.617
53.440 0 0.372 0.211 0.603 0.622
53.480 0 0.378 0.219 0.603 0.619
53.520 0 0.372 0.222 0.597 0.622
53.560 0 0.380 0.225 0.603 0.622
53.600 0 0.380 0.228 0.600 0.617
53.640 0 0.384 0.228 0.602 0.614
53.680 0 0.384 0.222 0.606 0.617
53.720 0 0.388 0.222 0.609 0.617
53.760 0 0.384 0.222 0.605 0.614
53.800 0 0.391 0.225 0.613 0.619
53.840 0 0.386 0.222 0.606 0.617
53.880 0 0.383 0.225 0.605 0.617
53.920 0 0.383 0.225 0.603 0.617
53.960 0 0.380 0.225 0.602 0.619
54.000 0 0.392 0.222 0.594 0.581
54.040 0 0.381 0.219 0.583 0.575
54.080 0 0.381 0.219 0.584 0.581
54.120 0 0.372 0.219 0.573 0.578
54.160 0 0.373 0.219 0.577 0.581
54.200 0 0.370 0.222 0.572 0.578
54.240 0 0.375 0.219 0.577 0.578
54.280 0 0.372 0.214 0.577 0.578
54.320 0 0.380 0.217 0.583 0.578
54.360 0 0.378 0.214 0.583 0.578
54.400 0 0.378 0.217 0.583 0.581
54.440 0 0.378 0.217 0.583 0.581
54.480 0 0.380 0.222 0.581 0.578
54.520 0 0.380 0.219 0.581 0.581
54.560 0 0.380 0.225 0.580 0.578
54.600 0 0.378 0.222 0.580 0.581
54.640 0 0.380 0.231 0.575 0.578
54.680 0 0.377 0.225 0.575 0.578
54.720 0 0.380 0.231 0.575 0.578
54.760 0 0.377 0.228 0.573 0.578
54.800 0 0.380 0.231 0.575 0.578
54.840 0 0.375 0.228 0.572 0.578
54.880 0 0.378 0.228 0.575 0.578
54.920 0 0.377 0.228 0.575 0.581
54.960 0 0.377 0.228 0.575 0.581
55.000 0 0.370 0.222 0.572 0.581
84.680 1 0.728 0.633 0.791 0.747
84.720 1 0.734 0.631 0.797 0.744
84.760 1 0.741 0.631 0.803 0.742
84.800 1 0.745 0.628 0.809 0.742
84.840 1 0.748 0.628 0.812 0.739
84.880 1 0.752 0.625 0.816 0.736
84.920 1 0.755 0.622 0.820 0.739
84.960 1 0.758 0.622 0.823 0.739
85.000 1 0.761 0.619 0.828 0.739
85.040 1 0.764 0.619 0.831 0.739
85.080 1 0.764 0.622 0.831 0.742
85.120 1 0.762 0.625 0.831 0.744
85.640 2 0.688 0.672 0.742 0.772
85.680 2 0.688 0.669 0.741 0.767
85.720 2 0.683 0.664 0.738 0.761
85.760 2 0.680 0.661 0.734 0.758
85.800 2 0.678 0.658 0.731 0.753
85.840 2 0.675 0.653 0.730 0.750
85.880 2 0.677 0.650 0.730 0.747
85.920 2 0.673 0.647 0.730 0.747
85.960 2 0.677 0.642 0.731 0.742
86.000 2 0.677 0.639 0.733 0.739
86.040 2 0.678 0.633 0.734 0.733
86.080 2 0.680 0.631 0.736 0.731
86.120 2 0.684 0.625 0.741 0.725
86.160 2 0.689 0.619 0.745 0.722
86.160 2 0.684 0.606 0.752 0.725
86.200 2 0.689 0.606 0.756 0.725
86.240 2 0.692 0.603 0.759 0.722
86.280 2 0.695 0.603 0.762 0.722
86.320 2 0.700 0.603 0.767 0.725
86.360 2 0.703 0.603 0.770 0.722
86.400 2 0.706 0.603 0.775 0.725
86.440 2 0.709 0.603 0.778 0.725
86.480 2 0.713 0.603 0.781 0.722
86.520 2 0.716 0.600 0.783 0.722
86.560 2 0.717 0.600 0.786 0.722
86.600 2 0.720 0.600 0.787 0.722
86.640 2 0.722 0.600 0.791 0.722
86.680 2 0.723 0.600 0.791 0.722
86.720 2 0.723 0.603 0.792 0.722
86.760 2 0.725 0.603 0.792 0.725
86.800 2 0.725 0.603 0.792 0.725
86.840 2 0.725 0.606 0.794 0.725
86.880 2 0.727 0.606 0.794 0.725
86.920 2 0.727 0.606 0.795 0.725
86.960 2 0.725 0.606 0.792 0.725
87.000 2 0.723 0.606 0.791 0.725
87.040 2 0.720 0.608 0.787 0.725
87.080 2 0.719 0.608 0.787 0.725
87.120 2 0.716 0.606 0.784 0.725
87.160 2 0.717 0.606 0.784 0.725
87.200 2 0.713 0.608 0.781 0.728
87.240 2 0.716 0.608 0.783 0.725
87.280 2 0.714 0.608 0.781 0.725
87.320 2 0.714 0.608 0.781 0.725
87.360 2 0.714 0.608 0.781 0.725
87.400 2 0.713 0.608 0.780 0.725
87.440 2 0.716 0.608 0.783 0.725
87.480 2 0.714 0.606 0.783 0.725
87.520 2 0.716 0.606 0.784 0.725
87.560 2 0.716 0.606 0.784 0.725
87.600 2 0.719 0.606 0.786 0.725
87.640 2 0.719 0.606 0.787 0.725
87.680 2 0.719 0.606 0.786 0.725
87.720 2 0.720 0.608 0.787 0.725
87.760 2 0.722 0.608 0.789 0.725
87.800 2 0.722 0.608 0.789 0.725
87.840 2 0.722 0.608 0.789 0.725
87.880 2 0.723 0.608 0.792 0.725
87.920 2 0.723 0.608 0.792 0.725
87.960 2 0.727 0.606 0.797 0.728
88.000 2 0.730 0.606 0.798 0.725
88.040 2 0.734 0.614 0.794 0.719
88.080 2 0.738 0.617 0.798 0.722
88.120 2 0.741 0.617 0.802 0.722
88.160 2 0.742 0.619 0.805 0.725
88.200 2 0.745 0.622 0.806 0.731
88.240 2 0.748 0.625 0.809 0.733
88.280 2 0.750 0.628 0.811 0.733
88.320 2 0.753 0.631 0.816 0.736
88.360 2 0.755 0.631 0.816 0.739
88.400 2 0.758 0.631 0.819 0.739
88.440 2 0.759 0.628 0.820 0.736
88.480 2 0.759 0.628 0.822 0.736
88.520 2 0.761 0.625 0.823 0.736
88.560 2 0.761 0.625 0.825 0.736
88.600 2 0.762 0.625 0.825 0.736
88.640 2 0.762 0.625 0.827 0.736
88.680 2 0.761 0.625 0.825 0.736
88.720 2 0.762 0.625 0.828 0.736
88.760 2 0.761 0.622 0.825 0.736
88.800 2 0.761 0.622 0.827 0.736
88.840 2 0.759 0.625 0.823 0.736
88.880 2 0.758 0.622 0.822 0.733
88.920 2 0.756 0.622 0.820 0.733
88.960 2 0.753 0.619 0.816 0.731
89.000 2 0.752 0.628 0.808 0.728
89.040 2 0.747 0.628 0.805 0.731
89.080 2 0.742 0.628 0.800 0.731
89.120 2 0.736 0.631 0.794 0.733
89.160 2 0.731 0.633 0.787 0.733
89.200 2 0.723 0.636 0.781 0.736
89.240 2 0.717 0.639 0.772 0.736
89.280 2 0.708 0.639 0.764 0.736
89.320 2 0.702 0.642 0.755 0.736
104.960 3 0.713 0.858 0.797 1.011
105.000 3 0.709 0.856 0.795 1.006
105.040 3 0.708 0.853 0.792 1.003
105.080 3 0.705 0.847 0.789 0.997
105.120 3 0.703 0.844 0.786 0.994
105.160 3 0.702 0.839 0.784 0.986
105.200 3 0.698 0.833 0.781 0.981
105.240 3 0.700 0.828 0.783 0.972
105.280 3 0.698 0.822 0.780 0.967
105.320 3 0.700 0.819 0.783 0.964
105.360 3 0.700 0.817 0.783 0.961
105.400 3 0.703 0.814 0.784 0.958
105.440 3 0.706 0.814 0.786 0.958
105.480 3 0.711 0.811 0.791 0.953
105.520 3 0.716 0.814 0.795 0.956
105.560 3 0.717 0.811 0.798 0.953
105.600 3 0.723 0.814 0.802 0.953
105.640 3 0.728 0.814 0.806 0.953
105.680 3 0.733 0.814 0.809 0.953
105.720 3 0.736 0.814 0.816 0.956
105.760 3 0.739 0.814 0.820 0.958
105.800 3 0.742 0.808 0.823 0.956
105.840 3 0.741 0.806 0.823 0.953
105.880 3 0.744 0.808 0.823 0.950
105.920 3 0.742 0.806 0.823 0.950
105.960 3 0.738 0.806 0.819 0.950
106.000 3 0.733 0.808 0.814 0.953
106.040 3 0.727 0.814 0.808 0.958
106.080 3 0.722 0.817 0.803 0.961
106.120 3 0.716 0.819 0.797 0.964
106.160 3 0.709 0.822 0.791 0.964
106.200 3 0.706 0.825 0.786 0.967
121.600 4 0.237 0.439 0.294 0.539
121.640 4 0.233 0.439 0.289 0.539
121.680 4 0.230 0.436 0.287 0.539
121.720 4 0.227 0.439 0.284 0.542
121.760 4 0.223 0.439 0.280 0.539
121.800 4 0.222 0.439 0.280 0.539
121.840 4 0.220 0.439 0.277 0.539
121.880 4 0.217 0.439 0.273 0.539
121.920 4 0.219 0.442 0.273 0.542
121.960 4 0.216 0.442 0.270 0.539
122.000 4 0.217 0.442 0.273 0.542
122.040 4 0.216 0.442 0.270 0.542
122.080 4 0.216 0.442 0.270 0.542
122.120 4 0.214 0.444 0.269 0.542
122.160 4 0.214 0.444 0.270 0.542
122.200 4 0.214 0.447 0.269 0.544
122.240 4 0.212 0.447 0.267 0.544
122.280 4 0.209 0.450 0.266 0.547
122.320 4 0.209 0.450 0.266 0.550
122.360 4 0.208 0.450 0.266 0.553
122.400 4 0.206 0.453 0.264 0.553
122.440 4 0.206 0.453 0.264 0.556
122.480 4 0.206 0.458 0.264 0.558
122.520 4 0.206 0.461 0.264 0.564
122.560 4 0.206 0.467 0.263 0.567
122.600 4 0.208 0.469 0.264 0.569
122.640 4 0.208 0.472 0.264 0.572
122.680 4 0.208 0.478 0.264 0.575
122.720 4 0.211 0.481 0.264 0.578
122.760 4 0.209 0.486 0.264 0.581
122.800 4 0.212 0.486 0.267 0.583
122.840 4 0.211 0.486 0.266 0.583
122.880 4 0.211 0.483 0.266 0.581
122.920 4 0.208 0.478 0.264 0.578
122.960 4 0.208 0.475 0.264 0.575
123.000 4 0.208 0.472 0.264 0.572
123.040 4 0.209 0.475 0.264 0.572
123.080 4 0.211 0.472 0.266 0.572
123.120 4 0.209 0.469 0.266 0.569
123.160 4 0.211 0.469 0.266 0.567
123.200 4 0.211 0.467 0.266 0.564
123.240 4 0.211 0.467 0.266 0.564
123.280 4 0.211 0.467 0.266 0.564
123.320 4 0.208 0.464 0.263 0.561
123.360 4 0.208 0.467 0.261 0.564
123.400 4 0.206 0.469 0.259 0.564
123.440 4 0.205 0.469 0.258 0.564
123.480 4 0.203 0.469 0.256 0.564
123.520 4 0.202 0.469 0.255 0.564
123.560 4 0.198 0.467 0.253 0.561
123.600 4 0.198 0.464 0.253 0.558
123.640 4 0.197 0.461 0.252 0.558
123.680 4 0.200 0.458 0.255 0.556
123.720 4 0.198 0.458 0.253 0.556
123.760 4 0.200 0.458 0.255 0.556
123.800 4 0.200 0.458 0.255 0.556
123.840 4 0.203 0.461 0.258 0.556
123.880 4 0.203 0.461 0.258 0.558
123.920 4 0.205 0.458 0.261 0.558
123.960 4 0.206 0.461 0.261 0.558
124.000 4 0.208 0.461 0.264 0.561
124.040 4 0.211 0.461 0.267 0.561
124.080 4 0.212 0.461 0.269 0.561
124.120 4 0.216 0.461 0.272 0.561
124.160 4 0.217 0.461 0.275 0.564
124.200 4 0.220 0.464 0.278 0.564
124.240 4 0.222 0.464 0.278 0.567
124.280 4 0.225 0.467 0.281 0.569
124.320 4 0.228 0.467 0.284 0.569
124.360 4 0.228 0.469 0.286 0.572
124.400 4 0.230 0.472 0.287 0.575
124.440 4 0.230 0.472 0.287 0.575
124.480 4 0.233 0.475 0.291 0.578
124.520 4 0.234 0.478 0.291 0.578
124.560 4 0.237 0.478 0.294 0.578
124.600 4 0.237 0.481 0.294 0.581
124.640 4 0.241 0.481 0.297 0.581
124.680 4 0.242 0.483 0.297 0.581
124.720 4 0.244 0.483 0.298 0.581
124.760 4 0.244 0.486 0.298 0.581
124.800 4 0.242 0.486 0.297 0.581
124.840 4 0.244 0.486 0.297 0.581
124.880 4 0.242 0.486 0.295 0.581
124.920 4 0.239 0.486 0.294 0.581
124.960 4 0.237 0.486 0.291 0.581
125.000 4 0.237 0.486 0.291 0.581
125.040 4 0.237 0.483 0.291 0.581
125.080 4 0.236 0.483 0.289 0.581
125.120 4 0.234 0.483 0.287 0.581
125.160 4 0.236 0.483 0.289 0.581
125.200 4 0.236 0.486 0.291 0.581
125.240 4 0.237 0.486 0.291 0.583
125.280 4 0.237 0.486 0.292 0.583
125.320 4 0.241 0.486 0.294 0.583
125.360 4 0.242 0.483 0.295 0.581
125.400 4 0.241 0.483 0.295 0.578
125.440 4 0.245 0.483 0.298 0.578
125.480 4 0.247 0.481 0.300 0.575
125.520 4 0.248 0.478 0.302 0.572
125.560 4 0.252 0.478 0.305 0.572
125.600 4 0.253 0.475 0.306 0.569
122.200 5 0.797 0.300 0.853 0.397
122.240 5 0.794 0.297 0.848 0.394
122.280 5 0.789 0.297 0.844 0.394
122.320 5 0.784 0.297 0.841 0.394
122.360 5 0.780 0.294 0.834 0.392
122.400 5 0.773 0.292 0.830 0.392
122.440 5 0.769 0.292 0.825 0.389
122.480 5 0.766 0.289 0.820 0.389
122.520 5 0.759 0.286 0.816 0.386
122.560 5 0.755 0.286 0.811 0.386
122.600 5 0.750 0.283 0.806 0.383
122.640 5 0.745 0.283 0.802 0.383
122.680 5 0.742 0.275 0.802 0.383
122.720 5 0.739 0.281 0.795 0.381
122.760 5 0.738 0.281 0.794 0.381
122.800 5 0.734 0.278 0.791 0.378
122.840 5 0.733 0.278 0.789 0.378
122.880 5 0.730 0.278 0.786 0.378
122.920 5 0.725 0.275 0.781 0.375
122.960 5 0.723 0.272 0.780 0.369
123.000 5 0.720 0.272 0.777 0.372
123.040 5 0.717 0.272 0.773 0.372
123.080 5 0.717 0.272 0.773 0.372
123.120 5 0.714 0.272 0.770 0.369
123.160 5 0.714 0.272 0.770 0.372
123.200 5 0.713 0.275 0.769 0.375
123.240 5 0.711 0.275 0.767 0.375
123.280 5 0.711 0.278 0.767 0.378
123.320 5 0.709 0.281 0.766 0.381
123.360 5 0.708 0.281 0.764 0.381
123.400 5 0.706 0.283 0.764 0.383
132.040 6 0.492 0.208 0.639 0.467
132.080 6 0.495 0.206 0.642 0.467
132.120 6 0.492 0.208 0.639 0.467
132.160 6 0.491 0.208 0.636 0.467
132.200 6 0.495 0.206 0.642 0.469
132.240 6 0.492 0.208 0.637 0.467
132.280 6 0.492 0.211 0.637 0.469
132.320 6 0.487 0.208 0.636 0.469
132.360 6 0.494 0.208 0.639 0.469
132.400 6 0.494 0.208 0.637 0.464
132.440 6 0.497 0.203 0.642 0.461
132.480 6 0.497 0.203 0.639 0.458
132.520 6 0.500 0.200 0.645 0.458
132.560 6 0.502 0.203 0.645 0.458
132.600 6 0.505 0.203 0.648 0.458
132.640 6 0.503 0.208 0.641 0.456
132.680 6 0.500 0.197 0.644 0.453
132.720 6 0.506 0.197 0.647 0.447
132.760 6 0.503 0.192 0.645 0.444
132.800 6 0.508 0.192 0.648 0.442
132.840 6 0.508 0.192 0.648 0.444
132.880 6 0.509 0.192 0.653 0.450
132.920 6 0.506 0.200 0.648 0.450
132.960 6 0.509 0.203 0.650 0.456
133.000 6 0.505 0.208 0.645 0.458
133.040 6 0.491 0.194 0.647 0.472
133.080 6 0.494 0.197 0.650 0.475
133.120 6 0.489 0.197 0.645 0.478
133.160 6 0.491 0.197 0.647 0.478
133.200 6 0.489 0.194 0.645 0.472
133.240 6 0.489 0.194 0.642 0.467
133.280 6 0.491 0.194 0.647 0.472
133.320 6 0.486 0.194 0.642 0.475
133.360 6 0.491 0.200 0.644 0.478
133.400 6 0.486 0.203 0.641 0.478
133.440 6 0.489 0.203 0.644 0.481
133.480 6 0.487 0.200 0.642 0.475
133.520 6 0.487 0.194 0.642 0.472
133.560 6 0.489 0.194 0.642 0.467
133.600 6 0.487 0.192 0.641 0.464
133.640 6 0.491 0.192 0.642 0.461
133.680 6 0.489 0.189 0.642 0.464
133.720 6 0.489 0.189 0.642 0.464
133.760 6 0.489 0.192 0.641 0.461
133.800 6 0.492 0.192 0.645 0.461
133.840 6 0.487 0.192 0.642 0.467
133.880 6 0.491 0.192 0.645 0.469
133.920 6 0.486 0.194 0.642 0.472
133.960 6 0.489 0.197 0.644 0.472
134.000 6 0.477 0.183 0.644 0.483
134.040 6 0.481 0.197 0.636 0.475
134.080 6 0.486 0.197 0.639 0.475
134.120 6 0.481 0.194 0.636 0.475
134.160 6 0.481 0.192 0.641 0.475
134.200 6 0.483 0.192 0.637 0.472
134.240 6 0.483 0.192 0.637 0.469
134.280 6 0.481 0.192 0.636 0.469
134.320 6 0.483 0.197 0.634 0.472
134.360 6 0.483 0.203 0.634 0.475
134.400 6 0.483 0.208 0.633 0.478
134.440 6 0.484 0.217 0.631 0.481
134.480 6 0.483 0.214 0.630 0.481
134.520 6 0.483 0.211 0.631 0.478
134.560 6 0.484 0.208 0.633 0.475
134.600 6 0.484 0.200 0.634 0.472
134.640 6 0.484 0.200 0.633 0.467
134.680 6 0.486 0.197 0.636 0.469
134.720 6 0.481 0.197 0.633 0.469
134.760 6 0.486 0.197 0.637 0.469
134.800 6 0.483 0.194 0.636 0.469
134.840 6 0.483 0.194 0.636 0.469
134.880 6 0.483 0.194 0.636 0.469
134.920 6 0.483 0.194 0.636 0.469
134.960 6 0.483 0.194 0.636 0.469
135.000 6 0.491 0.208 0.630 0.458
135.040 6 0.480 0.192 0.633 0.464
135.080 6 0.484 0.192 0.636 0.464
135.120 6 0.480 0.189 0.633 0.467
135.160 6 0.484 0.192 0.637 0.467
135.200 6 0.480 0.189 0.634 0.467
135.240 6 0.483 0.189 0.639 0.469
135.280 6 0.480 0.189 0.634 0.467
135.320 6 0.483 0.192 0.636 0.467
135.360 6 0.484 0.194 0.636 0.464
135.400 6 0.480 0.194 0.631 0.467
135.440 6 0.483 0.200 0.631 0.469
135.480 6 0.477 0.206 0.627 0.475
135.520 6 0.478 0.208 0.628 0.475
135.560 6 0.475 0.208 0.622 0.475
135.600 6 0.477 0.206 0.625 0.472
135.640 6 0.478 0.197 0.627 0.467
135.680 6 0.481 0.192 0.633 0.464
135.720 6 0.481 0.183 0.634 0.458
135.760 6 0.484 0.183 0.636 0.458
135.800 6 0.484 0.186 0.637 0.461
135.840 6 0.487 0.189 0.641 0.464
135.880 6 0.483 0.194 0.637 0.472
135.920 6 0.486 0.200 0.641 0.478
135.960 6 0.486 0.200 0.642 0.481
136.000 6 0.477 0.183 0.644 0.483
136.040 6 0.480 0.186 0.644 0.483
136.080 6 0.480 0.183 0.644 0.478
136.120 6 0.478 0.181 0.642 0.478
136.160 6 0.478 0.181 0.642 0.475
136.200 6 0.475 0.178 0.642 0.481
136.240 6 0.475 0.183 0.641 0.481
136.280 6 0.477 0.192 0.637 0.481
136.320 6 0.475 0.194 0.637 0.486
136.360 6 0.477 0.197 0.639 0.489
136.400 6 0.472 0.200 0.634 0.492
136.440 6 0.473 0.197 0.637 0.494
136.480 6 0.472 0.197 0.639 0.497
136.520 6 0.473 0.197 0.641 0.500
136.560 6 0.472 0.197 0.641 0.500
136.600 6 0.472 0.197 0.641 0.497
136.640 6 0.475 0.194 0.642 0.497
136.680 6 0.472 0.192 0.641 0.494
136.720 6 0.475 0.186 0.645 0.492
136.760 6 0.472 0.186 0.641 0.486
136.800 6 0.473 0.178 0.647 0.489
136.840 6 0.469 0.175 0.645 0.489
136.880 6 0.472 0.175 0.647 0.489
136.920 6 0.473 0.172 0.648 0.489
136.960 6 0.472 0.172 0.647 0.489
137.000 6 0.477 0.183 0.644 0.483
137.040 6 0.477 0.186 0.644 0.486
137.080 6 0.478 0.186 0.644 0.481
137.120 6 0.478 0.183 0.645 0.486
137.160 6 0.477 0.183 0.645 0.486
137.200 6 0.477 0.183 0.645 0.486
137.240 6 0.475 0.181 0.645 0.486
137.280 6 0.475 0.181 0.645 0.486
137.320 6 0.475 0.181 0.644 0.483
137.360 6 0.475 0.178 0.644 0.483
137.400 6 0.475 0.178 0.644 0.483
137.440 6 0.473 0.178 0.644 0.483
137.480 6 0.473 0.175 0.644 0.483
137.520 6 0.473 0.175 0.644 0.483
137.560 6 0.473 0.175 0.644 0.481
137.600 6 0.472 0.175 0.644 0.481
137.640 6 0.472 0.175 0.644 0.483
137.680 6 0.472 0.175 0.644 0.481
137.720 6 0.472 0.175 0.645 0.486
137.760 6 0.470 0.175 0.642 0.483
137.800 6 0.475 0.178 0.647 0.486
137.840 6 0.470 0.178 0.642 0.483
137.880 6 0.475 0.178 0.647 0.486
137.920 6 0.472 0.181 0.641 0.481
137.960 6 0.477 0.181 0.644 0.481
138.000 6 0.477 0.183 0.644 0.483
138.040 6 0.475 0.181 0.642 0.483
138.080 6 0.475 0.181 0.642 0.483
138.120 6 0.475 0.181 0.642 0.483
138.160 6 0.475 0.181 0.644 0.483
138.200 6 0.473 0.183 0.641 0.481
138.240 6 0.478 0.183 0.644 0.483
138.280 6 0.477 0.183 0.641 0.478
138.320 6 0.475 0.183 0.642 0.483
138.360 6 0.475 0.183 0.642 0.483
138.400 6 0.475 0.183 0.642 0.483
138.440 6 0.475 0.183 0.642 0.483
138.480 6 0.475 0.186 0.642 0.483
138.520 6 0.477 0.189 0.644 0.486
138.560 6 0.473 0.186 0.641 0.486
138.600 6 0.478 0.186 0.644 0.486
138.640 6 0.477 0.186 0.642 0.486
138.680 6 0.473 0.186 0.641 0.486
138.720 6 0.477 0.186 0.642 0.486
138.760 6 0.473 0.186 0.641 0.486
138.800 6 0.477 0.186 0.644 0.486
138.840 6 0.477 0.186 0.644 0.486
138.880 6 0.477 0.186 0.644 0.486
138.920 6 0.478 0.186 0.644 0.483
138.960 6 0.478 0.186 0.645 0.486
139.000 6 0.477 0.183 0.644 0.483
139.040 6 0.481 0.181 0.647 0.478
139.080 6 0.478 0.181 0.644 0.478
139.120 6 0.481 0.181 0.645 0.475
139.160 6 0.478 0.181 0.644 0.478
139.200 6 0.483 0.181 0.648 0.478
139.240 6 0.481 0.181 0.645 0.475
139.280 6 0.481 0.181 0.648 0.483
139.320 6 0.481 0.181 0.650 0.483
139.360 6 0.483 0.181 0.652 0.486
139.400 6 0.483 0.181 0.653 0.486
139.440 6 0.484 0.181 0.655 0.486
139.480 6 0.486 0.181 0.656 0.489
139.520 6 0.486 0.181 0.658 0.489
139.560 6 0.487 0.181 0.659 0.489
139.600 6 0.487 0.181 0.661 0.492
139.640 6 0.489 0.181 0.664 0.494
139.680 6 0.487 0.183 0.659 0.489
139.720 6 0.492 0.181 0.664 0.492
139.760 6 0.487 0.181 0.661 0.492
139.800 6 0.489 0.181 0.664 0.494
139.840 6 0.489 0.181 0.664 0.494
139.880 6 0.489 0.181 0.664 0.494
139.920 6 0.489 0.181 0.664 0.494
139.960 6 0.489 0.181 0.666 0.494
140.000 6 0.495 0.183 0.662 0.483
140.040 6 0.487 0.181 0.658 0.489
140.080 6 0.491 0.181 0.662 0.489
140.120 6 0.487 0.181 0.659 0.492
140.160 6 0.491 0.181 0.662 0.489
140.200 6 0.487 0.181 0.658 0.489
140.240 6 0.489 0.183 0.661 0.489
140.280 6 0.489 0.183 0.658 0.486
140.320 6 0.489 0.183 0.658 0.483
140.360 6 0.487 0.181 0.656 0.483
140.400 6 0.489 0.181 0.659 0.486
140.440 6 0.487 0.181 0.656 0.483
140.480 6 0.489 0.181 0.658 0.483
140.520 6 0.487 0.183 0.655 0.483
140.560 6 0.486 0.183 0.653 0.483
140.600 6 0.486 0.183 0.653 0.481
140.640 6 0.486 0.183 0.652 0.481
140.680 6 0.486 0.183 0.652 0.481
140.720 6 0.486 0.183 0.652 0.481
140.760 6 0.484 0.183 0.650 0.481
140.800 6 0.484 0.183 0.648 0.481
140.840 6 0.483 0.183 0.648 0.481
140.880 6 0.486 0.186 0.650 0.481
140.920 6 0.481 0.186 0.645 0.478
140.960 6 0.484 0.186 0.648 0.478
141.000 6 0.477 0.183 0.644 0.483
141.040 6 0.477 0.183 0.644 0.483
141.080 6 0.477 0.183 0.644 0.483
141.120 6 0.477 0.183 0.644 0.483
141.160 6 0.477 0.183 0.642 0.483
141.200 6 0.477 0.183 0.642 0.481
141.240 6 0.475 0.183 0.642 0.483
141.280 6 0.475 0.183 0.642 0.483
141.320 6 0.477 0.183 0.642 0.481
141.360 6 0.477 0.183 0.642 0.481
141.400 6 0.475 0.183 0.641 0.481
141.440 6 0.478 0.183 0.644 0.481
141.480 6 0.475 0.183 0.642 0.481
141.520 6 0.475 0.183 0.642 0.481
141.560 6 0.475 0.183 0.642 0.481
141.600 6 0.475 0.183 0.642 0.483
141.640 6 0.475 0.183 0.642 0.483
141.680 6 0.473 0.183 0.642 0.483
141.720 6 0.473 0.183 0.642 0.486
141.760 6 0.473 0.181 0.642 0.483
141.800 6 0.473 0.186 0.639 0.483
141.840 6 0.475 0.183 0.642 0.483
141.880 6 0.475 0.183 0.642 0.483
141.920 6 0.475 0.186 0.642 0.483
141.960 6 0.477 0.186 0.642 0.483
142.000 6 0.477 0.183 0.644 0.483
142.040 6 0.480 0.186 0.644 0.481
142.080 6 0.480 0.183 0.645 0.481
142.120 6 0.483 0.186 0.645 0.478
142.160 6 0.483 0.183 0.648 0.481
142.200 6 0.483 0.183 0.647 0.481
142.240 6 0.484 0.181 0.653 0.483
142.280 6 0.487 0.183 0.655 0.483
142.320 6 0.484 0.183 0.652 0.481
142.360 6 0.489 0.183 0.655 0.481
142.400 6 0.486 0.181 0.653 0.481
142.440 6 0.486 0.181 0.655 0.483
142.480 6 0.487 0.183 0.653 0.481
142.520 6 0.484 0.183 0.653 0.483
142.560 6 0.484 0.183 0.652 0.483
142.600 6 0.483 0.183 0.652 0.486
142.640 6 0.481 0.183 0.652 0.486
142.680 6 0.480 0.183 0.647 0.483
142.720 6 0.481 0.183 0.648 0.486
142.760 6 0.478 0.183 0.647 0.483
142.800 6 0.478 0.183 0.645 0.483
142.840 6 0.477 0.183 0.644 0.483
142.880 6 0.477 0.183 0.644 0.483
142.920 6 0.477 0.183 0.644 0.483
142.960 6 0.475 0.183 0.644 0.486
143.000 6 0.477 0.183 0.644 0.483
143.040 6 0.475 0.183 0.644 0.489
143.080 6 0.475 0.186 0.642 0.486
143.120 6 0.475 0.186 0.642 0.486
143.160 6 0.475 0.189 0.642 0.486
143.200 6 0.473 0.189 0.641 0.489
143.240 6 0.473 0.189 0.639 0.489
143.280 6 0.472 0.192 0.639 0.489
143.320 6 0.472 0.194 0.636 0.489
143.360 6 0.469 0.192 0.636 0.492
143.400 6 0.467 0.194 0.633 0.492
143.440 6 0.466 0.194 0.633 0.492
143.480 6 0.463 0.189 0.631 0.492
143.520 6 0.467 0.183 0.636 0.489
143.560 6 0.464 0.181 0.633 0.486
143.600 6 0.469 0.181 0.636 0.483
143.640 6 0.467 0.183 0.633 0.483
143.680 6 0.469 0.189 0.634 0.483
143.720 6 0.472 0.192 0.636 0.486
143.760 6 0.470 0.194 0.634 0.489
143.800 6 0.475 0.194 0.639 0.489
143.840 6 0.470 0.186 0.637 0.486
143.880 6 0.477 0.183 0.642 0.481
143.920 6 0.472 0.178 0.641 0.481
143.960 6 0.480 0.181 0.645 0.478
144.000 6 0.477 0.183 0.644 0.483
144.040 6 0.478 0.181 0.648 0.483
144.080 6 0.480 0.181 0.648 0.483
144.120 6 0.480 0.181 0.648 0.483
144.160 6 0.480 0.181 0.648 0.483
144.200 6 0.480 0.178 0.652 0.486
144.240 6 0.478 0.178 0.650 0.483
144.280 6 0.478 0.175 0.650 0.483
144.320 6 0.480 0.175 0.652 0.483
144.360 6 0.478 0.178 0.648 0.483
144.400 6 0.478 0.178 0.648 0.483
144.440 6 0.478 0.181 0.647 0.483
144.480 6 0.477 0.178 0.647 0.483
144.520 6 0.478 0.181 0.647 0.483
144.560 6 0.477 0.181 0.647 0.483
144.600 6 0.477 0.178 0.647 0.483
144.640 6 0.477 0.178 0.647 0.483
144.680 6 0.477 0.178 0.647 0.481
144.720 6 0.477 0.178 0.647 0.483
144.760 6 0.475 0.172 0.647 0.481
144.800 6 0.477 0.172 0.650 0.483
144.840 6 0.475 0.178 0.644 0.481
144.880 6 0.480 0.181 0.645 0.481
144.920 6 0.473 0.181 0.642 0.483
144.960 6 0.478 0.186 0.644 0.483
145.000 6 0.477 0.183 0.644 0.483
145.040 6 0.483 0.197 0.634 0.467
145.080 6 0.486 0.203 0.636 0.469
145.120 6 0.480 0.197 0.633 0.472
145.160 6 0.486 0.197 0.641 0.475
145.200 6 0.478 0.194 0.634 0.472
145.240 6 0.486 0.192 0.642 0.475
145.280 6 0.483 0.197 0.636 0.469
145.320 6 0.484 0.200 0.637 0.475
145.360 6 0.481 0.200 0.636 0.478
145.400 6 0.484 0.203 0.641 0.483
145.440 6 0.483 0.206 0.637 0.483
145.480 6 0.484 0.206 0.641 0.483
145.520 6 0.484 0.203 0.642 0.483
145.560 6 0.484 0.200 0.642 0.481
145.600 6 0.486 0.197 0.644 0.478
145.640 6 0.484 0.194 0.644 0.478
145.680 6 0.483 0.192 0.644 0.478
145.720 6 0.486 0.192 0.647 0.481
145.760 6 0.486 0.192 0.648 0.481
145.800 6 0.487 0.189 0.650 0.481
145.840 6 0.487 0.189 0.652 0.483
145.880 6 0.487 0.189 0.652 0.483
145.920 6 0.489 0.189 0.653 0.483
145.960 6 0.491 0.189 0.655 0.483
146.000 6 0.505 0.208 0.645 0.458
146.040 6 0.502 0.219 0.644 0.472
146.080 6 0.502 0.219 0.644 0.472
146.120 6 0.502 0.219 0.644 0.472
146.160 6 0.505 0.222 0.645 0.472
146.200 6 0.500 0.219 0.641 0.469
146.240 6 0.505 0.217 0.648 0.472
146.280 6 0.502 0.214 0.645 0.469
146.320 6 0.505 0.211 0.650 0.469
146.360 6 0.502 0.208 0.648 0.469
146.400 6 0.506 0.208 0.653 0.469
146.440 6 0.503 0.208 0.650 0.469
146.480 6 0.503 0.208 0.650 0.469
146.520 6 0.506 0.208 0.652 0.469
146.560 6 0.506 0.211 0.652 0.469
146.600 6 0.508 0.211 0.652 0.469
146.640 6 0.509 0.211 0.653 0.469
146.680 6 0.511 0.211 0.655 0.467
146.720 6 0.516 0.211 0.658 0.464
146.760 6 0.517 0.208 0.659 0.461
146.800 6 0.517 0.208 0.658 0.461
146.840 6 0.516 0.211 0.655 0.458
146.880 6 0.514 0.214 0.652 0.458
146.920 6 0.512 0.211 0.650 0.458
146.960 6 0.508 0.206 0.647 0.453
147.000 6 0.505 0.208 0.645 0.458
147.040 6 0.492 0.183 0.652 0.469
147.080 6 0.492 0.183 0.652 0.469
147.120 6 0.491 0.183 0.650 0.467
147.160 6 0.491 0.183 0.648 0.464
147.200 6 0.491 0.186 0.647 0.467
147.240 6 0.489 0.189 0.645 0.469
147.280 6 0.489 0.197 0.642 0.469
147.320 6 0.486 0.206 0.639 0.478
147.360 6 0.487 0.214 0.639 0.483
147.400 6 0.487 0.217 0.637 0.483
147.440 6 0.487 0.214 0.636 0.483
147.480 6 0.487 0.211 0.636 0.478
147.520 6 0.489 0.208 0.637 0.475
147.560 6 0.484 0.206 0.633 0.469
147.600 6 0.489 0.203 0.636 0.469
147.640 6 0.489 0.206 0.634 0.464
147.680 6 0.487 0.206 0.631 0.464
147.720 6 0.491 0.203 0.636 0.464
147.760 6 0.487 0.206 0.634 0.467
147.800 6 0.491 0.206 0.637 0.467
147.840 6 0.486 0.208 0.633 0.469
147.880 6 0.486 0.206 0.634 0.469
147.920 6 0.491 0.211 0.636 0.469
147.960 6 0.487 0.211 0.631 0.467
148.000 6 0.477 0.183 0.644 0.483
148.040 6 0.478 0.183 0.644 0.481
148.080 6 0.477 0.183 0.641 0.478
148.120 6 0.475 0.183 0.639 0.478
148.160 6 0.478 0.189 0.641 0.478
148.200 6 0.475 0.189 0.637 0.481
148.240 6 0.477 0.192 0.639 0.481
148.280 6 0.477 0.192 0.639 0.483
148.320 6 0.478 0.192 0.639 0.483
148.360 6 0.478 0.194 0.639 0.483
148.400 6 0.477 0.192 0.636 0.481
148.440 6 0.477 0.192 0.639 0.483
148.480 6 0.477 0.192 0.639 0.483
148.520 6 0.477 0.192 0.639 0.481
148.560 6 0.478 0.192 0.641 0.481
148.600 6 0.480 0.189 0.642 0.481
148.640 6 0.478 0.189 0.639 0.478
148.680 6 0.480 0.186 0.644 0.481
148.720 6 0.475 0.183 0.641 0.483
148.760 6 0.478 0.183 0.645 0.483
148.800 6 0.475 0.183 0.642 0.483
148.840 6 0.478 0.183 0.645 0.483
148.880 6 0.475 0.183 0.642 0.481
148.920 6 0.478 0.181 0.648 0.483
148.960 6 0.477 0.181 0.647 0.483
149.000 6 0.477 0.183 0.644 0.483
149.040 6 0.486 0.186 0.642 0.467
149.080 6 0.492 0.189 0.647 0.467
149.120 6 0.487 0.189 0.641 0.461
149.160 6 0.487 0.186 0.645 0.467
149.200 6 0.486 0.186 0.644 0.467
149.240 6 0.487 0.186 0.645 0.467
149.280 6 0.487 0.186 0.645 0.467
149.320 6 0.487 0.186 0.645 0.467
149.360 6 0.489 0.186 0.647 0.467
149.400 6 0.489 0.183 0.647 0.467
149.440 6 0.489 0.183 0.647 0.469
149.480 6 0.489 0.183 0.648 0.469
149.520 6 0.489 0.186 0.648 0.469
149.560 6 0.487 0.186 0.645 0.467
149.600 6 0.491 0.186 0.648 0.467
149.640 6 0.489 0.186 0.647 0.467
149.680 6 0.489 0.186 0.648 0.469
149.720 6 0.487 0.186 0.645 0.467
149.760 6 0.491 0.189 0.647 0.467
149.800 6 0.492 0.192 0.647 0.467
149.840 6 0.492 0.192 0.647 0.469
149.880 6 0.492 0.194 0.648 0.472
149.920 6 0.491 0.197 0.647 0.478
149.960 6 0.491 0.200 0.647 0.481
150.000 6 0.505 0.208 0.645 0.458
150.040 6 0.492 0.197 0.647 0.475
150.080 6 0.497 0.194 0.653 0.472
150.120 6 0.492 0.189 0.647 0.467
150.160 6 0.497 0.192 0.652 0.467
150.200 6 0.492 0.189 0.647 0.467
150.240 6 0.497 0.194 0.650 0.467
150.280 6 0.495 0.194 0.647 0.467
150.320 6 0.497 0.194 0.650 0.469
150.360 6 0.495 0.194 0.648 0.469
150.400 6 0.494 0.194 0.648 0.469
150.440 6 0.492 0.192 0.647 0.469
150.480 6 0.491 0.192 0.645 0.467
150.520 6 0.489 0.192 0.644 0.467
150.560 6 0.487 0.194 0.641 0.469
150.600 6 0.486 0.194 0.641 0.472
150.640 6 0.486 0.197 0.637 0.469
150.680 6 0.486 0.197 0.637 0.469
150.720 6 0.486 0.197 0.637 0.467
150.760 6 0.486 0.194 0.637 0.464
150.800 6 0.487 0.194 0.639 0.464
150.840 6 0.486 0.194 0.634 0.461
150.880 6 0.489 0.197 0.639 0.464
150.920 6 0.486 0.194 0.639 0.467
150.960 6 0.486 0.194 0.636 0.464
151.000 6 0.477 0.183 0.644 0.483
151.040 6 0.477 0.175 0.648 0.486
151.080 6 0.472 0.172 0.647 0.486
151.120 6 0.473 0.167 0.648 0.483
151.160 6 0.473 0.164 0.650 0.481
151.200 6 0.475 0.161 0.652 0.478
151.240 6 0.472 0.158 0.645 0.472
151.280 6 0.475 0.158 0.650 0.469
151.320 6 0.475 0.158 0.647 0.469
151.360 6 0.472 0.158 0.645 0.469
151.400 6 0.477 0.164 0.648 0.472
151.440 6 0.473 0.169 0.644 0.475
151.480 6 0.477 0.172 0.645 0.478
151.520 6 0.477 0.175 0.645 0.478
151.560 6 0.477 0.175 0.645 0.478
151.600 6 0.475 0.175 0.644 0.475
151.640 6 0.478 0.169 0.652 0.483
151.680 6 0.475 0.172 0.647 0.481
151.720 6 0.475 0.169 0.650 0.483
151.760 6 0.477 0.175 0.645 0.478
151.800 6 0.475 0.178 0.642 0.478
151.840 6 0.478 0.181 0.647 0.481
151.880 6 0.475 0.183 0.641 0.481
151.920 6 0.478 0.183 0.644 0.483
151.960 6 0.477 0.183 0.644 0.483
152.000 6 0.477 0.183 0.644 0.483
152.040 6 0.470 0.167 0.647 0.483
152.080 6 0.470 0.167 0.647 0.483
152.120 6 0.470 0.167 0.647 0.483
152.160 6 0.469 0.167 0.645 0.483
152.200 6 0.470 0.169 0.644 0.483
152.240 6 0.469 0.172 0.644 0.486
152.280 6 0.470 0.172 0.642 0.483
152.320 6 0.472 0.172 0.645 0.483
152.360 6 0.473 0.169 0.645 0.478
152.400 6 0.475 0.167 0.648 0.478
152.440 6 0.478 0.161 0.650 0.472
152.480 6 0.477 0.164 0.650 0.472
152.520 6 0.477 0.167 0.648 0.472
152.560 6 0.477 0.172 0.645 0.475
152.600 6 0.478 0.178 0.644 0.475
152.640 6 0.477 0.181 0.642 0.481
152.680 6 0.477 0.186 0.642 0.483
152.720 6 0.477 0.192 0.642 0.492
152.760 6 0.477 0.197 0.642 0.494
152.800 6 0.477 0.200 0.644 0.500
152.840 6 0.477 0.203 0.645 0.503
152.880 6 0.475 0.203 0.641 0.497
152.920 6 0.478 0.197 0.645 0.500
152.960 6 0.475 0.194 0.644 0.497
153.000 6 0.477 0.183 0.644 0.483
153.040 6 0.483 0.192 0.645 0.483
153.080 6 0.480 0.189 0.644 0.483
153.120 6 0.483 0.186 0.648 0.481
153.160 6 0.481 0.186 0.645 0.481
153.200 6 0.484 0.183 0.650 0.481
153.240 6 0.483 0.183 0.648 0.481
153.280 6 0.483 0.186 0.648 0.483
153.320 6 0.484 0.189 0.648 0.483
153.360 6 0.481 0.189 0.650 0.489
153.400 6 0.481 0.189 0.650 0.492
153.440 6 0.481 0.186 0.650 0.489
153.480 6 0.480 0.183 0.650 0.489
153.520 6 0.480 0.181 0.650 0.486
153.560 6 0.480 0.181 0.648 0.486
153.600 6 0.480 0.181 0.648 0.483
153.640 6 0.478 0.181 0.648 0.483
153.680 6 0.478 0.178 0.648 0.483
153.720 6 0.478 0.178 0.648 0.483
153.760 6 0.478 0.178 0.648 0.483
153.800 6 0.477 0.178 0.648 0.483
153.840 6 0.477 0.175 0.647 0.483
153.880 6 0.477 0.175 0.647 0.481
153.920 6 0.475 0.175 0.645 0.481
153.960 6 0.475 0.175 0.645 0.481
154.000 6 0.477 0.183 0.644 0.483
