8.400 0 0.091 0.114 0.188 0.286
8.440 0 0.094 0.106 0.191 0.275
8.480 0 0.097 0.100 0.194 0.272
8.520 0 0.100 0.097 0.195 0.269
8.560 0 0.103 0.094 0.198 0.267
8.600 0 0.106 0.094 0.202 0.264
8.640 0 0.109 0.092 0.205 0.264
8.680 0 0.114 0.092 0.209 0.264
8.720 0 0.119 0.092 0.212 0.261
8.760 0 0.120 0.089 0.216 0.258
8.800 0 0.127 0.086 0.222 0.256
8.840 0 0.131 0.089 0.227 0.256
8.880 0 0.134 0.086 0.230 0.256
8.920 0 0.139 0.086 0.234 0.256
8.960 0 0.145 0.083 0.241 0.253
9.000 0 0.150 0.083 0.245 0.253
9.040 0 0.156 0.086 0.250 0.253
9.080 0 0.161 0.086 0.256 0.253
9.120 0 0.163 0.086 0.258 0.256
9.160 0 0.169 0.089 0.263 0.256
9.200 0 0.170 0.089 0.264 0.258
9.240 0 0.173 0.092 0.269 0.261
9.280 0 0.178 0.092 0.273 0.261
9.320 0 0.183 0.092 0.278 0.261
9.360 0 0.186 0.092 0.283 0.264
9.400 0 0.192 0.094 0.287 0.264
9.440 0 0.194 0.092 0.292 0.264
9.480 0 0.200 0.094 0.297 0.264
9.520 0 0.203 0.094 0.300 0.264
9.560 0 0.206 0.094 0.303 0.264
9.600 0 0.212 0.089 0.308 0.261
9.640 0 0.209 0.086 0.308 0.261
9.680 0 0.216 0.086 0.312 0.258
9.720 0 0.214 0.081 0.314 0.261
9.760 0 0.217 0.081 0.317 0.258
9.800 0 0.222 0.083 0.319 0.256
9.840 0 0.228 0.089 0.322 0.256
9.880 0 0.231 0.092 0.328 0.264
9.920 0 0.236 0.097 0.331 0.269
9.960 0 0.236 0.100 0.334 0.275
10.000 0 0.242 0.106 0.339 0.278
10.040 0 0.244 0.108 0.341 0.281
10.080 0 0.245 0.108 0.342 0.281
10.120 0 0.245 0.108 0.345 0.283
10.160 0 0.245 0.108 0.345 0.286
10.200 0 0.248 0.106 0.348 0.286
10.240 0 0.247 0.108 0.347 0.283
10.280 0 0.247 0.106 0.345 0.283
10.320 0 0.245 0.108 0.342 0.281
10.360 0 0.241 0.103 0.339 0.281
10.400 0 0.239 0.103 0.339 0.278
9.360 1 0.427 -0.047 0.544 0.186
9.400 1 0.428 -0.044 0.547 0.192
9.440 1 0.423 -0.042 0.539 0.186
9.480 1 0.427 -0.042 0.542 0.186
9.520 1 0.425 -0.039 0.537 0.186
9.560 1 0.428 -0.036 0.541 0.183
9.600 1 0.425 -0.036 0.537 0.186
9.640 1 0.430 -0.036 0.544 0.189
9.680 1 0.428 -0.033 0.541 0.189
9.720 1 0.433 -0.036 0.548 0.192
9.760 1 0.428 -0.039 0.545 0.192
9.800 1 0.433 -0.036 0.548 0.192
9.840 1 0.434 -0.033 0.548 0.192
9.880 1 0.439 -0.036 0.556 0.194
9.920 1 0.436 -0.033 0.555 0.197
9.960 1 0.444 -0.031 0.559 0.197
10.000 1 0.447 -0.033 0.564 0.197
10.040 1 0.452 -0.036 0.567 0.194
10.080 1 0.458 -0.033 0.573 0.192
10.120 1 0.458 -0.036 0.575 0.194
10.160 1 0.464 -0.033 0.580 0.194
10.200 1 0.461 -0.033 0.578 0.197
10.240 1 0.467 -0.031 0.584 0.200
10.280 1 0.463 -0.033 0.581 0.200
10.320 1 0.463 -0.031 0.583 0.206
10.360 1 0.458 -0.033 0.580 0.208
10.400 1 0.463 -0.028 0.580 0.206
10.440 1 0.459 -0.028 0.578 0.206
10.480 1 0.461 -0.025 0.580 0.208
16.760 2 0.378 0.053 0.434 0.156
16.800 2 0.377 0.053 0.433 0.156
16.840 2 0.373 0.056 0.431 0.156
16.880 2 0.373 0.056 0.431 0.156
16.920 2 0.372 0.056 0.430 0.158
16.960 2 0.370 0.058 0.428 0.158
17.000 2 0.369 0.058 0.425 0.158
17.040 2 0.367 0.058 0.423 0.158
17.080 2 0.366 0.061 0.422 0.161
17.120 2 0.362 0.061 0.419 0.161
17.160 2 0.362 0.061 0.419 0.161
17.200 2 0.361 0.061 0.417 0.161
17.240 2 0.359 0.061 0.416 0.161
17.280 2 0.361 0.058 0.417 0.158
17.320 2 0.364 0.058 0.420 0.158
17.360 2 0.366 0.058 0.422 0.158
17.400 2 0.369 0.058 0.423 0.158
17.440 2 0.372 0.058 0.428 0.158
17.480 2 0.375 0.058 0.431 0.158
17.520 2 0.378 0.061 0.434 0.161
17.560 2 0.383 0.061 0.439 0.161
17.600 2 0.388 0.064 0.444 0.164
17.640 2 0.392 0.061 0.448 0.161
17.680 2 0.397 0.064 0.452 0.164
17.720 2 0.400 0.064 0.456 0.164
17.760 2 0.405 0.067 0.461 0.164
17.800 2 0.408 0.064 0.464 0.164
17.840 2 0.411 0.064 0.467 0.164
17.880 2 0.414 0.064 0.470 0.164
17.920 2 0.416 0.064 0.472 0.164
17.960 2 0.416 0.067 0.472 0.164
18.000 2 0.419 0.069 0.473 0.167
18.040 2 0.417 0.069 0.472 0.169
18.080 2 0.417 0.072 0.472 0.169
18.120 2 0.416 0.072 0.472 0.172
18.160 2 0.416 0.075 0.472 0.172
18.200 2 0.417 0.078 0.472 0.175
18.240 2 0.416 0.078 0.472 0.178
18.280 2 0.416 0.078 0.472 0.178
18.320 2 0.414 0.078 0.470 0.178
18.360 2 0.414 0.078 0.470 0.178
18.400 2 0.412 0.078 0.469 0.178
18.440 2 0.412 0.078 0.469 0.178
18.480 2 0.411 0.078 0.467 0.178
18.520 2 0.411 0.078 0.467 0.178
18.560 2 0.414 0.078 0.470 0.178
18.600 2 0.414 0.081 0.470 0.178
18.640 2 0.417 0.081 0.473 0.181
18.680 2 0.422 0.081 0.478 0.178
18.720 2 0.427 0.081 0.481 0.178
18.760 2 0.431 0.083 0.486 0.181
18.800 2 0.434 0.083 0.491 0.181
18.840 2 0.439 0.083 0.495 0.183
18.880 2 0.444 0.083 0.500 0.183
18.920 2 0.450 0.083 0.505 0.183
18.960 2 0.453 0.083 0.509 0.186
19.000 2 0.458 0.083 0.514 0.183
19.040 2 0.463 0.081 0.519 0.183
19.080 2 0.466 0.081 0.523 0.181
19.120 2 0.470 0.081 0.527 0.181
19.160 2 0.472 0.078 0.530 0.181
19.200 2 0.478 0.081 0.533 0.178
19.240 2 0.480 0.075 0.537 0.178
19.280 2 0.483 0.075 0.541 0.178
19.320 2 0.486 0.075 0.544 0.181
47.560 3 0.809 0.189 0.877 0.314
47.600 3 0.805 0.192 0.873 0.317
47.640 3 0.803 0.194 0.870 0.317
47.680 3 0.800 0.194 0.869 0.319
47.720 3 0.797 0.197 0.864 0.319
47.760 3 0.795 0.197 0.863 0.319
47.800 3 0.791 0.194 0.859 0.319
47.840 3 0.791 0.194 0.858 0.319
47.880 3 0.787 0.194 0.855 0.317
47.920 3 0.787 0.194 0.853 0.317
47.960 3 0.784 0.192 0.852 0.317
48.000 3 0.783 0.192 0.850 0.314
48.040 3 0.783 0.192 0.848 0.311
48.080 3 0.781 0.189 0.848 0.308
48.120 3 0.781 0.186 0.847 0.306
48.160 3 0.781 0.181 0.848 0.306
48.200 3 0.780 0.178 0.847 0.300
48.240 3 0.780 0.175 0.847 0.297
48.280 3 0.781 0.169 0.848 0.294
48.320 3 0.781 0.167 0.850 0.292
48.360 3 0.781 0.161 0.850 0.286
48.400 3 0.780 0.158 0.848 0.283
48.440 3 0.783 0.153 0.850 0.278
48.480 3 0.780 0.150 0.848 0.275
48.520 3 0.780 0.147 0.848 0.269
48.560 3 0.780 0.142 0.848 0.267
48.600 3 0.777 0.136 0.847 0.261
48.640 3 0.778 0.131 0.847 0.256
48.680 3 0.777 0.122 0.844 0.247
48.720 3 0.773 0.111 0.842 0.236
48.760 3 0.769 0.100 0.836 0.225
48.800 3 0.766 0.092 0.834 0.217
48.840 3 0.758 0.083 0.827 0.208
48.880 3 0.758 0.078 0.827 0.203
48.920 3 0.750 0.069 0.820 0.197
48.960 3 0.747 0.061 0.817 0.189
49.000 3 0.742 0.053 0.812 0.181
49.040 3 0.738 0.044 0.809 0.175
49.080 3 0.736 0.036 0.806 0.164
49.120 3 0.733 0.028 0.805 0.156
49.160 3 0.731 0.019 0.805 0.150
49.200 3 0.730 0.014 0.802 0.147
49.240 3 0.730 0.011 0.803 0.142
49.280 3 0.731 0.000 0.803 0.133
49.320 3 0.730 -0.011 0.803 0.122
49.360 3 0.731 -0.022 0.805 0.111
49.400 3 0.731 -0.036 0.805 0.100
49.440 3 0.733 -0.047 0.808 0.089
49.480 3 0.734 -0.058 0.809 0.078
53.640 4 0.656 0.192 0.770 0.392
53.680 4 0.650 0.186 0.767 0.392
53.720 4 0.653 0.192 0.767 0.392
53.760 4 0.647 0.189 0.766 0.394
53.800 4 0.650 0.192 0.766 0.394
53.840 4 0.645 0.192 0.762 0.400
53.880 4 0.647 0.194 0.764 0.400
53.920 4 0.642 0.194 0.759 0.400
53.960 4 0.647 0.200 0.759 0.400
54.000 4 0.641 0.197 0.758 0.403
54.040 4 0.645 0.203 0.753 0.392
54.080 4 0.645 0.200 0.755 0.394
54.120 4 0.642 0.200 0.752 0.394
54.160 4 0.641 0.200 0.750 0.394
54.200 4 0.639 0.197 0.750 0.394
54.240 4 0.639 0.197 0.748 0.392
54.280 4 0.637 0.194 0.748 0.392
54.320 4 0.637 0.192 0.750 0.392
54.360 4 0.639 0.192 0.752 0.392
54.400 4 0.639 0.189 0.755 0.394
54.440 4 0.642 0.186 0.758 0.394
54.480 4 0.645 0.186 0.762 0.392
54.520 4 0.648 0.183 0.766 0.392
54.560 4 0.652 0.181 0.770 0.392
54.600 4 0.658 0.181 0.775 0.389
54.640 4 0.662 0.178 0.780 0.386
54.680 4 0.667 0.175 0.786 0.386
54.720 4 0.670 0.175 0.791 0.386
54.760 4 0.675 0.172 0.795 0.386
54.800 4 0.678 0.169 0.798 0.386
54.840 4 0.680 0.169 0.803 0.386
54.880 4 0.681 0.167 0.805 0.386
54.920 4 0.686 0.169 0.808 0.386
54.960 4 0.688 0.169 0.808 0.386
55.000 4 0.694 0.172 0.809 0.381
55.040 4 0.694 0.175 0.814 0.389
55.080 4 0.694 0.175 0.814 0.392
55.120 4 0.694 0.181 0.812 0.392
55.160 4 0.695 0.178 0.816 0.397
55.200 4 0.691 0.181 0.814 0.403
55.240 4 0.691 0.183 0.814 0.403
55.280 4 0.688 0.189 0.809 0.408
55.320 4 0.686 0.189 0.809 0.411
55.360 4 0.681 0.194 0.803 0.417
55.400 4 0.680 0.197 0.803 0.419
55.440 4 0.673 0.203 0.798 0.425
55.480 4 0.673 0.206 0.795 0.428
55.520 4 0.667 0.208 0.791 0.428
55.560 4 0.664 0.206 0.789 0.431
55.600 4 0.661 0.208 0.783 0.431
55.640 4 0.664 0.211 0.786 0.428
55.680 4 0.661 0.211 0.780 0.428
55.720 4 0.658 0.214 0.777 0.428
55.760 4 0.658 0.217 0.777 0.428
55.800 4 0.655 0.219 0.772 0.428
55.840 4 0.656 0.219 0.772 0.428
55.880 4 0.656 0.219 0.772 0.428
55.920 4 0.656 0.217 0.770 0.425
55.960 4 0.655 0.217 0.770 0.422
56.000 4 0.655 0.219 0.770 0.428
56.040 4 0.650 0.219 0.767 0.428
56.080 4 0.647 0.217 0.766 0.428
56.120 4 0.645 0.217 0.764 0.425
56.160 4 0.645 0.214 0.762 0.425
56.200 4 0.644 0.211 0.762 0.422
56.240 4 0.644 0.211 0.761 0.419
56.280 4 0.642 0.208 0.759 0.419
56.320 4 0.641 0.208 0.758 0.417
56.360 4 0.639 0.206 0.756 0.414
56.400 4 0.637 0.206 0.755 0.411
56.440 4 0.636 0.203 0.752 0.408
56.480 4 0.634 0.200 0.750 0.406
56.520 4 0.636 0.200 0.752 0.403
56.560 4 0.634 0.197 0.748 0.403
56.600 4 0.637 0.197 0.752 0.400
56.640 4 0.636 0.194 0.752 0.400
56.680 4 0.639 0.194 0.755 0.400
56.720 4 0.639 0.197 0.752 0.400
56.760 4 0.644 0.194 0.759 0.400
56.800 4 0.642 0.197 0.758 0.400
56.840 4 0.647 0.197 0.759 0.400
56.880 4 0.645 0.197 0.758 0.400
56.920 4 0.645 0.197 0.761 0.400
56.960 4 0.645 0.197 0.761 0.400
57.000 4 0.641 0.197 0.758 0.403
57.040 4 0.641 0.186 0.759 0.397
57.080 4 0.637 0.186 0.755 0.394
57.120 4 0.636 0.186 0.755 0.397
57.160 4 0.628 0.183 0.748 0.397
57.200 4 0.628 0.183 0.748 0.392
57.240 4 0.623 0.181 0.742 0.392
57.280 4 0.623 0.181 0.742 0.389
57.320 4 0.620 0.178 0.738 0.386
57.360 4 0.622 0.178 0.739 0.386
57.400 4 0.619 0.178 0.738 0.386
57.440 4 0.619 0.181 0.736 0.386
57.480 4 0.619 0.181 0.738 0.389
57.520 4 0.616 0.181 0.733 0.389
57.560 4 0.617 0.181 0.736 0.392
57.600 4 0.614 0.183 0.733 0.392
57.640 4 0.617 0.183 0.734 0.392
57.680 4 0.616 0.183 0.733 0.392
57.720 4 0.614 0.186 0.731 0.394
57.760 4 0.614 0.189 0.730 0.394
57.800 4 0.613 0.192 0.728 0.397
57.840 4 0.613 0.194 0.728 0.397
57.880 4 0.613 0.197 0.727 0.400
57.920 4 0.613 0.200 0.727 0.403
57.960 4 0.614 0.203 0.727 0.406
58.000 4 0.616 0.197 0.731 0.403
58.040 4 0.616 0.203 0.731 0.411
58.080 4 0.622 0.211 0.736 0.417
58.120 4 0.622 0.219 0.738 0.422
58.160 4 0.628 0.225 0.744 0.428
58.200 4 0.630 0.231 0.747 0.436
58.240 4 0.639 0.236 0.755 0.442
58.280 4 0.642 0.244 0.758 0.447
58.320 4 0.650 0.247 0.764 0.450
58.360 4 0.658 0.250 0.772 0.453
58.400 4 0.664 0.250 0.781 0.458
58.440 4 0.675 0.253 0.789 0.456
58.480 4 0.683 0.256 0.797 0.458
58.520 4 0.688 0.258 0.802 0.464
58.560 4 0.694 0.264 0.809 0.469
58.600 4 0.698 0.267 0.814 0.472
58.640 4 0.703 0.269 0.817 0.475
58.680 4 0.706 0.272 0.822 0.478
58.720 4 0.708 0.272 0.823 0.478
58.760 4 0.711 0.275 0.825 0.478
58.800 4 0.708 0.272 0.822 0.478
58.840 4 0.709 0.272 0.825 0.478
58.880 4 0.709 0.269 0.823 0.475
58.920 4 0.708 0.269 0.823 0.472
58.960 4 0.708 0.267 0.822 0.469
59.000 4 0.706 0.267 0.822 0.472
59.040 4 0.705 0.267 0.820 0.472
59.080 4 0.705 0.264 0.819 0.467
59.120 4 0.703 0.256 0.820 0.461
59.160 4 0.700 0.253 0.812 0.453
59.200 4 0.700 0.250 0.811 0.450
59.240 4 0.698 0.247 0.809 0.444
59.280 5 0.278 0.567 0.361 0.711
59.320 5 0.278 0.567 0.361 0.711
59.360 5 0.278 0.567 0.359 0.711
59.400 5 0.278 0.567 0.359 0.711
59.440 5 0.277 0.561 0.358 0.708
59.480 5 0.280 0.564 0.361 0.708
59.520 5 0.277 0.564 0.356 0.708
59.560 5 0.278 0.564 0.359 0.708
59.600 5 0.278 0.564 0.359 0.708
59.640 5 0.281 0.567 0.362 0.711
59.680 5 0.280 0.564 0.361 0.708
59.720 5 0.281 0.564 0.362 0.708
59.760 5 0.283 0.564 0.364 0.708
59.800 5 0.280 0.564 0.361 0.708
59.840 5 0.280 0.564 0.361 0.708
59.880 5 0.280 0.564 0.359 0.708
59.920 5 0.281 0.564 0.362 0.708
59.960 5 0.280 0.564 0.361 0.708
60.000 5 0.281 0.564 0.364 0.708
60.040 5 0.281 0.564 0.364 0.708
60.080 5 0.281 0.564 0.364 0.708
60.120 5 0.281 0.564 0.364 0.708
60.160 5 0.281 0.561 0.364 0.708
60.200 5 0.281 0.561 0.364 0.708
60.240 5 0.280 0.561 0.362 0.708
60.280 5 0.280 0.561 0.362 0.708
60.320 5 0.281 0.564 0.362 0.708
60.360 5 0.278 0.561 0.361 0.708
60.400 5 0.277 0.561 0.359 0.708
60.440 5 0.278 0.561 0.361 0.708
60.480 5 0.277 0.561 0.358 0.708
60.520 5 0.275 0.561 0.358 0.708
60.560 5 0.275 0.561 0.358 0.708
60.600 5 0.275 0.561 0.358 0.706
60.640 5 0.275 0.561 0.355 0.706
60.680 5 0.277 0.561 0.359 0.706
60.720 5 0.277 0.561 0.358 0.706
60.760 5 0.277 0.561 0.358 0.706
60.800 5 0.277 0.561 0.358 0.706
60.840 5 0.277 0.561 0.358 0.706
60.880 5 0.277 0.561 0.358 0.706
60.920 5 0.278 0.561 0.358 0.703
60.960 5 0.275 0.561 0.356 0.706
61.000 5 0.277 0.561 0.356 0.703
61.040 5 0.275 0.561 0.355 0.706
61.080 5 0.275 0.561 0.353 0.700
61.120 5 0.277 0.561 0.356 0.703
61.160 5 0.273 0.561 0.355 0.706
61.200 5 0.273 0.561 0.355 0.706
61.240 5 0.273 0.561 0.355 0.706
61.280 5 0.273 0.561 0.355 0.706
61.320 5 0.275 0.561 0.355 0.706
61.360 5 0.275 0.561 0.356 0.706
61.400 5 0.275 0.564 0.356 0.708
61.440 5 0.275 0.564 0.356 0.708
61.480 5 0.277 0.564 0.358 0.708
61.520 5 0.277 0.564 0.358 0.708
61.560 5 0.275 0.564 0.358 0.708
61.600 5 0.278 0.564 0.359 0.708
61.640 5 0.277 0.564 0.359 0.708
61.680 5 0.280 0.564 0.361 0.708
61.720 5 0.280 0.561 0.364 0.714
61.760 5 0.280 0.564 0.359 0.708
61.800 5 0.281 0.564 0.362 0.708
61.840 5 0.281 0.564 0.364 0.708
61.880 5 0.283 0.564 0.364 0.711
61.920 5 0.283 0.567 0.364 0.711
61.960 5 0.283 0.567 0.364 0.711
62.000 5 0.283 0.567 0.364 0.711
62.040 5 0.283 0.572 0.359 0.708
62.080 5 0.287 0.575 0.362 0.706
62.120 5 0.284 0.572 0.361 0.708
62.160 5 0.283 0.569 0.364 0.714
62.200 5 0.283 0.569 0.364 0.714
62.240 5 0.283 0.569 0.364 0.714
62.280 5 0.283 0.569 0.364 0.714
62.320 5 0.284 0.572 0.366 0.717
62.360 5 0.284 0.572 0.366 0.717
62.400 5 0.284 0.572 0.366 0.717
62.440 5 0.284 0.572 0.366 0.717
62.800 6 0.347 0.214 0.520 0.522
62.840 6 0.345 0.217 0.514 0.517
62.880 6 0.341 0.208 0.522 0.533
62.920 6 0.338 0.211 0.514 0.525
62.960 6 0.347 0.214 0.520 0.522
63.000 6 0.345 0.217 0.514 0.517
63.040 6 0.330 0.203 0.512 0.528
63.080 6 0.336 0.206 0.517 0.528
63.120 6 0.331 0.206 0.512 0.525
63.160 6 0.333 0.203 0.517 0.531
63.200 6 0.330 0.203 0.511 0.528
63.240 6 0.334 0.206 0.514 0.528
63.280 6 0.333 0.206 0.511 0.522
63.320 6 0.330 0.203 0.512 0.528
63.360 6 0.331 0.203 0.516 0.528
63.400 6 0.331 0.200 0.517 0.531
63.440 6 0.333 0.200 0.517 0.528
63.480 6 0.331 0.194 0.519 0.531
63.520 6 0.330 0.194 0.517 0.528
63.560 6 0.330 0.192 0.523 0.533
63.600 6 0.328 0.192 0.520 0.531
63.640 6 0.333 0.189 0.527 0.533
63.680 6 0.330 0.189 0.522 0.531
63.720 6 0.331 0.189 0.525 0.533
63.760 6 0.333 0.192 0.523 0.531
63.800 6 0.334 0.194 0.523 0.528
63.840 6 0.339 0.200 0.523 0.528
63.880 6 0.334 0.197 0.522 0.528
63.920 6 0.338 0.197 0.525 0.531
63.960 6 0.336 0.197 0.522 0.528
64.000 6 0.325 0.183 0.527 0.542
64.040 6 0.323 0.192 0.520 0.542
64.080 6 0.325 0.192 0.523 0.544
64.120 6 0.323 0.192 0.522 0.544
64.160 6 0.325 0.192 0.525 0.547
64.200 6 0.323 0.192 0.523 0.547
64.240 6 0.328 0.189 0.530 0.547
64.280 6 0.327 0.192 0.525 0.544
64.320 6 0.325 0.189 0.528 0.547
64.360 6 0.322 0.186 0.525 0.550
64.400 6 0.323 0.183 0.531 0.556
64.440 6 0.322 0.181 0.533 0.556
64.480 6 0.320 0.183 0.525 0.550
64.520 6 0.320 0.183 0.528 0.550
64.560 6 0.325 0.186 0.527 0.544
64.600 6 0.325 0.186 0.528 0.544
64.640 6 0.319 0.183 0.523 0.544
64.680 6 0.322 0.183 0.528 0.547
64.720 6 0.320 0.181 0.523 0.544
64.760 6 0.325 0.183 0.527 0.542
64.800 6 0.328 0.178 0.531 0.539
64.840 6 0.322 0.175 0.528 0.542
64.880 6 0.325 0.169 0.534 0.544
64.920 6 0.322 0.172 0.530 0.542
64.960 6 0.323 0.172 0.531 0.542
65.000 6 0.325 0.183 0.527 0.542
65.040 6 0.336 0.181 0.539 0.542
65.080 6 0.338 0.183 0.539 0.542
65.120 6 0.339 0.186 0.539 0.542
65.160 6 0.341 0.189 0.539 0.542
65.200 6 0.341 0.189 0.539 0.542
65.240 6 0.342 0.192 0.539 0.542
65.280 6 0.344 0.194 0.539 0.542
65.320 6 0.342 0.194 0.541 0.544
65.360 6 0.344 0.194 0.544 0.550
65.400 6 0.341 0.194 0.541 0.547
65.440 6 0.344 0.194 0.542 0.547
65.480 6 0.345 0.194 0.545 0.547
65.520 6 0.339 0.192 0.539 0.547
65.560 6 0.345 0.189 0.544 0.544
65.600 6 0.342 0.183 0.544 0.542
65.640 6 0.341 0.178 0.545 0.539
65.680 6 0.339 0.172 0.545 0.539
65.720 6 0.342 0.172 0.547 0.539
65.760 6 0.336 0.172 0.542 0.539
65.800 6 0.339 0.172 0.547 0.542
65.840 6 0.336 0.178 0.541 0.542
65.880 6 0.339 0.181 0.544 0.544
65.920 6 0.334 0.183 0.539 0.544
65.960 6 0.338 0.183 0.544 0.547
66.000 6 0.348 0.183 0.550 0.542
66.040 6 0.345 0.192 0.545 0.544
66.080 6 0.341 0.186 0.544 0.547
66.120 6 0.344 0.189 0.544 0.544
66.160 6 0.348 0.194 0.544 0.542
66.200 6 0.348 0.194 0.541 0.539
66.240 6 0.344 0.194 0.541 0.544
66.280 6 0.341 0.194 0.537 0.544
66.320 6 0.342 0.192 0.541 0.544
66.360 6 0.341 0.189 0.541 0.544
66.400 6 0.334 0.186 0.536 0.544
66.440 6 0.341 0.189 0.542 0.544
66.480 6 0.338 0.192 0.536 0.544
66.520 6 0.338 0.189 0.539 0.547
66.560 6 0.336 0.186 0.539 0.547
66.600 6 0.336 0.186 0.539 0.547
66.640 6 0.336 0.186 0.537 0.547
66.680 6 0.334 0.186 0.537 0.544
66.720 6 0.334 0.183 0.537 0.544
66.760 6 0.334 0.183 0.536 0.542
66.800 6 0.334 0.183 0.536 0.542
66.840 6 0.334 0.183 0.536 0.542
66.880 6 0.333 0.181 0.534 0.542
66.920 6 0.331 0.181 0.533 0.542
66.960 6 0.331 0.178 0.536 0.544
67.000 6 0.325 0.183 0.527 0.542
67.040 6 0.322 0.181 0.527 0.544
67.080 6 0.322 0.181 0.525 0.542
67.120 6 0.322 0.181 0.525 0.539
67.160 6 0.323 0.186 0.516 0.531
67.200 6 0.330 0.189 0.527 0.536
67.240 6 0.320 0.183 0.517 0.536
67.280 6 0.325 0.186 0.523 0.539
67.320 6 0.323 0.183 0.520 0.533
67.360 6 0.327 0.186 0.523 0.536
67.400 6 0.323 0.183 0.523 0.539
67.440 6 0.322 0.183 0.520 0.536
67.480 6 0.327 0.183 0.525 0.539
67.520 6 0.323 0.183 0.520 0.536
67.560 6 0.323 0.186 0.523 0.539
67.600 6 0.323 0.186 0.523 0.539
67.640 6 0.323 0.186 0.523 0.539
67.680 6 0.327 0.192 0.523 0.539
67.720 6 0.323 0.189 0.520 0.536
67.760 6 0.328 0.189 0.525 0.536
67.800 6 0.323 0.189 0.520 0.539
67.840 6 0.325 0.186 0.525 0.542
67.880 6 0.327 0.189 0.523 0.539
67.920 6 0.327 0.186 0.525 0.542
67.960 6 0.323 0.186 0.523 0.539
68.000 6 0.325 0.183 0.527 0.542
68.040 6 0.327 0.183 0.527 0.539
68.080 6 0.323 0.183 0.522 0.539
68.120 6 0.322 0.181 0.523 0.539
68.160 6 0.323 0.181 0.527 0.542
68.200 6 0.317 0.175 0.527 0.544
68.240 6 0.325 0.178 0.531 0.547
68.280 6 0.325 0.183 0.530 0.547
68.320 6 0.320 0.181 0.523 0.542
68.360 6 0.331 0.183 0.533 0.542
68.400 6 0.323 0.183 0.523 0.539
68.440 6 0.328 0.186 0.528 0.539
68.480 6 0.330 0.189 0.523 0.533
68.520 6 0.333 0.189 0.528 0.536
68.560 6 0.327 0.189 0.523 0.539
68.600 6 0.330 0.186 0.528 0.539
68.640 6 0.333 0.192 0.527 0.536
68.680 6 0.328 0.189 0.523 0.539
68.720 6 0.330 0.186 0.528 0.539
68.760 6 0.333 0.189 0.527 0.533
68.800 6 0.330 0.189 0.527 0.539
68.840 6 0.325 0.183 0.528 0.544
68.880 6 0.327 0.183 0.528 0.542
68.920 6 0.333 0.186 0.531 0.539
68.960 6 0.322 0.186 0.523 0.542
69.000 6 0.325 0.183 0.527 0.542
69.040 6 0.328 0.211 0.516 0.544
69.080 6 0.328 0.211 0.517 0.547
69.120 6 0.327 0.211 0.514 0.544
69.160 6 0.331 0.211 0.519 0.547
69.200 6 0.322 0.208 0.514 0.550
69.240 6 0.330 0.211 0.520 0.550
69.280 6 0.327 0.208 0.519 0.550
69.320 6 0.325 0.208 0.520 0.553
69.360 6 0.323 0.206 0.519 0.556
69.400 6 0.330 0.211 0.517 0.547
69.440 6 0.328 0.214 0.516 0.547
69.480 6 0.325 0.214 0.516 0.553
69.520 6 0.325 0.219 0.514 0.556
69.560 6 0.328 0.225 0.516 0.558
69.600 6 0.323 0.225 0.512 0.561
69.640 6 0.328 0.225 0.514 0.558
69.680 6 0.328 0.217 0.516 0.553
69.720 6 0.322 0.211 0.509 0.544
69.760 6 0.325 0.208 0.511 0.542
69.800 6 0.320 0.208 0.506 0.539
69.840 6 0.325 0.214 0.508 0.539
69.880 6 0.322 0.214 0.506 0.542
69.920 6 0.322 0.217 0.506 0.544
69.960 6 0.323 0.219 0.506 0.547
70.000 6 0.327 0.250 0.495 0.550
70.040 6 0.333 0.247 0.498 0.544
70.080 6 0.333 0.250 0.502 0.550
70.120 6 0.334 0.253 0.505 0.558
70.160 6 0.338 0.258 0.508 0.561
70.200 6 0.339 0.261 0.509 0.564
70.240 6 0.339 0.261 0.512 0.567
70.280 6 0.339 0.264 0.512 0.569
70.320 6 0.336 0.261 0.511 0.569
70.360 6 0.338 0.261 0.514 0.572
70.400 6 0.338 0.258 0.511 0.569
70.440 6 0.339 0.256 0.514 0.567
70.480 6 0.334 0.256 0.509 0.567
70.520 6 0.338 0.253 0.511 0.564
70.560 6 0.339 0.253 0.512 0.564
70.600 6 0.338 0.256 0.509 0.561
70.640 6 0.338 0.256 0.509 0.561
70.680 6 0.338 0.256 0.509 0.561
70.720 6 0.338 0.256 0.509 0.561
70.760 6 0.339 0.256 0.509 0.561
70.800 6 0.339 0.256 0.511 0.558
70.840 6 0.338 0.256 0.509 0.561
70.880 6 0.339 0.253 0.511 0.561
70.920 6 0.339 0.256 0.511 0.558
70.960 6 0.339 0.253 0.512 0.558
71.000 6 0.345 0.250 0.514 0.550
71.040 6 0.338 0.219 0.527 0.556
71.080 6 0.334 0.219 0.522 0.556
71.120 6 0.339 0.222 0.528 0.558
71.160 6 0.334 0.219 0.523 0.556
71.200 6 0.334 0.217 0.527 0.558
71.240 6 0.333 0.217 0.523 0.556
71.280 6 0.339 0.219 0.528 0.558
71.320 6 0.333 0.217 0.523 0.556
71.360 6 0.339 0.222 0.523 0.550
71.400 6 0.338 0.219 0.523 0.550
71.440 6 0.338 0.219 0.523 0.550
71.480 6 0.338 0.219 0.522 0.550
71.520 6 0.334 0.222 0.519 0.550
71.560 6 0.338 0.222 0.522 0.553
71.600 6 0.336 0.222 0.520 0.550
71.640 6 0.334 0.222 0.519 0.550
71.680 6 0.338 0.222 0.522 0.547
71.720 6 0.334 0.222 0.517 0.547
71.760 6 0.338 0.219 0.520 0.544
71.800 6 0.336 0.217 0.519 0.544
71.840 6 0.334 0.217 0.519 0.544
71.880 6 0.334 0.214 0.519 0.542
71.920 6 0.334 0.211 0.519 0.539
71.960 6 0.333 0.211 0.517 0.539
72.000 6 0.325 0.183 0.527 0.542
72.040 6 0.327 0.186 0.530 0.544
72.080 6 0.327 0.183 0.530 0.544
72.120 6 0.327 0.183 0.530 0.544
72.160 6 0.327 0.183 0.530 0.544
72.200 6 0.328 0.183 0.533 0.547
72.240 6 0.319 0.175 0.530 0.550
72.280 6 0.323 0.178 0.534 0.553
72.320 6 0.323 0.178 0.533 0.550
72.360 6 0.325 0.186 0.530 0.547
72.400 6 0.327 0.186 0.528 0.547
72.440 6 0.327 0.189 0.528 0.547
72.480 6 0.327 0.183 0.534 0.553
72.520 6 0.319 0.181 0.530 0.556
72.560 6 0.325 0.183 0.531 0.550
72.600 6 0.325 0.183 0.527 0.544
72.640 6 0.323 0.183 0.527 0.542
72.680 6 0.323 0.181 0.527 0.542
72.720 6 0.325 0.181 0.528 0.542
72.760 6 0.322 0.183 0.522 0.539
72.800 6 0.325 0.181 0.527 0.539
72.840 6 0.325 0.183 0.522 0.533
72.880 6 0.328 0.189 0.523 0.533
72.920 6 0.320 0.178 0.523 0.539
72.960 6 0.322 0.181 0.525 0.542
73.000 6 0.325 0.183 0.527 0.542
73.040 6 0.311 0.183 0.527 0.567
73.080 6 0.320 0.189 0.531 0.567
73.120 6 0.319 0.194 0.527 0.564
73.160 6 0.319 0.194 0.528 0.564
73.200 6 0.320 0.200 0.525 0.561
73.240 6 0.322 0.203 0.525 0.564
73.280 6 0.322 0.206 0.525 0.564
73.320 6 0.323 0.208 0.525 0.564
73.360 6 0.325 0.208 0.525 0.567
73.400 6 0.325 0.211 0.525 0.567
73.440 6 0.327 0.211 0.527 0.567
73.480 6 0.327 0.211 0.527 0.567
73.520 6 0.328 0.214 0.527 0.567
73.560 6 0.328 0.214 0.528 0.569
73.600 6 0.330 0.214 0.528 0.569
73.640 6 0.330 0.214 0.528 0.569
73.680 6 0.330 0.214 0.530 0.569
73.720 6 0.327 0.211 0.530 0.569
73.760 6 0.331 0.214 0.531 0.569
73.800 6 0.327 0.211 0.527 0.567
73.840 6 0.330 0.211 0.533 0.575
73.880 6 0.327 0.211 0.530 0.572
73.920 6 0.330 0.211 0.531 0.572
73.960 6 0.323 0.208 0.528 0.572
74.000 6 0.325 0.222 0.527 0.581
74.040 6 0.325 0.206 0.531 0.569
74.080 6 0.323 0.206 0.527 0.569
74.120 6 0.320 0.203 0.528 0.569
74.160 6 0.323 0.203 0.531 0.569
74.200 6 0.325 0.206 0.530 0.569
74.240 6 0.323 0.203 0.531 0.572
74.280 6 0.316 0.197 0.528 0.572
74.320 6 0.320 0.200 0.530 0.572
74.360 6 0.323 0.206 0.527 0.567
74.400 6 0.322 0.203 0.528 0.569
74.440 6 0.323 0.203 0.528 0.564
74.480 6 0.325 0.197 0.531 0.564
74.520 6 0.319 0.192 0.527 0.561
74.560 6 0.320 0.186 0.533 0.561
74.600 6 0.316 0.178 0.533 0.564
74.640 6 0.316 0.172 0.537 0.569
74.680 6 0.314 0.178 0.534 0.567
74.720 6 0.314 0.172 0.539 0.575
74.760 6 0.311 0.178 0.530 0.567
74.800 6 0.325 0.186 0.539 0.567
74.840 6 0.317 0.189 0.525 0.558
74.880 6 0.325 0.189 0.533 0.561
74.920 6 0.319 0.189 0.528 0.561
74.960 6 0.320 0.186 0.531 0.564
75.000 6 0.325 0.183 0.527 0.542
75.040 6 0.328 0.217 0.516 0.550
75.080 6 0.330 0.217 0.520 0.556
75.120 6 0.325 0.217 0.514 0.553
75.160 6 0.331 0.214 0.522 0.556
75.200 6 0.325 0.211 0.516 0.553
75.240 6 0.328 0.214 0.520 0.556
75.280 6 0.325 0.211 0.520 0.558
75.320 6 0.328 0.217 0.517 0.553
75.360 6 0.331 0.217 0.519 0.553
75.400 6 0.325 0.214 0.516 0.553
75.440 6 0.328 0.217 0.519 0.556
75.480 6 0.322 0.214 0.516 0.558
75.520 6 0.325 0.214 0.519 0.561
75.560 6 0.319 0.214 0.514 0.561
75.600 6 0.317 0.217 0.516 0.569
75.640 6 0.316 0.219 0.514 0.572
75.680 6 0.314 0.222 0.514 0.578
75.720 6 0.314 0.219 0.514 0.578
75.760 6 0.312 0.217 0.516 0.578
75.800 6 0.308 0.208 0.517 0.578
75.840 6 0.306 0.203 0.517 0.578
75.880 6 0.305 0.197 0.517 0.575
75.920 6 0.305 0.197 0.516 0.572
75.960 6 0.303 0.194 0.516 0.572
76.000 6 0.327 0.250 0.495 0.550
76.040 6 0.328 0.236 0.494 0.528
76.080 6 0.334 0.236 0.500 0.531
76.120 6 0.328 0.236 0.492 0.528
76.160 6 0.333 0.236 0.498 0.533
76.200 6 0.328 0.239 0.491 0.528
76.240 6 0.333 0.239 0.498 0.533
76.280 6 0.327 0.239 0.491 0.531
76.320 6 0.331 0.242 0.497 0.536
76.360 6 0.328 0.242 0.491 0.531
76.400 6 0.327 0.239 0.494 0.536
76.440 6 0.325 0.231 0.494 0.531
76.480 6 0.323 0.225 0.492 0.525
76.520 6 0.322 0.219 0.491 0.519
76.560 6 0.322 0.219 0.491 0.517
76.600 6 0.320 0.219 0.486 0.517
76.640 6 0.325 0.222 0.491 0.517
76.680 6 0.322 0.228 0.489 0.522
76.720 6 0.323 0.228 0.491 0.525
76.760 6 0.323 0.228 0.491 0.525
76.800 6 0.330 0.231 0.494 0.522
76.840 6 0.322 0.228 0.489 0.522
76.880 6 0.323 0.225 0.492 0.525
76.920 6 0.323 0.225 0.491 0.525
76.960 6 0.323 0.228 0.492 0.528
77.000 6 0.327 0.217 0.495 0.517
77.040 6 0.327 0.231 0.497 0.533
77.080 6 0.328 0.231 0.498 0.536
77.120 6 0.328 0.228 0.502 0.536
77.160 6 0.327 0.225 0.500 0.536
77.200 6 0.322 0.222 0.502 0.542
77.240 6 0.330 0.228 0.503 0.536
77.280 6 0.325 0.228 0.497 0.531
77.320 6 0.330 0.231 0.503 0.539
77.360 6 0.325 0.233 0.494 0.533
77.400 6 0.331 0.236 0.497 0.533
77.440 6 0.328 0.228 0.497 0.528
77.480 6 0.330 0.228 0.500 0.531
77.520 6 0.327 0.231 0.494 0.528
77.560 6 0.331 0.231 0.498 0.528
77.600 6 0.325 0.228 0.495 0.531
77.640 6 0.328 0.231 0.498 0.533
77.680 6 0.327 0.236 0.495 0.536
77.720 6 0.325 0.239 0.497 0.542
77.760 6 0.325 0.242 0.495 0.542
77.800 6 0.328 0.242 0.497 0.539
77.840 6 0.327 0.242 0.495 0.542
77.880 6 0.330 0.242 0.497 0.539
77.920 6 0.327 0.242 0.495 0.539
77.960 6 0.327 0.239 0.495 0.539
78.000 6 0.327 0.250 0.495 0.550
78.040 6 0.319 0.228 0.500 0.550
78.080 6 0.320 0.228 0.502 0.550
78.120 6 0.319 0.228 0.500 0.550
78.160 6 0.320 0.225 0.502 0.550
78.200 6 0.319 0.225 0.502 0.550
78.240 6 0.319 0.225 0.502 0.550
78.280 6 0.319 0.225 0.502 0.550
78.320 6 0.319 0.225 0.502 0.550
78.360 6 0.319 0.225 0.500 0.547
78.400 6 0.319 0.225 0.500 0.547
78.440 6 0.319 0.225 0.500 0.547
78.480 6 0.317 0.225 0.500 0.547
78.520 6 0.317 0.225 0.500 0.547
78.560 6 0.317 0.225 0.500 0.547
78.600 6 0.316 0.225 0.497 0.547
78.640 6 0.317 0.225 0.500 0.547
78.680 6 0.320 0.225 0.500 0.547
78.720 6 0.317 0.225 0.498 0.547
78.760 6 0.319 0.225 0.500 0.547
78.800 6 0.314 0.225 0.495 0.547
78.840 6 0.317 0.225 0.498 0.547
78.880 6 0.312 0.222 0.495 0.544
78.920 6 0.314 0.217 0.498 0.544
78.960 6 0.311 0.214 0.497 0.542
79.000 6 0.303 0.183 0.505 0.542
79.040 6 0.302 0.186 0.502 0.542
79.080 6 0.303 0.181 0.505 0.539
79.120 6 0.297 0.175 0.502 0.539
79.160 6 0.298 0.172 0.509 0.544
79.200 6 0.297 0.175 0.503 0.539
79.240 6 0.302 0.172 0.509 0.542
79.280 6 0.300 0.175 0.506 0.542
79.320 6 0.302 0.178 0.506 0.539
79.360 6 0.302 0.178 0.506 0.539
79.400 6 0.305 0.183 0.506 0.542
79.440 6 0.300 0.181 0.503 0.539
79.480 6 0.308 0.186 0.508 0.539
79.520 6 0.305 0.186 0.500 0.536
79.560 6 0.303 0.186 0.502 0.539
79.600 6 0.305 0.186 0.505 0.539
79.640 6 0.303 0.189 0.497 0.533
79.680 6 0.306 0.186 0.505 0.539
79.720 6 0.302 0.186 0.500 0.539
79.760 6 0.305 0.183 0.506 0.542
79.800 6 0.300 0.181 0.503 0.542
79.840 6 0.305 0.181 0.506 0.539
79.880 6 0.300 0.178 0.503 0.539
79.920 6 0.306 0.181 0.506 0.533
79.960 6 0.305 0.181 0.503 0.533
80.000 6 0.303 0.183 0.505 0.542
80.040 6 0.303 0.183 0.505 0.542
80.080 6 0.303 0.186 0.505 0.544
80.120 6 0.303 0.186 0.506 0.547
80.160 6 0.303 0.189 0.506 0.547
80.200 6 0.305 0.189 0.508 0.547
80.240 6 0.306 0.189 0.508 0.547
80.280 6 0.308 0.181 0.517 0.553
80.320 6 0.305 0.181 0.511 0.547
80.360 6 0.309 0.181 0.516 0.547
80.400 6 0.306 0.181 0.511 0.544
80.440 6 0.306 0.181 0.511 0.544
80.480 6 0.306 0.183 0.511 0.547
80.520 6 0.306 0.183 0.511 0.547
80.560 6 0.308 0.186 0.511 0.550
80.600 6 0.308 0.189 0.511 0.550
80.640 6 0.308 0.189 0.511 0.550
80.680 6 0.309 0.192 0.512 0.553
80.720 6 0.309 0.194 0.511 0.553
80.760 6 0.311 0.194 0.512 0.553
106.400 7 0.416 0.167 0.661 0.597
106.440 7 0.416 0.167 0.661 0.600
106.480 7 0.416 0.167 0.661 0.600
106.520 7 0.416 0.169 0.659 0.597
106.560 7 0.417 0.169 0.659 0.597
106.600 7 0.416 0.169 0.659 0.597
106.640 7 0.417 0.169 0.659 0.597
106.680 7 0.417 0.169 0.659 0.597
106.720 7 0.417 0.169 0.659 0.597
106.760 7 0.416 0.167 0.661 0.600
106.800 7 0.414 0.164 0.669 0.614
106.840 7 0.412 0.169 0.653 0.597
106.880 7 0.423 0.172 0.666 0.597
106.920 7 0.417 0.169 0.659 0.600
106.960 7 0.423 0.172 0.664 0.597
107.000 7 0.417 0.172 0.659 0.600
107.040 7 0.409 0.164 0.656 0.603
107.080 7 0.408 0.167 0.656 0.606
107.120 7 0.406 0.169 0.652 0.603
107.160 7 0.408 0.167 0.655 0.603
107.200 7 0.403 0.167 0.652 0.606
107.240 7 0.409 0.167 0.656 0.603
107.280 7 0.400 0.161 0.652 0.606
107.320 7 0.406 0.167 0.655 0.606
107.360 7 0.405 0.167 0.652 0.603
107.400 7 0.409 0.169 0.655 0.603
107.440 7 0.406 0.167 0.652 0.600
107.480 7 0.411 0.169 0.655 0.600
107.520 7 0.409 0.164 0.653 0.594
107.560 7 0.416 0.169 0.655 0.592
107.600 7 0.414 0.167 0.652 0.586
107.640 7 0.417 0.167 0.655 0.586
107.680 7 0.417 0.172 0.655 0.592
107.720 7 0.419 0.181 0.655 0.597
107.760 7 0.420 0.189 0.656 0.606
107.800 7 0.420 0.197 0.653 0.608
107.840 7 0.425 0.206 0.655 0.611
107.880 7 0.422 0.206 0.652 0.611
107.920 7 0.427 0.197 0.659 0.608
107.960 7 0.423 0.189 0.656 0.603
108.000 7 0.417 0.172 0.659 0.600
108.040 7 0.419 0.178 0.656 0.597
108.080 7 0.417 0.172 0.658 0.600
108.120 7 0.417 0.172 0.659 0.600
108.160 7 0.417 0.175 0.659 0.603
108.200 7 0.419 0.178 0.659 0.603
108.240 7 0.419 0.178 0.659 0.603
108.280 7 0.419 0.181 0.659 0.603
108.320 7 0.419 0.181 0.658 0.603
108.360 7 0.419 0.181 0.655 0.600
108.400 7 0.423 0.181 0.662 0.603
108.440 7 0.416 0.181 0.653 0.600
108.480 7 0.422 0.181 0.662 0.606
108.520 7 0.420 0.183 0.652 0.594
108.560 7 0.423 0.181 0.661 0.600
108.600 7 0.416 0.175 0.655 0.597
108.640 7 0.425 0.175 0.664 0.600
108.680 7 0.416 0.172 0.655 0.592
108.720 7 0.425 0.169 0.666 0.594
108.760 7 0.417 0.169 0.656 0.592
108.800 7 0.422 0.167 0.664 0.594
108.840 7 0.417 0.164 0.659 0.594
108.880 7 0.419 0.167 0.662 0.600
108.920 7 0.419 0.167 0.659 0.594
108.960 7 0.416 0.167 0.661 0.600
109.000 7 0.417 0.172 0.659 0.600
109.040 7 0.412 0.169 0.656 0.600
109.080 7 0.416 0.167 0.659 0.600
109.120 7 0.416 0.167 0.659 0.597
109.160 7 0.416 0.167 0.659 0.597
109.200 7 0.416 0.167 0.661 0.597
109.240 7 0.416 0.167 0.659 0.597
109.280 7 0.417 0.169 0.661 0.600
109.320 7 0.417 0.169 0.662 0.603
109.360 7 0.416 0.167 0.666 0.608
109.400 7 0.412 0.167 0.659 0.603
109.440 7 0.419 0.169 0.669 0.608
109.480 7 0.414 0.169 0.659 0.603
109.520 7 0.417 0.172 0.664 0.608
109.560 7 0.414 0.169 0.659 0.603
109.600 7 0.416 0.169 0.664 0.608
109.640 7 0.414 0.172 0.658 0.603
109.680 7 0.417 0.172 0.661 0.603
109.720 7 0.411 0.167 0.658 0.603
109.760 7 0.416 0.172 0.661 0.603
109.800 7 0.414 0.167 0.661 0.603
109.840 7 0.417 0.169 0.662 0.600
109.880 7 0.414 0.172 0.661 0.606
109.920 7 0.422 0.169 0.667 0.603
109.960 7 0.414 0.169 0.658 0.600
110.000 7 0.417 0.172 0.659 0.600
110.040 7 0.417 0.169 0.661 0.600
110.080 7 0.417 0.172 0.659 0.600
110.120 7 0.419 0.175 0.656 0.592
110.160 7 0.420 0.172 0.662 0.597
110.200 7 0.414 0.167 0.656 0.597
110.240 7 0.416 0.167 0.659 0.597
110.280 7 0.417 0.164 0.664 0.600
110.320 7 0.416 0.164 0.661 0.597
110.360 7 0.416 0.164 0.661 0.597
110.400 7 0.416 0.164 0.661 0.597
110.440 7 0.416 0.164 0.661 0.597
110.480 7 0.416 0.167 0.661 0.597
110.520 7 0.416 0.167 0.659 0.597
110.560 7 0.416 0.167 0.659 0.597
110.600 7 0.411 0.167 0.656 0.600
110.640 7 0.417 0.167 0.662 0.600
110.680 7 0.409 0.161 0.658 0.600
110.720 7 0.417 0.167 0.662 0.603
110.760 7 0.411 0.167 0.656 0.603
110.800 7 0.417 0.169 0.664 0.606
110.840 7 0.411 0.169 0.656 0.603
110.880 7 0.419 0.172 0.664 0.606
110.920 7 0.412 0.169 0.656 0.603
110.960 7 0.417 0.172 0.662 0.603
111.000 7 0.417 0.172 0.659 0.600
111.040 7 0.417 0.167 0.664 0.603
111.080 7 0.409 0.161 0.659 0.600
111.120 7 0.416 0.153 0.666 0.594
111.160 7 0.409 0.144 0.661 0.586
111.200 7 0.416 0.139 0.667 0.583
111.240 7 0.412 0.142 0.664 0.586
111.280 7 0.419 0.150 0.672 0.597
111.320 7 0.411 0.156 0.669 0.611
111.360 7 0.419 0.161 0.672 0.608
111.400 7 0.412 0.158 0.667 0.611
111.440 7 0.409 0.156 0.666 0.608
111.480 7 0.417 0.156 0.670 0.606
111.520 7 0.409 0.156 0.666 0.606
111.560 7 0.417 0.158 0.672 0.608
111.600 7 0.411 0.158 0.664 0.606
111.640 7 0.416 0.161 0.669 0.608
111.680 7 0.416 0.161 0.666 0.603
111.720 7 0.420 0.164 0.667 0.603
111.760 7 0.417 0.164 0.664 0.600
111.800 7 0.417 0.164 0.667 0.606
111.840 7 0.416 0.167 0.661 0.600
111.880 7 0.419 0.169 0.662 0.597
111.920 7 0.419 0.169 0.662 0.597
111.960 7 0.420 0.175 0.659 0.597
112.000 7 0.417 0.172 0.659 0.600
112.040 7 0.427 0.186 0.647 0.578
112.080 7 0.428 0.186 0.648 0.575
112.120 7 0.422 0.186 0.642 0.575
112.160 7 0.425 0.186 0.645 0.575
112.200 7 0.422 0.186 0.642 0.575
112.240 7 0.422 0.183 0.648 0.583
112.280 7 0.422 0.183 0.644 0.578
112.320 7 0.423 0.183 0.644 0.575
112.360 7 0.423 0.186 0.645 0.578
112.400 7 0.425 0.186 0.644 0.578
112.440 7 0.425 0.189 0.645 0.578
112.480 7 0.425 0.189 0.647 0.581
112.520 7 0.427 0.189 0.647 0.581
112.560 7 0.428 0.189 0.647 0.575
112.600 7 0.427 0.183 0.648 0.575
112.640 7 0.428 0.186 0.648 0.575
112.680 7 0.428 0.183 0.648 0.575
112.720 7 0.427 0.186 0.645 0.572
112.760 7 0.427 0.189 0.645 0.575
112.800 7 0.425 0.197 0.644 0.586
112.840 7 0.430 0.200 0.650 0.592
112.880 7 0.423 0.197 0.645 0.592
112.920 7 0.428 0.192 0.648 0.581
112.960 7 0.425 0.181 0.648 0.578
113.000 7 0.438 0.183 0.639 0.542
113.040 7 0.445 0.172 0.662 0.558
113.080 7 0.442 0.172 0.661 0.558
113.120 7 0.444 0.175 0.659 0.561
113.160 7 0.445 0.183 0.656 0.558
113.200 7 0.442 0.183 0.656 0.564
113.240 7 0.442 0.183 0.656 0.564
113.280 7 0.442 0.183 0.656 0.564
113.320 7 0.442 0.181 0.658 0.564
113.360 7 0.442 0.181 0.656 0.561
113.400 7 0.445 0.181 0.661 0.564
113.440 7 0.442 0.181 0.658 0.567
113.480 7 0.442 0.183 0.658 0.569
113.520 7 0.444 0.186 0.661 0.572
113.560 7 0.441 0.183 0.658 0.572
113.600 7 0.447 0.183 0.662 0.569
113.640 7 0.442 0.183 0.656 0.567
113.680 7 0.445 0.181 0.661 0.567
113.720 7 0.442 0.181 0.655 0.561
113.760 7 0.447 0.183 0.661 0.567
113.800 7 0.444 0.183 0.659 0.569
113.840 7 0.441 0.181 0.658 0.567
113.880 7 0.441 0.169 0.664 0.569
113.920 7 0.439 0.153 0.662 0.550
113.960 7 0.441 0.139 0.662 0.536
114.000 7 0.445 0.122 0.686 0.553
114.040 7 0.433 0.111 0.680 0.550
114.080 7 0.430 0.108 0.680 0.553
114.120 7 0.436 0.119 0.680 0.553
114.160 7 0.431 0.133 0.677 0.567
114.200 7 0.422 0.133 0.673 0.581
114.240 7 0.427 0.142 0.677 0.586
114.280 7 0.420 0.147 0.667 0.586
114.320 7 0.427 0.153 0.669 0.586
114.360 7 0.419 0.156 0.662 0.589
114.400 7 0.423 0.161 0.664 0.589
114.440 7 0.422 0.167 0.661 0.592
114.480 7 0.428 0.172 0.666 0.594
114.520 7 0.425 0.172 0.662 0.597
114.560 7 0.428 0.178 0.664 0.597
114.600 7 0.430 0.178 0.666 0.597
114.640 7 0.431 0.178 0.666 0.597
114.680 7 0.431 0.178 0.667 0.597
114.720 7 0.431 0.178 0.669 0.597
114.760 7 0.433 0.178 0.669 0.597
114.800 7 0.433 0.178 0.669 0.597
114.840 7 0.430 0.178 0.666 0.597
114.880 7 0.436 0.178 0.670 0.597
114.920 7 0.433 0.178 0.667 0.594
114.960 7 0.434 0.181 0.669 0.594
115.000 7 0.417 0.172 0.659 0.600
115.040 7 0.420 0.178 0.664 0.606
115.080 7 0.417 0.175 0.661 0.606
115.120 7 0.417 0.175 0.664 0.611
115.160 7 0.409 0.172 0.656 0.611
115.200 7 0.422 0.175 0.669 0.611
115.240 7 0.420 0.186 0.656 0.603
115.280 7 0.420 0.186 0.658 0.608
115.320 7 0.420 0.189 0.658 0.611
115.360 7 0.420 0.192 0.659 0.611
115.400 7 0.422 0.192 0.659 0.611
115.440 7 0.422 0.192 0.659 0.611
115.480 7 0.422 0.192 0.661 0.614
115.520 7 0.420 0.189 0.659 0.614
115.560 7 0.427 0.189 0.666 0.611
115.600 7 0.420 0.183 0.662 0.614
115.640 7 0.430 0.186 0.670 0.611
115.680 7 0.425 0.178 0.667 0.608
115.720 7 0.433 0.175 0.675 0.600
115.760 7 0.428 0.167 0.673 0.600
115.800 7 0.438 0.169 0.680 0.600
115.840 7 0.438 0.169 0.680 0.600
115.880 7 0.436 0.169 0.680 0.600
115.920 7 0.444 0.169 0.686 0.600
115.960 7 0.439 0.167 0.681 0.597
116.000 7 0.445 0.172 0.686 0.600
116.040 7 0.444 0.142 0.697 0.592
116.080 7 0.441 0.142 0.694 0.592
116.120 7 0.442 0.142 0.694 0.592
116.160 7 0.442 0.144 0.694 0.594
116.200 7 0.442 0.144 0.694 0.594
116.240 7 0.444 0.147 0.697 0.594
116.280 7 0.438 0.147 0.691 0.597
116.320 7 0.444 0.147 0.697 0.597
116.360 7 0.433 0.142 0.694 0.603
116.400 7 0.445 0.153 0.700 0.606
116.440 7 0.433 0.147 0.692 0.608
116.480 7 0.442 0.161 0.697 0.611
116.520 7 0.434 0.161 0.691 0.617
116.560 7 0.441 0.161 0.697 0.617
116.600 7 0.436 0.161 0.691 0.614
116.640 7 0.439 0.158 0.691 0.608
116.680 7 0.442 0.158 0.691 0.597
116.720 7 0.442 0.153 0.691 0.592
116.760 7 0.444 0.150 0.694 0.594
116.800 7 0.439 0.147 0.689 0.594
116.840 7 0.447 0.153 0.694 0.594
116.880 7 0.447 0.164 0.691 0.597
116.920 7 0.441 0.172 0.688 0.611
116.960 7 0.447 0.183 0.694 0.622
117.000 7 0.445 0.172 0.686 0.600
117.040 7 0.447 0.189 0.681 0.606
117.080 7 0.442 0.183 0.680 0.606
117.120 7 0.445 0.181 0.683 0.603
117.160 7 0.445 0.178 0.683 0.603
117.200 7 0.442 0.175 0.680 0.597
117.240 7 0.445 0.172 0.684 0.597
117.280 7 0.444 0.175 0.681 0.597
117.320 7 0.439 0.172 0.684 0.606
117.360 7 0.442 0.172 0.688 0.608
117.400 7 0.436 0.175 0.680 0.608
117.440 7 0.441 0.175 0.681 0.603
117.480 7 0.444 0.175 0.683 0.600
117.520 7 0.438 0.169 0.677 0.594
117.560 7 0.445 0.167 0.688 0.597
117.600 7 0.436 0.161 0.678 0.592
117.640 7 0.444 0.158 0.691 0.597
117.680 7 0.430 0.153 0.680 0.597
117.720 7 0.439 0.150 0.692 0.600
117.760 7 0.433 0.147 0.686 0.597
117.800 7 0.439 0.144 0.692 0.594
117.840 7 0.433 0.142 0.688 0.594
117.880 7 0.438 0.142 0.691 0.592
117.920 7 0.438 0.142 0.692 0.592
117.960 7 0.439 0.144 0.692 0.594
118.000 7 0.445 0.172 0.686 0.600
118.040 7 0.452 0.178 0.688 0.597
118.080 7 0.452 0.178 0.688 0.597
118.120 7 0.453 0.178 0.688 0.594
118.160 7 0.452 0.175 0.691 0.597
118.200 7 0.455 0.172 0.694 0.594
118.240 7 0.447 0.167 0.689 0.594
118.280 7 0.452 0.167 0.691 0.594
118.320 7 0.453 0.178 0.688 0.594
118.360 7 0.452 0.186 0.688 0.603
118.400 7 0.453 0.189 0.684 0.603
118.440 7 0.450 0.181 0.684 0.594
118.480 7 0.447 0.167 0.686 0.592
118.520 7 0.455 0.169 0.694 0.594
118.560 7 0.450 0.172 0.683 0.586
118.600 7 0.453 0.178 0.688 0.594
118.640 7 0.450 0.175 0.688 0.600
118.680 7 0.450 0.178 0.686 0.597
118.720 7 0.448 0.178 0.686 0.600
118.760 7 0.448 0.181 0.684 0.600
118.800 7 0.445 0.178 0.684 0.603
118.840 7 0.442 0.178 0.680 0.600
118.880 7 0.442 0.175 0.683 0.603
118.920 7 0.442 0.175 0.683 0.606
118.960 7 0.441 0.175 0.683 0.603
119.000 7 0.445 0.172 0.686 0.600
119.040 7 0.442 0.175 0.681 0.597
119.080 7 0.450 0.175 0.689 0.600
119.120 7 0.442 0.175 0.681 0.600
119.160 7 0.447 0.175 0.689 0.603
119.200 7 0.442 0.172 0.684 0.603
119.240 7 0.448 0.169 0.691 0.600
119.280 7 0.444 0.167 0.686 0.597
119.320 7 0.450 0.164 0.694 0.597
119.360 7 0.444 0.161 0.689 0.597
119.400 7 0.450 0.161 0.697 0.597
119.440 7 0.448 0.161 0.694 0.597
119.480 7 0.452 0.161 0.697 0.597
119.520 7 0.448 0.161 0.695 0.597
119.560 7 0.452 0.161 0.697 0.597
119.600 7 0.450 0.161 0.695 0.597
119.640 7 0.453 0.161 0.697 0.594
119.680 7 0.447 0.161 0.691 0.594
119.720 7 0.453 0.164 0.695 0.597
119.760 7 0.447 0.164 0.691 0.597
119.800 7 0.453 0.167 0.695 0.597
119.840 7 0.447 0.167 0.688 0.597
119.880 7 0.453 0.169 0.692 0.594
119.920 7 0.447 0.169 0.686 0.594
119.960 7 0.452 0.169 0.691 0.594
120.000 7 0.445 0.172 0.686 0.600
120.040 7 0.444 0.169 0.683 0.594
120.080 7 0.450 0.169 0.691 0.597
120.120 7 0.441 0.172 0.681 0.597
120.160 7 0.447 0.169 0.688 0.597
120.200 7 0.450 0.169 0.691 0.600
120.240 7 0.447 0.169 0.686 0.594
120.280 7 0.448 0.169 0.691 0.600
120.320 7 0.448 0.172 0.691 0.600
120.360 7 0.450 0.175 0.689 0.600
120.400 7 0.447 0.175 0.688 0.600
120.440 7 0.447 0.175 0.686 0.600
120.480 7 0.448 0.175 0.689 0.603
120.520 7 0.447 0.178 0.683 0.597
120.560 7 0.447 0.178 0.686 0.600
120.600 7 0.447 0.178 0.686 0.600
120.640 7 0.447 0.175 0.684 0.600
120.680 7 0.445 0.175 0.684 0.597
120.720 7 0.447 0.175 0.684 0.597
120.760 7 0.450 0.178 0.688 0.600
120.800 7 0.445 0.178 0.684 0.600
120.840 7 0.452 0.178 0.691 0.600
120.880 7 0.447 0.178 0.684 0.600
120.920 7 0.447 0.175 0.686 0.603
120.960 7 0.444 0.175 0.683 0.600
121.000 7 0.445 0.172 0.686 0.600
121.040 7 0.452 0.161 0.691 0.586
121.080 7 0.452 0.161 0.691 0.586
121.120 7 0.453 0.164 0.692 0.589
121.160 7 0.450 0.164 0.689 0.586
121.200 7 0.455 0.161 0.695 0.589
121.240 7 0.450 0.164 0.686 0.586
121.280 7 0.450 0.164 0.688 0.586
121.320 7 0.447 0.161 0.686 0.589
121.360 7 0.445 0.167 0.683 0.589
121.400 7 0.445 0.167 0.684 0.592
121.440 7 0.448 0.167 0.689 0.594
121.480 7 0.453 0.172 0.692 0.597
121.520 7 0.453 0.172 0.689 0.594
121.560 7 0.455 0.172 0.694 0.597
121.600 7 0.447 0.167 0.689 0.594
121.640 7 0.447 0.156 0.689 0.586
121.680 7 0.456 0.153 0.695 0.575
121.720 7 0.452 0.139 0.695 0.572
121.760 7 0.461 0.133 0.702 0.561
121.800 7 0.458 0.128 0.700 0.558
121.840 7 0.466 0.128 0.709 0.561
121.880 7 0.463 0.128 0.705 0.558
121.920 7 0.464 0.128 0.709 0.564
121.960 7 0.464 0.131 0.709 0.569
122.000 7 0.472 0.122 0.714 0.553
122.040 7 0.475 0.164 0.698 0.561
122.080 7 0.480 0.172 0.698 0.561
122.120 7 0.475 0.167 0.697 0.561
122.160 7 0.481 0.167 0.703 0.564
122.200 7 0.473 0.172 0.692 0.561
122.240 7 0.480 0.172 0.702 0.567
122.280 7 0.475 0.175 0.695 0.569
122.320 7 0.477 0.178 0.698 0.572
122.360 7 0.473 0.178 0.695 0.569
122.400 7 0.480 0.181 0.700 0.572
122.440 7 0.473 0.183 0.689 0.567
122.480 7 0.478 0.181 0.702 0.578
122.520 7 0.472 0.178 0.695 0.578
122.560 7 0.477 0.178 0.702 0.578
122.600 7 0.475 0.175 0.698 0.569
122.640 7 0.477 0.178 0.697 0.569
122.680 7 0.473 0.172 0.698 0.572
122.720 7 0.478 0.172 0.702 0.569
122.760 7 0.475 0.178 0.694 0.567
122.800 7 0.478 0.175 0.700 0.569
122.840 7 0.475 0.181 0.694 0.569
122.880 7 0.477 0.181 0.697 0.572
122.920 7 0.478 0.183 0.697 0.572
122.960 7 0.477 0.181 0.697 0.572
123.000 7 0.483 0.222 0.684 0.581
123.040 7 0.469 0.178 0.691 0.575
123.080 7 0.470 0.181 0.694 0.575
123.120 7 0.467 0.181 0.689 0.578
123.160 7 0.473 0.183 0.695 0.581
123.200 7 0.470 0.183 0.692 0.581
123.240 7 0.467 0.183 0.691 0.583
123.280 7 0.470 0.181 0.694 0.581
123.320 7 0.466 0.178 0.691 0.575
123.360 7 0.470 0.175 0.695 0.575
123.400 7 0.466 0.172 0.692 0.575
123.440 7 0.472 0.172 0.697 0.575
123.480 7 0.467 0.169 0.692 0.572
123.520 7 0.469 0.169 0.695 0.575
123.560 7 0.467 0.169 0.692 0.569
123.600 7 0.466 0.169 0.692 0.572
123.640 7 0.464 0.169 0.691 0.572
123.680 7 0.464 0.172 0.689 0.572
123.720 7 0.463 0.175 0.686 0.572
123.760 7 0.463 0.181 0.683 0.572
123.800 7 0.458 0.178 0.681 0.578
123.840 7 0.456 0.178 0.680 0.575
123.880 7 0.456 0.172 0.680 0.569
123.920 7 0.456 0.167 0.680 0.564
123.960 7 0.458 0.164 0.680 0.561
124.000 7 0.445 0.122 0.686 0.553
124.040 7 0.445 0.136 0.688 0.569
124.080 7 0.445 0.142 0.684 0.569
124.120 7 0.445 0.147 0.683 0.572
124.160 7 0.444 0.156 0.678 0.575
124.200 7 0.450 0.167 0.683 0.581
124.240 7 0.448 0.175 0.677 0.583
124.280 7 0.447 0.178 0.675 0.586
124.320 7 0.450 0.178 0.680 0.586
124.360 7 0.444 0.172 0.675 0.586
124.400 7 0.450 0.169 0.681 0.583
124.440 7 0.445 0.167 0.677 0.578
124.480 7 0.450 0.161 0.683 0.575
124.520 7 0.444 0.153 0.680 0.575
124.560 7 0.448 0.147 0.688 0.572
124.600 7 0.445 0.144 0.684 0.569
124.640 7 0.450 0.142 0.692 0.575
124.680 7 0.447 0.142 0.689 0.575
124.720 7 0.453 0.142 0.695 0.575
124.760 7 0.450 0.142 0.692 0.575
124.800 7 0.452 0.142 0.694 0.575
124.840 7 0.450 0.144 0.691 0.575
124.880 7 0.448 0.144 0.691 0.575
124.920 7 0.448 0.150 0.688 0.578
124.960 7 0.450 0.158 0.686 0.578
125.000 7 0.445 0.172 0.686 0.600
125.040 7 0.442 0.167 0.677 0.583
125.080 7 0.447 0.169 0.680 0.586
125.120 7 0.439 0.167 0.675 0.586
125.160 7 0.444 0.161 0.680 0.581
125.200 7 0.438 0.156 0.675 0.578
125.240 7 0.439 0.147 0.680 0.578
125.280 7 0.438 0.142 0.680 0.575
125.320 7 0.438 0.142 0.680 0.575
125.360 7 0.433 0.142 0.678 0.578
125.400 7 0.439 0.147 0.683 0.581
125.440 7 0.436 0.153 0.678 0.583
125.480 7 0.439 0.156 0.680 0.583
125.520 7 0.441 0.153 0.681 0.581
125.560 7 0.441 0.144 0.683 0.578
125.600 7 0.442 0.139 0.683 0.569
125.640 7 0.442 0.133 0.686 0.569
125.680 7 0.442 0.133 0.688 0.569
125.720 7 0.444 0.133 0.686 0.567
125.760 7 0.444 0.133 0.688 0.567
125.800 7 0.444 0.133 0.688 0.567
125.840 7 0.444 0.136 0.688 0.569
125.880 7 0.441 0.133 0.686 0.572
125.920 7 0.447 0.133 0.692 0.572
125.960 7 0.444 0.133 0.688 0.569
126.000 7 0.445 0.122 0.686 0.553
126.040 7 0.447 0.119 0.686 0.547
126.080 7 0.448 0.119 0.686 0.544
126.120 7 0.448 0.114 0.689 0.544
126.160 7 0.450 0.111 0.691 0.542
126.200 7 0.445 0.106 0.689 0.542
126.240 7 0.445 0.103 0.689 0.542
126.280 7 0.450 0.111 0.694 0.547
126.320 7 0.448 0.122 0.689 0.553
126.360 7 0.452 0.139 0.692 0.567
126.400 7 0.455 0.153 0.694 0.581
126.440 7 0.455 0.169 0.689 0.592
126.480 7 0.456 0.175 0.692 0.597
126.520 7 0.450 0.178 0.684 0.597
126.560 7 0.458 0.172 0.692 0.592
126.600 7 0.452 0.167 0.683 0.581
126.640 7 0.452 0.153 0.686 0.572
126.680 7 0.452 0.142 0.689 0.567
126.720 7 0.447 0.136 0.683 0.558
126.760 7 0.450 0.131 0.686 0.556
126.800 7 0.445 0.131 0.683 0.556
126.840 7 0.447 0.128 0.688 0.558
126.880 7 0.450 0.131 0.689 0.556
126.920 7 0.445 0.131 0.683 0.556
126.960 7 0.450 0.131 0.686 0.553
127.000 7 0.445 0.122 0.686 0.553
127.040 7 0.450 0.128 0.695 0.564
127.080 7 0.442 0.122 0.688 0.558
127.120 7 0.447 0.119 0.691 0.556
127.160 7 0.447 0.122 0.691 0.558
127.200 7 0.452 0.131 0.695 0.564
127.240 7 0.448 0.144 0.684 0.564
127.280 7 0.450 0.147 0.692 0.581
127.320 7 0.445 0.153 0.684 0.581
127.360 7 0.447 0.147 0.691 0.581
127.400 7 0.442 0.136 0.689 0.578
127.440 7 0.447 0.128 0.695 0.572
127.480 7 0.445 0.122 0.691 0.561
127.520 7 0.442 0.111 0.695 0.561
127.560 7 0.445 0.111 0.695 0.558
127.600 7 0.447 0.111 0.697 0.558
127.640 7 0.447 0.114 0.698 0.561
127.680 7 0.450 0.119 0.700 0.567
127.720 7 0.445 0.125 0.692 0.569
127.760 7 0.445 0.122 0.695 0.567
127.800 7 0.444 0.111 0.697 0.561
127.840 7 0.444 0.108 0.692 0.550
127.880 7 0.444 0.106 0.694 0.550
127.920 7 0.438 0.119 0.689 0.567
127.960 7 0.436 0.142 0.684 0.583
128.000 7 0.445 0.172 0.686 0.600
128.040 7 0.444 0.169 0.684 0.597
128.080 7 0.448 0.156 0.688 0.581
128.120 7 0.455 0.150 0.697 0.581
128.160 7 0.456 0.133 0.695 0.558
128.200 7 0.455 0.133 0.684 0.539
128.240 7 0.456 0.133 0.684 0.539
128.280 7 0.456 0.136 0.688 0.547
128.320 7 0.456 0.142 0.689 0.556
128.360 7 0.456 0.144 0.691 0.558
128.400 7 0.463 0.144 0.694 0.556
128.440 7 0.458 0.142 0.691 0.556
128.480 7 0.459 0.144 0.692 0.558
128.520 7 0.459 0.144 0.692 0.558
128.560 7 0.459 0.144 0.694 0.561
128.600 7 0.467 0.147 0.697 0.558
128.640 7 0.459 0.144 0.694 0.558
128.680 7 0.456 0.144 0.688 0.558
128.720 7 0.459 0.147 0.691 0.561
128.760 7 0.455 0.153 0.683 0.558
128.800 7 0.463 0.150 0.692 0.558
142.680 8 0.503 0.186 0.597 0.356
142.720 8 0.502 0.186 0.597 0.356
142.760 8 0.502 0.186 0.597 0.356
142.800 8 0.503 0.186 0.598 0.358
142.840 8 0.502 0.189 0.594 0.353
142.880 8 0.502 0.186 0.598 0.356
142.920 8 0.502 0.186 0.598 0.356
142.960 8 0.502 0.183 0.598 0.356
143.000 8 0.502 0.183 0.598 0.356
143.040 8 0.498 0.186 0.598 0.364
143.080 8 0.502 0.186 0.602 0.364
143.120 8 0.498 0.186 0.597 0.361
143.160 8 0.502 0.186 0.602 0.364
143.200 8 0.498 0.189 0.598 0.364
143.240 8 0.502 0.189 0.600 0.364
143.280 8 0.500 0.189 0.598 0.364
143.320 8 0.498 0.189 0.597 0.364
143.360 8 0.502 0.189 0.600 0.367
143.400 8 0.498 0.192 0.597 0.364
143.440 8 0.502 0.192 0.600 0.367
143.480 8 0.498 0.189 0.598 0.367
143.520 8 0.502 0.189 0.602 0.367
143.560 8 0.500 0.189 0.602 0.369
143.600 8 0.500 0.189 0.602 0.369
143.640 8 0.500 0.192 0.600 0.369
143.680 8 0.502 0.192 0.600 0.367
143.720 8 0.500 0.192 0.598 0.369
143.760 8 0.503 0.194 0.602 0.369
143.800 8 0.498 0.194 0.597 0.367
143.840 8 0.502 0.194 0.600 0.369
143.880 8 0.502 0.197 0.597 0.367
143.920 8 0.502 0.194 0.598 0.367
143.960 8 0.502 0.197 0.598 0.369
144.000 8 0.502 0.203 0.598 0.375
144.040 8 0.500 0.203 0.595 0.375
144.080 8 0.502 0.203 0.597 0.375
144.120 8 0.502 0.203 0.597 0.375
144.160 8 0.502 0.203 0.597 0.375
144.200 8 0.502 0.206 0.597 0.375
144.240 8 0.500 0.206 0.595 0.375
144.280 8 0.502 0.203 0.600 0.378
144.320 8 0.502 0.203 0.597 0.375
144.360 8 0.502 0.203 0.600 0.378
144.400 8 0.500 0.203 0.598 0.375
144.440 8 0.502 0.206 0.598 0.378
144.480 8 0.502 0.206 0.598 0.378
144.520 8 0.503 0.206 0.598 0.375
144.560 8 0.502 0.206 0.597 0.375
144.600 8 0.502 0.206 0.597 0.375
144.640 8 0.505 0.206 0.600 0.375
144.680 8 0.502 0.203 0.598 0.375
144.720 8 0.503 0.203 0.600 0.375
144.760 8 0.502 0.203 0.600 0.375
144.800 8 0.503 0.206 0.600 0.378
144.840 8 0.502 0.206 0.598 0.375
144.880 8 0.503 0.203 0.600 0.378
144.920 8 0.503 0.203 0.602 0.378
144.960 8 0.502 0.203 0.598 0.375
145.000 8 0.502 0.203 0.598 0.375
145.040 8 0.503 0.203 0.598 0.372
145.080 8 0.505 0.203 0.600 0.375
145.120 8 0.503 0.203 0.598 0.372
145.160 8 0.503 0.203 0.600 0.375
145.200 8 0.503 0.203 0.600 0.375
145.240 8 0.503 0.203 0.600 0.375
145.280 8 0.502 0.206 0.598 0.375
145.320 8 0.502 0.206 0.598 0.375
145.360 8 0.502 0.203 0.598 0.375
145.400 8 0.502 0.203 0.598 0.375
145.440 8 0.502 0.203 0.598 0.375
145.480 8 0.503 0.203 0.598 0.375
145.520 8 0.502 0.203 0.597 0.372
145.560 8 0.502 0.206 0.597 0.375
145.600 8 0.500 0.203 0.597 0.375
145.640 8 0.498 0.203 0.597 0.375
145.680 8 0.502 0.200 0.598 0.375
145.720 8 0.500 0.203 0.597 0.375
145.760 8 0.500 0.203 0.597 0.375
145.800 8 0.500 0.200 0.598 0.375
145.840 8 0.497 0.200 0.598 0.378
145.880 8 0.498 0.197 0.598 0.378
145.920 8 0.500 0.200 0.598 0.375
145.960 8 0.498 0.200 0.598 0.378
146.000 8 0.502 0.203 0.598 0.375
146.040 8 0.497 0.197 0.592 0.367
146.080 8 0.497 0.194 0.594 0.367
146.120 8 0.497 0.197 0.592 0.364
146.160 8 0.498 0.197 0.594 0.367
146.200 8 0.497 0.194 0.594 0.367
146.240 8 0.497 0.194 0.594 0.367
146.280 8 0.497 0.194 0.592 0.364
146.320 8 0.497 0.194 0.592 0.364
146.360 8 0.495 0.192 0.592 0.364
146.400 8 0.495 0.192 0.592 0.364
146.440 8 0.495 0.192 0.592 0.364
146.480 8 0.495 0.192 0.592 0.364
146.520 8 0.495 0.194 0.592 0.364
146.560 8 0.495 0.194 0.592 0.364
146.600 8 0.497 0.194 0.591 0.364
146.640 8 0.495 0.192 0.592 0.364
146.680 8 0.494 0.192 0.592 0.367
146.720 8 0.495 0.194 0.592 0.367
146.760 8 0.494 0.194 0.589 0.367
146.800 8 0.495 0.194 0.594 0.369
146.840 8 0.494 0.194 0.592 0.367
146.880 8 0.494 0.194 0.592 0.367
146.920 8 0.494 0.194 0.592 0.367
146.960 8 0.495 0.194 0.591 0.364
147.000 8 0.491 0.183 0.588 0.356
147.040 8 0.492 0.183 0.588 0.356
147.080 8 0.491 0.183 0.588 0.356
147.120 8 0.491 0.183 0.588 0.356
147.160 8 0.491 0.183 0.588 0.356
147.200 8 0.491 0.186 0.588 0.356
147.240 8 0.492 0.189 0.588 0.356
147.280 8 0.489 0.189 0.586 0.358
147.320 8 0.491 0.189 0.588 0.358
147.360 8 0.491 0.189 0.584 0.358
147.400 8 0.491 0.186 0.586 0.358
147.440 8 0.491 0.186 0.586 0.358
147.480 8 0.492 0.186 0.588 0.358
147.520 8 0.489 0.186 0.584 0.356
147.560 8 0.491 0.186 0.588 0.358
147.600 8 0.491 0.183 0.588 0.356
147.640 8 0.489 0.183 0.584 0.356
147.680 8 0.491 0.183 0.589 0.358
147.720 8 0.487 0.183 0.586 0.356
147.760 8 0.489 0.183 0.588 0.358
147.800 8 0.489 0.183 0.586 0.358
147.840 8 0.489 0.183 0.588 0.356
147.880 8 0.489 0.183 0.588 0.356
147.920 8 0.489 0.183 0.586 0.356
147.960 8 0.489 0.183 0.588 0.356
148.000 8 0.491 0.183 0.588 0.356
148.040 8 0.497 0.186 0.591 0.353
148.080 8 0.494 0.186 0.588 0.356
148.120 8 0.495 0.186 0.591 0.356
148.160 8 0.494 0.183 0.589 0.353
148.200 8 0.495 0.183 0.591 0.353
148.240 8 0.494 0.183 0.589 0.353
148.280 8 0.495 0.183 0.589 0.353
148.320 8 0.497 0.186 0.591 0.353
148.360 8 0.495 0.183 0.591 0.353
148.400 8 0.495 0.183 0.592 0.356
148.440 8 0.495 0.181 0.592 0.356
148.480 8 0.495 0.183 0.591 0.353
148.520 8 0.495 0.181 0.592 0.353
148.560 8 0.494 0.178 0.592 0.350
148.600 8 0.497 0.178 0.594 0.350
148.640 8 0.495 0.178 0.592 0.350
148.680 8 0.498 0.178 0.595 0.350
148.720 8 0.497 0.175 0.594 0.350
148.760 8 0.497 0.178 0.595 0.350
148.800 8 0.498 0.178 0.595 0.350
148.840 8 0.497 0.178 0.595 0.353
148.880 8 0.498 0.178 0.595 0.353
148.920 8 0.498 0.181 0.595 0.353
148.960 8 0.498 0.181 0.597 0.356
149.000 8 0.502 0.183 0.598 0.356
149.040 8 0.502 0.183 0.598 0.356
149.080 8 0.502 0.183 0.598 0.356
149.120 8 0.503 0.183 0.598 0.356
149.160 8 0.503 0.183 0.600 0.356
149.200 8 0.503 0.186 0.600 0.356
149.240 8 0.505 0.186 0.600 0.356
149.280 8 0.505 0.186 0.600 0.358
149.320 8 0.505 0.186 0.602 0.358
149.360 8 0.503 0.189 0.598 0.356
149.400 8 0.506 0.189 0.603 0.358
149.440 8 0.503 0.186 0.598 0.358
149.480 8 0.505 0.186 0.602 0.358
149.520 8 0.503 0.186 0.600 0.358
149.560 8 0.502 0.186 0.598 0.358
149.600 8 0.503 0.186 0.600 0.358
149.640 8 0.503 0.186 0.600 0.358
149.680 8 0.503 0.186 0.600 0.358
149.720 8 0.505 0.186 0.600 0.356
149.760 8 0.503 0.186 0.600 0.358
149.800 8 0.502 0.186 0.600 0.358
149.840 8 0.500 0.183 0.600 0.361
149.880 8 0.503 0.183 0.603 0.361
149.920 8 0.500 0.183 0.600 0.358
149.960 8 0.502 0.183 0.600 0.358
150.000 8 0.502 0.183 0.598 0.356
150.040 8 0.500 0.192 0.598 0.367
150.080 8 0.502 0.192 0.598 0.364
150.120 8 0.505 0.194 0.600 0.364
150.160 8 0.500 0.194 0.595 0.364
150.200 8 0.502 0.192 0.600 0.367
150.240 8 0.502 0.192 0.598 0.364
150.280 8 0.502 0.194 0.597 0.364
150.320 8 0.505 0.194 0.600 0.364
150.360 8 0.503 0.194 0.597 0.364
150.400 8 0.503 0.194 0.598 0.364
150.440 8 0.500 0.192 0.598 0.367
150.480 8 0.502 0.192 0.600 0.367
150.520 8 0.502 0.192 0.598 0.364
150.560 8 0.502 0.192 0.598 0.364
150.600 8 0.502 0.192 0.597 0.361
150.640 8 0.502 0.192 0.598 0.364
150.680 8 0.502 0.194 0.598 0.367
150.720 8 0.502 0.194 0.598 0.367
150.760 8 0.500 0.194 0.598 0.367
150.800 8 0.500 0.192 0.598 0.367
150.840 8 0.500 0.192 0.597 0.367
150.880 8 0.502 0.194 0.598 0.364
150.920 8 0.502 0.194 0.598 0.364
150.960 8 0.500 0.194 0.597 0.367
151.000 8 0.502 0.203 0.598 0.375
151.040 8 0.500 0.194 0.597 0.367
151.080 8 0.502 0.197 0.597 0.367
151.120 8 0.502 0.194 0.597 0.367
151.160 8 0.500 0.194 0.597 0.367
151.200 8 0.503 0.194 0.598 0.364
151.240 8 0.502 0.192 0.597 0.364
151.280 8 0.502 0.194 0.597 0.364
151.320 8 0.502 0.192 0.598 0.364
151.360 8 0.502 0.192 0.598 0.367
151.400 8 0.502 0.194 0.598 0.364
151.440 8 0.502 0.192 0.598 0.364
151.480 8 0.502 0.194 0.598 0.364
151.520 8 0.502 0.192 0.598 0.364
151.560 8 0.503 0.192 0.600 0.364
151.600 8 0.502 0.192 0.598 0.364
151.640 8 0.502 0.192 0.598 0.364
151.680 8 0.503 0.192 0.600 0.364
151.720 8 0.502 0.192 0.598 0.364
151.760 8 0.503 0.192 0.600 0.364
151.800 8 0.502 0.192 0.598 0.364
151.840 8 0.502 0.192 0.598 0.364
151.880 8 0.503 0.192 0.600 0.364
151.920 8 0.502 0.192 0.600 0.364
151.960 8 0.502 0.194 0.597 0.361
152.000 8 0.502 0.183 0.598 0.356
152.040 8 0.503 0.192 0.598 0.361
152.080 8 0.502 0.192 0.598 0.361
152.120 8 0.503 0.192 0.600 0.364
152.160 8 0.502 0.192 0.597 0.361
152.200 8 0.503 0.192 0.600 0.361
152.240 8 0.502 0.192 0.598 0.361
152.280 8 0.502 0.192 0.598 0.361
152.320 8 0.502 0.192 0.598 0.364
152.360 8 0.502 0.192 0.600 0.364
152.400 8 0.502 0.192 0.598 0.364
152.440 8 0.503 0.194 0.600 0.367
152.480 8 0.500 0.192 0.598 0.367
152.520 8 0.502 0.194 0.598 0.367
152.560 8 0.505 0.194 0.600 0.367
152.600 8 0.502 0.192 0.598 0.364
152.640 8 0.505 0.192 0.602 0.367
152.680 8 0.503 0.192 0.600 0.364
152.720 8 0.503 0.192 0.602 0.367
152.760 8 0.503 0.192 0.602 0.367
152.800 8 0.503 0.192 0.600 0.364
152.840 8 0.503 0.192 0.600 0.367
152.880 8 0.502 0.194 0.598 0.367
152.920 8 0.502 0.194 0.600 0.367
152.960 8 0.502 0.194 0.600 0.369
153.000 8 0.502 0.203 0.598 0.375
153.040 8 0.498 0.192 0.605 0.381
153.080 8 0.497 0.192 0.603 0.378
153.120 8 0.500 0.189 0.605 0.378
153.160 8 0.497 0.189 0.603 0.378
153.200 8 0.500 0.189 0.606 0.378
153.240 8 0.497 0.189 0.603 0.375
153.280 8 0.498 0.186 0.605 0.375
153.320 8 0.498 0.186 0.603 0.372
153.360 8 0.500 0.183 0.605 0.369
153.400 8 0.497 0.181 0.603 0.369
153.440 8 0.498 0.178 0.606 0.369
153.480 8 0.497 0.178 0.603 0.369
153.520 8 0.498 0.175 0.608 0.369
153.560 8 0.497 0.175 0.606 0.369
153.600 8 0.498 0.178 0.606 0.369
153.640 8 0.498 0.178 0.606 0.369
153.680 8 0.500 0.181 0.608 0.372
153.720 8 0.500 0.181 0.608 0.372
153.760 8 0.500 0.183 0.608 0.375
153.800 8 0.500 0.183 0.608 0.375
153.840 8 0.500 0.183 0.611 0.381
153.880 8 0.500 0.183 0.608 0.378
153.920 8 0.500 0.186 0.608 0.375
153.960 8 0.502 0.186 0.609 0.378
154.000 8 0.498 0.172 0.616 0.381
154.040 8 0.500 0.175 0.613 0.378
154.080 8 0.498 0.172 0.614 0.381
154.120 8 0.498 0.172 0.614 0.381
154.160 8 0.498 0.172 0.614 0.381
154.200 8 0.498 0.172 0.614 0.381
154.240 8 0.498 0.172 0.614 0.381
154.280 8 0.498 0.172 0.614 0.381
154.320 8 0.497 0.172 0.614 0.381
154.360 8 0.498 0.172 0.616 0.381
154.400 8 0.497 0.172 0.613 0.381
154.440 8 0.498 0.172 0.616 0.381
154.480 8 0.497 0.172 0.614 0.381
154.520 8 0.497 0.172 0.616 0.383
154.560 8 0.498 0.172 0.616 0.381
154.600 8 0.498 0.169 0.617 0.383
154.640 8 0.495 0.169 0.614 0.381
154.680 8 0.498 0.172 0.617 0.383
154.720 8 0.498 0.172 0.616 0.381
154.760 8 0.498 0.172 0.616 0.381
154.800 8 0.500 0.175 0.614 0.378
154.840 8 0.498 0.172 0.616 0.381
154.880 8 0.500 0.172 0.617 0.381
154.920 8 0.498 0.172 0.614 0.378
154.960 8 0.500 0.172 0.619 0.381
155.000 8 0.498 0.172 0.616 0.381
155.040 8 0.497 0.169 0.616 0.378
155.080 8 0.497 0.169 0.613 0.378
155.120 8 0.497 0.169 0.616 0.378
155.160 8 0.497 0.169 0.614 0.378
155.200 8 0.497 0.169 0.616 0.378
155.240 8 0.497 0.169 0.614 0.378
155.280 8 0.497 0.169 0.614 0.378
155.320 8 0.498 0.169 0.614 0.378
155.360 8 0.500 0.169 0.616 0.378
155.400 8 0.498 0.169 0.614 0.378
155.440 8 0.498 0.169 0.614 0.378
155.480 8 0.498 0.169 0.614 0.378
155.520 8 0.498 0.172 0.616 0.381
155.560 8 0.498 0.172 0.616 0.381
155.600 8 0.498 0.172 0.616 0.381
155.640 8 0.500 0.172 0.616 0.381
155.680 8 0.502 0.172 0.617 0.381
155.720 8 0.500 0.172 0.617 0.381
155.760 8 0.500 0.172 0.617 0.381
155.800 8 0.500 0.175 0.617 0.383
155.840 8 0.500 0.175 0.617 0.383
155.880 8 0.500 0.175 0.617 0.383
155.920 8 0.502 0.175 0.619 0.383
155.960 8 0.502 0.175 0.619 0.383
156.000 8 0.498 0.172 0.616 0.381
156.040 8 0.503 0.175 0.619 0.383
156.080 8 0.503 0.178 0.619 0.383
156.120 8 0.502 0.178 0.617 0.381
156.160 8 0.505 0.175 0.622 0.383
156.200 8 0.502 0.175 0.617 0.381
156.240 8 0.505 0.175 0.620 0.381
156.280 8 0.503 0.178 0.617 0.378
156.320 8 0.508 0.178 0.622 0.381
156.360 8 0.503 0.175 0.617 0.378
156.400 8 0.506 0.175 0.623 0.383
156.440 8 0.505 0.175 0.620 0.381
156.480 8 0.506 0.175 0.620 0.381
156.520 8 0.505 0.175 0.620 0.378
156.560 8 0.505 0.175 0.622 0.381
156.600 8 0.505 0.175 0.622 0.383
156.640 8 0.505 0.175 0.623 0.383
156.680 8 0.506 0.172 0.625 0.383
156.720 8 0.503 0.169 0.623 0.383
156.760 8 0.508 0.172 0.625 0.381
156.800 8 0.506 0.172 0.623 0.381
156.840 8 0.506 0.172 0.623 0.381
156.880 8 0.506 0.172 0.625 0.381
156.920 8 0.508 0.172 0.625 0.381
156.960 8 0.505 0.169 0.623 0.381
157.000 8 0.511 0.172 0.628 0.381
157.040 8 0.511 0.172 0.627 0.381
157.080 8 0.511 0.172 0.628 0.381
157.120 8 0.509 0.167 0.630 0.383
157.160 8 0.509 0.167 0.630 0.381
157.200 8 0.509 0.164 0.631 0.381
157.240 8 0.511 0.167 0.630 0.378
157.280 8 0.512 0.164 0.631 0.378
157.320 8 0.511 0.167 0.628 0.375
157.360 8 0.512 0.167 0.630 0.378
157.400 8 0.512 0.169 0.631 0.381
157.440 8 0.511 0.169 0.630 0.381
157.480 8 0.512 0.169 0.631 0.378
157.520 8 0.512 0.167 0.633 0.381
157.560 8 0.512 0.169 0.631 0.378
157.600 8 0.514 0.167 0.634 0.381
157.640 8 0.509 0.164 0.630 0.378
157.680 8 0.512 0.164 0.634 0.381
157.720 8 0.508 0.164 0.630 0.381
157.760 8 0.509 0.161 0.633 0.381
157.800 8 0.509 0.164 0.633 0.381
157.840 8 0.508 0.167 0.628 0.381
157.880 8 0.511 0.167 0.633 0.381
157.920 8 0.511 0.169 0.630 0.381
157.960 8 0.509 0.169 0.628 0.381
158.000 8 0.511 0.172 0.628 0.381
158.040 8 0.506 0.169 0.627 0.383
158.080 8 0.511 0.172 0.628 0.383
158.120 8 0.511 0.175 0.628 0.383
158.160 8 0.508 0.175 0.625 0.386
158.200 8 0.509 0.178 0.628 0.386
158.240 8 0.509 0.181 0.622 0.383
158.280 8 0.511 0.178 0.633 0.392
158.320 8 0.505 0.172 0.627 0.389
158.360 8 0.508 0.175 0.631 0.394
158.400 8 0.509 0.175 0.627 0.386
158.440 8 0.511 0.175 0.631 0.389
158.480 8 0.509 0.178 0.627 0.386
158.520 8 0.509 0.175 0.627 0.386
158.560 8 0.508 0.178 0.627 0.386
158.600 8 0.503 0.175 0.623 0.386
158.640 8 0.506 0.178 0.625 0.386
158.680 8 0.503 0.181 0.620 0.386
158.720 8 0.505 0.178 0.622 0.389
158.760 8 0.502 0.181 0.617 0.386
158.800 8 0.498 0.181 0.614 0.386
158.840 8 0.495 0.183 0.609 0.386
158.880 8 0.492 0.183 0.606 0.386
158.920 8 0.486 0.186 0.600 0.389
158.840 9 0.492 0.156 0.611 0.367
158.880 9 0.486 0.153 0.605 0.367
158.920 9 0.477 0.158 0.595 0.367
158.960 9 0.467 0.164 0.586 0.375
159.000 9 0.459 0.172 0.577 0.381
159.040 9 0.447 0.178 0.566 0.389
160.960 10 0.420 0.208 0.536 0.414
161.000 10 0.434 0.197 0.550 0.403
161.040 10 0.445 0.189 0.562 0.397
161.080 10 0.459 0.181 0.572 0.383
161.120 10 0.470 0.175 0.583 0.375
161.160 10 0.466 0.175 0.581 0.381
161.200 10 0.470 0.172 0.586 0.378
161.240 10 0.477 0.167 0.592 0.375
161.280 10 0.480 0.164 0.597 0.372
161.320 10 0.483 0.161 0.602 0.372
161.360 10 0.486 0.158 0.603 0.367
161.400 10 0.492 0.161 0.609 0.369
161.440 10 0.495 0.161 0.613 0.369
161.480 10 0.497 0.161 0.614 0.372
161.520 10 0.498 0.161 0.616 0.372
161.560 10 0.498 0.161 0.617 0.372
161.600 10 0.498 0.161 0.617 0.372
161.640 10 0.498 0.164 0.617 0.372
161.680 10 0.498 0.164 0.617 0.375
161.720 10 0.495 0.158 0.619 0.378
161.760 10 0.498 0.158 0.623 0.381
161.800 10 0.498 0.164 0.617 0.375
161.840 10 0.498 0.164 0.619 0.378
161.880 10 0.498 0.164 0.622 0.383
161.920 10 0.498 0.169 0.617 0.381
161.960 10 0.503 0.175 0.617 0.378
162.000 10 0.498 0.172 0.616 0.381
162.040 10 0.498 0.175 0.613 0.381
162.080 10 0.497 0.172 0.614 0.381
162.120 10 0.498 0.172 0.616 0.381
162.160 10 0.498 0.175 0.614 0.381
162.200 10 0.498 0.175 0.614 0.381
162.240 10 0.498 0.172 0.617 0.383
162.280 10 0.498 0.172 0.616 0.381
162.320 10 0.498 0.172 0.616 0.381
162.360 10 0.500 0.172 0.619 0.383
162.400 10 0.497 0.172 0.617 0.383
162.440 10 0.500 0.172 0.619 0.383
162.480 10 0.498 0.172 0.616 0.381
162.520 10 0.502 0.172 0.619 0.381
162.560 10 0.500 0.172 0.617 0.381
162.600 10 0.500 0.172 0.617 0.381
162.640 10 0.502 0.172 0.619 0.381
162.680 10 0.500 0.172 0.619 0.381
162.720 10 0.498 0.172 0.616 0.381
162.760 10 0.500 0.172 0.617 0.381
162.800 10 0.498 0.172 0.616 0.381
162.840 10 0.500 0.172 0.617 0.381
162.880 10 0.498 0.172 0.614 0.381
162.920 10 0.498 0.169 0.617 0.383
162.960 10 0.498 0.172 0.616 0.381
163.000 10 0.498 0.172 0.616 0.381
163.040 10 0.497 0.175 0.611 0.378
163.080 10 0.502 0.175 0.616 0.378
163.120 10 0.498 0.175 0.608 0.372
163.160 10 0.502 0.178 0.614 0.375
163.200 10 0.498 0.175 0.611 0.375
163.240 10 0.497 0.172 0.614 0.381
163.280 10 0.497 0.178 0.609 0.378
163.320 10 0.502 0.175 0.616 0.378
163.360 10 0.498 0.175 0.609 0.372
167.960 11 0.109 0.189 0.177 0.314
168.000 11 0.100 0.192 0.167 0.314
168.040 11 0.091 0.197 0.158 0.317
168.080 11 0.081 0.197 0.148 0.319
168.120 11 0.070 0.197 0.139 0.322
168.160 11 0.061 0.197 0.131 0.325
168.200 11 0.052 0.203 0.120 0.328
