11.840 0 0.623 0.194 0.675 0.289
11.880 0 0.625 0.194 0.678 0.289
11.920 0 0.622 0.192 0.677 0.292
11.960 0 0.622 0.194 0.678 0.292
12.000 0 0.620 0.194 0.677 0.294
12.040 0 0.617 0.189 0.675 0.292
12.080 0 0.619 0.192 0.675 0.292
12.120 0 0.617 0.192 0.675 0.292
12.160 0 0.620 0.192 0.675 0.292
12.200 0 0.620 0.192 0.675 0.292
12.240 0 0.619 0.194 0.675 0.292
12.280 0 0.622 0.194 0.677 0.292
12.320 0 0.619 0.194 0.675 0.292
12.360 0 0.620 0.194 0.677 0.294
12.400 0 0.622 0.197 0.677 0.294
12.440 0 0.622 0.197 0.677 0.294
12.480 0 0.622 0.200 0.677 0.294
12.520 0 0.623 0.200 0.678 0.294
12.560 0 0.623 0.200 0.678 0.297
12.600 0 0.625 0.200 0.678 0.297
12.640 0 0.623 0.203 0.677 0.297
12.680 0 0.623 0.203 0.678 0.297
12.720 0 0.625 0.203 0.678 0.297
12.760 0 0.623 0.203 0.677 0.297
12.800 0 0.622 0.203 0.675 0.297
12.840 0 0.620 0.203 0.673 0.294
12.880 0 0.619 0.200 0.672 0.294
12.920 0 0.616 0.200 0.669 0.294
12.960 0 0.614 0.200 0.667 0.294
13.000 0 0.608 0.194 0.664 0.294
13.040 0 0.608 0.197 0.664 0.297
13.080 0 0.606 0.200 0.662 0.297
13.120 0 0.605 0.200 0.661 0.300
13.160 0 0.602 0.206 0.658 0.306
13.200 0 0.598 0.206 0.656 0.308
13.240 0 0.597 0.208 0.655 0.308
13.280 0 0.597 0.208 0.655 0.308
13.320 0 0.595 0.208 0.653 0.311
13.360 0 0.594 0.208 0.652 0.311
13.400 0 0.592 0.211 0.650 0.314
13.440 0 0.591 0.211 0.648 0.314
13.480 0 0.592 0.211 0.650 0.314
13.520 0 0.591 0.211 0.650 0.314
13.560 0 0.592 0.211 0.652 0.314
13.600 0 0.594 0.211 0.652 0.314
13.640 0 0.595 0.211 0.655 0.314
13.680 0 0.597 0.211 0.655 0.314
13.720 0 0.600 0.211 0.658 0.314
13.760 0 0.598 0.211 0.656 0.314
13.800 0 0.598 0.211 0.656 0.314
13.840 0 0.600 0.211 0.658 0.314
13.880 0 0.600 0.211 0.658 0.317
13.920 0 0.598 0.211 0.658 0.317
13.960 0 0.598 0.214 0.658 0.319
14.000 0 0.602 0.217 0.658 0.317
14.040 0 0.602 0.219 0.658 0.319
14.080 0 0.602 0.219 0.658 0.319
14.120 0 0.602 0.219 0.658 0.319
14.160 0 0.603 0.219 0.658 0.319
14.200 0 0.602 0.219 0.656 0.317
14.240 0 0.602 0.219 0.658 0.317
14.280 0 0.602 0.219 0.658 0.319
14.320 0 0.602 0.219 0.659 0.319
14.360 0 0.602 0.219 0.658 0.319
14.400 0 0.602 0.219 0.658 0.319
14.440 0 0.602 0.219 0.658 0.319
14.480 0 0.602 0.219 0.658 0.319
14.520 0 0.600 0.222 0.656 0.319
14.560 0 0.602 0.222 0.658 0.319
14.600 0 0.600 0.222 0.656 0.319
14.640 0 0.602 0.222 0.656 0.319
14.680 0 0.600 0.222 0.656 0.322
14.720 0 0.600 0.225 0.656 0.322
14.760 0 0.600 0.225 0.656 0.322
14.800 0 0.600 0.225 0.656 0.325
14.840 0 0.600 0.225 0.656 0.325
14.880 0 0.600 0.225 0.656 0.325
14.920 0 0.602 0.225 0.658 0.325
14.960 0 0.602 0.225 0.658 0.325
15.000 0 0.602 0.228 0.658 0.328
15.040 0 0.602 0.228 0.658 0.328
15.080 0 0.602 0.228 0.659 0.328
15.120 0 0.603 0.228 0.661 0.328
15.160 0 0.602 0.228 0.658 0.328
15.200 0 0.603 0.228 0.659 0.328
15.240 0 0.602 0.228 0.658 0.328
15.280 0 0.602 0.228 0.659 0.328
15.320 0 0.602 0.228 0.658 0.328
15.360 0 0.602 0.228 0.658 0.328
15.400 0 0.602 0.231 0.658 0.331
11.840 1 0.859 0.089 0.927 0.206
11.880 1 0.859 0.086 0.927 0.206
11.920 1 0.859 0.086 0.927 0.206
11.960 1 0.861 0.089 0.927 0.206
12.000 1 0.858 0.086 0.925 0.206
12.040 1 0.859 0.083 0.927 0.200
12.080 1 0.859 0.083 0.925 0.200
12.120 1 0.858 0.083 0.922 0.200
12.160 1 0.858 0.086 0.923 0.203
12.200 1 0.856 0.083 0.922 0.203
12.240 1 0.856 0.086 0.920 0.200
12.280 1 0.853 0.083 0.919 0.203
12.320 1 0.853 0.086 0.919 0.203
12.360 1 0.853 0.083 0.919 0.203
12.400 1 0.852 0.086 0.919 0.203
12.440 1 0.852 0.086 0.919 0.203
12.480 1 0.852 0.086 0.919 0.206
12.520 1 0.852 0.086 0.917 0.206
12.560 1 0.853 0.089 0.919 0.208
12.600 1 0.852 0.092 0.917 0.208
12.640 1 0.852 0.092 0.919 0.211
12.680 1 0.850 0.094 0.917 0.211
12.720 1 0.852 0.094 0.917 0.211
12.760 1 0.852 0.094 0.917 0.211
12.800 1 0.852 0.094 0.917 0.211
12.840 1 0.850 0.092 0.916 0.211
12.880 1 0.850 0.092 0.916 0.211
12.920 1 0.850 0.092 0.916 0.211
12.960 1 0.848 0.092 0.916 0.208
13.000 1 0.850 0.086 0.917 0.206
13.040 1 0.847 0.092 0.916 0.211
13.080 1 0.847 0.092 0.916 0.211
13.120 1 0.845 0.092 0.914 0.211
13.160 1 0.845 0.092 0.914 0.211
13.200 1 0.845 0.089 0.914 0.211
13.240 1 0.847 0.092 0.916 0.211
13.280 1 0.845 0.092 0.914 0.211
13.320 1 0.845 0.089 0.916 0.211
13.360 1 0.845 0.092 0.914 0.211
13.400 1 0.845 0.092 0.914 0.211
13.440 1 0.844 0.092 0.912 0.211
13.480 1 0.845 0.092 0.914 0.214
13.520 1 0.844 0.092 0.914 0.214
13.560 1 0.845 0.092 0.914 0.214
13.600 1 0.844 0.092 0.912 0.214
13.640 1 0.845 0.092 0.914 0.214
13.680 1 0.845 0.092 0.914 0.214
13.720 1 0.845 0.092 0.914 0.214
13.760 1 0.845 0.092 0.914 0.214
13.800 1 0.845 0.092 0.914 0.214
13.840 1 0.845 0.094 0.914 0.214
13.880 1 0.845 0.094 0.914 0.214
13.920 1 0.845 0.094 0.912 0.211
13.960 1 0.845 0.094 0.912 0.214
14.000 1 0.842 0.100 0.911 0.219
14.040 1 0.842 0.094 0.912 0.217
14.080 1 0.842 0.097 0.911 0.217
14.120 1 0.842 0.097 0.911 0.217
14.160 1 0.841 0.097 0.911 0.217
14.200 1 0.839 0.097 0.909 0.217
14.240 1 0.842 0.097 0.911 0.217
14.280 1 0.841 0.097 0.911 0.217
14.320 1 0.841 0.097 0.911 0.217
14.360 1 0.842 0.097 0.911 0.217
14.400 1 0.842 0.097 0.911 0.217
14.440 1 0.842 0.100 0.909 0.217
14.480 1 0.844 0.097 0.912 0.217
14.520 1 0.842 0.100 0.911 0.219
14.560 1 0.845 0.100 0.914 0.219
14.600 1 0.844 0.100 0.912 0.219
14.640 1 0.844 0.100 0.912 0.219
14.680 1 0.844 0.100 0.912 0.219
14.720 1 0.844 0.103 0.911 0.219
14.760 1 0.845 0.103 0.912 0.219
14.800 1 0.842 0.103 0.911 0.222
14.840 1 0.844 0.103 0.912 0.222
14.880 1 0.842 0.103 0.909 0.222
14.920 1 0.842 0.106 0.909 0.222
14.960 1 0.842 0.106 0.909 0.222
15.000 1 0.842 0.100 0.911 0.219
15.040 1 0.842 0.100 0.911 0.219
15.080 1 0.842 0.100 0.911 0.219
15.120 1 0.842 0.100 0.911 0.219
15.160 1 0.841 0.100 0.911 0.219
15.200 1 0.839 0.100 0.909 0.219
15.240 1 0.841 0.100 0.911 0.222
15.280 1 0.841 0.100 0.909 0.219
15.320 1 0.841 0.100 0.909 0.219
15.360 1 0.841 0.100 0.909 0.219
15.400 1 0.839 0.100 0.908 0.219
15.440 2 0.280 0.344 0.348 0.464
15.480 2 0.280 0.336 0.347 0.456
15.520 2 0.280 0.331 0.347 0.450
15.560 2 0.281 0.328 0.347 0.444
15.600 2 0.281 0.322 0.348 0.442
15.640 2 0.281 0.319 0.350 0.442
15.680 2 0.281 0.317 0.350 0.439
15.720 2 0.281 0.314 0.348 0.436
15.760 2 0.280 0.314 0.347 0.433
15.800 2 0.283 0.314 0.348 0.433
15.840 2 0.278 0.311 0.348 0.436
15.880 2 0.275 0.311 0.344 0.433
15.920 2 0.275 0.311 0.342 0.431
15.960 2 0.275 0.311 0.344 0.433
16.000 2 0.273 0.314 0.341 0.433
16.040 2 0.272 0.317 0.338 0.433
16.080 2 0.264 0.314 0.336 0.439
16.120 2 0.266 0.311 0.334 0.433
16.160 2 0.263 0.311 0.331 0.433
16.200 2 0.263 0.306 0.330 0.428
16.240 2 0.261 0.306 0.327 0.422
16.280 2 0.261 0.300 0.328 0.419
16.320 2 0.259 0.297 0.325 0.417
16.360 2 0.259 0.294 0.327 0.414
16.400 2 0.258 0.292 0.323 0.411
16.440 2 0.258 0.289 0.323 0.408
16.480 2 0.261 0.289 0.328 0.406
16.520 2 0.263 0.289 0.330 0.408
16.560 2 0.269 0.292 0.333 0.408
16.600 2 0.272 0.294 0.336 0.408
16.640 2 0.277 0.292 0.342 0.408
16.680 2 0.284 0.294 0.347 0.408
16.720 2 0.291 0.294 0.353 0.406
16.760 2 0.295 0.297 0.358 0.406
16.800 2 0.305 0.300 0.364 0.406
16.840 2 0.309 0.300 0.370 0.406
16.880 2 0.314 0.303 0.373 0.408
16.920 2 0.316 0.300 0.375 0.408
16.960 2 0.314 0.300 0.373 0.406
68.520 3 0.244 0.117 0.297 0.211
68.560 3 0.248 0.117 0.300 0.208
68.600 3 0.250 0.114 0.302 0.206
68.640 3 0.252 0.114 0.305 0.208
68.680 3 0.255 0.114 0.308 0.206
68.720 3 0.258 0.111 0.311 0.206
68.760 3 0.259 0.108 0.312 0.203
68.800 3 0.263 0.106 0.316 0.200
68.840 3 0.264 0.103 0.319 0.200
68.880 3 0.264 0.100 0.319 0.197
68.920 3 0.267 0.100 0.323 0.197
68.960 3 0.267 0.100 0.323 0.200
69.000 3 0.270 0.100 0.327 0.197
69.040 3 0.275 0.100 0.328 0.197
69.080 3 0.277 0.100 0.331 0.197
69.120 3 0.281 0.097 0.336 0.197
69.160 3 0.284 0.094 0.341 0.194
69.200 3 0.289 0.094 0.345 0.194
69.240 3 0.294 0.094 0.350 0.194
69.280 3 0.300 0.092 0.356 0.192
69.320 3 0.306 0.092 0.362 0.192
69.360 3 0.312 0.089 0.370 0.189
69.400 3 0.322 0.086 0.377 0.186
69.440 3 0.328 0.086 0.383 0.183
69.480 3 0.336 0.086 0.389 0.183
69.520 3 0.344 0.089 0.397 0.183
69.560 3 0.350 0.086 0.405 0.183
69.600 3 0.356 0.086 0.411 0.183
69.640 3 0.362 0.089 0.417 0.186
69.680 3 0.366 0.089 0.420 0.186
69.720 3 0.372 0.092 0.427 0.186
69.760 3 0.375 0.089 0.431 0.192
69.800 3 0.380 0.089 0.436 0.189
69.840 3 0.384 0.092 0.441 0.192
69.880 3 0.388 0.092 0.444 0.194
69.920 3 0.391 0.094 0.447 0.194
69.960 3 0.394 0.097 0.450 0.194
70.000 3 0.395 0.094 0.452 0.194
70.040 3 0.395 0.097 0.452 0.197
70.080 3 0.397 0.097 0.452 0.197
70.120 3 0.397 0.097 0.453 0.197
70.160 3 0.395 0.097 0.452 0.194
70.200 3 0.398 0.097 0.453 0.197
70.240 3 0.397 0.097 0.453 0.194
70.280 3 0.397 0.097 0.453 0.194
70.320 3 0.398 0.097 0.453 0.194
70.360 3 0.397 0.097 0.452 0.194
70.400 3 0.397 0.097 0.452 0.194
70.440 3 0.395 0.097 0.452 0.197
70.480 3 0.397 0.100 0.452 0.194
70.520 3 0.394 0.100 0.448 0.197
70.560 3 0.395 0.100 0.452 0.197
70.600 3 0.394 0.100 0.450 0.200
70.640 3 0.394 0.100 0.450 0.200
70.680 3 0.394 0.100 0.448 0.200
70.720 3 0.394 0.100 0.450 0.200
70.760 3 0.392 0.100 0.448 0.200
70.800 3 0.392 0.097 0.450 0.200
70.840 3 0.391 0.097 0.448 0.200
70.880 3 0.392 0.097 0.450 0.203
70.920 3 0.392 0.097 0.450 0.200
70.960 3 0.391 0.100 0.448 0.203
71.000 3 0.389 0.106 0.445 0.206
71.040 3 0.388 0.103 0.444 0.203
71.080 3 0.389 0.103 0.445 0.203
71.120 3 0.388 0.100 0.442 0.200
71.160 3 0.386 0.100 0.441 0.197
71.200 3 0.386 0.097 0.442 0.194
71.240 3 0.384 0.094 0.439 0.192
71.280 3 0.384 0.094 0.439 0.192
71.320 3 0.384 0.100 0.438 0.197
71.360 3 0.383 0.100 0.436 0.197
71.400 3 0.381 0.106 0.436 0.200
71.440 3 0.378 0.106 0.433 0.203
71.480 3 0.377 0.108 0.431 0.206
71.520 3 0.375 0.114 0.430 0.211
71.560 3 0.372 0.114 0.427 0.211
71.600 3 0.369 0.119 0.423 0.217
71.640 3 0.366 0.122 0.420 0.219
71.680 3 0.362 0.125 0.417 0.222
71.720 3 0.358 0.125 0.414 0.225
71.760 3 0.355 0.125 0.411 0.225
71.800 3 0.353 0.131 0.409 0.228
71.840 3 0.350 0.131 0.406 0.231
71.880 3 0.347 0.133 0.403 0.233
71.920 3 0.345 0.133 0.402 0.233
71.960 3 0.342 0.139 0.398 0.239
72.000 3 0.339 0.139 0.395 0.239
72.040 3 0.338 0.139 0.394 0.239
72.080 3 0.333 0.139 0.391 0.242
72.120 3 0.331 0.142 0.389 0.244
72.160 3 0.330 0.142 0.388 0.244
72.200 3 0.327 0.144 0.384 0.247
72.240 3 0.322 0.142 0.381 0.250
72.280 3 0.322 0.147 0.378 0.247
72.320 3 0.322 0.147 0.378 0.247
72.360 3 0.317 0.144 0.375 0.247
72.400 3 0.317 0.142 0.377 0.244
72.440 3 0.312 0.142 0.372 0.247
72.480 3 0.311 0.142 0.372 0.247
72.520 3 0.308 0.144 0.367 0.250
72.560 3 0.305 0.144 0.364 0.250
72.600 3 0.305 0.150 0.367 0.261
72.640 3 0.303 0.153 0.366 0.264
72.680 3 0.302 0.158 0.362 0.269
72.720 3 0.300 0.164 0.361 0.272
72.760 3 0.298 0.167 0.361 0.278
72.800 3 0.295 0.169 0.359 0.281
72.840 3 0.294 0.172 0.358 0.286
72.880 3 0.292 0.175 0.356 0.289
72.920 3 0.291 0.178 0.355 0.289
72.960 3 0.289 0.181 0.352 0.294
73.000 3 0.287 0.181 0.355 0.300
73.040 3 0.289 0.183 0.352 0.294
73.080 3 0.286 0.186 0.348 0.297
73.120 3 0.284 0.186 0.347 0.297
73.160 3 0.283 0.186 0.345 0.297
73.200 3 0.280 0.189 0.342 0.300
73.240 3 0.278 0.189 0.341 0.300
73.280 3 0.277 0.192 0.339 0.303
73.320 3 0.273 0.192 0.338 0.306
73.360 3 0.270 0.192 0.334 0.303
73.400 3 0.269 0.189 0.333 0.303
73.440 3 0.267 0.189 0.331 0.300
73.480 3 0.266 0.189 0.330 0.303
73.520 3 0.266 0.189 0.330 0.303
73.560 3 0.261 0.189 0.327 0.303
73.600 3 0.259 0.192 0.325 0.306
73.640 3 0.259 0.192 0.323 0.306
73.680 3 0.256 0.194 0.320 0.308
73.720 3 0.256 0.197 0.319 0.311
73.760 3 0.255 0.197 0.319 0.311
73.800 3 0.252 0.197 0.316 0.311
73.840 3 0.253 0.200 0.316 0.311
73.880 3 0.250 0.200 0.312 0.311
73.920 3 0.252 0.200 0.314 0.311
73.960 3 0.248 0.200 0.311 0.311
74.000 3 0.252 0.206 0.308 0.306
74.040 3 0.250 0.208 0.306 0.311
74.080 3 0.248 0.211 0.305 0.311
74.120 3 0.248 0.211 0.305 0.311
74.160 3 0.247 0.211 0.303 0.311
74.200 3 0.245 0.211 0.302 0.311
74.240 3 0.244 0.211 0.300 0.311
74.280 3 0.242 0.211 0.300 0.311
74.320 3 0.242 0.211 0.298 0.311
74.360 3 0.241 0.208 0.297 0.311
74.400 3 0.239 0.211 0.297 0.311
74.440 3 0.237 0.211 0.295 0.311
74.480 3 0.237 0.211 0.294 0.311
74.520 3 0.237 0.211 0.294 0.311
74.560 3 0.236 0.211 0.292 0.308
74.600 3 0.234 0.211 0.291 0.311
74.640 3 0.233 0.211 0.289 0.311
74.680 3 0.233 0.208 0.289 0.308
74.720 3 0.231 0.208 0.287 0.308
74.760 3 0.230 0.208 0.286 0.308
74.800 3 0.228 0.208 0.286 0.308
74.840 3 0.227 0.208 0.283 0.308
74.880 3 0.228 0.208 0.284 0.308
74.920 3 0.227 0.211 0.283 0.311
74.960 3 0.227 0.211 0.283 0.314
75.000 3 0.227 0.217 0.283 0.317
75.040 3 0.225 0.217 0.281 0.317
75.080 3 0.227 0.217 0.283 0.317
75.120 3 0.227 0.217 0.283 0.317
75.160 3 0.227 0.217 0.281 0.314
75.200 3 0.225 0.217 0.280 0.314
75.240 3 0.227 0.217 0.281 0.314
75.280 3 0.225 0.214 0.280 0.314
75.320 3 0.225 0.217 0.278 0.311
75.360 3 0.225 0.217 0.281 0.314
75.400 3 0.225 0.214 0.280 0.314
75.440 3 0.227 0.214 0.281 0.311
75.480 3 0.225 0.211 0.281 0.311
75.520 3 0.227 0.211 0.283 0.311
75.560 3 0.225 0.208 0.281 0.308
75.600 3 0.225 0.208 0.280 0.308
73.200 4 0.881 0.139 0.963 0.281
73.240 4 0.883 0.139 0.963 0.283
73.280 4 0.884 0.142 0.964 0.286
73.320 4 0.881 0.142 0.963 0.286
73.360 4 0.883 0.142 0.964 0.286
73.400 4 0.883 0.139 0.964 0.283
73.440 4 0.881 0.139 0.963 0.283
73.480 4 0.880 0.136 0.963 0.281
73.520 4 0.883 0.136 0.966 0.283
73.560 4 0.881 0.136 0.963 0.283
73.600 4 0.878 0.139 0.959 0.283
73.640 4 0.875 0.139 0.958 0.283
73.680 4 0.877 0.142 0.958 0.286
73.720 4 0.873 0.144 0.956 0.292
73.760 4 0.873 0.150 0.955 0.294
73.800 4 0.873 0.156 0.953 0.297
73.840 4 0.870 0.156 0.952 0.300
73.880 4 0.870 0.153 0.950 0.297
73.920 4 0.869 0.153 0.950 0.297
73.960 4 0.869 0.153 0.953 0.300
74.000 4 0.867 0.153 0.948 0.297
74.040 4 0.867 0.147 0.955 0.300
74.080 4 0.866 0.147 0.953 0.303
74.120 4 0.866 0.150 0.953 0.306
74.160 4 0.864 0.150 0.953 0.306
74.200 4 0.864 0.150 0.953 0.306
74.240 4 0.864 0.150 0.953 0.308
74.280 4 0.864 0.150 0.952 0.306
74.320 4 0.863 0.150 0.953 0.311
74.360 4 0.863 0.153 0.953 0.311
74.400 4 0.861 0.156 0.952 0.314
74.440 4 0.861 0.158 0.952 0.314
74.480 4 0.861 0.156 0.952 0.317
74.520 4 0.859 0.156 0.952 0.317
74.560 4 0.858 0.158 0.948 0.317
74.600 4 0.858 0.158 0.948 0.317
74.640 4 0.853 0.158 0.942 0.317
74.680 4 0.850 0.158 0.939 0.317
74.720 4 0.853 0.158 0.942 0.317
74.760 4 0.845 0.158 0.936 0.317
74.800 4 0.847 0.156 0.938 0.317
74.840 4 0.841 0.158 0.930 0.314
74.880 4 0.842 0.158 0.933 0.317
74.920 4 0.839 0.156 0.928 0.314
74.960 4 0.838 0.156 0.927 0.314
75.000 4 0.836 0.144 0.934 0.317
75.040 4 0.834 0.144 0.933 0.317
75.080 4 0.834 0.144 0.933 0.317
75.120 4 0.834 0.142 0.933 0.317
75.160 4 0.834 0.142 0.933 0.317
75.200 4 0.836 0.142 0.934 0.317
75.240 4 0.834 0.139 0.933 0.314
75.280 4 0.838 0.139 0.936 0.311
75.320 4 0.833 0.139 0.931 0.311
75.360 4 0.836 0.128 0.941 0.308
75.400 4 0.831 0.131 0.934 0.311
75.440 4 0.836 0.133 0.936 0.306
75.480 4 0.839 0.131 0.939 0.306
75.520 4 0.838 0.128 0.938 0.303
75.560 4 0.839 0.125 0.941 0.303
75.600 4 0.838 0.128 0.938 0.303
79.680 5 0.464 0.308 0.534 0.428
79.720 5 0.467 0.306 0.536 0.428
79.760 5 0.467 0.308 0.537 0.428
79.800 5 0.472 0.311 0.541 0.431
79.840 5 0.478 0.319 0.547 0.436
79.880 5 0.481 0.322 0.553 0.447
79.920 5 0.489 0.331 0.559 0.453
79.960 5 0.497 0.342 0.566 0.461
80.000 5 0.505 0.353 0.573 0.472
80.040 5 0.514 0.364 0.584 0.486
80.080 5 0.522 0.367 0.592 0.489
80.120 5 0.531 0.375 0.600 0.494
80.160 5 0.537 0.375 0.606 0.494
80.200 5 0.544 0.375 0.613 0.494
80.240 5 0.550 0.367 0.619 0.486
80.280 5 0.553 0.358 0.623 0.481
80.320 5 0.558 0.353 0.628 0.478
80.360 5 0.562 0.347 0.634 0.472
80.400 5 0.569 0.344 0.639 0.469
80.440 5 0.572 0.339 0.644 0.467
80.480 5 0.577 0.339 0.648 0.469
80.520 5 0.581 0.342 0.656 0.472
80.560 5 0.581 0.344 0.656 0.475
80.600 5 0.586 0.342 0.661 0.478
80.640 5 0.588 0.339 0.666 0.475
80.680 5 0.591 0.333 0.669 0.469
80.720 5 0.595 0.328 0.673 0.467
80.760 5 0.600 0.322 0.678 0.464
80.800 5 0.603 0.317 0.683 0.458
80.840 5 0.609 0.311 0.692 0.456
80.880 5 0.617 0.308 0.698 0.456
80.920 5 0.625 0.308 0.708 0.453
80.960 5 0.631 0.308 0.716 0.453
81.000 5 0.642 0.311 0.723 0.456
81.040 5 0.650 0.314 0.733 0.461
81.080 5 0.658 0.317 0.741 0.464
81.120 5 0.664 0.314 0.748 0.464
81.160 5 0.672 0.314 0.756 0.464
81.200 5 0.677 0.314 0.761 0.464
81.240 5 0.684 0.311 0.767 0.461
81.280 5 0.688 0.311 0.773 0.464
81.320 5 0.692 0.311 0.778 0.464
81.360 5 0.697 0.311 0.786 0.467
81.400 5 0.705 0.308 0.795 0.469
81.440 5 0.711 0.319 0.802 0.481
81.480 5 0.716 0.328 0.806 0.486
112.200 6 0.303 0.036 0.542 0.461
112.240 6 0.303 0.033 0.541 0.461
112.280 6 0.292 0.025 0.541 0.469
112.320 6 0.303 0.033 0.542 0.461
112.360 6 0.306 0.031 0.550 0.467
112.400 6 0.303 0.039 0.537 0.458
112.440 6 0.303 0.039 0.537 0.458
112.480 6 0.302 0.039 0.533 0.453
112.520 6 0.305 0.036 0.539 0.456
112.560 6 0.303 0.039 0.536 0.453
112.600 6 0.306 0.031 0.544 0.456
112.640 6 0.308 0.028 0.550 0.461
112.680 6 0.297 0.022 0.539 0.458
112.720 6 0.309 0.028 0.553 0.461
112.760 6 0.303 0.036 0.537 0.453
112.800 6 0.308 0.031 0.545 0.456
112.840 6 0.308 0.031 0.545 0.456
112.880 6 0.300 0.017 0.545 0.458
112.920 6 0.312 0.022 0.559 0.461
112.960 6 0.308 0.033 0.542 0.453
113.000 6 0.311 0.028 0.552 0.458
113.040 6 0.314 0.022 0.561 0.467
113.080 6 0.309 0.033 0.544 0.453
113.120 6 0.322 0.039 0.556 0.458
113.160 6 0.316 0.025 0.559 0.461
113.200 6 0.314 0.022 0.558 0.458
113.240 6 0.316 0.022 0.559 0.458
113.280 6 0.320 0.017 0.570 0.464
113.320 6 0.314 0.028 0.552 0.453
113.360 6 0.328 0.031 0.564 0.453
113.400 6 0.328 0.036 0.558 0.447
113.440 6 0.331 0.028 0.570 0.453
113.480 6 0.320 0.019 0.566 0.458
113.520 6 0.322 0.019 0.567 0.461
113.560 6 0.322 0.017 0.572 0.461
113.600 6 0.322 0.017 0.570 0.461
113.640 6 0.322 0.017 0.572 0.464
