14.440 0 0.464 0.250 0.697 0.669
14.480 0 0.477 0.261 0.708 0.675
14.520 0 0.463 0.253 0.695 0.672
14.560 0 0.470 0.253 0.703 0.669
14.600 0 0.459 0.250 0.692 0.664
14.640 0 0.469 0.250 0.698 0.658
14.680 0 0.456 0.242 0.686 0.653
14.720 0 0.469 0.239 0.700 0.653
14.760 0 0.455 0.236 0.688 0.653
14.800 0 0.458 0.231 0.695 0.656
14.840 0 0.456 0.231 0.694 0.656
14.880 0 0.455 0.231 0.692 0.656
14.920 0 0.453 0.228 0.692 0.656
14.960 0 0.450 0.225 0.689 0.653
15.000 0 0.445 0.219 0.686 0.650
15.040 0 0.433 0.217 0.672 0.647
15.080 0 0.419 0.211 0.661 0.644
15.120 0 0.402 0.214 0.642 0.647
15.160 0 0.391 0.217 0.628 0.642
15.200 0 0.378 0.217 0.614 0.642
15.240 0 0.377 0.217 0.613 0.639
15.280 0 0.372 0.217 0.608 0.639
15.120 1 0.434 0.236 0.647 0.611
15.160 1 0.422 0.239 0.636 0.619
15.200 1 0.409 0.244 0.623 0.622
15.240 1 0.398 0.239 0.611 0.617
15.280 1 0.395 0.239 0.606 0.617
15.320 1 0.398 0.242 0.609 0.617
15.360 1 0.394 0.242 0.603 0.617
15.400 1 0.394 0.242 0.603 0.614
15.440 1 0.395 0.244 0.603 0.614
15.480 1 0.397 0.244 0.605 0.614
15.520 1 0.400 0.247 0.605 0.611
15.560 1 0.402 0.247 0.606 0.611
15.600 1 0.402 0.250 0.606 0.614
15.640 1 0.403 0.253 0.608 0.614
15.680 1 0.398 0.250 0.605 0.614
15.720 1 0.406 0.253 0.609 0.614
15.760 1 0.408 0.253 0.611 0.614
15.800 1 0.409 0.256 0.613 0.614
15.840 1 0.411 0.256 0.613 0.614
15.880 1 0.412 0.258 0.614 0.614
15.920 1 0.414 0.258 0.616 0.617
15.960 1 0.414 0.261 0.616 0.619
16.000 1 0.416 0.261 0.617 0.619
16.040 1 0.417 0.267 0.619 0.622
16.080 1 0.417 0.269 0.619 0.628
16.120 1 0.419 0.275 0.619 0.633
16.160 1 0.416 0.283 0.613 0.633
16.200 1 0.419 0.281 0.619 0.636
16.240 1 0.414 0.283 0.613 0.639
16.280 1 0.417 0.286 0.617 0.642
16.320 1 0.416 0.292 0.609 0.639
16.360 1 0.425 0.294 0.617 0.639
16.400 1 0.416 0.294 0.605 0.631
16.440 1 0.423 0.297 0.616 0.639
16.480 1 0.416 0.297 0.603 0.631
16.520 1 0.422 0.297 0.614 0.639
16.560 1 0.411 0.294 0.606 0.642
16.600 1 0.417 0.292 0.614 0.644
16.640 1 0.412 0.286 0.614 0.644
16.680 1 0.419 0.289 0.617 0.642
16.720 1 0.423 0.286 0.622 0.639
16.760 1 0.436 0.294 0.631 0.639
16.800 1 0.447 0.289 0.642 0.636
16.840 1 0.461 0.283 0.658 0.633
16.880 1 0.473 0.281 0.669 0.628
16.920 1 0.487 0.283 0.683 0.631
16.840 2 0.423 0.206 0.680 0.658
16.880 2 0.447 0.217 0.694 0.656
16.920 2 0.455 0.219 0.698 0.656
16.960 2 0.459 0.206 0.711 0.653
17.000 2 0.472 0.219 0.714 0.650
17.040 2 0.469 0.228 0.728 0.689
17.080 2 0.470 0.231 0.725 0.683
17.120 2 0.477 0.231 0.731 0.683
17.160 2 0.472 0.228 0.727 0.681
17.200 2 0.478 0.228 0.733 0.681
17.240 2 0.475 0.228 0.730 0.681
17.280 2 0.481 0.228 0.736 0.681
17.320 2 0.480 0.228 0.733 0.678
17.360 2 0.481 0.225 0.733 0.672
17.400 2 0.481 0.228 0.730 0.672
17.440 2 0.483 0.231 0.730 0.669
17.480 2 0.483 0.231 0.730 0.672
17.520 2 0.470 0.228 0.720 0.672
17.560 2 0.481 0.236 0.727 0.672
17.600 2 0.469 0.231 0.719 0.675
17.640 2 0.478 0.236 0.727 0.678
17.680 2 0.467 0.233 0.717 0.678
17.720 2 0.478 0.236 0.727 0.681
17.760 2 0.470 0.233 0.720 0.678
17.800 2 0.473 0.236 0.722 0.675
17.840 2 0.472 0.236 0.720 0.678
17.880 2 0.470 0.236 0.719 0.678
17.920 2 0.470 0.236 0.719 0.678
17.960 2 0.469 0.236 0.719 0.681
18.000 2 0.472 0.267 0.714 0.697
18.040 2 0.472 0.267 0.714 0.697
18.080 2 0.472 0.269 0.716 0.700
18.120 2 0.467 0.269 0.709 0.700
18.160 2 0.472 0.272 0.714 0.703
18.200 2 0.467 0.275 0.706 0.700
18.240 2 0.470 0.272 0.713 0.703
18.280 2 0.463 0.272 0.706 0.703
18.320 2 0.470 0.275 0.711 0.703
18.360 2 0.463 0.275 0.703 0.703
18.400 2 0.467 0.275 0.708 0.703
18.440 2 0.461 0.275 0.702 0.703
18.480 2 0.464 0.275 0.706 0.706
18.520 2 0.464 0.272 0.706 0.703
18.560 2 0.463 0.272 0.705 0.703
18.600 2 0.469 0.272 0.711 0.703
18.640 2 0.464 0.272 0.705 0.700
18.680 2 0.458 0.278 0.695 0.700
18.720 2 0.450 0.289 0.688 0.711
18.760 2 0.436 0.303 0.675 0.725
18.760 2 0.481 0.314 0.686 0.678
18.800 2 0.463 0.319 0.666 0.678
18.840 2 0.447 0.314 0.650 0.675
18.880 2 0.431 0.311 0.633 0.669
18.920 2 0.427 0.306 0.628 0.667
18.960 2 0.417 0.306 0.619 0.664
19.000 2 0.416 0.303 0.617 0.661
19.040 2 0.414 0.300 0.616 0.658
19.080 2 0.414 0.300 0.616 0.658
19.120 2 0.414 0.297 0.616 0.656
19.160 2 0.414 0.294 0.614 0.650
19.200 2 0.420 0.294 0.619 0.647
19.240 2 0.417 0.292 0.616 0.644
19.280 2 0.423 0.289 0.622 0.639
19.320 2 0.427 0.278 0.623 0.628
19.360 2 0.436 0.272 0.634 0.625
19.400 2 0.427 0.222 0.650 0.622
19.440 2 0.439 0.222 0.662 0.617
19.480 2 0.447 0.214 0.669 0.611
19.520 2 0.455 0.214 0.675 0.606
19.560 2 0.453 0.211 0.673 0.606
19.600 2 0.461 0.211 0.681 0.606
19.640 2 0.455 0.214 0.673 0.606
19.680 2 0.463 0.219 0.680 0.606
19.720 2 0.459 0.222 0.677 0.608
19.760 2 0.458 0.228 0.675 0.614
19.800 2 0.459 0.231 0.677 0.622
19.840 2 0.459 0.233 0.680 0.628
19.880 2 0.461 0.242 0.680 0.631
19.920 2 0.463 0.247 0.681 0.636
19.960 2 0.464 0.253 0.680 0.639
20.000 2 0.445 0.219 0.686 0.650
20.040 2 0.450 0.242 0.686 0.661
20.080 2 0.452 0.244 0.686 0.661
20.120 2 0.453 0.247 0.688 0.664
20.160 2 0.450 0.244 0.683 0.661
20.200 2 0.453 0.239 0.692 0.667
20.240 2 0.445 0.236 0.686 0.667
20.280 2 0.448 0.236 0.691 0.667
20.320 2 0.447 0.236 0.686 0.661
20.360 2 0.444 0.233 0.683 0.658
20.400 2 0.441 0.228 0.681 0.656
20.440 2 0.428 0.219 0.672 0.656
20.480 2 0.427 0.214 0.672 0.650
20.520 2 0.416 0.208 0.659 0.642
20.560 2 0.417 0.203 0.659 0.636
20.600 2 0.408 0.203 0.650 0.633
20.640 2 0.408 0.200 0.650 0.633
20.680 2 0.400 0.200 0.642 0.631
20.720 2 0.400 0.200 0.644 0.636
20.760 2 0.394 0.203 0.634 0.633
20.800 2 0.395 0.203 0.639 0.639
20.840 2 0.388 0.206 0.630 0.636
20.880 2 0.389 0.206 0.631 0.636
20.920 2 0.389 0.206 0.631 0.639
20.960 2 0.388 0.206 0.631 0.639
21.000 2 0.391 0.219 0.633 0.650
21.040 2 0.391 0.219 0.633 0.650
21.080 2 0.391 0.217 0.633 0.647
21.120 2 0.391 0.217 0.633 0.647
21.160 2 0.392 0.206 0.642 0.653
21.200 2 0.391 0.214 0.634 0.647
21.240 2 0.392 0.206 0.644 0.653
21.280 2 0.383 0.200 0.636 0.650
21.320 2 0.392 0.217 0.634 0.647
21.360 2 0.392 0.217 0.634 0.644
21.400 2 0.394 0.217 0.636 0.647
21.440 2 0.395 0.219 0.636 0.650
21.480 2 0.395 0.219 0.637 0.650
21.520 2 0.395 0.219 0.636 0.650
21.560 2 0.392 0.225 0.630 0.647
21.600 2 0.397 0.225 0.634 0.647
21.640 2 0.391 0.225 0.630 0.650
21.680 2 0.394 0.231 0.631 0.653
21.720 2 0.383 0.231 0.616 0.644
21.760 2 0.366 0.247 0.597 0.658
21.800 2 0.353 0.242 0.583 0.653
21.600 3 0.419 0.247 0.616 0.600
21.640 3 0.422 0.250 0.619 0.603
21.680 3 0.409 0.247 0.609 0.603
21.720 3 0.403 0.261 0.602 0.614
21.760 3 0.391 0.253 0.592 0.614
21.800 3 0.377 0.264 0.575 0.617
21.840 3 0.364 0.258 0.564 0.614
21.880 3 0.352 0.253 0.564 0.628
21.920 3 0.348 0.258 0.553 0.619
21.960 3 0.352 0.258 0.556 0.622
22.000 3 0.348 0.261 0.550 0.619
22.040 3 0.347 0.281 0.550 0.642
22.080 3 0.344 0.281 0.548 0.644
22.120 3 0.350 0.283 0.556 0.647
22.160 3 0.347 0.286 0.553 0.653
22.200 3 0.353 0.292 0.559 0.656
22.240 3 0.352 0.292 0.556 0.656
22.280 3 0.356 0.292 0.561 0.656
22.320 3 0.358 0.292 0.564 0.656
22.360 3 0.361 0.292 0.564 0.653
22.400 3 0.364 0.289 0.567 0.650
22.440 3 0.367 0.289 0.570 0.653
22.480 3 0.369 0.292 0.572 0.653
22.520 3 0.369 0.292 0.572 0.653
22.560 3 0.377 0.292 0.580 0.653
22.600 3 0.373 0.289 0.577 0.650
22.640 3 0.381 0.286 0.583 0.647
22.680 3 0.378 0.283 0.580 0.642
22.720 3 0.384 0.283 0.588 0.644
22.760 3 0.383 0.283 0.584 0.642
22.800 3 0.389 0.286 0.591 0.644
22.840 3 0.386 0.289 0.589 0.647
22.880 3 0.389 0.289 0.591 0.647
22.920 3 0.391 0.289 0.592 0.647
22.960 3 0.392 0.286 0.595 0.644
23.000 3 0.392 0.303 0.594 0.661
23.040 3 0.406 0.300 0.608 0.658
23.080 3 0.402 0.300 0.603 0.658
23.120 3 0.406 0.306 0.608 0.661
23.160 3 0.403 0.303 0.606 0.664
23.200 3 0.409 0.303 0.613 0.664
23.240 3 0.406 0.300 0.609 0.661
23.280 3 0.412 0.300 0.616 0.658
23.320 3 0.412 0.300 0.614 0.658
23.360 3 0.414 0.300 0.616 0.661
23.400 3 0.416 0.303 0.617 0.661
23.440 3 0.416 0.303 0.619 0.661
23.480 3 0.417 0.300 0.620 0.661
23.520 3 0.419 0.300 0.620 0.658
23.560 3 0.423 0.300 0.625 0.658
23.600 3 0.419 0.303 0.620 0.658
23.640 3 0.423 0.303 0.627 0.661
23.680 3 0.420 0.303 0.623 0.661
23.720 3 0.422 0.303 0.625 0.664
23.760 3 0.422 0.303 0.625 0.664
23.800 3 0.422 0.303 0.625 0.664
23.840 3 0.422 0.303 0.625 0.664
23.880 3 0.422 0.303 0.625 0.664
23.920 3 0.423 0.303 0.627 0.664
23.960 3 0.425 0.303 0.628 0.664
24.000 3 0.438 0.303 0.639 0.661
24.040 3 0.448 0.292 0.659 0.664
24.080 3 0.464 0.303 0.667 0.664
24.120 3 0.477 0.311 0.677 0.667
24.160 3 0.497 0.308 0.697 0.661
24.200 3 0.508 0.314 0.708 0.669
24.120 4 0.442 0.269 0.672 0.681
24.160 4 0.456 0.269 0.695 0.692
24.200 4 0.469 0.269 0.708 0.694
24.240 4 0.475 0.275 0.711 0.694
24.280 4 0.489 0.275 0.725 0.694
24.320 4 0.483 0.278 0.716 0.692
24.360 4 0.495 0.283 0.725 0.694
24.400 4 0.484 0.278 0.719 0.694
24.440 4 0.498 0.283 0.731 0.694
24.480 4 0.484 0.275 0.719 0.694
24.520 4 0.495 0.275 0.731 0.697
24.560 4 0.486 0.272 0.723 0.697
24.600 4 0.492 0.275 0.728 0.697
24.640 4 0.483 0.272 0.722 0.697
24.680 4 0.481 0.272 0.720 0.697
24.720 4 0.480 0.269 0.720 0.697
24.760 4 0.478 0.269 0.719 0.697
24.800 4 0.481 0.267 0.725 0.700
24.840 4 0.475 0.269 0.717 0.697
24.880 4 0.478 0.267 0.723 0.703
24.920 4 0.473 0.267 0.716 0.697
24.960 4 0.477 0.267 0.722 0.700
25.000 4 0.472 0.267 0.714 0.697
25.040 4 0.469 0.242 0.716 0.681
25.080 4 0.469 0.244 0.714 0.681
25.120 4 0.467 0.242 0.714 0.681
25.160 4 0.464 0.242 0.711 0.683
25.200 4 0.467 0.242 0.714 0.681
25.240 4 0.467 0.242 0.714 0.681
25.280 4 0.469 0.242 0.714 0.681
25.320 4 0.469 0.244 0.714 0.678
25.360 4 0.472 0.244 0.717 0.681
25.400 4 0.466 0.242 0.709 0.675
25.440 4 0.473 0.244 0.717 0.678
25.480 4 0.467 0.244 0.708 0.675
25.520 4 0.469 0.242 0.713 0.675
25.560 4 0.470 0.242 0.713 0.672
25.600 4 0.475 0.242 0.714 0.669
25.640 4 0.477 0.242 0.716 0.667
25.680 4 0.480 0.244 0.716 0.664
25.720 4 0.481 0.242 0.719 0.664
25.760 4 0.478 0.242 0.716 0.661
25.800 4 0.481 0.244 0.716 0.661
25.840 4 0.475 0.242 0.709 0.661
25.880 4 0.478 0.242 0.714 0.664
25.920 4 0.470 0.244 0.706 0.661
25.960 4 0.475 0.244 0.711 0.664
26.000 4 0.472 0.219 0.714 0.650
26.040 4 0.475 0.222 0.716 0.650
26.080 4 0.477 0.222 0.717 0.647
26.120 4 0.481 0.219 0.723 0.650
26.160 4 0.469 0.219 0.711 0.647
26.200 4 0.472 0.214 0.723 0.661
26.240 4 0.472 0.219 0.714 0.647
26.280 4 0.466 0.219 0.706 0.647
26.320 4 0.470 0.222 0.711 0.647
26.360 4 0.464 0.222 0.705 0.647
26.400 4 0.469 0.222 0.709 0.650
26.440 4 0.463 0.222 0.702 0.647
26.480 4 0.467 0.225 0.706 0.650
26.520 4 0.463 0.225 0.700 0.647
26.560 4 0.473 0.225 0.711 0.647
26.600 4 0.464 0.222 0.705 0.650
26.640 4 0.470 0.228 0.708 0.653
26.680 4 0.472 0.231 0.709 0.653
26.720 4 0.470 0.228 0.709 0.653
26.760 4 0.469 0.228 0.708 0.650
26.800 4 0.469 0.225 0.706 0.650
26.840 4 0.466 0.225 0.706 0.650
26.880 4 0.453 0.219 0.692 0.644
26.920 4 0.434 0.206 0.673 0.631
26.920 4 0.461 0.269 0.662 0.628
26.960 4 0.434 0.261 0.639 0.625
27.000 4 0.416 0.261 0.617 0.619
27.040 4 0.400 0.258 0.602 0.614
27.080 4 0.389 0.261 0.589 0.619
27.120 4 0.380 0.272 0.578 0.625
27.160 4 0.381 0.275 0.580 0.625
27.200 4 0.375 0.275 0.573 0.628
27.240 4 0.386 0.278 0.584 0.628
27.280 4 0.375 0.272 0.573 0.622
27.320 4 0.383 0.269 0.580 0.619
48.120 5 0.545 0.069 0.783 0.492
48.160 5 0.552 0.067 0.789 0.489
48.200 5 0.558 0.064 0.797 0.489
48.240 5 0.564 0.064 0.803 0.489
48.280 5 0.575 0.064 0.816 0.489
48.320 5 0.577 0.061 0.823 0.497
48.360 5 0.580 0.061 0.828 0.503
48.400 5 0.583 0.064 0.830 0.503
48.440 5 0.580 0.058 0.830 0.503
48.480 5 0.589 0.064 0.836 0.500
48.520 5 0.591 0.064 0.838 0.503
48.560 5 0.594 0.067 0.839 0.503
48.600 5 0.594 0.067 0.839 0.500
48.640 5 0.595 0.067 0.839 0.503
48.680 5 0.595 0.067 0.842 0.506
48.720 5 0.595 0.067 0.842 0.506
48.760 5 0.591 0.067 0.838 0.506
48.800 5 0.600 0.069 0.844 0.503
48.840 5 0.602 0.069 0.847 0.503
48.880 5 0.603 0.072 0.847 0.503
48.920 5 0.605 0.075 0.847 0.506
48.960 5 0.606 0.075 0.848 0.506
49.000 5 0.606 0.075 0.848 0.506
49.040 5 0.614 0.069 0.858 0.503
49.080 5 0.613 0.072 0.852 0.497
49.120 5 0.617 0.072 0.856 0.497
49.160 5 0.611 0.072 0.852 0.500
49.200 5 0.616 0.075 0.856 0.503
49.240 5 0.606 0.072 0.852 0.508
49.280 5 0.609 0.075 0.852 0.506
49.320 5 0.609 0.075 0.850 0.506
49.360 5 0.605 0.072 0.852 0.508
49.400 5 0.605 0.075 0.848 0.508
49.440 5 0.602 0.072 0.850 0.514
49.480 5 0.597 0.072 0.844 0.511
49.520 5 0.598 0.069 0.848 0.514
49.560 5 0.598 0.072 0.844 0.508
49.600 5 0.591 0.067 0.841 0.508
49.640 5 0.600 0.075 0.844 0.506
49.680 5 0.594 0.072 0.838 0.508
49.720 5 0.598 0.075 0.844 0.508
49.760 5 0.595 0.075 0.841 0.511
49.800 5 0.595 0.075 0.841 0.511
49.840 5 0.597 0.075 0.842 0.511
49.880 5 0.597 0.078 0.844 0.517
49.920 5 0.595 0.078 0.844 0.519
49.960 5 0.597 0.078 0.844 0.517
50.000 5 0.606 0.075 0.848 0.506
50.040 5 0.606 0.075 0.852 0.511
50.080 5 0.606 0.075 0.852 0.508
50.120 5 0.608 0.072 0.853 0.508
50.160 5 0.609 0.075 0.853 0.508
50.200 5 0.611 0.075 0.855 0.508
50.240 5 0.613 0.075 0.855 0.506
50.280 5 0.617 0.078 0.856 0.503
50.320 5 0.614 0.075 0.856 0.506
50.360 5 0.614 0.075 0.856 0.508
50.400 5 0.614 0.075 0.858 0.508
50.440 5 0.616 0.078 0.858 0.508
50.480 5 0.617 0.078 0.858 0.506
50.520 5 0.617 0.078 0.858 0.506
50.560 5 0.619 0.078 0.859 0.506
50.600 5 0.613 0.078 0.853 0.508
50.640 5 0.619 0.081 0.858 0.506
50.680 5 0.616 0.081 0.855 0.506
50.720 5 0.619 0.081 0.856 0.506
50.760 5 0.614 0.081 0.853 0.506
50.800 5 0.616 0.081 0.855 0.506
50.840 5 0.614 0.078 0.853 0.503
50.880 5 0.613 0.078 0.852 0.503
50.920 5 0.611 0.075 0.850 0.503
50.960 5 0.609 0.075 0.848 0.500
51.000 5 0.606 0.075 0.848 0.506
51.040 5 0.608 0.081 0.850 0.511
51.080 5 0.603 0.083 0.841 0.508
51.120 5 0.605 0.078 0.848 0.514
51.160 5 0.597 0.078 0.844 0.517
51.200 5 0.600 0.083 0.845 0.517
51.240 5 0.598 0.078 0.848 0.522
51.280 5 0.602 0.081 0.848 0.519
51.320 5 0.602 0.078 0.850 0.519
51.360 5 0.605 0.081 0.850 0.517
51.400 5 0.608 0.078 0.853 0.514
51.440 5 0.609 0.078 0.855 0.514
51.480 5 0.614 0.078 0.856 0.511
51.520 5 0.616 0.075 0.859 0.508
51.560 5 0.619 0.075 0.861 0.506
51.600 5 0.620 0.072 0.864 0.506
51.640 5 0.625 0.072 0.864 0.500
51.680 5 0.625 0.067 0.869 0.503
51.720 5 0.628 0.069 0.870 0.500
51.760 5 0.628 0.067 0.873 0.503
51.800 5 0.633 0.072 0.872 0.497
51.840 5 0.631 0.067 0.875 0.500
51.880 5 0.631 0.067 0.877 0.503
51.920 5 0.633 0.067 0.877 0.503
51.960 5 0.630 0.069 0.873 0.503
52.000 5 0.633 0.075 0.875 0.506
52.040 5 0.630 0.069 0.872 0.503
52.080 5 0.633 0.072 0.875 0.503
52.120 5 0.627 0.072 0.867 0.503
52.160 5 0.627 0.072 0.869 0.503
52.200 5 0.627 0.072 0.867 0.500
52.240 5 0.625 0.072 0.866 0.500
52.280 5 0.625 0.075 0.863 0.497
52.320 5 0.622 0.072 0.863 0.500
52.360 5 0.622 0.075 0.859 0.500
52.400 5 0.620 0.075 0.861 0.503
52.440 5 0.619 0.075 0.859 0.503
52.480 5 0.617 0.075 0.859 0.503
52.520 5 0.617 0.075 0.858 0.503
52.560 5 0.616 0.075 0.858 0.506
52.600 5 0.616 0.075 0.858 0.506
52.640 5 0.614 0.075 0.856 0.506
52.680 5 0.617 0.078 0.858 0.506
52.720 5 0.609 0.075 0.853 0.506
52.760 5 0.616 0.078 0.856 0.506
52.800 5 0.608 0.078 0.852 0.508
52.840 5 0.613 0.078 0.855 0.508
52.880 5 0.605 0.075 0.848 0.511
52.920 5 0.613 0.075 0.858 0.511
52.960 5 0.603 0.075 0.848 0.508
53.000 5 0.606 0.075 0.848 0.506
53.040 5 0.605 0.067 0.847 0.497
53.080 5 0.605 0.067 0.845 0.494
53.120 5 0.605 0.067 0.845 0.494
53.160 5 0.605 0.067 0.844 0.494
53.200 5 0.605 0.069 0.844 0.494
53.240 5 0.603 0.069 0.841 0.492
53.280 5 0.602 0.072 0.838 0.492
53.320 5 0.598 0.072 0.834 0.492
53.360 5 0.595 0.072 0.831 0.492
53.400 5 0.592 0.072 0.828 0.492
53.440 5 0.588 0.072 0.825 0.494
53.480 5 0.583 0.072 0.822 0.500
53.520 5 0.577 0.072 0.820 0.506
53.560 5 0.575 0.081 0.814 0.506
53.600 5 0.570 0.078 0.814 0.511
53.640 5 0.569 0.083 0.808 0.508
53.680 5 0.562 0.081 0.809 0.519
53.720 5 0.559 0.083 0.806 0.519
53.760 5 0.556 0.081 0.805 0.522
53.800 5 0.555 0.083 0.802 0.519
53.840 5 0.555 0.083 0.798 0.519
53.880 5 0.550 0.083 0.795 0.517
53.920 5 0.556 0.083 0.800 0.517
53.960 5 0.548 0.083 0.794 0.517
54.000 5 0.552 0.075 0.794 0.506
54.040 5 0.553 0.097 0.795 0.528
54.080 5 0.550 0.097 0.792 0.528
54.120 5 0.550 0.097 0.792 0.531
54.160 5 0.550 0.097 0.792 0.531
54.200 5 0.548 0.094 0.795 0.531
54.240 5 0.552 0.094 0.795 0.528
54.280 5 0.552 0.092 0.797 0.531
54.320 5 0.553 0.094 0.797 0.528
54.360 5 0.553 0.092 0.798 0.528
54.400 5 0.555 0.094 0.798 0.528
54.440 5 0.559 0.097 0.803 0.531
54.480 5 0.548 0.092 0.794 0.528
54.520 5 0.561 0.094 0.805 0.528
54.560 5 0.552 0.092 0.797 0.528
54.600 5 0.556 0.089 0.803 0.531
54.640 5 0.548 0.083 0.803 0.533
54.680 5 0.548 0.083 0.802 0.533
54.720 5 0.555 0.089 0.803 0.531
54.760 5 0.550 0.092 0.794 0.528
54.800 5 0.556 0.094 0.800 0.528
54.840 5 0.553 0.089 0.800 0.528
54.880 5 0.553 0.097 0.797 0.531
54.920 5 0.552 0.097 0.797 0.531
54.960 5 0.548 0.097 0.792 0.531
55.000 5 0.552 0.122 0.794 0.553
55.040 5 0.564 0.133 0.787 0.528
55.080 5 0.562 0.133 0.784 0.528
55.120 5 0.564 0.131 0.787 0.528
55.160 5 0.562 0.131 0.784 0.522
55.200 5 0.569 0.131 0.789 0.519
55.240 5 0.566 0.128 0.787 0.522
55.280 5 0.567 0.128 0.789 0.522
55.320 5 0.567 0.128 0.789 0.519
55.360 5 0.570 0.128 0.789 0.517
55.400 5 0.570 0.125 0.792 0.519
55.440 5 0.570 0.125 0.792 0.519
55.480 5 0.572 0.125 0.794 0.519
55.520 5 0.572 0.125 0.794 0.519
55.560 5 0.573 0.125 0.794 0.519
55.600 5 0.573 0.128 0.794 0.519
55.640 5 0.573 0.128 0.794 0.519
55.680 5 0.575 0.128 0.794 0.519
55.720 5 0.575 0.128 0.795 0.519
55.760 5 0.575 0.128 0.795 0.519
55.800 5 0.577 0.131 0.798 0.522
55.840 5 0.577 0.128 0.802 0.528
55.880 5 0.577 0.131 0.797 0.522
55.920 5 0.578 0.131 0.800 0.525
55.960 5 0.580 0.128 0.803 0.525
56.000 5 0.594 0.142 0.795 0.500
56.040 5 0.577 0.131 0.797 0.519
56.080 5 0.577 0.131 0.795 0.519
56.120 5 0.578 0.131 0.798 0.519
56.160 5 0.580 0.133 0.797 0.519
56.200 5 0.577 0.131 0.797 0.522
56.240 5 0.580 0.133 0.800 0.525
56.280 5 0.575 0.136 0.794 0.525
56.320 5 0.580 0.139 0.798 0.528
56.360 5 0.572 0.139 0.792 0.528
56.400 5 0.575 0.139 0.789 0.522
56.440 5 0.577 0.139 0.795 0.528
56.480 5 0.570 0.139 0.789 0.528
56.520 5 0.570 0.139 0.791 0.528
56.560 5 0.578 0.142 0.794 0.525
56.600 5 0.572 0.133 0.791 0.525
56.640 5 0.573 0.133 0.792 0.525
56.680 5 0.572 0.136 0.789 0.522
56.720 5 0.573 0.133 0.791 0.522
56.760 5 0.575 0.133 0.795 0.525
56.800 5 0.569 0.131 0.791 0.525
56.840 5 0.572 0.131 0.792 0.525
56.880 5 0.575 0.133 0.795 0.525
56.920 5 0.569 0.133 0.791 0.528
56.960 5 0.573 0.136 0.794 0.528
57.000 5 0.552 0.122 0.794 0.553
57.040 5 0.566 0.106 0.805 0.531
57.080 5 0.566 0.106 0.803 0.531
57.120 5 0.566 0.103 0.803 0.531
57.160 5 0.562 0.106 0.800 0.531
57.200 5 0.564 0.103 0.800 0.525
57.240 5 0.559 0.097 0.803 0.533
57.280 5 0.564 0.097 0.809 0.533
57.320 5 0.562 0.100 0.805 0.531
57.360 5 0.562 0.100 0.805 0.531
57.400 5 0.562 0.100 0.805 0.531
57.440 5 0.567 0.103 0.806 0.531
57.480 5 0.561 0.097 0.803 0.531
57.520 5 0.564 0.100 0.805 0.531
57.560 5 0.564 0.100 0.805 0.531
57.600 5 0.564 0.100 0.805 0.531
57.640 5 0.564 0.100 0.805 0.531
57.680 5 0.564 0.100 0.805 0.528
57.720 5 0.564 0.100 0.805 0.531
57.760 5 0.564 0.097 0.806 0.531
57.800 5 0.562 0.097 0.803 0.528
57.840 5 0.567 0.100 0.808 0.528
57.880 5 0.562 0.094 0.805 0.528
57.920 5 0.569 0.094 0.811 0.528
57.960 5 0.564 0.092 0.806 0.525
58.000 5 0.580 0.075 0.820 0.506
58.040 5 0.594 0.108 0.812 0.497
58.080 5 0.583 0.103 0.803 0.497
58.120 5 0.592 0.106 0.812 0.500
58.160 5 0.586 0.103 0.806 0.497
58.200 5 0.591 0.108 0.808 0.494
58.240 5 0.588 0.100 0.809 0.497
58.280 5 0.583 0.097 0.808 0.497
58.320 5 0.592 0.103 0.812 0.497
58.360 5 0.588 0.100 0.809 0.494
58.400 5 0.586 0.097 0.809 0.497
58.440 5 0.584 0.097 0.808 0.497
58.480 5 0.584 0.100 0.808 0.500
58.520 5 0.583 0.103 0.808 0.503
58.560 5 0.584 0.106 0.808 0.506
58.600 5 0.584 0.106 0.808 0.506
58.640 5 0.588 0.108 0.811 0.506
58.680 5 0.583 0.106 0.811 0.514
58.720 5 0.581 0.108 0.805 0.506
58.760 5 0.588 0.114 0.809 0.508
58.800 5 0.581 0.111 0.805 0.506
58.840 5 0.588 0.111 0.811 0.508
58.880 5 0.580 0.106 0.806 0.508
58.920 5 0.588 0.111 0.809 0.506
58.960 5 0.584 0.111 0.805 0.506
59.000 5 0.594 0.142 0.795 0.500
59.040 5 0.577 0.125 0.803 0.528
59.080 5 0.575 0.128 0.800 0.528
59.120 5 0.580 0.128 0.808 0.531
59.160 5 0.577 0.128 0.802 0.528
59.200 5 0.581 0.131 0.805 0.525
59.240 5 0.580 0.131 0.800 0.522
59.280 5 0.583 0.133 0.805 0.528
59.320 5 0.577 0.133 0.798 0.528
59.360 5 0.580 0.133 0.803 0.531
59.400 5 0.577 0.133 0.798 0.528
59.440 5 0.581 0.133 0.806 0.533
59.480 5 0.575 0.133 0.798 0.533
59.520 5 0.575 0.136 0.798 0.533
59.560 5 0.575 0.136 0.797 0.531
59.600 5 0.573 0.133 0.802 0.539
59.640 5 0.570 0.133 0.795 0.533
59.680 5 0.573 0.136 0.798 0.533
59.720 5 0.572 0.139 0.794 0.533
59.760 5 0.570 0.136 0.794 0.533
59.800 5 0.569 0.139 0.792 0.533
59.840 5 0.569 0.139 0.792 0.533
59.880 5 0.569 0.139 0.789 0.533
59.920 5 0.569 0.139 0.789 0.531
59.960 5 0.567 0.139 0.787 0.528
60.000 5 0.552 0.122 0.794 0.553
60.040 5 0.547 0.117 0.789 0.550
60.080 5 0.545 0.117 0.791 0.550
60.120 5 0.545 0.114 0.789 0.550
60.160 5 0.544 0.114 0.789 0.547
60.200 5 0.544 0.114 0.786 0.544
60.240 5 0.542 0.111 0.784 0.542
60.280 5 0.542 0.111 0.783 0.539
60.320 5 0.541 0.111 0.781 0.539
60.360 5 0.539 0.111 0.780 0.539
60.400 5 0.536 0.111 0.780 0.542
60.440 5 0.533 0.111 0.778 0.544
60.480 5 0.531 0.111 0.773 0.544
60.520 5 0.530 0.111 0.773 0.544
60.560 5 0.527 0.114 0.772 0.547
60.600 5 0.525 0.114 0.772 0.553
60.640 5 0.525 0.117 0.772 0.556
60.680 5 0.522 0.117 0.767 0.553
60.720 5 0.527 0.119 0.770 0.553
60.760 5 0.527 0.122 0.770 0.556
60.800 5 0.527 0.122 0.772 0.558
60.840 5 0.527 0.122 0.772 0.558
60.880 5 0.530 0.128 0.772 0.558
60.920 5 0.528 0.122 0.773 0.561
60.960 5 0.528 0.122 0.773 0.558
61.000 5 0.525 0.122 0.767 0.553
61.040 5 0.527 0.125 0.770 0.556
61.080 5 0.531 0.125 0.772 0.556
61.120 5 0.534 0.125 0.775 0.556
61.160 5 0.530 0.125 0.773 0.558
61.200 5 0.533 0.122 0.781 0.564
61.240 5 0.523 0.122 0.770 0.561
61.280 5 0.539 0.128 0.781 0.558
61.320 5 0.527 0.119 0.769 0.553
61.360 5 0.539 0.122 0.783 0.558
61.400 5 0.528 0.119 0.770 0.547
61.440 5 0.542 0.122 0.784 0.553
61.480 5 0.531 0.122 0.770 0.547
61.520 5 0.541 0.125 0.781 0.553
61.560 5 0.533 0.119 0.773 0.550
61.600 5 0.542 0.119 0.783 0.550
61.640 5 0.534 0.117 0.778 0.550
61.680 5 0.541 0.122 0.781 0.550
61.720 5 0.541 0.119 0.781 0.550
61.760 5 0.542 0.122 0.781 0.547
61.800 5 0.544 0.122 0.783 0.547
61.840 5 0.544 0.119 0.784 0.547
61.880 5 0.544 0.119 0.784 0.547
61.920 5 0.545 0.119 0.786 0.550
61.960 5 0.545 0.119 0.787 0.550
62.000 5 0.552 0.122 0.794 0.553
62.040 5 0.552 0.122 0.794 0.553
62.080 5 0.553 0.122 0.795 0.553
62.120 5 0.555 0.122 0.795 0.553
62.160 5 0.555 0.122 0.797 0.550
62.200 5 0.559 0.122 0.802 0.556
62.240 5 0.552 0.119 0.794 0.550
62.280 5 0.556 0.122 0.797 0.553
62.320 5 0.556 0.122 0.797 0.550
62.360 5 0.559 0.125 0.798 0.550
62.400 5 0.553 0.125 0.794 0.550
62.440 5 0.556 0.125 0.795 0.550
62.480 5 0.555 0.125 0.795 0.553
62.520 5 0.558 0.125 0.798 0.556
62.560 5 0.552 0.125 0.794 0.556
62.600 5 0.555 0.125 0.795 0.556
62.640 5 0.553 0.125 0.798 0.561
62.680 5 0.553 0.128 0.792 0.553
62.720 5 0.558 0.125 0.798 0.556
62.760 5 0.550 0.122 0.794 0.553
62.800 5 0.559 0.131 0.797 0.550
62.840 5 0.552 0.125 0.792 0.553
62.880 5 0.556 0.131 0.795 0.553
62.920 5 0.555 0.125 0.795 0.553
62.960 5 0.556 0.125 0.797 0.553
63.000 5 0.552 0.122 0.794 0.553
63.040 5 0.556 0.119 0.798 0.550
63.080 5 0.556 0.119 0.797 0.550
63.120 5 0.556 0.122 0.795 0.547
63.160 5 0.555 0.122 0.795 0.550
63.200 5 0.553 0.122 0.795 0.550
63.240 5 0.553 0.122 0.794 0.550
63.280 5 0.552 0.125 0.792 0.550
63.320 5 0.550 0.122 0.791 0.550
63.360 5 0.550 0.125 0.791 0.550
63.400 5 0.550 0.125 0.791 0.553
63.440 5 0.550 0.128 0.789 0.553
63.480 5 0.550 0.128 0.789 0.553
63.520 5 0.545 0.125 0.786 0.553
63.560 5 0.548 0.125 0.787 0.553
63.600 5 0.545 0.125 0.784 0.553
63.640 5 0.547 0.125 0.787 0.553
63.680 5 0.544 0.125 0.786 0.556
63.720 5 0.550 0.131 0.787 0.553
63.760 5 0.547 0.125 0.787 0.553
63.800 5 0.544 0.125 0.786 0.553
63.840 5 0.548 0.125 0.791 0.556
63.880 5 0.544 0.122 0.787 0.553
63.920 5 0.545 0.125 0.789 0.556
63.960 5 0.542 0.122 0.786 0.558
64.000 5 0.552 0.122 0.794 0.553
64.040 5 0.541 0.119 0.784 0.556
64.080 5 0.544 0.122 0.786 0.553
64.120 5 0.537 0.119 0.781 0.556
64.160 5 0.541 0.119 0.787 0.558
64.200 5 0.541 0.122 0.783 0.553
64.240 5 0.539 0.122 0.783 0.553
64.280 5 0.539 0.122 0.783 0.553
64.320 5 0.536 0.119 0.780 0.556
64.360 5 0.539 0.122 0.781 0.553
64.400 5 0.539 0.122 0.781 0.553
64.440 5 0.542 0.122 0.784 0.553
64.480 5 0.539 0.122 0.781 0.553
64.520 5 0.537 0.119 0.784 0.558
64.560 5 0.536 0.122 0.778 0.553
64.600 5 0.537 0.119 0.781 0.556
64.640 5 0.537 0.122 0.780 0.553
64.680 5 0.534 0.122 0.777 0.553
64.720 5 0.537 0.122 0.778 0.553
64.760 5 0.531 0.122 0.773 0.553
64.800 5 0.541 0.125 0.778 0.547
64.840 5 0.534 0.122 0.777 0.553
64.880 5 0.541 0.122 0.781 0.553
64.920 5 0.537 0.122 0.778 0.553
64.960 5 0.539 0.122 0.781 0.553
65.000 5 0.525 0.122 0.767 0.553
65.040 5 0.517 0.122 0.761 0.556
65.080 5 0.522 0.119 0.766 0.553
65.120 5 0.522 0.122 0.762 0.550
65.160 5 0.525 0.122 0.766 0.550
65.200 5 0.523 0.122 0.766 0.553
65.240 5 0.527 0.122 0.769 0.553
65.280 5 0.519 0.119 0.764 0.556
65.320 5 0.523 0.122 0.769 0.558
65.360 5 0.517 0.122 0.762 0.556
65.400 5 0.527 0.122 0.770 0.556
65.440 5 0.516 0.119 0.761 0.556
65.480 5 0.525 0.122 0.770 0.558
65.520 5 0.516 0.119 0.761 0.556
65.560 5 0.520 0.122 0.764 0.556
65.600 5 0.517 0.122 0.761 0.553
65.640 5 0.523 0.122 0.769 0.558
65.680 5 0.517 0.122 0.761 0.556
65.720 5 0.520 0.122 0.766 0.558
65.760 5 0.519 0.122 0.762 0.556
65.800 5 0.522 0.122 0.767 0.558
65.840 5 0.520 0.122 0.762 0.553
65.880 5 0.522 0.122 0.767 0.558
65.920 5 0.520 0.119 0.764 0.553
65.960 5 0.525 0.122 0.769 0.556
66.000 5 0.525 0.122 0.767 0.553
66.040 5 0.548 0.128 0.772 0.525
66.080 5 0.548 0.128 0.772 0.525
66.120 5 0.550 0.128 0.773 0.525
66.160 5 0.550 0.125 0.773 0.525
66.200 5 0.552 0.125 0.775 0.522
66.240 5 0.553 0.125 0.775 0.519
66.280 5 0.556 0.128 0.777 0.517
66.320 5 0.558 0.125 0.778 0.517
66.360 5 0.558 0.125 0.778 0.517
66.400 5 0.561 0.131 0.780 0.517
66.440 5 0.559 0.131 0.775 0.517
66.480 5 0.566 0.136 0.780 0.517
66.520 5 0.559 0.133 0.775 0.517
66.560 5 0.562 0.131 0.781 0.519
66.600 5 0.559 0.131 0.780 0.519
66.640 5 0.559 0.131 0.778 0.519
66.680 5 0.559 0.131 0.778 0.519
66.720 5 0.559 0.133 0.777 0.519
66.760 5 0.558 0.133 0.775 0.519
66.800 5 0.553 0.131 0.772 0.522
66.840 5 0.556 0.133 0.773 0.519
66.880 5 0.553 0.133 0.772 0.522
66.920 5 0.553 0.133 0.772 0.522
66.960 5 0.550 0.133 0.770 0.525
67.000 5 0.572 0.142 0.773 0.500
67.040 5 0.555 0.136 0.773 0.525
67.080 5 0.555 0.136 0.773 0.525
67.120 5 0.555 0.136 0.773 0.525
67.160 5 0.553 0.139 0.772 0.528
67.200 5 0.552 0.139 0.770 0.528
67.240 5 0.556 0.139 0.775 0.528
67.280 5 0.553 0.136 0.773 0.528
67.320 5 0.556 0.139 0.773 0.528
67.360 5 0.552 0.139 0.770 0.525
67.400 5 0.556 0.144 0.772 0.525
67.440 5 0.553 0.142 0.769 0.528
67.480 5 0.556 0.144 0.770 0.525
67.520 5 0.548 0.142 0.767 0.531
67.560 5 0.547 0.142 0.767 0.531
67.600 5 0.545 0.142 0.764 0.533
67.640 5 0.544 0.142 0.764 0.531
67.680 5 0.544 0.139 0.762 0.528
67.720 5 0.544 0.139 0.762 0.528
67.760 5 0.542 0.136 0.762 0.528
67.800 5 0.545 0.136 0.764 0.525
67.840 5 0.544 0.133 0.759 0.519
67.880 5 0.544 0.131 0.767 0.528
67.920 5 0.537 0.131 0.761 0.528
67.960 5 0.544 0.131 0.767 0.528
68.000 5 0.525 0.122 0.767 0.553
68.040 5 0.548 0.142 0.769 0.536
68.080 5 0.542 0.142 0.764 0.533
68.120 5 0.550 0.144 0.769 0.533
68.160 5 0.544 0.139 0.762 0.531
68.200 5 0.547 0.139 0.766 0.528
68.240 5 0.547 0.139 0.767 0.531
68.280 5 0.548 0.139 0.767 0.528
68.320 5 0.548 0.136 0.769 0.528
68.360 5 0.548 0.133 0.769 0.528
68.400 5 0.547 0.133 0.770 0.531
68.440 5 0.539 0.125 0.769 0.533
68.480 5 0.548 0.131 0.772 0.531
68.520 5 0.544 0.133 0.767 0.528
68.560 5 0.552 0.136 0.770 0.522
68.600 5 0.547 0.131 0.766 0.522
68.640 5 0.548 0.131 0.770 0.522
68.680 5 0.545 0.128 0.767 0.522
68.720 5 0.555 0.133 0.772 0.519
68.760 5 0.550 0.128 0.770 0.519
68.800 5 0.553 0.131 0.769 0.517
68.840 5 0.552 0.125 0.772 0.517
68.880 5 0.555 0.128 0.770 0.514
68.920 5 0.553 0.125 0.773 0.517
68.960 5 0.550 0.122 0.772 0.519
69.000 5 0.572 0.142 0.773 0.500
69.040 5 0.572 0.142 0.773 0.500
69.080 5 0.572 0.142 0.773 0.500
69.120 5 0.572 0.142 0.775 0.500
75.480 6 0.581 0.369 0.634 0.464
75.520 6 0.583 0.375 0.636 0.469
75.560 6 0.584 0.378 0.637 0.472
75.600 6 0.588 0.381 0.641 0.475
75.640 6 0.594 0.383 0.645 0.478
75.680 6 0.600 0.386 0.653 0.481
75.720 6 0.608 0.383 0.659 0.475
75.760 6 0.611 0.375 0.666 0.472
75.800 6 0.613 0.367 0.667 0.464
75.840 6 0.614 0.364 0.669 0.461
75.880 6 0.614 0.361 0.669 0.458
75.920 6 0.616 0.361 0.670 0.458
75.960 6 0.617 0.361 0.672 0.458
76.000 6 0.614 0.361 0.670 0.461
76.040 6 0.611 0.361 0.667 0.461
76.080 6 0.609 0.364 0.666 0.464
76.120 6 0.606 0.367 0.661 0.467
76.160 6 0.606 0.369 0.661 0.469
76.200 6 0.603 0.372 0.659 0.469
76.240 6 0.603 0.375 0.659 0.478
76.280 6 0.600 0.381 0.656 0.478
76.320 6 0.602 0.375 0.658 0.475
76.360 6 0.606 0.372 0.661 0.472
76.400 6 0.609 0.369 0.664 0.467
76.440 6 0.609 0.358 0.664 0.456
76.480 6 0.609 0.347 0.664 0.447
76.520 6 0.611 0.342 0.667 0.439
76.560 6 0.609 0.339 0.664 0.436
76.600 6 0.608 0.336 0.662 0.433
76.640 6 0.605 0.333 0.659 0.433
76.680 6 0.606 0.331 0.662 0.431
76.720 6 0.603 0.331 0.658 0.428
76.760 6 0.606 0.331 0.662 0.428
76.800 6 0.609 0.336 0.666 0.433
76.360 7 0.603 0.375 0.659 0.475
76.400 7 0.605 0.372 0.661 0.472
76.440 7 0.606 0.361 0.661 0.458
76.480 7 0.606 0.353 0.661 0.450
76.520 7 0.608 0.344 0.664 0.444
76.560 7 0.606 0.342 0.661 0.442
76.600 7 0.606 0.342 0.661 0.439
76.640 7 0.605 0.339 0.658 0.436
76.680 7 0.605 0.336 0.659 0.433
76.720 7 0.603 0.336 0.656 0.433
76.760 7 0.606 0.336 0.659 0.433
76.800 7 0.608 0.342 0.662 0.439
76.840 7 0.616 0.350 0.672 0.447
76.880 7 0.625 0.356 0.680 0.456
76.920 7 0.631 0.358 0.688 0.458
76.960 7 0.634 0.356 0.691 0.456
77.000 7 0.639 0.350 0.695 0.450
77.040 7 0.644 0.342 0.700 0.442
77.080 7 0.648 0.339 0.705 0.439
77.120 7 0.653 0.336 0.709 0.436
77.160 7 0.659 0.333 0.716 0.436
77.200 7 0.662 0.331 0.720 0.433
77.240 7 0.667 0.328 0.725 0.431
77.280 7 0.672 0.331 0.728 0.431
77.320 7 0.672 0.331 0.730 0.433
77.360 7 0.673 0.333 0.730 0.433
77.400 7 0.675 0.333 0.733 0.436
76.440 8 0.358 0.361 0.419 0.467
76.480 8 0.355 0.347 0.416 0.453
76.520 8 0.352 0.336 0.414 0.444
76.560 8 0.345 0.328 0.408 0.439
76.600 8 0.338 0.322 0.403 0.439
76.640 8 0.334 0.319 0.400 0.436
76.680 8 0.330 0.319 0.394 0.436
76.720 8 0.327 0.319 0.391 0.433
76.760 8 0.323 0.322 0.389 0.439
76.800 8 0.325 0.333 0.391 0.450
76.840 8 0.328 0.342 0.394 0.461
76.880 8 0.333 0.353 0.400 0.469
76.920 8 0.336 0.358 0.403 0.475
76.960 8 0.339 0.358 0.405 0.475
77.000 8 0.341 0.353 0.408 0.472
77.040 8 0.342 0.347 0.409 0.467
77.080 8 0.347 0.342 0.414 0.461
77.120 8 0.350 0.339 0.419 0.461
77.160 8 0.353 0.336 0.422 0.458
77.200 8 0.356 0.331 0.427 0.456
77.240 8 0.353 0.331 0.425 0.456
77.280 8 0.353 0.333 0.423 0.461
77.320 8 0.352 0.339 0.423 0.467
77.360 8 0.352 0.342 0.422 0.469
77.400 8 0.352 0.344 0.423 0.472
93.000 9 0.438 0.092 0.728 0.608
93.040 9 0.444 0.106 0.733 0.622
93.080 9 0.444 0.108 0.734 0.625
93.120 9 0.445 0.108 0.734 0.625
93.160 9 0.445 0.111 0.734 0.628
93.200 9 0.447 0.111 0.736 0.628
93.240 9 0.447 0.114 0.738 0.631
93.280 9 0.448 0.114 0.738 0.628
93.320 9 0.448 0.114 0.739 0.631
93.360 9 0.448 0.119 0.739 0.636
93.400 9 0.450 0.122 0.739 0.636
93.440 9 0.450 0.122 0.741 0.639
93.480 9 0.452 0.122 0.742 0.639
93.520 9 0.452 0.122 0.742 0.642
93.560 9 0.452 0.122 0.742 0.642
93.600 9 0.452 0.122 0.742 0.639
93.640 9 0.453 0.125 0.744 0.642
93.680 9 0.455 0.128 0.744 0.644
93.720 9 0.456 0.131 0.745 0.647
93.760 9 0.458 0.131 0.748 0.650
93.800 9 0.458 0.133 0.750 0.653
93.840 9 0.461 0.133 0.752 0.653
93.880 9 0.463 0.133 0.755 0.653
93.920 9 0.467 0.133 0.759 0.653
93.960 9 0.461 0.136 0.752 0.653
94.000 9 0.470 0.147 0.759 0.664
94.040 9 0.475 0.144 0.762 0.658
94.080 9 0.480 0.147 0.766 0.658
94.120 9 0.477 0.144 0.764 0.658
94.160 9 0.477 0.144 0.764 0.658
94.200 9 0.480 0.147 0.767 0.658
94.240 9 0.475 0.144 0.764 0.661
94.280 9 0.472 0.144 0.764 0.667
94.320 9 0.477 0.147 0.762 0.658
94.360 9 0.477 0.147 0.762 0.658
94.400 9 0.480 0.147 0.762 0.656
94.440 9 0.472 0.150 0.753 0.656
94.480 9 0.477 0.150 0.762 0.661
94.520 9 0.466 0.147 0.756 0.664
94.560 9 0.472 0.153 0.759 0.667
94.600 9 0.463 0.153 0.750 0.667
94.640 9 0.470 0.156 0.756 0.667
94.680 9 0.463 0.156 0.748 0.669
94.720 9 0.470 0.158 0.755 0.667
94.760 9 0.464 0.153 0.750 0.664
94.800 9 0.467 0.153 0.758 0.672
94.840 9 0.459 0.150 0.750 0.672
94.880 9 0.469 0.156 0.756 0.667
94.920 9 0.466 0.156 0.750 0.664
94.960 9 0.475 0.156 0.761 0.667
95.000 9 0.470 0.147 0.759 0.664
95.040 9 0.466 0.153 0.750 0.664
95.080 9 0.466 0.150 0.752 0.664
95.120 9 0.469 0.156 0.752 0.658
95.160 9 0.469 0.153 0.752 0.658
95.200 9 0.464 0.147 0.753 0.661
95.240 9 0.469 0.147 0.755 0.658
95.280 9 0.473 0.150 0.758 0.658
95.320 9 0.466 0.144 0.755 0.661
95.360 9 0.470 0.147 0.759 0.661
95.400 9 0.472 0.147 0.758 0.658
95.440 9 0.469 0.153 0.748 0.653
95.480 9 0.483 0.156 0.761 0.653
95.520 9 0.473 0.150 0.756 0.656
95.560 9 0.481 0.147 0.766 0.656
95.600 9 0.473 0.142 0.756 0.647
95.640 9 0.475 0.144 0.759 0.650
95.680 9 0.473 0.142 0.761 0.656
95.720 9 0.473 0.142 0.764 0.658
95.760 9 0.478 0.144 0.762 0.656
95.800 9 0.475 0.144 0.759 0.653
95.840 9 0.477 0.142 0.767 0.661
95.880 9 0.478 0.142 0.767 0.658
95.920 9 0.477 0.147 0.761 0.656
95.960 9 0.486 0.153 0.769 0.658
96.000 9 0.470 0.147 0.759 0.664
96.040 9 0.492 0.164 0.756 0.633
96.080 9 0.495 0.164 0.759 0.633
96.120 9 0.495 0.167 0.759 0.633
96.160 9 0.498 0.172 0.761 0.639
96.200 9 0.494 0.169 0.758 0.639
96.240 9 0.497 0.169 0.764 0.642
96.280 9 0.498 0.169 0.764 0.642
96.320 9 0.497 0.169 0.761 0.639
96.360 9 0.502 0.169 0.766 0.639
96.400 9 0.506 0.175 0.766 0.636
96.440 9 0.500 0.169 0.761 0.633
96.480 9 0.500 0.167 0.766 0.639
96.520 9 0.508 0.164 0.772 0.633
96.560 9 0.503 0.164 0.767 0.633
96.600 9 0.505 0.161 0.772 0.633
96.640 9 0.509 0.164 0.770 0.628
96.680 9 0.506 0.158 0.773 0.631
96.720 9 0.505 0.158 0.770 0.631
96.760 9 0.509 0.156 0.778 0.633
96.800 9 0.506 0.156 0.775 0.631
96.840 9 0.506 0.153 0.773 0.628
96.880 9 0.506 0.156 0.772 0.628
96.920 9 0.503 0.153 0.770 0.628
96.960 9 0.502 0.156 0.767 0.628
97.000 9 0.525 0.172 0.767 0.600
97.040 9 0.498 0.158 0.764 0.631
97.080 9 0.505 0.164 0.767 0.631
97.120 9 0.495 0.158 0.762 0.633
97.160 9 0.503 0.164 0.766 0.633
97.200 9 0.495 0.161 0.761 0.633
97.240 9 0.502 0.164 0.766 0.633
97.280 9 0.494 0.164 0.759 0.636
97.320 9 0.500 0.164 0.764 0.633
97.360 9 0.498 0.164 0.759 0.628
97.400 9 0.497 0.161 0.762 0.633
97.440 9 0.497 0.161 0.762 0.633
97.480 9 0.492 0.161 0.759 0.636
97.520 9 0.497 0.161 0.766 0.636
97.560 9 0.487 0.153 0.761 0.639
97.600 9 0.497 0.158 0.766 0.639
97.640 9 0.489 0.156 0.764 0.644
97.680 9 0.491 0.158 0.761 0.639
97.720 9 0.497 0.158 0.766 0.636
97.760 9 0.492 0.156 0.762 0.639
97.800 9 0.492 0.156 0.762 0.636
97.840 9 0.494 0.158 0.764 0.639
97.880 9 0.486 0.158 0.755 0.636
97.920 9 0.495 0.164 0.758 0.633
97.960 9 0.489 0.161 0.756 0.636
98.000 9 0.470 0.147 0.759 0.664
98.040 9 0.472 0.117 0.766 0.642
98.080 9 0.459 0.119 0.752 0.642
98.120 9 0.469 0.119 0.764 0.647
98.160 9 0.453 0.114 0.756 0.653
98.200 9 0.469 0.111 0.770 0.653
98.240 9 0.458 0.114 0.755 0.644
98.280 9 0.463 0.114 0.761 0.647
98.320 9 0.467 0.122 0.758 0.642
98.360 9 0.469 0.119 0.759 0.639
98.400 9 0.470 0.119 0.759 0.636
98.440 9 0.470 0.119 0.761 0.639
98.480 9 0.472 0.119 0.761 0.636
98.520 9 0.472 0.119 0.761 0.636
98.560 9 0.477 0.122 0.764 0.633
98.600 9 0.470 0.117 0.767 0.647
98.640 9 0.466 0.114 0.761 0.644
98.680 9 0.472 0.119 0.766 0.644
98.720 9 0.466 0.114 0.761 0.644
98.760 9 0.478 0.117 0.770 0.642
98.800 9 0.466 0.111 0.759 0.636
98.840 9 0.475 0.114 0.767 0.639
98.880 9 0.467 0.114 0.759 0.636
98.920 9 0.472 0.117 0.761 0.633
98.960 9 0.473 0.117 0.761 0.633
99.000 9 0.470 0.092 0.759 0.608
99.040 9 0.475 0.119 0.759 0.628
99.080 9 0.473 0.114 0.764 0.633
99.120 9 0.469 0.117 0.761 0.639
99.160 9 0.472 0.117 0.761 0.633
99.200 9 0.477 0.117 0.766 0.633
99.240 9 0.473 0.114 0.764 0.636
99.280 9 0.477 0.117 0.764 0.633
99.320 9 0.466 0.114 0.756 0.636
99.360 9 0.473 0.122 0.761 0.639
99.400 9 0.463 0.117 0.756 0.642
99.440 9 0.466 0.122 0.756 0.639
99.480 9 0.470 0.125 0.756 0.639
99.520 9 0.459 0.119 0.752 0.642
99.560 9 0.469 0.128 0.755 0.639
99.600 9 0.458 0.122 0.750 0.644
99.640 9 0.463 0.128 0.752 0.644
99.680 9 0.464 0.122 0.758 0.650
99.720 9 0.456 0.122 0.752 0.650
99.760 9 0.467 0.128 0.758 0.650
99.800 9 0.458 0.122 0.752 0.647
99.840 9 0.466 0.122 0.759 0.650
99.880 9 0.464 0.125 0.752 0.639
99.920 9 0.470 0.122 0.762 0.644
99.960 9 0.463 0.122 0.752 0.639
100.000 9 0.470 0.147 0.759 0.664
100.040 9 0.463 0.144 0.753 0.664
100.080 9 0.469 0.144 0.761 0.667
100.120 9 0.459 0.142 0.753 0.664
100.160 9 0.469 0.144 0.761 0.664
100.200 9 0.466 0.142 0.756 0.661
100.240 9 0.466 0.142 0.759 0.664
100.280 9 0.464 0.139 0.764 0.675
100.320 9 0.461 0.136 0.756 0.664
100.360 9 0.469 0.136 0.767 0.669
100.400 9 0.459 0.131 0.758 0.664
100.440 9 0.473 0.142 0.762 0.658
100.480 9 0.464 0.139 0.756 0.661
100.520 9 0.470 0.142 0.764 0.664
100.560 9 0.466 0.136 0.759 0.661
100.600 9 0.472 0.144 0.759 0.661
100.640 9 0.472 0.147 0.759 0.661
100.680 9 0.472 0.147 0.759 0.661
100.720 9 0.473 0.147 0.761 0.661
100.760 9 0.473 0.147 0.761 0.661
100.800 9 0.473 0.147 0.761 0.661
100.840 9 0.475 0.147 0.762 0.664
100.880 9 0.477 0.147 0.770 0.669
100.920 9 0.472 0.150 0.759 0.664
100.960 9 0.478 0.150 0.767 0.664
101.000 9 0.470 0.147 0.759 0.664
101.040 9 0.484 0.142 0.758 0.631
101.080 9 0.480 0.142 0.755 0.633
101.120 9 0.480 0.142 0.755 0.633
101.160 9 0.472 0.139 0.750 0.633
101.200 9 0.481 0.142 0.756 0.631
101.240 9 0.472 0.139 0.750 0.636
101.280 9 0.475 0.142 0.752 0.636
101.320 9 0.475 0.139 0.752 0.636
101.360 9 0.473 0.139 0.750 0.633
101.400 9 0.475 0.139 0.748 0.628
101.440 9 0.477 0.139 0.747 0.625
101.480 9 0.475 0.139 0.747 0.625
101.520 9 0.475 0.139 0.747 0.622
101.560 9 0.475 0.139 0.747 0.622
101.600 9 0.475 0.133 0.747 0.619
101.640 9 0.472 0.131 0.745 0.617
101.680 9 0.478 0.125 0.753 0.617
101.720 9 0.470 0.122 0.744 0.611
101.760 9 0.472 0.114 0.761 0.631
101.800 9 0.466 0.111 0.752 0.625
101.840 9 0.473 0.114 0.758 0.622
101.880 9 0.464 0.111 0.752 0.625
101.920 9 0.467 0.111 0.755 0.625
101.960 9 0.467 0.111 0.755 0.625
102.000 9 0.470 0.092 0.759 0.608
102.040 9 0.472 0.108 0.764 0.631
102.080 9 0.473 0.111 0.762 0.628
102.120 9 0.470 0.108 0.762 0.631
102.160 9 0.470 0.111 0.762 0.633
102.200 9 0.467 0.108 0.764 0.642
102.240 9 0.467 0.114 0.761 0.639
102.280 9 0.464 0.111 0.761 0.644
102.320 9 0.466 0.119 0.759 0.644
102.360 9 0.463 0.117 0.761 0.650
102.400 9 0.466 0.125 0.758 0.647
102.440 9 0.470 0.119 0.767 0.653
102.480 9 0.461 0.122 0.756 0.650
102.520 9 0.470 0.122 0.766 0.650
102.560 9 0.464 0.119 0.759 0.647
102.600 9 0.472 0.119 0.767 0.647
102.640 9 0.470 0.122 0.764 0.644
102.680 9 0.472 0.122 0.764 0.644
102.720 9 0.472 0.122 0.764 0.644
102.760 9 0.463 0.114 0.761 0.647
102.800 9 0.473 0.122 0.767 0.647
102.840 9 0.470 0.122 0.762 0.644
102.880 9 0.466 0.117 0.766 0.653
102.920 9 0.467 0.122 0.761 0.647
102.960 9 0.463 0.119 0.761 0.650
103.000 9 0.470 0.147 0.759 0.664
103.040 9 0.464 0.150 0.752 0.664
103.080 9 0.461 0.150 0.752 0.669
103.120 9 0.463 0.150 0.758 0.678
103.160 9 0.456 0.150 0.750 0.678
103.200 9 0.461 0.153 0.752 0.672
103.240 9 0.463 0.150 0.758 0.678
103.280 9 0.461 0.150 0.753 0.672
103.320 9 0.459 0.144 0.756 0.675
103.360 9 0.463 0.147 0.753 0.667
103.400 9 0.464 0.144 0.758 0.669
103.440 9 0.458 0.142 0.753 0.669
103.480 9 0.467 0.142 0.761 0.667
103.520 9 0.461 0.142 0.755 0.664
103.560 9 0.470 0.142 0.762 0.664
103.600 9 0.470 0.144 0.759 0.661
103.640 9 0.473 0.144 0.766 0.664
103.680 9 0.473 0.147 0.762 0.661
103.720 9 0.475 0.147 0.764 0.664
103.760 9 0.475 0.142 0.772 0.675
103.800 9 0.473 0.144 0.766 0.667
103.840 9 0.481 0.144 0.773 0.669
103.880 9 0.473 0.142 0.769 0.669
103.920 9 0.480 0.142 0.775 0.669
103.960 9 0.473 0.144 0.766 0.667
104.000 9 0.470 0.147 0.759 0.664
104.040 9 0.470 0.133 0.758 0.644
104.080 9 0.463 0.119 0.759 0.650
104.120 9 0.469 0.125 0.762 0.650
104.160 9 0.466 0.128 0.758 0.647
104.200 9 0.467 0.125 0.761 0.650
104.240 9 0.464 0.125 0.756 0.647
104.280 9 0.469 0.122 0.764 0.653
104.320 9 0.463 0.125 0.756 0.650
104.360 9 0.459 0.117 0.759 0.656
104.400 9 0.456 0.122 0.753 0.653
104.440 9 0.467 0.125 0.759 0.647
104.480 9 0.459 0.117 0.759 0.650
104.520 9 0.466 0.119 0.762 0.650
104.560 9 0.459 0.117 0.753 0.644
104.600 9 0.464 0.117 0.755 0.639
104.640 9 0.464 0.114 0.756 0.636
104.680 9 0.467 0.111 0.759 0.631
104.720 9 0.472 0.111 0.762 0.631
104.760 9 0.461 0.103 0.758 0.633
104.800 9 0.472 0.111 0.766 0.636
104.840 9 0.463 0.106 0.758 0.633
104.880 9 0.473 0.111 0.761 0.625
104.920 9 0.466 0.106 0.758 0.628
104.960 9 0.470 0.106 0.761 0.628
105.000 9 0.470 0.092 0.759 0.608
105.040 9 0.470 0.086 0.761 0.606
105.080 9 0.480 0.092 0.767 0.608
105.120 9 0.469 0.086 0.761 0.608
105.160 9 0.473 0.089 0.764 0.608
105.200 9 0.473 0.089 0.766 0.611
105.240 9 0.473 0.089 0.766 0.611
105.280 9 0.477 0.086 0.769 0.611
105.320 9 0.469 0.086 0.762 0.611
105.360 9 0.475 0.086 0.770 0.614
105.400 9 0.473 0.094 0.762 0.608
105.440 9 0.475 0.094 0.767 0.619
105.480 9 0.466 0.094 0.762 0.625
105.520 9 0.472 0.100 0.766 0.625
105.560 9 0.463 0.100 0.759 0.631
105.600 9 0.469 0.103 0.766 0.631
105.640 9 0.463 0.094 0.764 0.633
105.680 9 0.469 0.106 0.761 0.631
105.720 9 0.466 0.103 0.758 0.625
105.760 9 0.470 0.103 0.761 0.619
105.800 9 0.467 0.097 0.758 0.619
105.840 9 0.470 0.100 0.758 0.614
105.880 9 0.472 0.100 0.756 0.608
105.920 9 0.466 0.092 0.755 0.611
105.960 9 0.477 0.097 0.764 0.611
106.000 9 0.470 0.092 0.759 0.608
106.040 9 0.470 0.092 0.759 0.611
106.080 9 0.475 0.094 0.766 0.611
106.120 9 0.464 0.094 0.756 0.614
106.160 9 0.470 0.097 0.761 0.619
106.200 9 0.461 0.100 0.753 0.622
106.240 9 0.466 0.103 0.758 0.625
106.280 9 0.458 0.100 0.752 0.625
106.320 9 0.463 0.103 0.755 0.622
106.360 9 0.461 0.100 0.756 0.628
106.400 9 0.461 0.106 0.753 0.628
106.440 9 0.458 0.103 0.753 0.633
106.480 9 0.458 0.108 0.752 0.631
106.520 9 0.461 0.106 0.755 0.633
106.560 9 0.452 0.106 0.750 0.636
106.600 9 0.458 0.106 0.755 0.636
106.640 9 0.459 0.108 0.753 0.636
106.680 9 0.452 0.103 0.752 0.636
106.720 9 0.458 0.106 0.755 0.636
106.760 9 0.452 0.106 0.747 0.633
106.800 9 0.455 0.100 0.755 0.633
106.840 9 0.461 0.097 0.752 0.619
106.880 9 0.461 0.092 0.756 0.617
106.920 9 0.464 0.094 0.753 0.611
106.960 9 0.469 0.094 0.756 0.611
107.000 9 0.470 0.092 0.759 0.608
107.040 9 0.461 0.117 0.753 0.636
107.080 9 0.453 0.114 0.745 0.633
107.120 9 0.458 0.114 0.748 0.633
107.160 9 0.463 0.119 0.747 0.625
107.200 9 0.463 0.114 0.750 0.625
107.240 9 0.466 0.119 0.747 0.617
107.280 9 0.461 0.114 0.744 0.619
107.320 9 0.470 0.117 0.753 0.622
107.360 9 0.464 0.119 0.742 0.617
107.400 9 0.466 0.122 0.744 0.619
107.440 9 0.470 0.128 0.745 0.619
107.480 9 0.463 0.131 0.738 0.619
107.520 9 0.467 0.133 0.742 0.622
107.560 9 0.463 0.136 0.739 0.628
107.600 9 0.463 0.136 0.741 0.631
107.640 9 0.464 0.142 0.739 0.631
107.680 9 0.461 0.142 0.738 0.633
107.720 9 0.461 0.142 0.738 0.633
107.760 9 0.458 0.142 0.733 0.631
107.800 9 0.464 0.142 0.739 0.631
107.840 9 0.458 0.136 0.738 0.636
107.880 9 0.456 0.136 0.736 0.633
107.920 9 0.456 0.133 0.736 0.633
107.960 9 0.455 0.133 0.734 0.631
108.000 9 0.438 0.147 0.728 0.664
108.040 9 0.438 0.147 0.728 0.664
108.080 9 0.438 0.147 0.728 0.664
108.120 9 0.436 0.147 0.727 0.664
108.160 9 0.436 0.147 0.727 0.664
108.200 9 0.436 0.144 0.727 0.661
108.240 9 0.438 0.133 0.738 0.667
108.280 9 0.434 0.136 0.730 0.661
108.320 9 0.434 0.139 0.728 0.661
108.360 9 0.434 0.139 0.728 0.661
108.400 9 0.433 0.139 0.727 0.661
108.440 9 0.433 0.136 0.728 0.661
108.480 9 0.433 0.136 0.728 0.661
108.520 9 0.444 0.142 0.731 0.656
108.560 9 0.434 0.136 0.728 0.658
108.600 9 0.434 0.136 0.728 0.661
108.640 9 0.434 0.139 0.730 0.661
108.680 9 0.434 0.139 0.730 0.664
108.720 9 0.436 0.139 0.733 0.667
108.760 9 0.438 0.139 0.738 0.669
108.800 9 0.450 0.144 0.745 0.667
108.840 9 0.436 0.136 0.733 0.667
108.880 9 0.438 0.136 0.738 0.669
108.920 9 0.438 0.136 0.736 0.669
116.480 10 0.373 0.208 0.453 0.350
116.520 10 0.373 0.206 0.453 0.347
116.560 10 0.373 0.203 0.453 0.344
116.600 10 0.373 0.200 0.453 0.342
116.640 10 0.370 0.200 0.452 0.342
116.680 10 0.373 0.197 0.453 0.339
116.720 10 0.372 0.197 0.453 0.339
116.760 10 0.372 0.197 0.453 0.342
116.800 10 0.373 0.200 0.455 0.344
116.840 10 0.373 0.200 0.455 0.347
116.880 10 0.373 0.203 0.455 0.347
116.920 10 0.373 0.203 0.456 0.350
116.960 10 0.375 0.203 0.458 0.350
117.000 10 0.373 0.203 0.455 0.350
117.040 10 0.375 0.203 0.458 0.350
117.080 10 0.375 0.200 0.458 0.347
117.120 10 0.378 0.200 0.461 0.347
117.160 10 0.380 0.197 0.463 0.344
117.200 10 0.383 0.197 0.464 0.344
117.240 10 0.380 0.197 0.463 0.344
117.280 10 0.383 0.197 0.466 0.344
117.320 10 0.378 0.197 0.461 0.342
117.360 10 0.381 0.194 0.464 0.342
117.400 10 0.378 0.194 0.459 0.339
117.440 10 0.381 0.194 0.463 0.339
117.480 10 0.377 0.194 0.458 0.339
117.520 10 0.380 0.194 0.461 0.339
117.560 10 0.375 0.194 0.456 0.339
117.600 10 0.377 0.194 0.459 0.339
117.640 10 0.373 0.192 0.455 0.339
117.680 10 0.375 0.192 0.458 0.339
117.720 10 0.372 0.192 0.453 0.336
117.760 10 0.373 0.192 0.456 0.336
117.800 10 0.369 0.189 0.453 0.339
117.840 10 0.372 0.189 0.455 0.336
117.880 10 0.369 0.189 0.450 0.333
117.920 10 0.362 0.186 0.444 0.331
117.960 10 0.361 0.186 0.442 0.331
118.000 10 0.355 0.183 0.436 0.328
118.040 10 0.350 0.181 0.431 0.325
118.080 10 0.345 0.181 0.425 0.319
118.120 10 0.339 0.181 0.417 0.322
118.160 10 0.333 0.175 0.414 0.319
118.200 10 0.328 0.178 0.408 0.319
118.240 10 0.319 0.175 0.398 0.319
118.280 10 0.308 0.178 0.388 0.319
118.320 10 0.297 0.175 0.377 0.319
118.360 10 0.284 0.175 0.366 0.317
118.400 10 0.269 0.172 0.350 0.317
130.560 11 0.308 0.178 0.477 0.478
130.600 11 0.308 0.178 0.477 0.478
130.640 11 0.308 0.181 0.475 0.478
130.680 11 0.312 0.183 0.477 0.475
130.720 11 0.308 0.181 0.473 0.478
130.760 11 0.308 0.181 0.470 0.472
130.800 11 0.312 0.183 0.477 0.475
130.840 11 0.305 0.183 0.469 0.475
130.880 11 0.308 0.181 0.475 0.478
130.920 11 0.308 0.181 0.475 0.481
130.960 11 0.308 0.183 0.477 0.481
131.000 11 0.308 0.183 0.477 0.483
131.040 11 0.311 0.181 0.484 0.489
131.080 11 0.312 0.183 0.484 0.486
131.120 11 0.314 0.183 0.483 0.483
131.160 11 0.317 0.183 0.487 0.486
131.200 11 0.316 0.183 0.487 0.492
131.240 11 0.314 0.186 0.486 0.489
131.280 11 0.319 0.186 0.489 0.492
131.320 11 0.314 0.186 0.484 0.489
131.360 11 0.319 0.186 0.489 0.492
131.400 11 0.317 0.186 0.487 0.492
131.440 11 0.316 0.186 0.487 0.492
131.480 11 0.319 0.189 0.489 0.489
131.520 11 0.316 0.186 0.486 0.489
131.560 11 0.319 0.186 0.491 0.489
131.600 11 0.314 0.181 0.487 0.489
131.640 11 0.320 0.183 0.491 0.489
131.680 11 0.316 0.181 0.487 0.486
131.720 11 0.320 0.181 0.492 0.486
131.760 11 0.317 0.178 0.491 0.486
131.800 11 0.317 0.178 0.489 0.486
131.840 11 0.323 0.183 0.494 0.486
131.880 11 0.319 0.183 0.486 0.483
131.920 11 0.322 0.183 0.491 0.483
131.960 11 0.320 0.181 0.489 0.483
132.000 11 0.327 0.183 0.495 0.483
132.040 11 0.322 0.181 0.492 0.483
132.080 11 0.322 0.181 0.492 0.483
132.120 11 0.322 0.181 0.492 0.483
132.160 11 0.322 0.181 0.492 0.483
132.200 11 0.323 0.181 0.495 0.483
132.240 11 0.323 0.181 0.492 0.483
132.280 11 0.325 0.181 0.495 0.483
132.320 11 0.322 0.181 0.492 0.486
132.360 11 0.323 0.181 0.497 0.486
132.400 11 0.322 0.181 0.494 0.486
132.440 11 0.323 0.183 0.494 0.486
132.480 11 0.325 0.186 0.494 0.486
132.520 11 0.325 0.186 0.494 0.486
132.560 11 0.325 0.189 0.495 0.489
132.600 11 0.327 0.189 0.495 0.492
132.640 11 0.325 0.189 0.492 0.486
132.680 11 0.327 0.189 0.495 0.489
132.720 11 0.327 0.192 0.492 0.486
132.760 11 0.330 0.189 0.498 0.489
132.800 11 0.328 0.192 0.492 0.483
132.840 11 0.336 0.194 0.500 0.486
132.880 11 0.327 0.189 0.492 0.483
132.920 11 0.331 0.186 0.500 0.483
132.960 11 0.327 0.183 0.495 0.483
133.000 11 0.327 0.183 0.495 0.483
133.040 11 0.330 0.181 0.498 0.481
133.080 11 0.327 0.183 0.497 0.483
133.120 11 0.328 0.178 0.498 0.483
133.160 11 0.323 0.178 0.494 0.481
133.200 11 0.328 0.181 0.494 0.478
133.240 11 0.327 0.181 0.492 0.475
133.280 11 0.325 0.178 0.491 0.472
133.320 11 0.325 0.178 0.491 0.472
133.360 11 0.323 0.178 0.489 0.472
133.400 11 0.323 0.178 0.487 0.469
133.440 11 0.325 0.181 0.487 0.469
133.480 11 0.322 0.178 0.486 0.472
133.520 11 0.317 0.175 0.486 0.472
133.560 11 0.322 0.178 0.487 0.472
133.600 11 0.320 0.178 0.486 0.472
133.640 11 0.320 0.178 0.486 0.472
133.680 11 0.320 0.178 0.487 0.472
133.720 11 0.322 0.178 0.489 0.475
133.760 11 0.322 0.181 0.489 0.478
133.800 11 0.322 0.181 0.491 0.481
133.840 11 0.322 0.181 0.492 0.481
133.880 11 0.323 0.181 0.492 0.483
133.920 11 0.323 0.181 0.494 0.486
133.960 11 0.323 0.181 0.495 0.486
134.000 11 0.327 0.183 0.495 0.483
134.040 11 0.328 0.181 0.502 0.489
134.080 11 0.328 0.181 0.502 0.489
134.120 11 0.328 0.181 0.502 0.489
134.160 11 0.328 0.183 0.502 0.489
134.200 11 0.330 0.186 0.497 0.486
134.240 11 0.327 0.186 0.495 0.486
134.280 11 0.325 0.186 0.494 0.486
134.320 11 0.322 0.186 0.491 0.486
134.360 11 0.327 0.186 0.495 0.486
134.400 11 0.325 0.183 0.497 0.492
134.440 11 0.322 0.186 0.494 0.489
134.480 11 0.325 0.186 0.495 0.489
134.520 11 0.327 0.189 0.495 0.486
134.560 11 0.327 0.186 0.497 0.486
134.600 11 0.328 0.186 0.495 0.483
134.640 11 0.328 0.183 0.497 0.483
134.680 11 0.328 0.183 0.495 0.483
134.720 11 0.330 0.183 0.498 0.483
134.760 11 0.327 0.186 0.494 0.483
134.800 11 0.328 0.186 0.497 0.483
134.840 11 0.328 0.186 0.495 0.483
134.880 11 0.327 0.183 0.494 0.483
134.920 11 0.325 0.183 0.492 0.481
134.960 11 0.325 0.186 0.491 0.478
135.000 11 0.327 0.183 0.495 0.483
135.040 11 0.325 0.183 0.491 0.478
135.080 11 0.328 0.186 0.494 0.481
135.120 11 0.322 0.186 0.486 0.478
135.160 11 0.328 0.189 0.492 0.478
135.200 11 0.323 0.183 0.487 0.478
135.240 11 0.325 0.181 0.492 0.481
135.280 11 0.320 0.183 0.487 0.481
135.320 11 0.320 0.183 0.491 0.483
135.360 11 0.322 0.186 0.492 0.486
135.400 11 0.322 0.186 0.492 0.489
135.440 11 0.322 0.183 0.492 0.489
135.480 11 0.322 0.186 0.492 0.489
135.520 11 0.319 0.183 0.489 0.489
135.560 11 0.325 0.186 0.495 0.489
135.600 11 0.322 0.186 0.494 0.492
135.640 11 0.328 0.186 0.497 0.489
135.680 11 0.323 0.183 0.492 0.486
135.720 11 0.327 0.183 0.495 0.483
135.760 11 0.323 0.183 0.492 0.483
135.800 11 0.325 0.181 0.495 0.483
135.840 11 0.327 0.181 0.497 0.483
135.880 11 0.322 0.181 0.491 0.483
135.920 11 0.327 0.183 0.495 0.483
135.960 11 0.325 0.186 0.492 0.483
136.000 11 0.327 0.183 0.495 0.483
136.040 11 0.322 0.183 0.492 0.486
136.080 11 0.323 0.186 0.491 0.486
136.120 11 0.323 0.186 0.491 0.486
136.160 11 0.320 0.186 0.492 0.489
136.200 11 0.323 0.186 0.494 0.489
136.240 11 0.323 0.186 0.494 0.489
136.280 11 0.325 0.186 0.494 0.489
136.320 11 0.323 0.186 0.494 0.489
136.360 11 0.328 0.186 0.500 0.489
136.400 11 0.323 0.186 0.494 0.489
136.440 11 0.330 0.189 0.497 0.486
136.480 11 0.325 0.186 0.494 0.486
136.520 11 0.330 0.183 0.500 0.489
136.560 11 0.322 0.181 0.497 0.492
136.600 11 0.327 0.183 0.498 0.489
136.640 11 0.330 0.183 0.502 0.489
136.680 11 0.327 0.183 0.498 0.489
136.720 11 0.331 0.183 0.502 0.486
136.760 11 0.327 0.181 0.500 0.486
136.800 11 0.331 0.181 0.503 0.486
136.840 11 0.327 0.181 0.498 0.486
136.880 11 0.330 0.181 0.502 0.486
136.920 11 0.330 0.181 0.500 0.486
136.960 11 0.330 0.181 0.500 0.483
137.000 11 0.327 0.183 0.495 0.483
137.040 11 0.328 0.181 0.497 0.483
137.080 11 0.328 0.181 0.497 0.483
137.120 11 0.330 0.181 0.498 0.483
137.160 11 0.327 0.181 0.497 0.483
137.200 11 0.325 0.181 0.495 0.483
137.240 11 0.330 0.183 0.497 0.481
137.280 11 0.330 0.186 0.494 0.478
137.320 11 0.328 0.183 0.497 0.483
137.360 11 0.328 0.186 0.495 0.483
137.400 11 0.331 0.186 0.497 0.483
137.440 11 0.330 0.183 0.498 0.486
137.480 11 0.327 0.186 0.494 0.483
137.520 11 0.333 0.186 0.500 0.483
137.560 11 0.328 0.186 0.494 0.483
137.600 11 0.328 0.186 0.498 0.489
137.640 11 0.325 0.186 0.494 0.489
137.680 11 0.330 0.189 0.498 0.489
137.720 11 0.323 0.186 0.492 0.486
137.760 11 0.330 0.189 0.495 0.483
137.800 11 0.330 0.186 0.495 0.483
137.840 11 0.327 0.189 0.492 0.483
137.880 11 0.328 0.186 0.495 0.483
137.920 11 0.327 0.186 0.494 0.483
137.960 11 0.327 0.186 0.494 0.483
138.000 11 0.327 0.183 0.495 0.483
138.040 11 0.323 0.181 0.494 0.483
138.080 11 0.325 0.181 0.495 0.483
138.120 11 0.325 0.183 0.495 0.486
138.160 11 0.325 0.183 0.497 0.486
138.200 11 0.325 0.183 0.497 0.489
138.240 11 0.327 0.186 0.497 0.489
138.280 11 0.327 0.186 0.497 0.492
138.320 11 0.325 0.186 0.495 0.492
138.360 11 0.328 0.186 0.500 0.492
138.400 11 0.325 0.186 0.495 0.492
138.440 11 0.330 0.192 0.497 0.489
138.480 11 0.328 0.186 0.497 0.486
138.520 11 0.327 0.186 0.495 0.486
138.560 11 0.327 0.186 0.495 0.486
138.600 11 0.327 0.186 0.495 0.483
138.640 11 0.327 0.183 0.495 0.483
138.680 11 0.327 0.183 0.494 0.483
138.720 11 0.323 0.178 0.495 0.483
138.760 11 0.328 0.183 0.497 0.483
138.800 11 0.323 0.183 0.492 0.481
138.840 11 0.327 0.183 0.494 0.481
138.880 11 0.327 0.183 0.494 0.481
138.920 11 0.327 0.183 0.494 0.481
138.960 11 0.327 0.186 0.495 0.483
139.000 11 0.327 0.183 0.495 0.483
139.040 11 0.325 0.189 0.491 0.483
139.080 11 0.322 0.186 0.489 0.483
139.120 11 0.322 0.186 0.489 0.483
139.160 11 0.323 0.183 0.492 0.486
139.200 11 0.320 0.186 0.486 0.483
139.240 11 0.320 0.186 0.487 0.483
139.280 11 0.320 0.186 0.487 0.483
139.320 11 0.320 0.183 0.487 0.483
139.360 11 0.320 0.183 0.489 0.483
139.400 11 0.319 0.183 0.486 0.483
139.440 11 0.317 0.183 0.486 0.483
139.480 11 0.317 0.186 0.484 0.483
139.520 11 0.316 0.186 0.481 0.481
139.560 11 0.317 0.186 0.484 0.483
139.600 11 0.314 0.183 0.483 0.481
139.640 11 0.312 0.178 0.483 0.481
139.680 11 0.314 0.178 0.486 0.483
139.720 11 0.309 0.178 0.481 0.481
139.760 11 0.314 0.178 0.486 0.483
139.800 11 0.314 0.181 0.481 0.481
139.840 11 0.312 0.178 0.483 0.481
139.880 11 0.316 0.183 0.483 0.478
139.920 11 0.312 0.181 0.480 0.478
139.960 11 0.309 0.178 0.481 0.481
140.000 11 0.308 0.183 0.477 0.483
140.040 11 0.314 0.183 0.481 0.481
140.080 11 0.311 0.183 0.478 0.478
140.120 11 0.316 0.183 0.481 0.478
140.160 11 0.312 0.183 0.481 0.481
140.200 11 0.312 0.183 0.481 0.483
140.240 11 0.314 0.183 0.483 0.483
140.280 11 0.314 0.183 0.483 0.483
140.320 11 0.314 0.183 0.481 0.483
140.360 11 0.317 0.183 0.487 0.486
140.400 11 0.316 0.183 0.486 0.486
140.440 11 0.319 0.186 0.484 0.483
140.480 11 0.319 0.183 0.487 0.483
140.520 11 0.322 0.186 0.491 0.483
140.560 11 0.323 0.189 0.489 0.483
140.600 11 0.322 0.186 0.491 0.483
140.640 11 0.320 0.181 0.494 0.486
140.680 11 0.320 0.181 0.494 0.492
140.720 11 0.320 0.181 0.494 0.489
140.760 11 0.317 0.181 0.492 0.489
140.800 11 0.322 0.183 0.491 0.483
140.840 11 0.325 0.183 0.494 0.486
140.880 11 0.320 0.183 0.489 0.483
140.920 11 0.323 0.186 0.492 0.486
140.960 11 0.323 0.186 0.491 0.483
141.000 11 0.327 0.183 0.495 0.483
141.040 11 0.327 0.189 0.491 0.481
141.080 11 0.330 0.183 0.502 0.489
141.120 11 0.320 0.183 0.494 0.489
141.160 11 0.328 0.183 0.502 0.494
141.200 11 0.323 0.181 0.498 0.492
141.240 11 0.327 0.181 0.502 0.492
141.280 11 0.323 0.181 0.500 0.492
141.320 11 0.327 0.183 0.497 0.489
141.360 11 0.327 0.183 0.500 0.492
141.400 11 0.322 0.181 0.497 0.492
141.440 11 0.322 0.178 0.502 0.497
141.480 11 0.325 0.181 0.500 0.492
141.520 11 0.323 0.181 0.498 0.492
141.560 11 0.325 0.178 0.498 0.489
141.600 11 0.325 0.183 0.495 0.486
141.640 11 0.322 0.178 0.495 0.486
141.680 11 0.327 0.181 0.497 0.486
141.720 11 0.320 0.178 0.492 0.483
141.760 11 0.328 0.181 0.500 0.486
141.800 11 0.323 0.183 0.492 0.481
141.840 11 0.327 0.181 0.497 0.483
141.880 11 0.320 0.178 0.492 0.486
141.920 11 0.327 0.181 0.497 0.483
141.960 11 0.325 0.183 0.492 0.478
142.000 11 0.327 0.183 0.495 0.483
142.040 11 0.322 0.181 0.495 0.489
142.080 11 0.325 0.181 0.500 0.492
142.120 11 0.320 0.181 0.491 0.486
142.160 11 0.330 0.183 0.500 0.483
142.200 11 0.322 0.178 0.492 0.481
142.240 11 0.328 0.181 0.500 0.486
142.280 11 0.320 0.181 0.492 0.486
142.320 11 0.330 0.183 0.500 0.489
142.360 11 0.323 0.183 0.491 0.481
142.400 11 0.328 0.181 0.500 0.486
142.440 11 0.320 0.181 0.492 0.483
142.480 11 0.330 0.181 0.502 0.489
142.520 11 0.325 0.183 0.494 0.483
142.560 11 0.325 0.181 0.498 0.489
142.600 11 0.325 0.183 0.494 0.483
142.640 11 0.331 0.186 0.498 0.483
142.680 11 0.327 0.181 0.497 0.483
142.720 11 0.327 0.183 0.497 0.486
142.760 11 0.327 0.183 0.497 0.486
142.800 11 0.327 0.183 0.497 0.486
142.840 11 0.327 0.183 0.497 0.486
142.880 11 0.325 0.183 0.495 0.486
142.920 11 0.322 0.181 0.495 0.486
142.960 11 0.330 0.183 0.500 0.483
143.000 11 0.327 0.183 0.495 0.483
145.600 12 0.359 0.211 0.650 0.731
145.640 12 0.372 0.217 0.658 0.728
145.680 12 0.366 0.208 0.658 0.728
145.720 12 0.378 0.211 0.666 0.725
145.760 12 0.373 0.211 0.661 0.725
145.800 12 0.381 0.208 0.670 0.725
145.840 12 0.381 0.208 0.669 0.725
145.880 12 0.380 0.208 0.669 0.725
145.920 12 0.377 0.206 0.666 0.722
145.960 12 0.375 0.206 0.664 0.722
146.000 12 0.373 0.206 0.662 0.722
146.040 12 0.364 0.153 0.686 0.725
146.080 12 0.364 0.153 0.686 0.725
146.120 12 0.362 0.150 0.686 0.725
146.160 12 0.361 0.147 0.683 0.722
146.200 12 0.366 0.150 0.688 0.722
146.240 12 0.356 0.150 0.678 0.722
146.280 12 0.364 0.147 0.686 0.722
146.320 12 0.358 0.147 0.680 0.722
146.360 12 0.356 0.147 0.677 0.719
146.400 12 0.353 0.147 0.677 0.722
146.440 12 0.350 0.150 0.672 0.722
146.480 12 0.342 0.144 0.669 0.728
146.520 12 0.330 0.147 0.655 0.728
146.560 12 0.338 0.147 0.659 0.722
146.600 12 0.320 0.142 0.648 0.725
146.640 12 0.322 0.147 0.645 0.725
146.680 12 0.320 0.153 0.641 0.725
146.720 12 0.309 0.147 0.631 0.722
146.760 12 0.305 0.150 0.628 0.725
146.800 12 0.297 0.150 0.620 0.728
146.840 12 0.286 0.150 0.609 0.728
146.880 12 0.275 0.153 0.598 0.731
146.920 12 0.267 0.153 0.588 0.725
146.960 12 0.269 0.161 0.586 0.725
147.000 12 0.255 0.108 0.603 0.728
147.040 12 0.242 0.103 0.592 0.722
147.080 12 0.233 0.106 0.588 0.736
147.120 12 0.239 0.114 0.586 0.731
147.160 12 0.237 0.114 0.583 0.728
147.200 12 0.234 0.114 0.580 0.728
147.240 12 0.234 0.114 0.578 0.728
147.280 12 0.233 0.114 0.577 0.725
147.320 12 0.231 0.114 0.575 0.725
147.360 12 0.230 0.114 0.572 0.722
147.400 12 0.230 0.111 0.570 0.719
147.440 12 0.228 0.111 0.569 0.717
147.480 12 0.228 0.108 0.567 0.714
147.520 12 0.228 0.108 0.566 0.711
147.560 12 0.227 0.108 0.564 0.708
147.600 12 0.223 0.106 0.561 0.708
147.640 12 0.222 0.106 0.559 0.706
147.680 12 0.219 0.106 0.555 0.706
147.720 12 0.216 0.106 0.552 0.703
147.760 12 0.211 0.106 0.547 0.700
147.800 12 0.208 0.100 0.542 0.694
147.840 12 0.206 0.094 0.539 0.686
147.880 12 0.202 0.086 0.536 0.681
147.920 12 0.200 0.081 0.533 0.672
147.960 12 0.200 0.078 0.528 0.661
148.000 12 0.198 0.072 0.525 0.653
148.040 12 0.197 0.069 0.522 0.644
148.080 12 0.195 0.064 0.517 0.636
148.120 12 0.195 0.064 0.512 0.631
148.160 12 0.194 0.061 0.509 0.622
148.200 12 0.189 0.058 0.505 0.619
148.240 12 0.186 0.056 0.500 0.617
148.280 12 0.180 0.053 0.494 0.611
148.320 12 0.175 0.050 0.489 0.606
148.360 12 0.172 0.047 0.484 0.603
148.400 12 0.170 0.044 0.483 0.597
148.440 12 0.169 0.042 0.481 0.594
148.480 12 0.169 0.039 0.480 0.592
148.520 12 0.169 0.039 0.481 0.592
148.560 12 0.180 0.042 0.486 0.586
148.600 12 0.172 0.039 0.483 0.589
148.640 12 0.184 0.042 0.491 0.586
148.680 12 0.178 0.039 0.487 0.589
148.720 12 0.189 0.042 0.497 0.586
148.760 12 0.186 0.033 0.497 0.589
148.800 12 0.197 0.039 0.506 0.589
148.840 12 0.203 0.036 0.512 0.586
148.880 12 0.203 0.036 0.512 0.586
148.920 12 0.214 0.042 0.522 0.589
148.960 12 0.222 0.033 0.533 0.586
149.000 12 0.212 0.033 0.525 0.589
149.040 12 0.230 0.033 0.541 0.586
149.080 12 0.220 0.033 0.533 0.589
149.120 12 0.239 0.033 0.550 0.589
149.160 12 0.228 0.033 0.541 0.589
149.200 12 0.244 0.033 0.556 0.589
149.240 12 0.236 0.033 0.542 0.578
149.280 12 0.236 0.036 0.545 0.586
149.320 12 0.225 0.033 0.536 0.586
149.360 12 0.228 0.036 0.539 0.589
149.400 12 0.225 0.036 0.537 0.589
