35.360 0 0.348 0.100 0.702 0.725
35.400 0 0.353 0.111 0.686 0.703
35.440 0 0.362 0.106 0.700 0.706
35.480 0 0.344 0.097 0.686 0.706
35.520 0 0.350 0.089 0.702 0.714
35.560 0 0.352 0.092 0.703 0.714
35.600 0 0.355 0.103 0.691 0.700
35.640 0 0.359 0.097 0.709 0.717
35.680 0 0.361 0.106 0.697 0.703
35.720 0 0.364 0.097 0.711 0.711
35.760 0 0.366 0.097 0.713 0.714
35.800 0 0.367 0.100 0.714 0.717
35.840 0 0.369 0.103 0.716 0.719
35.880 0 0.369 0.106 0.716 0.722
35.920 0 0.369 0.106 0.717 0.725
35.960 0 0.370 0.106 0.719 0.725
36.000 0 0.370 0.108 0.719 0.728
36.040 0 0.367 0.122 0.703 0.717
36.080 0 0.367 0.111 0.716 0.733
36.120 0 0.358 0.117 0.702 0.728
36.160 0 0.378 0.122 0.717 0.728
36.200 0 0.370 0.125 0.702 0.714
36.240 0 0.364 0.114 0.717 0.742
36.280 0 0.356 0.117 0.708 0.744
36.320 0 0.369 0.114 0.734 0.761
36.360 0 0.362 0.117 0.742 0.792
36.400 0 0.358 0.100 0.755 0.803
36.440 0 0.339 0.092 0.744 0.808
36.480 0 0.350 0.081 0.761 0.811
36.520 0 0.325 0.067 0.745 0.811
36.560 0 0.334 0.061 0.758 0.808
36.600 0 0.312 0.058 0.736 0.811
36.640 0 0.303 0.044 0.738 0.817
36.680 0 0.287 0.042 0.723 0.817
36.720 0 0.280 0.039 0.716 0.814
36.760 0 0.273 0.036 0.711 0.814
36.800 0 0.266 0.028 0.708 0.814
36.840 0 0.252 0.028 0.694 0.811
36.880 0 0.239 0.025 0.677 0.803
36.920 0 0.217 0.022 0.652 0.792
36.960 0 0.206 0.019 0.637 0.786
37.000 0 0.212 0.050 0.631 0.792
37.040 0 0.194 0.031 0.622 0.789
37.080 0 0.194 0.039 0.616 0.786
37.120 0 0.186 0.039 0.609 0.789
37.160 0 0.197 0.042 0.620 0.792
37.200 0 0.186 0.044 0.606 0.789
37.240 0 0.192 0.047 0.616 0.797
37.280 0 0.172 0.033 0.606 0.806
37.320 0 0.172 0.033 0.608 0.806
37.360 0 0.175 0.033 0.611 0.808
37.400 0 0.163 0.033 0.600 0.808
37.440 0 0.172 0.036 0.608 0.808
37.480 0 0.163 0.042 0.597 0.811
37.520 0 0.172 0.042 0.608 0.814
37.560 0 0.166 0.047 0.600 0.817
37.600 0 0.170 0.050 0.603 0.817
37.640 0 0.170 0.050 0.603 0.817
37.680 0 0.170 0.050 0.602 0.817
37.720 0 0.169 0.050 0.600 0.814
37.760 0 0.167 0.053 0.598 0.817
37.800 0 0.166 0.053 0.597 0.814
37.840 0 0.166 0.050 0.595 0.814
37.880 0 0.164 0.053 0.598 0.819
37.920 0 0.169 0.053 0.597 0.811
37.960 0 0.161 0.053 0.586 0.808
38.000 0 0.166 0.050 0.584 0.792
38.040 0 0.178 0.047 0.592 0.781
38.080 0 0.180 0.044 0.595 0.781
38.120 0 0.175 0.039 0.592 0.778
38.160 0 0.183 0.044 0.598 0.778
38.200 0 0.177 0.039 0.597 0.781
38.240 0 0.177 0.033 0.602 0.786
38.280 0 0.180 0.033 0.603 0.783
38.320 0 0.181 0.036 0.605 0.786
38.360 0 0.184 0.039 0.606 0.786
38.400 0 0.186 0.039 0.609 0.789
38.440 0 0.192 0.039 0.617 0.792
38.480 0 0.183 0.036 0.608 0.789
38.520 0 0.194 0.039 0.619 0.789
38.560 0 0.181 0.031 0.608 0.789
38.600 0 0.194 0.042 0.619 0.792
38.640 0 0.183 0.036 0.608 0.789
38.680 0 0.195 0.044 0.617 0.794
38.720 0 0.183 0.042 0.606 0.792
38.760 0 0.197 0.050 0.617 0.794
38.800 0 0.191 0.047 0.611 0.789
38.840 0 0.195 0.050 0.614 0.792
38.880 0 0.197 0.053 0.617 0.794
38.920 0 0.200 0.053 0.619 0.794
38.960 0 0.198 0.053 0.616 0.794
39.000 0 0.212 0.050 0.631 0.792
39.040 0 0.206 0.061 0.625 0.803
39.080 0 0.212 0.061 0.627 0.797
39.120 0 0.216 0.058 0.633 0.800
39.160 0 0.220 0.061 0.631 0.792
39.200 0 0.220 0.053 0.637 0.794
39.240 0 0.214 0.047 0.634 0.794
39.280 0 0.225 0.053 0.639 0.789
39.320 0 0.216 0.039 0.637 0.792
39.360 0 0.225 0.042 0.644 0.783
39.400 0 0.214 0.031 0.641 0.786
39.440 0 0.228 0.039 0.652 0.789
39.480 0 0.228 0.044 0.645 0.783
39.520 0 0.234 0.050 0.647 0.783
39.560 0 0.237 0.050 0.650 0.781
39.600 0 0.239 0.042 0.652 0.775
39.640 0 0.242 0.036 0.655 0.769
39.680 0 0.244 0.033 0.659 0.772
39.720 0 0.248 0.036 0.662 0.772
39.760 0 0.252 0.039 0.666 0.772
39.800 0 0.255 0.039 0.670 0.775
39.840 0 0.258 0.039 0.672 0.775
39.880 0 0.259 0.036 0.677 0.775
39.920 0 0.266 0.039 0.678 0.772
39.960 0 0.270 0.042 0.681 0.772
40.000 0 0.259 0.050 0.677 0.792
40.040 0 0.253 0.064 0.683 0.828
40.080 0 0.256 0.064 0.688 0.831
40.120 0 0.250 0.067 0.681 0.833
40.160 0 0.263 0.072 0.694 0.839
40.200 0 0.252 0.078 0.680 0.839
40.240 0 0.264 0.083 0.689 0.839
40.280 0 0.256 0.086 0.675 0.831
40.320 0 0.266 0.086 0.692 0.842
40.360 0 0.256 0.086 0.678 0.833
40.400 0 0.266 0.083 0.694 0.844
40.440 0 0.259 0.083 0.689 0.844
40.480 0 0.264 0.092 0.684 0.839
40.520 0 0.256 0.086 0.683 0.844
40.560 0 0.258 0.097 0.675 0.839
40.600 0 0.252 0.094 0.673 0.844
40.640 0 0.250 0.100 0.666 0.836
40.680 0 0.245 0.103 0.662 0.842
40.720 0 0.242 0.103 0.656 0.839
40.760 0 0.236 0.103 0.653 0.844
40.800 0 0.234 0.106 0.648 0.842
40.840 0 0.231 0.108 0.645 0.844
40.880 0 0.227 0.108 0.644 0.847
40.920 0 0.223 0.111 0.637 0.847
40.960 0 0.220 0.111 0.636 0.850
41.000 0 0.212 0.133 0.631 0.875
41.040 0 0.233 0.153 0.623 0.847
41.080 0 0.236 0.156 0.628 0.850
41.120 0 0.225 0.156 0.611 0.839
41.160 0 0.239 0.156 0.630 0.850
41.200 0 0.219 0.150 0.614 0.853
41.240 0 0.225 0.144 0.631 0.864
41.280 0 0.225 0.150 0.619 0.850
41.320 0 0.237 0.147 0.636 0.853
41.360 0 0.219 0.144 0.619 0.853
41.400 0 0.230 0.139 0.641 0.869
41.440 0 0.223 0.142 0.628 0.858
41.480 0 0.239 0.150 0.633 0.847
41.520 0 0.233 0.147 0.630 0.850
41.560 0 0.242 0.142 0.644 0.856
41.600 0 0.241 0.147 0.637 0.853
41.640 0 0.247 0.142 0.644 0.847
41.680 0 0.244 0.150 0.637 0.847
41.720 0 0.242 0.150 0.637 0.853
41.760 0 0.242 0.142 0.641 0.847
41.800 0 0.245 0.136 0.645 0.844
41.840 0 0.247 0.136 0.648 0.847
41.880 0 0.258 0.139 0.658 0.847
41.920 0 0.255 0.142 0.652 0.844
41.960 0 0.261 0.147 0.652 0.839
42.000 0 0.294 0.178 0.642 0.797
42.040 0 0.300 0.175 0.644 0.786
42.080 0 0.298 0.169 0.648 0.792
42.120 0 0.303 0.172 0.650 0.789
42.160 0 0.300 0.178 0.644 0.789
42.200 0 0.308 0.178 0.653 0.794
42.240 0 0.298 0.175 0.647 0.797
42.280 0 0.302 0.175 0.653 0.800
42.320 0 0.303 0.175 0.655 0.800
42.360 0 0.305 0.175 0.655 0.800
42.400 0 0.306 0.175 0.656 0.800
42.440 0 0.308 0.175 0.658 0.800
42.480 0 0.308 0.178 0.659 0.800
42.520 0 0.309 0.178 0.659 0.800
42.560 0 0.309 0.178 0.661 0.800
42.600 0 0.311 0.178 0.661 0.800
42.640 0 0.309 0.172 0.666 0.806
42.680 0 0.312 0.172 0.666 0.803
42.720 0 0.319 0.172 0.673 0.806
42.760 0 0.319 0.178 0.669 0.800
42.800 0 0.322 0.181 0.670 0.797
42.840 0 0.325 0.181 0.672 0.800
42.880 0 0.327 0.183 0.673 0.800
42.920 0 0.327 0.183 0.673 0.800
42.960 0 0.325 0.186 0.670 0.797
43.000 0 0.331 0.178 0.680 0.797
43.040 0 0.330 0.178 0.681 0.803
43.080 0 0.317 0.175 0.675 0.811
43.120 0 0.327 0.178 0.680 0.806
43.160 0 0.306 0.164 0.672 0.817
43.200 0 0.317 0.175 0.684 0.828
43.240 0 0.302 0.181 0.667 0.831
43.280 0 0.320 0.189 0.684 0.836
43.320 0 0.303 0.186 0.669 0.833
43.360 0 0.306 0.189 0.669 0.833
43.400 0 0.305 0.192 0.662 0.825
43.440 0 0.303 0.189 0.658 0.822
43.480 0 0.302 0.192 0.653 0.817
43.520 0 0.298 0.192 0.650 0.817
43.560 0 0.297 0.192 0.647 0.814
43.600 0 0.294 0.189 0.645 0.814
43.640 0 0.292 0.186 0.644 0.811
43.680 0 0.289 0.183 0.642 0.811
43.720 0 0.287 0.181 0.642 0.811
43.760 0 0.287 0.181 0.641 0.808
43.800 0 0.286 0.178 0.641 0.808
43.840 0 0.286 0.178 0.639 0.806
43.880 0 0.283 0.167 0.641 0.803
43.920 0 0.298 0.181 0.644 0.794
43.960 0 0.287 0.178 0.633 0.792
44.000 0 0.294 0.178 0.642 0.797
44.040 0 0.295 0.181 0.648 0.808
44.080 0 0.294 0.183 0.644 0.806
44.120 0 0.295 0.186 0.645 0.806
44.160 0 0.297 0.186 0.647 0.808
44.200 0 0.292 0.181 0.647 0.814
44.240 0 0.300 0.186 0.650 0.808
44.280 0 0.294 0.181 0.650 0.811
44.320 0 0.302 0.186 0.652 0.808
44.360 0 0.298 0.175 0.659 0.817
44.400 0 0.297 0.178 0.653 0.811
44.440 0 0.297 0.172 0.664 0.825
44.480 0 0.298 0.175 0.655 0.808
44.520 0 0.297 0.175 0.653 0.808
44.560 0 0.298 0.178 0.650 0.803
44.600 0 0.298 0.178 0.648 0.803
44.640 0 0.298 0.178 0.648 0.800
44.680 0 0.298 0.178 0.647 0.797
44.720 0 0.298 0.178 0.647 0.797
44.760 0 0.298 0.178 0.647 0.794
44.800 0 0.298 0.175 0.645 0.794
44.840 0 0.298 0.175 0.645 0.794
44.880 0 0.298 0.175 0.645 0.792
44.920 0 0.300 0.175 0.645 0.792
44.960 0 0.300 0.175 0.645 0.792
45.000 0 0.294 0.178 0.642 0.797
45.040 0 0.289 0.147 0.647 0.781
45.080 0 0.283 0.144 0.641 0.781
45.120 0 0.281 0.144 0.639 0.781
45.160 0 0.278 0.144 0.637 0.783
45.200 0 0.277 0.144 0.636 0.786
45.240 0 0.275 0.144 0.636 0.789
45.280 0 0.267 0.142 0.634 0.794
45.320 0 0.277 0.156 0.634 0.792
45.360 0 0.283 0.167 0.631 0.786
45.400 0 0.286 0.175 0.631 0.789
45.440 0 0.287 0.175 0.633 0.789
45.480 0 0.287 0.175 0.631 0.786
45.520 0 0.286 0.169 0.628 0.781
45.560 0 0.283 0.167 0.625 0.778
45.600 0 0.278 0.164 0.622 0.772
45.640 0 0.275 0.161 0.619 0.772
45.680 0 0.273 0.156 0.617 0.769
45.720 0 0.272 0.150 0.616 0.764
45.760 0 0.270 0.142 0.616 0.753
45.800 0 0.269 0.133 0.614 0.747
45.840 0 0.269 0.133 0.613 0.744
45.880 0 0.266 0.133 0.613 0.750
45.920 0 0.264 0.136 0.609 0.750
45.960 0 0.264 0.136 0.608 0.747
46.000 0 0.255 0.108 0.603 0.728
46.040 0 0.253 0.108 0.602 0.728
46.080 0 0.250 0.108 0.598 0.725
46.120 0 0.247 0.106 0.595 0.725
46.160 0 0.239 0.108 0.580 0.717
46.200 0 0.241 0.106 0.589 0.725
46.240 0 0.236 0.114 0.572 0.711
46.280 0 0.252 0.117 0.586 0.708
61.000 1 0.177 0.219 0.417 0.650
61.040 1 0.170 0.197 0.450 0.697
61.080 1 0.161 0.197 0.441 0.694
61.120 1 0.173 0.197 0.452 0.694
61.160 1 0.164 0.197 0.442 0.694
61.200 1 0.170 0.197 0.448 0.692
61.240 1 0.161 0.197 0.441 0.694
61.280 1 0.172 0.192 0.458 0.703
61.320 1 0.158 0.183 0.442 0.692
61.360 1 0.172 0.186 0.459 0.700
61.400 1 0.159 0.186 0.444 0.692
61.440 1 0.170 0.186 0.455 0.692
61.480 1 0.166 0.189 0.445 0.686
61.520 1 0.173 0.189 0.450 0.683
61.560 1 0.172 0.194 0.445 0.681
61.600 1 0.175 0.197 0.445 0.681
61.640 1 0.178 0.194 0.452 0.681
61.680 1 0.175 0.194 0.445 0.678
61.720 1 0.177 0.200 0.450 0.683
61.760 1 0.178 0.203 0.450 0.686
61.800 1 0.178 0.203 0.452 0.692
61.840 1 0.180 0.206 0.452 0.692
61.880 1 0.180 0.208 0.453 0.694
61.920 1 0.180 0.208 0.453 0.694
61.960 1 0.183 0.208 0.456 0.697
62.000 1 0.180 0.206 0.470 0.722
62.040 1 0.178 0.217 0.444 0.689
62.080 1 0.183 0.217 0.450 0.692
62.120 1 0.180 0.217 0.445 0.692
62.160 1 0.180 0.217 0.445 0.692
62.200 1 0.178 0.219 0.441 0.689
62.240 1 0.184 0.219 0.447 0.689
62.280 1 0.180 0.217 0.445 0.692
62.320 1 0.180 0.217 0.444 0.689
62.360 1 0.180 0.217 0.444 0.689
62.400 1 0.178 0.214 0.444 0.689
62.440 1 0.178 0.214 0.444 0.686
62.480 1 0.178 0.214 0.442 0.686
62.520 1 0.178 0.214 0.442 0.686
62.560 1 0.178 0.214 0.442 0.686
62.600 1 0.178 0.217 0.442 0.686
62.640 1 0.178 0.214 0.441 0.686
62.680 1 0.177 0.214 0.441 0.683
62.720 1 0.177 0.214 0.441 0.683
62.760 1 0.177 0.214 0.441 0.683
62.800 1 0.172 0.206 0.441 0.683
62.840 1 0.178 0.214 0.442 0.683
62.880 1 0.173 0.211 0.438 0.683
62.920 1 0.175 0.211 0.441 0.683
62.960 1 0.173 0.211 0.438 0.683
63.000 1 0.177 0.219 0.417 0.650
63.040 1 0.181 0.219 0.419 0.644
63.080 1 0.183 0.214 0.427 0.650
63.120 1 0.181 0.214 0.423 0.647
63.160 1 0.181 0.214 0.423 0.647
63.200 1 0.183 0.211 0.433 0.656
63.240 1 0.180 0.217 0.422 0.647
63.280 1 0.184 0.214 0.428 0.650
63.320 1 0.177 0.214 0.423 0.656
63.360 1 0.183 0.217 0.427 0.653
63.400 1 0.175 0.217 0.419 0.656
63.440 1 0.180 0.222 0.423 0.656
63.480 1 0.173 0.222 0.414 0.653
63.520 1 0.177 0.222 0.416 0.653
63.560 1 0.175 0.222 0.416 0.653
63.600 1 0.175 0.222 0.414 0.650
63.640 1 0.173 0.222 0.412 0.650
63.680 1 0.173 0.222 0.411 0.647
63.720 1 0.173 0.222 0.412 0.647
63.760 1 0.175 0.219 0.416 0.650
63.800 1 0.170 0.219 0.412 0.653
63.840 1 0.175 0.219 0.416 0.647
63.880 1 0.170 0.219 0.409 0.647
63.920 1 0.177 0.219 0.416 0.647
63.960 1 0.172 0.219 0.411 0.647
64.000 1 0.177 0.219 0.417 0.650
64.040 1 0.172 0.183 0.438 0.656
64.080 1 0.175 0.183 0.441 0.656
64.120 1 0.175 0.183 0.441 0.656
64.160 1 0.175 0.183 0.442 0.656
64.200 1 0.175 0.183 0.442 0.656
64.240 1 0.175 0.183 0.442 0.656
64.280 1 0.175 0.181 0.442 0.656
64.320 1 0.177 0.183 0.442 0.656
64.360 1 0.177 0.183 0.442 0.656
64.400 1 0.177 0.183 0.441 0.656
64.440 1 0.177 0.183 0.441 0.656
64.480 1 0.177 0.183 0.441 0.656
64.520 1 0.178 0.178 0.442 0.650
64.560 1 0.175 0.178 0.444 0.658
64.600 1 0.175 0.181 0.444 0.658
64.640 1 0.170 0.172 0.442 0.656
64.680 1 0.175 0.175 0.444 0.656
64.720 1 0.177 0.178 0.444 0.656
64.760 1 0.181 0.186 0.445 0.656
64.800 1 0.175 0.181 0.442 0.656
64.840 1 0.178 0.181 0.445 0.658
64.880 1 0.178 0.181 0.445 0.658
64.920 1 0.180 0.181 0.447 0.656
64.960 1 0.181 0.181 0.452 0.658
65.000 1 0.180 0.147 0.470 0.664
65.040 1 0.181 0.181 0.448 0.658
65.080 1 0.181 0.181 0.448 0.658
65.120 1 0.181 0.181 0.448 0.658
65.160 1 0.181 0.183 0.448 0.658
65.200 1 0.181 0.183 0.448 0.658
65.240 1 0.184 0.183 0.452 0.658
65.280 1 0.178 0.183 0.444 0.658
65.320 1 0.181 0.183 0.447 0.658
65.360 1 0.180 0.181 0.447 0.656
65.400 1 0.180 0.181 0.445 0.653
65.440 1 0.180 0.178 0.444 0.650
65.480 1 0.177 0.178 0.442 0.650
65.520 1 0.183 0.178 0.447 0.650
65.560 1 0.180 0.181 0.444 0.650
65.600 1 0.180 0.183 0.442 0.653
65.640 1 0.178 0.183 0.442 0.656
65.680 1 0.178 0.183 0.442 0.656
65.720 1 0.178 0.183 0.445 0.658
65.760 1 0.175 0.183 0.441 0.656
65.800 1 0.172 0.181 0.441 0.658
65.840 1 0.177 0.183 0.444 0.658
65.880 1 0.169 0.181 0.434 0.656
65.920 1 0.178 0.183 0.442 0.658
65.960 1 0.175 0.183 0.441 0.658
66.000 1 0.177 0.219 0.417 0.650
66.040 1 0.175 0.222 0.416 0.656
66.080 1 0.175 0.225 0.416 0.656
66.120 1 0.177 0.225 0.416 0.656
66.160 1 0.177 0.225 0.417 0.656
66.200 1 0.177 0.225 0.417 0.656
66.240 1 0.177 0.225 0.422 0.664
66.280 1 0.177 0.231 0.414 0.656
66.320 1 0.183 0.228 0.423 0.658
66.360 1 0.180 0.225 0.417 0.650
66.400 1 0.188 0.225 0.423 0.647
66.440 1 0.180 0.222 0.416 0.644
66.480 1 0.183 0.219 0.423 0.647
66.520 1 0.178 0.217 0.425 0.658
66.560 1 0.178 0.219 0.417 0.650
66.600 1 0.183 0.222 0.423 0.650
66.640 1 0.178 0.222 0.416 0.647
66.680 1 0.181 0.222 0.419 0.650
66.720 1 0.180 0.222 0.419 0.650
66.760 1 0.180 0.222 0.419 0.650
66.800 1 0.180 0.222 0.419 0.650
66.840 1 0.180 0.219 0.419 0.647
66.880 1 0.181 0.222 0.414 0.639
66.920 1 0.184 0.222 0.419 0.642
66.960 1 0.178 0.219 0.414 0.644
67.000 1 0.177 0.219 0.417 0.650
67.040 1 0.175 0.222 0.412 0.644
67.080 1 0.181 0.219 0.417 0.644
67.120 1 0.177 0.217 0.417 0.647
67.160 1 0.173 0.219 0.412 0.647
67.200 1 0.180 0.219 0.414 0.639
67.240 1 0.177 0.219 0.419 0.653
67.280 1 0.175 0.214 0.417 0.647
67.320 1 0.170 0.211 0.416 0.650
67.360 1 0.177 0.211 0.423 0.653
67.400 1 0.170 0.211 0.417 0.653
67.440 1 0.177 0.214 0.423 0.653
67.480 1 0.173 0.211 0.419 0.653
67.520 1 0.177 0.219 0.419 0.650
67.560 1 0.178 0.219 0.419 0.650
67.600 1 0.178 0.219 0.419 0.650
67.640 1 0.178 0.219 0.419 0.650
67.680 1 0.180 0.222 0.414 0.644
67.720 1 0.181 0.222 0.420 0.650
67.760 1 0.175 0.222 0.414 0.650
67.800 1 0.178 0.222 0.417 0.650
67.840 1 0.177 0.222 0.414 0.650
67.880 1 0.180 0.222 0.419 0.647
67.920 1 0.175 0.222 0.416 0.653
67.960 1 0.180 0.222 0.420 0.653
68.000 1 0.177 0.219 0.417 0.650
68.040 1 0.177 0.217 0.417 0.647
68.080 1 0.177 0.217 0.417 0.647
68.120 1 0.177 0.219 0.416 0.644
68.160 1 0.180 0.222 0.417 0.644
68.200 1 0.178 0.225 0.411 0.636
68.240 1 0.177 0.219 0.416 0.647
68.280 1 0.175 0.222 0.411 0.644
68.320 1 0.181 0.222 0.416 0.642
68.360 1 0.181 0.225 0.409 0.636
68.400 1 0.178 0.219 0.420 0.653
68.440 1 0.180 0.222 0.416 0.644
68.480 1 0.181 0.219 0.420 0.647
68.520 1 0.180 0.219 0.417 0.647
68.560 1 0.181 0.219 0.420 0.647
68.600 1 0.178 0.219 0.417 0.647
68.640 1 0.180 0.222 0.414 0.644
68.680 1 0.181 0.222 0.417 0.644
68.720 1 0.180 0.225 0.411 0.639
68.760 1 0.178 0.222 0.416 0.650
68.800 1 0.177 0.222 0.416 0.650
68.840 1 0.177 0.222 0.417 0.650
68.880 1 0.177 0.222 0.417 0.653
68.920 1 0.177 0.222 0.417 0.653
68.960 1 0.177 0.222 0.417 0.653
69.000 1 0.177 0.219 0.417 0.650
69.040 1 0.175 0.225 0.416 0.658
69.080 1 0.183 0.225 0.425 0.658
69.120 1 0.173 0.225 0.419 0.664
69.160 1 0.181 0.225 0.425 0.661
69.200 1 0.173 0.225 0.419 0.664
69.240 1 0.181 0.225 0.425 0.661
69.280 1 0.173 0.225 0.419 0.664
69.320 1 0.181 0.225 0.425 0.661
69.360 1 0.173 0.225 0.419 0.664
69.400 1 0.181 0.228 0.423 0.661
69.440 1 0.173 0.228 0.419 0.664
69.480 1 0.180 0.225 0.425 0.661
69.520 1 0.173 0.228 0.411 0.653
69.560 1 0.180 0.231 0.419 0.658
69.600 1 0.175 0.231 0.411 0.653
69.640 1 0.180 0.231 0.417 0.656
69.680 1 0.173 0.231 0.409 0.653
69.720 1 0.180 0.231 0.417 0.656
69.760 1 0.173 0.231 0.412 0.656
69.800 1 0.177 0.225 0.417 0.656
69.840 1 0.175 0.219 0.416 0.650
69.880 1 0.170 0.211 0.414 0.647
69.920 1 0.178 0.214 0.419 0.642
69.960 1 0.177 0.214 0.416 0.642
70.000 1 0.177 0.219 0.417 0.650
70.040 1 0.178 0.217 0.417 0.644
70.080 1 0.177 0.217 0.417 0.644
70.120 1 0.178 0.219 0.416 0.642
70.160 1 0.177 0.217 0.416 0.644
70.200 1 0.178 0.222 0.412 0.642
70.240 1 0.177 0.219 0.414 0.644
70.280 1 0.175 0.222 0.411 0.644
70.320 1 0.177 0.222 0.414 0.647
70.360 1 0.177 0.222 0.414 0.647
70.400 1 0.177 0.225 0.416 0.650
70.440 1 0.178 0.225 0.416 0.650
70.480 1 0.178 0.225 0.416 0.650
70.520 1 0.178 0.225 0.417 0.653
70.560 1 0.178 0.225 0.420 0.658
70.600 1 0.177 0.228 0.412 0.650
70.640 1 0.183 0.228 0.419 0.650
70.680 1 0.178 0.225 0.417 0.653
70.720 1 0.181 0.228 0.420 0.653
70.760 1 0.178 0.225 0.417 0.653
70.800 1 0.180 0.228 0.416 0.650
70.840 1 0.177 0.225 0.417 0.656
70.880 1 0.178 0.228 0.416 0.653
70.920 1 0.180 0.228 0.419 0.653
70.960 1 0.178 0.228 0.412 0.647
71.000 1 0.177 0.219 0.417 0.650
71.040 1 0.177 0.222 0.414 0.650
71.080 1 0.175 0.222 0.414 0.650
71.120 1 0.175 0.222 0.414 0.650
71.160 1 0.175 0.222 0.414 0.650
71.200 1 0.175 0.222 0.414 0.650
71.240 1 0.175 0.222 0.414 0.650
71.280 1 0.175 0.225 0.414 0.650
71.320 1 0.177 0.225 0.414 0.650
71.360 1 0.173 0.225 0.411 0.650
71.400 1 0.177 0.222 0.414 0.650
71.440 1 0.175 0.225 0.411 0.647
71.480 1 0.180 0.222 0.417 0.650
71.520 1 0.177 0.222 0.414 0.647
71.560 1 0.181 0.225 0.416 0.644
71.600 1 0.177 0.225 0.411 0.642
71.640 1 0.181 0.222 0.419 0.644
71.680 1 0.178 0.222 0.411 0.642
71.720 1 0.181 0.219 0.419 0.644
71.760 1 0.177 0.222 0.412 0.644
71.800 1 0.178 0.219 0.417 0.647
71.840 1 0.173 0.217 0.416 0.650
71.880 1 0.177 0.217 0.420 0.650
71.920 1 0.177 0.217 0.420 0.650
71.960 1 0.177 0.217 0.420 0.650
72.000 1 0.177 0.219 0.417 0.650
72.040 1 0.178 0.200 0.439 0.667
72.080 1 0.173 0.200 0.433 0.664
72.120 1 0.180 0.203 0.441 0.667
72.160 1 0.172 0.200 0.434 0.667
72.200 1 0.177 0.197 0.442 0.669
72.240 1 0.173 0.197 0.442 0.678
72.280 1 0.175 0.200 0.439 0.669
72.320 1 0.173 0.200 0.439 0.669
72.360 1 0.173 0.200 0.439 0.672
72.400 1 0.175 0.200 0.441 0.675
72.440 1 0.177 0.203 0.442 0.678
72.480 1 0.178 0.208 0.444 0.681
72.520 1 0.180 0.208 0.445 0.683
72.560 1 0.180 0.211 0.445 0.683
72.600 1 0.181 0.214 0.447 0.686
72.640 1 0.181 0.217 0.448 0.692
72.680 1 0.181 0.217 0.453 0.706
72.720 1 0.175 0.222 0.444 0.703
72.760 1 0.186 0.228 0.452 0.703
72.800 1 0.181 0.228 0.448 0.703
72.840 1 0.183 0.228 0.448 0.703
72.880 1 0.183 0.231 0.448 0.703
72.920 1 0.183 0.231 0.448 0.703
72.960 1 0.183 0.228 0.448 0.703
73.000 1 0.180 0.206 0.470 0.722
73.040 1 0.180 0.206 0.470 0.722
73.080 1 0.178 0.203 0.469 0.719
73.120 1 0.178 0.203 0.469 0.717
73.160 1 0.177 0.200 0.467 0.717
73.200 1 0.177 0.200 0.466 0.714
73.240 1 0.177 0.200 0.466 0.714
73.280 1 0.175 0.200 0.464 0.714
73.320 1 0.175 0.200 0.464 0.714
73.360 1 0.175 0.200 0.464 0.711
73.400 1 0.175 0.200 0.464 0.711
73.440 1 0.175 0.197 0.464 0.711
73.480 1 0.175 0.197 0.464 0.711
73.520 1 0.175 0.197 0.464 0.711
92.080 2 0.352 0.042 0.772 0.786
92.120 2 0.352 0.042 0.772 0.786
92.160 2 0.352 0.042 0.772 0.786
92.200 2 0.352 0.042 0.772 0.786
92.240 2 0.352 0.044 0.772 0.786
92.280 2 0.352 0.044 0.770 0.786
92.320 2 0.352 0.044 0.772 0.786
92.360 2 0.353 0.044 0.772 0.786
92.400 2 0.353 0.044 0.772 0.786
92.440 2 0.353 0.044 0.772 0.786
92.480 2 0.353 0.044 0.772 0.786
92.520 2 0.352 0.047 0.772 0.789
92.560 2 0.353 0.047 0.772 0.789
92.600 2 0.352 0.047 0.772 0.789
92.640 2 0.352 0.047 0.772 0.789
92.680 2 0.352 0.047 0.772 0.789
92.720 2 0.352 0.047 0.772 0.789
92.760 2 0.352 0.047 0.770 0.792
92.800 2 0.352 0.047 0.772 0.792
92.840 2 0.352 0.050 0.772 0.792
92.880 2 0.352 0.050 0.772 0.792
92.920 2 0.352 0.050 0.772 0.792
92.960 2 0.352 0.050 0.770 0.792
93.000 2 0.352 0.050 0.770 0.792
93.040 2 0.348 0.047 0.764 0.783
93.080 2 0.359 0.050 0.773 0.783
93.120 2 0.348 0.044 0.770 0.794
93.160 2 0.356 0.047 0.777 0.789
93.200 2 0.348 0.050 0.766 0.789
93.240 2 0.358 0.050 0.769 0.781
93.280 2 0.348 0.050 0.764 0.786
93.320 2 0.352 0.047 0.770 0.789
93.360 2 0.348 0.050 0.764 0.786
93.400 2 0.358 0.053 0.773 0.786
93.440 2 0.347 0.047 0.770 0.797
93.480 2 0.358 0.053 0.775 0.789
93.520 2 0.347 0.047 0.772 0.800
93.560 2 0.361 0.058 0.767 0.778
93.600 2 0.355 0.056 0.773 0.794
93.640 2 0.356 0.058 0.764 0.778
93.680 2 0.355 0.056 0.773 0.797
93.720 2 0.355 0.056 0.769 0.789
93.760 2 0.348 0.050 0.772 0.803
93.800 2 0.362 0.061 0.767 0.778
93.840 2 0.355 0.056 0.775 0.800
93.880 2 0.355 0.058 0.769 0.792
93.920 2 0.350 0.058 0.761 0.783
93.960 2 0.366 0.064 0.777 0.789
94.000 2 0.352 0.050 0.770 0.792
94.040 2 0.348 0.050 0.764 0.783
94.080 2 0.359 0.050 0.773 0.783
94.120 2 0.356 0.053 0.762 0.772
94.160 2 0.353 0.047 0.770 0.786
94.200 2 0.350 0.050 0.764 0.783
94.240 2 0.359 0.053 0.773 0.783
94.280 2 0.356 0.056 0.761 0.772
94.320 2 0.353 0.050 0.770 0.789
94.360 2 0.350 0.053 0.762 0.786
94.400 2 0.359 0.053 0.773 0.786
94.440 2 0.356 0.058 0.761 0.775
94.480 2 0.353 0.050 0.770 0.789
94.520 2 0.350 0.056 0.762 0.786
94.560 2 0.359 0.056 0.772 0.786
94.600 2 0.356 0.058 0.761 0.775
94.640 2 0.353 0.053 0.770 0.792
94.680 2 0.350 0.056 0.762 0.789
94.720 2 0.359 0.056 0.772 0.789
94.760 2 0.356 0.061 0.761 0.775
94.800 2 0.353 0.053 0.770 0.792
94.840 2 0.350 0.058 0.762 0.789
94.880 2 0.359 0.058 0.772 0.789
94.920 2 0.358 0.061 0.761 0.778
94.960 2 0.353 0.056 0.770 0.794
95.000 2 0.352 0.050 0.770 0.792
95.040 2 0.352 0.044 0.770 0.786
95.080 2 0.352 0.044 0.770 0.789
95.120 2 0.352 0.044 0.770 0.789
95.160 2 0.352 0.047 0.770 0.789
95.200 2 0.352 0.047 0.770 0.789
95.240 2 0.352 0.047 0.770 0.789
95.280 2 0.352 0.047 0.770 0.789
95.320 2 0.352 0.047 0.770 0.789
95.360 2 0.352 0.047 0.770 0.789
95.400 2 0.352 0.050 0.770 0.789
95.440 2 0.352 0.050 0.770 0.792
95.480 2 0.352 0.050 0.770 0.792
95.520 2 0.352 0.050 0.770 0.792
95.560 2 0.352 0.050 0.770 0.792
95.600 2 0.352 0.050 0.770 0.792
95.640 2 0.352 0.050 0.770 0.792
95.680 2 0.352 0.050 0.770 0.794
95.720 2 0.356 0.061 0.769 0.792
95.760 2 0.348 0.056 0.764 0.789
95.800 2 0.358 0.056 0.769 0.783
95.840 2 0.348 0.056 0.764 0.792
95.880 2 0.356 0.056 0.769 0.786
95.920 2 0.345 0.053 0.766 0.797
95.960 2 0.355 0.053 0.775 0.797
96.000 2 0.352 0.050 0.770 0.792
96.040 2 0.350 0.042 0.772 0.792
96.080 2 0.358 0.050 0.773 0.786
96.120 2 0.352 0.047 0.770 0.786
96.160 2 0.353 0.042 0.780 0.797
96.200 2 0.350 0.050 0.761 0.778
96.240 2 0.353 0.039 0.781 0.797
96.280 2 0.342 0.042 0.770 0.800
96.320 2 0.353 0.044 0.780 0.797
96.360 2 0.352 0.050 0.770 0.792
96.400 2 0.347 0.042 0.781 0.811
96.440 2 0.342 0.042 0.770 0.800
96.480 2 0.353 0.044 0.780 0.800
96.520 2 0.352 0.053 0.770 0.794
96.560 2 0.347 0.042 0.781 0.814
96.600 2 0.342 0.044 0.770 0.803
96.640 2 0.353 0.047 0.780 0.803
96.680 2 0.352 0.053 0.772 0.794
96.720 2 0.347 0.044 0.781 0.814
96.760 2 0.342 0.044 0.770 0.806
96.800 2 0.355 0.050 0.778 0.803
96.840 2 0.352 0.053 0.770 0.797
96.880 2 0.347 0.047 0.781 0.814
96.920 2 0.342 0.047 0.770 0.806
96.960 2 0.355 0.050 0.778 0.803
97.000 2 0.352 0.050 0.770 0.792
97.040 2 0.303 -0.039 0.755 0.811
97.080 2 0.314 -0.039 0.764 0.808
97.120 2 0.303 -0.042 0.752 0.806
97.160 2 0.309 -0.047 0.764 0.811
97.200 2 0.311 -0.044 0.769 0.817
97.240 2 0.298 -0.036 0.747 0.808
97.280 2 0.314 -0.039 0.764 0.811
97.320 2 0.303 -0.050 0.756 0.806
97.360 2 0.300 -0.042 0.758 0.817
97.400 2 0.305 -0.036 0.755 0.814
97.440 2 0.314 -0.036 0.764 0.814
97.480 2 0.311 -0.033 0.755 0.806
97.520 2 0.306 -0.042 0.764 0.819
97.560 2 0.303 -0.036 0.755 0.814
97.600 2 0.314 -0.033 0.766 0.817
97.640 2 0.305 -0.036 0.753 0.811
97.680 2 0.314 -0.033 0.764 0.817
97.720 2 0.311 -0.033 0.755 0.808
97.760 2 0.306 -0.039 0.764 0.822
97.800 2 0.303 -0.033 0.755 0.817
97.840 2 0.309 -0.033 0.758 0.814
97.880 2 0.317 -0.028 0.753 0.794
97.920 2 0.298 -0.042 0.759 0.828
97.960 2 0.308 -0.036 0.762 0.822
98.000 2 0.256 -0.139 0.758 0.853
98.040 2 0.303 -0.008 0.764 0.858
98.080 2 0.303 -0.008 0.764 0.858
98.120 2 0.303 -0.008 0.764 0.861
98.160 2 0.303 -0.008 0.764 0.861
98.200 2 0.303 -0.006 0.764 0.861
98.240 2 0.303 -0.006 0.764 0.861
98.280 2 0.303 -0.006 0.764 0.861
98.320 2 0.303 -0.006 0.764 0.861
98.360 2 0.303 -0.006 0.764 0.861
98.400 2 0.303 -0.006 0.764 0.864
98.440 2 0.303 -0.006 0.764 0.864
98.480 2 0.303 -0.003 0.764 0.864
98.520 2 0.303 -0.003 0.764 0.864
98.560 2 0.303 -0.003 0.764 0.864
98.600 2 0.303 -0.003 0.764 0.864
98.640 2 0.303 -0.003 0.764 0.867
98.680 2 0.303 -0.003 0.764 0.867
98.720 2 0.297 -0.011 0.764 0.867
98.760 2 0.297 -0.003 0.761 0.869
98.800 2 0.308 -0.003 0.769 0.869
98.840 2 0.302 -0.003 0.764 0.867
98.880 2 0.297 -0.008 0.764 0.869
98.920 2 0.297 -0.003 0.761 0.872
98.960 2 0.308 0.000 0.770 0.869
99.000 2 0.352 0.133 0.770 0.875
99.040 2 0.352 0.128 0.770 0.869
99.080 2 0.352 0.128 0.770 0.869
99.120 2 0.352 0.128 0.770 0.869
99.160 2 0.352 0.128 0.770 0.869
99.200 2 0.352 0.131 0.770 0.869
99.240 2 0.352 0.131 0.770 0.872
99.280 2 0.352 0.131 0.770 0.872
99.320 2 0.352 0.131 0.770 0.872
99.360 2 0.352 0.131 0.770 0.872
99.400 2 0.352 0.131 0.770 0.872
99.440 2 0.352 0.133 0.770 0.872
99.480 2 0.352 0.133 0.770 0.875
99.520 2 0.352 0.133 0.770 0.875
99.560 2 0.352 0.133 0.770 0.875
99.600 2 0.352 0.133 0.770 0.875
99.640 2 0.352 0.133 0.770 0.875
99.680 2 0.350 0.133 0.770 0.878
99.720 2 0.347 0.128 0.780 0.894
99.760 2 0.344 0.131 0.769 0.883
99.800 2 0.355 0.133 0.778 0.883
99.840 2 0.352 0.136 0.770 0.878
99.880 2 0.347 0.131 0.778 0.894
99.920 2 0.344 0.133 0.769 0.883
99.960 2 0.353 0.133 0.778 0.883
100.000 2 0.352 0.133 0.770 0.875
100.040 2 0.352 0.133 0.770 0.875
100.080 2 0.352 0.133 0.770 0.875
100.120 2 0.352 0.133 0.770 0.875
100.160 2 0.352 0.133 0.769 0.875
100.200 2 0.352 0.136 0.769 0.875
100.240 3 0.445 0.289 0.658 0.667
100.280 3 0.438 0.292 0.652 0.675
100.320 3 0.444 0.306 0.652 0.672
100.360 3 0.439 0.311 0.644 0.678
100.400 3 0.445 0.314 0.650 0.678
100.440 3 0.445 0.308 0.650 0.672
100.480 3 0.450 0.300 0.655 0.664
100.520 3 0.459 0.297 0.659 0.653
100.560 3 0.466 0.292 0.667 0.650
100.600 3 0.461 0.289 0.666 0.650
100.640 3 0.467 0.289 0.670 0.650
100.680 3 0.466 0.286 0.669 0.647
100.720 3 0.473 0.278 0.673 0.636
100.760 3 0.475 0.264 0.677 0.622
100.800 3 0.473 0.261 0.677 0.622
100.840 3 0.484 0.264 0.686 0.622
100.880 3 0.483 0.261 0.688 0.625
100.920 3 0.489 0.261 0.692 0.622
100.960 3 0.494 0.261 0.697 0.622
101.000 3 0.505 0.261 0.706 0.619
101.040 3 0.505 0.244 0.713 0.617
101.080 3 0.506 0.247 0.714 0.619
101.120 3 0.512 0.247 0.720 0.614
101.160 3 0.517 0.244 0.725 0.614
101.200 3 0.523 0.242 0.736 0.619
101.240 3 0.527 0.242 0.736 0.614
101.280 3 0.531 0.244 0.741 0.614
101.320 3 0.536 0.242 0.750 0.619
101.360 3 0.539 0.239 0.750 0.611
101.400 3 0.545 0.242 0.750 0.606
101.440 3 0.548 0.242 0.750 0.603
101.480 3 0.548 0.236 0.752 0.600
101.520 3 0.552 0.236 0.752 0.592
101.560 3 0.553 0.239 0.753 0.594
101.600 3 0.547 0.236 0.748 0.594
101.640 3 0.553 0.236 0.753 0.594
101.680 3 0.547 0.231 0.747 0.586
101.720 3 0.552 0.225 0.750 0.578
101.760 3 0.550 0.222 0.745 0.572
101.800 3 0.548 0.219 0.744 0.569
101.840 3 0.541 0.219 0.739 0.572
101.880 3 0.537 0.222 0.736 0.575
101.920 3 0.536 0.228 0.734 0.581
101.960 3 0.534 0.233 0.733 0.586
102.000 3 0.527 0.222 0.728 0.581
102.040 3 0.530 0.231 0.730 0.589
102.080 3 0.528 0.233 0.730 0.592
102.120 3 0.533 0.236 0.734 0.594
102.160 3 0.530 0.236 0.733 0.594
102.200 3 0.536 0.236 0.739 0.594
102.240 3 0.544 0.236 0.744 0.594
102.280 3 0.542 0.236 0.742 0.592
102.320 3 0.548 0.236 0.748 0.592
102.360 3 0.547 0.233 0.748 0.594
102.400 3 0.550 0.233 0.750 0.592
102.440 3 0.552 0.233 0.753 0.592
102.480 3 0.555 0.233 0.755 0.589
102.520 3 0.556 0.231 0.756 0.586
102.560 3 0.558 0.231 0.756 0.583
102.600 3 0.559 0.228 0.759 0.583
102.640 3 0.561 0.228 0.761 0.583
102.680 3 0.561 0.228 0.762 0.586
102.720 3 0.561 0.228 0.762 0.586
102.760 3 0.559 0.225 0.759 0.581
102.800 3 0.556 0.222 0.756 0.578
102.840 3 0.553 0.219 0.753 0.578
102.880 3 0.550 0.219 0.750 0.575
102.920 3 0.545 0.214 0.748 0.575
102.960 3 0.548 0.217 0.752 0.575
103.000 3 0.550 0.222 0.752 0.581
103.040 3 0.542 0.219 0.747 0.583
103.080 3 0.547 0.219 0.756 0.592
103.120 3 0.536 0.211 0.745 0.583
103.160 3 0.544 0.211 0.753 0.586
103.200 3 0.531 0.211 0.742 0.586
103.240 3 0.537 0.208 0.750 0.583
107.760 4 0.503 0.267 0.705 0.622
107.800 4 0.505 0.269 0.705 0.625
107.840 4 0.505 0.272 0.705 0.628
107.880 4 0.506 0.272 0.700 0.619
107.920 4 0.511 0.272 0.708 0.622
107.960 4 0.502 0.267 0.700 0.619
108.000 4 0.505 0.261 0.706 0.619
108.040 4 0.509 0.261 0.714 0.622
108.080 4 0.505 0.261 0.709 0.628
108.120 4 0.509 0.267 0.713 0.625
108.160 4 0.505 0.269 0.705 0.625
108.200 4 0.506 0.269 0.708 0.625
108.240 4 0.505 0.267 0.706 0.625
108.280 4 0.505 0.261 0.705 0.619
108.320 4 0.502 0.258 0.705 0.617
108.360 4 0.500 0.253 0.702 0.611
108.400 4 0.497 0.250 0.703 0.617
108.440 4 0.498 0.258 0.700 0.614
108.480 4 0.497 0.258 0.700 0.619
108.520 4 0.497 0.264 0.697 0.619
108.560 4 0.497 0.261 0.697 0.617
108.600 4 0.495 0.258 0.695 0.614
108.640 4 0.495 0.256 0.697 0.614
108.680 4 0.498 0.256 0.697 0.611
108.720 4 0.500 0.256 0.700 0.614
108.760 4 0.497 0.258 0.698 0.617
108.800 4 0.500 0.258 0.700 0.614
108.840 4 0.500 0.256 0.703 0.617
108.880 4 0.502 0.258 0.703 0.614
108.920 4 0.502 0.258 0.703 0.614
108.960 4 0.503 0.258 0.703 0.617
109.000 4 0.505 0.261 0.706 0.619
109.040 4 0.495 0.242 0.719 0.639
109.080 4 0.494 0.242 0.717 0.639
109.120 4 0.497 0.242 0.720 0.639
109.160 4 0.497 0.242 0.720 0.639
109.200 4 0.498 0.244 0.720 0.639
109.240 4 0.498 0.247 0.722 0.642
109.280 4 0.502 0.250 0.723 0.644
109.320 4 0.498 0.250 0.720 0.644
109.360 4 0.498 0.250 0.720 0.644
109.400 4 0.498 0.247 0.722 0.644
109.440 4 0.498 0.247 0.722 0.644
109.480 4 0.500 0.256 0.719 0.642
109.520 4 0.498 0.253 0.719 0.644
109.560 4 0.494 0.250 0.717 0.647
109.600 4 0.497 0.247 0.720 0.644
109.640 4 0.498 0.242 0.723 0.642
109.680 4 0.494 0.239 0.719 0.639
109.720 4 0.498 0.239 0.722 0.639
109.760 4 0.497 0.242 0.719 0.636
109.800 4 0.503 0.239 0.728 0.639
109.840 4 0.498 0.236 0.725 0.639
109.880 4 0.508 0.239 0.731 0.636
109.920 4 0.502 0.233 0.730 0.639
109.960 4 0.511 0.233 0.738 0.636
110.000 4 0.498 0.219 0.741 0.650
110.040 4 0.509 0.225 0.733 0.622
110.080 4 0.503 0.222 0.727 0.622
110.120 4 0.509 0.228 0.733 0.625
110.160 4 0.508 0.231 0.728 0.622
110.200 4 0.505 0.233 0.728 0.628
110.240 4 0.508 0.242 0.728 0.633
110.280 4 0.505 0.253 0.722 0.639
110.320 4 0.509 0.261 0.725 0.642
110.360 4 0.506 0.264 0.720 0.644
110.400 4 0.506 0.261 0.723 0.647
110.440 4 0.511 0.261 0.725 0.642
110.480 4 0.506 0.256 0.723 0.642
110.520 4 0.505 0.250 0.725 0.639
110.560 4 0.505 0.244 0.725 0.636
110.600 4 0.503 0.239 0.725 0.631
110.640 4 0.503 0.233 0.725 0.625
110.680 4 0.502 0.228 0.723 0.622
110.720 4 0.502 0.222 0.723 0.617
110.760 4 0.500 0.219 0.723 0.614
110.800 4 0.500 0.219 0.722 0.614
110.840 4 0.500 0.217 0.722 0.614
110.880 4 0.498 0.217 0.722 0.614
110.920 4 0.498 0.217 0.720 0.611
110.960 4 0.500 0.217 0.722 0.611
111.000 4 0.505 0.222 0.706 0.581
111.040 4 0.503 0.239 0.703 0.592
111.080 4 0.506 0.236 0.708 0.597
111.120 4 0.502 0.236 0.703 0.597
111.160 4 0.498 0.233 0.702 0.597
111.200 4 0.495 0.236 0.698 0.597
111.240 4 0.492 0.236 0.695 0.600
111.280 4 0.489 0.239 0.694 0.600
111.320 4 0.487 0.242 0.691 0.606
111.360 4 0.486 0.247 0.691 0.608
111.400 4 0.484 0.253 0.689 0.617
111.440 4 0.481 0.261 0.688 0.628
111.480 4 0.481 0.272 0.688 0.639
111.520 4 0.477 0.278 0.683 0.644
111.560 4 0.483 0.289 0.684 0.647
111.600 4 0.481 0.294 0.683 0.653
111.640 4 0.478 0.292 0.680 0.653
111.680 4 0.478 0.289 0.681 0.653
111.720 4 0.480 0.283 0.684 0.647
111.760 4 0.480 0.278 0.683 0.636
111.800 4 0.483 0.272 0.683 0.631
111.840 4 0.484 0.264 0.686 0.622
111.880 4 0.480 0.258 0.683 0.617
111.920 4 0.483 0.253 0.686 0.611
111.960 4 0.483 0.250 0.683 0.606
112.000 4 0.483 0.261 0.684 0.619
112.040 4 0.486 0.258 0.689 0.619
112.080 4 0.487 0.258 0.692 0.619
112.120 4 0.483 0.258 0.686 0.619
112.160 4 0.487 0.261 0.689 0.617
112.200 4 0.484 0.261 0.689 0.622
112.240 4 0.483 0.261 0.686 0.619
112.280 4 0.489 0.264 0.691 0.619
112.320 4 0.487 0.264 0.688 0.619
112.360 4 0.487 0.264 0.688 0.622
112.400 4 0.486 0.267 0.686 0.622
112.440 4 0.486 0.267 0.686 0.622
112.480 4 0.487 0.264 0.686 0.619
112.520 4 0.489 0.264 0.689 0.619
112.560 4 0.491 0.264 0.691 0.619
112.600 4 0.492 0.267 0.692 0.622
112.640 4 0.494 0.269 0.692 0.622
112.680 4 0.494 0.269 0.692 0.625
112.720 4 0.495 0.269 0.694 0.622
112.760 4 0.497 0.267 0.695 0.622
112.800 4 0.497 0.267 0.697 0.622
112.840 4 0.498 0.267 0.698 0.625
112.880 4 0.500 0.267 0.698 0.622
112.920 4 0.498 0.264 0.702 0.622
112.960 4 0.502 0.264 0.700 0.619
113.000 4 0.505 0.261 0.706 0.619
113.040 4 0.498 0.250 0.702 0.611
113.080 4 0.497 0.247 0.700 0.608
113.120 4 0.487 0.242 0.692 0.606
113.160 4 0.489 0.239 0.694 0.603
113.200 4 0.484 0.239 0.689 0.603
113.240 4 0.489 0.242 0.694 0.606
113.280 4 0.486 0.242 0.691 0.606
113.320 4 0.491 0.242 0.695 0.603
113.360 4 0.489 0.239 0.692 0.600
113.400 4 0.487 0.233 0.695 0.600
113.440 4 0.491 0.236 0.694 0.597
113.480 4 0.492 0.239 0.695 0.597
113.520 4 0.492 0.239 0.695 0.597
113.560 4 0.492 0.233 0.700 0.600
113.600 4 0.495 0.236 0.698 0.597
113.640 4 0.494 0.231 0.700 0.597
113.680 4 0.494 0.236 0.695 0.594
113.720 4 0.497 0.236 0.700 0.597
113.760 4 0.498 0.239 0.698 0.594
113.800 4 0.500 0.239 0.698 0.594
113.840 4 0.498 0.239 0.700 0.597
113.880 4 0.506 0.239 0.705 0.592
113.920 4 0.503 0.233 0.705 0.592
113.960 4 0.511 0.236 0.711 0.592
114.000 4 0.505 0.222 0.706 0.581
114.040 4 0.509 0.225 0.709 0.581
114.080 4 0.506 0.228 0.706 0.583
114.120 4 0.512 0.231 0.713 0.586
114.160 4 0.509 0.231 0.711 0.589
114.200 4 0.516 0.233 0.717 0.592
114.240 4 0.512 0.233 0.714 0.592
114.280 4 0.517 0.236 0.719 0.594
114.320 4 0.516 0.239 0.716 0.597
114.360 4 0.522 0.244 0.720 0.597
114.400 4 0.517 0.247 0.714 0.597
114.440 4 0.519 0.244 0.717 0.594
114.480 4 0.511 0.239 0.711 0.594
114.520 4 0.509 0.236 0.708 0.589
114.560 4 0.508 0.236 0.706 0.589
114.600 4 0.509 0.239 0.706 0.589
114.640 4 0.506 0.239 0.705 0.589
114.680 4 0.509 0.236 0.708 0.589
114.720 4 0.506 0.231 0.706 0.586
114.760 4 0.505 0.225 0.709 0.589
114.800 4 0.506 0.225 0.708 0.583
114.840 4 0.508 0.228 0.708 0.583
114.880 4 0.506 0.231 0.706 0.586
114.920 4 0.506 0.228 0.706 0.586
114.960 4 0.506 0.225 0.706 0.583
115.000 4 0.505 0.222 0.706 0.581
115.040 4 0.508 0.217 0.713 0.581
115.080 4 0.503 0.222 0.700 0.572
115.120 4 0.505 0.222 0.709 0.583
115.160 4 0.500 0.222 0.705 0.583
115.200 4 0.503 0.219 0.706 0.583
115.240 4 0.506 0.222 0.709 0.581
115.280 4 0.503 0.219 0.706 0.581
115.320 4 0.505 0.222 0.711 0.592
115.360 4 0.503 0.225 0.706 0.586
115.400 4 0.506 0.225 0.709 0.586
115.440 4 0.506 0.225 0.709 0.586
115.480 4 0.505 0.225 0.706 0.586
115.520 4 0.503 0.219 0.711 0.589
115.560 4 0.508 0.222 0.711 0.583
115.600 4 0.502 0.222 0.706 0.583
115.640 4 0.505 0.225 0.709 0.589
115.680 4 0.502 0.225 0.705 0.583
115.720 4 0.505 0.228 0.706 0.583
115.760 4 0.509 0.231 0.706 0.583
115.800 4 0.505 0.231 0.703 0.583
115.840 4 0.503 0.231 0.703 0.586
115.880 4 0.508 0.228 0.708 0.583
115.920 4 0.503 0.222 0.706 0.583
115.960 4 0.508 0.225 0.709 0.583
116.000 4 0.505 0.222 0.706 0.581
116.040 4 0.505 0.242 0.703 0.594
116.080 4 0.503 0.242 0.702 0.597
116.120 4 0.502 0.242 0.700 0.597
116.160 4 0.502 0.242 0.702 0.594
116.200 4 0.494 0.239 0.695 0.597
116.240 4 0.498 0.244 0.698 0.600
116.280 4 0.491 0.242 0.692 0.600
116.320 4 0.492 0.244 0.692 0.600
116.360 4 0.492 0.242 0.692 0.600
116.400 4 0.491 0.239 0.691 0.597
116.440 4 0.489 0.236 0.691 0.594
116.480 4 0.487 0.228 0.689 0.589
116.520 4 0.486 0.222 0.689 0.583
116.560 4 0.484 0.219 0.689 0.581
116.600 4 0.483 0.217 0.689 0.586
116.640 4 0.483 0.228 0.688 0.589
116.680 4 0.480 0.231 0.688 0.600
116.720 4 0.480 0.233 0.684 0.597
116.760 4 0.480 0.233 0.683 0.597
116.800 4 0.478 0.233 0.683 0.594
116.840 4 0.478 0.231 0.683 0.594
116.880 4 0.480 0.236 0.683 0.597
116.920 4 0.480 0.239 0.684 0.600
116.960 4 0.481 0.242 0.684 0.603
117.000 4 0.483 0.261 0.684 0.619
117.040 4 0.489 0.264 0.692 0.625
117.080 4 0.491 0.269 0.694 0.631
117.120 4 0.492 0.275 0.695 0.633
117.160 4 0.494 0.278 0.697 0.636
117.200 4 0.495 0.278 0.697 0.636
117.240 4 0.497 0.281 0.697 0.636
117.280 4 0.498 0.281 0.697 0.636
117.320 4 0.500 0.281 0.698 0.633
117.360 4 0.502 0.278 0.698 0.628
117.400 4 0.500 0.275 0.697 0.625
117.440 4 0.498 0.272 0.698 0.628
117.480 4 0.498 0.272 0.698 0.628
117.520 4 0.498 0.272 0.698 0.628
117.560 4 0.498 0.269 0.698 0.625
117.600 4 0.498 0.264 0.698 0.619
117.640 4 0.500 0.261 0.700 0.617
117.680 4 0.495 0.256 0.698 0.617
117.720 4 0.500 0.256 0.703 0.614
117.760 4 0.498 0.253 0.698 0.608
117.800 4 0.500 0.253 0.703 0.614
117.840 4 0.495 0.253 0.697 0.611
117.880 4 0.498 0.253 0.700 0.611
117.920 4 0.498 0.253 0.700 0.611
117.960 4 0.500 0.258 0.700 0.614
118.000 4 0.505 0.261 0.706 0.619
118.040 4 0.502 0.261 0.702 0.617
118.080 4 0.506 0.256 0.709 0.617
118.120 4 0.502 0.256 0.705 0.614
118.160 4 0.506 0.256 0.709 0.617
118.200 4 0.505 0.258 0.706 0.617
118.240 4 0.505 0.258 0.706 0.617
118.280 4 0.503 0.256 0.706 0.617
118.320 4 0.503 0.256 0.706 0.617
118.360 4 0.503 0.258 0.708 0.622
118.400 4 0.500 0.256 0.705 0.619
118.440 4 0.506 0.256 0.711 0.619
118.480 4 0.505 0.256 0.709 0.622
118.520 4 0.502 0.258 0.706 0.622
118.560 4 0.508 0.258 0.711 0.622
118.600 4 0.508 0.258 0.711 0.622
118.640 4 0.503 0.258 0.709 0.622
118.680 4 0.506 0.258 0.713 0.622
118.720 4 0.502 0.256 0.709 0.622
118.760 4 0.506 0.261 0.711 0.625
118.800 4 0.502 0.258 0.706 0.625
118.840 4 0.506 0.261 0.713 0.628
118.880 4 0.500 0.258 0.708 0.625
118.920 4 0.505 0.258 0.713 0.625
118.960 4 0.503 0.258 0.708 0.622
119.000 4 0.505 0.261 0.706 0.619
119.040 4 0.502 0.236 0.706 0.600
119.080 4 0.503 0.236 0.706 0.597
119.120 4 0.503 0.233 0.709 0.600
119.160 4 0.506 0.233 0.709 0.594
119.200 4 0.506 0.231 0.711 0.594
119.240 4 0.508 0.231 0.711 0.592
119.280 4 0.509 0.231 0.711 0.592
119.320 4 0.509 0.233 0.713 0.594
119.360 4 0.511 0.233 0.714 0.594
119.400 4 0.511 0.236 0.714 0.597
119.440 4 0.511 0.236 0.714 0.597
119.480 4 0.511 0.236 0.714 0.597
119.520 4 0.514 0.236 0.717 0.597
119.560 4 0.511 0.236 0.713 0.594
119.600 4 0.512 0.236 0.717 0.600
119.640 4 0.511 0.239 0.711 0.597
119.680 4 0.508 0.242 0.711 0.603
119.720 4 0.505 0.239 0.708 0.603
119.760 4 0.497 0.242 0.703 0.608
119.800 4 0.495 0.244 0.698 0.603
119.840 4 0.492 0.244 0.695 0.603
119.880 4 0.492 0.244 0.695 0.603
119.920 4 0.486 0.242 0.688 0.603
119.960 4 0.489 0.244 0.691 0.603
120.000 4 0.483 0.222 0.684 0.581
120.040 4 0.487 0.244 0.684 0.594
120.080 4 0.492 0.247 0.691 0.597
120.120 4 0.489 0.247 0.688 0.600
120.160 4 0.491 0.247 0.691 0.603
120.200 4 0.492 0.247 0.692 0.603
120.240 4 0.492 0.244 0.694 0.603
120.280 4 0.494 0.242 0.695 0.600
120.320 4 0.494 0.239 0.697 0.600
120.360 4 0.489 0.239 0.692 0.600
120.400 4 0.494 0.239 0.697 0.600
120.440 4 0.492 0.236 0.698 0.603
120.480 4 0.494 0.239 0.697 0.600
120.520 4 0.497 0.239 0.700 0.600
120.560 4 0.497 0.236 0.702 0.600
120.600 4 0.500 0.239 0.703 0.600
120.640 4 0.497 0.242 0.697 0.597
120.680 4 0.498 0.244 0.698 0.597
120.720 4 0.489 0.244 0.689 0.600
120.760 4 0.481 0.244 0.683 0.603
120.800 4 0.483 0.242 0.684 0.603
120.840 4 0.483 0.244 0.680 0.594
120.880 4 0.487 0.244 0.686 0.597
120.920 4 0.478 0.239 0.681 0.600
120.960 4 0.480 0.239 0.684 0.603
121.000 4 0.483 0.261 0.684 0.619
121.040 4 0.473 0.244 0.694 0.636
121.080 4 0.469 0.242 0.688 0.633
121.120 4 0.472 0.242 0.689 0.628
121.160 4 0.469 0.239 0.689 0.631
121.200 4 0.470 0.242 0.691 0.633
121.240 4 0.466 0.247 0.683 0.636
121.280 4 0.473 0.253 0.691 0.636
121.320 4 0.467 0.256 0.684 0.644
121.360 4 0.473 0.258 0.691 0.644
121.400 4 0.469 0.256 0.689 0.644
121.440 4 0.467 0.256 0.688 0.647
121.480 4 0.473 0.258 0.694 0.650
121.520 4 0.469 0.258 0.689 0.647
121.560 4 0.472 0.258 0.691 0.647
121.600 4 0.473 0.256 0.692 0.644
121.640 4 0.473 0.250 0.694 0.642
121.680 4 0.477 0.250 0.695 0.639
121.720 4 0.477 0.250 0.697 0.639
121.760 4 0.478 0.247 0.698 0.639
121.800 4 0.480 0.244 0.698 0.633
121.840 4 0.481 0.242 0.702 0.633
121.880 4 0.483 0.242 0.702 0.631
121.920 4 0.484 0.242 0.705 0.631
121.960 4 0.484 0.239 0.705 0.631
122.000 4 0.472 0.219 0.714 0.650
122.040 4 0.487 0.242 0.713 0.639
122.080 4 0.489 0.242 0.713 0.639
122.120 4 0.489 0.242 0.714 0.639
122.160 4 0.491 0.239 0.714 0.639
122.200 4 0.491 0.239 0.716 0.639
122.240 4 0.491 0.239 0.714 0.639
122.280 4 0.492 0.239 0.719 0.639
122.320 4 0.487 0.239 0.713 0.639
122.360 4 0.489 0.236 0.719 0.642
122.400 4 0.491 0.236 0.714 0.636
122.440 4 0.487 0.239 0.711 0.633
122.480 4 0.491 0.239 0.713 0.633
122.520 4 0.489 0.236 0.713 0.633
122.560 4 0.489 0.236 0.713 0.633
122.600 4 0.489 0.236 0.713 0.633
122.640 4 0.489 0.236 0.711 0.633
122.680 4 0.491 0.236 0.716 0.633
122.720 4 0.486 0.233 0.711 0.633
122.760 4 0.492 0.233 0.717 0.631
122.800 4 0.491 0.233 0.714 0.633
122.840 4 0.487 0.231 0.713 0.631
122.880 4 0.492 0.233 0.716 0.631
122.920 4 0.487 0.236 0.709 0.628
122.960 4 0.491 0.236 0.714 0.633
123.000 4 0.505 0.261 0.706 0.619
123.040 4 0.505 0.258 0.706 0.617
123.080 4 0.505 0.258 0.706 0.619
123.120 4 0.505 0.261 0.706 0.619
123.160 4 0.505 0.261 0.706 0.619
123.200 4 0.505 0.261 0.706 0.619
123.240 4 0.506 0.261 0.706 0.619
123.280 4 0.506 0.261 0.706 0.619
123.320 4 0.503 0.258 0.708 0.622
123.360 4 0.503 0.261 0.705 0.622
123.400 4 0.502 0.264 0.702 0.619
123.440 4 0.503 0.267 0.700 0.619
123.480 4 0.503 0.269 0.702 0.622
123.520 4 0.506 0.272 0.703 0.625
123.560 4 0.506 0.272 0.706 0.628
123.600 4 0.508 0.275 0.708 0.628
123.640 4 0.508 0.272 0.709 0.631
123.680 4 0.508 0.272 0.709 0.633
123.720 4 0.509 0.275 0.709 0.631
123.760 4 0.509 0.272 0.709 0.628
123.800 4 0.509 0.272 0.708 0.628
123.840 4 0.508 0.272 0.708 0.625
123.880 4 0.508 0.267 0.708 0.622
123.920 4 0.506 0.264 0.708 0.622
123.960 4 0.508 0.264 0.709 0.622
124.000 4 0.505 0.261 0.706 0.619
124.040 4 0.495 0.247 0.694 0.603
124.080 4 0.500 0.247 0.698 0.603
124.120 4 0.495 0.247 0.694 0.600
124.160 4 0.495 0.250 0.692 0.600
124.200 4 0.500 0.250 0.697 0.600
124.240 4 0.495 0.250 0.691 0.600
124.280 4 0.498 0.253 0.695 0.600
124.320 4 0.495 0.250 0.694 0.600
124.360 4 0.497 0.250 0.694 0.600
124.400 4 0.495 0.250 0.691 0.600
124.440 4 0.497 0.253 0.694 0.600
124.480 4 0.494 0.247 0.692 0.600
124.520 4 0.498 0.244 0.697 0.597
124.560 4 0.494 0.242 0.694 0.597
124.600 4 0.502 0.242 0.702 0.597
124.640 4 0.497 0.242 0.694 0.592
124.680 4 0.494 0.239 0.695 0.597
124.720 4 0.498 0.239 0.700 0.597
124.760 4 0.494 0.233 0.697 0.597
124.800 4 0.500 0.236 0.702 0.594
124.840 4 0.498 0.236 0.700 0.594
124.880 4 0.500 0.239 0.700 0.592
124.920 4 0.506 0.239 0.708 0.597
124.960 4 0.506 0.239 0.706 0.592
125.000 4 0.505 0.222 0.706 0.581
125.040 4 0.511 0.239 0.711 0.597
125.080 4 0.512 0.239 0.713 0.597
125.120 4 0.508 0.242 0.708 0.597
125.160 4 0.511 0.247 0.709 0.597
125.200 4 0.505 0.247 0.702 0.597
125.240 4 0.505 0.244 0.703 0.597
125.280 4 0.508 0.244 0.706 0.600
125.320 4 0.502 0.244 0.702 0.600
125.360 4 0.503 0.244 0.703 0.600
125.400 4 0.502 0.244 0.702 0.600
125.440 4 0.498 0.244 0.695 0.594
125.480 4 0.505 0.247 0.702 0.597
125.520 4 0.498 0.244 0.698 0.600
125.560 4 0.502 0.242 0.703 0.600
125.600 4 0.500 0.244 0.698 0.597
125.640 4 0.503 0.244 0.703 0.600
125.680 4 0.502 0.244 0.700 0.600
125.720 4 0.498 0.244 0.700 0.600
125.760 4 0.502 0.242 0.705 0.603
125.800 4 0.500 0.242 0.703 0.600
125.840 4 0.503 0.242 0.705 0.600
125.880 4 0.498 0.242 0.697 0.597
125.920 4 0.503 0.244 0.703 0.600
125.960 4 0.502 0.244 0.700 0.597
126.000 4 0.505 0.261 0.706 0.619
126.040 4 0.505 0.261 0.706 0.619
126.080 4 0.505 0.261 0.706 0.619
126.120 4 0.506 0.261 0.706 0.619
128.560 5 0.931 0.322 0.988 0.425
128.600 5 0.930 0.322 0.989 0.428
128.640 5 0.933 0.322 0.992 0.428
128.680 5 0.930 0.322 0.989 0.425
128.720 5 0.934 0.322 0.992 0.425
128.760 5 0.933 0.325 0.989 0.425
128.800 5 0.933 0.325 0.991 0.428
128.840 5 0.933 0.328 0.989 0.428
128.880 5 0.933 0.325 0.991 0.431
128.920 5 0.933 0.328 0.989 0.428
128.960 5 0.930 0.325 0.989 0.431
129.000 5 0.933 0.328 0.989 0.428
129.040 5 0.933 0.328 0.989 0.428
129.080 5 0.931 0.325 0.988 0.425
129.120 5 0.931 0.325 0.988 0.425
129.160 5 0.931 0.322 0.988 0.425
129.200 5 0.930 0.322 0.986 0.425
129.240 5 0.930 0.325 0.988 0.425
129.280 5 0.931 0.325 0.988 0.425
129.320 5 0.931 0.325 0.988 0.425
129.360 5 0.933 0.325 0.989 0.428
129.400 5 0.933 0.325 0.989 0.425
129.440 5 0.934 0.325 0.991 0.425
129.480 5 0.936 0.322 0.994 0.425
129.520 5 0.938 0.319 0.995 0.422
129.560 5 0.939 0.319 0.997 0.422
129.600 5 0.941 0.319 0.998 0.419
129.640 5 0.941 0.319 0.998 0.419
129.680 5 0.944 0.317 1.000 0.419
129.720 5 0.945 0.314 1.002 0.414
128.560 6 0.761 0.364 0.841 0.506
128.600 6 0.758 0.367 0.838 0.508
128.640 6 0.762 0.367 0.841 0.508
128.680 6 0.759 0.367 0.841 0.511
128.720 6 0.761 0.369 0.841 0.511
128.760 6 0.758 0.372 0.838 0.514
128.800 6 0.761 0.372 0.842 0.514
128.840 6 0.759 0.372 0.841 0.517
128.880 6 0.759 0.372 0.845 0.525
128.920 6 0.758 0.375 0.838 0.519
128.960 6 0.759 0.375 0.841 0.519
129.000 6 0.759 0.375 0.841 0.519
129.040 6 0.759 0.372 0.844 0.519
129.080 6 0.755 0.369 0.841 0.519
129.120 6 0.759 0.364 0.845 0.517
129.160 6 0.755 0.364 0.841 0.517
129.200 6 0.759 0.364 0.845 0.517
129.240 6 0.759 0.367 0.839 0.511
129.280 6 0.764 0.369 0.844 0.511
129.320 6 0.762 0.369 0.842 0.511
129.360 6 0.766 0.369 0.845 0.511
129.400 6 0.764 0.367 0.845 0.511
129.440 6 0.767 0.367 0.847 0.508
129.480 6 0.769 0.364 0.850 0.508
129.520 6 0.770 0.364 0.852 0.506
129.560 6 0.770 0.361 0.850 0.506
129.600 6 0.772 0.361 0.853 0.506
129.640 6 0.772 0.361 0.853 0.503
129.680 6 0.775 0.358 0.855 0.500
129.720 6 0.773 0.358 0.853 0.497
128.560 7 0.878 0.467 0.975 0.644
128.600 7 0.877 0.469 0.972 0.642
128.640 7 0.878 0.467 0.977 0.644
128.680 7 0.878 0.467 0.977 0.644
128.720 7 0.880 0.467 0.977 0.644
128.760 7 0.880 0.467 0.977 0.644
128.800 7 0.880 0.469 0.977 0.644
128.840 7 0.880 0.469 0.977 0.644
128.880 7 0.883 0.475 0.977 0.644
128.920 7 0.880 0.472 0.973 0.642
128.960 7 0.880 0.469 0.978 0.644
129.000 7 0.880 0.469 0.977 0.644
129.040 7 0.878 0.469 0.975 0.642
129.080 7 0.877 0.467 0.973 0.642
129.120 7 0.877 0.467 0.972 0.639
129.160 7 0.875 0.467 0.970 0.639
129.200 7 0.873 0.467 0.969 0.636
129.240 7 0.870 0.467 0.966 0.639
129.280 7 0.875 0.467 0.970 0.639
129.320 7 0.872 0.467 0.967 0.639
129.360 7 0.875 0.467 0.969 0.639
129.400 7 0.877 0.467 0.972 0.639
129.440 7 0.877 0.467 0.970 0.636
129.480 7 0.878 0.464 0.973 0.636
129.520 7 0.878 0.467 0.970 0.633
129.560 7 0.880 0.464 0.975 0.636
129.600 7 0.880 0.467 0.972 0.633
129.640 7 0.881 0.464 0.975 0.633
129.680 7 0.881 0.464 0.975 0.633
129.720 7 0.883 0.461 0.978 0.633
129.760 7 0.884 0.458 0.981 0.633
128.560 8 0.791 0.225 0.848 0.328
128.600 8 0.791 0.225 0.848 0.328
128.640 8 0.791 0.225 0.848 0.328
128.680 8 0.789 0.222 0.848 0.325
128.720 8 0.792 0.222 0.850 0.328
128.760 8 0.791 0.225 0.848 0.328
128.800 8 0.791 0.225 0.848 0.328
128.840 8 0.789 0.225 0.847 0.328
128.880 8 0.791 0.225 0.848 0.328
128.920 8 0.789 0.228 0.845 0.328
128.960 8 0.789 0.228 0.845 0.328
129.000 8 0.789 0.228 0.845 0.328
129.040 8 0.789 0.228 0.845 0.328
129.080 8 0.787 0.225 0.844 0.325
129.120 8 0.787 0.225 0.844 0.325
129.160 8 0.787 0.228 0.841 0.322
129.200 8 0.787 0.228 0.842 0.322
129.240 8 0.787 0.228 0.842 0.325
129.280 8 0.787 0.228 0.844 0.325
129.320 8 0.789 0.231 0.844 0.328
129.360 8 0.789 0.231 0.844 0.328
129.400 8 0.789 0.231 0.845 0.328
129.440 8 0.791 0.231 0.845 0.328
129.480 8 0.792 0.231 0.848 0.331
129.520 8 0.794 0.231 0.850 0.328
129.560 8 0.795 0.231 0.852 0.328
129.600 8 0.797 0.231 0.852 0.328
129.640 8 0.798 0.228 0.853 0.325
129.680 8 0.798 0.228 0.855 0.328
129.720 8 0.798 0.228 0.855 0.325
129.760 8 0.802 0.225 0.858 0.325
