8.320 0 0.492 0.214 0.561 0.336
8.360 0 0.489 0.197 0.559 0.319
8.400 0 0.484 0.183 0.555 0.308
8.440 0 0.484 0.175 0.555 0.300
8.480 0 0.486 0.169 0.555 0.294
8.520 0 0.486 0.172 0.555 0.294
8.560 0 0.492 0.175 0.559 0.294
8.600 0 0.494 0.186 0.561 0.308
8.640 0 0.495 0.200 0.564 0.322
8.680 0 0.495 0.211 0.566 0.336
8.720 0 0.494 0.222 0.562 0.344
8.760 0 0.489 0.225 0.558 0.350
8.800 0 0.481 0.222 0.548 0.342
8.840 0 0.472 0.214 0.539 0.333
8.880 0 0.473 0.211 0.539 0.331
8.920 0 0.477 0.203 0.544 0.325
8.960 0 0.481 0.197 0.550 0.322
9.000 0 0.483 0.206 0.550 0.325
9.040 0 0.483 0.208 0.552 0.331
9.080 0 0.480 0.211 0.550 0.336
9.120 0 0.480 0.219 0.548 0.339
9.160 0 0.489 0.228 0.558 0.350
9.200 0 0.497 0.244 0.566 0.364
9.240 0 0.498 0.256 0.567 0.378
9.280 0 0.503 0.253 0.570 0.372
9.320 0 0.506 0.239 0.577 0.361
9.360 0 0.512 0.231 0.583 0.356
9.400 0 0.520 0.219 0.591 0.344
9.440 0 0.527 0.217 0.597 0.339
9.480 0 0.534 0.222 0.603 0.344
9.520 0 0.542 0.225 0.609 0.344
9.560 0 0.548 0.222 0.617 0.347
9.600 0 0.553 0.228 0.622 0.350
9.640 0 0.556 0.222 0.625 0.344
9.680 0 0.562 0.217 0.631 0.339
9.720 0 0.561 0.219 0.630 0.339
9.760 0 0.559 0.222 0.627 0.342
9.800 0 0.558 0.219 0.625 0.339
9.840 0 0.553 0.222 0.619 0.342
9.880 0 0.545 0.222 0.613 0.342
9.920 0 0.537 0.222 0.605 0.342
9.960 0 0.533 0.219 0.600 0.339
10.000 0 0.528 0.219 0.595 0.339
10.040 0 0.527 0.211 0.595 0.333
10.080 0 0.528 0.203 0.595 0.322
10.120 0 0.528 0.194 0.597 0.317
10.160 0 0.528 0.189 0.595 0.311
10.200 0 0.527 0.183 0.595 0.306
10.240 0 0.523 0.183 0.592 0.306
10.280 0 0.527 0.186 0.595 0.308
10.320 0 0.528 0.183 0.597 0.308
10.360 0 0.531 0.194 0.600 0.317
10.400 0 0.530 0.208 0.600 0.333
10.440 0 0.530 0.211 0.600 0.336
10.480 0 0.533 0.211 0.602 0.333
10.520 0 0.536 0.211 0.605 0.333
10.560 0 0.530 0.211 0.600 0.333
10.600 0 0.525 0.206 0.594 0.331
10.640 0 0.520 0.200 0.591 0.322
10.680 0 0.516 0.189 0.586 0.317
10.720 0 0.506 0.178 0.578 0.303
10.760 0 0.498 0.175 0.572 0.303
10.800 0 0.491 0.175 0.564 0.306
10.840 0 0.484 0.178 0.559 0.311
10.880 0 0.477 0.181 0.552 0.314
10.920 0 0.466 0.178 0.542 0.317
10.960 0 0.455 0.175 0.531 0.311
11.000 0 0.441 0.164 0.519 0.303
11.040 0 0.430 0.153 0.508 0.292
11.080 0 0.419 0.144 0.497 0.283
11.120 0 0.408 0.139 0.487 0.281
11.160 0 0.395 0.136 0.473 0.278
11.200 0 0.383 0.136 0.463 0.278
11.240 0 0.367 0.133 0.445 0.275
11.280 0 0.352 0.139 0.431 0.281
11.320 0 0.333 0.144 0.412 0.289
11.360 0 0.312 0.150 0.395 0.294
11.400 0 0.295 0.147 0.378 0.294
32.600 1 0.419 0.200 0.577 0.481
32.640 1 0.412 0.197 0.569 0.478
32.680 1 0.417 0.200 0.572 0.478
32.720 1 0.414 0.197 0.570 0.478
32.760 1 0.419 0.194 0.575 0.478
32.800 1 0.414 0.192 0.573 0.478
32.840 1 0.419 0.192 0.580 0.481
32.880 1 0.416 0.189 0.578 0.478
32.920 1 0.420 0.186 0.584 0.481
32.960 1 0.416 0.183 0.581 0.483
33.000 1 0.420 0.183 0.588 0.483
33.040 1 0.427 0.186 0.591 0.481
33.080 1 0.420 0.178 0.591 0.486
33.120 1 0.425 0.181 0.594 0.483
33.160 1 0.417 0.181 0.586 0.483
33.200 1 0.423 0.183 0.591 0.486
33.240 1 0.416 0.172 0.592 0.492
33.280 1 0.411 0.169 0.592 0.494
33.320 1 0.400 0.158 0.591 0.500
33.360 1 0.395 0.161 0.588 0.503
33.400 1 0.391 0.161 0.583 0.506
33.440 1 0.386 0.161 0.578 0.508
33.480 1 0.380 0.161 0.575 0.514
33.520 1 0.381 0.164 0.575 0.514
33.560 1 0.369 0.161 0.566 0.517
33.600 1 0.370 0.167 0.567 0.519
33.640 1 0.358 0.161 0.558 0.519
33.680 1 0.359 0.167 0.559 0.528
33.720 1 0.347 0.175 0.548 0.536
33.760 1 0.348 0.181 0.548 0.539
33.800 1 0.342 0.192 0.542 0.550
33.840 1 0.331 0.211 0.530 0.569
33.880 1 0.323 0.222 0.523 0.581
36.400 2 0.333 0.203 0.530 0.553
36.440 2 0.327 0.208 0.523 0.558
36.480 2 0.330 0.214 0.528 0.567
36.520 2 0.325 0.222 0.523 0.575
36.560 2 0.336 0.231 0.533 0.581
36.600 2 0.331 0.239 0.528 0.586
36.640 2 0.347 0.239 0.545 0.592
36.680 2 0.352 0.258 0.539 0.592
36.720 2 0.361 0.242 0.561 0.600
36.760 2 0.372 0.247 0.572 0.603
36.800 2 0.388 0.250 0.588 0.606
36.840 2 0.398 0.256 0.597 0.608
36.880 2 0.416 0.261 0.613 0.611
36.920 2 0.434 0.267 0.631 0.614
36.960 2 0.444 0.256 0.645 0.617
37.000 2 0.459 0.261 0.661 0.619
37.040 2 0.470 0.267 0.666 0.614
37.080 2 0.478 0.264 0.675 0.614
37.120 2 0.487 0.269 0.680 0.611
37.160 2 0.489 0.267 0.678 0.606
37.200 2 0.494 0.264 0.681 0.600
37.240 2 0.495 0.264 0.683 0.594
37.280 2 0.502 0.258 0.688 0.589
37.320 2 0.502 0.250 0.689 0.586
37.360 2 0.502 0.247 0.691 0.583
37.400 2 0.509 0.250 0.697 0.583
37.440 2 0.514 0.250 0.700 0.583
37.480 2 0.520 0.253 0.706 0.586
37.520 2 0.527 0.256 0.714 0.589
37.560 2 0.534 0.256 0.723 0.589
37.600 2 0.544 0.256 0.731 0.589
37.640 2 0.553 0.247 0.742 0.583
37.680 2 0.564 0.247 0.753 0.583
37.720 2 0.577 0.253 0.766 0.589
37.760 2 0.581 0.253 0.772 0.592
37.800 2 0.592 0.258 0.783 0.597
37.840 2 0.603 0.256 0.797 0.600
37.880 2 0.619 0.256 0.812 0.600
37.920 2 0.633 0.261 0.828 0.606
37.960 2 0.648 0.261 0.844 0.611
38.000 2 0.661 0.261 0.863 0.619
38.040 2 0.678 0.261 0.884 0.628
38.080 2 0.695 0.258 0.909 0.639
38.120 2 0.716 0.253 0.942 0.653
38.160 2 0.747 0.256 0.975 0.661
38.200 2 0.778 0.247 1.009 0.658
38.240 2 0.819 0.244 1.047 0.650
40.800 3 0.308 0.222 0.548 0.656
40.840 3 0.302 0.222 0.544 0.656
40.880 3 0.309 0.222 0.550 0.653
40.920 3 0.308 0.219 0.550 0.656
40.960 3 0.300 0.211 0.550 0.658
41.000 3 0.311 0.219 0.552 0.650
41.040 3 0.320 0.217 0.558 0.642
41.080 3 0.320 0.214 0.558 0.642
41.120 3 0.317 0.217 0.555 0.639
41.160 3 0.319 0.217 0.559 0.644
41.200 3 0.316 0.211 0.558 0.644
41.240 3 0.314 0.208 0.558 0.642
41.280 3 0.312 0.206 0.553 0.639
41.320 3 0.316 0.203 0.558 0.639
41.360 3 0.309 0.200 0.553 0.636
41.400 3 0.309 0.197 0.556 0.639
41.440 3 0.312 0.200 0.558 0.639
41.480 3 0.305 0.200 0.550 0.639
41.520 3 0.309 0.203 0.555 0.642
41.560 3 0.303 0.208 0.547 0.644
41.600 3 0.306 0.211 0.550 0.644
41.640 3 0.305 0.217 0.545 0.644
41.680 3 0.311 0.219 0.550 0.647
41.720 3 0.305 0.217 0.545 0.650
41.760 3 0.309 0.219 0.550 0.650
41.800 3 0.302 0.219 0.544 0.653
41.840 3 0.306 0.222 0.550 0.658
41.880 3 0.300 0.222 0.542 0.658
41.920 3 0.306 0.225 0.547 0.656
41.960 3 0.302 0.222 0.545 0.658
42.000 3 0.311 0.219 0.552 0.650
42.040 3 0.308 0.211 0.556 0.656
42.080 3 0.306 0.208 0.556 0.656
42.120 3 0.305 0.208 0.555 0.653
42.160 3 0.305 0.203 0.555 0.650
42.200 3 0.303 0.197 0.553 0.644
42.240 3 0.303 0.192 0.553 0.639
42.280 3 0.302 0.186 0.552 0.636
42.320 3 0.298 0.183 0.552 0.636
42.360 3 0.295 0.186 0.545 0.633
42.400 3 0.300 0.186 0.552 0.636
42.440 3 0.297 0.194 0.542 0.633
42.480 3 0.306 0.203 0.545 0.633
42.520 3 0.298 0.208 0.536 0.633
42.560 3 0.303 0.211 0.547 0.644
42.600 3 0.303 0.219 0.547 0.656
42.640 3 0.300 0.228 0.544 0.664
42.680 3 0.305 0.239 0.547 0.675
42.720 3 0.306 0.250 0.548 0.681
42.760 3 0.309 0.256 0.548 0.683
42.800 3 0.311 0.261 0.548 0.689
42.840 3 0.312 0.267 0.548 0.689
42.880 3 0.316 0.275 0.547 0.692
42.920 3 0.309 0.269 0.545 0.692
42.960 3 0.316 0.272 0.552 0.694
43.000 3 0.311 0.267 0.552 0.697
43.040 3 0.312 0.256 0.548 0.678
43.080 3 0.308 0.258 0.541 0.675
43.120 3 0.314 0.264 0.545 0.675
43.160 3 0.309 0.261 0.542 0.678
43.200 3 0.306 0.256 0.545 0.686
43.240 3 0.312 0.256 0.552 0.683
43.280 3 0.308 0.253 0.547 0.681
43.320 3 0.311 0.242 0.553 0.672
43.360 3 0.312 0.231 0.558 0.669
43.400 3 0.317 0.225 0.562 0.661
43.440 3 0.320 0.208 0.566 0.647
43.480 3 0.322 0.197 0.570 0.642
43.520 3 0.323 0.189 0.570 0.633
43.560 3 0.323 0.189 0.572 0.631
43.600 3 0.322 0.189 0.569 0.631
43.640 3 0.317 0.192 0.567 0.636
43.680 3 0.314 0.200 0.564 0.644
43.720 3 0.312 0.208 0.561 0.653
43.760 3 0.309 0.214 0.558 0.658
43.800 3 0.309 0.222 0.555 0.661
43.840 3 0.308 0.225 0.556 0.667
43.880 3 0.306 0.228 0.553 0.669
43.920 3 0.312 0.228 0.558 0.667
43.960 3 0.309 0.231 0.553 0.667
44.000 3 0.311 0.219 0.552 0.650
44.040 3 0.291 0.219 0.534 0.653
44.080 3 0.287 0.219 0.533 0.653
44.120 3 0.295 0.219 0.537 0.653
44.160 3 0.289 0.219 0.533 0.653
44.200 3 0.295 0.219 0.541 0.653
44.240 3 0.292 0.219 0.534 0.653
44.280 3 0.298 0.219 0.542 0.653
44.320 3 0.295 0.219 0.539 0.653
44.360 3 0.295 0.214 0.542 0.653
44.400 3 0.292 0.214 0.541 0.656
44.440 3 0.291 0.214 0.541 0.658
44.480 3 0.292 0.214 0.539 0.653
44.520 3 0.291 0.211 0.537 0.650
44.560 3 0.295 0.211 0.542 0.650
44.600 3 0.291 0.206 0.539 0.647
44.640 3 0.294 0.208 0.541 0.647
44.680 3 0.295 0.206 0.544 0.644
44.720 3 0.298 0.200 0.547 0.639
44.760 3 0.311 0.192 0.556 0.628
44.800 3 0.320 0.186 0.564 0.622
44.840 3 0.328 0.178 0.570 0.611
44.880 3 0.344 0.181 0.583 0.603
44.920 3 0.342 0.175 0.584 0.603
44.960 3 0.352 0.167 0.595 0.600
45.000 3 0.338 0.172 0.580 0.600
45.040 3 0.341 0.167 0.589 0.606
45.080 3 0.344 0.169 0.588 0.600
45.120 3 0.347 0.172 0.591 0.603
45.160 3 0.350 0.175 0.592 0.603
45.200 3 0.352 0.175 0.594 0.606
45.240 3 0.352 0.178 0.594 0.606
45.280 3 0.353 0.181 0.595 0.606
45.320 3 0.353 0.181 0.595 0.608
45.360 3 0.353 0.178 0.595 0.608
45.400 3 0.355 0.178 0.598 0.608
45.440 3 0.348 0.178 0.592 0.606
45.480 3 0.359 0.186 0.592 0.597
45.520 3 0.353 0.181 0.592 0.600
45.560 3 0.348 0.175 0.589 0.600
45.600 3 0.356 0.181 0.595 0.603
45.640 3 0.353 0.178 0.594 0.603
45.680 3 0.353 0.175 0.597 0.606
45.720 3 0.353 0.172 0.598 0.606
45.760 3 0.356 0.175 0.598 0.603
45.800 3 0.356 0.172 0.602 0.606
45.840 3 0.358 0.175 0.600 0.603
45.880 3 0.361 0.172 0.606 0.606
45.920 3 0.353 0.167 0.605 0.611
45.960 3 0.366 0.175 0.609 0.606
46.000 3 0.364 0.172 0.606 0.600
46.040 3 0.378 0.197 0.627 0.633
46.080 3 0.375 0.194 0.622 0.631
46.120 3 0.381 0.192 0.631 0.633
46.160 3 0.373 0.186 0.625 0.633
46.200 3 0.375 0.183 0.630 0.636
46.240 3 0.367 0.183 0.620 0.631
46.280 3 0.359 0.181 0.608 0.622
46.320 3 0.352 0.175 0.602 0.617
46.360 3 0.344 0.169 0.595 0.617
46.400 3 0.341 0.169 0.591 0.614
46.440 3 0.331 0.172 0.584 0.622
46.480 3 0.333 0.181 0.588 0.631
46.520 3 0.327 0.186 0.580 0.633
46.560 3 0.331 0.186 0.584 0.633
46.600 3 0.330 0.178 0.580 0.622
46.640 3 0.328 0.169 0.578 0.614
46.680 3 0.327 0.167 0.577 0.608
46.720 3 0.327 0.169 0.573 0.608
46.760 3 0.325 0.175 0.573 0.614
46.800 3 0.328 0.181 0.577 0.619
46.840 3 0.323 0.183 0.569 0.619
46.880 3 0.328 0.183 0.575 0.619
46.920 3 0.322 0.186 0.567 0.617
46.960 3 0.327 0.186 0.573 0.622
47.000 3 0.338 0.219 0.580 0.650
47.040 3 0.323 0.203 0.564 0.631
47.080 3 0.325 0.203 0.567 0.633
47.120 3 0.325 0.206 0.567 0.636
47.160 3 0.325 0.206 0.567 0.636
47.200 3 0.323 0.206 0.566 0.639
47.240 3 0.319 0.208 0.559 0.636
47.280 3 0.328 0.211 0.567 0.636
47.320 3 0.320 0.206 0.561 0.633
47.360 3 0.322 0.206 0.564 0.636
47.400 3 0.319 0.206 0.559 0.633
47.440 3 0.325 0.206 0.566 0.636
47.480 3 0.319 0.208 0.558 0.633
47.520 3 0.327 0.214 0.566 0.639
47.560 3 0.323 0.214 0.564 0.642
47.600 3 0.331 0.217 0.570 0.642
47.640 3 0.328 0.219 0.567 0.644
47.680 3 0.331 0.222 0.572 0.650
47.720 3 0.333 0.228 0.573 0.653
47.760 3 0.334 0.231 0.575 0.658
47.800 3 0.338 0.236 0.577 0.661
47.840 3 0.339 0.239 0.578 0.664
47.880 3 0.339 0.242 0.580 0.669
47.920 3 0.341 0.242 0.583 0.669
47.960 3 0.342 0.244 0.581 0.669
48.000 3 0.338 0.219 0.580 0.650
48.040 3 0.345 0.217 0.589 0.650
48.080 3 0.344 0.217 0.584 0.644
48.120 3 0.352 0.217 0.592 0.644
48.160 3 0.350 0.214 0.589 0.639
48.200 3 0.355 0.211 0.598 0.642
48.240 3 0.356 0.211 0.597 0.639
48.280 3 0.364 0.211 0.605 0.639
48.320 3 0.366 0.217 0.600 0.633
48.360 3 0.366 0.214 0.603 0.636
48.400 3 0.369 0.217 0.605 0.636
48.440 3 0.367 0.214 0.606 0.642
48.480 3 0.361 0.214 0.602 0.642
48.520 3 0.366 0.214 0.606 0.644
48.560 3 0.359 0.214 0.602 0.647
48.600 3 0.370 0.217 0.613 0.647
48.640 3 0.367 0.214 0.611 0.647
48.680 3 0.375 0.211 0.619 0.644
48.720 3 0.372 0.206 0.614 0.639
48.760 3 0.380 0.197 0.623 0.631
48.800 3 0.375 0.192 0.619 0.622
48.840 3 0.380 0.181 0.625 0.614
49.680 3 0.309 0.153 0.581 0.633
49.720 3 0.303 0.172 0.569 0.644
49.760 3 0.294 0.192 0.550 0.647
49.800 3 0.283 0.203 0.533 0.647
49.840 3 0.286 0.214 0.531 0.650
49.880 3 0.277 0.217 0.523 0.656
49.920 3 0.278 0.219 0.523 0.653
49.960 3 0.273 0.217 0.519 0.653
50.000 3 0.283 0.219 0.525 0.650
50.040 3 0.294 0.219 0.536 0.650
50.080 3 0.291 0.217 0.536 0.656
50.120 3 0.294 0.217 0.539 0.656
50.160 3 0.297 0.217 0.542 0.650
50.200 3 0.298 0.214 0.545 0.653
50.240 3 0.303 0.211 0.550 0.653
50.280 3 0.300 0.214 0.547 0.653
50.320 3 0.306 0.214 0.555 0.658
50.360 3 0.302 0.211 0.553 0.658
50.400 3 0.309 0.214 0.561 0.661
50.440 3 0.308 0.214 0.559 0.661
50.480 3 0.311 0.211 0.566 0.661
50.520 3 0.311 0.214 0.562 0.661
50.560 3 0.312 0.214 0.562 0.658
50.600 3 0.314 0.214 0.562 0.658
50.640 3 0.314 0.214 0.566 0.661
50.680 3 0.314 0.214 0.566 0.664
50.720 3 0.317 0.217 0.566 0.658
50.760 3 0.317 0.214 0.567 0.658
50.800 3 0.322 0.217 0.567 0.653
50.840 3 0.323 0.214 0.570 0.653
50.880 3 0.325 0.214 0.572 0.650
50.920 3 0.325 0.214 0.570 0.650
50.960 3 0.330 0.214 0.575 0.653
51.000 3 0.338 0.219 0.580 0.650
51.040 3 0.334 0.186 0.583 0.628
51.080 3 0.336 0.183 0.588 0.631
51.120 3 0.341 0.186 0.589 0.625
51.160 3 0.345 0.186 0.595 0.628
51.200 3 0.342 0.186 0.592 0.628
51.240 3 0.350 0.186 0.600 0.628
51.280 3 0.348 0.186 0.598 0.628
51.320 3 0.348 0.186 0.600 0.631
51.360 3 0.348 0.183 0.602 0.631
51.400 3 0.347 0.183 0.600 0.631
51.440 3 0.355 0.183 0.608 0.631
51.480 3 0.350 0.183 0.602 0.628
51.520 3 0.358 0.183 0.609 0.631
51.560 3 0.358 0.183 0.608 0.628
51.600 3 0.361 0.186 0.611 0.628
51.640 3 0.366 0.183 0.617 0.631
51.680 3 0.367 0.186 0.619 0.631
51.720 3 0.373 0.186 0.622 0.631
51.760 3 0.377 0.189 0.625 0.628
51.800 3 0.383 0.192 0.628 0.628
51.840 3 0.386 0.197 0.631 0.631
51.880 3 0.389 0.200 0.633 0.631
51.920 3 0.391 0.203 0.633 0.633
51.960 3 0.392 0.203 0.634 0.633
52.000 3 0.391 0.172 0.633 0.600
52.040 3 0.394 0.181 0.634 0.606
52.080 3 0.394 0.181 0.633 0.603
52.120 3 0.394 0.181 0.633 0.603
52.160 3 0.392 0.181 0.631 0.600
52.200 3 0.392 0.178 0.631 0.600
52.240 3 0.392 0.178 0.630 0.597
52.280 3 0.392 0.175 0.633 0.603
52.320 3 0.386 0.178 0.623 0.597
52.360 3 0.386 0.175 0.627 0.603
52.400 3 0.384 0.178 0.625 0.603
52.440 3 0.383 0.178 0.623 0.603
52.480 3 0.383 0.178 0.625 0.606
52.520 3 0.375 0.178 0.617 0.603
52.560 3 0.377 0.178 0.617 0.603
52.600 3 0.373 0.178 0.616 0.603
52.640 3 0.372 0.175 0.614 0.600
52.680 3 0.370 0.172 0.613 0.600
52.720 3 0.369 0.172 0.611 0.597
52.760 3 0.367 0.169 0.608 0.597
52.800 3 0.366 0.169 0.608 0.597
52.840 3 0.364 0.169 0.606 0.597
52.880 3 0.362 0.167 0.605 0.594
52.920 3 0.362 0.167 0.605 0.594
52.960 3 0.362 0.164 0.605 0.592
53.000 3 0.364 0.172 0.606 0.600
53.040 3 0.359 0.169 0.606 0.608
53.080 3 0.356 0.169 0.603 0.606
53.120 3 0.361 0.167 0.613 0.611
53.160 3 0.355 0.164 0.605 0.606
53.200 3 0.359 0.164 0.609 0.606
53.240 3 0.355 0.161 0.605 0.606
53.280 3 0.359 0.167 0.609 0.606
53.320 3 0.358 0.161 0.608 0.606
53.360 3 0.359 0.169 0.605 0.603
53.400 3 0.367 0.172 0.609 0.597
53.440 3 0.364 0.172 0.603 0.594
53.480 3 0.370 0.172 0.609 0.594
53.520 3 0.366 0.169 0.606 0.594
53.560 3 0.372 0.169 0.613 0.594
53.600 3 0.367 0.167 0.608 0.592
53.640 3 0.373 0.167 0.616 0.592
53.680 3 0.369 0.167 0.611 0.592
53.720 3 0.372 0.164 0.614 0.594
53.760 3 0.370 0.164 0.616 0.594
53.800 3 0.369 0.164 0.613 0.594
53.840 3 0.367 0.167 0.609 0.594
53.880 3 0.361 0.167 0.602 0.594
53.920 3 0.352 0.169 0.591 0.592
53.960 3 0.342 0.169 0.586 0.597
54.000 3 0.338 0.172 0.580 0.600
54.040 3 0.328 0.178 0.578 0.622
54.080 3 0.333 0.183 0.580 0.622
54.120 3 0.327 0.186 0.572 0.622
54.160 3 0.333 0.186 0.577 0.619
54.200 3 0.331 0.189 0.570 0.614
54.240 3 0.333 0.192 0.572 0.617
54.280 3 0.334 0.192 0.573 0.617
54.320 3 0.336 0.194 0.573 0.617
54.360 3 0.338 0.192 0.577 0.617
54.400 3 0.339 0.192 0.578 0.617
54.440 3 0.341 0.192 0.584 0.622
54.480 3 0.334 0.189 0.575 0.617
54.520 3 0.339 0.189 0.581 0.619
54.560 3 0.344 0.189 0.586 0.619
54.600 3 0.341 0.189 0.583 0.617
54.640 3 0.342 0.192 0.584 0.619
54.680 3 0.344 0.194 0.584 0.619
54.720 3 0.344 0.192 0.584 0.622
54.760 3 0.344 0.194 0.583 0.619
54.800 3 0.344 0.197 0.583 0.622
54.840 3 0.344 0.200 0.583 0.625
54.880 3 0.341 0.203 0.581 0.628
54.920 3 0.341 0.203 0.580 0.631
54.960 3 0.339 0.206 0.580 0.633
55.000 3 0.338 0.219 0.580 0.650
55.040 3 0.342 0.222 0.586 0.658
55.080 3 0.342 0.225 0.588 0.661
55.120 3 0.342 0.228 0.588 0.661
55.160 3 0.342 0.228 0.588 0.664
55.200 3 0.344 0.228 0.589 0.664
55.240 3 0.344 0.231 0.589 0.667
55.280 3 0.345 0.231 0.591 0.667
55.320 3 0.347 0.231 0.592 0.669
55.360 3 0.344 0.231 0.589 0.667
55.400 3 0.347 0.231 0.592 0.669
55.440 3 0.347 0.231 0.594 0.667
55.480 3 0.348 0.228 0.595 0.667
55.520 3 0.352 0.228 0.595 0.664
55.560 3 0.352 0.225 0.598 0.661
55.600 3 0.350 0.225 0.595 0.661
55.640 3 0.356 0.225 0.602 0.658
55.680 3 0.353 0.222 0.595 0.656
55.720 3 0.359 0.222 0.602 0.653
55.760 3 0.355 0.219 0.597 0.650
55.800 3 0.361 0.219 0.603 0.650
55.840 3 0.358 0.219 0.598 0.647
55.880 3 0.359 0.217 0.602 0.647
55.920 3 0.359 0.217 0.602 0.647
55.960 3 0.356 0.217 0.598 0.647
56.000 3 0.364 0.219 0.606 0.650
56.040 3 0.352 0.197 0.597 0.633
56.080 3 0.352 0.197 0.597 0.633
56.120 3 0.352 0.197 0.597 0.631
56.160 3 0.352 0.194 0.597 0.631
56.200 3 0.352 0.194 0.597 0.631
56.240 3 0.352 0.194 0.595 0.631
56.280 3 0.350 0.194 0.595 0.628
56.320 3 0.348 0.194 0.591 0.625
56.360 3 0.352 0.194 0.594 0.622
56.400 3 0.353 0.194 0.594 0.619
56.440 3 0.353 0.192 0.594 0.619
56.480 3 0.355 0.192 0.594 0.617
56.520 3 0.358 0.192 0.595 0.614
56.560 3 0.359 0.192 0.598 0.617
56.600 3 0.361 0.192 0.602 0.617
56.640 3 0.366 0.192 0.603 0.614
56.680 3 0.369 0.194 0.606 0.614
56.720 3 0.373 0.192 0.613 0.614
56.760 3 0.367 0.183 0.613 0.619
56.800 3 0.373 0.186 0.620 0.625
56.840 3 0.370 0.186 0.616 0.622
56.880 3 0.380 0.192 0.623 0.622
56.920 3 0.372 0.189 0.617 0.622
56.960 3 0.378 0.189 0.622 0.622
57.000 3 0.364 0.172 0.606 0.600
57.040 3 0.356 0.172 0.609 0.622
57.080 3 0.352 0.178 0.600 0.622
57.120 3 0.341 0.175 0.594 0.622
57.160 3 0.334 0.178 0.584 0.622
57.200 3 0.325 0.183 0.575 0.628
57.240 3 0.319 0.194 0.567 0.636
57.280 3 0.311 0.203 0.558 0.642
57.320 3 0.305 0.211 0.553 0.653
57.360 3 0.303 0.222 0.550 0.661
57.400 3 0.300 0.233 0.545 0.669
57.440 3 0.306 0.239 0.548 0.672
57.480 3 0.302 0.242 0.542 0.669
57.520 3 0.306 0.244 0.545 0.667
57.560 3 0.302 0.239 0.541 0.664
57.600 3 0.306 0.236 0.545 0.661
57.640 3 0.302 0.233 0.542 0.661
57.680 3 0.308 0.231 0.548 0.658
57.720 3 0.300 0.225 0.545 0.661
57.760 3 0.303 0.225 0.550 0.661
57.800 3 0.302 0.222 0.547 0.658
57.840 3 0.305 0.219 0.550 0.656
57.880 3 0.300 0.217 0.545 0.653
57.920 3 0.308 0.217 0.550 0.647
57.960 3 0.303 0.211 0.548 0.644
58.000 3 0.311 0.219 0.552 0.650
58.040 3 0.316 0.219 0.558 0.650
58.080 3 0.319 0.217 0.562 0.647
58.120 3 0.320 0.214 0.566 0.647
58.160 3 0.333 0.208 0.577 0.642
58.200 3 0.331 0.206 0.577 0.642
58.240 3 0.341 0.206 0.583 0.639
58.280 3 0.338 0.200 0.583 0.636
58.320 3 0.347 0.203 0.591 0.636
58.360 3 0.342 0.197 0.589 0.636
58.400 3 0.353 0.203 0.595 0.633
58.440 3 0.352 0.200 0.594 0.633
58.480 3 0.355 0.203 0.595 0.631
58.520 3 0.355 0.203 0.595 0.631
58.560 3 0.358 0.203 0.597 0.628
58.600 3 0.358 0.203 0.597 0.628
58.640 3 0.359 0.200 0.598 0.625
58.680 3 0.361 0.197 0.600 0.622
58.720 3 0.361 0.194 0.602 0.622
58.760 3 0.362 0.189 0.603 0.617
58.800 3 0.366 0.186 0.603 0.608
58.840 3 0.364 0.178 0.606 0.608
58.880 3 0.364 0.175 0.605 0.603
58.920 3 0.366 0.169 0.608 0.600
58.960 3 0.359 0.164 0.605 0.600
59.000 3 0.364 0.172 0.606 0.600
59.040 3 0.362 0.161 0.603 0.586
59.080 3 0.364 0.161 0.603 0.586
59.120 3 0.366 0.167 0.603 0.586
59.160 3 0.366 0.161 0.606 0.589
59.200 3 0.361 0.164 0.600 0.586
59.240 3 0.366 0.167 0.606 0.589
59.280 3 0.359 0.161 0.605 0.594
59.320 3 0.364 0.169 0.606 0.597
59.360 3 0.364 0.172 0.606 0.597
59.400 3 0.364 0.172 0.606 0.600
59.440 3 0.366 0.172 0.609 0.603
59.480 3 0.361 0.178 0.603 0.603
59.520 3 0.367 0.178 0.609 0.606
59.560 3 0.361 0.172 0.606 0.606
59.600 3 0.364 0.178 0.608 0.608
59.640 3 0.366 0.181 0.608 0.608
59.680 3 0.366 0.181 0.608 0.608
59.720 3 0.366 0.183 0.608 0.611
59.760 3 0.366 0.183 0.608 0.611
59.800 3 0.366 0.183 0.608 0.611
59.840 3 0.366 0.183 0.608 0.611
59.880 3 0.366 0.183 0.609 0.611
59.920 3 0.361 0.181 0.608 0.617
59.960 3 0.369 0.181 0.613 0.614
60.000 3 0.364 0.172 0.606 0.600
60.040 3 0.362 0.181 0.595 0.592
60.080 3 0.375 0.181 0.606 0.589
60.120 3 0.362 0.178 0.592 0.586
60.160 3 0.370 0.178 0.605 0.592
60.200 3 0.356 0.178 0.594 0.597
60.240 3 0.353 0.172 0.594 0.594
60.280 4 0.334 0.172 0.602 0.647
60.320 4 0.330 0.164 0.598 0.642
60.360 4 0.317 0.161 0.581 0.631
60.400 4 0.327 0.161 0.588 0.625
60.440 4 0.314 0.156 0.573 0.619
60.480 4 0.320 0.150 0.580 0.611
60.520 4 0.320 0.150 0.578 0.608
60.560 4 0.336 0.158 0.584 0.603
60.600 4 0.342 0.164 0.589 0.603
60.640 4 0.347 0.175 0.589 0.606
60.680 4 0.348 0.181 0.592 0.614
60.720 4 0.352 0.192 0.592 0.619
60.760 4 0.353 0.197 0.595 0.628
60.800 4 0.356 0.206 0.595 0.633
60.840 4 0.358 0.208 0.598 0.636
60.880 4 0.359 0.211 0.600 0.642
60.920 4 0.361 0.214 0.603 0.644
60.960 4 0.362 0.219 0.605 0.647
61.000 4 0.364 0.219 0.606 0.650
61.040 4 0.373 0.214 0.620 0.653
61.080 4 0.375 0.217 0.620 0.653
61.120 4 0.377 0.219 0.620 0.653
61.160 4 0.378 0.222 0.620 0.653
61.200 4 0.378 0.222 0.620 0.653
61.240 4 0.375 0.222 0.617 0.656
61.280 4 0.381 0.228 0.622 0.656
61.320 4 0.375 0.231 0.616 0.656
61.360 4 0.380 0.231 0.620 0.658
61.400 4 0.375 0.233 0.614 0.658
61.440 4 0.380 0.233 0.619 0.658
61.480 4 0.373 0.233 0.613 0.658
61.520 4 0.377 0.233 0.616 0.658
61.560 4 0.377 0.233 0.616 0.661
61.600 4 0.378 0.233 0.619 0.661
61.640 4 0.377 0.233 0.616 0.661
61.680 4 0.375 0.233 0.616 0.661
61.720 4 0.378 0.233 0.619 0.661
61.760 4 0.373 0.233 0.614 0.661
61.800 4 0.375 0.233 0.619 0.664
61.840 4 0.373 0.228 0.619 0.664
61.880 4 0.375 0.228 0.619 0.661
61.920 4 0.375 0.225 0.622 0.664
61.960 4 0.377 0.225 0.622 0.661
62.000 4 0.391 0.219 0.633 0.650
62.040 4 0.392 0.208 0.634 0.639
62.080 4 0.394 0.206 0.634 0.631
62.120 4 0.394 0.197 0.634 0.625
62.160 4 0.392 0.192 0.633 0.619
62.200 4 0.392 0.186 0.631 0.611
62.240 4 0.391 0.181 0.630 0.603
62.280 4 0.391 0.175 0.630 0.597
62.320 4 0.392 0.169 0.630 0.592
62.360 4 0.391 0.161 0.631 0.592
62.400 4 0.392 0.161 0.631 0.586
62.440 4 0.391 0.156 0.633 0.586
62.480 4 0.391 0.158 0.631 0.586
62.520 4 0.392 0.161 0.633 0.589
62.560 4 0.394 0.167 0.634 0.594
62.600 4 0.394 0.175 0.636 0.603
62.640 4 0.395 0.183 0.636 0.611
62.680 4 0.395 0.189 0.637 0.619
62.720 4 0.397 0.197 0.639 0.628
62.760 4 0.397 0.206 0.641 0.636
62.800 4 0.395 0.208 0.641 0.644
62.840 4 0.397 0.217 0.637 0.644
62.880 4 0.397 0.222 0.634 0.644
62.920 4 0.392 0.219 0.636 0.653
62.960 4 0.389 0.219 0.636 0.658
63.000 4 0.391 0.219 0.633 0.650
63.040 4 0.367 0.219 0.633 0.689
63.080 4 0.366 0.222 0.628 0.689
63.120 4 0.366 0.222 0.628 0.689
63.160 4 0.364 0.219 0.627 0.686
63.200 4 0.361 0.214 0.625 0.683
63.240 4 0.356 0.208 0.623 0.681
63.280 4 0.359 0.200 0.630 0.681
63.320 4 0.352 0.197 0.622 0.678
63.360 4 0.359 0.197 0.628 0.678
63.400 4 0.352 0.200 0.619 0.675
63.440 4 0.355 0.200 0.620 0.672
63.480 4 0.355 0.200 0.619 0.672
63.520 4 0.353 0.194 0.617 0.667
63.560 4 0.352 0.189 0.616 0.658
63.600 4 0.350 0.186 0.611 0.650
63.640 4 0.352 0.175 0.619 0.650
63.680 4 0.345 0.172 0.611 0.647
63.720 4 0.352 0.172 0.620 0.647
63.760 4 0.350 0.172 0.616 0.644
63.800 4 0.353 0.178 0.619 0.647
63.840 4 0.356 0.183 0.622 0.656
63.880 4 0.358 0.192 0.623 0.664
63.920 4 0.359 0.197 0.627 0.672
63.960 4 0.361 0.206 0.628 0.678
64.000 4 0.341 0.206 0.631 0.722
64.040 4 0.362 0.203 0.633 0.681
64.080 4 0.366 0.208 0.634 0.683
64.120 4 0.356 0.206 0.628 0.689
64.160 4 0.367 0.211 0.634 0.686
64.200 4 0.355 0.203 0.631 0.692
64.240 4 0.361 0.208 0.630 0.689
64.280 4 0.359 0.208 0.630 0.686
64.320 4 0.358 0.208 0.628 0.686
64.360 4 0.356 0.206 0.627 0.683
64.400 4 0.355 0.206 0.623 0.683
64.440 4 0.353 0.203 0.622 0.681
64.480 4 0.352 0.200 0.620 0.678
64.520 4 0.350 0.200 0.619 0.675
64.560 4 0.350 0.197 0.617 0.672
64.600 4 0.348 0.194 0.616 0.669
64.640 4 0.347 0.194 0.616 0.669
64.680 4 0.347 0.194 0.614 0.667
64.720 4 0.345 0.192 0.613 0.664
64.760 4 0.345 0.192 0.613 0.664
64.800 4 0.344 0.189 0.613 0.664
64.840 4 0.342 0.183 0.613 0.664
64.880 4 0.341 0.181 0.613 0.664
64.920 4 0.339 0.178 0.613 0.661
64.960 4 0.339 0.175 0.611 0.656
65.000 4 0.364 0.172 0.606 0.600
65.040 4 0.353 0.183 0.597 0.617
65.080 4 0.352 0.181 0.595 0.614
65.120 4 0.356 0.181 0.600 0.611
65.160 4 0.350 0.178 0.592 0.608
65.200 4 0.359 0.183 0.595 0.603
65.240 4 0.355 0.181 0.592 0.603
65.280 4 0.356 0.186 0.595 0.611
65.320 4 0.356 0.192 0.597 0.619
65.360 4 0.356 0.197 0.598 0.628
65.400 4 0.356 0.206 0.600 0.636
65.440 4 0.358 0.208 0.602 0.642
65.480 4 0.359 0.211 0.603 0.644
65.520 4 0.359 0.214 0.603 0.647
65.560 4 0.361 0.217 0.605 0.647
65.600 4 0.361 0.217 0.605 0.647
65.640 4 0.364 0.219 0.606 0.644
65.680 4 0.364 0.217 0.608 0.647
65.720 4 0.366 0.217 0.608 0.644
65.760 4 0.364 0.211 0.608 0.644
65.800 4 0.361 0.211 0.605 0.642
65.840 4 0.364 0.211 0.608 0.642
65.880 4 0.364 0.206 0.611 0.642
65.920 4 0.367 0.208 0.611 0.639
65.960 4 0.370 0.206 0.613 0.636
66.000 4 0.364 0.219 0.606 0.650
66.040 4 0.367 0.203 0.616 0.644
66.080 4 0.369 0.197 0.617 0.639
66.120 4 0.372 0.192 0.617 0.628
66.160 4 0.372 0.183 0.619 0.622
66.200 4 0.375 0.183 0.619 0.614
66.240 4 0.377 0.183 0.619 0.614
66.280 4 0.377 0.183 0.620 0.617
66.320 4 0.377 0.189 0.620 0.622
66.360 4 0.373 0.194 0.617 0.628
66.400 4 0.377 0.203 0.619 0.633
66.440 4 0.377 0.208 0.619 0.639
66.480 4 0.377 0.214 0.619 0.644
66.520 4 0.375 0.217 0.619 0.647
66.560 4 0.373 0.219 0.616 0.650
66.600 4 0.372 0.222 0.613 0.653
66.640 4 0.370 0.225 0.611 0.653
66.680 4 0.370 0.231 0.609 0.653
66.720 4 0.369 0.228 0.609 0.656
66.760 4 0.370 0.228 0.613 0.658
66.800 4 0.364 0.231 0.605 0.656
66.840 4 0.367 0.228 0.611 0.661
66.880 4 0.361 0.231 0.603 0.661
66.920 4 0.364 0.228 0.606 0.661
66.960 4 0.361 0.228 0.603 0.661
67.000 4 0.364 0.219 0.606 0.650
67.040 4 0.364 0.219 0.606 0.650
67.080 4 0.353 0.217 0.600 0.656
67.120 4 0.361 0.219 0.605 0.653
67.160 4 0.359 0.219 0.603 0.653
67.200 4 0.359 0.219 0.603 0.653
67.240 4 0.358 0.219 0.602 0.653
67.280 4 0.358 0.219 0.602 0.650
67.320 4 0.358 0.219 0.600 0.650
67.360 4 0.356 0.219 0.600 0.650
67.400 4 0.355 0.217 0.598 0.650
67.440 4 0.345 0.214 0.594 0.653
67.480 4 0.350 0.214 0.598 0.656
67.520 4 0.339 0.208 0.594 0.661
67.560 4 0.344 0.211 0.598 0.664
67.600 4 0.344 0.214 0.595 0.661
67.640 4 0.342 0.214 0.594 0.658
79.600 5 0.669 0.072 0.838 0.372
79.640 5 0.658 0.075 0.828 0.375
79.680 5 0.647 0.069 0.820 0.375
79.720 5 0.641 0.069 0.811 0.369
79.760 5 0.637 0.064 0.809 0.364
79.800 5 0.636 0.058 0.805 0.356
79.840 5 0.633 0.056 0.802 0.353
79.880 5 0.630 0.053 0.800 0.353
79.920 5 0.630 0.053 0.798 0.350
79.960 5 0.628 0.053 0.797 0.350
80.000 5 0.625 0.053 0.794 0.350
80.040 5 0.623 0.050 0.792 0.350
80.080 5 0.622 0.047 0.791 0.344
80.120 5 0.622 0.036 0.792 0.339
80.160 5 0.611 0.028 0.784 0.336
80.200 5 0.616 0.019 0.792 0.331
80.240 5 0.613 0.017 0.784 0.319
92.680 6 0.778 0.256 0.859 0.400
92.720 6 0.778 0.247 0.859 0.392
92.760 6 0.775 0.236 0.856 0.378
92.800 6 0.775 0.231 0.856 0.375
92.840 6 0.775 0.228 0.858 0.375
92.880 6 0.775 0.233 0.856 0.381
92.920 6 0.780 0.233 0.861 0.381
92.960 6 0.778 0.233 0.861 0.378
93.000 6 0.781 0.231 0.864 0.378
93.040 6 0.784 0.228 0.867 0.372
93.080 6 0.786 0.225 0.869 0.372
93.120 6 0.789 0.225 0.870 0.369
93.160 6 0.792 0.225 0.873 0.369
93.200 6 0.795 0.219 0.875 0.364
93.240 6 0.795 0.211 0.873 0.350
93.280 6 0.795 0.206 0.875 0.347
93.320 6 0.792 0.200 0.870 0.339
93.360 6 0.792 0.192 0.872 0.333
93.400 6 0.789 0.189 0.867 0.328
93.440 6 0.789 0.175 0.870 0.319
93.480 6 0.789 0.169 0.870 0.314
93.520 6 0.789 0.169 0.870 0.314
93.560 6 0.786 0.169 0.869 0.317
93.600 6 0.789 0.167 0.870 0.311
93.640 6 0.792 0.164 0.873 0.311
93.680 6 0.791 0.164 0.872 0.308
93.720 6 0.794 0.161 0.877 0.308
93.760 6 0.797 0.161 0.878 0.306
93.800 6 0.798 0.161 0.877 0.303
93.840 6 0.797 0.150 0.880 0.297
93.880 6 0.800 0.150 0.881 0.294
93.920 6 0.797 0.153 0.880 0.297
93.960 6 0.798 0.156 0.878 0.297
94.000 6 0.795 0.153 0.877 0.297
94.040 6 0.792 0.156 0.873 0.297
94.080 6 0.795 0.153 0.873 0.292
94.120 6 0.794 0.147 0.873 0.289
94.160 6 0.792 0.158 0.870 0.297
94.200 6 0.800 0.167 0.878 0.303
94.240 6 0.800 0.172 0.877 0.308
94.280 6 0.806 0.175 0.881 0.308
94.320 6 0.806 0.175 0.884 0.311
94.360 6 0.808 0.175 0.884 0.311
94.400 6 0.805 0.175 0.883 0.314
94.440 6 0.809 0.175 0.887 0.314
94.480 6 0.805 0.175 0.883 0.311
94.520 6 0.808 0.169 0.886 0.308
94.560 6 0.805 0.167 0.884 0.306
94.600 6 0.806 0.164 0.884 0.303
94.640 6 0.802 0.161 0.880 0.300
94.680 6 0.798 0.158 0.878 0.297
94.720 6 0.798 0.153 0.877 0.292
94.760 6 0.795 0.147 0.875 0.289
94.800 6 0.795 0.147 0.875 0.289
94.840 6 0.797 0.153 0.878 0.294
94.880 6 0.797 0.158 0.877 0.300
94.920 6 0.800 0.164 0.880 0.306
94.960 6 0.798 0.167 0.880 0.308
95.000 6 0.798 0.172 0.878 0.314
95.040 6 0.798 0.178 0.878 0.319
95.080 6 0.798 0.181 0.880 0.325
95.120 6 0.797 0.186 0.878 0.328
95.160 6 0.802 0.186 0.883 0.331
95.200 6 0.800 0.186 0.880 0.331
95.240 6 0.805 0.186 0.884 0.331
95.280 6 0.802 0.186 0.883 0.331
95.320 6 0.806 0.186 0.886 0.331
95.360 6 0.805 0.181 0.886 0.322
95.400 6 0.806 0.175 0.886 0.317
95.440 6 0.805 0.172 0.884 0.314
95.480 6 0.811 0.169 0.891 0.314
95.520 6 0.809 0.175 0.891 0.319
95.560 6 0.814 0.175 0.895 0.319
95.600 6 0.812 0.175 0.894 0.319
95.640 6 0.814 0.178 0.894 0.322
95.680 6 0.817 0.181 0.898 0.322
95.720 6 0.817 0.186 0.897 0.328
95.760 6 0.819 0.189 0.900 0.331
95.800 6 0.820 0.189 0.902 0.333
95.840 6 0.820 0.194 0.900 0.336
95.880 6 0.822 0.197 0.902 0.339
95.920 6 0.822 0.200 0.903 0.342
95.960 6 0.820 0.200 0.900 0.344
96.000 6 0.822 0.197 0.903 0.339
96.040 6 0.823 0.194 0.903 0.336
96.080 6 0.819 0.192 0.900 0.336
96.120 6 0.819 0.200 0.900 0.344
96.160 6 0.822 0.206 0.902 0.347
96.200 6 0.819 0.206 0.900 0.347
96.240 6 0.822 0.203 0.902 0.344
96.280 6 0.817 0.203 0.898 0.344
96.320 6 0.819 0.206 0.900 0.350
96.360 6 0.825 0.211 0.906 0.353
96.400 6 0.830 0.214 0.909 0.356
96.440 6 0.831 0.214 0.911 0.356
96.480 6 0.831 0.211 0.911 0.356
96.520 6 0.830 0.208 0.911 0.353
96.560 6 0.830 0.206 0.911 0.350
96.600 6 0.828 0.206 0.908 0.347
96.640 6 0.830 0.197 0.909 0.339
96.680 6 0.831 0.189 0.912 0.331
96.720 6 0.834 0.186 0.916 0.331
96.760 6 0.836 0.189 0.917 0.333
96.800 6 0.839 0.192 0.919 0.336
96.840 6 0.836 0.194 0.917 0.339
96.880 6 0.839 0.194 0.920 0.339
96.920 6 0.836 0.192 0.917 0.339
96.960 6 0.833 0.197 0.914 0.342
97.000 6 0.836 0.197 0.917 0.342
97.040 6 0.831 0.200 0.912 0.344
97.080 6 0.828 0.203 0.909 0.347
97.120 6 0.830 0.203 0.909 0.347
97.160 6 0.823 0.206 0.903 0.347
97.200 6 0.817 0.206 0.897 0.350
97.240 6 0.812 0.208 0.892 0.350
97.280 6 0.805 0.200 0.884 0.342
97.320 6 0.803 0.197 0.883 0.339
97.360 6 0.797 0.200 0.877 0.342
97.400 6 0.795 0.200 0.875 0.342
97.440 6 0.795 0.203 0.875 0.344
97.480 6 0.791 0.206 0.872 0.350
97.520 6 0.794 0.206 0.873 0.347
97.560 6 0.789 0.203 0.869 0.347
97.600 6 0.794 0.206 0.873 0.347
97.640 6 0.791 0.208 0.870 0.350
97.680 6 0.797 0.211 0.877 0.353
97.720 6 0.797 0.217 0.877 0.358
97.760 6 0.802 0.219 0.881 0.361
97.800 6 0.797 0.219 0.877 0.361
92.680 7 0.297 0.283 0.434 0.525
92.720 7 0.297 0.269 0.438 0.519
92.760 7 0.295 0.264 0.431 0.506
92.800 7 0.294 0.253 0.436 0.506
92.840 7 0.295 0.253 0.439 0.508
92.880 7 0.291 0.256 0.434 0.511
92.920 7 0.298 0.261 0.441 0.511
92.960 7 0.300 0.261 0.441 0.514
93.000 7 0.303 0.264 0.444 0.514
93.040 7 0.302 0.264 0.444 0.517
93.080 7 0.306 0.264 0.448 0.517
93.120 7 0.306 0.261 0.448 0.514
93.160 7 0.311 0.256 0.452 0.506
93.200 7 0.309 0.250 0.450 0.500
93.240 7 0.312 0.242 0.453 0.492
93.280 7 0.308 0.233 0.450 0.486
93.320 7 0.309 0.225 0.452 0.481
93.360 7 0.303 0.219 0.445 0.472
93.400 7 0.305 0.214 0.445 0.464
93.440 7 0.308 0.203 0.448 0.456
93.480 7 0.303 0.197 0.444 0.450
93.520 7 0.305 0.197 0.448 0.450
93.560 7 0.302 0.200 0.444 0.450
93.600 7 0.303 0.197 0.445 0.450
93.640 7 0.309 0.194 0.448 0.442
93.680 7 0.306 0.192 0.445 0.439
93.720 7 0.311 0.194 0.450 0.439
93.760 7 0.311 0.192 0.448 0.436
93.800 7 0.314 0.189 0.452 0.433
93.840 7 0.314 0.186 0.448 0.428
93.880 7 0.314 0.181 0.453 0.428
93.920 7 0.309 0.183 0.445 0.425
93.960 7 0.311 0.186 0.447 0.428
94.000 7 0.303 0.181 0.444 0.431
94.040 7 0.294 0.175 0.445 0.444
94.080 7 0.294 0.167 0.445 0.439
94.120 7 0.292 0.164 0.450 0.444
94.160 7 0.291 0.172 0.445 0.450
94.200 7 0.291 0.175 0.450 0.461
94.240 7 0.294 0.186 0.450 0.461
94.280 7 0.295 0.189 0.450 0.464
94.320 7 0.297 0.189 0.452 0.464
94.360 7 0.294 0.189 0.455 0.472
94.400 7 0.295 0.192 0.450 0.467
94.440 7 0.295 0.192 0.450 0.467
94.480 7 0.292 0.192 0.447 0.464
94.520 7 0.291 0.189 0.445 0.464
94.560 7 0.289 0.183 0.444 0.458
94.600 7 0.287 0.181 0.442 0.456
94.640 7 0.280 0.175 0.439 0.458
94.680 7 0.278 0.172 0.436 0.453
94.720 7 0.273 0.167 0.431 0.444
94.760 7 0.275 0.164 0.431 0.442
94.800 7 0.270 0.161 0.433 0.450
94.840 7 0.272 0.167 0.433 0.453
94.880 7 0.275 0.172 0.436 0.458
94.920 7 0.273 0.175 0.434 0.464
94.960 7 0.275 0.181 0.436 0.467
95.000 7 0.270 0.183 0.439 0.483
95.040 7 0.278 0.200 0.417 0.447
95.080 7 0.281 0.203 0.419 0.450
95.120 7 0.280 0.208 0.417 0.453
95.160 7 0.278 0.206 0.419 0.456
95.200 7 0.280 0.200 0.427 0.461
95.240 7 0.281 0.203 0.423 0.458
95.280 7 0.281 0.203 0.422 0.458
95.320 7 0.280 0.200 0.425 0.458
95.360 7 0.275 0.192 0.423 0.456
95.400 7 0.280 0.186 0.425 0.447
95.440 7 0.277 0.186 0.425 0.447
95.480 7 0.284 0.181 0.434 0.447
95.520 7 0.283 0.183 0.433 0.453
95.560 7 0.287 0.194 0.428 0.444
95.600 7 0.289 0.189 0.436 0.450
95.640 7 0.283 0.186 0.433 0.453
95.680 7 0.289 0.192 0.438 0.458
95.720 7 0.287 0.197 0.436 0.461
95.760 7 0.294 0.200 0.441 0.464
95.800 7 0.291 0.200 0.438 0.464
95.840 7 0.294 0.208 0.438 0.464
95.880 7 0.295 0.211 0.438 0.467
95.920 7 0.297 0.214 0.438 0.467
95.960 7 0.292 0.217 0.438 0.478
96.000 7 0.305 0.219 0.420 0.428
96.040 7 0.303 0.208 0.433 0.439
96.080 7 0.302 0.208 0.433 0.442
96.120 7 0.300 0.217 0.428 0.444
96.160 7 0.305 0.219 0.434 0.453
96.200 7 0.300 0.219 0.430 0.453
96.240 7 0.302 0.219 0.431 0.450
96.280 7 0.300 0.217 0.431 0.453
96.320 7 0.298 0.219 0.430 0.453
96.360 7 0.306 0.225 0.438 0.458
96.400 7 0.308 0.225 0.441 0.464
96.440 7 0.314 0.225 0.445 0.461
96.480 7 0.314 0.225 0.442 0.456
96.520 7 0.311 0.222 0.442 0.456
96.560 7 0.314 0.219 0.445 0.453
96.600 7 0.311 0.217 0.442 0.453
96.640 7 0.314 0.211 0.445 0.444
96.680 7 0.317 0.203 0.447 0.436
96.720 7 0.317 0.197 0.450 0.433
96.760 7 0.323 0.203 0.452 0.433
96.800 7 0.325 0.206 0.455 0.439
96.840 7 0.323 0.206 0.455 0.442
96.880 7 0.322 0.206 0.456 0.444
96.920 7 0.323 0.208 0.456 0.447
96.960 7 0.322 0.214 0.450 0.442
97.000 7 0.319 0.208 0.459 0.458
97.040 7 0.323 0.217 0.448 0.436
97.080 7 0.320 0.217 0.445 0.442
97.120 7 0.322 0.219 0.447 0.444
97.160 7 0.316 0.219 0.444 0.447
97.200 7 0.309 0.219 0.438 0.450
97.240 7 0.305 0.219 0.433 0.447
97.280 7 0.295 0.214 0.425 0.444
97.320 7 0.297 0.208 0.428 0.442
97.360 7 0.289 0.208 0.422 0.444
97.400 7 0.291 0.214 0.420 0.444
97.440 7 0.292 0.214 0.420 0.444
97.480 7 0.289 0.217 0.419 0.447
97.520 7 0.287 0.217 0.419 0.450
97.560 7 0.289 0.217 0.419 0.447
97.600 7 0.291 0.219 0.419 0.447
97.640 7 0.292 0.222 0.420 0.450
97.680 7 0.298 0.222 0.428 0.456
97.720 7 0.294 0.225 0.425 0.458
97.760 7 0.300 0.228 0.433 0.464
97.800 7 0.294 0.228 0.427 0.464
97.840 7 0.291 0.228 0.420 0.458
97.880 7 0.284 0.225 0.414 0.456
97.920 7 0.286 0.217 0.414 0.447
97.960 7 0.286 0.214 0.417 0.447
98.000 7 0.291 0.219 0.408 0.428
98.040 7 0.297 0.222 0.412 0.428
98.080 7 0.294 0.222 0.408 0.425
98.120 7 0.295 0.222 0.411 0.431
98.160 7 0.292 0.225 0.408 0.428
98.200 7 0.297 0.228 0.416 0.436
98.240 7 0.298 0.231 0.416 0.439
98.280 7 0.308 0.233 0.420 0.433
98.320 7 0.308 0.231 0.423 0.439
98.360 7 0.312 0.233 0.428 0.439
98.400 7 0.309 0.233 0.423 0.436
98.440 7 0.314 0.231 0.428 0.433
98.480 7 0.311 0.231 0.427 0.436
98.520 7 0.311 0.225 0.428 0.431
98.560 7 0.309 0.217 0.427 0.422
98.600 7 0.311 0.211 0.428 0.417
98.640 7 0.308 0.214 0.423 0.417
98.680 7 0.320 0.219 0.433 0.417
98.720 7 0.319 0.225 0.433 0.425
98.760 7 0.320 0.222 0.436 0.431
98.800 7 0.323 0.228 0.441 0.433
98.840 7 0.328 0.236 0.444 0.442
92.680 8 0.841 0.231 0.983 0.483
92.720 8 0.836 0.233 0.978 0.486
92.760 8 0.828 0.233 0.970 0.486
92.800 8 0.828 0.231 0.970 0.483
92.840 8 0.825 0.233 0.966 0.486
92.880 8 0.827 0.239 0.967 0.489
92.920 8 0.828 0.239 0.970 0.492
92.960 8 0.827 0.239 0.967 0.489
93.000 8 0.831 0.236 0.972 0.486
93.040 8 0.836 0.236 0.978 0.489
93.080 8 0.834 0.231 0.975 0.483
93.120 8 0.838 0.222 0.978 0.475
93.160 8 0.836 0.214 0.975 0.461
93.200 8 0.838 0.203 0.977 0.450
93.240 8 0.839 0.192 0.978 0.442
93.280 8 0.839 0.181 0.978 0.428
93.320 8 0.838 0.172 0.978 0.419
93.360 8 0.841 0.164 0.978 0.411
93.400 8 0.844 0.156 0.983 0.403
93.440 8 0.847 0.142 0.986 0.389
93.480 8 0.844 0.136 0.984 0.386
93.520 8 0.848 0.136 0.988 0.383
93.560 8 0.844 0.139 0.981 0.383
93.600 8 0.850 0.139 0.986 0.383
93.640 8 0.847 0.133 0.986 0.381
93.680 8 0.850 0.131 0.991 0.381
93.720 8 0.847 0.131 0.988 0.381
93.760 8 0.850 0.128 0.994 0.381
93.800 8 0.847 0.122 0.994 0.381
93.840 8 0.850 0.117 0.995 0.375
93.880 8 0.855 0.119 0.997 0.372
93.920 8 0.848 0.119 0.988 0.367
93.960 8 0.848 0.119 0.989 0.372
94.000 8 0.847 0.125 0.988 0.375
94.040 8 0.845 0.128 0.975 0.358
94.080 8 0.845 0.119 0.978 0.356
94.120 8 0.847 0.119 0.977 0.353
94.160 8 0.847 0.128 0.975 0.356
94.200 8 0.850 0.133 0.978 0.364
94.240 8 0.853 0.142 0.983 0.369
94.280 8 0.855 0.144 0.984 0.375
94.320 8 0.856 0.144 0.986 0.375
94.360 8 0.859 0.144 0.991 0.375
94.400 8 0.855 0.144 0.984 0.375
94.440 8 0.859 0.142 0.991 0.375
94.480 8 0.855 0.142 0.986 0.375
94.520 8 0.858 0.139 0.991 0.375
94.560 8 0.855 0.136 0.986 0.369
94.600 8 0.856 0.133 0.988 0.367
94.640 8 0.853 0.133 0.983 0.364
94.680 8 0.852 0.131 0.981 0.361
94.720 8 0.848 0.122 0.980 0.356
94.760 8 0.847 0.117 0.978 0.350
94.800 8 0.848 0.122 0.980 0.356
94.840 8 0.850 0.128 0.981 0.358
94.880 8 0.855 0.133 0.984 0.367
94.920 8 0.855 0.139 0.983 0.369
94.960 8 0.859 0.142 0.991 0.375
95.000 8 0.861 0.150 0.978 0.358
95.040 8 0.863 0.169 0.969 0.358
95.080 8 0.867 0.175 0.973 0.367
95.120 8 0.866 0.178 0.972 0.369
95.160 8 0.869 0.181 0.977 0.372
95.200 8 0.872 0.181 0.977 0.369
95.240 8 0.877 0.181 0.981 0.367
95.280 8 0.875 0.181 0.980 0.367
95.320 8 0.878 0.181 0.983 0.367
95.360 8 0.880 0.172 0.984 0.358
95.400 8 0.881 0.167 0.986 0.353
95.440 8 0.881 0.164 0.988 0.353
95.480 8 0.887 0.164 0.994 0.353
95.520 8 0.891 0.167 0.997 0.356
95.560 8 0.889 0.167 0.997 0.356
95.600 8 0.895 0.167 1.002 0.358
95.640 8 0.892 0.169 0.997 0.356
95.680 8 0.898 0.172 1.005 0.364
95.720 8 0.898 0.178 1.005 0.367
95.760 8 0.903 0.181 1.011 0.369
95.800 8 0.906 0.181 1.014 0.372
95.840 8 0.906 0.186 1.014 0.375
95.880 8 0.908 0.189 1.016 0.378
95.920 8 0.909 0.192 1.016 0.381
95.960 8 0.908 0.194 1.014 0.383
96.000 8 0.912 0.203 1.009 0.375
96.040 8 0.908 0.186 1.019 0.381
96.080 8 0.905 0.186 1.014 0.383
96.120 8 0.906 0.192 1.017 0.389
96.160 8 0.903 0.194 1.012 0.389
96.200 8 0.902 0.197 1.011 0.392
96.240 8 0.902 0.192 1.011 0.389
96.280 8 0.898 0.192 1.009 0.389
96.320 8 0.895 0.192 1.006 0.389
96.360 8 0.902 0.197 1.012 0.394
96.400 8 0.900 0.200 1.009 0.397
96.440 8 0.906 0.200 1.016 0.397
96.480 8 0.900 0.200 1.009 0.392
96.520 8 0.898 0.194 1.008 0.386
96.560 8 0.897 0.192 1.005 0.383
96.600 8 0.895 0.192 1.000 0.381
96.640 8 0.892 0.183 1.000 0.375
96.680 8 0.894 0.175 1.003 0.367
96.720 8 0.898 0.172 1.006 0.364
96.760 8 0.900 0.175 1.008 0.367
96.800 8 0.902 0.178 1.011 0.372
96.840 8 0.897 0.178 1.005 0.369
96.880 8 0.898 0.178 1.006 0.372
96.920 8 0.897 0.178 1.006 0.372
96.960 8 0.892 0.181 1.000 0.375
97.000 8 0.887 0.172 1.005 0.381
97.040 8 0.884 0.167 1.012 0.394
97.080 8 0.881 0.167 1.008 0.392
97.120 8 0.883 0.167 1.011 0.394
97.160 8 0.877 0.169 1.005 0.394
97.200 8 0.872 0.167 0.998 0.394
97.240 8 0.866 0.172 0.992 0.397
97.280 8 0.858 0.167 0.984 0.392
97.320 8 0.856 0.158 0.983 0.386
97.360 8 0.850 0.161 0.977 0.389
97.400 8 0.850 0.164 0.977 0.389
97.440 8 0.845 0.164 0.970 0.386
97.480 8 0.842 0.169 0.967 0.394
97.520 8 0.838 0.169 0.964 0.394
97.560 8 0.834 0.169 0.961 0.394
97.600 8 0.836 0.172 0.958 0.389
97.640 8 0.833 0.172 0.956 0.394
97.680 8 0.833 0.178 0.956 0.397
97.720 8 0.834 0.181 0.958 0.400
97.760 8 0.831 0.183 0.955 0.403
97.800 8 0.830 0.181 0.952 0.400
97.840 8 0.822 0.178 0.944 0.397
97.880 8 0.812 0.175 0.936 0.394
97.920 8 0.809 0.167 0.933 0.389
97.960 8 0.806 0.164 0.931 0.389
98.000 8 0.802 0.153 0.941 0.403
98.040 8 0.802 0.153 0.941 0.403
98.080 8 0.802 0.158 0.936 0.400
98.120 8 0.805 0.158 0.941 0.403
98.160 8 0.802 0.153 0.941 0.403
98.200 8 0.803 0.156 0.942 0.406
98.240 8 0.809 0.161 0.948 0.408
98.280 8 0.811 0.161 0.952 0.411
98.320 8 0.816 0.158 0.956 0.408
98.360 8 0.827 0.164 0.961 0.408
98.400 8 0.823 0.161 0.963 0.411
98.440 8 0.830 0.161 0.966 0.408
98.480 8 0.825 0.158 0.964 0.406
98.520 8 0.823 0.153 0.963 0.400
98.560 8 0.828 0.139 0.966 0.386
98.600 8 0.827 0.139 0.964 0.386
98.640 8 0.828 0.139 0.967 0.389
98.680 8 0.839 0.147 0.978 0.397
98.720 8 0.841 0.150 0.980 0.400
98.760 8 0.847 0.150 0.988 0.400
98.800 8 0.850 0.156 0.989 0.406
98.840 8 0.859 0.164 0.998 0.414
92.680 9 0.477 0.453 0.572 0.625
92.720 9 0.475 0.444 0.572 0.617
92.760 9 0.472 0.433 0.569 0.606
92.800 9 0.475 0.425 0.573 0.600
92.840 9 0.472 0.425 0.570 0.600
92.880 9 0.472 0.428 0.570 0.603
92.920 9 0.478 0.431 0.575 0.603
92.960 9 0.477 0.428 0.575 0.603
93.000 9 0.480 0.425 0.578 0.600
93.040 9 0.483 0.422 0.581 0.597
93.080 9 0.483 0.422 0.581 0.594
93.120 9 0.486 0.419 0.584 0.594
93.160 9 0.489 0.419 0.588 0.592
93.200 9 0.489 0.414 0.586 0.589
93.240 9 0.489 0.408 0.588 0.581
93.280 9 0.491 0.400 0.588 0.572
93.320 9 0.487 0.392 0.586 0.567
93.360 9 0.484 0.386 0.583 0.561
93.400 9 0.483 0.378 0.581 0.550
93.440 9 0.484 0.369 0.581 0.544
93.480 9 0.481 0.364 0.580 0.539
93.520 9 0.484 0.364 0.583 0.539
93.560 9 0.480 0.367 0.578 0.542
93.600 9 0.480 0.364 0.578 0.539
93.640 9 0.484 0.364 0.581 0.536
93.680 9 0.481 0.361 0.580 0.536
93.720 9 0.484 0.361 0.581 0.533
93.760 9 0.489 0.358 0.588 0.531
93.800 9 0.484 0.356 0.581 0.531
93.840 9 0.487 0.350 0.584 0.525
93.880 9 0.489 0.347 0.586 0.522
93.920 9 0.486 0.350 0.583 0.522
93.960 9 0.484 0.350 0.583 0.522
94.000 9 0.483 0.347 0.583 0.525
94.040 9 0.477 0.350 0.575 0.525
94.080 9 0.477 0.344 0.575 0.519
94.120 9 0.480 0.344 0.578 0.519
94.160 9 0.478 0.350 0.578 0.525
94.200 9 0.478 0.358 0.577 0.533
94.240 9 0.486 0.367 0.584 0.539
94.280 9 0.483 0.369 0.581 0.542
94.320 9 0.487 0.369 0.584 0.542
94.360 9 0.487 0.369 0.584 0.542
94.400 9 0.484 0.369 0.581 0.544
94.440 9 0.487 0.372 0.584 0.542
94.480 9 0.486 0.369 0.583 0.542
94.520 9 0.486 0.367 0.583 0.539
94.560 9 0.481 0.361 0.580 0.536
94.600 9 0.484 0.358 0.583 0.533
94.640 9 0.480 0.356 0.578 0.531
94.680 9 0.475 0.353 0.573 0.528
94.720 9 0.475 0.344 0.573 0.522
94.760 9 0.470 0.344 0.569 0.517
94.800 9 0.475 0.347 0.572 0.519
94.840 9 0.477 0.353 0.572 0.525
94.880 9 0.478 0.361 0.575 0.531
94.920 9 0.478 0.364 0.573 0.533
94.960 9 0.481 0.372 0.575 0.539
95.000 9 0.477 0.372 0.573 0.542
95.040 9 0.478 0.381 0.573 0.550
95.080 9 0.477 0.381 0.573 0.553
95.120 9 0.477 0.383 0.573 0.556
95.160 9 0.478 0.383 0.575 0.558
95.200 9 0.477 0.383 0.575 0.558
95.240 9 0.480 0.383 0.580 0.561
95.280 9 0.477 0.383 0.577 0.558
95.320 9 0.477 0.378 0.577 0.553
95.360 9 0.481 0.375 0.580 0.550
95.400 9 0.481 0.367 0.581 0.547
95.440 9 0.480 0.369 0.577 0.544
95.480 9 0.487 0.369 0.584 0.542
95.520 9 0.489 0.372 0.586 0.544
95.560 9 0.491 0.372 0.588 0.544
95.600 9 0.489 0.372 0.586 0.547
95.640 9 0.494 0.375 0.591 0.550
95.680 9 0.492 0.378 0.589 0.550
95.720 9 0.498 0.383 0.595 0.556
95.760 9 0.495 0.386 0.592 0.558
95.800 9 0.498 0.386 0.595 0.558
95.840 9 0.497 0.392 0.595 0.564
95.880 9 0.503 0.394 0.600 0.567
95.920 9 0.502 0.397 0.598 0.569
95.960 9 0.497 0.400 0.597 0.581
96.000 9 0.502 0.394 0.598 0.567
96.040 9 0.500 0.389 0.597 0.561
96.080 9 0.500 0.394 0.594 0.564
96.120 9 0.500 0.400 0.595 0.569
96.160 9 0.500 0.403 0.597 0.575
96.200 9 0.498 0.403 0.595 0.575
96.240 9 0.500 0.400 0.597 0.572
96.280 9 0.495 0.397 0.594 0.572
96.320 9 0.498 0.400 0.598 0.578
96.360 9 0.503 0.406 0.600 0.581
96.400 9 0.506 0.408 0.605 0.583
96.440 9 0.509 0.408 0.609 0.583
96.480 9 0.509 0.406 0.606 0.581
96.520 9 0.508 0.403 0.606 0.578
96.560 9 0.509 0.403 0.606 0.575
96.600 9 0.508 0.400 0.606 0.572
96.640 9 0.511 0.392 0.608 0.564
96.680 9 0.514 0.386 0.609 0.556
96.720 9 0.514 0.386 0.611 0.556
96.760 9 0.517 0.386 0.614 0.558
96.800 9 0.519 0.389 0.616 0.561
96.840 9 0.519 0.392 0.614 0.561
96.880 9 0.520 0.392 0.617 0.564
96.920 9 0.519 0.392 0.616 0.564
96.960 9 0.514 0.392 0.613 0.567
97.000 9 0.512 0.394 0.609 0.567
97.040 9 0.509 0.397 0.606 0.569
97.080 9 0.506 0.397 0.603 0.569
97.120 9 0.508 0.400 0.605 0.572
97.160 9 0.503 0.400 0.600 0.572
97.200 9 0.497 0.397 0.595 0.572
97.240 9 0.492 0.400 0.589 0.575
97.280 9 0.487 0.394 0.584 0.569
97.320 9 0.481 0.392 0.580 0.564
97.360 9 0.480 0.394 0.577 0.567
97.400 9 0.480 0.394 0.578 0.567
97.440 9 0.477 0.394 0.575 0.569
97.480 9 0.477 0.397 0.575 0.572
97.520 9 0.477 0.397 0.573 0.569
97.560 9 0.477 0.397 0.573 0.569
97.600 9 0.478 0.397 0.575 0.569
97.640 9 0.480 0.400 0.577 0.572
97.680 9 0.483 0.406 0.580 0.578
97.720 9 0.487 0.408 0.586 0.581
97.760 9 0.484 0.408 0.581 0.583
97.800 9 0.484 0.408 0.581 0.583
97.840 9 0.478 0.408 0.577 0.581
97.880 9 0.469 0.397 0.572 0.581
97.920 9 0.472 0.392 0.573 0.572
97.960 9 0.472 0.394 0.570 0.567
98.000 9 0.473 0.394 0.572 0.569
98.040 9 0.478 0.394 0.577 0.569
98.080 9 0.473 0.394 0.573 0.572
98.120 9 0.477 0.397 0.575 0.572
98.160 9 0.473 0.397 0.572 0.572
98.200 9 0.477 0.400 0.577 0.578
98.240 9 0.480 0.406 0.578 0.581
98.280 9 0.484 0.400 0.586 0.581
98.320 9 0.491 0.403 0.591 0.581
98.360 9 0.487 0.406 0.588 0.583
98.400 9 0.492 0.400 0.595 0.583
98.440 9 0.494 0.403 0.592 0.581
98.480 9 0.487 0.403 0.588 0.578
98.520 9 0.489 0.394 0.589 0.572
98.560 9 0.491 0.386 0.591 0.561
98.600 9 0.484 0.381 0.584 0.558
98.640 9 0.492 0.386 0.592 0.561
98.680 9 0.492 0.389 0.591 0.567
98.720 9 0.500 0.392 0.598 0.569
98.760 9 0.497 0.394 0.595 0.572
98.800 9 0.505 0.400 0.603 0.578
98.840 9 0.505 0.406 0.605 0.586
101.320 10 0.613 0.750 0.709 0.922
101.360 10 0.613 0.753 0.709 0.922
101.400 10 0.613 0.753 0.709 0.922
101.440 10 0.613 0.753 0.709 0.922
101.480 10 0.613 0.753 0.709 0.925
101.520 10 0.617 0.758 0.708 0.919
101.560 10 0.613 0.758 0.702 0.919
101.600 10 0.616 0.758 0.708 0.922
101.640 10 0.611 0.758 0.703 0.919
101.680 10 0.616 0.756 0.708 0.919
101.720 10 0.609 0.753 0.706 0.925
101.760 10 0.609 0.753 0.706 0.925
101.800 10 0.609 0.753 0.706 0.925
101.840 10 0.613 0.756 0.709 0.928
101.880 10 0.613 0.758 0.709 0.931
101.920 10 0.613 0.758 0.709 0.931
101.960 10 0.613 0.756 0.709 0.928
102.000 10 0.609 0.758 0.706 0.931
102.040 10 0.611 0.761 0.708 0.933
102.080 10 0.616 0.761 0.717 0.942
102.120 10 0.617 0.769 0.716 0.942
102.160 10 0.619 0.769 0.717 0.942
102.200 10 0.620 0.769 0.719 0.942
102.240 10 0.620 0.769 0.719 0.944
102.280 10 0.622 0.769 0.719 0.944
102.320 10 0.622 0.767 0.725 0.947
102.360 10 0.617 0.764 0.720 0.947
102.400 10 0.620 0.769 0.719 0.942
102.440 10 0.620 0.772 0.719 0.944
102.480 10 0.620 0.772 0.719 0.944
102.520 10 0.622 0.772 0.719 0.944
102.560 10 0.616 0.767 0.719 0.950
102.600 10 0.622 0.772 0.720 0.947
102.640 10 0.622 0.772 0.719 0.944
102.680 10 0.622 0.772 0.719 0.944
102.720 10 0.622 0.775 0.719 0.947
102.760 10 0.622 0.775 0.719 0.947
102.800 10 0.622 0.775 0.720 0.947
102.840 10 0.623 0.775 0.720 0.947
102.880 10 0.623 0.775 0.720 0.947
102.920 10 0.623 0.772 0.725 0.950
102.960 10 0.625 0.775 0.722 0.947
103.000 10 0.625 0.775 0.722 0.947
103.040 10 0.625 0.775 0.722 0.947
103.080 10 0.625 0.778 0.722 0.950
103.120 10 0.627 0.772 0.727 0.953
103.160 10 0.627 0.775 0.723 0.947
103.200 10 0.627 0.775 0.723 0.947
103.240 10 0.627 0.775 0.723 0.947
103.280 10 0.627 0.772 0.728 0.950
103.320 10 0.628 0.775 0.723 0.944
103.360 10 0.628 0.772 0.723 0.944
103.400 10 0.628 0.772 0.723 0.944
103.440 10 0.628 0.772 0.723 0.942
103.480 10 0.628 0.767 0.728 0.944
122.720 11 0.566 0.142 0.738 0.453
122.760 11 0.570 0.142 0.748 0.461
122.800 11 0.562 0.144 0.738 0.456
122.840 11 0.572 0.147 0.745 0.458
122.880 11 0.567 0.153 0.731 0.447
122.920 11 0.575 0.153 0.739 0.447
122.960 11 0.566 0.150 0.733 0.447
123.000 11 0.570 0.150 0.738 0.450
123.040 11 0.577 0.167 0.728 0.439
123.080 11 0.577 0.161 0.730 0.436
123.120 11 0.578 0.158 0.731 0.433
123.160 11 0.580 0.158 0.734 0.436
123.200 11 0.580 0.158 0.736 0.436
123.240 11 0.586 0.161 0.739 0.436
123.280 11 0.584 0.164 0.736 0.436
123.320 11 0.588 0.169 0.739 0.442
123.360 11 0.580 0.169 0.736 0.450
123.400 11 0.581 0.175 0.739 0.456
123.440 11 0.577 0.178 0.736 0.461
123.480 11 0.580 0.183 0.738 0.467
123.520 11 0.578 0.186 0.736 0.469
123.560 11 0.580 0.189 0.738 0.472
123.600 11 0.577 0.186 0.734 0.469
123.640 11 0.580 0.183 0.738 0.467
123.680 11 0.578 0.181 0.736 0.464
123.720 11 0.581 0.181 0.736 0.456
123.760 11 0.578 0.178 0.731 0.453
123.800 11 0.580 0.175 0.733 0.447
123.840 11 0.580 0.169 0.733 0.444
123.880 11 0.580 0.169 0.730 0.439
123.920 11 0.583 0.167 0.734 0.439
123.960 11 0.578 0.167 0.730 0.439
124.000 11 0.583 0.181 0.723 0.431
124.040 11 0.578 0.156 0.733 0.431
124.080 11 0.580 0.156 0.734 0.433
124.120 11 0.575 0.156 0.731 0.433
124.160 11 0.580 0.158 0.736 0.436
124.200 11 0.572 0.161 0.731 0.444
124.240 11 0.577 0.167 0.736 0.447
124.280 11 0.570 0.172 0.728 0.453
124.320 11 0.577 0.175 0.733 0.453
124.360 11 0.575 0.175 0.731 0.453
124.400 11 0.573 0.175 0.730 0.450
124.440 11 0.573 0.172 0.730 0.447
124.480 11 0.573 0.169 0.727 0.442
124.520 11 0.569 0.161 0.720 0.431
124.560 11 0.567 0.153 0.717 0.419
124.600 11 0.559 0.144 0.709 0.411
124.640 11 0.558 0.133 0.709 0.403
124.680 11 0.555 0.122 0.705 0.389
124.720 11 0.559 0.117 0.709 0.383
124.760 11 0.561 0.114 0.711 0.381
124.800 11 0.559 0.111 0.711 0.381
124.840 11 0.562 0.117 0.713 0.381
124.880 11 0.558 0.119 0.708 0.386
124.920 11 0.559 0.128 0.708 0.392
124.960 11 0.558 0.136 0.706 0.403
125.000 11 0.552 0.119 0.719 0.417
125.040 11 0.547 0.131 0.720 0.439
125.080 11 0.550 0.139 0.722 0.444
125.120 11 0.548 0.153 0.719 0.458
125.160 11 0.547 0.161 0.719 0.464
125.200 11 0.555 0.172 0.722 0.469
125.240 11 0.558 0.175 0.723 0.472
125.280 11 0.558 0.172 0.728 0.475
125.320 11 0.566 0.178 0.733 0.475
125.360 11 0.570 0.175 0.738 0.469
125.400 11 0.577 0.172 0.744 0.469
125.440 11 0.581 0.169 0.748 0.467
125.480 11 0.592 0.169 0.758 0.464
125.520 11 0.597 0.167 0.762 0.461
125.560 11 0.602 0.164 0.769 0.461
125.720 11 0.620 0.183 0.781 0.472
125.760 11 0.627 0.178 0.786 0.464
125.800 11 0.630 0.172 0.794 0.464
125.840 11 0.634 0.167 0.800 0.461
125.880 11 0.637 0.161 0.805 0.458
125.920 11 0.642 0.156 0.811 0.456
125.960 11 0.641 0.156 0.808 0.453
126.000 11 0.644 0.150 0.812 0.450
126.040 11 0.652 0.153 0.806 0.428
126.080 11 0.652 0.147 0.808 0.425
126.120 11 0.648 0.142 0.806 0.422
126.160 11 0.650 0.139 0.805 0.414
126.200 11 0.648 0.133 0.803 0.408
126.240 11 0.647 0.131 0.802 0.403
126.280 11 0.645 0.125 0.800 0.400
126.320 11 0.644 0.122 0.798 0.400
126.360 11 0.637 0.122 0.794 0.397
126.400 11 0.633 0.122 0.786 0.394
126.440 11 0.628 0.119 0.783 0.394
126.480 11 0.619 0.119 0.775 0.397
126.520 11 0.613 0.117 0.770 0.397
126.560 11 0.606 0.117 0.764 0.394
126.600 11 0.598 0.114 0.755 0.394
126.640 11 0.592 0.114 0.750 0.394
126.680 11 0.588 0.117 0.745 0.397
126.720 11 0.584 0.119 0.741 0.397
126.760 11 0.581 0.128 0.738 0.406
126.800 11 0.583 0.131 0.739 0.408
126.840 11 0.578 0.136 0.733 0.414
126.880 11 0.578 0.136 0.736 0.419
126.920 11 0.575 0.142 0.730 0.417
126.960 11 0.577 0.144 0.731 0.419
127.000 11 0.583 0.153 0.723 0.403
127.040 11 0.567 0.139 0.734 0.436
127.080 11 0.572 0.144 0.741 0.442
127.120 11 0.567 0.153 0.733 0.447
127.160 11 0.569 0.156 0.736 0.450
127.200 11 0.564 0.158 0.731 0.453
127.240 11 0.566 0.161 0.734 0.458
127.280 11 0.561 0.167 0.728 0.464
127.320 11 0.564 0.169 0.731 0.464
127.360 11 0.558 0.169 0.727 0.467
127.400 11 0.559 0.172 0.727 0.467
127.440 11 0.559 0.169 0.728 0.467
127.480 11 0.559 0.164 0.731 0.467
127.520 11 0.562 0.164 0.733 0.464
127.560 11 0.566 0.161 0.736 0.461
127.600 11 0.570 0.158 0.739 0.458
127.640 11 0.575 0.158 0.744 0.453
127.680 11 0.578 0.156 0.745 0.450
127.720 11 0.581 0.153 0.747 0.444
127.760 11 0.588 0.150 0.750 0.439
127.800 11 0.584 0.147 0.747 0.433
127.840 11 0.591 0.144 0.752 0.428
127.880 11 0.589 0.136 0.750 0.419
127.920 11 0.592 0.131 0.753 0.414
127.960 11 0.591 0.128 0.748 0.408
128.000 11 0.588 0.119 0.756 0.417
128.040 11 0.594 0.117 0.761 0.411
128.080 11 0.591 0.111 0.759 0.406
128.120 11 0.591 0.100 0.761 0.403
128.160 11 0.578 0.094 0.748 0.394
128.200 11 0.573 0.086 0.741 0.381
128.240 11 0.561 0.081 0.727 0.369
128.280 11 0.553 0.078 0.717 0.367
128.240 12 0.573 0.069 0.734 0.358
128.280 12 0.564 0.067 0.725 0.356
128.320 12 0.561 0.064 0.723 0.356
128.360 12 0.553 0.067 0.719 0.364
128.400 12 0.548 0.069 0.714 0.367
128.440 12 0.542 0.081 0.708 0.378
128.480 12 0.536 0.097 0.703 0.397
128.520 12 0.536 0.111 0.700 0.403
128.560 12 0.534 0.125 0.698 0.419
128.600 12 0.534 0.142 0.700 0.439
128.640 12 0.533 0.147 0.700 0.447
128.680 12 0.528 0.156 0.695 0.453
128.720 12 0.528 0.158 0.695 0.456
128.760 12 0.530 0.158 0.695 0.458
128.800 12 0.525 0.158 0.692 0.458
128.840 12 0.530 0.158 0.697 0.456
128.880 12 0.527 0.156 0.694 0.456
128.920 12 0.531 0.156 0.698 0.456
128.960 12 0.528 0.153 0.695 0.453
129.000 12 0.533 0.150 0.700 0.450
129.040 12 0.536 0.161 0.698 0.450
129.080 12 0.537 0.161 0.698 0.447
129.120 12 0.539 0.161 0.700 0.447
129.160 12 0.533 0.156 0.698 0.456
129.200 12 0.533 0.156 0.703 0.461
129.240 12 0.533 0.158 0.703 0.464
129.280 12 0.534 0.161 0.705 0.467
129.320 12 0.534 0.161 0.706 0.469
129.360 12 0.536 0.164 0.708 0.469
129.400 12 0.537 0.161 0.709 0.469
129.440 12 0.542 0.158 0.716 0.469
129.480 12 0.544 0.153 0.719 0.464
129.520 12 0.547 0.147 0.722 0.458
129.560 12 0.547 0.142 0.722 0.453
129.600 12 0.548 0.136 0.722 0.447
129.640 12 0.547 0.128 0.722 0.439
129.680 12 0.545 0.122 0.720 0.433
129.720 12 0.548 0.114 0.725 0.428
129.760 12 0.545 0.108 0.722 0.422
129.800 12 0.550 0.106 0.725 0.419
129.840 12 0.548 0.103 0.720 0.411
129.880 12 0.550 0.103 0.723 0.414
129.920 12 0.548 0.103 0.723 0.414
129.960 12 0.548 0.106 0.722 0.417
130.000 12 0.552 0.119 0.719 0.417
130.040 12 0.561 0.147 0.711 0.414
130.080 12 0.558 0.147 0.708 0.411
130.120 12 0.561 0.144 0.709 0.411
130.160 12 0.558 0.142 0.709 0.408
130.200 12 0.558 0.139 0.708 0.408
130.240 12 0.556 0.139 0.708 0.406
130.280 12 0.553 0.139 0.705 0.408
130.320 12 0.555 0.139 0.706 0.408
130.360 12 0.553 0.139 0.705 0.408
130.400 12 0.552 0.139 0.705 0.408
130.440 12 0.553 0.139 0.706 0.411
130.480 12 0.552 0.136 0.706 0.411
130.520 12 0.558 0.139 0.713 0.414
130.560 12 0.556 0.139 0.711 0.414
130.600 12 0.564 0.136 0.720 0.414
130.640 12 0.566 0.139 0.720 0.414
130.680 12 0.575 0.139 0.730 0.411
130.720 12 0.578 0.136 0.734 0.411
130.760 12 0.577 0.133 0.734 0.414
130.800 12 0.580 0.133 0.738 0.414
130.840 12 0.577 0.139 0.733 0.417
130.880 12 0.578 0.142 0.734 0.419
130.920 12 0.577 0.144 0.734 0.425
130.960 12 0.573 0.147 0.734 0.433
131.000 12 0.583 0.181 0.723 0.431
131.040 12 0.575 0.169 0.731 0.447
131.080 12 0.578 0.169 0.731 0.444
131.120 12 0.577 0.167 0.730 0.442
131.160 12 0.577 0.167 0.733 0.444
131.200 12 0.572 0.169 0.727 0.444
131.240 12 0.575 0.172 0.730 0.450
131.280 12 0.573 0.178 0.727 0.450
131.320 12 0.577 0.181 0.728 0.453
131.360 12 0.575 0.183 0.728 0.456
131.400 12 0.578 0.186 0.730 0.458
131.440 12 0.577 0.189 0.727 0.456
131.480 12 0.581 0.183 0.731 0.453
131.520 12 0.583 0.181 0.733 0.450
131.560 12 0.586 0.172 0.736 0.442
131.600 12 0.581 0.169 0.730 0.436
131.640 12 0.586 0.169 0.736 0.436
131.680 12 0.578 0.164 0.731 0.436
131.720 12 0.583 0.167 0.733 0.436
131.760 12 0.580 0.167 0.731 0.436
131.800 12 0.583 0.169 0.733 0.436
131.840 12 0.578 0.167 0.730 0.439
131.880 12 0.580 0.167 0.731 0.436
131.920 12 0.578 0.164 0.730 0.436
131.960 12 0.577 0.164 0.730 0.433
132.000 12 0.570 0.150 0.738 0.450
132.040 12 0.566 0.136 0.733 0.433
132.080 12 0.562 0.133 0.730 0.433
132.120 12 0.561 0.136 0.728 0.436
132.160 12 0.561 0.136 0.728 0.436
132.200 12 0.559 0.136 0.728 0.436
132.240 12 0.561 0.136 0.727 0.436
132.280 12 0.559 0.139 0.725 0.433
132.320 12 0.561 0.136 0.728 0.436
132.360 12 0.559 0.133 0.727 0.433
132.400 12 0.564 0.136 0.733 0.439
132.440 12 0.558 0.133 0.730 0.442
132.480 12 0.559 0.136 0.731 0.444
132.520 12 0.555 0.139 0.725 0.444
132.560 12 0.558 0.142 0.730 0.450
132.600 12 0.556 0.142 0.728 0.450
132.640 12 0.559 0.144 0.730 0.453
132.680 12 0.553 0.150 0.723 0.453
132.720 12 0.556 0.150 0.725 0.456
132.760 12 0.558 0.150 0.730 0.456
132.800 12 0.559 0.150 0.733 0.461
132.840 12 0.555 0.153 0.725 0.456
132.880 12 0.555 0.150 0.728 0.464
132.920 12 0.553 0.153 0.727 0.467
132.960 12 0.559 0.156 0.731 0.467
133.000 12 0.552 0.150 0.719 0.450
133.040 12 0.550 0.178 0.714 0.472
133.080 12 0.552 0.181 0.716 0.475
133.120 12 0.553 0.183 0.719 0.481
133.160 12 0.547 0.183 0.716 0.483
133.200 12 0.548 0.183 0.716 0.483
133.240 12 0.548 0.181 0.716 0.481
133.280 12 0.550 0.181 0.714 0.472
133.320 12 0.550 0.178 0.713 0.467
133.360 12 0.550 0.172 0.711 0.461
133.400 12 0.553 0.172 0.711 0.456
133.440 12 0.555 0.169 0.711 0.450
133.480 12 0.558 0.169 0.713 0.444
133.520 12 0.558 0.164 0.714 0.442
133.560 12 0.558 0.161 0.716 0.442
133.600 12 0.559 0.158 0.716 0.439
133.640 12 0.561 0.153 0.719 0.436
133.680 12 0.561 0.153 0.719 0.433
133.720 12 0.562 0.150 0.720 0.431
133.760 12 0.561 0.147 0.720 0.431
133.800 12 0.564 0.144 0.722 0.428
133.840 12 0.561 0.144 0.720 0.428
133.880 12 0.561 0.144 0.720 0.428
133.920 12 0.561 0.144 0.719 0.428
133.960 12 0.562 0.144 0.722 0.431
134.000 12 0.567 0.181 0.708 0.431
134.040 12 0.561 0.156 0.722 0.442
134.080 12 0.559 0.158 0.720 0.442
134.120 12 0.558 0.158 0.722 0.444
134.160 12 0.558 0.158 0.719 0.444
134.200 12 0.556 0.158 0.719 0.444
134.240 12 0.558 0.156 0.722 0.444
134.280 12 0.556 0.153 0.717 0.439
134.320 12 0.559 0.150 0.722 0.439
134.360 12 0.556 0.150 0.719 0.436
134.400 12 0.561 0.150 0.722 0.436
134.440 12 0.561 0.150 0.722 0.436
134.480 12 0.558 0.150 0.719 0.433
134.520 12 0.561 0.150 0.720 0.433
134.560 12 0.562 0.153 0.722 0.433
134.600 12 0.561 0.153 0.717 0.431
134.640 12 0.564 0.156 0.720 0.433
134.680 12 0.562 0.156 0.719 0.433
134.720 12 0.562 0.156 0.719 0.433
134.760 12 0.566 0.156 0.719 0.431
134.800 12 0.566 0.156 0.720 0.428
134.840 12 0.569 0.153 0.722 0.425
134.880 12 0.570 0.150 0.722 0.419
134.920 12 0.578 0.147 0.731 0.417
134.960 12 0.588 0.144 0.739 0.411
135.000 12 0.588 0.119 0.756 0.417
135.040 12 0.594 0.117 0.762 0.414
135.080 12 0.595 0.108 0.770 0.417
135.120 12 0.595 0.114 0.764 0.411
135.160 12 0.594 0.122 0.755 0.408
135.200 12 0.592 0.128 0.753 0.414
135.240 12 0.589 0.139 0.753 0.425
135.280 12 0.586 0.147 0.752 0.436
135.320 12 0.584 0.142 0.758 0.450
135.360 12 0.580 0.144 0.752 0.447
135.400 12 0.583 0.144 0.758 0.450
135.440 12 0.580 0.147 0.752 0.450
135.480 12 0.581 0.147 0.755 0.453
135.520 12 0.577 0.156 0.748 0.458
135.560 12 0.578 0.161 0.750 0.464
135.600 12 0.573 0.161 0.745 0.464
135.640 12 0.577 0.156 0.753 0.467
135.680 12 0.567 0.150 0.742 0.461
135.720 12 0.566 0.147 0.744 0.458
135.760 12 0.558 0.144 0.734 0.456
135.800 12 0.559 0.144 0.733 0.450
135.840 12 0.553 0.144 0.727 0.450
135.880 12 0.555 0.150 0.730 0.458
135.280 13 0.572 0.136 0.756 0.464
135.320 13 0.566 0.142 0.750 0.469
135.360 13 0.569 0.142 0.752 0.472
135.400 13 0.564 0.142 0.747 0.469
135.440 13 0.569 0.144 0.750 0.469
135.480 13 0.564 0.147 0.744 0.469
135.520 13 0.567 0.153 0.747 0.475
135.560 13 0.564 0.158 0.745 0.481
135.600 13 0.558 0.158 0.739 0.483
135.640 13 0.558 0.156 0.738 0.478
135.680 13 0.555 0.150 0.734 0.472
135.720 13 0.555 0.150 0.734 0.472
135.760 13 0.547 0.147 0.722 0.461
135.800 13 0.550 0.147 0.727 0.464
135.840 13 0.545 0.147 0.720 0.461
135.880 13 0.548 0.156 0.723 0.467
135.920 13 0.550 0.167 0.720 0.475
135.960 13 0.550 0.181 0.716 0.478
136.000 13 0.552 0.183 0.719 0.483
136.040 13 0.553 0.186 0.720 0.486
136.080 13 0.558 0.183 0.727 0.486
136.120 13 0.556 0.181 0.725 0.483
136.160 13 0.562 0.181 0.730 0.478
136.200 13 0.558 0.172 0.730 0.481
136.240 13 0.564 0.172 0.734 0.478
136.280 13 0.569 0.167 0.739 0.472
136.320 13 0.575 0.167 0.742 0.469
136.360 13 0.594 0.181 0.739 0.442
136.400 13 0.598 0.183 0.744 0.444
136.440 13 0.600 0.183 0.745 0.444
136.480 13 0.600 0.181 0.748 0.444
136.520 13 0.597 0.169 0.745 0.433
136.560 13 0.597 0.158 0.745 0.422
136.600 13 0.595 0.142 0.744 0.408
136.640 13 0.588 0.131 0.736 0.394
136.680 13 0.586 0.122 0.734 0.389
136.720 13 0.577 0.119 0.727 0.386
136.760 13 0.578 0.117 0.728 0.386
136.800 13 0.575 0.117 0.727 0.386
136.840 13 0.575 0.114 0.728 0.389
136.880 13 0.567 0.114 0.722 0.389
136.920 13 0.562 0.117 0.717 0.389
136.960 13 0.564 0.117 0.716 0.389
137.000 13 0.567 0.125 0.708 0.375
137.040 13 0.559 0.128 0.703 0.381
137.080 13 0.555 0.128 0.702 0.386
137.120 13 0.561 0.128 0.705 0.386
137.160 13 0.553 0.125 0.697 0.381
137.200 13 0.561 0.125 0.702 0.375
137.240 13 0.558 0.122 0.700 0.375
137.280 13 0.556 0.122 0.698 0.378
137.320 13 0.556 0.125 0.698 0.378
137.360 13 0.555 0.128 0.698 0.381
137.400 13 0.555 0.131 0.697 0.383
137.440 13 0.555 0.133 0.697 0.386
137.480 13 0.555 0.136 0.695 0.386
137.520 13 0.553 0.136 0.694 0.386
137.560 13 0.556 0.136 0.697 0.383
137.600 13 0.552 0.133 0.692 0.383
137.640 13 0.556 0.131 0.698 0.383
137.680 13 0.552 0.133 0.691 0.381
137.720 13 0.552 0.139 0.692 0.389
137.760 13 0.550 0.156 0.691 0.406
137.800 13 0.548 0.167 0.689 0.417
137.840 13 0.545 0.167 0.688 0.419
137.880 13 0.552 0.167 0.692 0.414
137.920 13 0.555 0.158 0.695 0.406
137.960 13 0.552 0.150 0.692 0.400
138.000 13 0.552 0.153 0.692 0.403
138.040 13 0.552 0.153 0.692 0.400
138.080 13 0.552 0.153 0.692 0.400
138.120 13 0.555 0.156 0.694 0.403
138.160 13 0.555 0.156 0.695 0.406
138.200 13 0.555 0.158 0.694 0.406
138.240 13 0.559 0.158 0.698 0.403
138.280 13 0.556 0.156 0.695 0.403
138.320 13 0.561 0.153 0.700 0.400
138.360 13 0.558 0.150 0.698 0.400
138.400 13 0.561 0.150 0.702 0.397
138.440 13 0.561 0.150 0.698 0.397
138.480 13 0.559 0.150 0.698 0.397
138.520 13 0.561 0.150 0.700 0.397
138.560 13 0.561 0.150 0.702 0.400
138.600 13 0.561 0.150 0.702 0.400
138.640 13 0.567 0.153 0.706 0.400
138.680 13 0.567 0.153 0.706 0.397
138.720 13 0.569 0.153 0.708 0.400
138.760 13 0.572 0.153 0.711 0.400
138.800 13 0.573 0.153 0.714 0.400
138.840 13 0.575 0.153 0.716 0.400
138.880 13 0.578 0.153 0.719 0.403
138.920 13 0.580 0.153 0.720 0.403
138.960 13 0.581 0.153 0.723 0.406
139.000 13 0.583 0.153 0.723 0.403
139.040 13 0.580 0.153 0.725 0.411
139.080 13 0.584 0.153 0.725 0.406
139.120 13 0.586 0.153 0.727 0.403
139.160 13 0.584 0.153 0.725 0.400
139.200 13 0.588 0.153 0.728 0.403
139.240 13 0.589 0.150 0.730 0.403
139.280 13 0.588 0.150 0.730 0.403
139.320 13 0.591 0.153 0.731 0.403
139.360 13 0.591 0.156 0.730 0.403
139.400 13 0.589 0.156 0.730 0.406
139.440 13 0.591 0.156 0.731 0.406
139.480 13 0.591 0.158 0.730 0.406
139.520 13 0.588 0.161 0.728 0.411
139.560 13 0.591 0.164 0.728 0.408
139.600 13 0.586 0.164 0.723 0.411
139.640 13 0.581 0.167 0.717 0.408
139.680 13 0.577 0.175 0.709 0.411
139.720 13 0.569 0.178 0.702 0.411
139.760 13 0.564 0.183 0.692 0.414
139.800 13 0.555 0.178 0.692 0.422
139.840 13 0.556 0.178 0.695 0.425
139.880 13 0.552 0.181 0.691 0.428
139.920 13 0.559 0.183 0.698 0.428
139.960 13 0.558 0.181 0.702 0.433
140.000 13 0.567 0.181 0.708 0.431
140.040 13 0.575 0.181 0.714 0.428
140.080 13 0.580 0.181 0.719 0.428
140.120 13 0.584 0.181 0.723 0.428
140.160 13 0.586 0.181 0.725 0.431
140.200 13 0.581 0.181 0.722 0.431
140.240 13 0.573 0.178 0.716 0.431
140.280 13 0.570 0.181 0.709 0.428
140.320 13 0.566 0.181 0.703 0.425
140.360 13 0.566 0.181 0.703 0.425
140.400 13 0.562 0.181 0.700 0.425
140.440 13 0.569 0.181 0.706 0.425
140.480 13 0.570 0.183 0.708 0.428
140.520 13 0.580 0.183 0.716 0.428
140.560 13 0.577 0.183 0.714 0.428
140.600 13 0.583 0.183 0.720 0.428
140.640 13 0.577 0.183 0.713 0.428
140.680 13 0.580 0.181 0.717 0.425
140.720 13 0.573 0.183 0.709 0.422
140.760 13 0.572 0.181 0.706 0.419
140.800 13 0.570 0.181 0.703 0.417
140.840 13 0.570 0.181 0.703 0.417
140.880 13 0.569 0.181 0.702 0.417
140.920 13 0.575 0.183 0.708 0.419
140.960 13 0.578 0.186 0.711 0.422
141.000 13 0.583 0.181 0.723 0.431
141.040 13 0.589 0.181 0.733 0.433
141.080 13 0.598 0.186 0.738 0.431
141.120 13 0.600 0.189 0.738 0.433
141.160 13 0.600 0.189 0.738 0.433
141.200 13 0.598 0.186 0.736 0.433
141.240 13 0.592 0.186 0.730 0.431
141.280 13 0.589 0.183 0.730 0.433
141.320 13 0.581 0.183 0.722 0.433
141.360 13 0.588 0.186 0.725 0.431
141.400 13 0.580 0.183 0.717 0.428
141.440 13 0.586 0.186 0.725 0.431
141.480 13 0.583 0.186 0.722 0.433
141.520 13 0.591 0.186 0.730 0.433
141.560 13 0.591 0.186 0.731 0.436
141.600 13 0.592 0.186 0.733 0.436
141.640 13 0.597 0.186 0.738 0.436
141.680 13 0.589 0.183 0.731 0.436
141.720 13 0.591 0.183 0.733 0.436
141.760 13 0.583 0.183 0.725 0.436
141.800 13 0.581 0.181 0.725 0.436
141.240 14 0.591 0.172 0.741 0.439
141.280 14 0.591 0.172 0.739 0.439
141.320 14 0.583 0.169 0.731 0.436
141.360 14 0.581 0.172 0.731 0.436
141.400 14 0.577 0.172 0.723 0.436
141.440 14 0.581 0.172 0.728 0.433
141.480 14 0.584 0.175 0.731 0.436
141.520 14 0.588 0.178 0.733 0.436
141.560 14 0.588 0.175 0.734 0.436
141.600 14 0.592 0.178 0.738 0.433
141.640 14 0.591 0.175 0.739 0.436
141.680 14 0.591 0.175 0.741 0.439
141.720 14 0.594 0.178 0.741 0.436
141.760 14 0.586 0.175 0.733 0.436
141.800 14 0.584 0.172 0.731 0.433
141.840 14 0.575 0.172 0.722 0.433
141.880 14 0.581 0.175 0.723 0.428
141.920 14 0.584 0.181 0.722 0.425
141.960 14 0.592 0.183 0.730 0.431
142.000 14 0.598 0.181 0.739 0.431
142.040 14 0.603 0.178 0.750 0.439
142.080 14 0.600 0.175 0.747 0.436
142.120 14 0.605 0.175 0.750 0.433
142.160 14 0.603 0.175 0.747 0.431
142.200 14 0.606 0.172 0.752 0.428
142.240 14 0.606 0.175 0.747 0.422
142.280 14 0.611 0.175 0.748 0.419
142.320 14 0.606 0.175 0.744 0.419
142.360 14 0.613 0.172 0.753 0.422
142.400 14 0.606 0.172 0.748 0.425
142.440 14 0.608 0.172 0.748 0.422
142.480 14 0.606 0.172 0.748 0.422
142.520 14 0.606 0.172 0.747 0.422
142.560 14 0.602 0.169 0.745 0.425
142.600 14 0.605 0.172 0.747 0.425
142.640 14 0.605 0.172 0.747 0.428
142.680 14 0.600 0.172 0.745 0.428
142.720 14 0.603 0.172 0.747 0.428
142.760 14 0.600 0.172 0.744 0.428
142.800 14 0.603 0.172 0.747 0.428
142.840 14 0.598 0.172 0.742 0.428
142.880 14 0.602 0.172 0.745 0.431
142.920 15 0.294 0.256 0.350 0.353
142.960 15 0.294 0.253 0.348 0.353
143.000 15 0.289 0.250 0.345 0.350
143.040 15 0.284 0.244 0.339 0.344
143.080 15 0.280 0.236 0.336 0.336
143.160 15 0.266 0.228 0.320 0.322
143.200 15 0.259 0.225 0.314 0.322
143.240 15 0.255 0.231 0.308 0.328
143.280 15 0.247 0.233 0.300 0.331
143.320 15 0.239 0.239 0.294 0.336
143.360 15 0.231 0.250 0.286 0.344
143.400 15 0.222 0.247 0.275 0.344
143.440 15 0.214 0.244 0.269 0.342
143.480 15 0.205 0.236 0.261 0.333
143.520 15 0.198 0.228 0.255 0.325
143.560 15 0.189 0.217 0.245 0.317
143.600 15 0.186 0.208 0.241 0.306
143.640 15 0.180 0.206 0.234 0.303
143.680 15 0.172 0.200 0.228 0.300
143.720 15 0.167 0.203 0.223 0.300
143.760 15 0.159 0.206 0.216 0.306
143.800 15 0.153 0.211 0.209 0.311
143.840 15 0.147 0.214 0.203 0.314
143.880 15 0.142 0.214 0.198 0.311
143.920 15 0.136 0.208 0.192 0.308
143.960 15 0.127 0.200 0.184 0.303
144.000 15 0.120 0.194 0.177 0.294
144.040 15 0.113 0.183 0.169 0.283
144.080 15 0.102 0.169 0.159 0.275
144.120 15 0.095 0.167 0.153 0.267
144.160 15 0.086 0.161 0.142 0.261
144.200 15 0.078 0.158 0.134 0.261
144.240 15 0.069 0.164 0.125 0.264
144.280 15 0.055 0.164 0.113 0.264
144.320 15 0.042 0.167 0.098 0.269
146.480 16 0.639 0.244 0.692 0.336
146.520 16 0.642 0.239 0.695 0.333
146.560 16 0.644 0.233 0.697 0.328
146.600 16 0.645 0.228 0.698 0.322
146.640 16 0.645 0.222 0.698 0.317
146.680 16 0.644 0.217 0.697 0.314
146.720 16 0.645 0.206 0.698 0.303
146.760 16 0.648 0.206 0.702 0.300
146.800 16 0.647 0.208 0.702 0.306
146.840 16 0.645 0.208 0.698 0.303
146.880 16 0.642 0.211 0.698 0.308
146.920 16 0.639 0.219 0.695 0.319
146.960 16 0.636 0.225 0.692 0.325
147.000 16 0.633 0.228 0.689 0.328
147.040 16 0.630 0.222 0.688 0.325
147.080 16 0.628 0.219 0.688 0.322
147.120 16 0.627 0.208 0.684 0.314
147.160 16 0.620 0.197 0.680 0.303
147.200 16 0.616 0.189 0.677 0.297
147.240 16 0.609 0.186 0.670 0.294
147.280 16 0.605 0.183 0.666 0.294
147.320 16 0.600 0.189 0.661 0.300
147.360 16 0.597 0.197 0.659 0.308
147.400 16 0.595 0.206 0.658 0.317
147.440 16 0.591 0.211 0.653 0.319
147.480 16 0.584 0.206 0.647 0.317
147.520 16 0.578 0.206 0.642 0.319
147.560 16 0.577 0.197 0.639 0.311
146.480 17 0.358 0.144 0.411 0.236
146.520 17 0.361 0.142 0.412 0.233
146.560 17 0.364 0.139 0.416 0.231
146.600 17 0.362 0.139 0.416 0.233
146.640 17 0.367 0.144 0.420 0.239
146.680 17 0.366 0.147 0.420 0.244
146.720 17 0.364 0.147 0.419 0.244
146.760 17 0.369 0.150 0.423 0.247
146.800 17 0.366 0.153 0.420 0.250
146.840 17 0.362 0.147 0.417 0.244
146.880 17 0.358 0.139 0.414 0.239
146.920 17 0.352 0.133 0.408 0.233
146.960 17 0.345 0.128 0.402 0.228
147.000 17 0.339 0.128 0.395 0.228
147.040 17 0.333 0.128 0.389 0.228
147.080 17 0.327 0.125 0.383 0.225
147.120 17 0.320 0.128 0.377 0.228
147.160 17 0.314 0.128 0.370 0.228
147.200 17 0.308 0.128 0.366 0.231
147.240 17 0.300 0.133 0.359 0.236
147.280 17 0.289 0.136 0.348 0.242
147.320 17 0.283 0.142 0.342 0.247
147.360 17 0.278 0.139 0.338 0.244
147.400 17 0.275 0.136 0.336 0.242
147.440 17 0.273 0.128 0.333 0.233
147.480 17 0.272 0.122 0.331 0.228
147.520 17 0.272 0.114 0.331 0.219
147.560 17 0.273 0.108 0.333 0.214
147.600 17 0.275 0.106 0.334 0.211
147.640 17 0.277 0.108 0.336 0.214
147.680 17 0.283 0.114 0.342 0.217
147.720 17 0.286 0.125 0.345 0.228
147.600 18 0.272 0.106 0.339 0.225
147.640 18 0.272 0.108 0.339 0.228
147.680 18 0.280 0.114 0.347 0.233
147.720 18 0.287 0.125 0.353 0.244
147.760 18 0.292 0.139 0.358 0.256
147.800 18 0.302 0.153 0.366 0.269
147.840 18 0.311 0.167 0.375 0.281
147.880 18 0.317 0.169 0.383 0.286
147.920 18 0.322 0.169 0.388 0.289
147.960 18 0.328 0.169 0.394 0.286
148.000 18 0.333 0.167 0.400 0.286
148.040 18 0.339 0.161 0.408 0.283
148.080 18 0.345 0.156 0.414 0.278
148.120 18 0.355 0.150 0.425 0.272
148.160 18 0.366 0.144 0.434 0.269
148.200 18 0.373 0.142 0.444 0.269
148.240 18 0.381 0.144 0.453 0.269
148.280 18 0.394 0.144 0.464 0.272
148.320 18 0.406 0.150 0.478 0.278
148.360 18 0.419 0.156 0.491 0.283
156.040 19 0.289 0.364 0.589 0.897
156.080 19 0.298 0.369 0.595 0.894
156.120 19 0.298 0.369 0.595 0.894
156.160 19 0.297 0.367 0.595 0.894
156.200 19 0.287 0.361 0.592 0.900
156.240 19 0.295 0.364 0.598 0.897
156.280 19 0.286 0.356 0.594 0.900
156.320 19 0.295 0.358 0.600 0.894
156.360 19 0.286 0.344 0.597 0.894
156.400 19 0.297 0.336 0.605 0.881
156.440 19 0.295 0.325 0.606 0.872
156.480 19 0.306 0.317 0.616 0.861
156.520 19 0.322 0.314 0.620 0.839
156.560 19 0.334 0.317 0.622 0.828
156.600 19 0.344 0.317 0.631 0.825
156.640 19 0.330 0.331 0.614 0.833
156.680 19 0.322 0.350 0.603 0.847
156.720 19 0.311 0.375 0.595 0.875
156.760 19 0.306 0.400 0.594 0.908
156.800 19 0.309 0.428 0.595 0.936
156.840 19 0.309 0.456 0.603 0.975
156.880 19 0.308 0.469 0.598 0.986
156.920 19 0.308 0.469 0.600 0.989
156.960 19 0.300 0.456 0.600 0.986
157.000 19 0.308 0.436 0.598 0.950
157.040 19 0.308 0.450 0.602 0.969
157.080 19 0.300 0.436 0.598 0.967
157.120 19 0.308 0.439 0.606 0.969
157.160 19 0.303 0.450 0.605 0.983
157.200 19 0.303 0.467 0.600 0.994
157.240 19 0.311 0.478 0.608 1.006
157.280 19 0.308 0.486 0.595 0.997
157.320 19 0.314 0.483 0.605 1.000
157.360 19 0.314 0.475 0.605 0.989
157.400 19 0.308 0.467 0.598 0.983
157.440 19 0.311 0.467 0.603 0.983
157.480 19 0.309 0.467 0.602 0.986
157.520 19 0.309 0.472 0.602 0.989
157.560 19 0.311 0.475 0.600 0.989
157.600 19 0.311 0.475 0.602 0.989
157.640 19 0.311 0.469 0.600 0.983
157.680 19 0.314 0.461 0.603 0.975
157.720 19 0.311 0.458 0.600 0.972
157.760 19 0.311 0.456 0.600 0.969
157.800 19 0.312 0.458 0.598 0.967
157.840 19 0.311 0.453 0.597 0.958
157.880 19 0.316 0.433 0.606 0.950
157.920 19 0.314 0.406 0.606 0.922
157.960 19 0.309 0.369 0.605 0.894
158.000 19 0.308 0.378 0.598 0.894
158.040 19 0.311 0.336 0.598 0.847
158.080 19 0.311 0.339 0.594 0.842
158.120 19 0.312 0.350 0.594 0.850
158.160 19 0.317 0.369 0.592 0.858
158.200 19 0.316 0.386 0.589 0.872
158.240 19 0.312 0.392 0.589 0.883
158.280 19 0.312 0.394 0.589 0.886
158.320 19 0.311 0.394 0.588 0.886
158.360 19 0.319 0.389 0.594 0.878
158.400 19 0.312 0.383 0.589 0.875
158.440 19 0.314 0.381 0.595 0.878
158.480 19 0.316 0.383 0.595 0.881
158.520 19 0.317 0.386 0.595 0.883
158.560 19 0.317 0.392 0.597 0.886
158.600 19 0.320 0.400 0.597 0.892
158.640 19 0.320 0.408 0.597 0.900
158.680 19 0.331 0.400 0.600 0.875
158.720 19 0.325 0.406 0.594 0.883
158.760 19 0.323 0.400 0.592 0.878
158.800 19 0.320 0.389 0.592 0.872
158.840 19 0.319 0.378 0.592 0.864
158.880 19 0.314 0.372 0.588 0.858
158.920 19 0.320 0.372 0.592 0.856
158.960 19 0.320 0.372 0.592 0.856
159.000 19 0.322 0.378 0.592 0.858
159.040 19 0.322 0.381 0.592 0.861
159.080 19 0.327 0.381 0.598 0.864
159.120 19 0.312 0.378 0.584 0.861
159.160 19 0.327 0.378 0.600 0.867
159.200 19 0.320 0.381 0.592 0.864
159.240 19 0.325 0.378 0.600 0.867
159.280 19 0.319 0.381 0.594 0.867
159.320 19 0.320 0.383 0.594 0.872
159.360 19 0.320 0.389 0.594 0.875
159.400 19 0.325 0.397 0.603 0.892
159.440 19 0.309 0.392 0.588 0.886
159.480 19 0.327 0.378 0.602 0.867
159.520 19 0.311 0.369 0.588 0.861
159.560 19 0.317 0.356 0.597 0.853
159.600 19 0.314 0.344 0.598 0.853
159.640 19 0.312 0.336 0.600 0.847
159.680 19 0.311 0.328 0.600 0.842
159.720 19 0.308 0.319 0.600 0.839
159.760 19 0.297 0.306 0.600 0.844
159.800 19 0.306 0.297 0.613 0.842
159.840 19 0.286 0.283 0.597 0.839
159.880 19 0.303 0.289 0.614 0.839
159.920 19 0.303 0.300 0.598 0.828
159.960 19 0.302 0.297 0.611 0.847
160.000 19 0.308 0.319 0.598 0.836
160.040 19 0.312 0.367 0.594 0.867
160.080 19 0.312 0.406 0.594 0.906
160.120 19 0.319 0.428 0.600 0.925
160.160 19 0.314 0.433 0.594 0.931
160.200 19 0.311 0.433 0.592 0.936
160.240 19 0.312 0.442 0.583 0.925
160.280 19 0.314 0.433 0.586 0.917
160.320 19 0.320 0.417 0.597 0.911
160.360 19 0.320 0.422 0.589 0.900
160.400 19 0.334 0.428 0.603 0.906
160.440 19 0.317 0.419 0.589 0.903
160.480 19 0.322 0.414 0.602 0.911
160.520 19 0.331 0.419 0.603 0.903
160.560 19 0.317 0.414 0.592 0.903
160.600 19 0.320 0.408 0.602 0.908
160.640 19 0.319 0.406 0.602 0.908
160.680 19 0.317 0.403 0.602 0.908
160.720 19 0.317 0.403 0.602 0.906
160.760 19 0.317 0.400 0.602 0.906
160.800 19 0.316 0.397 0.602 0.906
160.840 19 0.314 0.392 0.600 0.903
160.880 19 0.312 0.389 0.600 0.900
160.920 19 0.311 0.386 0.598 0.894
160.960 19 0.311 0.381 0.597 0.892
161.000 19 0.308 0.378 0.598 0.894
161.040 19 0.297 0.325 0.616 0.894
161.080 19 0.287 0.322 0.609 0.892
161.120 19 0.291 0.319 0.614 0.894
161.160 19 0.295 0.319 0.617 0.892
161.200 19 0.289 0.317 0.614 0.894
161.240 19 0.294 0.319 0.616 0.892
161.280 19 0.284 0.319 0.608 0.892
161.320 19 0.287 0.314 0.613 0.892
161.360 19 0.287 0.314 0.613 0.892
161.400 19 0.289 0.308 0.614 0.886
161.440 19 0.289 0.306 0.614 0.881
161.480 19 0.289 0.306 0.606 0.869
161.520 19 0.300 0.306 0.611 0.858
161.560 19 0.292 0.294 0.606 0.856
161.600 19 0.300 0.286 0.614 0.844
161.640 19 0.295 0.278 0.609 0.833
161.680 19 0.306 0.272 0.617 0.825
161.720 19 0.295 0.264 0.608 0.822
161.760 19 0.300 0.258 0.619 0.825
161.800 19 0.298 0.258 0.617 0.825
161.840 19 0.302 0.264 0.619 0.828
161.880 19 0.303 0.269 0.620 0.833
161.920 19 0.306 0.281 0.623 0.842
161.960 19 0.311 0.294 0.625 0.850
162.000 19 0.294 0.247 0.642 0.867
162.040 19 0.280 0.250 0.637 0.886
162.080 19 0.281 0.253 0.637 0.883
162.120 19 0.280 0.244 0.636 0.875
162.160 19 0.280 0.236 0.634 0.867
162.200 19 0.280 0.222 0.637 0.858
162.240 19 0.283 0.219 0.636 0.847
162.280 19 0.284 0.214 0.637 0.842
162.320 19 0.286 0.208 0.637 0.836
162.360 19 0.286 0.203 0.637 0.831
162.400 19 0.287 0.203 0.637 0.822
162.440 19 0.286 0.194 0.641 0.822
162.480 19 0.291 0.197 0.636 0.811
162.520 19 0.289 0.186 0.639 0.811
162.560 19 0.292 0.192 0.636 0.803
162.600 19 0.298 0.197 0.637 0.800
162.640 19 0.289 0.206 0.625 0.803
162.680 19 0.291 0.208 0.633 0.817
162.720 19 0.280 0.219 0.620 0.825
162.760 19 0.269 0.231 0.609 0.836
162.800 19 0.270 0.233 0.614 0.847
162.840 19 0.263 0.242 0.602 0.844
162.880 19 0.267 0.239 0.609 0.850
162.920 19 0.259 0.244 0.598 0.844
162.960 19 0.264 0.244 0.600 0.844
163.000 19 0.255 0.247 0.603 0.867
163.040 19 0.261 0.256 0.608 0.875
163.080 19 0.264 0.261 0.609 0.875
163.120 19 0.266 0.264 0.609 0.875
163.160 19 0.267 0.267 0.609 0.875
163.200 19 0.269 0.267 0.609 0.872
163.240 19 0.266 0.267 0.606 0.872
163.280 19 0.269 0.264 0.613 0.875
163.320 19 0.272 0.267 0.614 0.875
163.360 19 0.267 0.267 0.606 0.872
163.400 19 0.275 0.267 0.616 0.872
163.440 19 0.270 0.267 0.613 0.875
163.480 19 0.267 0.267 0.609 0.875
163.520 19 0.270 0.264 0.614 0.875
163.560 19 0.272 0.264 0.616 0.875
163.600 19 0.266 0.258 0.614 0.881
163.640 19 0.272 0.261 0.622 0.883
163.680 19 0.264 0.253 0.619 0.881
163.720 19 0.270 0.253 0.625 0.883
163.760 19 0.269 0.250 0.622 0.881
163.800 19 0.273 0.250 0.630 0.883
163.840 19 0.275 0.247 0.630 0.875
163.880 19 0.277 0.242 0.633 0.875
163.920 19 0.281 0.244 0.634 0.869
163.960 19 0.281 0.236 0.637 0.869
164.000 19 0.294 0.247 0.642 0.867
164.040 19 0.295 0.239 0.631 0.839
164.080 19 0.289 0.236 0.625 0.833
164.120 19 0.298 0.233 0.637 0.836
164.160 19 0.294 0.233 0.630 0.831
164.200 19 0.306 0.236 0.641 0.831
164.240 19 0.303 0.233 0.637 0.828
164.280 19 0.311 0.233 0.647 0.833
164.320 19 0.303 0.233 0.639 0.831
164.360 19 0.320 0.236 0.659 0.836
164.400 19 0.333 0.214 0.675 0.822
164.440 19 0.358 0.217 0.697 0.819
164.480 19 0.375 0.219 0.711 0.817
164.520 19 0.370 0.222 0.705 0.817
164.560 19 0.377 0.236 0.709 0.825
164.600 19 0.373 0.247 0.705 0.836
164.640 19 0.377 0.261 0.708 0.847
164.680 19 0.388 0.275 0.711 0.850
164.720 19 0.398 0.281 0.720 0.853
164.760 19 0.392 0.283 0.716 0.858
164.800 19 0.394 0.286 0.720 0.869
164.840 19 0.389 0.297 0.709 0.867
164.880 19 0.398 0.303 0.717 0.872
164.920 19 0.395 0.308 0.713 0.875
164.960 19 0.403 0.311 0.720 0.875
165.000 19 0.405 0.319 0.695 0.836
165.040 19 0.392 0.314 0.709 0.878
165.080 19 0.389 0.314 0.708 0.881
165.120 19 0.388 0.317 0.703 0.878
165.160 19 0.400 0.319 0.711 0.875
165.200 19 0.389 0.322 0.697 0.867
165.240 19 0.395 0.322 0.703 0.872
165.280 19 0.384 0.319 0.697 0.875
165.320 19 0.388 0.319 0.703 0.881
165.360 19 0.386 0.308 0.705 0.875
165.400 19 0.386 0.294 0.706 0.867
165.440 19 0.398 0.294 0.723 0.869
165.480 19 0.384 0.294 0.709 0.872
165.520 19 0.392 0.297 0.717 0.878
165.560 19 0.383 0.303 0.700 0.867
165.600 19 0.398 0.306 0.714 0.867
165.640 19 0.389 0.308 0.706 0.872
165.680 19 0.391 0.311 0.713 0.883
165.720 19 0.384 0.317 0.703 0.886
165.760 19 0.391 0.319 0.711 0.886
165.800 19 0.384 0.314 0.708 0.889
165.840 19 0.388 0.319 0.708 0.889
165.880 19 0.389 0.331 0.703 0.889
165.920 19 0.381 0.325 0.698 0.889
165.960 19 0.388 0.322 0.709 0.894
166.000 19 0.370 0.317 0.719 0.936
166.040 19 0.372 0.300 0.722 0.922
166.080 19 0.381 0.306 0.728 0.922
166.120 19 0.373 0.308 0.716 0.917
166.160 19 0.381 0.308 0.723 0.917
166.200 19 0.373 0.308 0.716 0.917
166.240 19 0.378 0.308 0.720 0.919
166.280 19 0.372 0.303 0.720 0.922
166.320 19 0.369 0.300 0.719 0.922
166.360 19 0.367 0.300 0.717 0.919
166.400 19 0.364 0.297 0.714 0.917
166.440 19 0.361 0.292 0.711 0.914
166.480 19 0.353 0.283 0.708 0.911
166.520 19 0.344 0.278 0.700 0.908
166.560 19 0.336 0.272 0.689 0.900
166.600 19 0.325 0.261 0.683 0.897
166.640 19 0.316 0.253 0.673 0.892
166.680 19 0.306 0.242 0.669 0.886
166.720 19 0.298 0.225 0.669 0.883
166.760 19 0.302 0.217 0.670 0.872
166.800 19 0.305 0.206 0.675 0.864
166.840 19 0.309 0.200 0.680 0.858
166.880 19 0.325 0.192 0.694 0.847
166.920 19 0.322 0.186 0.691 0.839
166.960 19 0.325 0.178 0.695 0.836
167.000 19 0.331 0.178 0.680 0.797
167.040 19 0.316 0.175 0.661 0.792
167.080 19 0.317 0.169 0.667 0.792
167.120 19 0.319 0.164 0.675 0.800
167.160 19 0.327 0.158 0.686 0.794
167.200 19 0.333 0.156 0.689 0.789
167.240 19 0.338 0.150 0.695 0.786
167.280 19 0.339 0.144 0.702 0.786
167.320 19 0.345 0.139 0.706 0.781
167.360 19 0.347 0.136 0.709 0.778
167.400 19 0.336 0.125 0.702 0.775
167.440 19 0.341 0.117 0.706 0.769
167.480 19 0.334 0.111 0.703 0.767
167.520 19 0.342 0.111 0.709 0.764
167.560 19 0.339 0.111 0.705 0.761
167.600 19 0.350 0.108 0.720 0.767
167.640 19 0.344 0.094 0.717 0.758
167.680 19 0.352 0.083 0.727 0.750
167.720 19 0.339 0.075 0.714 0.742
167.760 19 0.345 0.075 0.717 0.736
167.800 19 0.325 0.078 0.695 0.736
167.840 19 0.334 0.100 0.702 0.753
167.880 19 0.334 0.133 0.698 0.781
167.920 19 0.330 0.161 0.695 0.808
167.960 19 0.330 0.197 0.695 0.847
168.000 19 0.331 0.247 0.680 0.867
168.040 19 0.333 0.269 0.686 0.897
168.080 19 0.333 0.281 0.683 0.900
168.120 19 0.330 0.278 0.683 0.906
168.160 19 0.328 0.272 0.683 0.900
168.200 19 0.328 0.261 0.680 0.889
168.240 19 0.325 0.250 0.680 0.881
168.280 19 0.323 0.244 0.678 0.875
168.320 19 0.323 0.242 0.678 0.875
168.360 19 0.328 0.244 0.683 0.872
168.400 19 0.322 0.244 0.673 0.869
168.440 19 0.328 0.250 0.677 0.869
168.480 19 0.325 0.244 0.675 0.867
168.520 19 0.325 0.242 0.675 0.864
168.560 19 0.325 0.242 0.675 0.861
168.600 19 0.325 0.242 0.669 0.853
168.640 19 0.328 0.239 0.677 0.858
168.680 19 0.322 0.244 0.667 0.856
168.720 19 0.333 0.247 0.677 0.858
168.760 19 0.322 0.244 0.667 0.856
168.800 19 0.328 0.239 0.673 0.853
168.840 19 0.320 0.242 0.669 0.858
168.880 19 0.330 0.239 0.677 0.858
168.920 19 0.325 0.239 0.672 0.858
168.960 19 0.320 0.242 0.669 0.858
169.000 19 0.331 0.247 0.680 0.867
169.040 19 0.334 0.244 0.683 0.861
169.080 19 0.336 0.233 0.686 0.856
169.120 19 0.339 0.214 0.694 0.847
169.160 19 0.339 0.197 0.700 0.839
169.200 19 0.341 0.186 0.702 0.828
169.240 19 0.345 0.178 0.709 0.828
169.280 19 0.336 0.181 0.702 0.831
169.320 19 0.339 0.189 0.706 0.839
169.360 19 0.341 0.206 0.705 0.853
169.400 19 0.338 0.217 0.706 0.872
169.440 19 0.333 0.231 0.700 0.881
169.480 19 0.331 0.247 0.702 0.906
169.520 19 0.334 0.261 0.706 0.919
169.560 19 0.334 0.275 0.702 0.925
169.600 19 0.331 0.278 0.702 0.936
169.640 19 0.331 0.283 0.700 0.936
169.680 19 0.328 0.281 0.700 0.942
169.720 19 0.327 0.286 0.697 0.942
169.760 19 0.319 0.283 0.692 0.947
169.800 19 0.317 0.289 0.689 0.953
169.840 19 0.314 0.289 0.691 0.956
169.880 19 0.314 0.297 0.686 0.958
169.920 19 0.317 0.297 0.691 0.964
169.960 19 0.316 0.297 0.691 0.964
170.000 19 0.331 0.317 0.680 0.936
170.040 19 0.331 0.311 0.683 0.936
170.080 19 0.331 0.311 0.681 0.933
170.120 19 0.331 0.311 0.680 0.933
170.160 19 0.331 0.311 0.680 0.928
170.200 19 0.331 0.306 0.678 0.925
170.240 19 0.330 0.297 0.678 0.919
170.280 19 0.328 0.286 0.677 0.906
170.320 19 0.328 0.278 0.675 0.894
170.360 19 0.328 0.272 0.673 0.886
170.400 19 0.327 0.264 0.672 0.878
170.440 19 0.325 0.256 0.670 0.869
170.480 19 0.323 0.250 0.667 0.861
170.520 19 0.322 0.242 0.664 0.850
170.560 19 0.322 0.233 0.662 0.842
170.600 19 0.320 0.231 0.661 0.836
170.640 19 0.319 0.228 0.658 0.828
170.680 19 0.319 0.225 0.655 0.822
170.720 19 0.320 0.236 0.647 0.817
170.760 19 0.316 0.242 0.648 0.833
170.800 19 0.308 0.258 0.641 0.850
170.840 19 0.302 0.269 0.639 0.872
170.880 19 0.297 0.292 0.636 0.894
170.920 19 0.294 0.311 0.634 0.917
170.960 19 0.295 0.311 0.645 0.933
171.000 19 0.294 0.317 0.642 0.936
171.040 19 0.291 0.331 0.631 0.933
171.080 19 0.298 0.328 0.642 0.939
171.120 19 0.289 0.322 0.633 0.933
171.160 19 0.297 0.319 0.644 0.936
171.200 19 0.287 0.311 0.633 0.925
171.240 19 0.286 0.300 0.639 0.925
171.280 19 0.291 0.300 0.639 0.917
171.320 19 0.289 0.303 0.631 0.914
171.360 19 0.300 0.314 0.639 0.917
171.400 19 0.295 0.325 0.641 0.936
171.440 19 0.297 0.339 0.641 0.950
171.480 19 0.306 0.356 0.648 0.961
171.520 19 0.295 0.356 0.636 0.964
171.560 19 0.298 0.353 0.647 0.969
171.600 19 0.298 0.342 0.648 0.964
171.640 19 0.292 0.322 0.650 0.958
171.680 19 0.297 0.311 0.656 0.950
171.720 19 0.286 0.303 0.648 0.947
171.760 19 0.302 0.306 0.662 0.950
171.800 19 0.280 0.297 0.644 0.944
171.840 19 0.298 0.303 0.661 0.947
171.880 19 0.289 0.308 0.642 0.936
171.920 19 0.300 0.314 0.652 0.936
171.960 19 0.292 0.314 0.641 0.933
172.000 19 0.294 0.317 0.642 0.936
172.040 19 0.303 0.342 0.642 0.942
172.080 19 0.298 0.342 0.636 0.939
172.120 19 0.295 0.336 0.636 0.939
172.160 19 0.294 0.328 0.636 0.936
172.200 19 0.291 0.319 0.636 0.931
172.240 19 0.289 0.308 0.634 0.922
172.280 19 0.286 0.294 0.634 0.914
172.320 19 0.298 0.283 0.644 0.897
172.360 19 0.283 0.264 0.634 0.889
172.400 19 0.300 0.253 0.647 0.872
172.440 19 0.283 0.242 0.633 0.861
172.480 19 0.297 0.242 0.648 0.867
172.520 19 0.297 0.242 0.644 0.858
172.560 19 0.302 0.253 0.644 0.861
172.600 19 0.305 0.261 0.644 0.867
172.640 19 0.306 0.269 0.645 0.872
172.680 19 0.308 0.278 0.645 0.881
172.720 19 0.314 0.286 0.648 0.881
172.760 19 0.309 0.294 0.637 0.878
172.800 19 0.316 0.294 0.645 0.881
172.840 19 0.309 0.297 0.634 0.875
172.880 19 0.312 0.289 0.641 0.872
172.920 19 0.311 0.281 0.634 0.856
172.960 19 0.303 0.258 0.636 0.850
173.000 19 0.294 0.247 0.642 0.867
173.040 19 0.297 0.222 0.661 0.872
173.080 19 0.287 0.225 0.648 0.867
173.120 19 0.295 0.236 0.656 0.878
173.160 19 0.298 0.272 0.653 0.903
173.200 19 0.298 0.303 0.653 0.933
173.240 19 0.302 0.325 0.647 0.939
173.280 19 0.306 0.342 0.652 0.956
173.320 19 0.297 0.344 0.641 0.956
173.360 19 0.308 0.336 0.652 0.950
173.400 19 0.295 0.328 0.644 0.947
173.440 19 0.302 0.322 0.656 0.953
173.480 19 0.291 0.325 0.639 0.944
173.520 19 0.302 0.325 0.655 0.950
173.560 19 0.292 0.325 0.644 0.953
173.600 19 0.297 0.328 0.648 0.953
173.640 19 0.291 0.322 0.647 0.956
173.680 19 0.300 0.322 0.652 0.947
173.720 19 0.291 0.325 0.641 0.947
173.760 19 0.298 0.325 0.652 0.953
173.800 19 0.286 0.322 0.636 0.947
173.840 19 0.297 0.328 0.647 0.950
173.880 19 0.291 0.331 0.636 0.944
173.920 19 0.294 0.328 0.642 0.950
173.960 19 0.291 0.325 0.637 0.942
174.000 19 0.294 0.317 0.642 0.936
174.040 19 0.311 0.339 0.633 0.908
174.080 19 0.309 0.333 0.630 0.903
174.120 19 0.305 0.325 0.627 0.897
174.160 19 0.302 0.319 0.622 0.889
174.200 19 0.298 0.314 0.619 0.883
174.240 19 0.297 0.311 0.616 0.881
174.280 19 0.295 0.308 0.614 0.875
174.320 19 0.295 0.306 0.613 0.869
174.360 19 0.294 0.303 0.611 0.867
174.400 19 0.294 0.300 0.611 0.864
174.440 19 0.294 0.300 0.609 0.861
174.480 19 0.295 0.303 0.609 0.861
174.520 19 0.287 0.303 0.597 0.856
174.560 19 0.289 0.306 0.600 0.858
174.600 19 0.281 0.300 0.594 0.858
174.640 19 0.277 0.300 0.591 0.858
174.680 19 0.273 0.297 0.588 0.858
174.720 19 0.270 0.297 0.584 0.856
174.760 19 0.267 0.297 0.583 0.856
174.800 19 0.269 0.297 0.583 0.856
174.840 19 0.263 0.294 0.578 0.856
174.880 19 0.266 0.294 0.580 0.856
174.920 19 0.261 0.294 0.577 0.856
174.960 19 0.261 0.297 0.573 0.853
175.000 19 0.277 0.319 0.567 0.836
175.040 19 0.261 0.322 0.548 0.833
175.080 19 0.269 0.322 0.558 0.836
175.120 19 0.259 0.322 0.545 0.831
175.160 19 0.263 0.319 0.552 0.833
175.200 19 0.261 0.319 0.552 0.836
175.240 19 0.258 0.317 0.547 0.831
175.280 19 0.264 0.311 0.556 0.831
175.320 19 0.256 0.311 0.548 0.831
175.360 19 0.263 0.314 0.550 0.828
175.400 19 0.261 0.317 0.547 0.825
175.440 19 0.258 0.314 0.545 0.825
175.480 19 0.255 0.311 0.542 0.822
175.520 19 0.253 0.314 0.539 0.822
175.560 19 0.250 0.314 0.537 0.822
175.600 19 0.252 0.314 0.539 0.822
175.640 19 0.245 0.314 0.531 0.822
175.680 19 0.253 0.319 0.537 0.825
175.720 19 0.245 0.319 0.531 0.825
175.760 19 0.255 0.319 0.539 0.825
175.800 19 0.250 0.319 0.534 0.825
175.840 19 0.253 0.322 0.537 0.828
175.880 19 0.255 0.322 0.539 0.831
175.920 19 0.259 0.325 0.545 0.831
175.960 19 0.258 0.322 0.544 0.831
176.000 19 0.244 0.319 0.534 0.836
176.040 19 0.253 0.314 0.544 0.831
176.080 19 0.255 0.314 0.545 0.831
176.120 19 0.256 0.314 0.547 0.831
176.160 19 0.258 0.314 0.548 0.833
176.200 19 0.259 0.317 0.550 0.833
176.240 19 0.261 0.317 0.552 0.833
176.280 19 0.256 0.314 0.552 0.836
176.320 19 0.266 0.317 0.559 0.836
176.360 19 0.266 0.317 0.555 0.833
176.400 19 0.266 0.319 0.556 0.836
176.440 19 0.266 0.319 0.556 0.836
176.480 19 0.264 0.314 0.561 0.842
176.520 19 0.267 0.319 0.562 0.844
176.560 19 0.270 0.319 0.562 0.842
176.600 19 0.264 0.314 0.559 0.839
176.640 19 0.267 0.322 0.559 0.839
176.680 19 0.273 0.333 0.558 0.842
176.720 19 0.264 0.322 0.558 0.844
176.760 19 0.272 0.325 0.564 0.844
176.800 19 0.264 0.325 0.556 0.844
176.840 19 0.273 0.336 0.558 0.842
176.880 19 0.269 0.328 0.558 0.842
176.920 19 0.269 0.328 0.559 0.842
176.960 19 0.269 0.328 0.559 0.842
177.000 19 0.277 0.319 0.567 0.836
177.040 19 0.275 0.314 0.566 0.831
177.080 19 0.278 0.317 0.569 0.831
177.120 19 0.275 0.317 0.566 0.833
177.160 19 0.277 0.319 0.566 0.833
177.200 19 0.275 0.319 0.566 0.836
177.240 19 0.277 0.319 0.566 0.833
177.280 19 0.275 0.319 0.566 0.836
177.320 19 0.275 0.319 0.566 0.836
177.360 19 0.280 0.331 0.564 0.836
177.400 19 0.273 0.322 0.562 0.836
177.440 19 0.277 0.322 0.566 0.839
177.480 19 0.275 0.322 0.566 0.839
177.520 19 0.281 0.333 0.566 0.839
177.560 19 0.273 0.325 0.562 0.839
177.600 19 0.280 0.325 0.569 0.839
177.640 19 0.277 0.325 0.567 0.842
177.680 19 0.272 0.317 0.569 0.844
177.720 19 0.281 0.325 0.570 0.839
177.760 19 0.273 0.325 0.567 0.847
177.800 19 0.284 0.322 0.575 0.842
177.840 19 0.272 0.325 0.566 0.847
177.880 19 0.284 0.325 0.575 0.839
177.920 19 0.270 0.317 0.566 0.842
177.960 19 0.278 0.325 0.569 0.842
178.000 19 0.277 0.319 0.567 0.836
178.040 19 0.277 0.319 0.567 0.836
178.080 19 0.277 0.319 0.567 0.836
178.120 19 0.277 0.319 0.567 0.836
182.600 20 0.523 0.192 0.609 0.342
182.640 20 0.528 0.192 0.614 0.342
182.680 20 0.528 0.197 0.613 0.347
182.720 20 0.528 0.211 0.614 0.364
182.760 20 0.531 0.228 0.617 0.378
182.800 20 0.528 0.239 0.614 0.389
182.840 20 0.525 0.247 0.609 0.397
182.880 20 0.519 0.244 0.602 0.392
182.920 20 0.517 0.233 0.598 0.378
182.960 20 0.514 0.222 0.595 0.367
183.000 20 0.508 0.217 0.589 0.361
183.040 20 0.503 0.211 0.584 0.358
183.080 20 0.506 0.208 0.588 0.350
183.120 20 0.509 0.214 0.591 0.356
183.160 20 0.511 0.222 0.591 0.364
183.200 20 0.514 0.222 0.592 0.361
183.240 20 0.517 0.217 0.595 0.356
183.280 20 0.516 0.228 0.594 0.367
183.320 20 0.516 0.239 0.592 0.375
183.360 20 0.516 0.242 0.592 0.378
183.400 20 0.514 0.244 0.591 0.383
183.440 20 0.511 0.253 0.589 0.389
183.480 20 0.516 0.250 0.594 0.389
183.520 20 0.517 0.242 0.594 0.378
183.560 20 0.516 0.228 0.594 0.367
183.600 20 0.516 0.211 0.594 0.350
183.640 20 0.520 0.189 0.598 0.328
183.680 20 0.516 0.181 0.592 0.319
183.720 20 0.508 0.175 0.584 0.314
183.760 20 0.506 0.175 0.584 0.314
183.800 20 0.505 0.181 0.583 0.319
183.840 20 0.502 0.192 0.580 0.331
183.880 20 0.498 0.197 0.577 0.339
183.920 20 0.497 0.203 0.575 0.339
183.960 20 0.498 0.206 0.577 0.344
184.000 20 0.505 0.206 0.583 0.344
184.040 20 0.512 0.208 0.591 0.347
184.080 20 0.516 0.206 0.594 0.344
184.120 20 0.516 0.200 0.594 0.339
184.160 20 0.511 0.203 0.589 0.342
184.200 20 0.512 0.214 0.591 0.353
184.240 20 0.514 0.217 0.591 0.356
184.280 20 0.516 0.219 0.592 0.356
184.320 20 0.514 0.222 0.592 0.358
184.360 20 0.514 0.228 0.592 0.367
184.400 20 0.516 0.236 0.592 0.375
184.440 20 0.517 0.239 0.594 0.378
184.480 20 0.512 0.242 0.591 0.378
