8.440 0 0.197 0.361 0.261 0.472
8.480 0 0.200 0.361 0.263 0.472
8.520 0 0.203 0.361 0.266 0.472
8.560 0 0.208 0.361 0.270 0.472
8.600 0 0.211 0.358 0.272 0.467
8.640 0 0.216 0.358 0.277 0.467
8.680 0 0.220 0.358 0.280 0.467
8.720 0 0.223 0.358 0.283 0.464
8.760 0 0.230 0.358 0.287 0.461
8.800 0 0.234 0.361 0.291 0.461
8.840 0 0.239 0.361 0.295 0.461
8.880 0 0.244 0.358 0.300 0.458
8.920 0 0.247 0.361 0.303 0.461
8.960 0 0.250 0.361 0.308 0.461
9.000 0 0.258 0.361 0.314 0.461
9.040 0 0.264 0.364 0.319 0.461
9.080 0 0.269 0.367 0.325 0.464
9.120 0 0.277 0.372 0.331 0.469
9.160 0 0.283 0.381 0.338 0.478
9.200 0 0.287 0.386 0.342 0.483
9.240 0 0.294 0.397 0.348 0.494
9.280 0 0.300 0.408 0.353 0.503
10.360 1 0.392 0.492 0.448 0.594
10.400 1 0.389 0.492 0.445 0.592
10.440 1 0.389 0.489 0.445 0.589
10.480 1 0.389 0.489 0.444 0.589
10.520 1 0.388 0.489 0.444 0.586
10.560 1 0.388 0.489 0.444 0.586
10.600 1 0.386 0.489 0.441 0.586
10.640 1 0.386 0.486 0.441 0.586
10.680 1 0.386 0.486 0.442 0.586
10.720 1 0.384 0.489 0.439 0.586
10.760 1 0.384 0.489 0.441 0.589
10.800 1 0.383 0.489 0.439 0.589
10.840 1 0.384 0.492 0.441 0.589
10.880 1 0.383 0.492 0.439 0.592
10.920 1 0.383 0.492 0.439 0.592
10.960 1 0.383 0.492 0.442 0.597
11.000 1 0.383 0.494 0.439 0.594
11.040 1 0.383 0.497 0.441 0.600
11.080 1 0.383 0.500 0.441 0.600
11.120 1 0.383 0.500 0.439 0.603
11.160 1 0.383 0.503 0.439 0.603
11.200 1 0.383 0.503 0.441 0.606
11.240 1 0.383 0.503 0.439 0.606
11.280 1 0.384 0.503 0.441 0.606
11.320 1 0.383 0.503 0.439 0.603
11.360 1 0.384 0.503 0.441 0.603
11.400 1 0.381 0.503 0.439 0.603
11.440 1 0.381 0.500 0.439 0.603
11.480 1 0.380 0.500 0.436 0.603
11.520 1 0.378 0.500 0.436 0.600
11.560 1 0.375 0.497 0.433 0.600
11.600 1 0.375 0.497 0.433 0.600
11.640 1 0.372 0.497 0.430 0.600
11.680 1 0.372 0.494 0.430 0.597
11.720 1 0.369 0.494 0.427 0.597
11.760 1 0.369 0.494 0.427 0.597
11.800 1 0.366 0.494 0.423 0.597
11.840 1 0.366 0.494 0.422 0.594
11.880 1 0.364 0.494 0.420 0.594
11.920 1 0.362 0.494 0.420 0.594
11.960 1 0.362 0.494 0.419 0.594
12.000 1 0.364 0.494 0.420 0.594
12.040 1 0.364 0.494 0.420 0.594
12.080 1 0.364 0.492 0.422 0.594
14.760 2 0.589 0.164 0.670 0.311
14.800 2 0.592 0.164 0.672 0.308
14.840 2 0.592 0.164 0.673 0.311
14.880 2 0.594 0.164 0.675 0.311
14.920 2 0.595 0.164 0.677 0.311
14.960 2 0.597 0.167 0.678 0.311
15.000 2 0.598 0.167 0.678 0.311
15.040 2 0.597 0.158 0.684 0.314
15.080 2 0.597 0.158 0.683 0.314
15.120 2 0.598 0.156 0.686 0.314
15.160 2 0.597 0.156 0.686 0.314
15.200 2 0.598 0.158 0.688 0.317
15.240 2 0.598 0.158 0.686 0.317
15.280 2 0.600 0.161 0.688 0.317
15.320 2 0.600 0.164 0.686 0.319
15.360 2 0.600 0.164 0.686 0.319
15.400 2 0.600 0.169 0.684 0.319
15.440 2 0.603 0.172 0.686 0.319
15.480 2 0.602 0.172 0.684 0.322
15.520 2 0.602 0.172 0.684 0.322
15.560 2 0.598 0.172 0.683 0.325
15.600 2 0.598 0.172 0.683 0.322
15.640 2 0.600 0.169 0.684 0.322
15.680 2 0.597 0.169 0.683 0.322
15.720 2 0.598 0.167 0.684 0.322
15.760 2 0.597 0.169 0.683 0.322
15.800 2 0.600 0.167 0.686 0.322
15.840 2 0.598 0.167 0.684 0.319
15.880 2 0.602 0.167 0.688 0.322
15.920 2 0.600 0.164 0.686 0.317
15.960 2 0.602 0.161 0.691 0.319
16.000 2 0.598 0.144 0.695 0.317
16.040 2 0.598 0.142 0.692 0.317
16.080 2 0.600 0.133 0.694 0.308
16.120 2 0.600 0.122 0.695 0.300
16.160 2 0.602 0.111 0.695 0.286
16.200 2 0.603 0.100 0.697 0.275
16.240 2 0.603 0.086 0.697 0.261
16.280 2 0.605 0.078 0.698 0.253
16.320 2 0.606 0.067 0.700 0.239
16.360 2 0.609 0.053 0.703 0.228
16.400 2 0.611 0.044 0.705 0.219
16.440 2 0.614 0.036 0.708 0.208
16.480 2 0.617 0.025 0.711 0.200
16.520 2 0.622 0.017 0.713 0.189
16.560 2 0.623 0.006 0.717 0.181
16.600 2 0.627 -0.003 0.720 0.172
16.640 2 0.630 -0.008 0.723 0.164
16.680 2 0.633 -0.014 0.727 0.158
16.720 2 0.639 -0.011 0.725 0.156
16.760 2 0.644 -0.017 0.727 0.150
16.800 2 0.645 -0.019 0.730 0.147
16.840 2 0.648 -0.019 0.733 0.144
16.880 2 0.652 -0.022 0.734 0.142
16.920 2 0.655 -0.022 0.738 0.142
16.960 2 0.658 -0.025 0.741 0.139
17.000 2 0.661 -0.025 0.742 0.136
17.040 2 0.669 -0.022 0.742 0.125
17.080 2 0.672 -0.022 0.745 0.122
17.120 2 0.673 -0.025 0.747 0.119
17.160 2 0.677 -0.025 0.748 0.119
17.200 2 0.677 -0.025 0.748 0.117
17.240 2 0.678 -0.025 0.750 0.117
17.280 2 0.678 -0.025 0.748 0.117
17.320 2 0.678 -0.025 0.750 0.117
17.360 2 0.680 -0.025 0.752 0.117
17.400 2 0.678 -0.025 0.750 0.117
17.440 2 0.680 -0.025 0.750 0.117
17.480 2 0.680 -0.025 0.750 0.117
17.520 2 0.680 -0.025 0.750 0.114
17.560 2 0.681 -0.025 0.752 0.117
17.600 2 0.678 -0.025 0.748 0.114
17.640 2 0.680 -0.025 0.750 0.117
17.680 2 0.677 -0.025 0.748 0.117
17.720 2 0.678 -0.025 0.748 0.117
17.760 2 0.675 -0.025 0.747 0.117
17.800 2 0.677 -0.022 0.747 0.117
17.840 2 0.675 -0.022 0.745 0.119
17.880 2 0.677 -0.022 0.747 0.119
17.920 2 0.675 -0.022 0.745 0.119
17.960 2 0.675 -0.022 0.745 0.119
18.000 2 0.678 -0.019 0.745 0.114
18.040 2 0.678 -0.019 0.745 0.114
18.080 2 0.678 -0.019 0.744 0.111
18.120 2 0.678 -0.019 0.744 0.111
18.160 2 0.678 -0.022 0.744 0.111
18.200 2 0.678 -0.022 0.744 0.108
18.240 2 0.677 -0.025 0.744 0.108
18.280 2 0.677 -0.025 0.744 0.108
18.320 2 0.677 -0.028 0.744 0.106
18.360 2 0.677 -0.028 0.742 0.103
18.400 2 0.677 -0.028 0.742 0.103
18.440 2 0.675 -0.028 0.741 0.103
18.480 2 0.672 -0.031 0.738 0.100
18.520 2 0.670 -0.033 0.738 0.100
18.560 2 0.667 -0.036 0.734 0.097
20.640 3 0.602 0.042 0.703 0.225
20.680 3 0.606 0.044 0.708 0.225
20.720 3 0.603 0.044 0.705 0.228
20.760 3 0.608 0.044 0.709 0.228
20.800 3 0.611 0.050 0.709 0.228
20.840 3 0.616 0.056 0.713 0.231
20.880 3 0.617 0.058 0.714 0.233
20.920 3 0.619 0.061 0.716 0.236
20.960 3 0.620 0.064 0.717 0.239
21.000 3 0.620 0.067 0.717 0.242
21.040 3 0.620 0.072 0.714 0.242
21.080 3 0.620 0.072 0.716 0.244
21.120 3 0.616 0.069 0.713 0.244
21.160 3 0.614 0.069 0.711 0.244
21.200 3 0.611 0.072 0.708 0.244
21.240 3 0.606 0.072 0.703 0.247
21.280 3 0.600 0.075 0.697 0.250
21.320 3 0.594 0.075 0.692 0.253
21.360 3 0.589 0.075 0.688 0.250
21.400 3 0.584 0.078 0.681 0.250
21.440 3 0.577 0.081 0.673 0.253
21.480 3 0.575 0.075 0.670 0.247
21.520 3 0.567 0.075 0.661 0.244
21.560 3 0.566 0.072 0.659 0.242
21.600 3 0.561 0.069 0.655 0.242
21.640 3 0.562 0.069 0.658 0.239
21.680 3 0.556 0.069 0.650 0.242
21.720 3 0.552 0.069 0.645 0.239
22.480 3 0.531 0.064 0.623 0.231
22.520 3 0.537 0.064 0.630 0.231
22.560 3 0.534 0.064 0.627 0.231
22.600 3 0.533 0.061 0.627 0.231
22.640 3 0.531 0.061 0.627 0.231
22.680 3 0.531 0.058 0.625 0.231
22.720 3 0.530 0.056 0.625 0.228
22.760 3 0.528 0.056 0.623 0.228
22.800 3 0.527 0.056 0.622 0.228
22.840 3 0.525 0.053 0.622 0.228
22.880 3 0.523 0.053 0.620 0.228
22.920 3 0.522 0.050 0.620 0.228
22.960 3 0.517 0.047 0.616 0.225
23.000 3 0.512 0.047 0.609 0.222
23.040 3 0.505 0.044 0.603 0.222
23.080 3 0.500 0.042 0.598 0.219
23.120 3 0.495 0.044 0.592 0.219
23.160 3 0.489 0.044 0.586 0.219
23.200 3 0.483 0.042 0.581 0.219
23.240 3 0.478 0.039 0.577 0.217
23.280 3 0.472 0.036 0.572 0.217
23.320 3 0.466 0.033 0.566 0.214
28.480 4 0.031 0.203 0.122 0.364
28.520 4 0.028 0.197 0.117 0.356
28.560 4 0.028 0.192 0.119 0.353
28.600 4 0.025 0.186 0.117 0.350
28.640 4 0.027 0.186 0.116 0.347
28.680 4 0.020 0.183 0.113 0.347
28.720 4 0.019 0.181 0.111 0.344
28.760 4 0.020 0.181 0.111 0.342
28.800 4 0.020 0.181 0.109 0.339
28.840 4 0.023 0.181 0.114 0.342
28.880 4 0.025 0.183 0.114 0.342
28.920 4 0.028 0.183 0.119 0.347
28.960 4 0.030 0.186 0.122 0.350
29.000 4 0.031 0.189 0.122 0.350
29.040 4 0.031 0.192 0.123 0.353
29.080 4 0.033 0.194 0.123 0.356
29.120 4 0.034 0.194 0.125 0.356
29.160 4 0.033 0.194 0.123 0.356
29.200 4 0.037 0.194 0.128 0.356
29.240 4 0.034 0.197 0.125 0.356
29.280 4 0.039 0.194 0.130 0.356
29.320 4 0.037 0.194 0.127 0.356
29.360 4 0.042 0.200 0.128 0.350
29.400 4 0.047 0.203 0.128 0.347
29.440 4 0.048 0.203 0.130 0.347
29.480 4 0.048 0.206 0.130 0.347
29.520 4 0.050 0.206 0.131 0.350
29.560 4 0.052 0.206 0.131 0.350
29.600 4 0.053 0.208 0.133 0.353
29.640 4 0.055 0.214 0.131 0.350
29.680 4 0.058 0.214 0.138 0.356
29.720 4 0.059 0.219 0.136 0.356
29.760 4 0.061 0.217 0.142 0.358
29.800 4 0.062 0.217 0.144 0.361
29.840 4 0.069 0.225 0.145 0.361
29.880 4 0.066 0.225 0.147 0.369
29.920 4 0.067 0.228 0.148 0.372
29.960 4 0.067 0.228 0.148 0.372
30.000 4 0.067 0.231 0.148 0.375
30.040 4 0.067 0.231 0.148 0.375
30.080 4 0.067 0.231 0.148 0.375
30.120 4 0.069 0.233 0.150 0.378
30.160 4 0.069 0.233 0.150 0.378
30.200 4 0.072 0.236 0.152 0.381
30.240 4 0.075 0.239 0.155 0.381
30.280 4 0.075 0.239 0.158 0.386
30.320 4 0.081 0.242 0.164 0.389
30.360 4 0.086 0.244 0.169 0.392
30.400 4 0.092 0.244 0.175 0.394
28.480 5 0.366 0.242 0.428 0.353
28.520 5 0.372 0.233 0.434 0.347
28.560 5 0.377 0.225 0.439 0.339
28.600 5 0.381 0.217 0.445 0.331
28.640 5 0.386 0.206 0.452 0.322
28.680 5 0.391 0.197 0.456 0.317
28.720 5 0.397 0.189 0.463 0.308
28.760 5 0.402 0.186 0.467 0.303
28.800 5 0.412 0.178 0.478 0.294
28.840 5 0.420 0.172 0.487 0.289
28.880 5 0.430 0.172 0.495 0.289
28.920 5 0.436 0.172 0.502 0.289
28.960 5 0.441 0.172 0.506 0.289
29.000 5 0.445 0.167 0.512 0.286
29.040 5 0.442 0.144 0.523 0.292
29.080 5 0.447 0.136 0.530 0.283
29.120 5 0.452 0.128 0.534 0.275
29.160 5 0.458 0.117 0.544 0.267
29.200 5 0.464 0.108 0.548 0.258
29.240 5 0.469 0.100 0.555 0.253
29.280 5 0.473 0.094 0.559 0.247
29.320 5 0.480 0.092 0.564 0.242
29.360 5 0.486 0.089 0.569 0.239
29.400 5 0.489 0.086 0.572 0.233
29.440 5 0.492 0.086 0.577 0.233
29.480 5 0.495 0.083 0.581 0.233
29.520 5 0.497 0.083 0.581 0.233
29.560 5 0.500 0.083 0.586 0.236
29.600 5 0.502 0.083 0.588 0.233
29.640 5 0.506 0.083 0.592 0.236
29.680 5 0.508 0.086 0.594 0.236
29.720 5 0.512 0.086 0.598 0.239
29.760 5 0.516 0.089 0.600 0.239
29.800 5 0.519 0.089 0.605 0.244
29.840 5 0.520 0.092 0.606 0.244
29.880 5 0.525 0.094 0.611 0.247
29.920 5 0.525 0.094 0.611 0.247
29.960 5 0.527 0.094 0.613 0.250
30.000 5 0.523 0.086 0.620 0.258
30.040 5 0.525 0.089 0.622 0.258
30.080 5 0.527 0.092 0.622 0.261
30.120 5 0.530 0.094 0.623 0.261
30.160 5 0.531 0.094 0.625 0.261
30.200 5 0.531 0.097 0.625 0.264
30.240 5 0.533 0.097 0.627 0.264
30.280 5 0.533 0.100 0.627 0.267
30.320 5 0.531 0.103 0.625 0.269
30.360 5 0.528 0.103 0.625 0.275
30.400 5 0.525 0.106 0.622 0.281
30.600 5 0.519 0.178 0.589 0.300
30.640 5 0.514 0.192 0.583 0.311
30.680 5 0.511 0.200 0.581 0.319
30.720 5 0.511 0.208 0.580 0.331
30.760 5 0.509 0.219 0.580 0.339
30.800 5 0.509 0.228 0.578 0.347
30.840 5 0.509 0.236 0.580 0.358
30.880 5 0.509 0.242 0.578 0.364
30.920 5 0.508 0.244 0.578 0.367
30.960 5 0.508 0.247 0.578 0.369
31.000 5 0.505 0.247 0.573 0.367
31.040 5 0.500 0.244 0.570 0.367
31.080 5 0.497 0.247 0.569 0.369
31.120 5 0.494 0.247 0.566 0.372
31.160 5 0.489 0.250 0.561 0.378
31.200 5 0.484 0.256 0.556 0.381
32.240 6 0.770 0.242 0.822 0.331
32.280 6 0.773 0.242 0.825 0.331
32.320 6 0.772 0.239 0.823 0.331
32.360 6 0.775 0.242 0.827 0.333
32.400 6 0.773 0.242 0.825 0.336
32.440 6 0.772 0.242 0.827 0.336
32.480 6 0.773 0.242 0.827 0.339
32.520 6 0.772 0.244 0.825 0.336
32.560 6 0.772 0.244 0.825 0.339
32.600 6 0.770 0.244 0.823 0.339
32.640 6 0.770 0.244 0.823 0.339
32.680 6 0.769 0.247 0.822 0.342
32.720 6 0.767 0.247 0.820 0.342
32.760 6 0.766 0.250 0.819 0.344
32.800 6 0.764 0.253 0.817 0.347
32.840 6 0.761 0.256 0.816 0.350
32.880 6 0.759 0.256 0.814 0.350
32.920 6 0.756 0.256 0.812 0.358
32.960 6 0.755 0.261 0.809 0.358
33.000 6 0.752 0.261 0.808 0.361
33.040 6 0.752 0.264 0.806 0.358
33.080 6 0.750 0.267 0.805 0.361
33.120 6 0.747 0.269 0.802 0.364
33.160 6 0.745 0.269 0.800 0.367
33.200 6 0.744 0.272 0.798 0.369
33.240 6 0.742 0.272 0.797 0.369
33.280 6 0.741 0.275 0.795 0.372
33.320 6 0.739 0.278 0.794 0.375
33.360 6 0.738 0.278 0.792 0.375
33.400 6 0.736 0.281 0.791 0.378
33.440 6 0.736 0.283 0.791 0.378
33.480 6 0.734 0.283 0.789 0.381
33.520 6 0.733 0.286 0.787 0.381
33.560 6 0.733 0.286 0.787 0.381
33.600 6 0.731 0.286 0.786 0.383
33.640 6 0.733 0.289 0.786 0.383
33.680 6 0.731 0.289 0.786 0.383
33.720 6 0.731 0.289 0.786 0.386
33.760 6 0.731 0.289 0.786 0.386
33.800 6 0.731 0.289 0.786 0.386
33.840 6 0.731 0.289 0.786 0.386
33.880 6 0.731 0.292 0.787 0.389
33.920 6 0.731 0.292 0.786 0.389
33.960 6 0.731 0.294 0.787 0.394
34.000 6 0.733 0.294 0.789 0.394
34.040 6 0.731 0.297 0.787 0.397
34.080 6 0.733 0.300 0.789 0.400
34.120 6 0.733 0.306 0.791 0.408
34.160 6 0.733 0.308 0.789 0.411
34.200 6 0.731 0.311 0.787 0.411
34.240 6 0.733 0.311 0.791 0.414
34.280 6 0.731 0.311 0.789 0.414
34.320 6 0.733 0.311 0.791 0.417
34.360 6 0.733 0.311 0.791 0.414
34.400 6 0.734 0.311 0.792 0.414
34.440 6 0.736 0.311 0.795 0.414
34.480 6 0.739 0.311 0.797 0.414
34.520 6 0.738 0.311 0.795 0.414
34.560 6 0.741 0.311 0.798 0.417
34.600 6 0.739 0.314 0.798 0.417
36.960 7 0.233 0.103 0.438 0.467
37.000 7 0.214 0.103 0.416 0.461
37.040 7 0.202 0.097 0.406 0.461
37.080 7 0.208 0.094 0.412 0.458
37.120 7 0.211 0.097 0.412 0.456
37.160 7 0.212 0.106 0.412 0.458
37.200 7 0.206 0.108 0.409 0.469
37.240 7 0.214 0.106 0.422 0.475
37.280 7 0.205 0.103 0.416 0.478
37.320 7 0.217 0.108 0.427 0.481
37.360 7 0.227 0.108 0.436 0.481
37.400 7 0.239 0.106 0.448 0.478
37.640 7 0.350 0.169 0.547 0.522
37.680 7 0.345 0.181 0.550 0.544
37.720 7 0.347 0.208 0.552 0.572
37.760 7 0.341 0.217 0.544 0.578
37.800 7 0.325 0.200 0.528 0.564
37.840 7 0.325 0.181 0.525 0.536
37.880 7 0.323 0.161 0.522 0.514
37.920 7 0.325 0.153 0.522 0.500
37.960 7 0.327 0.144 0.530 0.503
38.000 7 0.325 0.142 0.527 0.500
38.040 7 0.323 0.122 0.527 0.486
38.080 7 0.317 0.117 0.522 0.481
38.120 7 0.317 0.111 0.522 0.475
38.160 7 0.311 0.108 0.514 0.469
38.200 7 0.312 0.108 0.516 0.469
38.240 7 0.306 0.114 0.508 0.472
38.280 7 0.308 0.117 0.511 0.478
38.320 7 0.303 0.122 0.505 0.478
38.360 7 0.308 0.122 0.506 0.475
38.400 7 0.303 0.119 0.500 0.469
38.440 7 0.306 0.119 0.502 0.467
38.480 7 0.300 0.117 0.500 0.472
38.520 7 0.292 0.136 0.494 0.494
38.560 7 0.291 0.150 0.491 0.506
38.600 7 0.286 0.161 0.484 0.514
38.640 7 0.281 0.161 0.477 0.511
38.680 7 0.281 0.147 0.480 0.500
38.720 7 0.278 0.119 0.478 0.475
38.760 7 0.280 0.111 0.481 0.469
38.800 7 0.283 0.114 0.483 0.469
38.840 7 0.273 0.111 0.481 0.481
38.880 7 0.278 0.117 0.486 0.486
38.920 7 0.280 0.133 0.480 0.489
38.960 7 0.280 0.139 0.483 0.497
39.000 7 0.281 0.142 0.483 0.500
39.040 7 0.270 0.156 0.475 0.522
39.080 7 0.263 0.156 0.472 0.528
39.120 7 0.267 0.158 0.478 0.533
39.160 7 0.263 0.167 0.472 0.542
39.200 7 0.267 0.178 0.477 0.547
39.240 7 0.263 0.172 0.478 0.558
39.280 7 0.264 0.175 0.483 0.561
39.320 7 0.266 0.178 0.486 0.569
39.360 7 0.259 0.189 0.483 0.586
39.400 7 0.255 0.200 0.478 0.594
39.440 7 0.256 0.192 0.481 0.594
39.480 7 0.258 0.186 0.481 0.583
39.520 7 0.256 0.183 0.478 0.578
39.560 7 0.261 0.178 0.481 0.572
39.600 7 0.256 0.178 0.475 0.567
39.640 7 0.261 0.181 0.480 0.569
39.680 7 0.256 0.183 0.473 0.569
39.720 7 0.263 0.181 0.480 0.567
39.760 7 0.258 0.178 0.472 0.558
39.800 7 0.263 0.178 0.478 0.558
39.840 7 0.261 0.178 0.475 0.558
39.880 7 0.259 0.178 0.472 0.558
39.920 7 0.263 0.172 0.475 0.553
39.960 7 0.256 0.167 0.470 0.547
40.000 7 0.258 0.183 0.459 0.542
40.040 7 0.264 0.167 0.470 0.533
40.080 7 0.266 0.164 0.470 0.525
40.120 7 0.266 0.158 0.472 0.525
40.160 7 0.267 0.158 0.470 0.519
40.200 7 0.267 0.150 0.475 0.519
40.240 7 0.266 0.150 0.472 0.514
40.280 7 0.264 0.147 0.469 0.508
40.320 7 0.267 0.144 0.472 0.508
40.360 7 0.263 0.144 0.466 0.506
40.400 7 0.264 0.144 0.469 0.508
40.440 7 0.266 0.144 0.469 0.508
40.480 7 0.263 0.144 0.464 0.506
40.520 7 0.264 0.144 0.467 0.508
40.560 7 0.261 0.144 0.463 0.506
40.600 7 0.263 0.142 0.467 0.506
40.640 7 0.266 0.147 0.467 0.506
40.680 7 0.266 0.147 0.467 0.508
40.720 7 0.267 0.150 0.469 0.508
40.760 7 0.267 0.150 0.467 0.506
40.800 7 0.266 0.147 0.467 0.506
40.840 7 0.269 0.150 0.466 0.500
40.880 7 0.275 0.153 0.472 0.500
40.920 7 0.272 0.150 0.470 0.503
40.960 7 0.270 0.147 0.472 0.506
41.000 7 0.281 0.142 0.483 0.500
41.040 7 0.281 0.142 0.483 0.500
41.080 7 0.283 0.144 0.483 0.500
41.120 7 0.284 0.133 0.494 0.506
41.160 7 0.270 0.125 0.484 0.506
41.200 7 0.283 0.133 0.494 0.511
41.240 7 0.283 0.142 0.484 0.500
41.280 7 0.284 0.131 0.492 0.500
41.320 7 0.269 0.119 0.484 0.500
41.360 7 0.284 0.128 0.483 0.481
41.400 7 0.278 0.122 0.483 0.486
41.440 7 0.277 0.131 0.473 0.481
41.480 7 0.287 0.133 0.484 0.483
41.520 7 0.281 0.122 0.484 0.486
41.560 7 0.292 0.133 0.486 0.478
41.600 7 0.286 0.125 0.484 0.481
41.640 7 0.283 0.131 0.478 0.478
41.680 7 0.284 0.128 0.489 0.489
41.720 7 0.284 0.125 0.487 0.486
41.760 7 0.284 0.125 0.486 0.483
41.800 7 0.284 0.125 0.486 0.483
41.840 7 0.286 0.125 0.487 0.486
41.880 7 0.287 0.131 0.489 0.486
41.920 7 0.281 0.128 0.491 0.500
41.960 7 0.300 0.139 0.503 0.503
42.000 7 0.303 0.142 0.505 0.500
42.040 7 0.316 0.125 0.528 0.503
42.080 7 0.317 0.125 0.528 0.500
42.120 7 0.312 0.128 0.517 0.494
42.160 7 0.298 0.128 0.505 0.492
42.200 7 0.292 0.136 0.497 0.500
42.240 7 0.302 0.142 0.506 0.506
42.280 7 0.302 0.142 0.505 0.506
42.320 7 0.294 0.139 0.500 0.506
42.360 7 0.287 0.133 0.492 0.497
42.400 7 0.286 0.131 0.487 0.492
42.440 7 0.283 0.128 0.487 0.492
42.480 7 0.287 0.131 0.491 0.492
42.520 7 0.281 0.128 0.483 0.486
42.560 7 0.283 0.122 0.486 0.483
42.600 7 0.277 0.117 0.480 0.478
42.640 7 0.281 0.114 0.484 0.475
42.680 7 0.278 0.114 0.481 0.475
42.720 7 0.280 0.114 0.483 0.478
42.760 7 0.273 0.114 0.478 0.475
42.800 7 0.277 0.114 0.480 0.475
42.840 7 0.275 0.114 0.477 0.472
42.880 7 0.278 0.114 0.480 0.472
42.920 7 0.277 0.117 0.475 0.469
42.960 7 0.277 0.117 0.475 0.469
43.000 7 0.281 0.103 0.483 0.461
43.040 7 0.281 0.103 0.483 0.461
43.080 7 0.281 0.100 0.483 0.458
43.120 7 0.280 0.100 0.483 0.458
43.160 7 0.280 0.097 0.484 0.461
43.200 7 0.280 0.097 0.483 0.458
43.240 7 0.278 0.103 0.475 0.453
43.280 7 0.291 0.114 0.483 0.453
43.320 7 0.280 0.106 0.475 0.453
43.360 7 0.278 0.100 0.483 0.464
43.400 7 0.273 0.106 0.477 0.467
43.440 7 0.275 0.108 0.480 0.472
43.480 7 0.269 0.111 0.473 0.475
43.520 7 0.270 0.111 0.473 0.475
43.560 7 0.273 0.106 0.481 0.475
43.600 7 0.278 0.106 0.481 0.467
43.640 7 0.284 0.094 0.487 0.458
43.680 7 0.286 0.100 0.489 0.461
43.720 7 0.295 0.100 0.498 0.464
43.760 7 0.295 0.103 0.500 0.467
44.240 7 0.289 0.147 0.469 0.467
44.280 7 0.289 0.133 0.473 0.461
44.320 7 0.278 0.125 0.464 0.453
44.360 7 0.284 0.125 0.470 0.456
44.400 7 0.277 0.125 0.464 0.458
44.440 7 0.281 0.128 0.467 0.458
44.480 7 0.272 0.128 0.456 0.458
44.520 7 0.278 0.122 0.472 0.467
44.560 7 0.273 0.122 0.466 0.464
44.600 7 0.277 0.131 0.467 0.469
44.640 7 0.266 0.136 0.456 0.475
44.680 7 0.266 0.133 0.452 0.464
44.720 7 0.269 0.131 0.452 0.453
44.760 7 0.267 0.125 0.448 0.447
44.800 7 0.270 0.125 0.453 0.450
44.840 7 0.263 0.128 0.441 0.444
44.880 7 0.273 0.136 0.448 0.447
44.920 7 0.261 0.136 0.439 0.453
44.960 7 0.272 0.142 0.445 0.453
45.000 7 0.270 0.150 0.439 0.450
45.040 7 0.261 0.144 0.445 0.469
45.080 7 0.264 0.147 0.445 0.472
45.120 7 0.264 0.150 0.447 0.472
45.160 7 0.267 0.150 0.448 0.472
45.200 7 0.263 0.150 0.444 0.475
45.240 7 0.264 0.150 0.450 0.478
45.280 7 0.264 0.153 0.445 0.472
45.320 7 0.266 0.153 0.447 0.478
45.360 7 0.264 0.156 0.447 0.481
45.400 7 0.263 0.150 0.447 0.481
45.440 7 0.259 0.150 0.444 0.478
45.480 7 0.261 0.150 0.448 0.481
45.520 7 0.258 0.150 0.442 0.481
45.560 7 0.261 0.150 0.447 0.481
45.600 7 0.256 0.153 0.442 0.483
45.640 7 0.261 0.153 0.445 0.483
45.680 7 0.256 0.153 0.442 0.483
45.720 7 0.256 0.153 0.442 0.481
45.760 7 0.263 0.156 0.447 0.483
45.800 7 0.256 0.156 0.441 0.483
45.840 7 0.259 0.153 0.447 0.486
45.880 7 0.258 0.153 0.444 0.481
45.920 7 0.263 0.147 0.450 0.483
45.960 7 0.261 0.150 0.447 0.478
46.000 7 0.258 0.142 0.459 0.500
46.040 7 0.258 0.142 0.461 0.503
46.080 7 0.259 0.142 0.463 0.506
46.120 7 0.259 0.142 0.463 0.506
46.160 7 0.259 0.142 0.463 0.506
46.200 7 0.263 0.142 0.469 0.508
46.240 7 0.261 0.142 0.464 0.506
46.280 7 0.267 0.142 0.472 0.508
46.320 7 0.267 0.142 0.470 0.503
46.360 7 0.270 0.136 0.480 0.511
46.400 7 0.264 0.133 0.473 0.506
46.440 7 0.269 0.142 0.475 0.506
46.480 7 0.278 0.144 0.480 0.503
46.520 7 0.283 0.139 0.487 0.506
46.560 7 0.289 0.139 0.494 0.503
46.600 7 0.289 0.139 0.491 0.497
46.640 7 0.295 0.136 0.497 0.494
46.680 7 0.295 0.133 0.497 0.494
46.720 7 0.305 0.131 0.509 0.494
46.760 7 0.314 0.133 0.517 0.494
46.800 7 0.308 0.133 0.512 0.497
46.840 7 0.305 0.114 0.525 0.506
46.880 7 0.303 0.117 0.519 0.500
46.920 7 0.303 0.117 0.514 0.489
46.960 7 0.295 0.114 0.502 0.481
47.000 7 0.303 0.103 0.505 0.461
47.040 7 0.297 0.089 0.506 0.461
47.080 7 0.289 0.081 0.506 0.467
47.600 7 0.311 0.111 0.494 0.436
47.640 7 0.319 0.111 0.505 0.442
47.680 7 0.309 0.106 0.503 0.450
47.720 7 0.302 0.097 0.505 0.458
47.760 7 0.308 0.092 0.514 0.458
47.800 7 0.312 0.100 0.512 0.456
47.840 7 0.308 0.100 0.505 0.450
47.880 7 0.308 0.092 0.514 0.458
47.920 7 0.305 0.100 0.506 0.458
47.960 7 0.306 0.097 0.514 0.467
48.000 7 0.303 0.103 0.505 0.461
48.040 7 0.317 0.136 0.497 0.456
48.080 7 0.314 0.136 0.497 0.458
48.120 7 0.312 0.136 0.492 0.458
48.160 7 0.311 0.136 0.491 0.458
48.200 7 0.308 0.136 0.487 0.453
48.240 7 0.302 0.133 0.481 0.450
48.280 7 0.298 0.133 0.477 0.450
48.320 7 0.305 0.167 0.463 0.447
48.360 7 0.300 0.164 0.458 0.447
48.400 7 0.289 0.156 0.453 0.447
48.440 7 0.277 0.150 0.441 0.439
48.480 7 0.272 0.144 0.434 0.433
48.520 7 0.269 0.142 0.433 0.433
48.560 7 0.270 0.144 0.434 0.436
48.600 7 0.273 0.147 0.436 0.439
48.640 7 0.275 0.150 0.439 0.439
48.680 7 0.278 0.150 0.442 0.442
48.720 7 0.272 0.150 0.441 0.447
48.760 7 0.272 0.150 0.441 0.450
48.800 7 0.272 0.150 0.442 0.453
48.840 7 0.275 0.153 0.442 0.450
48.880 7 0.275 0.153 0.444 0.450
48.920 7 0.277 0.150 0.448 0.456
48.960 7 0.273 0.153 0.441 0.450
49.000 7 0.270 0.150 0.439 0.450
49.040 7 0.272 0.142 0.447 0.453
49.080 7 0.272 0.142 0.444 0.444
49.120 7 0.277 0.136 0.452 0.447
49.160 7 0.273 0.136 0.450 0.447
49.200 7 0.269 0.136 0.444 0.447
49.240 7 0.270 0.139 0.447 0.450
49.280 7 0.266 0.142 0.441 0.450
49.320 7 0.275 0.142 0.450 0.453
49.360 7 0.267 0.142 0.448 0.461
49.400 7 0.281 0.142 0.463 0.464
49.440 7 0.283 0.144 0.466 0.469
49.480 7 0.297 0.142 0.478 0.464
49.520 7 0.280 0.136 0.481 0.494
49.560 7 0.297 0.142 0.495 0.494
49.600 7 0.308 0.147 0.506 0.497
49.640 7 0.311 0.150 0.506 0.497
49.680 7 0.294 0.150 0.500 0.517
49.720 7 0.289 0.156 0.495 0.522
49.760 7 0.286 0.164 0.487 0.522
49.800 7 0.286 0.169 0.489 0.531
49.840 7 0.286 0.172 0.491 0.536
49.880 7 0.289 0.181 0.491 0.539
49.920 7 0.294 0.186 0.492 0.539
49.960 7 0.286 0.183 0.486 0.542
50.000 7 0.281 0.183 0.483 0.542
50.040 7 0.278 0.183 0.480 0.542
50.080 7 0.277 0.181 0.480 0.542
50.120 7 0.277 0.181 0.480 0.542
50.160 7 0.283 0.183 0.483 0.539
50.200 7 0.280 0.181 0.480 0.536
50.240 7 0.287 0.183 0.483 0.528
50.280 7 0.280 0.183 0.473 0.528
50.320 7 0.284 0.183 0.477 0.525
50.360 7 0.275 0.183 0.466 0.522
50.400 7 0.280 0.181 0.470 0.517
50.440 7 0.278 0.181 0.466 0.514
50.480 7 0.277 0.178 0.464 0.511
50.520 7 0.275 0.172 0.463 0.506
50.560 7 0.272 0.169 0.459 0.503
50.600 7 0.264 0.169 0.448 0.500
50.640 7 0.263 0.167 0.447 0.494
50.680 7 0.259 0.161 0.442 0.486
50.320 7 0.328 0.214 0.475 0.475
50.360 7 0.327 0.211 0.473 0.475
50.400 7 0.325 0.211 0.472 0.472
50.440 7 0.323 0.206 0.472 0.469
50.480 7 0.322 0.203 0.472 0.469
50.520 7 0.317 0.197 0.473 0.472
50.560 7 0.316 0.192 0.473 0.472
50.600 7 0.303 0.186 0.467 0.475
50.640 7 0.300 0.181 0.464 0.472
50.680 7 0.292 0.175 0.456 0.467
50.720 7 0.287 0.167 0.453 0.461
50.760 7 0.284 0.164 0.450 0.458
50.800 7 0.272 0.150 0.444 0.453
50.840 7 0.267 0.142 0.438 0.444
50.880 7 0.266 0.139 0.434 0.439
50.920 7 0.267 0.142 0.434 0.439
50.960 7 0.269 0.147 0.436 0.444
51.000 7 0.270 0.150 0.439 0.450
51.040 7 0.273 0.150 0.442 0.453
51.080 7 0.277 0.150 0.447 0.453
51.120 7 0.284 0.150 0.456 0.453
51.160 7 0.287 0.156 0.455 0.453
51.200 7 0.303 0.164 0.466 0.456
51.240 7 0.311 0.164 0.477 0.458
51.280 7 0.323 0.161 0.489 0.456
51.320 7 0.333 0.158 0.498 0.450
51.240 7 0.266 0.117 0.463 0.467
51.280 7 0.277 0.117 0.475 0.469
51.320 7 0.287 0.117 0.486 0.472
51.360 7 0.302 0.114 0.503 0.472
51.400 7 0.297 0.119 0.497 0.472
51.440 7 0.306 0.125 0.505 0.478
51.480 7 0.300 0.128 0.498 0.481
51.520 7 0.312 0.136 0.508 0.481
51.560 7 0.306 0.136 0.502 0.483
51.600 7 0.312 0.133 0.512 0.486
51.640 7 0.309 0.131 0.511 0.486
51.680 7 0.316 0.125 0.519 0.486
51.720 7 0.303 0.122 0.509 0.489
51.760 7 0.303 0.125 0.509 0.492
51.800 7 0.298 0.131 0.502 0.492
51.840 7 0.308 0.133 0.511 0.494
51.880 7 0.309 0.136 0.511 0.494
51.920 7 0.319 0.139 0.522 0.497
51.960 7 0.308 0.136 0.512 0.497
52.000 7 0.303 0.142 0.505 0.500
52.040 7 0.292 0.133 0.502 0.506
52.080 7 0.281 0.128 0.492 0.503
52.120 7 0.275 0.122 0.486 0.500
52.160 7 0.267 0.119 0.478 0.492
52.200 7 0.267 0.119 0.472 0.483
52.240 7 0.264 0.119 0.469 0.483
52.280 7 0.267 0.117 0.473 0.483
52.320 7 0.277 0.119 0.483 0.483
52.360 7 0.281 0.117 0.489 0.486
52.400 7 0.291 0.117 0.503 0.492
52.440 7 0.294 0.114 0.505 0.489
52.480 7 0.300 0.114 0.511 0.489
52.520 7 0.303 0.114 0.514 0.486
52.560 7 0.305 0.108 0.516 0.486
52.600 7 0.302 0.103 0.514 0.483
52.640 7 0.298 0.097 0.512 0.481
52.680 7 0.287 0.097 0.502 0.478
52.720 7 0.284 0.092 0.502 0.475
52.760 7 0.278 0.094 0.491 0.472
52.800 7 0.275 0.094 0.487 0.472
52.840 7 0.272 0.097 0.480 0.467
52.880 7 0.269 0.094 0.478 0.467
52.920 7 0.272 0.094 0.480 0.467
52.960 7 0.270 0.100 0.478 0.467
53.000 7 0.281 0.103 0.483 0.461
53.040 7 0.292 0.119 0.483 0.461
53.080 7 0.289 0.122 0.481 0.464
53.120 7 0.283 0.119 0.481 0.472
53.160 7 0.278 0.122 0.473 0.469
53.200 7 0.277 0.122 0.470 0.467
53.240 7 0.267 0.122 0.459 0.467
53.280 7 0.264 0.125 0.456 0.464
53.320 7 0.258 0.122 0.445 0.458
53.360 7 0.258 0.131 0.445 0.461
53.400 7 0.259 0.131 0.447 0.461
53.440 7 0.259 0.125 0.453 0.469
53.480 7 0.261 0.128 0.456 0.472
53.520 7 0.272 0.133 0.467 0.478
53.560 7 0.267 0.136 0.463 0.483
53.600 7 0.277 0.131 0.473 0.481
53.640 7 0.287 0.136 0.484 0.483
53.680 7 0.298 0.139 0.494 0.486
53.720 7 0.309 0.144 0.505 0.492
53.760 7 0.302 0.142 0.500 0.494
53.800 7 0.311 0.144 0.509 0.497
53.840 7 0.303 0.144 0.503 0.500
53.880 7 0.314 0.144 0.514 0.500
53.920 7 0.308 0.142 0.511 0.503
53.960 7 0.306 0.142 0.508 0.503
54.000 7 0.303 0.142 0.505 0.500
54.040 7 0.300 0.136 0.503 0.497
54.080 7 0.297 0.133 0.502 0.494
54.120 7 0.295 0.131 0.500 0.492
54.160 7 0.297 0.128 0.500 0.489
54.200 7 0.302 0.125 0.505 0.489
54.240 7 0.297 0.128 0.495 0.483
54.280 7 0.298 0.131 0.497 0.483
54.320 7 0.289 0.131 0.487 0.483
54.360 7 0.287 0.125 0.486 0.478
54.400 7 0.283 0.119 0.478 0.467
54.440 7 0.275 0.108 0.472 0.456
54.480 7 0.266 0.103 0.461 0.450
54.520 7 0.266 0.100 0.461 0.447
54.560 7 0.266 0.103 0.461 0.447
54.600 7 0.273 0.103 0.472 0.453
54.640 7 0.277 0.106 0.473 0.456
54.680 7 0.289 0.097 0.489 0.453
54.720 7 0.292 0.100 0.494 0.458
54.760 7 0.303 0.103 0.505 0.461
54.800 7 0.306 0.106 0.508 0.464
54.840 7 0.316 0.106 0.519 0.464
54.880 7 0.319 0.108 0.520 0.467
54.920 7 0.320 0.111 0.520 0.467
54.960 7 0.322 0.114 0.520 0.467
55.000 7 0.325 0.103 0.527 0.461
55.040 7 0.327 0.111 0.531 0.475
55.080 7 0.319 0.114 0.522 0.475
55.120 7 0.327 0.117 0.527 0.472
55.160 7 0.314 0.111 0.516 0.469
55.200 7 0.322 0.111 0.525 0.469
55.240 7 0.319 0.103 0.523 0.469
55.280 7 0.323 0.100 0.530 0.467
55.320 7 0.320 0.106 0.520 0.461
55.360 7 0.328 0.111 0.528 0.467
55.400 7 0.323 0.114 0.522 0.467
55.440 7 0.322 0.114 0.520 0.467
55.480 7 0.320 0.111 0.517 0.464
55.520 7 0.316 0.108 0.512 0.458
55.560 7 0.316 0.108 0.509 0.453
55.600 7 0.317 0.106 0.509 0.444
55.640 7 0.312 0.103 0.500 0.436
55.680 7 0.314 0.100 0.503 0.436
55.720 7 0.306 0.103 0.495 0.439
55.760 7 0.291 0.097 0.492 0.453
55.800 7 0.286 0.089 0.489 0.450
55.840 7 0.292 0.086 0.494 0.447
55.880 7 0.297 0.083 0.502 0.450
55.920 7 0.300 0.089 0.502 0.447
55.960 7 0.302 0.097 0.503 0.453
56.000 7 0.303 0.103 0.505 0.461
56.040 7 0.305 0.122 0.509 0.486
56.080 7 0.303 0.131 0.511 0.497
56.120 7 0.295 0.131 0.503 0.500
56.160 7 0.294 0.133 0.502 0.503
56.200 7 0.284 0.131 0.494 0.503
56.240 7 0.294 0.131 0.503 0.503
56.280 7 0.284 0.128 0.497 0.503
56.320 7 0.294 0.128 0.505 0.506
56.360 7 0.284 0.128 0.494 0.500
56.400 7 0.292 0.128 0.503 0.503
56.440 7 0.289 0.125 0.502 0.503
56.480 7 0.291 0.125 0.503 0.503
56.520 7 0.294 0.128 0.503 0.500
56.560 7 0.292 0.131 0.502 0.503
56.600 7 0.291 0.131 0.500 0.503
56.640 7 0.292 0.131 0.503 0.503
56.680 7 0.292 0.128 0.502 0.500
56.720 7 0.292 0.125 0.502 0.500
56.760 7 0.291 0.125 0.500 0.497
56.800 7 0.292 0.125 0.500 0.494
56.840 7 0.297 0.122 0.506 0.494
56.880 7 0.294 0.122 0.500 0.489
56.920 7 0.300 0.128 0.505 0.489
56.960 7 0.297 0.122 0.503 0.492
57.000 7 0.303 0.142 0.505 0.500
57.040 7 0.305 0.133 0.512 0.506
57.080 7 0.303 0.139 0.506 0.497
57.120 7 0.306 0.133 0.514 0.506
57.160 7 0.305 0.139 0.506 0.497
57.200 7 0.306 0.139 0.508 0.497
57.240 7 0.308 0.139 0.508 0.497
43.640 8 0.286 0.097 0.494 0.469
43.680 8 0.289 0.103 0.495 0.469
43.720 8 0.298 0.106 0.505 0.469
43.760 8 0.302 0.111 0.503 0.469
43.800 8 0.311 0.111 0.517 0.475
43.840 8 0.306 0.111 0.512 0.478
43.880 8 0.316 0.117 0.520 0.483
43.920 8 0.311 0.133 0.512 0.489
43.960 8 0.305 0.144 0.505 0.497
44.000 8 0.303 0.142 0.505 0.500
44.040 8 0.300 0.139 0.503 0.500
44.080 8 0.298 0.136 0.503 0.500
44.120 8 0.297 0.136 0.503 0.500
44.160 8 0.298 0.133 0.500 0.494
44.200 8 0.300 0.133 0.497 0.483
44.240 8 0.305 0.122 0.497 0.461
44.280 8 0.300 0.111 0.489 0.447
44.320 8 0.303 0.108 0.487 0.436
44.360 8 0.294 0.108 0.477 0.433
44.400 8 0.294 0.108 0.477 0.436
44.440 8 0.291 0.114 0.470 0.436
44.480 8 0.294 0.114 0.475 0.436
44.520 8 0.298 0.114 0.480 0.433
57.280 9 0.820 0.428 0.873 0.522
57.320 9 0.820 0.428 0.873 0.522
57.360 9 0.823 0.428 0.877 0.525
57.400 9 0.823 0.431 0.877 0.525
57.440 9 0.827 0.431 0.880 0.525
57.480 9 0.827 0.431 0.881 0.525
57.520 9 0.828 0.428 0.883 0.525
57.560 9 0.830 0.428 0.884 0.525
57.600 9 0.830 0.425 0.886 0.522
57.640 9 0.831 0.419 0.886 0.519
57.680 9 0.831 0.417 0.887 0.517
57.720 9 0.831 0.414 0.887 0.514
57.760 9 0.834 0.414 0.889 0.511
57.800 9 0.834 0.411 0.891 0.508
57.840 9 0.834 0.408 0.889 0.508
57.880 9 0.838 0.408 0.892 0.506
57.920 9 0.834 0.408 0.889 0.506
57.960 9 0.836 0.408 0.891 0.506
58.000 9 0.833 0.406 0.889 0.506
58.040 9 0.830 0.406 0.886 0.506
58.080 9 0.827 0.406 0.883 0.506
58.120 9 0.823 0.408 0.880 0.506
58.160 9 0.820 0.408 0.877 0.508
58.200 9 0.817 0.408 0.873 0.511
58.240 9 0.812 0.408 0.870 0.511
58.280 9 0.808 0.411 0.866 0.514
58.320 9 0.803 0.414 0.861 0.517
58.360 9 0.797 0.411 0.855 0.517
58.400 9 0.794 0.414 0.852 0.517
58.440 9 0.789 0.414 0.847 0.517
58.480 9 0.786 0.414 0.842 0.514
58.520 9 0.780 0.411 0.838 0.511
58.560 9 0.780 0.408 0.838 0.511
58.600 9 0.777 0.403 0.834 0.506
58.640 9 0.777 0.400 0.834 0.503
58.680 9 0.773 0.397 0.833 0.500
58.720 9 0.775 0.392 0.834 0.497
58.760 9 0.775 0.392 0.834 0.494
58.800 9 0.777 0.386 0.836 0.494
58.840 9 0.780 0.386 0.839 0.492
58.880 9 0.781 0.386 0.841 0.489
58.920 9 0.783 0.383 0.844 0.489
58.960 9 0.784 0.381 0.845 0.486
59.000 9 0.789 0.383 0.845 0.483
59.040 9 0.791 0.378 0.850 0.481
59.080 9 0.789 0.378 0.847 0.483
59.120 9 0.792 0.378 0.848 0.481
59.160 9 0.794 0.381 0.850 0.478
59.200 9 0.791 0.381 0.847 0.481
59.240 9 0.787 0.381 0.844 0.478
59.280 9 0.786 0.381 0.841 0.478
59.320 9 0.787 0.381 0.842 0.478
59.360 9 0.784 0.378 0.839 0.478
59.400 9 0.784 0.381 0.841 0.478
59.440 9 0.784 0.381 0.839 0.478
59.480 9 0.786 0.381 0.842 0.478
59.520 9 0.786 0.378 0.841 0.478
59.560 9 0.787 0.378 0.842 0.478
59.600 9 0.787 0.378 0.844 0.478
59.640 9 0.791 0.381 0.845 0.478
59.680 9 0.789 0.381 0.845 0.478
59.720 9 0.789 0.381 0.844 0.478
59.760 9 0.791 0.381 0.844 0.478
59.800 9 0.789 0.381 0.844 0.478
59.840 9 0.789 0.381 0.844 0.478
59.880 9 0.786 0.381 0.841 0.478
59.840 10 0.786 0.375 0.845 0.478
59.880 10 0.783 0.372 0.842 0.475
59.920 10 0.781 0.369 0.839 0.472
59.960 10 0.777 0.367 0.834 0.467
60.000 10 0.777 0.361 0.833 0.461
60.040 10 0.777 0.356 0.831 0.456
60.080 10 0.775 0.350 0.830 0.450
60.120 10 0.772 0.350 0.828 0.447
60.160 10 0.773 0.347 0.830 0.447
60.200 10 0.770 0.347 0.827 0.447
60.240 10 0.769 0.353 0.825 0.453
60.280 10 0.769 0.356 0.823 0.456
60.320 10 0.766 0.358 0.822 0.458
60.360 10 0.764 0.361 0.820 0.458
60.400 10 0.762 0.361 0.819 0.458
60.440 10 0.761 0.361 0.817 0.461
60.480 10 0.761 0.364 0.817 0.464
60.520 10 0.759 0.367 0.816 0.464
76.720 11 0.167 0.056 0.219 0.144
76.760 11 0.164 0.053 0.216 0.144
76.800 11 0.167 0.056 0.219 0.144
76.840 11 0.164 0.053 0.217 0.144
76.880 11 0.167 0.053 0.220 0.147
76.920 11 0.164 0.053 0.219 0.150
76.960 11 0.164 0.053 0.217 0.144
77.000 11 0.167 0.053 0.220 0.147
77.040 11 0.164 0.050 0.220 0.150
77.080 11 0.164 0.053 0.217 0.147
77.120 11 0.167 0.053 0.220 0.147
77.160 11 0.164 0.050 0.220 0.150
77.200 11 0.164 0.050 0.220 0.150
77.240 11 0.164 0.050 0.220 0.150
77.280 11 0.164 0.050 0.219 0.147
77.320 11 0.164 0.050 0.222 0.150
77.360 11 0.164 0.050 0.222 0.150
77.400 11 0.164 0.050 0.222 0.150
77.440 11 0.164 0.047 0.222 0.150
77.480 11 0.164 0.050 0.222 0.150
77.520 11 0.164 0.047 0.222 0.150
77.560 11 0.164 0.047 0.222 0.150
77.600 11 0.164 0.050 0.222 0.150
77.640 11 0.164 0.050 0.222 0.150
77.680 11 0.164 0.050 0.222 0.150
77.720 11 0.164 0.050 0.222 0.150
77.760 11 0.164 0.050 0.222 0.150
77.800 11 0.164 0.050 0.222 0.150
77.840 11 0.164 0.050 0.222 0.150
77.880 11 0.164 0.050 0.222 0.150
77.920 11 0.164 0.050 0.222 0.150
77.960 11 0.164 0.050 0.222 0.150
78.000 11 0.164 0.050 0.222 0.150
78.040 11 0.164 0.050 0.222 0.150
78.080 11 0.164 0.050 0.222 0.150
78.120 11 0.164 0.050 0.222 0.150
78.160 11 0.164 0.050 0.222 0.150
78.200 11 0.164 0.050 0.222 0.150
78.240 11 0.164 0.050 0.222 0.150
78.280 11 0.164 0.050 0.222 0.150
78.320 11 0.164 0.050 0.222 0.150
78.360 11 0.164 0.050 0.222 0.150
78.400 11 0.164 0.050 0.222 0.150
78.440 11 0.164 0.050 0.220 0.150
78.480 11 0.166 0.050 0.222 0.150
78.520 11 0.164 0.050 0.222 0.150
78.560 11 0.166 0.050 0.222 0.150
78.600 11 0.164 0.050 0.222 0.150
78.640 11 0.166 0.050 0.222 0.150
78.680 11 0.164 0.050 0.222 0.150
78.720 11 0.166 0.050 0.222 0.150
78.760 11 0.164 0.050 0.220 0.150
78.800 11 0.164 0.050 0.220 0.150
78.840 11 0.164 0.050 0.220 0.150
78.880 11 0.164 0.050 0.220 0.147
78.920 11 0.166 0.050 0.223 0.150
78.960 11 0.164 0.050 0.222 0.150
79.000 11 0.164 0.050 0.220 0.150
79.040 11 0.161 0.047 0.220 0.153
82.320 12 0.370 0.131 0.556 0.461
82.360 12 0.372 0.133 0.556 0.461
82.400 12 0.380 0.136 0.561 0.456
82.440 12 0.386 0.133 0.566 0.453
82.480 12 0.397 0.128 0.575 0.447
82.520 12 0.406 0.125 0.586 0.444
82.560 12 0.400 0.125 0.580 0.444
82.600 12 0.411 0.128 0.589 0.447
82.640 12 0.408 0.136 0.584 0.450
82.680 12 0.414 0.147 0.586 0.453
82.720 12 0.405 0.144 0.577 0.450
82.760 12 0.409 0.144 0.584 0.453
82.800 12 0.405 0.139 0.583 0.456
82.840 12 0.414 0.144 0.592 0.464
82.880 12 0.405 0.144 0.581 0.458
82.920 12 0.411 0.144 0.584 0.456
82.960 12 0.405 0.150 0.573 0.450
83.000 12 0.402 0.150 0.570 0.450
83.040 12 0.398 0.147 0.567 0.447
83.080 12 0.397 0.144 0.564 0.442
83.120 12 0.397 0.131 0.569 0.439
83.160 12 0.388 0.125 0.559 0.431
83.200 12 0.395 0.125 0.562 0.422
83.240 12 0.388 0.122 0.552 0.414
83.280 12 0.386 0.122 0.548 0.411
83.320 12 0.378 0.122 0.539 0.408
83.360 12 0.375 0.122 0.536 0.411
83.400 12 0.373 0.122 0.537 0.417
83.440 12 0.367 0.122 0.533 0.417
83.480 12 0.372 0.114 0.541 0.414
83.520 12 0.362 0.111 0.530 0.411
83.560 12 0.369 0.108 0.536 0.408
83.600 12 0.358 0.106 0.527 0.406
83.640 12 0.352 0.103 0.525 0.411
83.680 12 0.342 0.103 0.522 0.422
83.720 12 0.336 0.103 0.519 0.428
83.760 12 0.334 0.100 0.519 0.428
83.800 12 0.331 0.097 0.516 0.425
83.840 12 0.330 0.092 0.511 0.417
83.880 12 0.330 0.089 0.509 0.408
83.920 12 0.328 0.086 0.508 0.406
83.960 12 0.319 0.081 0.505 0.414
83.120 13 0.409 0.125 0.583 0.433
83.160 13 0.403 0.122 0.575 0.428
83.200 13 0.408 0.117 0.583 0.425
83.240 13 0.397 0.106 0.577 0.428
83.280 13 0.392 0.103 0.573 0.425
83.320 13 0.392 0.103 0.572 0.425
83.360 13 0.386 0.103 0.569 0.428
83.400 13 0.378 0.100 0.566 0.433
83.440 13 0.373 0.097 0.564 0.433
83.480 13 0.373 0.094 0.561 0.428
83.520 13 0.372 0.092 0.559 0.425
83.560 13 0.370 0.086 0.559 0.422
83.600 13 0.372 0.086 0.558 0.417
83.640 13 0.359 0.081 0.556 0.428
83.680 13 0.358 0.078 0.559 0.439
83.720 13 0.347 0.081 0.548 0.439
83.760 13 0.342 0.081 0.545 0.439
83.800 13 0.338 0.075 0.541 0.436
83.840 13 0.334 0.069 0.536 0.428
83.880 13 0.334 0.067 0.534 0.422
83.920 13 0.333 0.064 0.533 0.419
83.960 13 0.334 0.072 0.531 0.422
84.000 13 0.325 0.064 0.527 0.422
84.040 13 0.311 0.064 0.517 0.428
84.080 13 0.306 0.058 0.516 0.431
84.120 13 0.297 0.058 0.503 0.425
84.160 13 0.302 0.058 0.509 0.428
84.200 13 0.306 0.064 0.509 0.428
84.240 13 0.314 0.069 0.517 0.433
84.280 13 0.316 0.072 0.520 0.439
84.320 13 0.320 0.078 0.527 0.442
84.360 13 0.311 0.078 0.522 0.450
84.400 13 0.309 0.083 0.517 0.453
84.440 13 0.308 0.089 0.514 0.456
84.480 13 0.303 0.086 0.514 0.461
84.520 13 0.303 0.086 0.516 0.464
84.560 13 0.306 0.092 0.519 0.467
84.600 13 0.309 0.092 0.520 0.469
84.640 13 0.311 0.094 0.523 0.472
84.680 13 0.303 0.094 0.517 0.472
84.720 13 0.305 0.097 0.516 0.472
84.760 13 0.298 0.097 0.509 0.472
84.800 13 0.294 0.100 0.502 0.472
84.840 13 0.297 0.106 0.500 0.467
84.880 13 0.291 0.106 0.495 0.467
84.920 13 0.295 0.100 0.502 0.467
84.960 13 0.298 0.097 0.502 0.458
85.000 13 0.303 0.103 0.505 0.461
85.040 13 0.305 0.094 0.517 0.472
85.080 13 0.294 0.092 0.505 0.467
85.120 13 0.294 0.092 0.500 0.461
85.160 13 0.280 0.089 0.489 0.464
85.120 14 0.302 0.081 0.497 0.428
85.160 14 0.286 0.081 0.481 0.428
85.200 14 0.275 0.092 0.470 0.439
85.240 14 0.266 0.094 0.467 0.453
85.280 14 0.255 0.086 0.464 0.458
85.320 14 0.263 0.086 0.470 0.456
85.360 14 0.261 0.081 0.470 0.450
85.400 14 0.273 0.078 0.483 0.450
85.440 14 0.280 0.072 0.489 0.444
85.480 14 0.284 0.072 0.494 0.442
85.520 14 0.291 0.069 0.498 0.442
85.560 14 0.287 0.067 0.497 0.439
85.600 14 0.278 0.072 0.484 0.439
85.640 14 0.284 0.075 0.489 0.439
85.680 14 0.273 0.069 0.480 0.439
85.720 14 0.280 0.067 0.489 0.436
85.760 14 0.280 0.064 0.487 0.433
85.800 14 0.286 0.061 0.494 0.428
85.840 14 0.297 0.064 0.497 0.419
85.880 14 0.297 0.064 0.495 0.419
85.920 14 0.294 0.061 0.495 0.419
85.960 14 0.292 0.075 0.486 0.419
86.000 14 0.281 0.064 0.483 0.422
86.040 14 0.278 0.081 0.473 0.428
86.080 14 0.277 0.072 0.481 0.436
86.120 14 0.275 0.075 0.478 0.439
86.160 14 0.281 0.075 0.486 0.439
86.200 14 0.281 0.078 0.484 0.439
86.240 14 0.287 0.081 0.491 0.442
86.280 14 0.283 0.089 0.481 0.442
86.320 14 0.283 0.089 0.484 0.447
86.360 14 0.278 0.094 0.477 0.450
86.400 14 0.283 0.097 0.480 0.447
86.440 14 0.289 0.094 0.484 0.444
86.480 14 0.298 0.097 0.494 0.444
86.520 14 0.300 0.097 0.495 0.444
86.560 14 0.302 0.097 0.497 0.444
86.600 14 0.300 0.100 0.495 0.444
86.640 14 0.300 0.100 0.494 0.444
86.680 14 0.308 0.106 0.495 0.439
86.720 14 0.311 0.103 0.500 0.439
86.760 14 0.322 0.103 0.508 0.433
86.800 14 0.323 0.100 0.509 0.433
86.840 14 0.325 0.100 0.512 0.433
86.880 14 0.325 0.100 0.512 0.436
86.920 14 0.316 0.094 0.506 0.436
86.960 14 0.311 0.092 0.508 0.442
87.000 14 0.303 0.103 0.505 0.461
87.040 14 0.314 0.119 0.506 0.461
87.080 14 0.319 0.119 0.514 0.467
87.120 14 0.331 0.125 0.523 0.469
87.160 14 0.338 0.131 0.531 0.475
87.200 14 0.355 0.144 0.547 0.486
87.240 14 0.352 0.153 0.541 0.489
87.280 14 0.353 0.158 0.539 0.492
87.320 14 0.347 0.161 0.533 0.492
87.360 14 0.341 0.158 0.530 0.494
87.400 14 0.334 0.156 0.527 0.497
87.440 14 0.334 0.156 0.525 0.494
87.480 14 0.341 0.156 0.531 0.494
87.520 14 0.348 0.153 0.536 0.486
87.560 14 0.341 0.153 0.527 0.483
87.600 14 0.339 0.147 0.528 0.486
87.640 14 0.334 0.147 0.523 0.486
87.680 14 0.331 0.147 0.522 0.486
87.720 14 0.338 0.144 0.528 0.483
87.760 14 0.342 0.142 0.536 0.483
87.800 14 0.347 0.133 0.545 0.486
87.840 14 0.341 0.117 0.548 0.489
87.880 14 0.348 0.122 0.555 0.489
87.920 14 0.347 0.133 0.547 0.486
87.960 14 0.347 0.139 0.548 0.494
88.000 14 0.348 0.142 0.550 0.500
88.040 14 0.350 0.153 0.545 0.503
88.080 14 0.342 0.147 0.542 0.500
88.120 14 0.345 0.144 0.544 0.497
88.160 14 0.339 0.144 0.539 0.500
88.200 14 0.338 0.144 0.533 0.492
88.240 14 0.330 0.147 0.522 0.489
88.280 14 0.333 0.150 0.522 0.486
88.320 14 0.327 0.150 0.516 0.483
88.360 14 0.330 0.150 0.517 0.483
88.400 14 0.323 0.150 0.511 0.483
88.440 14 0.328 0.150 0.516 0.483
88.480 14 0.327 0.147 0.514 0.478
88.520 14 0.334 0.147 0.519 0.475
88.560 14 0.333 0.147 0.517 0.475
88.600 14 0.339 0.144 0.522 0.472
88.640 14 0.338 0.147 0.520 0.469
88.680 14 0.347 0.150 0.525 0.467
88.720 14 0.350 0.147 0.531 0.467
88.760 14 0.359 0.150 0.536 0.464
88.800 14 0.358 0.150 0.534 0.464
88.840 14 0.356 0.153 0.533 0.467
88.880 14 0.361 0.158 0.539 0.472
88.920 14 0.364 0.172 0.533 0.472
88.960 14 0.375 0.178 0.541 0.475
89.000 14 0.364 0.183 0.533 0.483
89.040 14 0.361 0.186 0.527 0.481
89.080 14 0.364 0.183 0.531 0.483
89.120 14 0.355 0.175 0.531 0.492
89.160 14 0.362 0.183 0.530 0.483
89.200 14 0.361 0.186 0.528 0.483
89.240 14 0.356 0.183 0.525 0.483
89.280 14 0.361 0.189 0.517 0.469
89.320 14 0.362 0.183 0.520 0.464
89.360 14 0.359 0.181 0.516 0.458
89.400 14 0.361 0.175 0.519 0.458
89.440 14 0.358 0.172 0.519 0.461
89.480 14 0.348 0.175 0.514 0.469
89.520 14 0.348 0.181 0.514 0.478
89.560 14 0.341 0.183 0.511 0.486
89.600 14 0.344 0.183 0.514 0.483
89.640 14 0.342 0.172 0.512 0.478
89.680 14 0.344 0.169 0.509 0.464
89.720 14 0.344 0.164 0.508 0.456
89.760 14 0.345 0.161 0.508 0.450
89.800 14 0.347 0.161 0.509 0.447
89.840 14 0.342 0.158 0.503 0.442
89.880 14 0.344 0.153 0.506 0.442
89.920 14 0.338 0.150 0.505 0.447
89.960 14 0.342 0.153 0.509 0.447
90.000 14 0.345 0.150 0.514 0.450
90.040 14 0.336 0.139 0.516 0.458
90.080 14 0.334 0.136 0.517 0.461
90.120 14 0.338 0.133 0.519 0.456
90.160 14 0.341 0.133 0.519 0.453
90.200 14 0.342 0.133 0.522 0.453
90.240 14 0.342 0.136 0.522 0.456
90.280 14 0.344 0.139 0.523 0.458
90.320 14 0.347 0.144 0.525 0.461
90.360 14 0.355 0.150 0.533 0.469
90.400 14 0.348 0.156 0.531 0.478
90.440 14 0.355 0.164 0.534 0.486
90.480 14 0.356 0.167 0.539 0.492
90.520 14 0.356 0.167 0.542 0.497
90.560 14 0.356 0.158 0.547 0.500
90.600 14 0.361 0.158 0.548 0.492
90.640 14 0.358 0.150 0.553 0.494
90.680 14 0.364 0.156 0.553 0.489
90.720 14 0.364 0.156 0.553 0.492
90.760 14 0.366 0.158 0.555 0.494
90.800 14 0.370 0.164 0.553 0.489
90.840 14 0.362 0.161 0.552 0.494
90.880 14 0.366 0.161 0.553 0.494
90.920 14 0.362 0.158 0.552 0.494
90.960 14 0.361 0.158 0.550 0.492
91.000 14 0.348 0.142 0.550 0.500
91.040 14 0.364 0.169 0.542 0.483
91.080 14 0.362 0.167 0.539 0.483
91.120 14 0.364 0.167 0.542 0.483
91.160 14 0.359 0.167 0.537 0.483
91.200 14 0.361 0.164 0.539 0.481
91.240 14 0.356 0.161 0.536 0.481
91.280 14 0.359 0.161 0.537 0.475
91.320 14 0.361 0.156 0.541 0.475
91.360 14 0.358 0.158 0.536 0.475
91.400 14 0.362 0.156 0.541 0.472
91.440 14 0.359 0.153 0.537 0.469
91.480 14 0.364 0.153 0.542 0.469
91.520 14 0.359 0.153 0.539 0.472
91.560 14 0.364 0.156 0.544 0.475
91.600 14 0.362 0.161 0.544 0.483
91.640 14 0.367 0.169 0.548 0.492
91.680 14 0.367 0.181 0.545 0.500
91.720 14 0.366 0.186 0.545 0.506
91.760 14 0.367 0.189 0.548 0.511
91.800 14 0.358 0.183 0.550 0.525
91.840 14 0.361 0.186 0.553 0.528
91.880 14 0.358 0.189 0.547 0.522
91.920 14 0.361 0.192 0.545 0.519
91.960 14 0.355 0.194 0.539 0.522
92.000 14 0.364 0.217 0.533 0.517
92.040 14 0.355 0.192 0.541 0.525
92.080 14 0.348 0.194 0.533 0.519
92.120 14 0.345 0.189 0.533 0.522
92.160 14 0.345 0.189 0.534 0.525
92.200 14 0.338 0.186 0.530 0.528
92.240 14 0.334 0.183 0.530 0.531
92.280 14 0.328 0.183 0.523 0.531
92.320 14 0.330 0.183 0.527 0.533
92.360 14 0.330 0.183 0.528 0.533
92.400 14 0.333 0.186 0.530 0.533
92.440 14 0.336 0.186 0.533 0.536
92.480 14 0.339 0.186 0.534 0.533
92.520 14 0.342 0.189 0.537 0.536
92.560 14 0.345 0.192 0.541 0.539
92.600 14 0.347 0.192 0.542 0.539
92.640 14 0.348 0.192 0.544 0.539
92.680 14 0.350 0.192 0.545 0.539
92.720 14 0.352 0.192 0.548 0.542
92.760 14 0.350 0.192 0.547 0.542
92.800 14 0.350 0.197 0.545 0.542
92.840 14 0.348 0.189 0.548 0.547
92.880 14 0.348 0.189 0.552 0.547
92.920 14 0.348 0.192 0.548 0.547
92.960 14 0.348 0.192 0.547 0.547
93.000 14 0.348 0.183 0.550 0.542
93.040 14 0.355 0.197 0.537 0.525
93.080 14 0.352 0.197 0.537 0.531
93.120 14 0.350 0.200 0.536 0.531
93.160 14 0.348 0.200 0.531 0.528
93.200 14 0.347 0.203 0.531 0.528
93.240 14 0.347 0.203 0.530 0.528
93.280 14 0.347 0.200 0.530 0.525
93.320 14 0.342 0.197 0.525 0.525
93.360 14 0.344 0.197 0.528 0.525
93.400 14 0.344 0.197 0.530 0.528
93.440 14 0.342 0.197 0.528 0.528
93.480 14 0.345 0.200 0.528 0.525
93.520 14 0.344 0.197 0.527 0.522
93.560 14 0.342 0.192 0.527 0.519
93.600 14 0.341 0.189 0.525 0.517
93.640 14 0.341 0.189 0.523 0.514
93.680 14 0.339 0.183 0.523 0.511
93.720 14 0.338 0.181 0.522 0.508
93.760 14 0.336 0.178 0.520 0.506
93.800 14 0.333 0.175 0.519 0.506
93.840 14 0.336 0.172 0.522 0.503
93.880 14 0.331 0.172 0.517 0.503
93.920 14 0.333 0.169 0.520 0.503
93.960 14 0.333 0.169 0.520 0.503
94.000 14 0.345 0.183 0.514 0.483
94.040 14 0.350 0.172 0.534 0.500
94.080 14 0.359 0.172 0.545 0.500
94.120 14 0.358 0.172 0.544 0.500
94.160 14 0.356 0.161 0.559 0.522
94.200 14 0.355 0.164 0.552 0.514
94.240 14 0.356 0.161 0.558 0.519
94.280 14 0.361 0.164 0.562 0.522
94.320 14 0.355 0.161 0.559 0.525
94.360 14 0.355 0.161 0.559 0.525
94.400 14 0.353 0.158 0.558 0.522
94.440 14 0.352 0.156 0.558 0.522
94.480 14 0.350 0.153 0.556 0.522
94.520 14 0.350 0.153 0.556 0.522
94.560 14 0.348 0.153 0.555 0.519
94.600 14 0.348 0.153 0.553 0.517
94.640 14 0.353 0.164 0.542 0.500
94.680 14 0.355 0.156 0.553 0.508
94.720 14 0.347 0.158 0.542 0.503
94.760 14 0.352 0.153 0.547 0.503
94.800 14 0.353 0.158 0.542 0.492
94.840 14 0.359 0.158 0.547 0.492
94.880 14 0.347 0.150 0.542 0.497
94.920 14 0.348 0.144 0.550 0.503
94.960 14 0.348 0.142 0.550 0.500
95.000 14 0.348 0.142 0.550 0.500
95.040 14 0.352 0.144 0.544 0.489
95.080 14 0.358 0.147 0.548 0.486
95.120 14 0.356 0.144 0.550 0.489
95.160 14 0.356 0.147 0.552 0.492
95.200 14 0.358 0.147 0.553 0.494
95.240 14 0.353 0.150 0.548 0.497
95.280 14 0.356 0.153 0.552 0.503
95.320 14 0.350 0.153 0.548 0.508
95.360 14 0.355 0.158 0.553 0.511
95.400 14 0.352 0.161 0.548 0.511
95.440 14 0.359 0.167 0.552 0.511
95.480 14 0.358 0.167 0.550 0.508
95.520 14 0.362 0.172 0.552 0.508
95.560 14 0.356 0.169 0.548 0.511
95.600 14 0.358 0.172 0.547 0.508
95.640 14 0.358 0.169 0.548 0.508
95.680 14 0.356 0.169 0.544 0.500
95.720 14 0.361 0.167 0.548 0.500
95.760 14 0.361 0.167 0.545 0.494
95.800 14 0.356 0.164 0.544 0.497
95.840 14 0.356 0.167 0.547 0.506
95.880 14 0.348 0.167 0.542 0.511
95.920 14 0.352 0.164 0.545 0.508
95.960 14 0.352 0.164 0.537 0.494
96.000 14 0.348 0.142 0.550 0.500
96.040 14 0.345 0.133 0.550 0.497
96.080 14 0.339 0.136 0.537 0.492
96.120 14 0.331 0.131 0.541 0.503
96.160 14 0.330 0.139 0.537 0.506
96.200 14 0.333 0.144 0.537 0.508
96.240 14 0.342 0.153 0.537 0.503
96.280 14 0.348 0.150 0.548 0.506
96.320 14 0.341 0.142 0.548 0.514
96.360 14 0.352 0.144 0.559 0.514
96.400 14 0.345 0.147 0.548 0.508
96.440 14 0.344 0.144 0.552 0.511
96.480 14 0.350 0.153 0.547 0.503
96.520 14 0.353 0.150 0.553 0.503
96.560 14 0.352 0.147 0.553 0.506
96.600 14 0.356 0.144 0.561 0.508
96.640 14 0.352 0.147 0.553 0.506
96.680 14 0.353 0.142 0.556 0.503
96.720 14 0.347 0.147 0.545 0.500
96.760 14 0.353 0.147 0.555 0.506
96.800 14 0.355 0.153 0.548 0.497
96.840 14 0.358 0.147 0.556 0.500
96.880 14 0.358 0.153 0.550 0.494
96.920 14 0.356 0.147 0.555 0.500
96.960 14 0.355 0.147 0.553 0.500
97.000 14 0.348 0.142 0.550 0.500
97.040 14 0.359 0.156 0.558 0.508
97.080 14 0.347 0.147 0.556 0.519
97.120 14 0.353 0.158 0.553 0.514
97.160 14 0.345 0.156 0.550 0.519
97.200 14 0.339 0.161 0.545 0.528
97.240 14 0.339 0.164 0.547 0.533
97.280 14 0.334 0.169 0.537 0.533
97.320 14 0.339 0.172 0.541 0.531
97.360 14 0.330 0.169 0.531 0.528
97.400 14 0.339 0.167 0.537 0.519
97.440 14 0.333 0.164 0.533 0.519
97.480 14 0.336 0.161 0.536 0.519
97.520 14 0.330 0.161 0.531 0.519
97.560 14 0.336 0.169 0.531 0.517
97.600 14 0.331 0.172 0.530 0.525
97.640 14 0.330 0.178 0.530 0.533
97.680 14 0.331 0.186 0.527 0.533
97.720 14 0.327 0.183 0.528 0.542
97.760 14 0.330 0.181 0.530 0.536
97.800 14 0.331 0.175 0.534 0.539
97.840 14 0.333 0.178 0.537 0.539
97.880 14 0.334 0.178 0.539 0.539
97.920 14 0.338 0.181 0.539 0.539
97.960 14 0.344 0.186 0.537 0.531
98.000 14 0.348 0.183 0.550 0.542
98.040 14 0.355 0.181 0.547 0.522
98.080 14 0.350 0.158 0.545 0.506
98.120 14 0.339 0.150 0.536 0.500
98.160 14 0.350 0.153 0.544 0.497
98.200 14 0.348 0.158 0.533 0.486
98.240 14 0.347 0.158 0.539 0.500
98.280 14 0.347 0.161 0.541 0.506
98.320 14 0.341 0.161 0.537 0.511
98.360 14 0.344 0.167 0.539 0.511
98.400 14 0.333 0.158 0.537 0.522
98.440 14 0.341 0.175 0.536 0.519
98.480 14 0.331 0.169 0.533 0.528
98.520 14 0.341 0.186 0.531 0.525
98.560 14 0.333 0.189 0.528 0.533
98.600 14 0.336 0.197 0.530 0.542
98.640 14 0.338 0.203 0.528 0.544
99.080 14 0.309 0.175 0.520 0.550
99.120 14 0.305 0.169 0.519 0.550
99.160 14 0.312 0.167 0.525 0.542
99.200 14 0.314 0.164 0.522 0.536
99.240 14 0.320 0.161 0.530 0.533
99.280 14 0.327 0.158 0.537 0.533
99.320 14 0.327 0.153 0.537 0.531
99.360 14 0.333 0.153 0.542 0.525
99.400 14 0.339 0.153 0.548 0.522
99.440 14 0.347 0.153 0.555 0.522
99.480 14 0.350 0.156 0.558 0.525
99.520 14 0.353 0.156 0.561 0.525
99.560 14 0.353 0.153 0.561 0.522
99.600 14 0.362 0.156 0.564 0.514
99.640 14 0.372 0.161 0.569 0.508
99.680 14 0.373 0.164 0.564 0.506
99.720 14 0.377 0.158 0.572 0.508
99.760 14 0.375 0.161 0.567 0.503
99.800 14 0.377 0.153 0.575 0.506
99.840 14 0.375 0.150 0.577 0.506
99.880 14 0.373 0.147 0.575 0.506
99.920 14 0.372 0.144 0.575 0.506
99.960 14 0.370 0.142 0.575 0.503
100.000 14 0.370 0.142 0.572 0.500
100.040 14 0.373 0.156 0.561 0.489
100.080 14 0.375 0.158 0.561 0.486
100.120 14 0.369 0.156 0.555 0.486
100.160 14 0.366 0.158 0.547 0.483
100.200 14 0.359 0.156 0.550 0.492
100.240 14 0.353 0.156 0.544 0.494
100.280 14 0.353 0.158 0.545 0.500
100.320 14 0.345 0.158 0.536 0.500
100.360 14 0.353 0.164 0.541 0.500
100.400 14 0.347 0.169 0.533 0.500
100.440 14 0.353 0.172 0.539 0.503
100.480 14 0.352 0.175 0.536 0.503
100.520 14 0.358 0.178 0.542 0.506
100.560 14 0.359 0.183 0.541 0.503
100.600 14 0.367 0.183 0.544 0.500
100.640 14 0.370 0.186 0.545 0.494
100.680 14 0.369 0.181 0.548 0.497
100.720 14 0.370 0.178 0.548 0.494
100.760 14 0.369 0.172 0.553 0.500
100.800 14 0.362 0.169 0.550 0.500
100.840 14 0.362 0.172 0.548 0.503
100.880 14 0.362 0.175 0.545 0.500
100.920 14 0.361 0.175 0.544 0.500
100.960 14 0.359 0.172 0.541 0.492
101.000 14 0.364 0.183 0.533 0.483
101.040 14 0.356 0.175 0.531 0.489
101.080 14 0.361 0.183 0.531 0.486
101.120 14 0.353 0.181 0.528 0.492
101.160 14 0.355 0.181 0.527 0.489
101.200 14 0.355 0.178 0.531 0.492
101.240 14 0.345 0.172 0.528 0.497
101.280 14 0.353 0.175 0.536 0.500
101.320 14 0.352 0.175 0.531 0.492
101.360 14 0.356 0.175 0.536 0.494
101.400 14 0.355 0.175 0.533 0.492
101.440 14 0.358 0.178 0.533 0.489
101.480 14 0.356 0.175 0.536 0.494
101.520 14 0.359 0.175 0.536 0.489
101.560 14 0.359 0.172 0.539 0.492
101.600 14 0.362 0.175 0.537 0.486
101.640 14 0.362 0.172 0.541 0.486
101.680 14 0.358 0.167 0.537 0.486
101.720 14 0.359 0.161 0.541 0.483
101.760 14 0.359 0.158 0.539 0.478
101.800 14 0.361 0.156 0.537 0.469
101.840 14 0.361 0.153 0.541 0.469
101.880 14 0.361 0.153 0.541 0.469
101.920 14 0.359 0.153 0.541 0.475
101.960 14 0.359 0.156 0.541 0.478
102.000 14 0.348 0.142 0.550 0.500
102.040 14 0.348 0.142 0.550 0.500
102.080 14 0.359 0.147 0.548 0.481
102.120 14 0.361 0.139 0.548 0.472
102.160 14 0.352 0.122 0.552 0.478
102.200 14 0.364 0.133 0.550 0.464
102.240 14 0.364 0.136 0.542 0.453
102.280 14 0.362 0.133 0.542 0.453
102.320 14 0.367 0.131 0.548 0.453
102.360 14 0.366 0.131 0.545 0.450
102.400 14 0.367 0.122 0.555 0.456
102.440 14 0.369 0.131 0.547 0.447
102.480 14 0.373 0.131 0.550 0.444
102.520 14 0.369 0.136 0.539 0.439
102.560 14 0.372 0.133 0.547 0.442
102.600 14 0.370 0.131 0.545 0.442
102.640 14 0.367 0.125 0.547 0.447
102.680 14 0.364 0.128 0.542 0.444
102.720 14 0.366 0.128 0.545 0.447
102.760 14 0.358 0.125 0.541 0.450
98.480 15 0.336 0.169 0.528 0.508
98.520 15 0.336 0.169 0.531 0.514
98.560 15 0.330 0.172 0.528 0.525
98.600 15 0.333 0.178 0.531 0.531
98.640 15 0.327 0.181 0.528 0.536
98.680 15 0.328 0.181 0.528 0.536
98.720 15 0.327 0.181 0.530 0.542
98.760 15 0.328 0.186 0.530 0.542
98.800 15 0.330 0.189 0.530 0.542
98.840 15 0.336 0.192 0.531 0.539
98.880 15 0.330 0.189 0.528 0.542
98.920 15 0.328 0.189 0.527 0.542
98.960 15 0.327 0.186 0.527 0.542
99.000 15 0.325 0.183 0.527 0.542
99.040 15 0.323 0.181 0.527 0.539
99.080 15 0.333 0.183 0.528 0.531
99.120 15 0.327 0.175 0.527 0.531
99.160 15 0.338 0.178 0.530 0.519
99.200 15 0.336 0.175 0.530 0.517
99.240 15 0.341 0.169 0.537 0.519
99.280 15 0.350 0.167 0.542 0.511
99.320 15 0.348 0.164 0.542 0.508
99.360 15 0.361 0.164 0.552 0.503
99.400 15 0.359 0.164 0.548 0.500
99.440 15 0.367 0.169 0.553 0.500
99.480 15 0.375 0.169 0.556 0.492
108.520 16 0.588 0.253 0.797 0.622
108.560 16 0.589 0.239 0.798 0.608
108.600 16 0.591 0.225 0.800 0.600
108.640 16 0.592 0.217 0.803 0.592
108.680 16 0.588 0.208 0.795 0.578
108.720 16 0.583 0.203 0.784 0.561
108.760 16 0.575 0.186 0.780 0.553
108.800 16 0.553 0.169 0.759 0.536
108.840 16 0.550 0.150 0.759 0.522
108.880 16 0.536 0.139 0.741 0.503
108.920 16 0.539 0.125 0.742 0.486
108.960 16 0.522 0.108 0.728 0.472
109.000 16 0.527 0.103 0.728 0.461
109.040 16 0.523 0.097 0.725 0.458
109.080 16 0.523 0.094 0.725 0.456
109.120 16 0.519 0.097 0.719 0.453
109.160 16 0.530 0.103 0.730 0.458
109.200 16 0.519 0.097 0.719 0.456
109.240 16 0.517 0.089 0.730 0.464
109.280 16 0.509 0.092 0.723 0.469
109.320 16 0.512 0.094 0.720 0.464
109.360 16 0.509 0.097 0.714 0.461
109.400 16 0.498 0.092 0.706 0.464
109.440 16 0.498 0.094 0.703 0.456
109.480 16 0.483 0.086 0.686 0.450
109.520 16 0.467 0.072 0.673 0.439
119.880 17 0.295 0.386 0.350 0.483
119.920 17 0.289 0.392 0.345 0.489
119.960 17 0.286 0.394 0.341 0.492
120.000 17 0.283 0.394 0.339 0.494
120.040 17 0.283 0.397 0.339 0.497
120.080 17 0.287 0.403 0.341 0.497
120.120 17 0.287 0.394 0.342 0.492
120.160 17 0.291 0.392 0.345 0.489
122.600 18 0.713 0.350 0.875 0.644
122.640 18 0.725 0.358 0.887 0.650
122.680 18 0.738 0.358 0.902 0.650
122.720 18 0.750 0.361 0.914 0.656
122.760 18 0.761 0.364 0.928 0.661
122.800 18 0.772 0.364 0.936 0.658
122.840 18 0.780 0.364 0.944 0.661
122.880 18 0.789 0.364 0.953 0.658
122.920 18 0.798 0.369 0.961 0.661
122.960 18 0.805 0.389 0.961 0.669
123.000 18 0.794 0.383 0.961 0.683
123.040 18 0.786 0.389 0.958 0.694
123.080 18 0.791 0.397 0.958 0.697
123.120 18 0.792 0.400 0.959 0.700
123.160 18 0.800 0.403 0.969 0.703
123.200 18 0.806 0.403 0.973 0.706
123.240 18 0.812 0.394 0.978 0.692
123.280 18 0.820 0.397 0.988 0.697
123.320 18 0.834 0.403 1.002 0.703
123.360 18 0.845 0.411 1.016 0.717
123.400 18 0.856 0.417 1.023 0.717
123.440 18 0.873 0.419 1.041 0.719
130.480 19 0.498 0.117 0.670 0.425
130.520 19 0.495 0.114 0.669 0.422
130.560 19 0.505 0.117 0.677 0.422
130.600 19 0.495 0.114 0.667 0.422
130.640 19 0.506 0.117 0.675 0.417
130.680 19 0.500 0.117 0.670 0.419
130.720 19 0.497 0.117 0.667 0.419
130.760 19 0.495 0.117 0.664 0.417
130.800 19 0.489 0.111 0.662 0.417
130.840 19 0.486 0.106 0.662 0.417
130.880 19 0.480 0.106 0.652 0.411
130.920 19 0.472 0.111 0.641 0.411
130.960 19 0.466 0.119 0.636 0.422
131.000 19 0.458 0.119 0.625 0.417
131.480 20 0.345 0.117 0.730 0.797
131.520 20 0.364 0.100 0.755 0.794
131.560 20 0.370 0.081 0.775 0.803
131.600 20 0.380 0.078 0.783 0.794
131.640 20 0.403 0.067 0.805 0.781
131.680 20 0.400 0.058 0.800 0.767
131.720 20 0.414 0.050 0.812 0.758
131.760 20 0.408 0.042 0.806 0.750
131.800 20 0.417 0.033 0.817 0.744
131.840 20 0.405 0.017 0.816 0.747
131.880 20 0.414 0.014 0.827 0.747
131.920 20 0.419 0.017 0.833 0.753
131.960 20 0.433 0.039 0.842 0.767
132.000 20 0.445 0.050 0.863 0.792
132.040 20 0.484 0.086 0.889 0.806
132.080 20 0.484 0.078 0.905 0.825
132.120 20 0.514 0.086 0.941 0.847
132.160 20 0.533 0.097 0.963 0.861
132.200 20 0.544 0.111 0.981 0.889
138.920 21 0.598 0.294 0.655 0.394
138.960 21 0.595 0.294 0.653 0.394
139.000 21 0.595 0.294 0.652 0.394
139.040 21 0.594 0.286 0.655 0.394
139.080 21 0.594 0.286 0.655 0.394
139.120 21 0.592 0.283 0.655 0.394
139.160 21 0.592 0.283 0.655 0.394
139.200 21 0.594 0.281 0.656 0.392
139.240 21 0.594 0.281 0.656 0.392
139.280 21 0.594 0.281 0.656 0.392
139.320 21 0.594 0.281 0.656 0.392
139.360 21 0.594 0.281 0.656 0.392
139.400 21 0.594 0.278 0.658 0.392
139.440 21 0.592 0.278 0.656 0.392
139.480 21 0.594 0.278 0.656 0.392
139.520 21 0.592 0.281 0.656 0.392
139.560 21 0.594 0.278 0.656 0.389
139.600 21 0.592 0.278 0.656 0.392
139.640 21 0.594 0.278 0.658 0.392
139.680 21 0.594 0.278 0.658 0.389
139.720 21 0.595 0.281 0.658 0.389
139.760 21 0.595 0.281 0.658 0.389
139.800 21 0.595 0.281 0.658 0.392
139.840 21 0.597 0.281 0.659 0.392
139.880 21 0.597 0.281 0.659 0.392
139.920 21 0.597 0.283 0.659 0.392
139.960 21 0.598 0.283 0.659 0.392
140.000 21 0.595 0.272 0.662 0.392
140.040 21 0.594 0.278 0.661 0.397
140.080 21 0.595 0.278 0.661 0.397
140.120 21 0.594 0.275 0.661 0.397
140.160 21 0.594 0.275 0.661 0.397
140.200 21 0.592 0.275 0.659 0.397
140.240 21 0.592 0.278 0.659 0.394
140.280 21 0.594 0.278 0.659 0.394
140.320 21 0.592 0.275 0.659 0.394
140.360 21 0.592 0.275 0.659 0.394
140.400 21 0.592 0.275 0.659 0.394
140.440 21 0.592 0.275 0.659 0.394
140.480 21 0.594 0.275 0.659 0.394
140.520 21 0.592 0.275 0.661 0.394
140.560 21 0.592 0.272 0.659 0.392
140.600 21 0.594 0.272 0.661 0.392
140.640 21 0.592 0.272 0.659 0.392
140.680 21 0.592 0.272 0.659 0.392
140.720 21 0.592 0.272 0.659 0.392
140.760 21 0.592 0.272 0.659 0.392
140.800 21 0.591 0.272 0.658 0.392
140.840 21 0.591 0.272 0.658 0.389
140.880 21 0.591 0.269 0.658 0.389
140.920 21 0.591 0.269 0.656 0.389
140.960 21 0.589 0.269 0.656 0.386
141.000 21 0.588 0.272 0.655 0.392
141.040 21 0.588 0.272 0.655 0.392
141.080 21 0.586 0.272 0.653 0.392
141.120 21 0.586 0.272 0.653 0.392
138.920 22 0.030 0.483 0.198 0.781
138.960 22 0.033 0.483 0.200 0.781
139.000 22 0.028 0.483 0.197 0.781
139.040 22 0.037 0.486 0.205 0.781
139.080 22 0.033 0.486 0.202 0.783
139.120 22 0.037 0.483 0.209 0.789
139.160 22 0.031 0.481 0.205 0.786
139.200 22 0.037 0.486 0.208 0.786
139.240 22 0.036 0.489 0.203 0.783
139.280 22 0.037 0.489 0.205 0.783
139.320 22 0.036 0.486 0.205 0.783
139.360 22 0.036 0.486 0.205 0.783
139.400 22 0.034 0.483 0.205 0.783
139.440 22 0.034 0.483 0.205 0.783
139.480 22 0.033 0.483 0.203 0.783
139.520 22 0.033 0.483 0.203 0.781
139.560 22 0.034 0.486 0.202 0.778
139.600 22 0.034 0.481 0.203 0.781
139.640 22 0.036 0.483 0.202 0.775
139.680 22 0.036 0.481 0.205 0.778
139.720 22 0.036 0.481 0.205 0.778
139.760 22 0.039 0.483 0.208 0.778
139.800 22 0.037 0.483 0.206 0.781
139.840 22 0.039 0.483 0.208 0.781
139.880 22 0.036 0.481 0.208 0.783
139.920 22 0.042 0.483 0.211 0.781
139.960 22 0.039 0.483 0.206 0.778
140.000 22 0.047 0.483 0.216 0.781
140.040 22 0.036 0.481 0.209 0.783
140.080 22 0.039 0.483 0.208 0.778
140.120 22 0.041 0.481 0.211 0.781
140.160 22 0.039 0.483 0.208 0.781
140.200 22 0.039 0.481 0.211 0.781
140.240 22 0.037 0.483 0.205 0.778
140.280 22 0.042 0.483 0.211 0.778
140.320 22 0.037 0.486 0.203 0.778
140.360 22 0.042 0.483 0.209 0.781
140.400 22 0.036 0.486 0.202 0.778
140.440 22 0.041 0.483 0.209 0.783
140.480 22 0.036 0.486 0.202 0.778
140.520 22 0.039 0.489 0.208 0.783
140.560 22 0.034 0.483 0.206 0.786
140.600 22 0.041 0.486 0.208 0.778
140.640 22 0.039 0.478 0.208 0.775
140.680 22 0.037 0.472 0.206 0.769
140.720 22 0.037 0.472 0.206 0.767
140.760 22 0.037 0.472 0.205 0.767
140.800 22 0.041 0.475 0.203 0.761
140.840 22 0.037 0.472 0.203 0.764
140.880 22 0.036 0.472 0.202 0.764
140.920 22 0.036 0.475 0.203 0.769
140.960 22 0.037 0.483 0.203 0.775
141.000 22 0.028 0.483 0.197 0.781
141.040 22 0.028 0.486 0.197 0.783
141.080 22 0.022 0.483 0.197 0.792
141.120 22 0.027 0.489 0.198 0.792
144.440 23 0.009 0.478 0.212 0.800
144.480 23 0.006 0.475 0.211 0.797
144.520 23 0.011 0.475 0.212 0.794
144.560 23 0.005 0.475 0.206 0.794
144.600 23 0.008 0.478 0.208 0.794
144.640 23 0.008 0.486 0.206 0.800
144.680 23 0.002 0.489 0.198 0.803
144.720 23 0.000 0.500 0.197 0.811
144.760 23 -0.002 0.506 0.194 0.817
144.800 23 -0.002 0.519 0.194 0.825
144.840 23 -0.006 0.522 0.186 0.828
144.880 23 -0.006 0.528 0.186 0.833
144.920 23 -0.006 0.531 0.186 0.836
144.960 23 -0.005 0.533 0.188 0.839
145.000 23 -0.005 0.533 0.188 0.839
145.040 23 -0.005 0.536 0.188 0.842
145.080 23 -0.003 0.536 0.189 0.842
145.120 23 -0.002 0.539 0.191 0.842
145.160 23 0.002 0.542 0.194 0.844
145.200 23 -0.005 0.542 0.186 0.844
145.240 23 0.005 0.542 0.195 0.844
145.280 23 0.000 0.544 0.191 0.847
145.320 23 0.005 0.547 0.195 0.847
145.360 23 -0.002 0.547 0.191 0.850
145.400 23 0.003 0.550 0.194 0.850
145.440 23 -0.002 0.550 0.189 0.853
145.480 23 0.002 0.553 0.192 0.853
145.520 23 -0.003 0.553 0.188 0.853
145.560 23 0.002 0.556 0.191 0.856
145.600 23 -0.003 0.556 0.186 0.856
145.640 23 0.000 0.558 0.189 0.858
145.680 23 -0.005 0.564 0.181 0.858
145.720 23 -0.005 0.567 0.180 0.858
145.760 23 -0.011 0.567 0.175 0.864
145.800 23 -0.011 0.569 0.175 0.867
145.840 23 -0.020 0.569 0.173 0.875
145.880 23 -0.020 0.572 0.175 0.881
145.920 23 -0.025 0.575 0.167 0.881
145.960 23 -0.025 0.578 0.169 0.883
146.000 23 -0.028 0.583 0.159 0.881
146.040 23 -0.033 0.586 0.152 0.878
146.080 23 -0.033 0.589 0.153 0.881
146.120 23 -0.037 0.589 0.147 0.881
146.160 23 -0.036 0.589 0.150 0.886
146.200 23 -0.041 0.592 0.142 0.883
146.240 23 -0.039 0.592 0.147 0.886
146.280 23 -0.039 0.589 0.147 0.886
146.320 23 -0.045 0.589 0.142 0.886
146.360 23 -0.036 0.589 0.153 0.892
146.400 23 -0.047 0.586 0.144 0.889
146.440 23 -0.042 0.589 0.152 0.894
146.480 23 -0.044 0.583 0.147 0.886
146.520 23 -0.050 0.583 0.141 0.886
146.560 23 -0.045 0.583 0.144 0.886
146.600 23 -0.050 0.583 0.139 0.883
146.640 23 -0.042 0.583 0.152 0.892
146.680 23 -0.053 0.581 0.141 0.886
146.720 23 -0.048 0.583 0.144 0.886
146.760 23 -0.052 0.583 0.139 0.886
146.800 23 -0.048 0.583 0.142 0.886
146.840 23 -0.052 0.586 0.138 0.886
146.880 23 -0.048 0.586 0.142 0.889
146.920 23 -0.053 0.586 0.138 0.889
146.960 23 -0.050 0.589 0.141 0.892
147.000 23 -0.055 0.589 0.136 0.892
147.040 23 -0.045 0.589 0.145 0.892
147.080 23 -0.048 0.589 0.142 0.894
147.120 23 -0.048 0.592 0.144 0.894
147.160 23 -0.047 0.592 0.144 0.894
147.200 23 -0.047 0.592 0.144 0.894
147.240 23 -0.045 0.592 0.145 0.894
147.280 23 -0.041 0.594 0.150 0.894
147.320 23 -0.045 0.592 0.145 0.894
147.360 23 -0.045 0.594 0.145 0.897
147.400 23 -0.050 0.594 0.141 0.894
147.440 23 -0.047 0.594 0.144 0.897
147.480 23 -0.053 0.594 0.139 0.897
147.520 23 -0.048 0.594 0.142 0.897
147.560 23 -0.050 0.594 0.141 0.897
147.600 23 -0.056 0.594 0.134 0.897
147.640 23 -0.053 0.597 0.138 0.900
147.680 23 -0.059 0.597 0.131 0.900
147.720 23 -0.055 0.597 0.134 0.900
147.760 23 -0.061 0.597 0.130 0.897
147.800 23 -0.052 0.597 0.139 0.897
147.840 23 -0.055 0.597 0.134 0.897
147.880 23 -0.059 0.597 0.130 0.897
147.920 23 -0.055 0.597 0.134 0.897
147.960 23 -0.050 0.597 0.139 0.897
148.000 23 -0.058 0.597 0.130 0.894
148.040 23 -0.053 0.597 0.136 0.894
148.080 23 -0.055 0.594 0.134 0.894
148.120 23 -0.050 0.594 0.139 0.894
148.160 23 -0.053 0.594 0.136 0.894
148.200 23 -0.048 0.594 0.141 0.894
148.240 23 -0.052 0.594 0.138 0.894
148.280 23 -0.052 0.594 0.138 0.892
148.320 23 -0.056 0.592 0.133 0.894
148.360 23 -0.053 0.592 0.138 0.894
148.400 23 -0.048 0.592 0.142 0.892
148.440 23 -0.052 0.589 0.141 0.892
148.480 23 -0.045 0.581 0.147 0.886
148.520 23 -0.039 0.572 0.153 0.878
148.560 23 -0.017 0.558 0.178 0.869
146.920 24 0.553 0.269 0.619 0.383
146.960 24 0.548 0.272 0.616 0.389
147.000 24 0.542 0.272 0.611 0.392
147.040 24 0.541 0.275 0.608 0.392
147.080 24 0.537 0.275 0.605 0.392
147.120 24 0.534 0.275 0.603 0.394
147.160 24 0.534 0.278 0.603 0.397
147.200 24 0.533 0.281 0.600 0.397
147.240 24 0.533 0.281 0.600 0.400
147.280 24 0.531 0.283 0.600 0.403
147.320 24 0.531 0.283 0.600 0.403
147.360 24 0.528 0.286 0.597 0.408
147.400 24 0.530 0.289 0.598 0.408
147.440 24 0.527 0.289 0.597 0.408
147.480 24 0.528 0.292 0.595 0.408
147.520 24 0.527 0.292 0.594 0.411
147.560 24 0.528 0.292 0.597 0.411
147.600 24 0.523 0.289 0.594 0.411
147.640 24 0.523 0.289 0.594 0.411
147.680 24 0.523 0.289 0.594 0.411
147.720 24 0.523 0.289 0.594 0.411
147.760 24 0.523 0.289 0.592 0.411
147.800 24 0.525 0.289 0.595 0.411
147.840 24 0.525 0.289 0.595 0.411
147.880 24 0.528 0.289 0.598 0.411
147.920 24 0.531 0.281 0.602 0.400
147.960 24 0.536 0.278 0.606 0.400
148.000 24 0.542 0.272 0.611 0.392
148.040 24 0.548 0.269 0.617 0.392
148.080 24 0.556 0.269 0.625 0.389
148.240 24 0.586 0.275 0.650 0.389
148.280 24 0.588 0.275 0.653 0.392
148.320 24 0.592 0.275 0.656 0.392
148.360 24 0.592 0.275 0.658 0.392
148.400 24 0.594 0.275 0.659 0.392
148.440 24 0.595 0.275 0.659 0.392
148.480 24 0.594 0.275 0.659 0.389
148.520 24 0.595 0.275 0.661 0.389
148.560 24 0.594 0.272 0.659 0.389
148.600 24 0.595 0.272 0.661 0.389
148.640 24 0.594 0.269 0.661 0.389
148.680 24 0.597 0.269 0.662 0.386
148.720 24 0.598 0.269 0.666 0.386
148.760 24 0.602 0.269 0.667 0.383
148.800 24 0.602 0.267 0.667 0.383
148.840 24 0.605 0.264 0.670 0.381
148.880 24 0.608 0.261 0.675 0.381
148.920 24 0.606 0.264 0.673 0.381
148.960 24 0.611 0.261 0.677 0.378
149.000 24 0.609 0.261 0.677 0.378
149.040 24 0.613 0.258 0.677 0.375
149.080 24 0.616 0.261 0.680 0.375
149.120 24 0.614 0.261 0.678 0.375
149.160 24 0.616 0.261 0.680 0.375
149.200 24 0.614 0.258 0.678 0.375
149.240 24 0.616 0.258 0.680 0.375
149.280 24 0.617 0.261 0.681 0.375
149.320 24 0.617 0.261 0.681 0.375
149.360 24 0.619 0.264 0.681 0.375
149.400 24 0.620 0.267 0.681 0.375
149.440 24 0.620 0.269 0.681 0.378
149.480 24 0.620 0.272 0.683 0.383
149.520 24 0.617 0.275 0.680 0.383
149.560 24 0.619 0.275 0.680 0.386
149.600 24 0.616 0.275 0.678 0.386
149.640 24 0.616 0.278 0.678 0.386
149.680 24 0.616 0.278 0.677 0.386
149.720 24 0.613 0.278 0.675 0.389
149.760 24 0.611 0.278 0.673 0.389
149.800 24 0.611 0.278 0.675 0.392
149.840 24 0.606 0.275 0.673 0.392
149.880 24 0.606 0.275 0.672 0.392
149.920 24 0.605 0.272 0.672 0.392
149.960 24 0.605 0.272 0.670 0.392
150.000 24 0.603 0.272 0.670 0.392
150.040 24 0.602 0.269 0.667 0.389
150.080 24 0.602 0.269 0.667 0.389
150.120 24 0.600 0.269 0.667 0.386
150.160 24 0.603 0.269 0.667 0.383
150.200 24 0.602 0.267 0.667 0.383
150.240 24 0.603 0.267 0.667 0.381
150.280 24 0.602 0.264 0.666 0.378
150.320 24 0.603 0.261 0.667 0.375
150.360 24 0.605 0.264 0.666 0.372
150.400 24 0.605 0.261 0.667 0.375
150.440 24 0.603 0.261 0.666 0.372
150.480 24 0.605 0.261 0.669 0.375
150.520 24 0.603 0.261 0.667 0.372
150.560 24 0.606 0.261 0.669 0.375
150.600 24 0.603 0.258 0.667 0.372
150.640 24 0.606 0.258 0.670 0.372
150.680 24 0.603 0.258 0.667 0.372
150.720 24 0.603 0.256 0.669 0.372
150.760 24 0.605 0.258 0.669 0.372
150.800 24 0.605 0.256 0.670 0.372
150.840 24 0.606 0.258 0.669 0.369
150.880 24 0.606 0.256 0.669 0.369
150.920 24 0.608 0.250 0.672 0.367
150.960 24 0.605 0.250 0.672 0.367
151.000 24 0.603 0.247 0.670 0.367
151.040 24 0.603 0.253 0.670 0.369
151.080 24 0.603 0.253 0.670 0.369
151.120 24 0.605 0.256 0.670 0.372
151.160 24 0.603 0.256 0.669 0.372
151.200 24 0.605 0.258 0.669 0.372
151.240 24 0.606 0.261 0.670 0.375
151.280 24 0.606 0.261 0.670 0.375
151.320 24 0.606 0.264 0.669 0.375
151.360 24 0.608 0.264 0.672 0.378
151.400 24 0.606 0.264 0.670 0.378
151.440 24 0.608 0.264 0.672 0.378
151.480 24 0.608 0.264 0.672 0.378
151.520 24 0.608 0.261 0.672 0.375
151.560 24 0.608 0.258 0.672 0.372
151.600 24 0.606 0.256 0.670 0.369
151.640 24 0.605 0.253 0.670 0.367
151.680 24 0.605 0.253 0.669 0.367
151.720 24 0.603 0.250 0.667 0.367
151.760 24 0.603 0.250 0.667 0.364
151.800 24 0.602 0.250 0.666 0.364
151.840 24 0.600 0.250 0.666 0.364
151.880 24 0.600 0.247 0.664 0.364
151.920 24 0.598 0.247 0.664 0.364
151.960 24 0.597 0.247 0.662 0.361
152.000 24 0.595 0.247 0.662 0.367
152.040 24 0.594 0.247 0.661 0.367
152.080 24 0.592 0.244 0.661 0.367
152.120 24 0.589 0.244 0.656 0.367
152.160 24 0.589 0.244 0.656 0.367
152.200 24 0.586 0.244 0.655 0.367
152.240 24 0.584 0.244 0.653 0.367
152.280 24 0.581 0.247 0.650 0.367
152.320 24 0.583 0.247 0.652 0.367
152.360 24 0.580 0.244 0.647 0.367
152.400 24 0.586 0.264 0.641 0.358
152.440 24 0.584 0.267 0.639 0.361
152.480 24 0.581 0.267 0.636 0.361
152.520 24 0.583 0.267 0.636 0.361
152.560 24 0.578 0.267 0.633 0.364
152.600 24 0.580 0.269 0.633 0.364
152.640 24 0.577 0.269 0.631 0.367
152.680 24 0.577 0.269 0.633 0.369
152.720 24 0.575 0.272 0.630 0.372
152.760 24 0.577 0.275 0.631 0.372
152.800 24 0.573 0.275 0.630 0.375
152.840 24 0.572 0.278 0.628 0.378
152.880 24 0.572 0.278 0.630 0.378
152.920 24 0.570 0.278 0.628 0.381
152.960 24 0.572 0.278 0.628 0.381
153.000 24 0.570 0.278 0.627 0.381
153.040 24 0.570 0.278 0.627 0.378
153.080 24 0.570 0.278 0.627 0.378
153.120 24 0.569 0.275 0.625 0.378
153.160 24 0.572 0.278 0.628 0.378
153.200 24 0.567 0.275 0.625 0.378
153.240 24 0.569 0.275 0.627 0.378
153.280 24 0.570 0.275 0.627 0.378
153.320 24 0.569 0.275 0.625 0.378
153.360 24 0.569 0.275 0.625 0.378
153.400 24 0.570 0.278 0.625 0.378
153.440 24 0.567 0.278 0.625 0.378
153.480 24 0.570 0.278 0.625 0.378
153.520 24 0.569 0.278 0.623 0.378
153.560 24 0.567 0.281 0.622 0.375
153.600 24 0.570 0.278 0.625 0.375
153.640 24 0.569 0.278 0.623 0.378
153.680 24 0.569 0.281 0.625 0.378
153.720 24 0.567 0.281 0.623 0.381
153.760 24 0.567 0.281 0.623 0.381
153.800 24 0.567 0.281 0.625 0.383
153.840 24 0.569 0.283 0.625 0.386
153.880 24 0.569 0.283 0.625 0.383
153.920 24 0.569 0.283 0.627 0.386
153.960 24 0.567 0.281 0.627 0.386
154.000 24 0.570 0.283 0.627 0.383
154.040 24 0.570 0.281 0.628 0.383
154.080 24 0.572 0.281 0.628 0.381
154.120 24 0.572 0.278 0.630 0.381
154.160 24 0.572 0.275 0.630 0.378
154.200 24 0.573 0.275 0.630 0.375
154.240 24 0.573 0.275 0.630 0.375
154.280 24 0.575 0.275 0.631 0.375
154.320 24 0.575 0.275 0.631 0.375
154.360 24 0.573 0.275 0.630 0.375
154.400 24 0.573 0.275 0.630 0.375
154.440 24 0.573 0.275 0.630 0.375
154.480 24 0.573 0.278 0.630 0.375
154.520 24 0.573 0.278 0.630 0.378
154.560 24 0.573 0.278 0.630 0.378
154.600 24 0.570 0.278 0.628 0.381
154.640 24 0.569 0.283 0.627 0.386
154.680 24 0.567 0.286 0.623 0.386
154.720 24 0.567 0.289 0.623 0.389
154.760 24 0.566 0.289 0.622 0.392
154.800 24 0.569 0.289 0.625 0.389
154.840 24 0.570 0.289 0.625 0.386
154.880 24 0.572 0.286 0.627 0.383
154.920 24 0.572 0.286 0.625 0.383
154.960 24 0.572 0.286 0.627 0.383
155.000 24 0.570 0.283 0.627 0.383
155.040 24 0.569 0.281 0.625 0.381
155.080 24 0.570 0.281 0.627 0.381
155.120 24 0.572 0.278 0.627 0.378
155.160 24 0.573 0.281 0.627 0.375
155.200 24 0.575 0.278 0.627 0.369
155.240 24 0.573 0.278 0.627 0.369
155.280 24 0.573 0.275 0.627 0.369
155.320 24 0.573 0.272 0.627 0.367
155.360 24 0.573 0.272 0.627 0.367
155.400 24 0.573 0.272 0.627 0.367
155.440 24 0.575 0.272 0.628 0.367
155.480 24 0.575 0.272 0.628 0.367
155.520 24 0.578 0.272 0.631 0.369
155.560 24 0.578 0.272 0.631 0.367
155.600 24 0.578 0.272 0.631 0.367
155.640 24 0.578 0.272 0.631 0.367
155.680 24 0.578 0.272 0.631 0.369
155.720 24 0.578 0.272 0.633 0.369
155.760 24 0.578 0.272 0.633 0.369
155.800 24 0.580 0.272 0.634 0.372
155.840 24 0.580 0.272 0.634 0.372
164.800 25 0.208 0.097 0.264 0.197
164.840 25 0.212 0.089 0.267 0.189
164.880 25 0.214 0.083 0.269 0.183
164.920 25 0.216 0.081 0.270 0.181
164.960 25 0.216 0.081 0.270 0.178
165.000 25 0.217 0.078 0.272 0.175
165.040 25 0.216 0.078 0.270 0.175
165.080 25 0.217 0.078 0.272 0.175
165.120 25 0.220 0.072 0.273 0.167
165.160 25 0.222 0.069 0.277 0.167
165.200 25 0.225 0.067 0.278 0.161
165.240 25 0.227 0.064 0.280 0.161
165.280 25 0.231 0.067 0.283 0.158
165.320 25 0.236 0.067 0.287 0.158
165.360 25 0.239 0.067 0.291 0.158
165.400 25 0.245 0.067 0.297 0.158
165.440 25 0.250 0.069 0.302 0.161
165.480 25 0.258 0.075 0.308 0.164
165.520 25 0.267 0.078 0.319 0.167
165.560 25 0.277 0.081 0.327 0.169
165.600 25 0.286 0.081 0.336 0.172
165.640 25 0.295 0.083 0.345 0.172
165.680 25 0.305 0.078 0.356 0.169
165.720 25 0.311 0.075 0.362 0.167
165.760 25 0.316 0.069 0.370 0.164
165.800 25 0.320 0.061 0.373 0.156
165.840 25 0.323 0.056 0.377 0.150
165.880 25 0.325 0.047 0.378 0.142
165.920 25 0.327 0.036 0.381 0.133
165.960 25 0.327 0.025 0.383 0.125
166.000 25 0.327 0.017 0.383 0.117
166.040 25 0.327 0.008 0.383 0.108
166.080 25 0.323 0.000 0.381 0.103
166.120 25 0.323 -0.008 0.380 0.094
166.160 25 0.319 -0.014 0.378 0.092
166.200 25 0.314 -0.019 0.373 0.089
166.240 25 0.311 -0.025 0.373 0.086
