32.960 0 0.258 0.261 0.459 0.619
33.000 0 0.258 0.261 0.459 0.619
33.040 0 0.255 0.244 0.461 0.611
33.080 0 0.259 0.247 0.464 0.611
33.120 0 0.258 0.250 0.459 0.608
33.160 0 0.258 0.250 0.459 0.608
33.200 0 0.258 0.250 0.458 0.606
33.240 0 0.256 0.250 0.456 0.606
33.280 0 0.258 0.250 0.461 0.611
33.320 0 0.255 0.253 0.458 0.614
33.360 0 0.258 0.258 0.459 0.617
33.400 0 0.258 0.264 0.459 0.619
33.440 0 0.258 0.267 0.459 0.625
33.480 0 0.258 0.267 0.461 0.631
33.520 0 0.256 0.267 0.466 0.639
33.560 0 0.255 0.267 0.461 0.636
33.600 0 0.261 0.269 0.466 0.633
33.640 0 0.255 0.267 0.461 0.633
33.680 0 0.259 0.269 0.464 0.633
33.720 0 0.258 0.269 0.461 0.628
33.760 0 0.263 0.272 0.459 0.625
33.800 0 0.255 0.269 0.455 0.628
33.840 0 0.258 0.272 0.461 0.631
33.880 0 0.256 0.272 0.458 0.631
33.920 0 0.256 0.272 0.458 0.631
33.960 0 0.256 0.272 0.458 0.633
34.000 0 0.258 0.261 0.459 0.619
34.040 0 0.263 0.258 0.463 0.617
34.080 0 0.264 0.261 0.464 0.617
34.120 0 0.264 0.264 0.464 0.619
34.160 0 0.264 0.264 0.467 0.625
34.200 0 0.266 0.267 0.469 0.628
34.240 0 0.263 0.269 0.466 0.631
34.280 0 0.267 0.269 0.470 0.631
34.320 0 0.261 0.269 0.466 0.631
34.360 0 0.266 0.272 0.466 0.628
34.400 0 0.264 0.272 0.464 0.628
34.440 0 0.264 0.272 0.464 0.628
34.480 0 0.264 0.269 0.464 0.625
34.520 0 0.264 0.269 0.464 0.625
34.560 0 0.264 0.269 0.464 0.622
34.600 0 0.264 0.267 0.463 0.622
34.640 0 0.263 0.267 0.463 0.622
34.680 0 0.266 0.269 0.464 0.622
34.720 0 0.261 0.267 0.461 0.622
34.760 0 0.259 0.267 0.459 0.622
34.800 0 0.259 0.267 0.459 0.622
34.840 0 0.258 0.267 0.458 0.622
34.880 0 0.261 0.267 0.459 0.619
34.920 0 0.256 0.267 0.458 0.622
34.960 0 0.259 0.267 0.458 0.619
35.000 0 0.258 0.261 0.459 0.619
35.040 0 0.256 0.267 0.453 0.617
35.080 0 0.261 0.269 0.459 0.619
35.120 0 0.256 0.267 0.455 0.619
35.160 0 0.261 0.267 0.461 0.622
35.200 0 0.258 0.264 0.459 0.622
35.240 0 0.258 0.264 0.459 0.622
35.280 0 0.258 0.269 0.456 0.619
35.320 0 0.259 0.264 0.461 0.625
35.360 0 0.259 0.264 0.461 0.622
35.400 0 0.263 0.267 0.463 0.622
35.440 0 0.258 0.264 0.458 0.622
35.480 0 0.263 0.269 0.459 0.619
35.520 0 0.259 0.264 0.461 0.622
35.560 0 0.261 0.267 0.456 0.614
35.600 0 0.264 0.269 0.461 0.619
35.640 0 0.258 0.267 0.456 0.619
35.680 0 0.259 0.264 0.459 0.619
35.720 0 0.264 0.264 0.459 0.611
35.760 0 0.264 0.264 0.461 0.614
35.800 0 0.259 0.261 0.456 0.611
35.840 0 0.259 0.258 0.461 0.614
35.880 0 0.259 0.258 0.461 0.614
35.920 0 0.259 0.258 0.461 0.614
35.960 0 0.259 0.258 0.461 0.617
36.000 0 0.258 0.261 0.459 0.619
36.040 0 0.256 0.258 0.458 0.619
36.080 0 0.256 0.261 0.458 0.619
36.120 0 0.256 0.261 0.458 0.619
36.160 0 0.256 0.261 0.458 0.619
36.200 0 0.256 0.261 0.458 0.622
36.240 0 0.256 0.261 0.458 0.619
36.280 0 0.256 0.261 0.456 0.617
36.320 0 0.261 0.264 0.459 0.619
36.360 0 0.261 0.269 0.455 0.614
36.400 0 0.258 0.261 0.458 0.619
36.440 0 0.256 0.264 0.455 0.617
36.480 0 0.261 0.267 0.458 0.617
36.520 0 0.259 0.267 0.455 0.611
36.560 0 0.258 0.264 0.458 0.619
36.600 0 0.256 0.267 0.455 0.619
36.640 0 0.261 0.267 0.459 0.617
36.680 0 0.258 0.264 0.459 0.619
36.720 0 0.255 0.261 0.459 0.622
36.760 0 0.258 0.264 0.461 0.622
36.800 0 0.255 0.258 0.461 0.628
36.840 0 0.258 0.264 0.461 0.625
36.880 0 0.258 0.261 0.461 0.622
36.920 0 0.259 0.258 0.466 0.625
36.960 0 0.253 0.256 0.461 0.625
37.000 0 0.258 0.261 0.459 0.619
37.040 0 0.256 0.264 0.458 0.622
37.080 0 0.256 0.264 0.458 0.622
37.120 0 0.253 0.261 0.455 0.622
37.160 0 0.258 0.261 0.461 0.622
37.200 0 0.258 0.267 0.458 0.622
37.240 0 0.256 0.264 0.458 0.622
37.280 0 0.253 0.261 0.456 0.625
37.320 0 0.258 0.261 0.463 0.625
37.360 0 0.250 0.256 0.458 0.625
37.400 0 0.258 0.264 0.459 0.622
37.440 0 0.258 0.264 0.459 0.622
37.480 0 0.263 0.267 0.459 0.619
37.520 0 0.259 0.264 0.459 0.622
37.560 0 0.259 0.264 0.459 0.622
37.600 0 0.255 0.261 0.459 0.622
37.640 0 0.264 0.267 0.461 0.617
37.680 0 0.261 0.264 0.459 0.617
37.720 0 0.259 0.261 0.459 0.617
37.760 0 0.261 0.264 0.456 0.611
37.800 0 0.263 0.264 0.461 0.614
37.840 0 0.259 0.261 0.459 0.617
37.880 0 0.258 0.256 0.461 0.617
37.920 0 0.259 0.261 0.456 0.614
37.960 0 0.263 0.261 0.461 0.614
38.000 0 0.258 0.261 0.459 0.619
38.040 0 0.253 0.264 0.456 0.625
38.080 0 0.255 0.261 0.459 0.625
38.120 0 0.255 0.261 0.456 0.619
38.160 0 0.258 0.267 0.456 0.619
38.200 0 0.258 0.267 0.456 0.619
38.240 0 0.258 0.267 0.456 0.619
38.280 0 0.258 0.267 0.456 0.619
38.320 0 0.256 0.267 0.455 0.619
38.360 0 0.256 0.267 0.455 0.619
38.400 0 0.255 0.267 0.453 0.619
38.440 0 0.253 0.264 0.452 0.617
38.480 0 0.256 0.264 0.455 0.619
38.520 0 0.253 0.264 0.452 0.619
38.560 0 0.248 0.264 0.447 0.617
38.600 0 0.258 0.269 0.453 0.617
38.640 0 0.252 0.264 0.448 0.614
38.680 0 0.261 0.267 0.456 0.614
38.720 0 0.263 0.261 0.455 0.606
38.760 0 0.263 0.256 0.459 0.606
38.800 0 0.261 0.250 0.459 0.606
38.840 0 0.261 0.253 0.461 0.608
38.880 0 0.259 0.256 0.459 0.611
38.920 0 0.255 0.253 0.463 0.622
38.960 0 0.256 0.253 0.463 0.619
39.000 0 0.258 0.261 0.459 0.619
39.040 0 0.269 0.267 0.470 0.625
39.080 0 0.270 0.264 0.473 0.625
39.120 0 0.273 0.264 0.473 0.619
39.160 0 0.275 0.264 0.475 0.619
39.200 0 0.275 0.267 0.473 0.619
39.240 0 0.273 0.267 0.473 0.622
39.280 0 0.272 0.269 0.472 0.625
39.320 0 0.275 0.278 0.472 0.625
39.360 0 0.278 0.278 0.473 0.625
39.400 0 0.280 0.278 0.477 0.625
39.440 0 0.283 0.281 0.477 0.625
39.480 0 0.281 0.283 0.475 0.628
39.520 0 0.280 0.286 0.475 0.631
39.560 0 0.280 0.289 0.473 0.633
39.600 0 0.281 0.294 0.475 0.639
39.640 0 0.280 0.294 0.472 0.639
39.680 0 0.283 0.297 0.478 0.642
39.720 0 0.281 0.297 0.475 0.642
39.760 0 0.283 0.297 0.478 0.642
39.800 0 0.284 0.300 0.477 0.642
39.840 0 0.283 0.297 0.477 0.642
39.880 0 0.284 0.297 0.478 0.642
39.920 0 0.281 0.297 0.475 0.642
39.960 0 0.280 0.297 0.473 0.642
40.000 0 0.281 0.303 0.483 0.661
40.040 0 0.270 0.300 0.477 0.667
40.080 0 0.269 0.306 0.472 0.667
40.120 0 0.266 0.306 0.472 0.669
40.160 0 0.264 0.303 0.472 0.672
40.200 0 0.267 0.306 0.473 0.669
40.240 0 0.263 0.306 0.466 0.667
40.280 0 0.264 0.308 0.469 0.669
40.320 0 0.258 0.314 0.461 0.675
40.360 0 0.261 0.319 0.463 0.678
40.400 0 0.256 0.325 0.456 0.681
40.440 0 0.261 0.325 0.463 0.683
40.480 0 0.258 0.319 0.461 0.683
40.520 0 0.256 0.314 0.464 0.681
40.560 0 0.258 0.308 0.467 0.681
40.600 0 0.263 0.311 0.466 0.672
40.640 0 0.258 0.306 0.461 0.669
40.680 0 0.261 0.303 0.467 0.669
40.720 0 0.256 0.297 0.466 0.669
40.760 0 0.261 0.297 0.470 0.669
40.800 0 0.258 0.300 0.466 0.669
40.840 0 0.259 0.300 0.466 0.669
40.880 0 0.258 0.303 0.464 0.667
40.920 0 0.258 0.303 0.464 0.669
40.960 0 0.258 0.306 0.463 0.667
41.000 0 0.258 0.303 0.459 0.661
41.040 0 0.252 0.297 0.450 0.647
41.080 0 0.259 0.297 0.456 0.647
41.120 0 0.255 0.294 0.453 0.650
41.160 0 0.256 0.294 0.456 0.650
41.200 0 0.253 0.292 0.453 0.647
41.240 0 0.256 0.286 0.461 0.653
41.280 0 0.253 0.286 0.456 0.647
41.320 0 0.256 0.283 0.463 0.650
41.360 0 0.248 0.283 0.455 0.650
41.400 0 0.258 0.286 0.463 0.650
41.440 0 0.248 0.281 0.456 0.650
41.480 0 0.258 0.283 0.464 0.650
41.520 0 0.250 0.278 0.458 0.647
41.560 0 0.258 0.281 0.466 0.650
41.600 0 0.250 0.278 0.458 0.647
41.640 0 0.259 0.281 0.466 0.647
41.680 0 0.252 0.275 0.459 0.644
41.720 0 0.261 0.278 0.467 0.644
41.760 0 0.252 0.272 0.461 0.644
41.800 0 0.261 0.278 0.466 0.642
41.840 0 0.256 0.275 0.461 0.639
41.880 0 0.263 0.275 0.466 0.639
41.920 0 0.256 0.272 0.461 0.636
41.960 0 0.263 0.272 0.466 0.636
42.000 0 0.258 0.261 0.459 0.619
42.040 0 0.261 0.267 0.461 0.622
42.080 0 0.258 0.264 0.459 0.622
42.120 0 0.258 0.261 0.459 0.622
42.160 0 0.258 0.261 0.461 0.622
42.200 0 0.256 0.256 0.466 0.628
42.240 0 0.255 0.256 0.463 0.625
42.280 0 0.258 0.256 0.466 0.625
42.320 0 0.256 0.253 0.463 0.619
42.360 0 0.259 0.258 0.463 0.619
42.400 0 0.258 0.261 0.459 0.619
42.440 0 0.261 0.258 0.464 0.619
42.480 0 0.255 0.256 0.459 0.619
42.520 0 0.258 0.258 0.461 0.617
42.560 0 0.256 0.258 0.458 0.617
42.600 0 0.263 0.267 0.455 0.608
42.640 0 0.263 0.261 0.459 0.614
42.680 0 0.258 0.261 0.456 0.614
42.720 0 0.258 0.258 0.459 0.617
42.760 0 0.258 0.256 0.459 0.617
42.800 0 0.258 0.256 0.459 0.617
42.840 0 0.256 0.258 0.456 0.614
42.880 0 0.263 0.258 0.459 0.611
42.920 0 0.256 0.256 0.459 0.614
42.960 0 0.258 0.256 0.459 0.617
43.000 0 0.258 0.261 0.459 0.619
43.040 0 0.259 0.256 0.467 0.625
43.080 0 0.247 0.250 0.458 0.625
43.120 0 0.258 0.253 0.469 0.631
43.160 0 0.248 0.250 0.459 0.625
43.200 0 0.258 0.258 0.464 0.625
43.240 0 0.258 0.261 0.459 0.619
43.280 0 0.258 0.261 0.459 0.619
43.320 0 0.258 0.261 0.459 0.619
43.360 0 0.258 0.261 0.459 0.619
43.400 0 0.258 0.261 0.459 0.619
43.440 0 0.258 0.261 0.459 0.619
43.480 0 0.253 0.258 0.459 0.622
43.520 0 0.258 0.258 0.463 0.622
43.560 0 0.258 0.261 0.459 0.619
43.600 0 0.256 0.258 0.463 0.628
43.640 0 0.253 0.258 0.459 0.625
43.680 0 0.261 0.258 0.469 0.628
43.720 0 0.248 0.256 0.459 0.628
43.760 0 0.258 0.256 0.466 0.625
43.800 0 0.252 0.256 0.459 0.625
43.840 0 0.258 0.256 0.466 0.625
43.880 0 0.252 0.256 0.459 0.625
43.920 0 0.259 0.258 0.464 0.625
43.960 0 0.255 0.258 0.459 0.622
44.000 0 0.258 0.261 0.459 0.619
44.040 0 0.258 0.264 0.455 0.614
44.080 0 0.264 0.267 0.459 0.614
44.120 0 0.255 0.264 0.453 0.617
44.160 0 0.259 0.258 0.463 0.619
44.200 0 0.259 0.261 0.459 0.617
44.240 0 0.259 0.264 0.456 0.614
44.280 0 0.264 0.269 0.461 0.617
44.320 0 0.258 0.264 0.456 0.617
44.360 0 0.259 0.261 0.461 0.619
44.400 0 0.259 0.261 0.461 0.619
44.440 0 0.259 0.261 0.461 0.619
44.480 0 0.259 0.261 0.461 0.619
44.520 0 0.255 0.258 0.459 0.622
44.560 0 0.256 0.258 0.464 0.628
44.600 0 0.258 0.261 0.459 0.619
44.640 0 0.263 0.264 0.459 0.617
44.680 0 0.258 0.261 0.459 0.619
44.720 0 0.258 0.261 0.459 0.622
44.760 0 0.258 0.264 0.459 0.622
44.800 0 0.258 0.264 0.459 0.622
44.840 0 0.258 0.264 0.459 0.622
44.880 0 0.258 0.264 0.461 0.622
44.920 0 0.258 0.264 0.459 0.622
44.960 0 0.258 0.261 0.459 0.622
45.000 0 0.258 0.261 0.459 0.619
45.040 0 0.258 0.261 0.459 0.622
45.080 0 0.258 0.261 0.459 0.619
45.120 0 0.256 0.261 0.459 0.619
45.160 0 0.256 0.261 0.459 0.619
45.200 0 0.256 0.261 0.459 0.619
45.240 0 0.256 0.261 0.459 0.619
45.280 0 0.256 0.261 0.459 0.619
45.320 0 0.256 0.261 0.459 0.619
45.360 0 0.256 0.258 0.463 0.625
45.400 0 0.253 0.258 0.458 0.622
45.440 0 0.259 0.261 0.461 0.619
45.480 0 0.258 0.261 0.459 0.619
45.520 0 0.256 0.258 0.463 0.625
45.560 0 0.253 0.258 0.458 0.622
45.600 0 0.258 0.258 0.463 0.622
45.640 0 0.252 0.258 0.458 0.622
45.680 0 0.256 0.258 0.463 0.625
45.720 0 0.252 0.261 0.456 0.625
45.760 0 0.253 0.261 0.456 0.622
45.800 0 0.256 0.264 0.459 0.622
45.840 0 0.255 0.264 0.456 0.622
45.880 0 0.256 0.264 0.456 0.622
45.920 0 0.256 0.264 0.458 0.619
45.960 0 0.258 0.261 0.458 0.619
46.000 0 0.258 0.261 0.459 0.619
46.040 0 0.258 0.275 0.458 0.631
46.080 0 0.255 0.275 0.455 0.631
46.120 0 0.259 0.272 0.461 0.633
46.160 0 0.253 0.269 0.456 0.631
46.200 0 0.259 0.272 0.463 0.636
46.240 0 0.255 0.269 0.459 0.633
46.280 0 0.258 0.272 0.461 0.636
46.320 0 0.252 0.272 0.456 0.636
46.360 0 0.255 0.272 0.461 0.639
46.400 0 0.258 0.278 0.458 0.631
46.440 0 0.256 0.275 0.459 0.636
46.480 0 0.256 0.278 0.456 0.633
46.520 0 0.256 0.286 0.453 0.636
46.560 0 0.259 0.286 0.458 0.639
46.600 0 0.253 0.283 0.455 0.642
46.640 0 0.256 0.283 0.456 0.642
46.680 0 0.252 0.281 0.456 0.644
46.720 0 0.258 0.286 0.458 0.642
46.760 0 0.250 0.283 0.456 0.647
46.800 0 0.255 0.286 0.456 0.644
46.840 0 0.255 0.286 0.458 0.644
46.880 0 0.256 0.286 0.459 0.647
46.920 0 0.258 0.286 0.461 0.647
46.960 0 0.259 0.289 0.463 0.650
47.000 0 0.258 0.303 0.459 0.661
47.040 0 0.258 0.306 0.459 0.661
47.080 0 0.259 0.306 0.461 0.664
47.120 0 0.259 0.308 0.461 0.667
47.160 0 0.259 0.311 0.459 0.667
47.200 0 0.259 0.311 0.459 0.664
47.240 0 0.261 0.311 0.459 0.664
47.280 0 0.258 0.314 0.452 0.661
47.320 0 0.267 0.317 0.461 0.658
47.360 0 0.261 0.311 0.459 0.664
47.400 0 0.259 0.308 0.459 0.661
69.480 1 0.350 0.211 0.491 0.458
69.520 1 0.350 0.208 0.491 0.458
69.560 1 0.352 0.208 0.492 0.458
69.600 1 0.352 0.208 0.492 0.458
69.640 1 0.352 0.208 0.492 0.458
69.680 1 0.352 0.208 0.492 0.458
69.720 1 0.350 0.208 0.492 0.458
69.760 1 0.352 0.208 0.492 0.458
69.800 1 0.350 0.208 0.491 0.458
69.840 1 0.352 0.208 0.492 0.458
69.880 1 0.350 0.208 0.491 0.458
69.920 1 0.352 0.211 0.491 0.458
69.960 1 0.350 0.208 0.491 0.458
70.000 1 0.350 0.208 0.491 0.458
70.040 1 0.348 0.222 0.487 0.469
70.080 1 0.353 0.222 0.491 0.469
70.120 1 0.353 0.225 0.487 0.464
70.160 1 0.350 0.225 0.487 0.469
70.200 1 0.348 0.225 0.487 0.469
70.240 1 0.353 0.225 0.491 0.469
70.280 1 0.352 0.225 0.487 0.467
70.320 1 0.350 0.222 0.491 0.472
70.360 1 0.348 0.225 0.487 0.472
70.400 1 0.353 0.225 0.491 0.469
70.440 1 0.352 0.225 0.487 0.467
70.480 1 0.352 0.225 0.491 0.472
70.520 1 0.350 0.225 0.487 0.472
70.560 1 0.353 0.225 0.491 0.472
70.600 1 0.352 0.225 0.487 0.469
70.640 1 0.350 0.225 0.491 0.472
70.680 1 0.350 0.225 0.487 0.472
70.720 1 0.353 0.225 0.491 0.472
70.760 1 0.352 0.228 0.487 0.469
70.800 1 0.352 0.225 0.491 0.472
70.840 1 0.350 0.225 0.491 0.472
70.880 1 0.350 0.222 0.492 0.472
70.920 1 0.353 0.225 0.491 0.469
70.960 1 0.348 0.222 0.489 0.475
71.000 1 0.350 0.236 0.491 0.486
71.040 1 0.359 0.244 0.497 0.486
71.080 1 0.361 0.247 0.497 0.486
71.120 1 0.359 0.247 0.497 0.489
71.160 1 0.361 0.247 0.498 0.492
71.200 1 0.356 0.244 0.495 0.492
71.240 1 0.359 0.244 0.498 0.492
71.280 1 0.356 0.244 0.495 0.492
71.320 1 0.358 0.244 0.498 0.492
71.360 1 0.359 0.244 0.495 0.486
71.400 1 0.356 0.244 0.495 0.489
71.440 1 0.356 0.242 0.495 0.492
71.480 1 0.353 0.242 0.494 0.489
71.520 1 0.352 0.242 0.492 0.489
71.560 1 0.347 0.239 0.487 0.489
71.600 1 0.344 0.239 0.486 0.492
71.640 1 0.339 0.236 0.483 0.492
71.680 1 0.338 0.233 0.481 0.492
71.720 1 0.334 0.233 0.478 0.492
71.760 1 0.328 0.233 0.475 0.492
71.800 1 0.328 0.231 0.473 0.492
71.840 1 0.327 0.231 0.473 0.492
71.880 1 0.325 0.228 0.473 0.492
71.920 1 0.325 0.228 0.472 0.489
71.960 1 0.325 0.228 0.472 0.486
72.000 1 0.334 0.236 0.475 0.486
72.040 1 0.330 0.228 0.472 0.481
72.080 1 0.328 0.228 0.469 0.481
72.120 1 0.328 0.231 0.469 0.481
72.160 1 0.330 0.233 0.469 0.481
72.200 1 0.327 0.231 0.469 0.481
72.240 1 0.328 0.231 0.469 0.481
72.280 1 0.325 0.228 0.466 0.481
72.320 1 0.328 0.231 0.467 0.478
72.360 1 0.327 0.228 0.467 0.478
72.400 1 0.325 0.225 0.467 0.478
72.440 1 0.325 0.225 0.467 0.475
72.480 1 0.325 0.222 0.467 0.475
72.520 1 0.325 0.222 0.466 0.475
72.560 1 0.323 0.222 0.466 0.475
72.600 1 0.323 0.222 0.466 0.475
72.640 1 0.323 0.222 0.466 0.475
72.680 1 0.323 0.219 0.466 0.472
72.720 1 0.323 0.217 0.466 0.469
72.760 1 0.319 0.208 0.464 0.467
72.800 1 0.323 0.211 0.469 0.469
72.840 1 0.323 0.211 0.466 0.467
72.880 1 0.323 0.214 0.466 0.467
72.920 1 0.323 0.214 0.466 0.467
72.960 1 0.325 0.214 0.466 0.467
73.000 1 0.319 0.208 0.459 0.458
73.040 1 0.327 0.214 0.467 0.467
73.080 1 0.325 0.214 0.467 0.467
73.120 1 0.328 0.211 0.472 0.469
73.160 1 0.322 0.211 0.467 0.469
73.200 1 0.328 0.211 0.473 0.472
73.240 1 0.322 0.211 0.467 0.469
73.280 1 0.330 0.211 0.475 0.469
73.320 1 0.325 0.211 0.467 0.467
73.360 1 0.328 0.214 0.472 0.467
73.400 1 0.327 0.214 0.470 0.467
73.440 1 0.328 0.214 0.472 0.467
73.480 1 0.325 0.214 0.467 0.467
73.520 1 0.328 0.214 0.470 0.469
73.560 1 0.327 0.217 0.469 0.469
73.600 1 0.327 0.217 0.470 0.472
73.640 1 0.323 0.214 0.469 0.472
73.680 1 0.328 0.217 0.472 0.472
73.720 1 0.327 0.219 0.469 0.472
73.760 1 0.327 0.219 0.469 0.472
73.800 1 0.327 0.222 0.469 0.475
73.840 1 0.327 0.225 0.470 0.481
73.880 1 0.323 0.225 0.466 0.481
73.920 1 0.328 0.228 0.470 0.481
73.960 1 0.327 0.231 0.467 0.481
74.000 1 0.334 0.236 0.475 0.486
74.040 1 0.330 0.231 0.472 0.486
74.080 1 0.334 0.233 0.477 0.489
74.120 1 0.330 0.236 0.470 0.483
74.160 1 0.338 0.239 0.477 0.486
74.200 1 0.331 0.239 0.470 0.486
74.240 1 0.334 0.239 0.475 0.489
74.280 1 0.331 0.242 0.470 0.492
74.320 1 0.333 0.244 0.472 0.492
74.360 1 0.331 0.244 0.472 0.494
74.400 1 0.331 0.242 0.472 0.494
74.440 1 0.330 0.242 0.472 0.492
74.480 1 0.330 0.239 0.470 0.489
74.520 1 0.328 0.236 0.469 0.489
74.560 1 0.328 0.236 0.469 0.489
74.600 1 0.327 0.239 0.467 0.489
74.640 1 0.325 0.239 0.466 0.489
74.680 1 0.323 0.239 0.466 0.489
74.720 1 0.323 0.239 0.466 0.489
74.760 1 0.322 0.239 0.463 0.489
74.800 1 0.323 0.239 0.464 0.489
74.840 1 0.322 0.239 0.463 0.489
74.880 1 0.322 0.239 0.463 0.489
74.920 1 0.320 0.239 0.461 0.489
74.960 1 0.325 0.239 0.466 0.489
75.000 1 0.319 0.236 0.459 0.486
75.040 1 0.322 0.242 0.459 0.489
75.080 1 0.322 0.242 0.459 0.489
75.120 1 0.322 0.242 0.459 0.489
75.160 1 0.322 0.242 0.459 0.489
75.200 1 0.322 0.242 0.459 0.489
75.240 1 0.323 0.242 0.463 0.489
75.280 1 0.323 0.242 0.461 0.489
75.320 1 0.320 0.242 0.459 0.489
75.360 1 0.322 0.242 0.461 0.489
75.400 1 0.322 0.242 0.463 0.489
75.440 1 0.325 0.242 0.464 0.489
75.480 1 0.323 0.242 0.464 0.492
75.520 1 0.323 0.239 0.466 0.492
75.560 1 0.325 0.239 0.466 0.492
75.600 1 0.327 0.239 0.467 0.489
75.640 1 0.327 0.239 0.469 0.489
75.680 1 0.328 0.236 0.470 0.489
75.720 1 0.328 0.236 0.470 0.489
75.760 1 0.330 0.236 0.472 0.489
75.800 1 0.330 0.236 0.472 0.489
75.840 1 0.331 0.236 0.473 0.489
75.880 1 0.330 0.233 0.475 0.489
75.920 1 0.331 0.231 0.477 0.489
75.960 1 0.330 0.231 0.473 0.486
76.000 1 0.334 0.236 0.475 0.486
76.040 1 0.333 0.222 0.475 0.475
76.080 1 0.334 0.222 0.475 0.472
76.120 1 0.334 0.222 0.475 0.472
76.160 1 0.336 0.222 0.477 0.472
76.200 1 0.338 0.222 0.478 0.472
76.240 1 0.339 0.219 0.480 0.469
76.280 1 0.342 0.219 0.484 0.469
76.320 1 0.338 0.219 0.478 0.469
76.360 1 0.344 0.219 0.486 0.469
76.400 1 0.341 0.219 0.481 0.469
76.440 1 0.345 0.219 0.486 0.469
76.480 1 0.344 0.219 0.483 0.469
76.520 1 0.347 0.222 0.487 0.469
76.560 1 0.347 0.222 0.486 0.469
76.600 1 0.347 0.222 0.487 0.469
76.640 1 0.348 0.219 0.489 0.472
76.680 1 0.347 0.219 0.487 0.469
76.720 1 0.348 0.219 0.489 0.469
76.760 1 0.352 0.222 0.492 0.469
76.800 1 0.347 0.219 0.487 0.469
76.840 1 0.350 0.219 0.491 0.469
76.880 1 0.350 0.219 0.491 0.469
76.920 1 0.352 0.225 0.491 0.469
76.960 1 0.350 0.222 0.489 0.469
77.000 1 0.350 0.208 0.491 0.458
77.040 1 0.345 0.203 0.491 0.461
77.080 1 0.348 0.206 0.489 0.458
77.120 1 0.348 0.206 0.489 0.456
77.160 1 0.350 0.206 0.492 0.458
77.200 1 0.345 0.203 0.487 0.456
77.240 1 0.350 0.206 0.491 0.456
77.280 1 0.350 0.203 0.494 0.458
77.320 1 0.350 0.206 0.491 0.456
77.360 1 0.348 0.206 0.489 0.456
77.400 1 0.352 0.206 0.492 0.456
77.440 1 0.352 0.206 0.492 0.456
77.480 1 0.352 0.208 0.492 0.456
77.520 1 0.352 0.206 0.492 0.456
77.560 1 0.352 0.208 0.492 0.456
77.600 1 0.353 0.208 0.492 0.456
77.640 1 0.353 0.208 0.492 0.456
77.680 1 0.353 0.208 0.492 0.456
77.720 1 0.353 0.208 0.492 0.456
77.760 1 0.353 0.211 0.492 0.456
77.800 1 0.353 0.211 0.492 0.458
77.840 1 0.353 0.211 0.492 0.458
77.880 1 0.353 0.211 0.492 0.458
77.920 1 0.353 0.211 0.492 0.458
77.960 1 0.353 0.211 0.492 0.458
78.000 1 0.350 0.208 0.491 0.458
78.040 1 0.355 0.208 0.494 0.458
78.080 1 0.356 0.208 0.495 0.458
78.120 1 0.355 0.208 0.495 0.458
78.160 1 0.356 0.206 0.498 0.461
78.200 1 0.356 0.208 0.495 0.458
78.240 1 0.356 0.208 0.497 0.458
78.280 1 0.356 0.206 0.498 0.461
78.320 1 0.356 0.206 0.497 0.458
78.360 1 0.356 0.208 0.497 0.458
78.400 1 0.358 0.208 0.497 0.458
78.440 1 0.358 0.208 0.498 0.458
78.480 1 0.358 0.208 0.498 0.458
78.520 1 0.361 0.208 0.500 0.458
78.560 1 0.359 0.208 0.500 0.458
78.600 1 0.361 0.208 0.502 0.458
78.640 1 0.359 0.208 0.500 0.458
78.680 1 0.361 0.208 0.502 0.458
78.720 1 0.359 0.208 0.500 0.458
78.760 1 0.362 0.208 0.502 0.458
78.800 1 0.361 0.208 0.502 0.458
78.840 1 0.361 0.208 0.502 0.458
78.880 1 0.361 0.208 0.502 0.458
78.920 1 0.361 0.208 0.502 0.458
78.960 1 0.362 0.208 0.502 0.458
79.000 1 0.366 0.208 0.505 0.458
79.040 1 0.369 0.211 0.506 0.458
79.080 1 0.366 0.208 0.503 0.458
79.120 1 0.369 0.208 0.508 0.458
79.160 1 0.367 0.208 0.506 0.458
79.200 1 0.369 0.208 0.506 0.458
79.240 1 0.367 0.208 0.505 0.458
79.280 1 0.370 0.208 0.509 0.458
79.320 1 0.369 0.208 0.506 0.456
79.360 1 0.372 0.206 0.509 0.456
79.400 1 0.369 0.206 0.506 0.453
79.440 1 0.372 0.206 0.511 0.453
79.480 1 0.372 0.206 0.509 0.453
79.520 1 0.372 0.206 0.509 0.453
79.560 1 0.372 0.206 0.509 0.456
79.600 1 0.369 0.206 0.509 0.456
79.640 1 0.370 0.203 0.511 0.458
79.680 1 0.367 0.200 0.511 0.461
79.720 1 0.367 0.203 0.511 0.458
79.760 1 0.366 0.200 0.509 0.461
79.800 1 0.369 0.206 0.509 0.458
79.840 1 0.367 0.206 0.506 0.458
79.880 1 0.370 0.211 0.506 0.456
79.920 1 0.367 0.208 0.506 0.458
79.960 1 0.369 0.211 0.506 0.456
80.000 1 0.366 0.208 0.505 0.458
80.040 1 0.364 0.211 0.498 0.453
80.080 1 0.372 0.214 0.505 0.453
80.120 1 0.369 0.214 0.498 0.447
80.160 1 0.366 0.208 0.505 0.458
80.200 1 0.364 0.211 0.498 0.453
80.240 1 0.370 0.214 0.505 0.453
80.280 1 0.366 0.208 0.505 0.458
80.320 1 0.364 0.208 0.505 0.458
80.360 1 0.364 0.208 0.505 0.458
80.400 1 0.364 0.208 0.503 0.458
80.440 1 0.364 0.208 0.503 0.458
80.480 1 0.364 0.208 0.503 0.458
80.520 1 0.364 0.208 0.503 0.458
80.560 1 0.364 0.208 0.503 0.458
80.600 1 0.364 0.208 0.503 0.458
80.640 2 0.833 0.706 0.889 0.803
80.680 2 0.833 0.706 0.889 0.803
80.720 2 0.833 0.706 0.889 0.803
80.760 2 0.833 0.706 0.889 0.803
80.800 2 0.833 0.706 0.889 0.803
80.840 2 0.833 0.706 0.889 0.803
80.880 2 0.833 0.706 0.889 0.803
80.920 2 0.833 0.706 0.889 0.803
80.960 2 0.833 0.706 0.889 0.803
81.000 2 0.833 0.706 0.889 0.803
81.040 2 0.833 0.706 0.889 0.803
81.080 2 0.833 0.706 0.889 0.803
81.120 2 0.833 0.706 0.889 0.803
81.160 2 0.833 0.706 0.889 0.803
81.200 2 0.833 0.706 0.889 0.806
81.240 2 0.833 0.706 0.889 0.803
81.280 2 0.833 0.706 0.889 0.806
81.320 2 0.833 0.706 0.889 0.806
81.360 2 0.833 0.706 0.889 0.806
81.400 2 0.833 0.706 0.889 0.806
81.440 2 0.833 0.706 0.889 0.803
81.480 2 0.833 0.706 0.889 0.803
81.520 2 0.833 0.706 0.889 0.803
81.560 2 0.833 0.706 0.889 0.803
81.600 2 0.833 0.706 0.889 0.803
81.640 2 0.833 0.706 0.889 0.803
81.680 2 0.833 0.706 0.889 0.803
81.720 2 0.833 0.706 0.889 0.806
81.760 2 0.833 0.706 0.889 0.806
81.800 2 0.833 0.706 0.889 0.806
81.840 2 0.833 0.706 0.889 0.803
81.880 2 0.833 0.706 0.889 0.806
81.920 2 0.833 0.706 0.889 0.806
81.960 2 0.833 0.706 0.889 0.806
82.000 2 0.833 0.706 0.889 0.806
82.040 2 0.833 0.706 0.889 0.803
82.080 2 0.833 0.706 0.889 0.806
82.120 2 0.833 0.706 0.889 0.806
82.160 2 0.833 0.706 0.889 0.806
82.200 2 0.833 0.706 0.889 0.806
82.240 2 0.833 0.706 0.889 0.806
82.280 2 0.833 0.706 0.889 0.803
82.320 2 0.833 0.706 0.889 0.806
82.360 2 0.833 0.706 0.889 0.803
82.400 2 0.833 0.706 0.889 0.806
82.440 2 0.833 0.706 0.889 0.806
82.480 2 0.833 0.706 0.889 0.806
82.520 2 0.833 0.706 0.889 0.806
82.560 2 0.833 0.706 0.889 0.806
82.600 2 0.833 0.706 0.889 0.806
82.640 2 0.833 0.706 0.889 0.806
82.680 2 0.833 0.706 0.889 0.806
82.720 2 0.833 0.706 0.889 0.806
82.760 2 0.833 0.706 0.889 0.806
82.800 2 0.833 0.706 0.889 0.806
82.840 2 0.833 0.706 0.889 0.806
82.880 2 0.833 0.706 0.889 0.806
82.920 2 0.833 0.706 0.889 0.806
82.960 2 0.833 0.706 0.889 0.806
83.000 2 0.833 0.706 0.889 0.806
83.040 2 0.833 0.706 0.889 0.806
83.080 2 0.833 0.706 0.889 0.806
83.120 2 0.833 0.706 0.889 0.806
83.160 2 0.833 0.706 0.889 0.806
83.200 2 0.833 0.706 0.889 0.806
83.240 2 0.833 0.706 0.889 0.806
83.280 2 0.833 0.706 0.889 0.806
83.320 2 0.833 0.706 0.889 0.806
83.360 2 0.833 0.706 0.889 0.806
83.400 2 0.833 0.706 0.889 0.806
83.440 2 0.833 0.706 0.889 0.806
83.480 2 0.833 0.706 0.889 0.806
83.520 2 0.833 0.706 0.889 0.806
83.560 2 0.833 0.706 0.889 0.806
83.600 2 0.833 0.706 0.889 0.806
83.640 2 0.833 0.706 0.889 0.806
83.680 2 0.833 0.706 0.889 0.806
83.720 2 0.833 0.706 0.889 0.806
83.760 2 0.833 0.706 0.889 0.806
83.800 2 0.833 0.706 0.889 0.806
83.840 2 0.833 0.706 0.889 0.806
83.880 2 0.833 0.706 0.889 0.806
83.920 2 0.833 0.706 0.889 0.806
83.960 2 0.833 0.706 0.889 0.806
84.000 2 0.833 0.706 0.889 0.806
84.040 2 0.833 0.706 0.889 0.806
84.080 2 0.833 0.706 0.889 0.806
84.120 2 0.833 0.706 0.889 0.806
84.160 2 0.833 0.706 0.889 0.806
84.200 2 0.833 0.706 0.889 0.806
84.240 2 0.833 0.706 0.889 0.806
84.280 2 0.833 0.706 0.889 0.806
84.320 2 0.833 0.706 0.889 0.806
84.360 2 0.833 0.706 0.889 0.806
84.400 2 0.833 0.706 0.889 0.806
84.440 2 0.833 0.706 0.889 0.806
84.480 2 0.833 0.706 0.889 0.806
84.520 2 0.833 0.706 0.889 0.806
84.560 2 0.833 0.706 0.889 0.806
84.600 2 0.833 0.706 0.889 0.806
84.640 2 0.833 0.706 0.889 0.806
84.680 2 0.833 0.706 0.889 0.806
84.720 2 0.833 0.706 0.889 0.806
84.760 2 0.833 0.706 0.889 0.806
84.800 2 0.833 0.706 0.889 0.806
84.840 2 0.833 0.706 0.889 0.806
84.880 2 0.833 0.706 0.889 0.806
84.920 2 0.833 0.706 0.889 0.806
84.960 2 0.833 0.706 0.889 0.806
85.000 2 0.833 0.706 0.889 0.806
85.040 2 0.833 0.706 0.889 0.806
85.080 2 0.833 0.706 0.889 0.806
85.120 2 0.833 0.706 0.889 0.806
85.160 2 0.833 0.706 0.889 0.806
85.200 2 0.833 0.706 0.889 0.806
85.240 2 0.833 0.706 0.889 0.806
85.280 2 0.833 0.706 0.889 0.806
85.320 2 0.833 0.706 0.889 0.806
85.360 2 0.833 0.706 0.889 0.806
85.400 2 0.833 0.706 0.889 0.806
85.440 2 0.833 0.706 0.889 0.806
85.480 2 0.833 0.706 0.889 0.806
85.520 2 0.833 0.706 0.889 0.806
85.560 2 0.833 0.706 0.889 0.806
85.600 2 0.833 0.706 0.889 0.806
85.640 2 0.833 0.706 0.889 0.806
85.680 2 0.833 0.706 0.889 0.806
85.720 2 0.833 0.706 0.889 0.806
85.760 2 0.833 0.706 0.889 0.806
85.800 2 0.833 0.706 0.889 0.806
85.840 2 0.833 0.706 0.889 0.806
85.880 2 0.833 0.706 0.889 0.806
85.920 2 0.833 0.706 0.889 0.806
85.960 2 0.833 0.706 0.889 0.806
86.000 2 0.833 0.706 0.889 0.806
86.040 2 0.833 0.706 0.889 0.806
86.080 2 0.833 0.706 0.889 0.806
86.120 2 0.833 0.706 0.889 0.806
86.160 2 0.833 0.706 0.889 0.806
86.200 2 0.833 0.706 0.889 0.806
86.240 2 0.833 0.706 0.889 0.806
86.280 2 0.833 0.706 0.889 0.806
86.320 2 0.833 0.706 0.891 0.808
86.360 2 0.830 0.703 0.889 0.808
86.400 2 0.833 0.703 0.892 0.808
86.440 2 0.833 0.706 0.889 0.806
86.480 2 0.833 0.706 0.889 0.806
86.520 2 0.833 0.706 0.889 0.806
86.560 2 0.833 0.706 0.889 0.806
86.600 2 0.833 0.706 0.889 0.806
86.640 2 0.833 0.706 0.889 0.806
86.680 2 0.833 0.706 0.889 0.806
86.720 2 0.833 0.706 0.889 0.806
86.760 2 0.833 0.706 0.889 0.806
86.800 2 0.833 0.706 0.889 0.806
86.840 2 0.833 0.706 0.889 0.806
86.880 2 0.833 0.706 0.889 0.806
86.920 2 0.833 0.706 0.889 0.806
86.960 2 0.833 0.706 0.889 0.806
87.000 2 0.833 0.706 0.889 0.806
87.040 2 0.833 0.706 0.889 0.806
87.080 2 0.833 0.706 0.889 0.806
87.120 2 0.833 0.706 0.889 0.806
87.160 2 0.833 0.706 0.889 0.806
87.200 2 0.833 0.706 0.889 0.806
87.240 2 0.833 0.706 0.889 0.806
87.280 2 0.833 0.706 0.889 0.806
87.320 2 0.833 0.706 0.889 0.806
87.360 2 0.833 0.706 0.889 0.806
87.400 2 0.833 0.706 0.889 0.806
87.440 2 0.833 0.706 0.889 0.806
87.480 2 0.833 0.706 0.889 0.806
87.520 2 0.833 0.706 0.889 0.806
87.560 2 0.833 0.706 0.889 0.806
87.600 2 0.833 0.706 0.889 0.806
87.640 2 0.833 0.706 0.889 0.806
87.680 2 0.833 0.706 0.889 0.806
87.720 2 0.833 0.706 0.889 0.806
87.760 2 0.833 0.706 0.889 0.806
87.800 2 0.833 0.706 0.889 0.806
87.840 2 0.833 0.706 0.889 0.806
87.880 2 0.833 0.706 0.889 0.806
87.920 2 0.833 0.706 0.889 0.806
87.960 2 0.833 0.706 0.889 0.806
88.000 2 0.833 0.706 0.889 0.806
88.040 2 0.833 0.706 0.889 0.806
88.080 2 0.833 0.706 0.889 0.806
100.560 3 0.239 0.239 0.295 0.339
100.600 3 0.239 0.236 0.295 0.336
100.640 3 0.237 0.239 0.294 0.339
100.680 3 0.241 0.239 0.297 0.339
100.720 3 0.236 0.239 0.294 0.342
100.760 3 0.239 0.242 0.295 0.342
100.800 3 0.237 0.239 0.294 0.342
100.840 3 0.241 0.239 0.297 0.342
100.880 3 0.239 0.239 0.295 0.342
100.920 3 0.237 0.239 0.295 0.339
100.960 3 0.236 0.236 0.295 0.342
101.000 3 0.239 0.239 0.295 0.339
101.040 3 0.237 0.236 0.295 0.336
101.080 3 0.241 0.236 0.298 0.336
101.120 3 0.244 0.236 0.300 0.336
101.160 3 0.244 0.236 0.300 0.336
101.200 3 0.245 0.236 0.302 0.336
101.240 3 0.245 0.239 0.302 0.336
101.280 3 0.247 0.239 0.302 0.336
101.320 3 0.250 0.239 0.305 0.336
101.360 3 0.255 0.239 0.308 0.333
101.400 3 0.258 0.239 0.312 0.333
101.440 3 0.261 0.239 0.316 0.333
101.480 3 0.264 0.239 0.317 0.333
101.520 3 0.264 0.239 0.317 0.333
101.560 3 0.267 0.239 0.322 0.333
101.600 3 0.270 0.236 0.325 0.333
101.640 3 0.277 0.233 0.331 0.331
101.680 3 0.283 0.233 0.338 0.333
101.720 3 0.289 0.233 0.345 0.333
101.760 3 0.298 0.233 0.353 0.333
101.800 3 0.306 0.233 0.362 0.331
101.840 3 0.316 0.233 0.370 0.331
101.880 3 0.328 0.233 0.381 0.328
101.920 3 0.339 0.233 0.392 0.328
101.960 3 0.353 0.233 0.405 0.328
102.000 3 0.364 0.228 0.420 0.328
102.040 3 0.377 0.228 0.433 0.328
102.080 3 0.391 0.228 0.447 0.328
102.120 3 0.403 0.231 0.458 0.328
102.160 3 0.419 0.228 0.473 0.325
102.200 3 0.433 0.225 0.487 0.325
102.240 3 0.447 0.225 0.503 0.322
102.280 3 0.464 0.225 0.520 0.325
102.320 3 0.480 0.222 0.536 0.322
102.360 3 0.495 0.222 0.552 0.322
102.400 3 0.509 0.219 0.566 0.319
102.440 3 0.527 0.219 0.583 0.319
102.480 3 0.544 0.219 0.600 0.319
102.520 3 0.558 0.219 0.616 0.319
102.560 3 0.573 0.214 0.630 0.317
102.600 3 0.591 0.219 0.648 0.319
102.640 3 0.606 0.217 0.664 0.319
102.680 3 0.623 0.219 0.680 0.319
102.720 3 0.641 0.217 0.697 0.319
102.760 3 0.656 0.217 0.714 0.317
102.800 3 0.670 0.214 0.728 0.317
102.840 3 0.688 0.217 0.744 0.317
102.880 3 0.703 0.214 0.759 0.317
102.920 3 0.719 0.214 0.777 0.317
102.960 3 0.736 0.211 0.794 0.317
103.000 3 0.758 0.217 0.814 0.317
103.040 3 0.775 0.214 0.833 0.317
103.080 3 0.794 0.217 0.850 0.317
103.120 3 0.812 0.214 0.869 0.317
103.160 3 0.831 0.217 0.887 0.317
103.200 3 0.852 0.217 0.908 0.317
103.240 3 0.870 0.217 0.930 0.322
100.560 4 0.039 0.181 0.105 0.297
100.600 4 0.042 0.183 0.108 0.297
100.640 4 0.039 0.181 0.105 0.297
100.680 4 0.042 0.181 0.108 0.300
100.720 4 0.039 0.183 0.106 0.300
100.760 4 0.041 0.183 0.106 0.300
100.800 4 0.039 0.181 0.105 0.300
100.840 4 0.041 0.181 0.108 0.300
100.880 4 0.041 0.181 0.108 0.300
100.920 4 0.041 0.181 0.108 0.300
100.960 4 0.041 0.181 0.108 0.300
101.000 4 0.041 0.181 0.108 0.300
101.040 4 0.042 0.183 0.109 0.303
101.080 4 0.044 0.183 0.114 0.306
101.120 4 0.044 0.181 0.113 0.303
101.160 4 0.045 0.181 0.116 0.303
101.200 4 0.045 0.181 0.114 0.303
101.240 4 0.045 0.183 0.116 0.306
101.280 4 0.047 0.183 0.117 0.303
101.320 4 0.048 0.181 0.119 0.303
101.360 4 0.050 0.183 0.120 0.306
101.400 4 0.055 0.183 0.125 0.306
101.440 4 0.059 0.181 0.128 0.303
101.480 4 0.061 0.181 0.130 0.300
101.520 4 0.061 0.181 0.130 0.300
101.560 4 0.064 0.181 0.133 0.300
101.600 4 0.069 0.178 0.138 0.300
101.640 4 0.073 0.178 0.144 0.300
101.680 4 0.081 0.178 0.150 0.300
101.720 4 0.089 0.178 0.158 0.300
101.760 4 0.097 0.178 0.166 0.297
101.800 4 0.106 0.178 0.173 0.300
101.840 4 0.116 0.178 0.184 0.300
101.880 4 0.128 0.178 0.195 0.297
101.920 4 0.138 0.178 0.206 0.297
101.960 4 0.153 0.178 0.222 0.297
102.000 4 0.167 0.181 0.236 0.300
102.040 4 0.180 0.178 0.248 0.300
102.080 4 0.195 0.181 0.264 0.300
102.120 4 0.206 0.181 0.275 0.303
102.160 4 0.220 0.178 0.289 0.297
102.200 4 0.236 0.181 0.305 0.297
102.240 4 0.252 0.178 0.320 0.297
102.280 4 0.267 0.178 0.336 0.294
102.320 4 0.284 0.181 0.353 0.297
102.360 4 0.298 0.175 0.366 0.294
102.400 4 0.312 0.178 0.381 0.297
102.440 4 0.330 0.172 0.398 0.292
102.480 4 0.345 0.172 0.416 0.294
102.520 4 0.362 0.172 0.431 0.292
102.560 4 0.380 0.175 0.450 0.297
102.600 4 0.394 0.175 0.463 0.294
102.640 4 0.411 0.172 0.480 0.292
102.680 4 0.427 0.175 0.495 0.294
102.720 4 0.444 0.172 0.512 0.292
102.760 4 0.458 0.172 0.527 0.292
102.800 4 0.473 0.169 0.544 0.292
102.840 4 0.491 0.169 0.561 0.292
102.880 4 0.505 0.169 0.575 0.292
102.920 4 0.520 0.161 0.592 0.286
102.960 4 0.541 0.167 0.613 0.292
103.000 4 0.556 0.164 0.630 0.289
103.040 4 0.573 0.167 0.645 0.292
103.080 4 0.592 0.167 0.664 0.292
103.120 4 0.611 0.169 0.683 0.294
103.160 4 0.630 0.164 0.702 0.289
103.200 4 0.647 0.169 0.720 0.294
103.240 4 0.670 0.164 0.744 0.289
103.280 4 0.697 0.164 0.769 0.289
103.320 4 0.717 0.167 0.789 0.292
103.360 4 0.745 0.161 0.817 0.289
103.400 4 0.767 0.164 0.839 0.289
103.440 4 0.791 0.167 0.861 0.289
103.480 4 0.812 0.164 0.884 0.289
103.520 4 0.836 0.167 0.908 0.292
103.560 4 0.859 0.167 0.930 0.289
103.600 4 0.886 0.169 0.956 0.292
103.640 4 0.908 0.167 0.980 0.289
103.680 4 0.938 0.161 1.008 0.283
102.120 5 -0.030 0.178 0.037 0.297
102.160 5 -0.013 0.178 0.053 0.297
102.200 5 0.000 0.175 0.067 0.294
102.240 5 0.016 0.175 0.083 0.297
102.280 5 0.031 0.175 0.098 0.294
102.320 5 0.047 0.172 0.114 0.294
102.360 5 0.062 0.172 0.130 0.292
102.400 5 0.081 0.175 0.147 0.292
102.440 5 0.095 0.172 0.163 0.292
102.480 5 0.113 0.167 0.181 0.289
102.520 5 0.127 0.169 0.195 0.289
102.560 5 0.142 0.167 0.211 0.289
102.600 5 0.159 0.169 0.227 0.292
102.640 5 0.177 0.167 0.245 0.289
102.680 5 0.192 0.169 0.259 0.289
102.720 5 0.208 0.167 0.277 0.289
102.760 5 0.225 0.167 0.294 0.286
102.800 5 0.242 0.169 0.309 0.289
102.840 5 0.258 0.167 0.323 0.286
102.880 5 0.273 0.164 0.339 0.281
102.920 5 0.289 0.167 0.356 0.286
102.960 5 0.306 0.169 0.373 0.286
103.000 5 0.325 0.167 0.392 0.286
103.040 5 0.342 0.164 0.409 0.281
103.080 5 0.362 0.167 0.430 0.286
103.120 5 0.378 0.167 0.447 0.286
103.160 5 0.397 0.164 0.466 0.286
103.200 5 0.417 0.167 0.484 0.286
103.240 5 0.439 0.164 0.506 0.283
103.280 5 0.463 0.167 0.530 0.286
103.320 5 0.486 0.164 0.553 0.283
103.360 5 0.508 0.167 0.575 0.286
103.400 5 0.531 0.164 0.598 0.286
103.440 5 0.556 0.167 0.623 0.286
103.480 5 0.581 0.164 0.648 0.286
103.520 5 0.605 0.167 0.672 0.286
103.560 5 0.628 0.164 0.695 0.286
103.600 5 0.653 0.167 0.720 0.286
103.640 5 0.678 0.167 0.742 0.278
103.680 5 0.706 0.167 0.769 0.281
103.720 5 0.733 0.169 0.797 0.281
103.760 5 0.758 0.169 0.822 0.283
103.800 5 0.781 0.167 0.847 0.281
103.840 5 0.805 0.167 0.870 0.283
103.880 5 0.828 0.167 0.894 0.283
103.920 5 0.852 0.164 0.917 0.281
103.960 5 0.875 0.167 0.939 0.283
104.000 5 0.895 0.167 0.963 0.286
104.040 5 0.912 0.158 0.986 0.289
104.080 5 0.939 0.161 1.009 0.286
102.440 6 0.245 0.183 0.311 0.303
102.480 6 0.261 0.183 0.327 0.300
102.520 6 0.275 0.183 0.341 0.303
102.560 6 0.287 0.181 0.353 0.297
102.600 6 0.303 0.183 0.369 0.303
102.640 6 0.317 0.183 0.383 0.300
102.680 6 0.331 0.181 0.397 0.300
102.720 6 0.347 0.181 0.412 0.300
102.760 6 0.361 0.181 0.430 0.300
102.800 6 0.375 0.181 0.445 0.303
102.840 6 0.389 0.181 0.461 0.306
102.880 6 0.409 0.181 0.477 0.303
102.920 6 0.425 0.181 0.492 0.300
102.960 6 0.441 0.181 0.511 0.303
103.000 6 0.461 0.181 0.528 0.300
103.040 6 0.478 0.178 0.545 0.297
103.080 6 0.497 0.175 0.567 0.300
103.120 6 0.516 0.181 0.588 0.308
103.160 6 0.536 0.181 0.603 0.300
103.200 6 0.555 0.178 0.623 0.300
103.240 6 0.575 0.175 0.645 0.300
103.280 6 0.600 0.172 0.672 0.300
103.320 6 0.625 0.175 0.697 0.303
103.360 6 0.650 0.172 0.722 0.303
103.400 6 0.672 0.172 0.745 0.300
103.440 6 0.698 0.169 0.770 0.297
103.480 6 0.723 0.172 0.795 0.300
103.520 6 0.748 0.169 0.820 0.297
103.560 6 0.772 0.169 0.844 0.297
103.600 6 0.798 0.169 0.869 0.297
103.000 7 0.191 0.233 0.258 0.353
103.040 7 0.211 0.236 0.278 0.353
103.080 7 0.228 0.233 0.295 0.353
103.120 7 0.247 0.231 0.312 0.347
103.160 7 0.264 0.233 0.331 0.353
103.200 7 0.284 0.233 0.350 0.350
103.240 7 0.306 0.233 0.372 0.353
103.280 7 0.328 0.233 0.395 0.350
103.320 7 0.355 0.239 0.419 0.353
103.360 7 0.377 0.236 0.441 0.350
103.400 7 0.398 0.233 0.464 0.353
103.440 7 0.422 0.231 0.489 0.353
103.480 7 0.447 0.231 0.514 0.350
103.520 7 0.469 0.231 0.539 0.353
103.560 7 0.492 0.233 0.559 0.353
103.600 7 0.516 0.233 0.583 0.356
103.640 7 0.542 0.233 0.609 0.353
103.680 7 0.566 0.231 0.633 0.350
103.720 7 0.591 0.231 0.656 0.350
103.760 7 0.614 0.231 0.681 0.350
103.800 7 0.639 0.231 0.708 0.350
103.840 7 0.659 0.231 0.728 0.353
103.880 7 0.681 0.233 0.748 0.353
103.920 7 0.703 0.233 0.770 0.356
103.960 7 0.723 0.233 0.792 0.358
104.000 7 0.738 0.233 0.805 0.353
104.040 7 0.755 0.231 0.825 0.353
104.080 7 0.777 0.231 0.848 0.361
104.120 7 0.798 0.231 0.870 0.358
104.160 7 0.820 0.233 0.887 0.353
104.200 7 0.839 0.231 0.908 0.353
104.240 7 0.858 0.233 0.928 0.358
104.280 7 0.878 0.228 0.952 0.358
104.320 7 0.900 0.231 0.975 0.361
104.360 7 0.923 0.231 1.000 0.364
104.400 7 0.947 0.231 1.022 0.367
104.760 8 -0.008 0.172 0.058 0.289
104.800 8 0.011 0.158 0.077 0.275
104.840 8 0.027 0.142 0.092 0.261
104.880 8 0.044 0.136 0.109 0.256
104.920 8 0.055 0.142 0.120 0.258
104.960 8 0.069 0.158 0.136 0.278
105.000 8 0.078 0.181 0.145 0.300
105.040 8 0.086 0.194 0.153 0.314
105.080 8 0.094 0.197 0.161 0.317
105.120 8 0.097 0.183 0.164 0.300
105.160 8 0.094 0.156 0.163 0.278
105.200 8 0.092 0.147 0.159 0.267
105.240 8 0.089 0.147 0.156 0.267
105.280 8 0.084 0.161 0.153 0.281
105.320 8 0.083 0.183 0.150 0.303
105.360 8 0.081 0.206 0.147 0.322
105.400 8 0.080 0.208 0.145 0.325
105.440 8 0.080 0.200 0.145 0.317
105.480 8 0.080 0.181 0.147 0.297
105.520 8 0.078 0.164 0.145 0.283
105.560 8 0.073 0.164 0.141 0.283
105.600 8 0.070 0.178 0.138 0.297
104.760 9 0.103 0.272 0.161 0.375
104.800 9 0.122 0.269 0.180 0.369
104.840 9 0.138 0.253 0.195 0.356
104.880 9 0.153 0.242 0.209 0.344
104.920 9 0.163 0.239 0.219 0.339
104.960 9 0.170 0.247 0.228 0.350
105.000 9 0.183 0.261 0.239 0.361
105.040 9 0.192 0.267 0.250 0.369
105.280 9 0.177 0.206 0.248 0.333
105.320 9 0.184 0.206 0.258 0.336
105.360 9 0.186 0.189 0.263 0.325
105.400 9 0.184 0.175 0.264 0.317
105.440 9 0.186 0.161 0.267 0.306
105.480 9 0.189 0.164 0.269 0.306
105.520 9 0.192 0.183 0.269 0.319
105.560 9 0.192 0.206 0.269 0.342
105.600 9 0.192 0.222 0.270 0.361
105.640 9 0.198 0.228 0.277 0.364
105.680 9 0.203 0.211 0.281 0.347
105.720 9 0.208 0.194 0.284 0.331
105.760 9 0.208 0.181 0.283 0.317
105.800 9 0.211 0.178 0.286 0.311
105.840 9 0.208 0.192 0.283 0.325
105.880 9 0.202 0.217 0.277 0.350
105.920 9 0.195 0.233 0.272 0.372
105.960 9 0.186 0.239 0.266 0.381
106.000 9 0.175 0.231 0.256 0.375
106.040 9 0.161 0.214 0.242 0.358
106.080 9 0.147 0.194 0.228 0.339
106.120 9 0.131 0.192 0.212 0.336
106.160 9 0.116 0.197 0.197 0.344
106.200 9 0.100 0.225 0.181 0.369
106.240 9 0.084 0.244 0.169 0.394
106.280 9 0.072 0.256 0.156 0.406
106.320 9 0.059 0.247 0.144 0.397
106.360 9 0.050 0.228 0.134 0.381
106.400 9 0.039 0.211 0.123 0.361
106.440 9 0.023 0.197 0.109 0.353
106.480 9 0.008 0.203 0.089 0.347
106.520 9 -0.008 0.222 0.073 0.367
104.840 10 0.562 0.111 0.619 0.208
104.880 10 0.577 0.111 0.633 0.211
104.920 10 0.588 0.122 0.642 0.222
104.960 10 0.598 0.139 0.655 0.239
105.000 10 0.608 0.150 0.664 0.250
105.040 10 0.617 0.153 0.673 0.253
105.400 11 0.384 0.214 0.439 0.308
105.440 11 0.392 0.206 0.445 0.300
105.480 11 0.395 0.194 0.450 0.289
105.520 11 0.398 0.183 0.452 0.281
105.560 11 0.400 0.181 0.453 0.275
105.600 11 0.406 0.183 0.459 0.281
105.640 11 0.411 0.197 0.464 0.292
105.680 11 0.414 0.211 0.467 0.306
105.720 11 0.422 0.222 0.475 0.317
105.760 11 0.430 0.217 0.484 0.317
105.800 11 0.434 0.208 0.491 0.308
105.840 11 0.444 0.197 0.498 0.297
105.880 11 0.450 0.192 0.506 0.292
105.920 11 0.458 0.192 0.512 0.292
105.960 11 0.459 0.203 0.516 0.303
106.000 11 0.464 0.217 0.520 0.317
106.040 11 0.466 0.228 0.522 0.328
106.080 11 0.464 0.228 0.522 0.328
106.120 11 0.459 0.219 0.517 0.322
106.160 11 0.452 0.208 0.509 0.311
106.200 11 0.444 0.200 0.502 0.306
106.240 11 0.438 0.200 0.497 0.303
106.280 11 0.433 0.208 0.492 0.311
106.320 11 0.428 0.217 0.487 0.319
106.360 11 0.423 0.222 0.483 0.325
106.400 11 0.425 0.219 0.483 0.322
106.440 11 0.422 0.203 0.481 0.308
106.480 11 0.422 0.189 0.480 0.292
106.520 11 0.422 0.181 0.480 0.283
106.560 11 0.420 0.181 0.480 0.283
106.600 11 0.417 0.186 0.477 0.292
106.640 11 0.412 0.203 0.473 0.308
106.680 11 0.406 0.214 0.467 0.322
106.720 11 0.397 0.219 0.456 0.328
105.680 12 0.939 0.156 0.994 0.253
105.720 12 0.938 0.167 0.992 0.261
105.760 12 0.938 0.169 0.992 0.267
105.800 12 0.934 0.172 0.989 0.269
105.840 12 0.933 0.167 0.989 0.264
105.880 12 0.931 0.158 0.988 0.258
105.920 12 0.930 0.147 0.986 0.247
105.960 12 0.930 0.139 0.986 0.242
106.000 12 0.927 0.139 0.983 0.239
106.040 12 0.923 0.142 0.980 0.242
106.080 12 0.919 0.147 0.973 0.244
106.120 12 0.912 0.147 0.967 0.244
106.160 12 0.903 0.144 0.958 0.242
106.200 12 0.894 0.139 0.948 0.236
106.240 12 0.886 0.131 0.941 0.228
106.280 12 0.877 0.128 0.931 0.228
106.320 12 0.869 0.128 0.923 0.225
106.360 12 0.859 0.133 0.916 0.231
106.400 12 0.852 0.139 0.908 0.239
106.440 12 0.845 0.150 0.900 0.247
106.480 12 0.838 0.153 0.892 0.250
106.520 12 0.830 0.153 0.884 0.250
106.560 12 0.823 0.150 0.878 0.247
106.600 12 0.816 0.142 0.870 0.239
106.640 12 0.809 0.139 0.864 0.236
106.680 12 0.802 0.139 0.856 0.236
106.720 12 0.794 0.142 0.848 0.239
105.880 13 0.366 0.250 0.420 0.347
105.920 13 0.367 0.269 0.422 0.367
105.960 13 0.367 0.283 0.423 0.381
106.000 13 0.370 0.283 0.427 0.383
106.040 13 0.369 0.272 0.425 0.372
106.080 13 0.364 0.250 0.420 0.350
106.120 13 0.359 0.236 0.414 0.336
106.160 13 0.348 0.233 0.403 0.331
106.200 13 0.339 0.247 0.394 0.344
106.000 14 0.408 0.150 0.464 0.250
106.040 14 0.411 0.139 0.466 0.236
106.080 14 0.414 0.133 0.469 0.231
113.600 15 0.006 -0.225 0.800 1.347
113.640 15 0.008 -0.219 0.789 1.322
113.680 15 0.011 -0.217 0.783 1.308
113.720 15 0.009 -0.217 0.772 1.292
113.760 15 0.011 -0.211 0.767 1.283
113.800 15 0.006 -0.203 0.747 1.258
113.840 15 0.027 -0.206 0.762 1.247
113.880 15 0.020 -0.194 0.738 1.225
113.920 15 0.044 -0.203 0.761 1.217
113.960 15 0.017 -0.197 0.720 1.194
114.000 15 0.041 -0.200 0.739 1.183
114.040 15 0.042 -0.200 0.731 1.164
114.080 15 0.044 -0.186 0.713 1.136
114.120 15 0.061 -0.192 0.739 1.147
114.160 15 0.059 -0.181 0.720 1.128
114.200 15 0.080 -0.183 0.739 1.125
114.240 15 0.081 -0.181 0.722 1.089
114.280 15 0.102 -0.178 0.744 1.089
114.320 15 0.078 -0.167 0.708 1.078
114.360 15 0.123 -0.169 0.733 1.036
114.400 15 0.102 -0.167 0.695 1.006
114.440 15 0.119 -0.175 0.719 1.011
114.480 15 0.094 -0.181 0.689 0.994
114.520 15 0.106 -0.197 0.703 0.986
114.560 15 0.106 -0.194 0.697 0.975
114.600 15 0.103 -0.189 0.686 0.964
114.640 15 0.106 -0.181 0.683 0.958
114.680 15 0.106 -0.181 0.672 0.939
114.720 15 0.123 -0.183 0.689 0.933
114.760 15 0.123 -0.178 0.681 0.925
114.800 15 0.141 -0.144 0.659 0.883
114.840 15 0.153 -0.144 0.670 0.878
114.880 15 0.158 -0.178 0.691 0.875
114.920 15 0.180 -0.169 0.705 0.867
114.960 15 0.192 -0.153 0.703 0.858
115.000 15 0.200 -0.139 0.702 0.853
115.040 15 0.169 -0.172 0.716 0.850
115.080 15 0.169 -0.158 0.702 0.839
115.120 15 0.194 -0.153 0.722 0.833
115.160 15 0.170 -0.161 0.708 0.842
115.200 15 0.189 -0.158 0.722 0.842
115.240 15 0.189 -0.150 0.714 0.833
115.280 15 0.203 -0.142 0.719 0.828
115.320 15 0.194 -0.136 0.703 0.822
115.360 15 0.212 -0.131 0.719 0.819
115.400 15 0.214 -0.122 0.713 0.814
115.440 15 0.209 -0.119 0.708 0.817
115.480 15 0.205 -0.086 0.675 0.747
115.520 15 0.212 -0.069 0.670 0.744
115.560 15 0.225 -0.050 0.670 0.742
115.600 15 0.212 -0.042 0.653 0.739
115.640 15 0.219 -0.028 0.647 0.731
115.680 15 0.234 0.003 0.639 0.719
115.720 15 0.219 -0.003 0.627 0.722
115.760 15 0.222 0.003 0.622 0.711
115.800 15 0.223 0.011 0.608 0.694
115.840 15 0.237 0.017 0.616 0.689
115.880 15 0.253 0.036 0.613 0.675
115.920 15 0.241 0.031 0.602 0.672
115.960 15 0.261 0.036 0.614 0.667
116.000 15 0.255 0.042 0.603 0.661
116.040 15 0.278 0.056 0.609 0.644
116.080 15 0.283 0.061 0.605 0.633
116.120 15 0.287 0.061 0.608 0.631
116.160 15 0.283 0.064 0.595 0.622
116.200 15 0.294 0.075 0.598 0.617
116.240 15 0.297 0.081 0.594 0.611
116.280 15 0.291 0.081 0.588 0.611
116.320 15 0.300 0.086 0.594 0.606
116.360 15 0.297 0.083 0.588 0.600
116.400 15 0.306 0.100 0.583 0.592
116.440 15 0.311 0.106 0.581 0.586
116.480 15 0.316 0.108 0.581 0.581
116.520 15 0.317 0.117 0.573 0.572
116.560 15 0.323 0.111 0.584 0.575
116.600 15 0.330 0.119 0.575 0.556
116.640 15 0.330 0.122 0.575 0.558
116.680 15 0.333 0.128 0.570 0.550
116.720 15 0.336 0.125 0.572 0.544
116.760 15 0.341 0.122 0.572 0.536
116.800 15 0.342 0.125 0.572 0.531
116.840 15 0.347 0.125 0.573 0.531
116.880 15 0.348 0.133 0.566 0.517
116.920 15 0.355 0.131 0.573 0.519
116.960 15 0.356 0.136 0.566 0.508
117.000 15 0.370 0.142 0.572 0.500
117.040 15 0.367 0.153 0.562 0.503
117.080 15 0.367 0.156 0.556 0.494
117.120 15 0.372 0.153 0.562 0.492
117.160 15 0.372 0.153 0.556 0.481
117.200 15 0.377 0.153 0.556 0.472
117.240 15 0.373 0.150 0.552 0.467
117.280 15 0.380 0.147 0.556 0.464
117.320 15 0.378 0.147 0.553 0.461
117.360 15 0.381 0.156 0.550 0.456
117.400 15 0.383 0.153 0.550 0.456
117.440 15 0.384 0.156 0.548 0.447
117.480 15 0.386 0.153 0.547 0.442
117.520 15 0.386 0.150 0.545 0.433
117.560 15 0.386 0.150 0.541 0.428
117.600 15 0.389 0.150 0.542 0.425
117.640 15 0.388 0.150 0.539 0.422
117.680 15 0.389 0.150 0.537 0.419
117.720 15 0.389 0.150 0.539 0.417
117.760 15 0.391 0.153 0.537 0.417
117.800 15 0.391 0.156 0.536 0.414
117.840 15 0.392 0.153 0.537 0.414
117.880 15 0.388 0.153 0.533 0.411
117.920 15 0.389 0.147 0.534 0.406
117.960 15 0.384 0.144 0.530 0.403
118.000 15 0.381 0.153 0.520 0.403
118.040 15 0.373 0.144 0.519 0.406
124.480 16 0.759 0.147 0.816 0.250
124.520 16 0.759 0.142 0.817 0.244
124.560 16 0.762 0.131 0.822 0.239
124.600 16 0.766 0.125 0.825 0.233
124.640 16 0.769 0.117 0.830 0.228
124.680 16 0.773 0.111 0.834 0.222
124.720 16 0.778 0.103 0.839 0.217
124.760 16 0.783 0.097 0.845 0.211
124.800 16 0.789 0.089 0.852 0.206
124.840 16 0.794 0.086 0.856 0.200
124.880 16 0.800 0.078 0.866 0.197
124.920 16 0.806 0.069 0.872 0.189
124.960 16 0.812 0.067 0.878 0.186
125.000 16 0.820 0.058 0.887 0.181
125.040 16 0.828 0.047 0.897 0.172
125.080 16 0.836 0.036 0.905 0.164
125.120 16 0.842 0.031 0.911 0.156
125.160 16 0.848 0.011 0.922 0.144
125.200 16 0.859 0.003 0.933 0.136
125.240 16 0.867 -0.011 0.942 0.125
125.280 16 0.873 -0.028 0.948 0.108
125.320 16 0.883 -0.036 0.956 0.097
124.480 17 0.438 0.456 0.486 0.542
124.520 17 0.438 0.453 0.486 0.539
124.560 17 0.438 0.450 0.486 0.536
124.600 17 0.438 0.447 0.486 0.533
124.640 17 0.436 0.442 0.486 0.531
124.680 17 0.438 0.442 0.487 0.531
124.720 17 0.434 0.439 0.486 0.528
124.760 17 0.434 0.436 0.487 0.528
124.800 17 0.431 0.433 0.484 0.528
124.840 17 0.433 0.431 0.487 0.528
124.880 17 0.431 0.431 0.484 0.525
124.920 17 0.433 0.431 0.486 0.525
124.960 17 0.433 0.431 0.486 0.525
125.000 17 0.433 0.428 0.489 0.528
125.040 17 0.430 0.425 0.492 0.533
125.080 17 0.431 0.419 0.492 0.531
125.120 17 0.431 0.414 0.494 0.525
125.160 17 0.431 0.411 0.495 0.522
125.200 17 0.433 0.406 0.497 0.519
125.240 17 0.431 0.403 0.495 0.514
125.280 17 0.433 0.397 0.497 0.511
125.320 17 0.431 0.392 0.497 0.506
125.360 17 0.431 0.386 0.498 0.503
125.400 17 0.433 0.386 0.498 0.503
125.440 17 0.433 0.383 0.500 0.503
125.480 17 0.433 0.383 0.500 0.503
125.520 17 0.433 0.381 0.503 0.503
125.560 17 0.434 0.378 0.505 0.500
125.600 17 0.434 0.372 0.506 0.500
125.640 17 0.436 0.369 0.509 0.497
125.680 17 0.438 0.367 0.511 0.494
125.720 17 0.442 0.361 0.516 0.492
125.760 17 0.444 0.358 0.519 0.492
125.800 17 0.445 0.356 0.520 0.489
125.840 17 0.448 0.356 0.523 0.489
125.880 17 0.436 0.339 0.531 0.506
125.920 17 0.439 0.336 0.536 0.508
125.960 17 0.444 0.336 0.542 0.511
126.000 17 0.447 0.336 0.545 0.508
126.040 17 0.447 0.325 0.542 0.492
126.080 17 0.450 0.319 0.545 0.492
126.120 17 0.448 0.314 0.548 0.492
126.160 17 0.452 0.314 0.553 0.494
126.200 17 0.455 0.308 0.558 0.492
126.240 17 0.456 0.306 0.562 0.494
126.280 17 0.456 0.300 0.566 0.494
126.320 17 0.458 0.297 0.570 0.497
126.360 17 0.458 0.294 0.573 0.497
126.400 17 0.458 0.286 0.577 0.497
126.440 17 0.458 0.283 0.580 0.497
126.480 17 0.458 0.281 0.581 0.500
126.520 17 0.456 0.278 0.581 0.500
126.560 17 0.455 0.272 0.584 0.503
126.600 17 0.453 0.272 0.588 0.508
126.640 17 0.453 0.272 0.591 0.514
126.680 17 0.453 0.272 0.594 0.519
126.720 17 0.453 0.267 0.597 0.522
126.760 17 0.456 0.261 0.600 0.517
126.800 17 0.452 0.250 0.602 0.517
126.840 17 0.453 0.242 0.605 0.511
126.880 17 0.455 0.233 0.608 0.506
126.920 17 0.450 0.225 0.608 0.506
126.960 17 0.455 0.222 0.613 0.503
127.000 17 0.439 0.183 0.606 0.483
127.040 17 0.442 0.200 0.613 0.506
127.080 17 0.434 0.192 0.609 0.506
127.120 17 0.434 0.183 0.614 0.503
127.160 17 0.427 0.175 0.611 0.506
127.200 17 0.430 0.172 0.616 0.506
127.240 17 0.425 0.167 0.617 0.511
127.280 17 0.423 0.161 0.620 0.514
127.320 17 0.422 0.150 0.627 0.517
127.360 17 0.422 0.142 0.633 0.517
127.400 17 0.428 0.133 0.644 0.519
127.440 17 0.434 0.131 0.652 0.519
127.480 17 0.431 0.119 0.658 0.528
127.520 17 0.428 0.117 0.662 0.533
127.560 17 0.423 0.108 0.662 0.536
127.600 17 0.423 0.103 0.669 0.542
127.640 17 0.419 0.097 0.667 0.542
127.680 17 0.414 0.103 0.666 0.550
127.720 17 0.411 0.111 0.662 0.561
127.760 17 0.416 0.128 0.664 0.572
127.800 17 0.416 0.139 0.667 0.589
127.840 17 0.414 0.158 0.664 0.606
127.880 17 0.409 0.167 0.662 0.617
127.920 17 0.411 0.178 0.658 0.619
127.960 17 0.414 0.181 0.661 0.619
128.000 17 0.417 0.219 0.659 0.650
128.040 17 0.408 0.219 0.653 0.653
128.080 17 0.419 0.222 0.664 0.656
