32.600 0 0.312 0.233 0.534 0.628
32.640 0 0.317 0.239 0.534 0.622
32.680 0 0.312 0.242 0.527 0.622
32.720 0 0.312 0.247 0.527 0.628
32.760 0 0.308 0.253 0.522 0.633
32.800 0 0.295 0.253 0.509 0.633
32.840 0 0.286 0.261 0.497 0.636
32.880 0 0.281 0.258 0.492 0.633
32.920 0 0.277 0.264 0.480 0.625
32.960 0 0.272 0.256 0.480 0.625
33.000 0 0.281 0.261 0.483 0.619
33.040 0 0.280 0.236 0.486 0.603
33.080 0 0.286 0.231 0.494 0.600
33.120 0 0.283 0.231 0.494 0.603
33.160 0 0.289 0.231 0.498 0.603
33.200 0 0.283 0.231 0.494 0.603
33.240 0 0.284 0.228 0.498 0.606
33.280 0 0.278 0.225 0.495 0.608
33.320 0 0.280 0.225 0.498 0.611
33.360 0 0.277 0.222 0.495 0.608
33.400 0 0.284 0.222 0.498 0.603
33.440 0 0.278 0.217 0.497 0.603
33.480 0 0.287 0.219 0.500 0.594
33.520 0 0.283 0.211 0.498 0.594
33.560 0 0.291 0.208 0.505 0.589
33.600 0 0.286 0.203 0.502 0.583
33.640 0 0.295 0.203 0.512 0.586
33.680 0 0.289 0.203 0.505 0.586
33.720 0 0.291 0.197 0.512 0.589
33.760 0 0.289 0.197 0.511 0.589
33.800 0 0.287 0.197 0.508 0.586
33.840 0 0.291 0.197 0.511 0.589
33.880 0 0.291 0.200 0.512 0.592
33.920 0 0.292 0.203 0.514 0.594
33.960 0 0.295 0.206 0.517 0.600
34.000 0 0.283 0.172 0.525 0.600
34.040 0 0.287 0.181 0.525 0.600
34.080 0 0.291 0.186 0.527 0.606
34.120 0 0.294 0.192 0.530 0.611
34.160 0 0.297 0.200 0.533 0.619
34.200 0 0.302 0.208 0.536 0.625
34.240 0 0.303 0.214 0.539 0.633
34.280 0 0.308 0.222 0.544 0.639
34.320 0 0.311 0.228 0.548 0.647
34.360 0 0.314 0.231 0.553 0.656
34.400 0 0.316 0.231 0.553 0.656
34.440 0 0.319 0.231 0.559 0.658
34.480 0 0.323 0.228 0.562 0.656
34.520 0 0.325 0.228 0.566 0.656
34.560 0 0.328 0.228 0.567 0.653
34.600 0 0.331 0.228 0.566 0.642
34.640 0 0.325 0.222 0.556 0.631
34.680 0 0.325 0.208 0.561 0.625
34.720 0 0.320 0.200 0.550 0.608
34.760 0 0.320 0.181 0.555 0.597
34.800 0 0.316 0.172 0.547 0.581
34.840 0 0.317 0.158 0.550 0.569
34.880 0 0.320 0.150 0.552 0.561
34.920 0 0.319 0.142 0.550 0.553
34.960 0 0.322 0.136 0.552 0.544
35.000 0 0.311 0.122 0.552 0.553
35.040 0 0.311 0.119 0.550 0.550
35.080 0 0.309 0.117 0.548 0.547
35.120 0 0.308 0.117 0.547 0.544
35.160 0 0.303 0.122 0.536 0.539
35.200 0 0.312 0.128 0.542 0.539
35.240 0 0.300 0.131 0.528 0.536
35.280 0 0.302 0.119 0.537 0.544
35.320 0 0.289 0.117 0.523 0.536
35.360 0 0.283 0.131 0.514 0.544
35.400 0 0.284 0.131 0.516 0.544
35.440 0 0.278 0.133 0.506 0.542
35.480 0 0.278 0.136 0.506 0.544
35.520 0 0.272 0.136 0.500 0.544
35.560 0 0.280 0.136 0.506 0.542
41.400 1 0.389 0.333 0.589 0.686
41.440 1 0.395 0.331 0.594 0.681
41.480 1 0.392 0.328 0.589 0.678
41.520 1 0.398 0.322 0.597 0.675
41.560 1 0.398 0.319 0.595 0.672
41.600 1 0.397 0.314 0.594 0.667
41.640 1 0.394 0.308 0.592 0.661
41.680 1 0.392 0.303 0.592 0.656
41.720 1 0.392 0.297 0.591 0.650
41.760 1 0.391 0.292 0.591 0.644
41.800 1 0.389 0.286 0.589 0.642
41.840 1 0.388 0.281 0.588 0.636
41.880 1 0.383 0.275 0.584 0.633
41.920 1 0.389 0.269 0.589 0.625
41.960 1 0.386 0.264 0.588 0.622
42.000 1 0.392 0.261 0.594 0.619
42.040 1 0.400 0.261 0.600 0.614
42.080 1 0.408 0.256 0.605 0.608
42.120 1 0.414 0.253 0.611 0.606
42.160 1 0.422 0.250 0.617 0.600
42.200 1 0.427 0.244 0.625 0.597
42.240 1 0.438 0.244 0.636 0.594
42.280 1 0.450 0.244 0.647 0.597
42.320 1 0.461 0.242 0.658 0.592
42.360 1 0.470 0.242 0.667 0.592
42.400 1 0.480 0.239 0.678 0.592
42.440 1 0.492 0.247 0.688 0.594
42.480 1 0.502 0.231 0.702 0.586
42.520 1 0.512 0.228 0.711 0.581
42.560 1 0.528 0.225 0.727 0.578
42.600 1 0.544 0.222 0.742 0.572
42.640 1 0.555 0.217 0.753 0.569
42.680 1 0.570 0.206 0.769 0.558
42.720 1 0.583 0.203 0.778 0.550
42.760 1 0.605 0.203 0.797 0.544
42.800 1 0.619 0.200 0.811 0.542
42.840 1 0.639 0.197 0.830 0.533
42.880 1 0.655 0.194 0.844 0.531
42.920 1 0.675 0.208 0.861 0.539
42.960 1 0.689 0.208 0.877 0.542
43.000 1 0.708 0.206 0.895 0.539
43.040 1 0.722 0.203 0.909 0.536
43.080 1 0.742 0.208 0.928 0.536
43.120 1 0.764 0.211 0.950 0.542
43.160 1 0.787 0.214 0.973 0.544
43.200 1 0.809 0.217 0.997 0.550
43.240 1 0.831 0.219 1.020 0.556
43.280 1 0.853 0.222 1.044 0.561
42.880 2 -0.100 0.278 0.089 0.581
42.920 2 -0.080 0.283 0.106 0.583
42.960 2 -0.067 0.278 0.123 0.583
43.000 2 -0.047 0.283 0.141 0.583
43.040 2 -0.023 0.275 0.170 0.603
43.080 2 -0.002 0.278 0.191 0.606
43.120 2 0.019 0.281 0.214 0.611
43.160 2 0.042 0.292 0.233 0.614
43.200 2 0.064 0.297 0.255 0.622
43.240 2 0.086 0.303 0.275 0.622
43.280 2 0.108 0.311 0.295 0.631
43.320 2 0.128 0.317 0.316 0.631
43.360 2 0.148 0.319 0.336 0.636
43.400 2 0.169 0.322 0.358 0.639
43.440 2 0.191 0.325 0.377 0.636
43.480 2 0.209 0.319 0.400 0.642
43.520 2 0.228 0.322 0.419 0.644
43.560 2 0.247 0.325 0.439 0.650
43.600 2 0.266 0.328 0.458 0.653
43.640 2 0.284 0.331 0.478 0.658
43.680 2 0.303 0.333 0.498 0.664
43.720 2 0.325 0.336 0.519 0.661
43.760 2 0.344 0.333 0.539 0.664
43.800 2 0.358 0.328 0.556 0.661
43.840 2 0.378 0.325 0.575 0.656
43.880 2 0.394 0.319 0.591 0.656
43.920 2 0.408 0.317 0.606 0.650
43.960 2 0.420 0.311 0.620 0.650
44.000 2 0.438 0.303 0.639 0.661
44.040 2 0.450 0.308 0.648 0.661
44.080 2 0.463 0.308 0.658 0.656
44.120 2 0.473 0.308 0.667 0.653
44.160 2 0.486 0.311 0.680 0.656
44.200 2 0.498 0.311 0.689 0.653
44.240 2 0.509 0.311 0.703 0.656
44.280 2 0.522 0.314 0.713 0.653
44.320 2 0.533 0.308 0.727 0.656
44.360 2 0.541 0.306 0.736 0.653
44.400 2 0.547 0.303 0.742 0.650
44.440 2 0.548 0.289 0.750 0.647
44.480 2 0.559 0.292 0.756 0.642
44.520 2 0.567 0.289 0.766 0.639
44.560 2 0.567 0.289 0.766 0.642
44.600 2 0.572 0.289 0.772 0.644
44.640 2 0.570 0.292 0.770 0.647
44.680 2 0.575 0.297 0.775 0.653
44.720 2 0.570 0.300 0.770 0.656
44.760 2 0.572 0.306 0.773 0.661
44.800 2 0.566 0.308 0.767 0.667
44.840 2 0.569 0.308 0.773 0.669
44.880 2 0.567 0.308 0.770 0.669
44.920 2 0.569 0.300 0.773 0.664
44.960 2 0.569 0.292 0.775 0.661
45.000 2 0.572 0.303 0.773 0.661
45.040 2 0.569 0.281 0.777 0.653
45.080 2 0.562 0.275 0.772 0.650
45.120 2 0.566 0.272 0.775 0.644
45.160 2 0.566 0.272 0.773 0.642
45.200 2 0.566 0.275 0.772 0.642
45.240 2 0.564 0.272 0.769 0.636
45.280 2 0.562 0.269 0.767 0.631
45.320 2 0.561 0.261 0.764 0.622
45.360 2 0.559 0.256 0.761 0.617
45.400 2 0.558 0.253 0.759 0.611
45.440 2 0.558 0.247 0.759 0.606
45.480 2 0.556 0.244 0.756 0.603
45.520 2 0.561 0.244 0.761 0.597
45.560 2 0.558 0.244 0.755 0.594
45.600 2 0.558 0.242 0.758 0.597
45.640 2 0.558 0.244 0.758 0.603
45.680 2 0.559 0.250 0.759 0.606
45.720 2 0.556 0.250 0.756 0.603
45.760 2 0.561 0.250 0.759 0.603
45.800 2 0.559 0.242 0.758 0.597
45.840 2 0.558 0.239 0.758 0.594
45.880 2 0.558 0.236 0.758 0.592
45.920 2 0.558 0.236 0.758 0.589
45.960 2 0.559 0.239 0.756 0.586
46.000 2 0.550 0.222 0.752 0.581
46.040 2 0.541 0.219 0.747 0.586
46.080 2 0.544 0.225 0.747 0.586
46.120 2 0.536 0.225 0.742 0.589
46.160 2 0.541 0.231 0.744 0.592
46.200 2 0.534 0.231 0.741 0.594
46.240 2 0.539 0.233 0.744 0.597
46.280 2 0.533 0.231 0.739 0.600
46.320 2 0.537 0.233 0.742 0.597
46.360 2 0.533 0.233 0.738 0.600
46.400 2 0.542 0.244 0.741 0.597
46.440 2 0.537 0.236 0.739 0.594
46.480 2 0.537 0.236 0.739 0.594
46.520 2 0.537 0.236 0.739 0.594
46.560 2 0.537 0.236 0.739 0.597
46.600 2 0.531 0.236 0.733 0.597
46.640 2 0.536 0.239 0.738 0.597
46.680 2 0.530 0.239 0.731 0.597
46.720 2 0.534 0.239 0.736 0.597
46.760 2 0.533 0.239 0.734 0.594
46.800 2 0.533 0.236 0.733 0.594
46.840 2 0.531 0.236 0.731 0.592
46.880 3 0.111 0.278 0.197 0.431
46.920 3 0.106 0.275 0.192 0.428
46.960 3 0.111 0.278 0.195 0.428
47.000 3 0.111 0.281 0.192 0.425
47.040 3 0.114 0.283 0.194 0.425
47.080 3 0.109 0.278 0.192 0.425
47.120 3 0.113 0.283 0.194 0.428
47.160 3 0.113 0.283 0.194 0.428
47.200 3 0.111 0.289 0.191 0.428
47.240 3 0.113 0.289 0.192 0.431
47.280 3 0.109 0.289 0.189 0.431
47.320 3 0.111 0.292 0.191 0.433
47.360 3 0.108 0.292 0.189 0.436
47.400 3 0.109 0.294 0.191 0.436
47.440 3 0.106 0.294 0.188 0.436
47.480 3 0.108 0.292 0.189 0.436
47.520 3 0.103 0.289 0.186 0.433
47.560 3 0.106 0.286 0.189 0.433
47.600 3 0.105 0.283 0.189 0.433
47.640 3 0.106 0.281 0.192 0.433
47.680 3 0.106 0.283 0.188 0.428
47.720 3 0.106 0.281 0.188 0.425
47.760 3 0.106 0.281 0.186 0.422
47.800 3 0.105 0.278 0.186 0.419
47.840 3 0.105 0.278 0.184 0.419
47.880 3 0.105 0.275 0.184 0.417
47.920 3 0.106 0.272 0.186 0.417
47.960 3 0.103 0.272 0.184 0.417
48.000 3 0.106 0.272 0.188 0.417
48.040 3 0.105 0.269 0.186 0.417
48.080 3 0.106 0.269 0.189 0.417
48.120 3 0.105 0.269 0.186 0.417
48.160 3 0.106 0.272 0.188 0.417
48.200 3 0.108 0.272 0.191 0.417
48.240 3 0.106 0.272 0.189 0.417
48.280 3 0.106 0.269 0.188 0.414
48.320 3 0.106 0.269 0.188 0.414
48.360 3 0.106 0.269 0.188 0.414
48.400 3 0.105 0.269 0.186 0.414
48.440 3 0.108 0.272 0.189 0.414
48.480 3 0.103 0.275 0.184 0.419
48.520 3 0.108 0.275 0.189 0.422
48.560 3 0.105 0.278 0.188 0.422
48.600 3 0.106 0.278 0.188 0.425
48.640 3 0.106 0.281 0.189 0.425
48.680 3 0.108 0.281 0.189 0.428
48.720 3 0.108 0.283 0.191 0.431
48.760 3 0.108 0.286 0.191 0.433
48.800 3 0.108 0.286 0.192 0.436
48.840 3 0.106 0.289 0.189 0.436
48.880 3 0.111 0.289 0.194 0.436
48.920 3 0.108 0.289 0.191 0.436
48.960 3 0.113 0.289 0.195 0.433
49.000 3 0.111 0.289 0.194 0.433
49.040 3 0.116 0.289 0.195 0.433
49.080 3 0.113 0.286 0.195 0.433
49.120 3 0.116 0.289 0.197 0.431
49.160 3 0.114 0.286 0.197 0.431
49.200 3 0.117 0.286 0.198 0.431
49.240 3 0.116 0.283 0.197 0.431
49.280 3 0.117 0.283 0.200 0.431
49.320 3 0.114 0.283 0.198 0.433
49.360 3 0.116 0.289 0.198 0.433
49.400 3 0.117 0.289 0.198 0.436
49.440 3 0.114 0.292 0.197 0.436
49.480 3 0.116 0.292 0.198 0.439
49.520 3 0.113 0.292 0.195 0.439
49.560 3 0.114 0.294 0.197 0.439
49.600 3 0.114 0.294 0.197 0.439
49.640 3 0.114 0.294 0.197 0.442
49.680 3 0.116 0.297 0.197 0.442
49.720 3 0.119 0.297 0.200 0.442
49.760 3 0.120 0.294 0.203 0.442
49.800 3 0.120 0.294 0.202 0.439
49.840 3 0.123 0.294 0.205 0.439
49.880 3 0.120 0.297 0.202 0.439
49.920 3 0.125 0.297 0.205 0.442
49.960 3 0.122 0.300 0.203 0.442
50.000 3 0.127 0.300 0.206 0.442
50.040 3 0.123 0.300 0.205 0.442
50.320 4 0.373 0.150 0.456 0.297
50.360 4 0.377 0.150 0.459 0.297
50.400 4 0.375 0.150 0.456 0.297
50.440 4 0.375 0.150 0.458 0.297
50.480 4 0.373 0.150 0.455 0.297
50.520 4 0.375 0.150 0.458 0.297
50.560 4 0.375 0.150 0.456 0.294
50.600 4 0.378 0.150 0.459 0.294
50.640 4 0.381 0.153 0.461 0.294
50.680 4 0.381 0.156 0.463 0.297
50.720 4 0.383 0.158 0.461 0.300
50.760 4 0.384 0.161 0.464 0.303
50.800 4 0.383 0.167 0.463 0.311
50.840 4 0.380 0.169 0.461 0.311
50.880 4 0.381 0.172 0.461 0.314
50.920 4 0.380 0.172 0.459 0.317
50.960 4 0.380 0.172 0.461 0.317
51.000 4 0.381 0.167 0.463 0.311
51.040 4 0.383 0.158 0.461 0.300
51.080 4 0.384 0.153 0.464 0.297
51.120 4 0.384 0.153 0.464 0.294
51.160 4 0.384 0.156 0.464 0.294
51.200 4 0.384 0.156 0.464 0.297
51.240 4 0.383 0.161 0.461 0.303
51.280 4 0.380 0.167 0.459 0.308
51.320 4 0.378 0.172 0.456 0.314
51.360 4 0.375 0.175 0.453 0.317
51.400 4 0.372 0.175 0.450 0.317
51.440 4 0.372 0.169 0.452 0.311
51.480 4 0.372 0.158 0.452 0.303
51.520 4 0.373 0.150 0.452 0.289
51.560 4 0.375 0.142 0.453 0.283
51.600 4 0.378 0.139 0.456 0.278
51.640 4 0.378 0.142 0.456 0.281
51.680 4 0.378 0.147 0.456 0.286
51.720 4 0.378 0.156 0.456 0.294
51.760 4 0.378 0.167 0.456 0.306
51.800 4 0.377 0.175 0.455 0.314
51.840 4 0.375 0.181 0.453 0.317
51.880 4 0.373 0.178 0.452 0.317
51.920 4 0.373 0.175 0.452 0.314
51.960 4 0.375 0.169 0.453 0.308
52.000 4 0.373 0.153 0.453 0.297
52.040 4 0.375 0.153 0.456 0.297
52.080 4 0.377 0.150 0.458 0.294
52.120 4 0.377 0.150 0.458 0.294
52.160 4 0.377 0.153 0.458 0.294
52.200 4 0.377 0.156 0.456 0.297
52.240 4 0.375 0.158 0.455 0.300
52.280 4 0.372 0.156 0.452 0.300
52.320 4 0.370 0.150 0.452 0.294
52.360 4 0.367 0.144 0.447 0.289
52.400 4 0.366 0.133 0.448 0.281
52.440 4 0.364 0.128 0.445 0.275
52.480 4 0.362 0.122 0.445 0.272
52.520 4 0.359 0.125 0.441 0.272
52.560 4 0.358 0.131 0.441 0.275
52.600 4 0.356 0.133 0.439 0.281
52.640 4 0.356 0.133 0.438 0.281
52.680 4 0.358 0.133 0.439 0.278
52.720 4 0.358 0.133 0.439 0.281
52.760 4 0.358 0.136 0.439 0.281
52.800 4 0.359 0.139 0.441 0.283
52.840 4 0.358 0.142 0.439 0.286
52.880 4 0.359 0.139 0.442 0.283
52.920 4 0.361 0.133 0.442 0.281
52.960 4 0.362 0.131 0.444 0.275
53.000 4 0.364 0.136 0.445 0.281
53.040 5 0.345 0.125 0.781 0.897
53.080 5 0.356 0.125 0.794 0.897
53.120 5 0.352 0.119 0.789 0.894
53.160 5 0.366 0.119 0.803 0.897
53.200 5 0.345 0.114 0.777 0.878
53.240 5 0.353 0.100 0.777 0.847
53.280 5 0.339 0.075 0.761 0.819
53.320 5 0.345 0.053 0.764 0.797
53.360 5 0.341 0.039 0.761 0.783
53.400 5 0.333 0.025 0.758 0.778
53.440 5 0.330 0.025 0.748 0.767
53.480 5 0.327 0.025 0.738 0.753
53.520 5 0.320 0.022 0.731 0.750
53.560 5 0.325 0.022 0.736 0.750
53.600 5 0.314 0.022 0.727 0.753
53.640 5 0.314 0.022 0.725 0.750
53.680 5 0.319 0.028 0.725 0.747
53.720 5 0.325 0.031 0.727 0.744
53.760 5 0.327 0.031 0.734 0.750
53.800 5 0.330 0.031 0.742 0.758
53.840 5 0.336 0.033 0.748 0.764
53.880 5 0.339 0.036 0.755 0.772
53.920 5 0.344 0.042 0.761 0.783
53.960 5 0.348 0.044 0.767 0.789
54.000 5 0.352 0.050 0.770 0.792
54.040 5 0.358 0.025 0.778 0.769
54.080 5 0.359 0.031 0.778 0.772
54.120 5 0.359 0.031 0.781 0.778
54.160 5 0.359 0.033 0.783 0.783
54.200 5 0.361 0.033 0.786 0.786
54.240 5 0.362 0.036 0.789 0.794
54.280 5 0.364 0.042 0.792 0.800
54.320 5 0.366 0.047 0.794 0.806
54.360 5 0.369 0.056 0.794 0.808
54.400 5 0.370 0.061 0.794 0.811
54.440 5 0.375 0.067 0.795 0.811
54.480 5 0.378 0.069 0.797 0.811
54.520 5 0.380 0.072 0.798 0.814
54.560 5 0.380 0.078 0.798 0.819
54.600 5 0.383 0.083 0.800 0.822
54.640 5 0.386 0.086 0.803 0.825
54.680 5 0.392 0.089 0.811 0.828
54.720 5 0.402 0.089 0.819 0.831
54.760 5 0.408 0.094 0.825 0.833
54.800 5 0.412 0.097 0.828 0.833
54.840 5 0.416 0.094 0.834 0.836
54.880 5 0.400 0.089 0.822 0.833
54.920 5 0.403 0.081 0.827 0.833
54.960 5 0.388 0.072 0.814 0.831
55.000 5 0.398 0.050 0.817 0.792
55.040 5 0.392 0.058 0.803 0.783
55.080 5 0.414 0.067 0.819 0.786
55.120 5 0.398 0.078 0.806 0.800
55.160 5 0.398 0.072 0.820 0.819
55.200 5 0.395 0.092 0.805 0.819
55.240 5 0.400 0.092 0.817 0.831
55.280 5 0.389 0.100 0.805 0.839
55.320 5 0.394 0.108 0.809 0.844
55.360 5 0.381 0.117 0.798 0.856
55.400 5 0.391 0.128 0.806 0.864
55.440 5 0.392 0.136 0.806 0.867
55.480 5 0.402 0.133 0.816 0.867
58.840 6 0.822 0.342 0.903 0.486
58.880 6 0.808 0.342 0.892 0.489
58.920 6 0.795 0.344 0.878 0.489
58.960 6 0.783 0.344 0.864 0.492
59.000 6 0.769 0.344 0.850 0.489
59.040 6 0.756 0.342 0.834 0.481
59.080 6 0.744 0.336 0.822 0.478
59.120 6 0.731 0.328 0.811 0.469
59.160 6 0.720 0.322 0.800 0.461
59.200 6 0.709 0.317 0.791 0.458
59.240 6 0.700 0.308 0.780 0.450
59.280 6 0.691 0.303 0.770 0.444
59.320 6 0.678 0.297 0.759 0.442
59.360 6 0.667 0.286 0.752 0.436
59.400 6 0.656 0.281 0.741 0.431
59.440 6 0.647 0.281 0.731 0.431
59.480 6 0.637 0.275 0.720 0.422
59.520 6 0.627 0.272 0.709 0.417
59.560 6 0.617 0.267 0.698 0.411
59.600 6 0.608 0.267 0.689 0.411
59.640 6 0.597 0.261 0.680 0.406
59.680 6 0.588 0.258 0.669 0.406
59.720 6 0.578 0.258 0.659 0.403
59.760 6 0.567 0.253 0.648 0.397
59.800 6 0.558 0.253 0.636 0.394
59.840 6 0.547 0.247 0.627 0.392
59.880 6 0.536 0.247 0.614 0.386
59.920 6 0.527 0.247 0.605 0.386
59.960 6 0.517 0.244 0.595 0.383
60.000 6 0.506 0.242 0.588 0.383
60.040 6 0.494 0.239 0.577 0.383
60.080 6 0.484 0.236 0.566 0.383
60.120 6 0.472 0.233 0.555 0.383
60.160 6 0.463 0.233 0.545 0.381
60.200 6 0.452 0.231 0.534 0.378
60.240 6 0.439 0.228 0.522 0.375
60.280 6 0.430 0.225 0.512 0.372
60.320 6 0.420 0.222 0.502 0.369
60.360 6 0.408 0.222 0.489 0.367
60.400 6 0.398 0.217 0.480 0.364
60.440 6 0.388 0.217 0.470 0.361
60.480 6 0.378 0.214 0.461 0.361
60.520 6 0.366 0.211 0.450 0.361
60.560 6 0.353 0.206 0.438 0.356
60.600 6 0.338 0.206 0.422 0.353
60.640 6 0.322 0.203 0.405 0.350
60.680 7 0.922 0.244 1.006 0.397
60.720 7 0.919 0.247 1.005 0.400
60.760 7 0.914 0.256 1.000 0.408
60.800 7 0.908 0.256 0.992 0.406
60.840 7 0.900 0.250 0.981 0.394
60.880 7 0.891 0.244 0.972 0.392
60.920 7 0.880 0.236 0.961 0.383
60.960 7 0.869 0.231 0.950 0.378
61.000 7 0.859 0.231 0.939 0.375
61.040 7 0.850 0.231 0.928 0.372
61.080 7 0.841 0.233 0.919 0.372
61.120 7 0.833 0.231 0.911 0.372
61.160 7 0.823 0.231 0.902 0.369
61.200 7 0.816 0.225 0.891 0.364
61.240 7 0.806 0.222 0.881 0.358
61.280 7 0.797 0.217 0.870 0.350
61.320 7 0.784 0.211 0.859 0.347
61.360 7 0.773 0.203 0.850 0.339
61.400 7 0.764 0.200 0.841 0.339
61.440 7 0.755 0.197 0.831 0.333
61.480 7 0.745 0.194 0.822 0.333
61.520 7 0.739 0.197 0.814 0.333
61.560 7 0.731 0.194 0.806 0.331
61.600 7 0.723 0.197 0.798 0.333
61.640 7 0.717 0.194 0.792 0.331
61.680 7 0.716 0.192 0.792 0.331
61.720 7 0.711 0.192 0.787 0.328
61.760 7 0.709 0.186 0.787 0.331
61.800 7 0.705 0.186 0.784 0.328
61.960 8 0.369 0.272 0.559 0.614
62.000 8 0.370 0.261 0.572 0.619
62.040 8 0.373 0.250 0.578 0.614
62.080 8 0.373 0.244 0.584 0.619
62.120 8 0.377 0.244 0.588 0.619
62.160 8 0.378 0.244 0.592 0.622
62.200 8 0.383 0.247 0.592 0.619
62.240 8 0.383 0.242 0.595 0.619
62.280 8 0.384 0.236 0.597 0.614
62.320 8 0.389 0.231 0.605 0.614
62.360 8 0.400 0.228 0.619 0.617
62.400 8 0.409 0.231 0.631 0.625
62.440 8 0.417 0.233 0.639 0.631
62.480 8 0.419 0.236 0.642 0.633
62.520 8 0.427 0.239 0.652 0.636
62.560 8 0.441 0.228 0.669 0.636
62.600 8 0.458 0.231 0.688 0.639
62.640 8 0.469 0.233 0.700 0.644
62.680 8 0.480 0.242 0.709 0.647
62.720 8 0.477 0.242 0.706 0.650
62.760 8 0.483 0.242 0.713 0.650
62.800 8 0.478 0.236 0.709 0.647
62.840 8 0.489 0.228 0.719 0.636
62.880 8 0.502 0.233 0.731 0.639
62.920 8 0.509 0.222 0.745 0.642
62.960 8 0.520 0.217 0.762 0.650
63.000 8 0.525 0.219 0.767 0.650
63.040 8 0.525 0.219 0.769 0.650
63.080 8 0.534 0.222 0.773 0.644
63.120 8 0.528 0.211 0.773 0.644
63.160 8 0.541 0.214 0.789 0.653
63.200 8 0.547 0.203 0.798 0.653
63.240 8 0.547 0.203 0.795 0.642
63.280 8 0.550 0.203 0.797 0.642
63.320 8 0.556 0.203 0.803 0.642
63.360 8 0.552 0.200 0.798 0.639
63.400 8 0.552 0.194 0.798 0.636
63.440 8 0.550 0.192 0.798 0.633
63.480 8 0.544 0.194 0.791 0.636
63.520 8 0.547 0.194 0.797 0.639
63.560 8 0.547 0.197 0.797 0.642
63.600 8 0.541 0.200 0.791 0.644
63.640 8 0.542 0.200 0.794 0.647
67.440 9 0.086 0.086 0.239 0.356
67.480 9 0.103 0.114 0.255 0.381
67.520 9 0.119 0.139 0.269 0.406
67.560 9 0.134 0.164 0.284 0.431
67.600 9 0.142 0.186 0.292 0.453
67.640 9 0.148 0.208 0.297 0.472
67.680 9 0.150 0.236 0.298 0.500
67.720 9 0.150 0.253 0.302 0.522
67.760 9 0.150 0.283 0.298 0.547
67.800 9 0.153 0.311 0.298 0.572
67.840 9 0.153 0.344 0.295 0.597
67.880 9 0.152 0.375 0.294 0.628
67.920 9 0.152 0.408 0.291 0.656
67.960 9 0.150 0.439 0.289 0.686
68.000 9 0.148 0.458 0.287 0.706
68.040 9 0.145 0.469 0.287 0.722
68.080 9 0.148 0.486 0.287 0.733
68.120 9 0.144 0.494 0.283 0.742
68.160 9 0.150 0.503 0.287 0.750
68.200 9 0.148 0.514 0.287 0.758
68.240 9 0.159 0.522 0.298 0.769
68.280 9 0.164 0.536 0.302 0.778
68.760 10 0.512 0.278 0.653 0.528
68.800 10 0.519 0.283 0.661 0.536
68.840 10 0.528 0.292 0.672 0.544
68.880 10 0.527 0.297 0.670 0.553
68.920 10 0.525 0.306 0.669 0.561
68.960 10 0.525 0.317 0.666 0.567
69.000 10 0.520 0.319 0.661 0.569
69.040 10 0.516 0.322 0.656 0.572
69.080 10 0.506 0.311 0.650 0.567
69.120 10 0.502 0.308 0.645 0.564
69.160 10 0.500 0.317 0.637 0.561
69.200 10 0.489 0.319 0.627 0.564
69.240 10 0.483 0.322 0.619 0.567
69.280 10 0.475 0.328 0.609 0.567
69.320 10 0.466 0.325 0.598 0.561
69.360 10 0.464 0.325 0.597 0.561
69.400 11 0.223 0.228 0.425 0.586
69.440 11 0.223 0.228 0.425 0.586
69.480 11 0.223 0.233 0.417 0.578
69.520 11 0.225 0.228 0.425 0.583
69.560 11 0.228 0.231 0.419 0.569
69.600 11 0.234 0.225 0.434 0.583
69.640 11 0.239 0.233 0.434 0.578
69.680 11 0.245 0.231 0.439 0.575
69.720 11 0.248 0.225 0.450 0.583
69.760 11 0.250 0.231 0.441 0.569
69.800 11 0.258 0.231 0.455 0.578
69.840 11 0.250 0.233 0.442 0.575
69.880 11 0.248 0.219 0.456 0.589
69.920 11 0.242 0.225 0.444 0.583
69.960 11 0.237 0.222 0.439 0.581
70.000 11 0.236 0.222 0.438 0.581
70.040 11 0.234 0.203 0.434 0.561
70.080 11 0.233 0.206 0.431 0.561
70.120 11 0.237 0.203 0.441 0.561
70.160 11 0.237 0.200 0.442 0.564
70.200 11 0.241 0.200 0.447 0.564
70.240 11 0.247 0.197 0.453 0.564
70.280 11 0.255 0.200 0.458 0.558
70.320 11 0.255 0.197 0.458 0.558
70.360 11 0.261 0.197 0.464 0.558
70.400 11 0.258 0.197 0.461 0.558
70.440 11 0.261 0.194 0.466 0.561
70.480 11 0.264 0.197 0.469 0.561
70.520 11 0.259 0.194 0.466 0.561
70.560 11 0.263 0.197 0.467 0.564
70.600 11 0.255 0.192 0.467 0.569
70.640 11 0.259 0.192 0.472 0.569
70.680 11 0.252 0.186 0.467 0.569
70.720 11 0.263 0.192 0.473 0.567
70.760 11 0.255 0.189 0.466 0.567
70.800 11 0.261 0.192 0.472 0.567
70.840 11 0.256 0.194 0.466 0.567
70.880 11 0.263 0.197 0.470 0.567
70.920 11 0.256 0.194 0.466 0.567
70.960 11 0.263 0.197 0.470 0.567
71.000 11 0.258 0.183 0.459 0.542
71.040 11 0.258 0.197 0.458 0.553
71.080 11 0.263 0.203 0.458 0.550
71.120 11 0.256 0.200 0.452 0.550
71.160 11 0.263 0.203 0.459 0.553
71.200 11 0.256 0.200 0.456 0.556
71.240 11 0.255 0.203 0.452 0.550
71.280 11 0.259 0.203 0.455 0.550
71.320 11 0.253 0.200 0.450 0.547
71.360 11 0.258 0.203 0.453 0.550
71.400 11 0.256 0.206 0.450 0.547
71.440 11 0.253 0.200 0.455 0.558
71.480 11 0.253 0.200 0.455 0.558
71.520 11 0.256 0.200 0.458 0.556
71.560 11 0.253 0.197 0.455 0.556
71.600 11 0.258 0.194 0.463 0.558
71.640 11 0.256 0.197 0.458 0.556
71.680 11 0.259 0.194 0.464 0.558
71.720 11 0.264 0.197 0.464 0.556
71.760 11 0.266 0.200 0.464 0.553
71.800 11 0.269 0.203 0.466 0.553
71.840 11 0.266 0.206 0.464 0.556
71.880 11 0.266 0.206 0.463 0.558
71.920 11 0.263 0.206 0.463 0.564
71.960 11 0.261 0.208 0.461 0.567
72.000 11 0.258 0.222 0.459 0.581
72.040 11 0.255 0.228 0.455 0.586
72.080 11 0.250 0.231 0.453 0.592
72.120 11 0.244 0.231 0.447 0.592
72.160 11 0.237 0.231 0.442 0.594
72.200 11 0.239 0.231 0.442 0.592
72.240 11 0.231 0.228 0.436 0.592
72.280 11 0.230 0.222 0.436 0.589
72.320 11 0.220 0.222 0.428 0.592
72.360 11 0.220 0.222 0.430 0.592
72.400 11 0.217 0.222 0.423 0.592
72.440 11 0.220 0.222 0.427 0.592
72.480 11 0.216 0.222 0.420 0.589
72.520 11 0.217 0.222 0.425 0.592
72.560 11 0.216 0.225 0.420 0.586
72.600 11 0.219 0.222 0.422 0.586
72.640 11 0.217 0.222 0.419 0.581
72.680 11 0.217 0.222 0.417 0.578
72.720 11 0.217 0.222 0.417 0.578
72.760 11 0.214 0.219 0.417 0.578
72.800 11 0.217 0.217 0.422 0.581
72.840 11 0.214 0.219 0.414 0.575
72.880 11 0.216 0.219 0.416 0.575
72.920 11 0.220 0.222 0.416 0.569
72.960 11 0.216 0.222 0.411 0.569
73.000 11 0.214 0.222 0.416 0.581
73.040 11 0.208 0.206 0.406 0.556
73.080 11 0.212 0.200 0.414 0.558
73.120 11 0.211 0.200 0.409 0.556
73.160 11 0.216 0.200 0.416 0.556
73.200 11 0.219 0.200 0.419 0.553
73.240 11 0.222 0.200 0.422 0.556
73.280 11 0.223 0.200 0.425 0.558
73.320 11 0.225 0.197 0.430 0.561
73.360 11 0.228 0.197 0.431 0.558
73.400 11 0.233 0.197 0.438 0.561
73.440 11 0.236 0.194 0.442 0.564
73.480 11 0.239 0.197 0.444 0.561
73.520 11 0.242 0.197 0.447 0.561
73.560 11 0.245 0.197 0.450 0.558
73.600 11 0.252 0.194 0.458 0.564
73.640 11 0.253 0.194 0.458 0.558
73.680 11 0.255 0.192 0.463 0.561
73.720 11 0.259 0.194 0.466 0.561
73.760 11 0.259 0.194 0.466 0.561
73.800 11 0.259 0.194 0.467 0.561
73.840 11 0.261 0.197 0.467 0.561
73.880 11 0.264 0.206 0.466 0.561
73.920 11 0.259 0.200 0.464 0.564
73.960 11 0.264 0.203 0.469 0.564
74.000 11 0.258 0.183 0.459 0.542
74.040 11 0.263 0.200 0.473 0.575
74.080 11 0.263 0.200 0.473 0.575
74.120 11 0.263 0.200 0.473 0.575
74.160 11 0.263 0.200 0.473 0.575
74.200 11 0.261 0.200 0.472 0.575
74.240 11 0.266 0.206 0.470 0.572
74.280 11 0.261 0.203 0.472 0.575
74.320 11 0.263 0.203 0.472 0.575
74.360 11 0.255 0.203 0.463 0.572
74.400 11 0.248 0.203 0.455 0.569
74.440 11 0.245 0.200 0.453 0.569
74.480 11 0.242 0.200 0.448 0.567
74.520 11 0.242 0.203 0.447 0.567
74.560 11 0.236 0.206 0.439 0.564
74.600 11 0.239 0.206 0.441 0.564
74.640 11 0.233 0.208 0.433 0.564
74.680 11 0.234 0.208 0.433 0.561
74.720 11 0.231 0.206 0.431 0.561
74.760 11 0.234 0.206 0.434 0.561
74.800 11 0.231 0.208 0.427 0.556
74.840 11 0.233 0.211 0.427 0.556
74.880 11 0.231 0.211 0.425 0.556
74.920 11 0.231 0.208 0.425 0.556
74.960 11 0.230 0.208 0.423 0.553
75.000 11 0.236 0.222 0.438 0.581
75.040 11 0.236 0.197 0.434 0.550
75.080 11 0.234 0.197 0.431 0.547
75.120 11 0.237 0.197 0.434 0.547
75.160 11 0.234 0.197 0.431 0.547
75.200 11 0.236 0.197 0.433 0.547
75.240 11 0.231 0.200 0.427 0.544
75.280 11 0.234 0.203 0.430 0.550
75.320 11 0.231 0.206 0.425 0.550
75.360 11 0.233 0.208 0.427 0.550
75.400 11 0.234 0.208 0.425 0.550
75.440 11 0.236 0.211 0.427 0.547
75.480 11 0.233 0.211 0.423 0.550
75.520 11 0.234 0.211 0.427 0.550
75.560 11 0.234 0.208 0.430 0.556
75.600 11 0.233 0.208 0.430 0.558
75.640 11 0.239 0.208 0.434 0.556
75.680 11 0.244 0.206 0.441 0.556
75.720 11 0.248 0.203 0.447 0.556
75.760 11 0.252 0.200 0.452 0.558
75.800 11 0.255 0.200 0.456 0.558
75.840 11 0.259 0.203 0.461 0.558
75.880 11 0.259 0.206 0.456 0.558
75.920 11 0.258 0.208 0.456 0.558
75.960 11 0.258 0.206 0.461 0.567
76.000 11 0.258 0.183 0.459 0.542
76.040 11 0.252 0.186 0.453 0.544
76.080 11 0.255 0.186 0.458 0.547
76.120 11 0.250 0.189 0.450 0.544
76.160 11 0.252 0.186 0.456 0.550
76.200 11 0.247 0.189 0.448 0.547
76.240 11 0.248 0.189 0.453 0.553
76.280 11 0.245 0.183 0.452 0.550
76.320 11 0.244 0.181 0.452 0.550
76.360 11 0.242 0.178 0.452 0.550
76.400 11 0.241 0.178 0.450 0.550
76.440 11 0.241 0.181 0.448 0.550
76.480 11 0.237 0.183 0.441 0.544
76.520 11 0.242 0.183 0.447 0.547
76.560 11 0.236 0.183 0.442 0.547
76.600 11 0.241 0.186 0.445 0.547
76.640 11 0.239 0.186 0.442 0.547
76.680 11 0.239 0.183 0.444 0.547
76.720 11 0.239 0.178 0.447 0.547
76.760 11 0.244 0.178 0.448 0.544
76.800 11 0.248 0.175 0.455 0.542
76.840 11 0.253 0.178 0.456 0.539
76.880 11 0.256 0.178 0.459 0.539
76.920 11 0.258 0.181 0.461 0.539
76.960 11 0.259 0.181 0.463 0.542
77.000 11 0.258 0.183 0.459 0.542
77.040 11 0.258 0.189 0.459 0.547
77.080 11 0.259 0.192 0.461 0.550
77.120 11 0.259 0.192 0.461 0.550
77.160 11 0.261 0.194 0.461 0.550
77.200 11 0.261 0.194 0.463 0.550
77.240 11 0.261 0.194 0.463 0.553
77.280 11 0.263 0.197 0.466 0.556
77.320 11 0.264 0.200 0.466 0.558
77.360 11 0.266 0.203 0.466 0.561
77.400 11 0.266 0.206 0.467 0.561
77.440 11 0.267 0.203 0.469 0.564
77.480 11 0.266 0.203 0.467 0.564
77.520 11 0.266 0.206 0.467 0.564
77.560 11 0.266 0.206 0.467 0.564
77.600 11 0.264 0.206 0.466 0.567
77.640 11 0.264 0.208 0.464 0.567
77.680 11 0.263 0.211 0.466 0.569
77.720 11 0.261 0.214 0.463 0.569
77.760 11 0.259 0.211 0.464 0.575
77.800 11 0.258 0.214 0.463 0.575
77.840 11 0.255 0.211 0.464 0.583
77.880 11 0.258 0.217 0.461 0.581
77.920 11 0.259 0.214 0.464 0.581
77.960 11 0.253 0.214 0.461 0.581
78.000 11 0.258 0.222 0.459 0.581
78.040 11 0.264 0.225 0.466 0.583
78.080 11 0.256 0.219 0.463 0.586
78.120 11 0.269 0.231 0.464 0.578
78.160 11 0.263 0.225 0.459 0.575
78.200 11 0.264 0.222 0.464 0.578
78.240 11 0.266 0.222 0.466 0.575
78.280 11 0.263 0.225 0.458 0.572
78.320 11 0.270 0.228 0.463 0.572
78.360 11 0.261 0.228 0.456 0.575
78.400 11 0.269 0.233 0.463 0.578
78.440 11 0.259 0.231 0.455 0.578
78.480 11 0.269 0.233 0.463 0.581
78.520 11 0.261 0.228 0.463 0.586
78.560 11 0.259 0.231 0.458 0.583
78.600 11 0.266 0.233 0.463 0.583
78.640 11 0.261 0.231 0.456 0.578
78.680 11 0.263 0.228 0.461 0.578
78.720 11 0.261 0.222 0.459 0.578
78.760 11 0.259 0.219 0.459 0.572
78.800 11 0.261 0.217 0.463 0.578
78.840 11 0.256 0.217 0.458 0.575
78.880 11 0.259 0.217 0.461 0.578
78.920 11 0.253 0.217 0.455 0.578
78.960 11 0.255 0.217 0.456 0.578
79.000 11 0.258 0.222 0.459 0.581
79.040 11 0.252 0.228 0.453 0.586
79.080 11 0.248 0.225 0.453 0.586
79.120 11 0.247 0.222 0.452 0.586
79.160 11 0.245 0.219 0.450 0.586
79.200 11 0.244 0.219 0.450 0.583
79.240 11 0.244 0.214 0.448 0.581
79.280 11 0.244 0.214 0.448 0.578
79.320 11 0.242 0.214 0.445 0.575
79.360 11 0.244 0.214 0.444 0.572
79.400 11 0.236 0.214 0.439 0.575
79.440 11 0.237 0.219 0.439 0.575
79.480 11 0.233 0.219 0.433 0.575
79.520 11 0.228 0.222 0.427 0.578
79.560 11 0.227 0.222 0.428 0.581
79.600 11 0.220 0.225 0.422 0.583
79.640 11 0.222 0.225 0.425 0.586
79.680 11 0.217 0.225 0.420 0.586
79.720 11 0.220 0.225 0.422 0.586
79.760 11 0.219 0.225 0.420 0.583
79.800 11 0.219 0.222 0.420 0.581
79.840 11 0.219 0.222 0.419 0.578
79.880 11 0.217 0.219 0.417 0.575
79.920 11 0.219 0.214 0.423 0.581
79.960 11 0.217 0.219 0.416 0.572
80.000 11 0.214 0.222 0.416 0.581
80.040 11 0.217 0.219 0.423 0.583
80.080 11 0.216 0.222 0.416 0.578
80.120 11 0.217 0.217 0.423 0.583
80.160 11 0.219 0.225 0.409 0.567
80.200 11 0.219 0.225 0.416 0.572
80.240 11 0.219 0.222 0.416 0.572
80.280 11 0.220 0.225 0.416 0.572
80.320 11 0.220 0.225 0.417 0.572
80.360 11 0.225 0.222 0.423 0.575
80.400 11 0.222 0.225 0.419 0.572
80.440 11 0.225 0.222 0.425 0.575
80.480 11 0.223 0.228 0.412 0.564
80.520 11 0.225 0.225 0.419 0.569
80.560 11 0.227 0.225 0.420 0.569
80.600 11 0.228 0.219 0.431 0.578
94.680 12 0.400 0.375 0.453 0.467
94.720 12 0.402 0.367 0.455 0.464
94.760 12 0.403 0.364 0.456 0.458
94.800 12 0.405 0.356 0.459 0.450
94.840 12 0.406 0.350 0.461 0.444
94.880 12 0.409 0.342 0.464 0.439
94.920 12 0.412 0.339 0.467 0.436
94.960 12 0.412 0.331 0.469 0.431
95.000 12 0.414 0.328 0.470 0.428
95.040 12 0.417 0.322 0.473 0.425
95.080 12 0.416 0.325 0.473 0.428
95.120 12 0.417 0.328 0.477 0.431
95.160 12 0.416 0.328 0.477 0.436
95.200 12 0.417 0.331 0.477 0.436
95.240 12 0.417 0.325 0.480 0.436
95.280 12 0.417 0.325 0.478 0.433
95.320 12 0.416 0.325 0.477 0.436
95.360 12 0.414 0.325 0.477 0.433
95.400 12 0.412 0.325 0.473 0.436
95.440 12 0.412 0.328 0.475 0.436
95.480 12 0.411 0.328 0.472 0.436
95.520 12 0.412 0.331 0.473 0.439
95.560 12 0.411 0.333 0.470 0.439
95.600 12 0.412 0.333 0.472 0.442
95.640 12 0.411 0.333 0.472 0.442
95.680 12 0.409 0.333 0.470 0.442
95.720 12 0.412 0.333 0.473 0.442
95.760 12 0.412 0.333 0.473 0.442
95.800 12 0.414 0.336 0.475 0.444
95.840 12 0.416 0.336 0.477 0.447
95.880 12 0.416 0.336 0.477 0.447
95.920 12 0.417 0.336 0.480 0.447
95.960 12 0.417 0.336 0.478 0.444
96.000 12 0.416 0.336 0.478 0.444
96.040 12 0.414 0.336 0.475 0.444
96.080 12 0.412 0.339 0.475 0.450
96.120 12 0.412 0.342 0.475 0.450
96.160 12 0.411 0.342 0.472 0.453
96.200 12 0.408 0.344 0.470 0.453
96.240 12 0.408 0.344 0.469 0.456
96.280 12 0.406 0.347 0.469 0.458
96.320 12 0.406 0.350 0.467 0.461
96.360 12 0.406 0.350 0.467 0.461
96.400 12 0.403 0.350 0.466 0.461
96.440 12 0.403 0.350 0.466 0.461
96.480 12 0.400 0.353 0.461 0.464
96.520 12 0.398 0.353 0.461 0.461
96.560 12 0.395 0.350 0.458 0.458
96.600 12 0.397 0.347 0.458 0.456
96.640 12 0.400 0.342 0.463 0.453
96.680 12 0.398 0.342 0.461 0.450
96.720 12 0.403 0.342 0.464 0.453
96.760 12 0.402 0.339 0.464 0.450
96.800 12 0.403 0.342 0.466 0.453
96.840 12 0.403 0.342 0.466 0.453
96.880 13 0.275 0.233 0.414 0.483
96.920 13 0.280 0.242 0.414 0.483
96.960 13 0.272 0.236 0.412 0.486
97.000 13 0.272 0.236 0.412 0.486
97.040 13 0.272 0.239 0.420 0.500
97.080 13 0.269 0.236 0.416 0.497
97.120 13 0.273 0.231 0.420 0.494
97.160 13 0.266 0.231 0.412 0.492
97.200 13 0.269 0.231 0.417 0.492
97.240 13 0.264 0.233 0.409 0.492
97.280 13 0.258 0.233 0.403 0.492
97.320 13 0.253 0.233 0.398 0.492
97.360 13 0.248 0.236 0.394 0.494
97.400 13 0.239 0.231 0.388 0.497
97.440 13 0.231 0.233 0.380 0.497
97.480 13 0.222 0.236 0.366 0.492
97.520 13 0.211 0.231 0.358 0.492
97.560 13 0.203 0.236 0.348 0.494
97.600 13 0.197 0.239 0.338 0.492
97.640 13 0.189 0.247 0.328 0.494
97.680 13 0.184 0.247 0.322 0.494
97.720 13 0.178 0.250 0.317 0.494
97.760 13 0.173 0.250 0.309 0.492
97.800 13 0.172 0.253 0.308 0.494
97.840 13 0.172 0.256 0.306 0.494
97.880 13 0.173 0.258 0.306 0.494
97.920 13 0.178 0.261 0.309 0.494
97.960 13 0.180 0.264 0.311 0.497
98.000 13 0.178 0.264 0.319 0.514
98.040 13 0.181 0.269 0.320 0.517
98.080 13 0.188 0.272 0.327 0.519
98.120 13 0.192 0.272 0.333 0.519
98.160 13 0.198 0.269 0.342 0.525
98.200 13 0.208 0.269 0.348 0.519
98.240 13 0.212 0.267 0.353 0.519
98.280 13 0.223 0.269 0.364 0.522
98.320 13 0.236 0.272 0.380 0.525
98.360 13 0.245 0.272 0.392 0.531
98.400 13 0.261 0.269 0.406 0.528
98.440 13 0.275 0.272 0.420 0.531
98.480 13 0.289 0.269 0.436 0.528
98.520 13 0.305 0.272 0.450 0.531
98.560 13 0.320 0.272 0.463 0.525
98.600 13 0.334 0.275 0.478 0.528
98.640 13 0.350 0.272 0.491 0.525
98.680 13 0.364 0.269 0.505 0.519
98.720 13 0.378 0.272 0.519 0.525
98.760 13 0.388 0.269 0.531 0.522
98.800 13 0.403 0.267 0.545 0.519
98.840 13 0.411 0.264 0.553 0.519
98.880 13 0.419 0.264 0.561 0.517
98.920 13 0.427 0.258 0.569 0.511
98.960 13 0.428 0.258 0.570 0.511
103.240 14 0.403 0.189 0.611 0.556
103.280 14 0.402 0.192 0.606 0.553
103.320 14 0.403 0.183 0.617 0.561
103.360 14 0.402 0.183 0.614 0.558
103.400 14 0.403 0.172 0.627 0.567
103.440 14 0.403 0.169 0.631 0.575
103.480 14 0.402 0.167 0.636 0.581
103.520 14 0.402 0.164 0.641 0.586
103.560 14 0.397 0.175 0.630 0.586
103.600 14 0.397 0.172 0.634 0.594
103.640 14 0.394 0.181 0.625 0.586
103.680 14 0.392 0.178 0.622 0.583
103.720 14 0.392 0.167 0.639 0.603
103.760 14 0.389 0.172 0.631 0.600
103.800 14 0.391 0.167 0.639 0.606
103.840 14 0.388 0.172 0.631 0.600
103.880 14 0.388 0.172 0.631 0.603
103.920 14 0.389 0.172 0.637 0.611
103.960 14 0.389 0.181 0.622 0.592
104.000 14 0.391 0.172 0.633 0.600
104.040 14 0.378 0.158 0.637 0.617
104.080 14 0.381 0.158 0.637 0.614
104.120 14 0.381 0.156 0.644 0.619
104.160 14 0.381 0.161 0.637 0.611
104.200 14 0.384 0.156 0.647 0.622
104.240 14 0.384 0.164 0.642 0.619
104.280 14 0.383 0.153 0.648 0.622
104.320 14 0.389 0.147 0.662 0.631
104.360 14 0.388 0.144 0.664 0.633
104.400 14 0.391 0.139 0.672 0.636
104.440 14 0.389 0.136 0.673 0.639
104.480 14 0.394 0.136 0.680 0.639
104.520 14 0.395 0.133 0.681 0.639
104.560 14 0.397 0.133 0.683 0.639
104.600 14 0.400 0.131 0.684 0.636
104.640 14 0.397 0.131 0.684 0.636
104.680 14 0.395 0.131 0.684 0.639
104.720 14 0.400 0.131 0.688 0.639
104.760 14 0.402 0.136 0.684 0.633
104.800 14 0.402 0.133 0.686 0.633
104.840 14 0.398 0.142 0.675 0.628
104.880 14 0.395 0.144 0.670 0.628
104.920 14 0.398 0.164 0.650 0.611
104.960 14 0.397 0.164 0.650 0.611
105.000 14 0.391 0.172 0.633 0.600
105.040 14 0.380 0.178 0.623 0.611
105.080 14 0.388 0.183 0.628 0.608
105.120 14 0.381 0.186 0.620 0.606
105.160 14 0.384 0.186 0.623 0.608
105.200 14 0.383 0.183 0.627 0.614
105.240 14 0.384 0.186 0.625 0.608
105.280 14 0.383 0.186 0.623 0.611
105.320 14 0.381 0.183 0.622 0.608
105.360 14 0.380 0.189 0.617 0.608
105.400 14 0.372 0.189 0.609 0.608
105.440 14 0.372 0.189 0.608 0.606
105.480 14 0.375 0.189 0.609 0.606
105.520 14 0.372 0.189 0.608 0.606
105.560 14 0.375 0.189 0.611 0.603
105.600 14 0.369 0.186 0.605 0.600
105.640 14 0.373 0.186 0.606 0.597
105.680 14 0.375 0.186 0.606 0.594
105.720 14 0.377 0.181 0.608 0.589
105.760 14 0.377 0.178 0.608 0.586
105.800 14 0.377 0.175 0.606 0.581
105.840 14 0.375 0.172 0.605 0.578
105.880 14 0.375 0.172 0.605 0.578
105.920 14 0.377 0.169 0.608 0.578
105.960 14 0.375 0.172 0.605 0.575
106.000 14 0.364 0.172 0.606 0.600
106.040 14 0.358 0.164 0.603 0.597
106.080 14 0.359 0.169 0.598 0.592
106.120 14 0.356 0.167 0.598 0.594
106.160 14 0.361 0.169 0.605 0.600
106.200 14 0.356 0.175 0.597 0.600
106.240 14 0.358 0.175 0.600 0.606
106.280 14 0.358 0.178 0.602 0.606
106.320 14 0.359 0.178 0.603 0.608
106.360 14 0.359 0.178 0.605 0.611
106.400 14 0.361 0.181 0.608 0.614
106.440 14 0.361 0.183 0.608 0.617
106.480 14 0.358 0.183 0.606 0.622
106.520 14 0.361 0.186 0.611 0.625
106.560 14 0.355 0.189 0.598 0.619
106.600 14 0.362 0.194 0.603 0.619
106.640 14 0.359 0.189 0.600 0.617
106.680 14 0.367 0.189 0.608 0.614
106.720 14 0.362 0.183 0.605 0.611
106.760 14 0.370 0.183 0.611 0.611
106.800 14 0.364 0.183 0.606 0.608
106.840 14 0.369 0.183 0.608 0.606
106.880 14 0.369 0.183 0.606 0.606
106.920 14 0.369 0.183 0.606 0.603
106.960 14 0.369 0.183 0.606 0.603
107.000 14 0.364 0.172 0.606 0.600
107.040 14 0.369 0.164 0.622 0.608
107.080 14 0.364 0.164 0.616 0.608
107.120 14 0.370 0.164 0.623 0.611
107.160 14 0.366 0.164 0.617 0.606
107.200 14 0.366 0.164 0.617 0.606
107.240 14 0.366 0.161 0.617 0.606
107.280 14 0.366 0.161 0.616 0.603
107.320 14 0.366 0.161 0.616 0.603
107.360 14 0.366 0.161 0.614 0.603
107.400 14 0.364 0.161 0.614 0.603
107.440 14 0.362 0.164 0.611 0.603
107.480 14 0.361 0.164 0.609 0.606
107.520 14 0.359 0.169 0.608 0.606
107.560 14 0.359 0.172 0.606 0.608
107.600 14 0.356 0.172 0.605 0.608
107.640 14 0.353 0.172 0.600 0.608
107.680 14 0.361 0.175 0.606 0.611
107.720 14 0.353 0.175 0.597 0.606
107.760 14 0.362 0.178 0.606 0.608
107.800 14 0.358 0.172 0.603 0.606
107.840 14 0.358 0.175 0.602 0.606
107.880 14 0.353 0.175 0.597 0.603
107.920 14 0.356 0.175 0.598 0.603
107.960 14 0.358 0.175 0.598 0.603
108.000 14 0.364 0.172 0.606 0.600
108.040 14 0.366 0.186 0.603 0.606
108.080 14 0.367 0.183 0.605 0.603
108.120 14 0.366 0.181 0.608 0.606
108.160 14 0.366 0.175 0.608 0.606
108.200 14 0.364 0.172 0.608 0.606
108.240 14 0.364 0.167 0.609 0.600
108.280 14 0.364 0.156 0.613 0.594
108.320 14 0.367 0.153 0.616 0.589
108.360 14 0.367 0.147 0.617 0.589
108.400 14 0.370 0.144 0.620 0.586
108.440 14 0.366 0.147 0.614 0.589
108.480 14 0.361 0.150 0.609 0.586
108.520 14 0.361 0.150 0.613 0.594
108.560 14 0.361 0.150 0.611 0.592
108.600 14 0.359 0.144 0.613 0.592
108.640 14 0.359 0.144 0.613 0.592
108.680 14 0.359 0.147 0.611 0.592
108.720 14 0.356 0.150 0.611 0.600
108.760 14 0.355 0.156 0.608 0.603
108.800 14 0.356 0.164 0.605 0.606
108.840 14 0.361 0.167 0.614 0.614
108.880 14 0.359 0.161 0.616 0.614
108.920 14 0.359 0.156 0.617 0.611
108.960 14 0.361 0.153 0.616 0.603
109.000 14 0.364 0.172 0.606 0.600
109.040 14 0.362 0.169 0.611 0.606
109.080 14 0.358 0.172 0.603 0.606
109.120 14 0.362 0.169 0.611 0.608
109.160 14 0.358 0.169 0.608 0.611
109.200 14 0.362 0.169 0.613 0.611
109.240 14 0.362 0.169 0.613 0.608
109.280 14 0.367 0.167 0.617 0.611
109.320 14 0.369 0.167 0.617 0.606
109.360 14 0.369 0.167 0.616 0.603
109.400 14 0.367 0.167 0.614 0.600
109.440 14 0.370 0.167 0.616 0.600
109.480 14 0.364 0.169 0.606 0.597
109.520 14 0.369 0.172 0.611 0.600
109.560 14 0.362 0.175 0.602 0.597
109.600 14 0.369 0.178 0.606 0.597
109.640 14 0.366 0.178 0.603 0.594
109.680 14 0.367 0.175 0.606 0.597
109.720 14 0.369 0.172 0.608 0.594
109.760 14 0.370 0.172 0.609 0.594
109.800 14 0.370 0.172 0.609 0.594
109.840 14 0.370 0.175 0.608 0.594
109.880 14 0.369 0.175 0.605 0.592
109.920 14 0.370 0.181 0.602 0.589
109.960 14 0.369 0.181 0.600 0.589
110.000 14 0.364 0.172 0.606 0.600
110.040 14 0.373 0.167 0.603 0.578
110.080 14 0.370 0.169 0.602 0.578
110.120 14 0.370 0.169 0.602 0.581
110.160 14 0.370 0.175 0.600 0.583
110.200 14 0.367 0.175 0.602 0.589
110.240 14 0.362 0.172 0.598 0.589
110.280 14 0.366 0.169 0.602 0.586
110.320 14 0.362 0.167 0.598 0.583
110.360 14 0.359 0.164 0.595 0.581
110.400 14 0.358 0.161 0.594 0.581
110.440 14 0.356 0.161 0.592 0.581
110.480 14 0.352 0.156 0.592 0.581
110.520 14 0.355 0.156 0.597 0.586
110.560 14 0.347 0.150 0.591 0.583
110.600 14 0.350 0.147 0.594 0.581
110.640 14 0.345 0.147 0.586 0.575
110.680 14 0.350 0.144 0.592 0.572
110.720 14 0.347 0.142 0.589 0.569
110.760 14 0.358 0.144 0.600 0.572
110.800 14 0.359 0.139 0.603 0.572
110.840 14 0.362 0.139 0.606 0.572
110.880 14 0.362 0.136 0.608 0.572
110.920 14 0.364 0.133 0.609 0.569
110.960 14 0.362 0.133 0.608 0.569
111.000 14 0.364 0.122 0.606 0.553
111.040 14 0.358 0.114 0.605 0.550
111.080 14 0.358 0.114 0.605 0.553
111.120 14 0.359 0.114 0.606 0.556
111.160 14 0.359 0.114 0.606 0.556
111.200 14 0.359 0.117 0.606 0.556
111.240 14 0.359 0.119 0.606 0.558
111.280 14 0.359 0.119 0.606 0.561
111.320 14 0.359 0.125 0.606 0.561
111.360 14 0.362 0.128 0.608 0.564
111.400 14 0.362 0.128 0.606 0.561
111.440 14 0.370 0.128 0.614 0.561
111.480 14 0.367 0.125 0.611 0.558
111.520 14 0.375 0.122 0.619 0.556
111.560 14 0.372 0.119 0.616 0.553
111.600 14 0.378 0.119 0.620 0.553
111.640 14 0.373 0.117 0.616 0.550
111.680 14 0.375 0.117 0.619 0.550
111.720 14 0.375 0.117 0.619 0.547
111.760 14 0.377 0.117 0.617 0.547
111.800 14 0.375 0.117 0.614 0.544
111.840 14 0.378 0.119 0.617 0.542
111.880 14 0.377 0.119 0.614 0.542
111.920 14 0.375 0.122 0.613 0.544
111.960 14 0.372 0.125 0.611 0.550
112.000 14 0.364 0.122 0.606 0.553
112.040 14 0.361 0.136 0.605 0.569
112.080 14 0.364 0.142 0.609 0.578
112.120 14 0.359 0.150 0.602 0.578
112.160 14 0.362 0.150 0.605 0.583
112.200 14 0.362 0.150 0.608 0.586
112.240 14 0.364 0.150 0.611 0.589
112.280 14 0.367 0.153 0.613 0.592
112.320 14 0.367 0.153 0.616 0.594
112.360 14 0.367 0.153 0.619 0.600
112.400 14 0.364 0.150 0.619 0.603
112.440 14 0.372 0.153 0.625 0.600
112.480 14 0.367 0.147 0.622 0.600
112.520 14 0.369 0.144 0.627 0.603
112.560 14 0.370 0.144 0.628 0.603
112.600 14 0.373 0.142 0.630 0.597
112.640 14 0.375 0.139 0.633 0.597
112.680 14 0.377 0.131 0.634 0.589
112.720 14 0.380 0.128 0.634 0.581
112.760 14 0.381 0.122 0.633 0.569
112.800 14 0.381 0.119 0.633 0.564
112.840 14 0.384 0.114 0.636 0.561
112.880 14 0.383 0.114 0.633 0.556
112.920 14 0.383 0.111 0.631 0.553
112.960 14 0.383 0.111 0.631 0.550
113.000 14 0.391 0.122 0.633 0.553
113.040 14 0.391 0.119 0.637 0.558
113.080 14 0.388 0.119 0.634 0.558
113.120 14 0.391 0.119 0.636 0.556
113.160 14 0.383 0.117 0.631 0.561
113.200 14 0.389 0.122 0.634 0.561
113.240 14 0.381 0.125 0.628 0.564
113.280 14 0.388 0.128 0.633 0.564
113.320 14 0.381 0.128 0.628 0.567
113.360 14 0.388 0.131 0.633 0.567
113.400 14 0.381 0.131 0.627 0.567
113.440 14 0.388 0.133 0.631 0.567
113.480 14 0.384 0.133 0.627 0.564
113.520 14 0.386 0.136 0.628 0.567
113.560 14 0.384 0.136 0.627 0.567
113.600 14 0.388 0.136 0.630 0.567
113.640 14 0.386 0.136 0.630 0.567
113.680 14 0.383 0.133 0.630 0.569
113.720 14 0.383 0.136 0.627 0.572
113.760 14 0.380 0.139 0.627 0.578
113.800 14 0.380 0.147 0.627 0.586
113.840 14 0.378 0.150 0.627 0.594
113.880 14 0.378 0.153 0.625 0.592
113.920 14 0.386 0.144 0.633 0.583
113.960 14 0.391 0.136 0.633 0.567
114.000 14 0.391 0.122 0.633 0.553
114.040 14 0.398 0.111 0.634 0.531
114.080 14 0.402 0.108 0.634 0.525
114.120 14 0.402 0.103 0.637 0.522
114.160 14 0.402 0.106 0.639 0.525
114.200 14 0.403 0.108 0.639 0.531
114.240 14 0.403 0.114 0.641 0.536
114.280 14 0.405 0.119 0.642 0.542
114.320 14 0.405 0.119 0.645 0.550
114.360 14 0.405 0.125 0.647 0.553
114.400 14 0.406 0.122 0.648 0.556
114.440 14 0.408 0.122 0.650 0.553
114.480 14 0.408 0.117 0.652 0.550
114.520 14 0.411 0.117 0.650 0.542
114.560 14 0.409 0.111 0.653 0.544
114.600 14 0.409 0.114 0.653 0.547
114.640 14 0.411 0.117 0.655 0.553
114.680 14 0.411 0.119 0.658 0.558
114.720 14 0.411 0.122 0.658 0.561
114.760 14 0.412 0.128 0.659 0.567
114.800 14 0.416 0.136 0.659 0.572
114.840 14 0.409 0.131 0.658 0.572
114.880 14 0.414 0.128 0.664 0.572
114.920 14 0.414 0.128 0.661 0.567
114.960 14 0.414 0.125 0.659 0.561
115.000 14 0.417 0.122 0.659 0.553
153.320 15 0.564 0.286 0.727 0.578
153.360 15 0.559 0.281 0.720 0.567
153.400 15 0.550 0.272 0.714 0.564
153.440 15 0.547 0.275 0.708 0.564
153.480 15 0.539 0.275 0.705 0.569
153.520 15 0.541 0.278 0.706 0.575
153.560 15 0.536 0.283 0.700 0.578
153.600 15 0.545 0.292 0.708 0.583
153.640 15 0.534 0.283 0.702 0.581
153.680 15 0.537 0.281 0.706 0.583
153.720 15 0.536 0.272 0.706 0.581
153.760 15 0.542 0.269 0.711 0.572
153.800 15 0.548 0.272 0.716 0.572
153.840 15 0.550 0.275 0.717 0.575
153.880 15 0.550 0.278 0.717 0.578
153.920 15 0.550 0.281 0.717 0.581
153.960 15 0.552 0.281 0.717 0.581
154.000 15 0.552 0.283 0.719 0.583
154.040 15 0.550 0.269 0.734 0.600
154.080 15 0.547 0.269 0.734 0.603
154.120 15 0.547 0.272 0.736 0.608
154.160 15 0.539 0.269 0.727 0.603
154.200 15 0.541 0.272 0.725 0.603
154.240 15 0.541 0.267 0.728 0.603
154.280 15 0.541 0.267 0.725 0.597
154.320 15 0.547 0.261 0.734 0.594
154.360 15 0.550 0.264 0.734 0.592
154.400 15 0.553 0.264 0.738 0.594
154.440 15 0.553 0.269 0.738 0.597
154.480 15 0.550 0.272 0.734 0.600
154.520 15 0.544 0.278 0.728 0.608
154.560 15 0.544 0.281 0.731 0.617
154.600 15 0.539 0.283 0.725 0.614
154.640 15 0.542 0.278 0.731 0.617
154.680 15 0.548 0.278 0.736 0.614
154.720 15 0.552 0.278 0.738 0.611
154.760 15 0.550 0.278 0.734 0.608
154.800 15 0.541 0.269 0.734 0.614
154.840 15 0.548 0.275 0.736 0.611
154.880 15 0.544 0.275 0.731 0.611
154.920 15 0.548 0.278 0.734 0.611
154.960 15 0.547 0.278 0.731 0.608
155.000 15 0.550 0.261 0.752 0.619
155.040 15 0.552 0.256 0.755 0.619
155.080 15 0.553 0.256 0.755 0.614
155.120 15 0.552 0.258 0.753 0.614
155.160 15 0.550 0.261 0.744 0.606
155.200 15 0.547 0.267 0.741 0.608
155.240 15 0.544 0.264 0.741 0.614
155.280 15 0.544 0.267 0.742 0.619
155.320 15 0.547 0.267 0.745 0.619
155.360 15 0.550 0.267 0.750 0.622
155.400 15 0.550 0.267 0.753 0.625
155.440 15 0.550 0.267 0.753 0.625
155.480 15 0.548 0.264 0.752 0.625
155.520 15 0.552 0.264 0.755 0.625
155.560 15 0.550 0.261 0.752 0.622
155.600 15 0.553 0.258 0.755 0.617
155.640 15 0.559 0.256 0.761 0.614
155.680 15 0.562 0.256 0.762 0.611
155.720 15 0.561 0.253 0.766 0.614
155.760 15 0.559 0.250 0.766 0.617
155.800 15 0.558 0.253 0.762 0.617
155.840 15 0.556 0.256 0.761 0.617
155.880 15 0.555 0.258 0.756 0.617
155.920 15 0.552 0.258 0.755 0.619
155.960 15 0.552 0.264 0.752 0.619
156.000 15 0.550 0.261 0.752 0.619
156.040 15 0.536 0.264 0.741 0.628
156.080 15 0.539 0.264 0.744 0.628
156.120 15 0.544 0.269 0.745 0.628
156.160 15 0.552 0.267 0.752 0.622
156.200 15 0.553 0.264 0.756 0.625
156.240 15 0.550 0.256 0.764 0.636
156.280 15 0.559 0.258 0.772 0.633
156.320 15 0.555 0.258 0.762 0.631
156.360 15 0.559 0.261 0.766 0.628
156.400 15 0.564 0.267 0.766 0.622
156.440 15 0.559 0.261 0.762 0.625
156.480 15 0.561 0.261 0.764 0.622
156.520 15 0.562 0.264 0.764 0.619
156.560 15 0.562 0.261 0.766 0.622
156.600 15 0.564 0.261 0.766 0.619
156.640 15 0.567 0.261 0.769 0.619
156.680 15 0.566 0.258 0.769 0.622
156.720 15 0.570 0.261 0.772 0.619
156.760 15 0.573 0.264 0.775 0.619
156.800 15 0.575 0.258 0.778 0.622
156.840 15 0.584 0.256 0.787 0.617
156.880 15 0.586 0.256 0.787 0.617
156.920 15 0.586 0.253 0.789 0.617
156.960 15 0.589 0.258 0.787 0.614
157.000 15 0.572 0.261 0.773 0.619
157.040 15 0.566 0.253 0.780 0.636
157.080 15 0.566 0.258 0.778 0.633
157.120 15 0.566 0.256 0.777 0.631
157.160 15 0.567 0.256 0.777 0.628
157.200 15 0.569 0.253 0.778 0.628
157.240 15 0.567 0.253 0.777 0.625
157.280 15 0.566 0.253 0.775 0.622
157.320 15 0.564 0.250 0.772 0.619
157.360 15 0.561 0.247 0.769 0.619
157.400 15 0.558 0.247 0.767 0.617
157.440 15 0.550 0.242 0.761 0.617
157.480 15 0.548 0.244 0.759 0.622
157.520 15 0.545 0.247 0.756 0.622
157.560 15 0.542 0.244 0.753 0.619
157.600 15 0.542 0.244 0.753 0.619
157.640 15 0.542 0.247 0.748 0.614
157.680 15 0.545 0.244 0.752 0.611
157.720 15 0.537 0.247 0.742 0.611
157.760 15 0.534 0.250 0.739 0.611
157.800 15 0.533 0.250 0.734 0.608
157.840 15 0.537 0.253 0.738 0.606
157.880 15 0.541 0.247 0.739 0.600
157.920 15 0.545 0.250 0.742 0.600
157.960 15 0.544 0.253 0.741 0.606
158.000 15 0.550 0.261 0.752 0.619
158.040 15 0.545 0.247 0.759 0.631
158.080 15 0.541 0.247 0.756 0.633
158.120 15 0.547 0.250 0.762 0.633
158.160 15 0.544 0.250 0.759 0.633
158.200 15 0.550 0.250 0.766 0.633
158.240 15 0.547 0.250 0.762 0.633
158.280 15 0.548 0.253 0.761 0.631
158.320 15 0.542 0.258 0.752 0.631
158.360 15 0.536 0.256 0.745 0.628
158.400 15 0.531 0.253 0.744 0.628
158.440 15 0.523 0.256 0.736 0.633
158.480 15 0.527 0.258 0.733 0.625
158.520 15 0.520 0.258 0.727 0.625
158.560 15 0.523 0.256 0.733 0.628
158.600 15 0.530 0.250 0.739 0.622
158.640 15 0.534 0.250 0.741 0.619
158.680 15 0.531 0.247 0.741 0.619
158.720 15 0.530 0.250 0.738 0.619
158.760 15 0.523 0.253 0.730 0.619
158.800 15 0.520 0.256 0.728 0.625
158.840 15 0.523 0.261 0.728 0.625
158.880 15 0.528 0.258 0.734 0.628
158.920 15 0.525 0.258 0.731 0.628
158.960 15 0.531 0.261 0.736 0.628
159.000 15 0.527 0.261 0.728 0.619
159.040 15 0.519 0.256 0.723 0.619
159.080 15 0.522 0.264 0.722 0.619
159.120 15 0.523 0.264 0.722 0.617
159.160 15 0.525 0.264 0.725 0.619
159.200 15 0.531 0.267 0.731 0.622
159.240 15 0.527 0.261 0.728 0.619
159.280 15 0.527 0.261 0.727 0.617
159.320 15 0.525 0.261 0.725 0.617
159.360 15 0.525 0.261 0.725 0.617
159.400 15 0.534 0.267 0.727 0.608
159.440 15 0.528 0.258 0.727 0.614
159.480 15 0.528 0.258 0.728 0.614
159.520 15 0.527 0.256 0.730 0.617
159.560 15 0.530 0.250 0.739 0.625
159.600 15 0.530 0.253 0.738 0.619
159.640 15 0.537 0.258 0.750 0.636
159.680 15 0.542 0.256 0.756 0.633
159.720 15 0.547 0.258 0.759 0.636
159.760 15 0.552 0.267 0.759 0.636
159.800 15 0.555 0.269 0.762 0.639
159.840 15 0.556 0.275 0.764 0.644
159.880 15 0.559 0.278 0.767 0.647
159.920 15 0.562 0.283 0.770 0.650
159.960 15 0.566 0.286 0.772 0.656
160.000 15 0.572 0.303 0.773 0.661
160.040 15 0.561 0.286 0.764 0.647
160.080 15 0.559 0.289 0.758 0.642
160.120 15 0.562 0.289 0.761 0.642
160.160 15 0.562 0.286 0.762 0.642
160.200 15 0.566 0.286 0.764 0.639
160.240 15 0.566 0.283 0.766 0.639
160.280 15 0.566 0.281 0.767 0.639
160.320 15 0.567 0.278 0.770 0.639
160.360 15 0.573 0.275 0.778 0.642
160.400 15 0.580 0.278 0.784 0.639
160.440 15 0.584 0.278 0.791 0.644
160.480 15 0.589 0.278 0.795 0.644
160.520 15 0.592 0.278 0.800 0.647
160.560 15 0.594 0.278 0.802 0.647
160.600 15 0.595 0.278 0.803 0.647
160.640 15 0.600 0.281 0.806 0.647
160.680 15 0.605 0.278 0.812 0.647
160.720 15 0.608 0.278 0.814 0.644
160.760 15 0.609 0.275 0.816 0.642
160.800 15 0.606 0.272 0.816 0.642
160.840 15 0.606 0.272 0.814 0.639
160.880 15 0.609 0.272 0.812 0.633
160.920 15 0.613 0.275 0.814 0.633
160.960 15 0.616 0.278 0.816 0.633
161.000 15 0.623 0.278 0.827 0.639
161.040 15 0.625 0.281 0.828 0.639
161.080 15 0.634 0.281 0.838 0.642
161.120 15 0.634 0.281 0.839 0.644
161.160 15 0.645 0.281 0.850 0.647
161.200 15 0.645 0.281 0.855 0.653
161.240 15 0.656 0.283 0.867 0.658
161.280 15 0.656 0.289 0.869 0.667
161.320 15 0.666 0.292 0.881 0.672
161.360 15 0.664 0.294 0.881 0.678
161.400 15 0.672 0.294 0.887 0.681
161.440 15 0.666 0.297 0.881 0.678
161.480 15 0.672 0.297 0.886 0.678
161.520 15 0.666 0.297 0.880 0.678
161.560 15 0.669 0.294 0.883 0.675
161.600 15 0.662 0.292 0.877 0.675
161.640 15 0.664 0.292 0.878 0.672
161.680 15 0.656 0.294 0.872 0.675
161.720 15 0.648 0.292 0.864 0.675
161.760 15 0.641 0.292 0.855 0.672
161.800 15 0.634 0.289 0.850 0.672
161.840 15 0.620 0.286 0.838 0.672
161.880 15 0.609 0.283 0.825 0.667
161.920 15 0.598 0.281 0.812 0.661
161.960 15 0.584 0.275 0.798 0.656
162.000 15 0.572 0.261 0.773 0.619
162.040 15 0.584 0.283 0.770 0.617
162.080 15 0.570 0.283 0.759 0.619
162.120 15 0.569 0.286 0.755 0.619
162.160 15 0.562 0.292 0.748 0.622
162.200 15 0.552 0.292 0.738 0.622
162.240 15 0.547 0.297 0.730 0.622
162.280 15 0.541 0.300 0.723 0.628
162.320 15 0.534 0.306 0.717 0.631
162.360 15 0.527 0.311 0.709 0.639
162.400 15 0.520 0.311 0.703 0.639
162.440 15 0.509 0.311 0.695 0.642
162.480 15 0.500 0.311 0.688 0.644
162.520 15 0.492 0.311 0.678 0.644
162.560 15 0.484 0.314 0.670 0.647
162.600 15 0.478 0.317 0.664 0.647
162.640 15 0.473 0.319 0.655 0.644
162.680 15 0.475 0.319 0.656 0.642
162.720 15 0.470 0.317 0.652 0.639
162.760 15 0.473 0.314 0.655 0.636
162.800 15 0.472 0.314 0.653 0.636
162.840 15 0.480 0.314 0.659 0.636
162.880 15 0.477 0.314 0.656 0.633
162.920 15 0.483 0.314 0.661 0.631
162.960 15 0.481 0.306 0.659 0.625
163.000 15 0.495 0.317 0.662 0.617
163.040 15 0.486 0.308 0.661 0.622
163.080 15 0.484 0.306 0.659 0.619
163.120 15 0.492 0.306 0.667 0.619
163.160 15 0.498 0.308 0.672 0.619
163.200 15 0.503 0.306 0.678 0.619
163.240 15 0.511 0.306 0.686 0.619
163.280 15 0.512 0.303 0.689 0.619
163.320 15 0.514 0.303 0.691 0.617
163.360 15 0.516 0.300 0.692 0.617
163.400 15 0.517 0.300 0.694 0.617
163.440 15 0.516 0.297 0.694 0.617
163.480 15 0.519 0.297 0.698 0.617
163.520 15 0.519 0.297 0.700 0.619
163.560 15 0.517 0.294 0.700 0.619
163.600 15 0.522 0.294 0.708 0.625
163.640 15 0.522 0.294 0.706 0.622
163.680 15 0.520 0.297 0.703 0.625
163.720 15 0.523 0.297 0.709 0.631
163.760 15 0.519 0.300 0.706 0.636
163.800 15 0.520 0.300 0.709 0.639
163.840 15 0.520 0.303 0.709 0.639
163.880 15 0.520 0.303 0.711 0.642
163.920 15 0.520 0.306 0.711 0.642
163.960 15 0.522 0.311 0.709 0.644
164.000 15 0.505 0.303 0.706 0.661
164.040 15 0.502 0.308 0.702 0.661
164.080 15 0.508 0.308 0.706 0.661
164.120 15 0.503 0.306 0.700 0.658
164.160 15 0.506 0.308 0.703 0.658
164.200 15 0.506 0.308 0.705 0.658
164.240 15 0.505 0.308 0.702 0.658
164.280 15 0.508 0.308 0.702 0.656
164.320 15 0.506 0.303 0.700 0.647
164.360 15 0.512 0.300 0.709 0.650
164.400 15 0.508 0.300 0.705 0.647
164.440 15 0.512 0.300 0.711 0.653
164.480 15 0.511 0.303 0.708 0.653
164.520 15 0.517 0.303 0.713 0.650
164.560 15 0.514 0.300 0.708 0.644
164.600 15 0.517 0.297 0.713 0.644
164.640 15 0.509 0.300 0.705 0.647
164.680 15 0.516 0.303 0.713 0.653
164.720 15 0.506 0.306 0.706 0.658
164.760 15 0.511 0.303 0.711 0.661
164.800 15 0.514 0.303 0.713 0.656
164.840 15 0.509 0.300 0.703 0.644
164.880 15 0.514 0.297 0.711 0.647
164.920 15 0.509 0.294 0.708 0.647
164.960 15 0.508 0.300 0.706 0.650
165.000 15 0.505 0.303 0.706 0.661
165.040 15 0.502 0.306 0.698 0.658
165.080 15 0.506 0.306 0.706 0.658
165.120 15 0.502 0.297 0.705 0.658
165.160 15 0.498 0.303 0.697 0.653
165.200 15 0.502 0.303 0.702 0.661
165.240 15 0.502 0.306 0.703 0.664
165.280 15 0.502 0.306 0.703 0.664
165.320 15 0.500 0.303 0.702 0.661
165.360 15 0.498 0.297 0.702 0.656
165.400 15 0.498 0.297 0.700 0.656
165.440 15 0.492 0.297 0.694 0.656
165.480 15 0.497 0.303 0.698 0.661
165.520 15 0.492 0.306 0.691 0.658
165.560 15 0.497 0.303 0.698 0.658
165.600 15 0.489 0.300 0.688 0.656
165.640 15 0.491 0.300 0.691 0.656
165.680 15 0.487 0.306 0.686 0.658
165.720 15 0.495 0.306 0.695 0.661
165.760 15 0.491 0.306 0.688 0.656
165.800 15 0.495 0.306 0.695 0.658
165.840 15 0.491 0.300 0.691 0.656
165.880 15 0.486 0.303 0.684 0.653
165.920 15 0.491 0.303 0.689 0.658
165.960 15 0.491 0.306 0.691 0.661
166.000 15 0.489 0.306 0.691 0.661
166.040 15 0.489 0.300 0.691 0.658
166.080 15 0.487 0.300 0.689 0.658
166.120 15 0.483 0.306 0.683 0.658
166.160 15 0.487 0.308 0.688 0.664
166.200 15 0.483 0.311 0.681 0.667
166.240 15 0.487 0.311 0.691 0.672
166.280 15 0.484 0.306 0.688 0.667
166.320 15 0.484 0.306 0.688 0.664
166.360 15 0.481 0.311 0.681 0.664
166.400 15 0.486 0.314 0.686 0.669
166.440 15 0.484 0.311 0.686 0.669
166.480 15 0.491 0.314 0.691 0.667
166.520 15 0.483 0.314 0.680 0.664
166.560 15 0.484 0.314 0.684 0.667
166.600 15 0.480 0.317 0.678 0.669
166.640 15 0.483 0.317 0.683 0.672
166.680 15 0.483 0.317 0.683 0.672
166.720 15 0.483 0.314 0.683 0.672
166.760 15 0.481 0.314 0.683 0.672
169.360 16 -0.009 0.322 0.062 0.447
169.400 16 0.000 0.317 0.073 0.444
169.440 16 0.013 0.314 0.086 0.444
169.480 16 0.023 0.317 0.097 0.444
169.520 16 0.034 0.322 0.106 0.447
169.560 16 0.045 0.325 0.116 0.453
169.600 16 0.055 0.328 0.127 0.453
169.640 16 0.064 0.325 0.134 0.453
169.680 16 0.075 0.322 0.145 0.447
169.720 16 0.083 0.317 0.153 0.442
169.760 16 0.095 0.317 0.164 0.442
169.800 16 0.108 0.314 0.175 0.436
169.840 16 0.117 0.317 0.184 0.436
169.880 16 0.128 0.317 0.197 0.439
169.920 16 0.138 0.317 0.206 0.436
169.960 16 0.148 0.314 0.217 0.436
170.000 16 0.161 0.314 0.228 0.433
170.040 16 0.172 0.314 0.239 0.431
170.080 16 0.186 0.311 0.252 0.428
170.120 16 0.195 0.311 0.259 0.425
170.160 16 0.208 0.306 0.273 0.422
170.200 16 0.220 0.306 0.284 0.419
170.240 16 0.231 0.306 0.295 0.419
170.280 16 0.242 0.306 0.305 0.419
172.440 17 0.284 0.083 0.564 0.583
172.480 17 0.297 0.089 0.578 0.589
172.520 17 0.286 0.089 0.570 0.594
172.560 17 0.286 0.089 0.570 0.594
172.600 17 0.284 0.086 0.569 0.592
172.640 17 0.284 0.089 0.564 0.586
172.680 17 0.289 0.083 0.575 0.592
172.720 17 0.281 0.069 0.575 0.592
172.760 17 0.295 0.083 0.578 0.586
172.800 17 0.286 0.083 0.573 0.592
172.840 17 0.286 0.083 0.575 0.594
172.880 17 0.291 0.083 0.580 0.597
172.920 17 0.292 0.089 0.578 0.597
172.960 17 0.303 0.089 0.594 0.606
173.000 17 0.308 0.092 0.598 0.608
173.040 17 0.314 0.092 0.605 0.611
173.080 17 0.319 0.094 0.611 0.614
173.120 17 0.323 0.094 0.614 0.614
173.160 17 0.338 0.106 0.619 0.606
173.200 17 0.345 0.097 0.628 0.600
173.240 17 0.339 0.092 0.630 0.606
173.280 17 0.350 0.094 0.636 0.603
173.320 17 0.338 0.094 0.622 0.600
173.360 17 0.352 0.097 0.639 0.608
173.400 17 0.338 0.089 0.622 0.594
173.440 17 0.345 0.083 0.631 0.592
173.480 17 0.330 0.072 0.617 0.583
173.520 17 0.328 0.067 0.616 0.578
173.560 17 0.312 0.064 0.600 0.575
173.600 17 0.308 0.064 0.591 0.567
173.640 17 0.300 0.069 0.581 0.572
173.680 17 0.283 0.075 0.566 0.578
173.720 17 0.266 0.086 0.553 0.597
173.800 17 0.217 0.089 0.511 0.611
173.840 17 0.214 0.100 0.506 0.619
173.880 17 0.211 0.111 0.503 0.631
173.920 17 0.222 0.125 0.512 0.644
173.960 17 0.227 0.133 0.519 0.653
174.000 17 0.244 0.147 0.534 0.664
174.040 17 0.267 0.114 0.586 0.681
174.080 17 0.272 0.119 0.589 0.681
174.120 17 0.287 0.119 0.606 0.686
174.160 17 0.294 0.128 0.606 0.683
174.200 17 0.300 0.131 0.611 0.683
174.240 17 0.306 0.133 0.616 0.683
174.280 17 0.309 0.128 0.619 0.678
174.320 17 0.312 0.128 0.623 0.681
174.360 17 0.312 0.128 0.627 0.686
174.400 17 0.312 0.131 0.628 0.692
174.440 17 0.311 0.139 0.625 0.700
174.480 17 0.306 0.144 0.623 0.706
174.520 17 0.305 0.153 0.622 0.717
174.560 17 0.302 0.158 0.617 0.722
174.600 17 0.300 0.164 0.617 0.728
174.640 17 0.295 0.167 0.614 0.733
174.680 17 0.295 0.172 0.613 0.736
174.720 17 0.291 0.175 0.608 0.739
174.760 17 0.289 0.181 0.606 0.742
174.800 17 0.286 0.178 0.603 0.742
174.840 17 0.284 0.175 0.600 0.739
174.880 17 0.283 0.167 0.600 0.731
174.920 17 0.283 0.161 0.600 0.725
174.960 17 0.284 0.158 0.598 0.717
175.000 17 0.294 0.108 0.642 0.728
175.040 17 0.298 0.100 0.655 0.733
175.080 17 0.297 0.106 0.645 0.728
175.120 17 0.305 0.100 0.659 0.731
175.160 17 0.302 0.097 0.653 0.722
175.200 17 0.314 0.097 0.666 0.725
175.240 17 0.309 0.094 0.659 0.719
175.280 17 0.320 0.094 0.672 0.719
175.320 17 0.317 0.092 0.667 0.714
175.360 17 0.327 0.086 0.681 0.714
175.400 17 0.322 0.086 0.673 0.711
175.440 17 0.322 0.086 0.673 0.711
175.480 17 0.323 0.092 0.675 0.717
175.520 17 0.325 0.103 0.677 0.725
175.560 17 0.327 0.111 0.677 0.733
