16.080 0 0.495 0.317 0.675 0.639
16.120 0 0.495 0.331 0.672 0.647
16.160 0 0.497 0.350 0.673 0.669
16.200 0 0.495 0.361 0.673 0.681
16.240 0 0.492 0.372 0.672 0.694
16.280 0 0.489 0.383 0.670 0.706
16.320 0 0.483 0.389 0.664 0.714
16.360 0 0.484 0.392 0.666 0.717
16.400 0 0.475 0.392 0.656 0.717
16.440 0 0.481 0.389 0.661 0.714
16.480 0 0.473 0.386 0.652 0.706
16.520 0 0.473 0.375 0.652 0.694
16.560 0 0.475 0.367 0.652 0.683
16.600 0 0.477 0.356 0.653 0.669
16.640 0 0.480 0.344 0.655 0.658
16.680 0 0.483 0.333 0.656 0.644
16.720 0 0.484 0.322 0.656 0.631
16.760 0 0.487 0.314 0.658 0.622
16.800 0 0.487 0.300 0.659 0.608
16.840 0 0.494 0.300 0.662 0.603
16.880 0 0.492 0.297 0.659 0.597
16.920 0 0.497 0.292 0.662 0.592
16.960 0 0.497 0.289 0.662 0.586
17.000 0 0.495 0.283 0.662 0.583
17.040 0 0.495 0.269 0.664 0.572
17.080 0 0.498 0.272 0.667 0.572
17.120 0 0.495 0.272 0.661 0.572
17.160 0 0.500 0.275 0.666 0.575
17.200 0 0.497 0.281 0.662 0.578
17.240 0 0.498 0.283 0.664 0.581
17.280 0 0.500 0.289 0.664 0.586
17.320 0 0.500 0.294 0.664 0.589
17.360 0 0.502 0.300 0.664 0.592
17.400 0 0.502 0.306 0.664 0.594
17.440 0 0.503 0.308 0.664 0.600
17.480 0 0.503 0.314 0.666 0.603
17.520 0 0.505 0.319 0.664 0.606
17.560 0 0.503 0.317 0.662 0.603
17.600 0 0.503 0.314 0.666 0.606
17.640 0 0.503 0.311 0.664 0.600
17.680 0 0.503 0.308 0.662 0.597
17.720 0 0.502 0.303 0.662 0.594
17.760 0 0.498 0.300 0.661 0.589
17.800 0 0.502 0.297 0.662 0.589
17.840 0 0.495 0.297 0.659 0.592
17.880 0 0.498 0.303 0.662 0.597
17.920 0 0.492 0.306 0.658 0.600
17.960 0 0.495 0.317 0.661 0.614
18.000 0 0.495 0.317 0.662 0.617
18.040 0 0.495 0.322 0.662 0.622
18.080 0 0.495 0.325 0.662 0.625
18.120 0 0.500 0.325 0.667 0.622
18.160 0 0.492 0.322 0.658 0.619
18.200 0 0.498 0.317 0.664 0.614
18.240 0 0.494 0.311 0.664 0.614
18.280 0 0.498 0.306 0.667 0.611
18.320 0 0.495 0.300 0.664 0.606
18.360 0 0.498 0.294 0.669 0.600
18.400 0 0.495 0.289 0.664 0.592
18.440 0 0.502 0.286 0.669 0.589
18.480 0 0.495 0.272 0.666 0.581
18.520 0 0.497 0.267 0.667 0.572
18.560 0 0.492 0.258 0.662 0.564
18.600 0 0.483 0.253 0.653 0.558
18.640 0 0.480 0.250 0.650 0.558
18.680 0 0.469 0.253 0.641 0.561
18.720 0 0.459 0.258 0.631 0.564
18.840 0 0.428 0.283 0.622 0.631
18.880 0 0.425 0.294 0.620 0.642
18.920 0 0.416 0.294 0.619 0.656
18.960 0 0.417 0.294 0.625 0.664
19.000 0 0.416 0.303 0.617 0.661
19.040 0 0.416 0.306 0.617 0.661
19.080 0 0.417 0.306 0.619 0.664
19.120 0 0.427 0.308 0.623 0.658
19.160 0 0.425 0.303 0.623 0.658
19.200 0 0.436 0.300 0.634 0.653
19.240 0 0.442 0.294 0.639 0.647
19.280 0 0.448 0.283 0.645 0.633
19.320 0 0.450 0.286 0.650 0.642
19.360 0 0.456 0.283 0.656 0.639
19.400 0 0.466 0.267 0.670 0.631
19.440 0 0.472 0.258 0.677 0.622
19.480 0 0.480 0.253 0.683 0.614
19.520 0 0.486 0.250 0.688 0.611
19.560 0 0.492 0.247 0.694 0.603
19.600 0 0.498 0.244 0.702 0.606
19.640 0 0.497 0.244 0.703 0.611
19.680 0 0.509 0.247 0.714 0.611
19.720 0 0.505 0.256 0.705 0.611
19.760 0 0.517 0.264 0.713 0.614
19.800 0 0.512 0.269 0.705 0.611
19.840 0 0.519 0.264 0.717 0.617
19.880 0 0.512 0.261 0.716 0.622
19.920 0 0.511 0.261 0.713 0.619
19.960 0 0.506 0.256 0.719 0.633
20.000 0 0.505 0.261 0.706 0.619
20.040 0 0.509 0.269 0.702 0.611
20.080 0 0.502 0.267 0.697 0.614
20.120 0 0.500 0.267 0.698 0.617
20.160 0 0.494 0.267 0.692 0.619
20.200 0 0.486 0.267 0.688 0.625
20.240 0 0.486 0.267 0.688 0.625
20.280 0 0.484 0.264 0.686 0.622
20.320 0 0.483 0.258 0.684 0.619
20.360 0 0.481 0.258 0.681 0.614
20.400 0 0.478 0.253 0.680 0.611
20.440 0 0.483 0.256 0.681 0.611
20.480 0 0.477 0.256 0.678 0.611
20.520 0 0.480 0.253 0.681 0.611
20.560 0 0.478 0.253 0.680 0.611
20.600 0 0.484 0.253 0.688 0.614
20.640 0 0.481 0.250 0.684 0.611
20.680 0 0.486 0.250 0.689 0.611
20.720 0 0.487 0.253 0.689 0.611
20.760 0 0.487 0.253 0.689 0.611
20.800 0 0.486 0.253 0.688 0.611
20.840 0 0.489 0.256 0.689 0.614
20.880 0 0.481 0.256 0.683 0.614
20.920 0 0.484 0.261 0.684 0.617
20.960 0 0.477 0.258 0.678 0.619
21.000 0 0.483 0.261 0.684 0.619
21.040 0 0.484 0.256 0.688 0.619
21.080 0 0.481 0.256 0.688 0.619
21.120 0 0.487 0.256 0.692 0.619
21.160 0 0.483 0.256 0.688 0.619
21.200 0 0.486 0.256 0.692 0.622
21.240 0 0.480 0.258 0.686 0.625
21.280 0 0.480 0.264 0.688 0.633
21.320 0 0.470 0.264 0.678 0.636
21.360 0 0.467 0.264 0.675 0.633
21.400 0 0.464 0.258 0.675 0.633
21.440 0 0.461 0.256 0.675 0.633
21.480 0 0.464 0.250 0.677 0.631
21.520 0 0.466 0.253 0.678 0.628
21.560 0 0.469 0.253 0.678 0.625
21.600 0 0.470 0.253 0.678 0.625
21.640 0 0.472 0.256 0.680 0.622
21.680 0 0.473 0.256 0.680 0.622
21.720 0 0.475 0.256 0.680 0.619
21.760 0 0.475 0.256 0.680 0.619
21.800 0 0.477 0.256 0.681 0.619
21.840 0 0.480 0.253 0.686 0.619
21.880 0 0.478 0.256 0.686 0.622
21.920 0 0.478 0.256 0.681 0.619
21.960 0 0.483 0.261 0.686 0.619
22.000 0 0.483 0.261 0.684 0.619
22.040 0 0.473 0.261 0.673 0.617
22.080 0 0.475 0.267 0.675 0.622
22.120 0 0.470 0.267 0.672 0.622
22.160 0 0.475 0.261 0.681 0.628
22.200 0 0.472 0.258 0.677 0.622
22.240 0 0.475 0.253 0.683 0.622
22.280 0 0.470 0.253 0.678 0.622
22.320 0 0.475 0.256 0.681 0.619
22.360 0 0.469 0.258 0.677 0.625
22.400 0 0.477 0.264 0.681 0.628
22.440 0 0.475 0.267 0.680 0.631
22.480 0 0.481 0.267 0.686 0.631
22.520 0 0.477 0.267 0.680 0.628
22.560 0 0.472 0.264 0.677 0.628
22.600 0 0.466 0.264 0.670 0.628
22.640 0 0.456 0.261 0.662 0.628
22.680 0 0.450 0.258 0.656 0.625
22.720 0 0.456 0.258 0.661 0.625
22.760 0 0.458 0.261 0.662 0.625
22.800 0 0.464 0.261 0.669 0.628
22.840 0 0.466 0.261 0.672 0.631
22.880 0 0.467 0.264 0.673 0.631
22.920 0 0.464 0.264 0.669 0.628
22.960 0 0.466 0.264 0.670 0.631
23.000 0 0.459 0.261 0.661 0.619
23.040 0 0.466 0.253 0.670 0.619
23.080 0 0.463 0.253 0.669 0.619
23.120 0 0.470 0.258 0.677 0.625
23.160 0 0.467 0.264 0.675 0.633
23.200 0 0.466 0.267 0.673 0.636
23.240 0 0.469 0.275 0.675 0.644
23.280 0 0.461 0.278 0.673 0.658
23.320 0 0.456 0.283 0.673 0.669
23.360 0 0.453 0.286 0.670 0.672
23.400 0 0.450 0.281 0.669 0.669
23.440 0 0.448 0.275 0.666 0.664
23.480 0 0.450 0.272 0.669 0.658
23.520 0 0.448 0.272 0.666 0.658
23.560 0 0.453 0.272 0.667 0.653
23.600 0 0.447 0.269 0.659 0.647
23.640 0 0.450 0.261 0.661 0.636
23.680 0 0.456 0.256 0.664 0.625
23.720 0 0.458 0.250 0.666 0.617
23.760 0 0.461 0.242 0.667 0.611
23.800 0 0.467 0.239 0.672 0.603
23.840 0 0.475 0.236 0.678 0.597
23.880 0 0.483 0.233 0.683 0.589
23.920 0 0.481 0.231 0.681 0.583
23.960 0 0.486 0.228 0.686 0.583
24.000 0 0.483 0.222 0.684 0.581
24.040 0 0.472 0.219 0.672 0.575
24.080 0 0.473 0.217 0.673 0.572
24.120 0 0.470 0.214 0.669 0.567
24.160 0 0.477 0.203 0.680 0.561
24.200 0 0.486 0.203 0.683 0.553
24.240 0 0.487 0.197 0.684 0.550
24.280 0 0.484 0.194 0.684 0.547
24.320 0 0.481 0.192 0.681 0.547
24.360 0 0.481 0.189 0.680 0.544
24.400 0 0.484 0.186 0.681 0.539
24.440 0 0.486 0.186 0.684 0.536
24.480 0 0.489 0.186 0.688 0.539
24.520 0 0.492 0.192 0.691 0.544
24.560 0 0.494 0.197 0.692 0.550
24.600 0 0.495 0.206 0.692 0.556
24.640 0 0.494 0.214 0.692 0.564
24.680 0 0.491 0.217 0.691 0.572
24.720 0 0.487 0.217 0.692 0.583
24.760 0 0.487 0.222 0.691 0.583
24.800 0 0.486 0.225 0.691 0.589
24.840 0 0.486 0.231 0.688 0.586
24.880 0 0.486 0.228 0.686 0.583
24.920 0 0.484 0.228 0.686 0.586
24.960 0 0.484 0.225 0.688 0.586
25.000 0 0.483 0.222 0.684 0.581
25.040 0 0.484 0.236 0.686 0.597
25.080 0 0.486 0.242 0.684 0.594
25.120 0 0.483 0.242 0.683 0.597
25.160 0 0.483 0.244 0.678 0.594
25.200 0 0.478 0.244 0.678 0.600
25.240 0 0.478 0.247 0.677 0.600
25.280 0 0.478 0.247 0.677 0.600
25.320 0 0.478 0.253 0.675 0.603
25.360 0 0.478 0.256 0.673 0.603
25.400 0 0.475 0.256 0.672 0.606
25.440 0 0.473 0.256 0.669 0.606
25.480 0 0.475 0.256 0.672 0.606
25.520 0 0.469 0.253 0.666 0.606
25.560 0 0.470 0.250 0.669 0.603
25.600 0 0.464 0.247 0.664 0.600
25.640 0 0.470 0.244 0.669 0.594
25.680 0 0.469 0.239 0.667 0.592
25.720 0 0.473 0.228 0.677 0.586
25.760 0 0.473 0.222 0.675 0.581
25.800 0 0.480 0.217 0.681 0.575
25.840 0 0.477 0.214 0.678 0.572
25.880 0 0.483 0.211 0.683 0.567
25.920 0 0.478 0.206 0.680 0.567
25.960 0 0.484 0.208 0.686 0.567
26.000 0 0.483 0.222 0.684 0.581
26.040 0 0.489 0.225 0.689 0.578
26.080 0 0.491 0.228 0.689 0.581
26.120 0 0.489 0.231 0.688 0.581
26.160 0 0.489 0.233 0.684 0.581
26.200 0 0.492 0.239 0.684 0.581
26.240 0 0.491 0.236 0.684 0.581
26.280 0 0.491 0.236 0.683 0.578
26.320 0 0.492 0.236 0.686 0.583
26.360 0 0.491 0.236 0.686 0.583
26.400 0 0.487 0.236 0.686 0.589
26.440 0 0.487 0.239 0.684 0.589
26.480 0 0.484 0.239 0.684 0.592
26.520 0 0.484 0.242 0.683 0.592
26.560 0 0.483 0.239 0.683 0.594
26.600 0 0.483 0.239 0.683 0.594
26.640 0 0.483 0.239 0.683 0.597
26.680 0 0.484 0.242 0.684 0.597
26.720 0 0.483 0.242 0.680 0.594
26.760 0 0.486 0.244 0.686 0.597
26.800 0 0.484 0.244 0.684 0.600
26.840 0 0.484 0.250 0.683 0.603
26.880 0 0.484 0.253 0.683 0.608
26.920 0 0.481 0.256 0.683 0.614
26.960 0 0.480 0.261 0.681 0.617
27.000 0 0.483 0.261 0.684 0.619
27.040 0 0.483 0.256 0.681 0.611
27.080 0 0.481 0.261 0.678 0.611
27.120 0 0.480 0.267 0.677 0.614
27.160 0 0.483 0.272 0.677 0.619
27.200 0 0.483 0.278 0.680 0.625
27.240 0 0.483 0.283 0.678 0.631
27.280 0 0.483 0.289 0.678 0.639
27.320 0 0.483 0.292 0.680 0.642
27.360 0 0.484 0.292 0.680 0.642
27.400 0 0.484 0.292 0.681 0.642
27.440 0 0.484 0.292 0.683 0.644
27.480 0 0.486 0.292 0.684 0.644
27.520 0 0.484 0.294 0.683 0.647
27.560 0 0.484 0.297 0.683 0.650
27.600 0 0.486 0.297 0.684 0.650
27.640 0 0.486 0.297 0.686 0.650
27.680 0 0.487 0.297 0.688 0.656
27.720 0 0.489 0.300 0.689 0.656
27.760 0 0.489 0.300 0.691 0.658
27.800 0 0.489 0.300 0.689 0.656
27.840 0 0.495 0.297 0.695 0.656
27.880 0 0.484 0.294 0.684 0.650
27.920 0 0.489 0.289 0.689 0.644
27.960 0 0.478 0.281 0.678 0.636
28.000 0 0.483 0.261 0.684 0.619
28.040 0 0.481 0.258 0.688 0.625
28.080 0 0.486 0.258 0.691 0.622
28.120 0 0.487 0.256 0.694 0.622
28.160 0 0.491 0.258 0.694 0.617
28.200 0 0.492 0.258 0.695 0.619
28.240 0 0.497 0.258 0.698 0.619
28.280 0 0.494 0.258 0.697 0.619
28.320 0 0.494 0.258 0.700 0.622
28.360 0 0.492 0.258 0.695 0.619
28.400 0 0.497 0.258 0.700 0.619
28.440 0 0.495 0.261 0.697 0.619
28.480 0 0.495 0.264 0.695 0.619
28.520 0 0.497 0.267 0.697 0.622
28.560 0 0.497 0.267 0.697 0.619
28.600 0 0.494 0.269 0.691 0.622
28.640 0 0.497 0.272 0.695 0.622
28.680 0 0.491 0.272 0.689 0.625
28.720 0 0.492 0.272 0.692 0.628
28.760 0 0.487 0.275 0.686 0.628
28.800 0 0.491 0.275 0.688 0.628
28.840 0 0.487 0.275 0.686 0.625
28.880 0 0.487 0.272 0.684 0.625
28.920 0 0.487 0.269 0.684 0.619
28.960 0 0.487 0.264 0.684 0.614
29.000 0 0.483 0.261 0.684 0.619
29.040 0 0.489 0.261 0.677 0.594
29.080 0 0.491 0.264 0.678 0.600
29.120 0 0.487 0.272 0.672 0.597
29.160 0 0.491 0.272 0.677 0.600
29.200 0 0.487 0.264 0.677 0.600
29.240 0 0.494 0.264 0.681 0.594
29.280 0 0.491 0.258 0.678 0.592
29.320 0 0.495 0.258 0.684 0.594
29.360 0 0.492 0.258 0.681 0.597
29.400 0 0.491 0.264 0.677 0.594
29.440 0 0.489 0.264 0.677 0.597
29.480 0 0.480 0.261 0.669 0.597
29.520 0 0.475 0.256 0.670 0.600
29.560 0 0.463 0.250 0.658 0.597
29.600 0 0.453 0.247 0.650 0.597
29.640 0 0.450 0.247 0.647 0.597
29.680 0 0.445 0.247 0.644 0.603
29.720 0 0.452 0.253 0.653 0.611
29.760 0 0.448 0.261 0.650 0.617
29.800 0 0.456 0.261 0.661 0.625
29.840 0 0.447 0.250 0.656 0.625
29.880 0 0.450 0.236 0.662 0.611
29.920 0 0.450 0.228 0.662 0.606
29.960 0 0.456 0.225 0.670 0.603
30.000 0 0.459 0.222 0.661 0.581
30.040 0 0.458 0.219 0.661 0.583
30.080 0 0.464 0.219 0.667 0.583
30.120 0 0.463 0.217 0.664 0.578
30.160 0 0.469 0.217 0.672 0.581
30.200 0 0.469 0.219 0.670 0.578
30.240 0 0.470 0.222 0.673 0.581
30.280 0 0.470 0.225 0.673 0.586
30.320 0 0.472 0.228 0.673 0.589
30.360 0 0.472 0.228 0.675 0.589
30.400 0 0.472 0.231 0.675 0.592
30.440 0 0.472 0.233 0.677 0.597
30.480 0 0.472 0.239 0.677 0.606
30.520 0 0.472 0.247 0.677 0.611
30.560 0 0.472 0.253 0.675 0.614
30.600 0 0.475 0.253 0.677 0.614
30.640 0 0.470 0.250 0.672 0.608
30.680 0 0.477 0.250 0.677 0.606
30.720 0 0.472 0.250 0.673 0.606
30.760 0 0.475 0.250 0.675 0.606
30.800 0 0.473 0.247 0.673 0.606
30.840 0 0.478 0.250 0.678 0.606
30.880 0 0.473 0.244 0.675 0.600
30.920 0 0.481 0.239 0.680 0.592
30.960 0 0.481 0.236 0.677 0.586
31.000 0 0.483 0.222 0.684 0.581
31.040 0 0.489 0.208 0.692 0.569
31.080 0 0.497 0.208 0.697 0.567
31.120 0 0.505 0.203 0.703 0.556
31.160 0 0.511 0.197 0.709 0.553
31.040 1 0.512 0.281 0.666 0.553
31.080 1 0.517 0.278 0.670 0.550
31.120 1 0.527 0.272 0.680 0.547
31.160 1 0.534 0.267 0.688 0.542
31.200 1 0.541 0.261 0.692 0.536
31.240 1 0.548 0.264 0.702 0.539
31.280 1 0.556 0.267 0.709 0.539
31.320 1 0.564 0.272 0.717 0.547
31.360 1 0.567 0.275 0.723 0.556
31.400 1 0.570 0.281 0.730 0.567
31.440 1 0.573 0.289 0.733 0.575
31.480 1 0.580 0.297 0.741 0.586
31.520 1 0.577 0.306 0.741 0.600
31.560 1 0.581 0.317 0.745 0.611
31.600 1 0.580 0.325 0.745 0.622
31.640 1 0.578 0.336 0.747 0.636
31.680 1 0.578 0.347 0.744 0.644
31.720 1 0.575 0.356 0.742 0.656
31.760 1 0.573 0.364 0.741 0.664
31.800 1 0.572 0.369 0.739 0.669
31.840 1 0.567 0.375 0.733 0.672
31.880 1 0.564 0.372 0.731 0.672
31.920 1 0.561 0.369 0.727 0.667
31.960 1 0.556 0.358 0.723 0.658
32.000 1 0.552 0.350 0.719 0.650
32.040 1 0.545 0.325 0.727 0.647
32.080 1 0.536 0.317 0.717 0.639
32.120 1 0.527 0.308 0.708 0.631
32.160 1 0.511 0.297 0.692 0.622
32.200 1 0.497 0.283 0.683 0.617
32.240 1 0.487 0.261 0.689 0.617
32.280 1 0.478 0.256 0.680 0.614
32.320 1 0.463 0.247 0.670 0.614
32.360 1 0.470 0.247 0.677 0.614
32.400 1 0.464 0.247 0.670 0.614
32.440 1 0.467 0.247 0.673 0.614
32.480 1 0.463 0.250 0.667 0.614
32.520 1 0.461 0.250 0.667 0.617
32.560 1 0.461 0.250 0.667 0.617
32.600 1 0.461 0.250 0.669 0.617
32.640 1 0.456 0.244 0.667 0.619
32.680 1 0.464 0.247 0.672 0.617
32.720 1 0.466 0.250 0.673 0.619
32.760 1 0.470 0.256 0.672 0.617
32.800 1 0.472 0.258 0.673 0.617
32.840 1 0.473 0.261 0.675 0.619
32.880 1 0.477 0.261 0.677 0.619
32.920 1 0.473 0.258 0.675 0.617
32.960 1 0.480 0.261 0.681 0.619
33.000 1 0.483 0.261 0.684 0.619
33.040 1 0.489 0.269 0.677 0.606
33.080 1 0.486 0.269 0.675 0.606
33.120 1 0.491 0.269 0.680 0.608
33.160 1 0.487 0.269 0.678 0.608
33.200 1 0.489 0.272 0.675 0.608
33.240 1 0.486 0.272 0.675 0.608
33.280 1 0.484 0.275 0.670 0.608
33.320 1 0.487 0.278 0.673 0.608
33.360 1 0.486 0.272 0.673 0.608
33.400 1 0.478 0.272 0.667 0.608
33.440 1 0.481 0.272 0.670 0.611
33.480 1 0.477 0.275 0.666 0.611
33.520 1 0.480 0.275 0.669 0.611
33.560 1 0.478 0.275 0.666 0.611
33.600 1 0.480 0.275 0.667 0.611
33.640 1 0.483 0.278 0.667 0.608
33.680 1 0.484 0.278 0.670 0.608
33.720 1 0.494 0.278 0.678 0.606
33.760 1 0.492 0.281 0.675 0.606
33.800 1 0.502 0.283 0.683 0.608
33.840 1 0.505 0.286 0.686 0.614
33.880 1 0.509 0.292 0.692 0.619
33.920 1 0.506 0.300 0.691 0.628
33.960 1 0.509 0.306 0.694 0.633
34.000 1 0.514 0.317 0.681 0.617
34.040 1 0.505 0.303 0.692 0.636
34.080 1 0.500 0.297 0.688 0.631
34.120 1 0.503 0.294 0.689 0.628
34.160 1 0.495 0.289 0.684 0.625
34.200 1 0.497 0.283 0.686 0.622
34.240 1 0.489 0.281 0.680 0.622
34.280 1 0.486 0.278 0.677 0.617
34.320 1 0.478 0.269 0.670 0.611
34.360 1 0.477 0.261 0.669 0.606
34.400 1 0.467 0.253 0.661 0.600
34.440 1 0.466 0.250 0.659 0.597
34.480 1 0.464 0.250 0.656 0.594
34.520 1 0.464 0.250 0.658 0.594
34.560 1 0.466 0.250 0.661 0.597
34.600 1 0.466 0.250 0.661 0.600
34.640 1 0.464 0.250 0.661 0.600
34.680 1 0.464 0.247 0.661 0.600
34.720 1 0.464 0.247 0.659 0.597
34.760 1 0.463 0.247 0.658 0.594
34.800 1 0.463 0.244 0.661 0.600
34.840 1 0.463 0.250 0.658 0.600
34.880 1 0.464 0.253 0.661 0.603
34.920 1 0.461 0.258 0.655 0.603
34.960 1 0.464 0.258 0.659 0.606
35.000 1 0.459 0.261 0.661 0.619
35.040 1 0.466 0.258 0.667 0.617
35.080 1 0.464 0.258 0.666 0.619
35.120 1 0.463 0.261 0.666 0.619
35.160 1 0.463 0.261 0.664 0.622
35.200 1 0.461 0.261 0.664 0.622
35.240 1 0.456 0.258 0.662 0.625
35.280 1 0.459 0.258 0.664 0.625
35.320 1 0.453 0.261 0.658 0.625
35.360 1 0.458 0.267 0.666 0.633
35.400 1 0.458 0.275 0.664 0.642
35.440 1 0.456 0.275 0.662 0.642
35.480 1 0.464 0.278 0.666 0.639
35.520 1 0.463 0.278 0.664 0.636
35.560 1 0.469 0.275 0.673 0.639
35.600 1 0.458 0.272 0.664 0.639
35.640 1 0.464 0.269 0.670 0.639
35.680 1 0.452 0.269 0.658 0.636
35.720 1 0.450 0.267 0.658 0.636
35.760 1 0.452 0.272 0.655 0.633
35.800 1 0.450 0.272 0.656 0.639
35.840 1 0.450 0.275 0.659 0.644
35.880 1 0.450 0.281 0.655 0.644
35.920 1 0.450 0.281 0.655 0.642
35.960 1 0.452 0.275 0.656 0.636
36.000 1 0.459 0.261 0.661 0.619
36.040 1 0.463 0.253 0.662 0.606
36.080 1 0.467 0.247 0.664 0.597
36.120 1 0.469 0.239 0.669 0.594
36.160 1 0.473 0.236 0.670 0.586
36.200 1 0.475 0.231 0.673 0.581
36.240 1 0.480 0.225 0.675 0.572
36.280 1 0.484 0.222 0.680 0.567
36.320 1 0.489 0.214 0.681 0.556
36.360 1 0.494 0.211 0.683 0.547
36.400 1 0.497 0.211 0.684 0.544
36.440 1 0.497 0.208 0.686 0.547
36.480 1 0.497 0.214 0.688 0.553
36.520 1 0.497 0.219 0.689 0.561
36.560 1 0.498 0.228 0.691 0.572
36.600 1 0.495 0.236 0.686 0.575
36.640 1 0.497 0.247 0.686 0.583
36.680 1 0.492 0.256 0.681 0.592
36.720 1 0.497 0.264 0.683 0.594
36.760 1 0.489 0.264 0.680 0.603
36.800 1 0.492 0.269 0.683 0.608
36.840 1 0.487 0.272 0.677 0.608
36.880 1 0.491 0.272 0.680 0.611
36.920 1 0.489 0.269 0.680 0.608
36.960 1 0.489 0.267 0.681 0.608
37.000 1 0.483 0.261 0.684 0.619
37.040 1 0.478 0.261 0.678 0.617
37.080 1 0.483 0.264 0.683 0.619
37.120 1 0.478 0.269 0.680 0.628
37.160 1 0.481 0.278 0.684 0.636
37.200 1 0.473 0.283 0.678 0.650
37.240 1 0.472 0.292 0.677 0.656
37.280 1 0.467 0.292 0.675 0.661
37.320 1 0.464 0.292 0.672 0.661
37.360 1 0.463 0.289 0.669 0.656
37.400 1 0.461 0.286 0.667 0.653
37.440 1 0.459 0.283 0.664 0.650
37.480 1 0.458 0.283 0.662 0.647
37.520 1 0.456 0.283 0.661 0.644
37.560 1 0.448 0.281 0.653 0.642
37.600 1 0.450 0.272 0.655 0.633
37.640 1 0.445 0.264 0.648 0.628
37.680 1 0.448 0.256 0.653 0.622
37.720 1 0.453 0.256 0.658 0.619
37.760 1 0.452 0.258 0.656 0.622
37.800 1 0.458 0.264 0.662 0.628
37.840 1 0.455 0.269 0.662 0.639
37.880 1 0.455 0.275 0.656 0.633
37.920 1 0.459 0.269 0.664 0.633
37.960 1 0.456 0.264 0.661 0.631
38.000 1 0.459 0.261 0.661 0.619
38.040 1 0.458 0.275 0.653 0.622
38.080 1 0.455 0.272 0.650 0.619
38.120 1 0.461 0.272 0.655 0.619
38.160 1 0.456 0.269 0.652 0.617
38.200 1 0.463 0.269 0.656 0.614
38.240 1 0.459 0.267 0.653 0.611
38.280 1 0.464 0.267 0.658 0.611
38.320 1 0.461 0.264 0.655 0.608
38.360 1 0.466 0.264 0.659 0.606
38.400 1 0.463 0.258 0.656 0.606
38.440 1 0.467 0.258 0.662 0.606
38.480 1 0.464 0.256 0.659 0.603
38.520 1 0.469 0.256 0.664 0.603
38.560 1 0.467 0.253 0.662 0.603
38.600 1 0.472 0.256 0.667 0.603
38.640 1 0.470 0.253 0.667 0.603
38.680 1 0.470 0.253 0.670 0.606
38.720 1 0.470 0.253 0.672 0.611
38.760 1 0.472 0.253 0.673 0.614
38.800 1 0.467 0.258 0.669 0.617
38.840 1 0.470 0.264 0.672 0.622
38.880 1 0.469 0.272 0.669 0.628
38.920 1 0.467 0.278 0.666 0.631
38.960 1 0.470 0.289 0.669 0.642
39.000 1 0.459 0.303 0.661 0.661
39.040 1 0.472 0.300 0.666 0.644
39.080 1 0.473 0.300 0.669 0.650
39.120 1 0.469 0.303 0.662 0.647
39.160 1 0.473 0.303 0.669 0.647
39.200 1 0.464 0.300 0.658 0.644
39.240 1 0.463 0.297 0.656 0.642
39.280 1 0.466 0.283 0.658 0.625
39.320 1 0.467 0.289 0.655 0.622
39.360 1 0.461 0.289 0.650 0.625
39.400 1 0.463 0.294 0.652 0.633
39.440 1 0.464 0.300 0.655 0.639
39.480 1 0.467 0.300 0.658 0.639
39.520 1 0.466 0.292 0.658 0.633
39.560 1 0.472 0.283 0.664 0.625
39.600 1 0.472 0.269 0.669 0.617
39.640 1 0.473 0.258 0.672 0.611
39.680 1 0.473 0.239 0.675 0.597
39.720 1 0.483 0.242 0.678 0.589
39.760 1 0.481 0.239 0.673 0.581
39.800 1 0.484 0.228 0.681 0.581
39.840 1 0.483 0.231 0.675 0.575
39.880 1 0.483 0.222 0.684 0.581
39.920 1 0.483 0.222 0.684 0.581
39.960 1 0.483 0.214 0.694 0.589
40.000 1 0.483 0.222 0.684 0.581
40.040 1 0.478 0.236 0.680 0.594
40.080 1 0.480 0.242 0.678 0.592
40.120 1 0.477 0.239 0.678 0.597
40.160 1 0.478 0.244 0.675 0.597
40.200 1 0.477 0.244 0.675 0.600
40.240 1 0.477 0.247 0.673 0.597
40.280 1 0.475 0.247 0.673 0.600
40.320 1 0.475 0.253 0.672 0.603
40.360 1 0.472 0.250 0.672 0.603
40.400 1 0.472 0.253 0.670 0.603
40.440 1 0.472 0.253 0.669 0.606
40.480 1 0.470 0.253 0.669 0.606
40.520 1 0.469 0.253 0.666 0.606
40.560 1 0.475 0.253 0.673 0.606
40.600 1 0.469 0.253 0.666 0.603
40.640 1 0.473 0.256 0.672 0.608
40.680 1 0.472 0.256 0.670 0.611
40.720 1 0.470 0.258 0.667 0.611
40.760 1 0.473 0.258 0.672 0.611
40.800 1 0.469 0.261 0.666 0.614
40.840 1 0.472 0.264 0.670 0.617
40.880 1 0.467 0.269 0.664 0.619
40.920 1 0.469 0.272 0.669 0.628
40.960 1 0.463 0.278 0.662 0.631
41.000 1 0.459 0.303 0.661 0.661
41.040 1 0.450 0.297 0.658 0.664
41.080 1 0.448 0.303 0.656 0.672
41.120 1 0.448 0.314 0.656 0.683
41.160 1 0.447 0.319 0.653 0.686
41.200 1 0.445 0.325 0.652 0.692
41.240 1 0.444 0.325 0.650 0.692
41.280 1 0.445 0.322 0.650 0.686
41.320 1 0.445 0.317 0.650 0.681
41.360 1 0.447 0.311 0.652 0.675
41.400 1 0.448 0.303 0.653 0.667
41.440 1 0.450 0.297 0.656 0.664
41.480 1 0.456 0.289 0.658 0.650
41.520 1 0.455 0.283 0.655 0.642
41.560 1 0.463 0.281 0.661 0.633
41.600 1 0.459 0.278 0.658 0.631
41.640 1 0.466 0.275 0.664 0.625
41.680 1 0.463 0.269 0.661 0.622
41.720 1 0.469 0.261 0.669 0.617
41.760 1 0.464 0.256 0.666 0.611
41.800 1 0.469 0.253 0.670 0.608
41.840 1 0.466 0.247 0.666 0.603
41.880 1 0.467 0.244 0.669 0.600
41.920 1 0.466 0.239 0.666 0.594
41.960 1 0.467 0.239 0.664 0.589
42.000 1 0.459 0.222 0.661 0.581
42.040 1 0.448 0.225 0.667 0.614
42.080 1 0.453 0.231 0.670 0.617
42.120 1 0.447 0.242 0.662 0.625
42.160 1 0.448 0.250 0.664 0.633
42.200 1 0.450 0.264 0.661 0.639
42.240 1 0.445 0.272 0.656 0.647
42.280 1 0.447 0.275 0.659 0.653
42.320 1 0.442 0.272 0.655 0.650
42.360 1 0.445 0.269 0.658 0.644
42.400 1 0.441 0.267 0.652 0.642
42.440 1 0.445 0.267 0.653 0.636
42.480 1 0.439 0.267 0.645 0.633
42.520 1 0.442 0.267 0.645 0.628
42.560 1 0.434 0.261 0.637 0.622
42.600 1 0.434 0.256 0.641 0.622
42.640 1 0.427 0.256 0.633 0.622
42.680 1 0.420 0.258 0.627 0.625
42.720 1 0.428 0.292 0.620 0.633
42.760 1 0.420 0.294 0.616 0.642
42.800 1 0.430 0.300 0.627 0.650
42.840 1 0.428 0.306 0.619 0.644
42.880 1 0.431 0.300 0.623 0.639
42.920 1 0.430 0.283 0.628 0.633
42.960 1 0.431 0.269 0.631 0.628
43.000 1 0.438 0.261 0.639 0.619
43.040 1 0.441 0.258 0.642 0.614
43.080 1 0.442 0.258 0.644 0.617
43.120 1 0.445 0.261 0.644 0.614
43.160 1 0.447 0.264 0.644 0.614
43.200 1 0.455 0.261 0.652 0.611
43.240 1 0.458 0.258 0.655 0.608
43.280 1 0.459 0.256 0.656 0.606
43.320 1 0.459 0.253 0.661 0.608
43.360 1 0.459 0.256 0.659 0.611
43.400 1 0.459 0.258 0.659 0.614
43.440 1 0.461 0.264 0.661 0.619
43.480 1 0.458 0.272 0.655 0.622
43.520 1 0.463 0.275 0.658 0.625
43.560 1 0.458 0.278 0.653 0.625
43.600 1 0.461 0.278 0.656 0.625
43.640 1 0.458 0.275 0.653 0.622
43.680 1 0.459 0.278 0.653 0.625
43.720 1 0.458 0.278 0.650 0.622
43.760 1 0.461 0.272 0.659 0.625
43.800 1 0.459 0.269 0.656 0.619
43.840 1 0.461 0.267 0.659 0.619
43.880 1 0.459 0.267 0.656 0.617
43.920 1 0.463 0.264 0.661 0.619
43.960 1 0.458 0.264 0.656 0.619
44.000 1 0.459 0.261 0.661 0.619
44.040 1 0.461 0.247 0.666 0.611
44.080 1 0.461 0.247 0.667 0.614
44.120 1 0.461 0.247 0.669 0.617
44.160 1 0.463 0.250 0.669 0.617
44.200 1 0.463 0.250 0.669 0.617
44.240 1 0.464 0.250 0.670 0.617
44.280 1 0.464 0.250 0.670 0.617
44.320 1 0.467 0.253 0.670 0.614
44.360 1 0.469 0.256 0.670 0.617
44.400 1 0.469 0.258 0.670 0.617
44.440 1 0.470 0.258 0.672 0.617
44.480 1 0.472 0.261 0.672 0.617
44.520 1 0.473 0.261 0.672 0.617
44.560 1 0.475 0.264 0.672 0.617
44.600 1 0.477 0.269 0.672 0.617
44.640 1 0.477 0.272 0.672 0.619
44.680 1 0.478 0.275 0.673 0.619
44.720 1 0.477 0.272 0.672 0.622
44.760 1 0.483 0.275 0.678 0.619
44.800 1 0.478 0.269 0.677 0.622
44.840 1 0.484 0.269 0.681 0.619
44.880 1 0.483 0.269 0.677 0.617
44.920 1 0.484 0.272 0.678 0.619
44.960 1 0.486 0.278 0.680 0.619
45.000 1 0.483 0.261 0.684 0.619
45.040 1 0.477 0.258 0.680 0.619
45.080 1 0.486 0.258 0.691 0.622
51.080 2 0.606 0.283 0.739 0.519
51.120 2 0.614 0.283 0.747 0.517
51.160 2 0.631 0.275 0.762 0.508
51.200 2 0.647 0.261 0.778 0.494
51.240 2 0.658 0.250 0.787 0.483
51.280 2 0.662 0.247 0.792 0.481
51.320 2 0.666 0.244 0.797 0.478
51.360 2 0.664 0.253 0.795 0.483
51.400 2 0.656 0.250 0.794 0.492
51.440 2 0.650 0.256 0.786 0.497
51.480 2 0.650 0.272 0.783 0.508
51.520 2 0.650 0.281 0.780 0.514
51.560 2 0.648 0.294 0.778 0.525
51.600 2 0.650 0.308 0.781 0.544
51.640 2 0.648 0.322 0.778 0.556
51.680 2 0.642 0.328 0.775 0.564
51.720 2 0.639 0.308 0.777 0.550
51.760 2 0.633 0.286 0.772 0.533
51.800 2 0.627 0.275 0.767 0.525
51.840 2 0.620 0.272 0.759 0.519
51.880 2 0.613 0.269 0.752 0.517
51.920 2 0.613 0.267 0.750 0.514
51.960 2 0.609 0.264 0.750 0.511
52.000 2 0.614 0.264 0.755 0.514
52.040 2 0.611 0.267 0.756 0.525
52.080 2 0.609 0.269 0.755 0.531
52.120 2 0.609 0.275 0.753 0.531
52.160 2 0.609 0.283 0.752 0.536
52.200 2 0.617 0.294 0.758 0.547
52.240 2 0.619 0.303 0.762 0.561
52.280 2 0.634 0.317 0.780 0.578
52.320 2 0.648 0.322 0.795 0.583
52.360 2 0.662 0.308 0.809 0.572
52.400 2 0.677 0.275 0.822 0.536
52.440 2 0.681 0.247 0.828 0.511
52.480 2 0.688 0.236 0.833 0.497
52.520 2 0.689 0.222 0.833 0.483
52.560 2 0.691 0.214 0.836 0.472
52.600 2 0.686 0.214 0.830 0.472
52.640 2 0.681 0.217 0.825 0.475
52.680 2 0.677 0.228 0.820 0.489
52.720 2 0.678 0.244 0.822 0.500
52.760 2 0.681 0.258 0.823 0.517
52.800 2 0.689 0.272 0.834 0.533
52.840 2 0.697 0.283 0.842 0.547
52.880 2 0.703 0.297 0.848 0.558
52.920 2 0.706 0.311 0.850 0.569
52.960 2 0.708 0.325 0.847 0.575
53.000 2 0.708 0.319 0.847 0.569
53.040 2 0.708 0.311 0.838 0.544
53.080 2 0.708 0.311 0.836 0.544
53.120 2 0.702 0.314 0.830 0.542
53.160 2 0.694 0.314 0.822 0.544
53.200 2 0.689 0.314 0.816 0.542
53.240 2 0.683 0.317 0.808 0.544
53.280 2 0.686 0.325 0.803 0.536
53.320 2 0.677 0.336 0.794 0.547
53.360 2 0.664 0.339 0.786 0.558
53.400 2 0.658 0.356 0.775 0.567
53.440 2 0.653 0.367 0.772 0.578
53.480 2 0.655 0.383 0.772 0.594
53.520 2 0.653 0.403 0.772 0.617
53.560 2 0.650 0.414 0.772 0.633
53.600 2 0.658 0.400 0.778 0.614
53.640 2 0.664 0.375 0.786 0.594
53.680 2 0.670 0.364 0.792 0.583
53.720 2 0.675 0.342 0.797 0.561
53.760 2 0.675 0.314 0.798 0.533
53.800 2 0.670 0.292 0.794 0.514
53.840 2 0.673 0.286 0.794 0.503
53.880 2 0.667 0.281 0.787 0.497
53.920 2 0.659 0.281 0.783 0.503
53.960 2 0.655 0.294 0.777 0.514
54.000 2 0.655 0.311 0.770 0.519
54.040 2 0.653 0.328 0.769 0.536
54.080 2 0.650 0.356 0.769 0.569
54.120 2 0.652 0.386 0.766 0.589
54.160 2 0.648 0.403 0.761 0.606
54.200 2 0.637 0.400 0.750 0.603
54.240 2 0.628 0.383 0.742 0.586
54.280 2 0.625 0.364 0.738 0.567
54.320 2 0.617 0.344 0.733 0.550
54.360 2 0.617 0.325 0.730 0.528
54.400 2 0.619 0.314 0.731 0.517
54.440 2 0.617 0.289 0.730 0.492
54.480 2 0.619 0.272 0.731 0.475
54.520 2 0.622 0.256 0.736 0.461
54.560 2 0.617 0.253 0.731 0.458
54.600 2 0.617 0.253 0.734 0.461
54.640 2 0.617 0.261 0.731 0.469
54.680 2 0.619 0.272 0.733 0.478
54.720 2 0.622 0.286 0.738 0.494
54.760 2 0.637 0.303 0.755 0.514
54.800 2 0.650 0.289 0.767 0.503
52.840 3 0.333 0.017 0.534 0.375
52.880 3 0.323 0.000 0.528 0.364
52.920 3 0.325 -0.008 0.527 0.353
52.960 3 0.320 -0.011 0.523 0.350
53.000 3 0.309 -0.011 0.512 0.350
53.040 3 0.297 -0.008 0.502 0.356
53.080 3 0.286 0.003 0.491 0.367
53.120 3 0.278 0.022 0.483 0.389
53.160 3 0.267 0.036 0.472 0.400
53.200 3 0.256 0.056 0.461 0.419
53.240 3 0.239 0.067 0.445 0.433
53.280 3 0.233 0.081 0.438 0.444
53.320 3 0.220 0.078 0.427 0.442
53.360 3 0.206 0.058 0.412 0.428
53.400 3 0.197 0.039 0.402 0.403
53.440 3 0.192 0.017 0.397 0.378
53.480 3 0.191 -0.006 0.394 0.356
53.520 3 0.192 -0.019 0.397 0.342
53.560 3 0.189 -0.028 0.394 0.336
53.600 3 0.181 -0.044 0.388 0.322
53.640 3 0.188 -0.053 0.394 0.314
53.680 3 0.186 -0.042 0.392 0.325
53.720 3 0.181 -0.033 0.384 0.328
53.760 3 0.175 -0.025 0.378 0.333
53.800 3 0.180 0.003 0.380 0.358
53.840 3 0.177 0.014 0.378 0.372
53.880 3 0.186 0.033 0.386 0.389
53.920 3 0.189 0.050 0.391 0.408
53.960 3 0.188 0.058 0.389 0.417
54.000 3 0.191 0.064 0.392 0.422
54.040 3 0.194 0.069 0.395 0.428
54.080 3 0.195 0.072 0.398 0.431
54.120 3 0.200 0.072 0.400 0.431
54.160 3 0.200 0.069 0.398 0.422
54.200 3 0.198 0.050 0.397 0.403
54.240 3 0.186 0.036 0.381 0.386
54.280 3 0.186 0.033 0.381 0.381
54.320 3 0.178 0.036 0.375 0.383
54.360 3 0.177 0.050 0.372 0.394
54.400 3 0.175 0.072 0.369 0.417
54.440 3 0.177 0.097 0.372 0.444
54.480 3 0.175 0.125 0.370 0.472
54.520 3 0.169 0.153 0.362 0.497
54.560 3 0.163 0.164 0.356 0.511
54.600 3 0.152 0.161 0.345 0.506
54.640 3 0.153 0.150 0.348 0.494
54.680 3 0.148 0.139 0.341 0.481
54.720 3 0.155 0.122 0.348 0.464
54.760 3 0.167 0.119 0.358 0.458
54.800 3 0.172 0.092 0.366 0.433
54.840 3 0.178 0.072 0.372 0.417
54.880 3 0.191 0.061 0.381 0.403
54.920 3 0.200 0.044 0.394 0.389
54.960 3 0.206 0.056 0.398 0.397
55.000 3 0.214 0.069 0.406 0.411
55.040 3 0.220 0.097 0.412 0.439
55.080 3 0.228 0.133 0.419 0.475
55.120 3 0.239 0.167 0.430 0.508
55.160 3 0.255 0.197 0.447 0.539
55.200 3 0.270 0.219 0.464 0.564
55.240 3 0.291 0.236 0.483 0.578
54.240 4 0.605 0.361 0.748 0.617
54.280 4 0.600 0.339 0.744 0.594
54.320 4 0.591 0.322 0.734 0.578
54.360 4 0.592 0.306 0.736 0.561
54.400 4 0.594 0.286 0.736 0.539
54.440 4 0.597 0.267 0.738 0.519
54.480 4 0.598 0.247 0.739 0.500
54.520 4 0.600 0.236 0.741 0.486
54.560 4 0.600 0.231 0.741 0.481
54.600 4 0.600 0.231 0.741 0.481
54.640 4 0.605 0.242 0.744 0.489
54.680 4 0.605 0.250 0.747 0.503
54.720 4 0.606 0.264 0.748 0.517
54.760 4 0.620 0.278 0.762 0.531
54.800 4 0.637 0.275 0.773 0.517
54.840 4 0.650 0.261 0.787 0.506
54.880 4 0.664 0.242 0.802 0.486
54.920 4 0.673 0.214 0.814 0.464
54.960 4 0.675 0.194 0.816 0.444
55.000 4 0.677 0.181 0.817 0.431
55.040 4 0.675 0.181 0.816 0.431
55.080 4 0.670 0.189 0.811 0.439
55.120 4 0.677 0.203 0.817 0.453
55.160 4 0.678 0.222 0.819 0.472
55.200 4 0.686 0.244 0.827 0.497
55.240 4 0.691 0.269 0.833 0.522
55.280 4 0.698 0.300 0.841 0.550
55.320 4 0.702 0.325 0.845 0.581
55.360 4 0.708 0.350 0.850 0.603
55.400 4 0.720 0.356 0.866 0.611
55.440 4 0.722 0.356 0.866 0.614
55.480 4 0.733 0.347 0.878 0.606
55.520 4 0.742 0.347 0.891 0.611
55.560 4 0.753 0.339 0.902 0.603
55.600 4 0.772 0.331 0.920 0.594
55.640 4 0.794 0.328 0.942 0.592
55.680 4 0.811 0.336 0.959 0.600
55.720 4 0.831 0.347 0.983 0.617
54.960 5 0.592 0.297 0.659 0.419
55.000 5 0.588 0.300 0.655 0.419
55.040 5 0.584 0.308 0.652 0.428
55.880 6 0.550 0.258 0.852 0.794
55.920 6 0.573 0.264 0.877 0.800
55.960 6 0.592 0.264 0.889 0.789
56.000 6 0.631 0.264 0.922 0.778
56.040 6 0.664 0.242 0.959 0.767
56.080 6 0.689 0.217 0.994 0.756
56.120 6 0.733 0.208 1.039 0.753
56.160 6 0.780 0.197 1.080 0.728
59.080 7 0.495 0.186 0.702 0.553
59.120 7 0.497 0.189 0.702 0.553
59.160 7 0.498 0.192 0.702 0.556
59.200 7 0.503 0.197 0.706 0.558
59.240 7 0.495 0.203 0.703 0.572
59.280 7 0.500 0.208 0.708 0.578
59.320 7 0.494 0.214 0.703 0.589
59.360 7 0.497 0.222 0.708 0.597
59.400 7 0.497 0.231 0.708 0.606
59.440 7 0.495 0.242 0.705 0.611
59.480 7 0.494 0.258 0.702 0.628
59.520 7 0.492 0.269 0.698 0.636
59.560 7 0.486 0.275 0.691 0.639
59.600 7 0.484 0.272 0.689 0.636
59.640 7 0.483 0.269 0.688 0.633
59.680 7 0.483 0.269 0.688 0.633
59.720 7 0.481 0.267 0.686 0.631
59.760 7 0.481 0.264 0.684 0.628
59.800 7 0.480 0.261 0.684 0.625
59.840 7 0.481 0.264 0.683 0.622
59.880 7 0.478 0.264 0.677 0.617
59.920 7 0.483 0.264 0.683 0.617
59.960 7 0.480 0.264 0.677 0.614
60.000 7 0.483 0.261 0.684 0.619
60.040 7 0.491 0.278 0.680 0.614
60.080 7 0.491 0.281 0.675 0.608
60.120 7 0.491 0.278 0.675 0.608
60.160 7 0.489 0.278 0.675 0.606
60.200 7 0.487 0.275 0.673 0.603
60.240 7 0.491 0.269 0.678 0.603
60.280 7 0.489 0.269 0.675 0.600
60.320 7 0.492 0.264 0.681 0.600
60.360 7 0.491 0.261 0.678 0.597
60.400 7 0.495 0.258 0.683 0.594
60.440 7 0.491 0.256 0.680 0.592
60.480 7 0.495 0.253 0.686 0.592
60.520 7 0.492 0.253 0.684 0.592
60.560 7 0.494 0.253 0.686 0.594
60.600 7 0.489 0.253 0.681 0.597
60.640 7 0.491 0.256 0.684 0.600
60.680 7 0.481 0.258 0.680 0.608
60.720 7 0.478 0.261 0.678 0.617
60.760 7 0.472 0.264 0.673 0.622
60.800 7 0.464 0.269 0.667 0.631
60.840 7 0.455 0.272 0.662 0.642
60.880 7 0.447 0.278 0.656 0.647
60.920 7 0.441 0.281 0.652 0.656
60.960 7 0.433 0.283 0.647 0.664
61.000 7 0.438 0.303 0.639 0.661
61.040 7 0.427 0.283 0.634 0.653
61.080 7 0.425 0.283 0.633 0.653
61.120 7 0.431 0.281 0.639 0.647
61.160 7 0.431 0.275 0.637 0.644
61.200 7 0.441 0.275 0.644 0.639
61.240 7 0.444 0.272 0.647 0.633
61.280 7 0.455 0.269 0.655 0.628
61.320 7 0.464 0.267 0.667 0.628
61.360 7 0.472 0.267 0.675 0.628
61.400 7 0.478 0.267 0.683 0.631
61.440 7 0.491 0.272 0.694 0.633
61.480 7 0.492 0.278 0.697 0.642
61.520 7 0.503 0.283 0.708 0.644
61.560 7 0.506 0.286 0.709 0.647
61.600 7 0.506 0.286 0.709 0.650
61.640 7 0.512 0.286 0.717 0.650
61.680 7 0.509 0.283 0.714 0.647
61.720 7 0.512 0.283 0.714 0.644
61.760 7 0.514 0.286 0.716 0.642
61.800 7 0.505 0.283 0.706 0.642
61.840 7 0.511 0.283 0.713 0.642
61.880 7 0.502 0.283 0.702 0.642
61.920 7 0.500 0.283 0.698 0.636
61.960 7 0.492 0.281 0.689 0.633
62.000 7 0.483 0.261 0.684 0.619
62.040 7 0.491 0.261 0.689 0.614
62.080 7 0.483 0.256 0.683 0.608
62.120 7 0.484 0.250 0.684 0.606
62.160 7 0.480 0.250 0.680 0.606
62.200 7 0.486 0.253 0.681 0.600
62.240 7 0.484 0.253 0.681 0.600
62.280 7 0.486 0.253 0.681 0.603
62.320 7 0.486 0.256 0.683 0.603
62.360 7 0.484 0.258 0.681 0.606
62.400 7 0.484 0.258 0.681 0.606
62.440 7 0.483 0.256 0.680 0.606
62.480 7 0.484 0.256 0.681 0.606
62.520 7 0.480 0.258 0.677 0.608
62.560 7 0.483 0.258 0.681 0.611
62.600 7 0.475 0.256 0.673 0.608
62.640 7 0.484 0.261 0.680 0.611
62.680 7 0.480 0.258 0.678 0.611
62.720 7 0.480 0.258 0.677 0.611
62.760 7 0.480 0.258 0.680 0.614
62.800 7 0.473 0.253 0.675 0.611
62.840 7 0.477 0.253 0.678 0.611
62.880 7 0.472 0.250 0.678 0.617
62.920 7 0.478 0.258 0.680 0.617
62.960 7 0.473 0.258 0.677 0.617
63.000 7 0.483 0.261 0.684 0.619
63.040 7 0.486 0.281 0.678 0.622
63.080 7 0.480 0.278 0.672 0.619
63.120 7 0.487 0.281 0.678 0.619
63.160 7 0.483 0.275 0.678 0.619
63.200 7 0.487 0.272 0.686 0.625
63.240 7 0.484 0.269 0.688 0.628
63.280 7 0.486 0.269 0.688 0.631
63.320 7 0.486 0.272 0.689 0.633
63.360 7 0.486 0.272 0.689 0.633
63.400 7 0.486 0.272 0.689 0.631
63.440 7 0.486 0.272 0.688 0.631
63.480 7 0.484 0.269 0.686 0.628
63.520 7 0.483 0.269 0.686 0.631
63.560 7 0.480 0.264 0.686 0.633
63.600 7 0.477 0.261 0.686 0.631
63.640 7 0.477 0.256 0.684 0.625
63.680 7 0.475 0.250 0.683 0.619
63.720 7 0.473 0.247 0.681 0.614
63.760 7 0.473 0.244 0.681 0.614
63.800 7 0.467 0.250 0.673 0.617
63.840 7 0.470 0.258 0.673 0.619
63.880 7 0.463 0.258 0.666 0.619
63.920 7 0.466 0.258 0.669 0.619
63.960 7 0.466 0.256 0.666 0.614
64.000 7 0.459 0.261 0.661 0.619
64.040 7 0.464 0.253 0.664 0.611
64.080 7 0.459 0.250 0.662 0.611
64.120 7 0.450 0.253 0.659 0.625
64.160 7 0.444 0.258 0.655 0.636
64.200 7 0.433 0.258 0.652 0.647
64.240 7 0.428 0.261 0.647 0.650
64.280 7 0.436 0.261 0.653 0.647
64.320 7 0.436 0.261 0.650 0.642
64.360 7 0.444 0.264 0.656 0.639
64.400 7 0.442 0.264 0.652 0.636
64.440 7 0.447 0.264 0.658 0.639
64.480 7 0.445 0.267 0.655 0.636
64.520 7 0.447 0.264 0.655 0.636
64.560 7 0.448 0.269 0.653 0.633
64.600 7 0.450 0.267 0.655 0.631
64.640 7 0.450 0.267 0.655 0.631
64.680 7 0.452 0.267 0.655 0.628
64.720 7 0.455 0.267 0.655 0.625
64.760 7 0.458 0.272 0.653 0.619
64.800 7 0.458 0.267 0.658 0.622
64.840 7 0.459 0.267 0.659 0.622
64.880 7 0.458 0.267 0.658 0.625
64.920 7 0.456 0.267 0.656 0.625
64.960 7 0.456 0.272 0.653 0.622
65.000 7 0.459 0.261 0.661 0.619
65.040 7 0.456 0.269 0.652 0.617
65.080 7 0.461 0.272 0.656 0.617
65.120 7 0.456 0.267 0.653 0.619
65.160 7 0.463 0.269 0.658 0.617
65.200 7 0.459 0.267 0.656 0.617
65.240 7 0.464 0.261 0.662 0.614
65.280 7 0.463 0.256 0.659 0.606
65.320 7 0.469 0.250 0.667 0.603
65.360 7 0.467 0.247 0.662 0.594
65.400 7 0.472 0.242 0.669 0.594
65.440 7 0.469 0.242 0.666 0.592
65.480 7 0.473 0.239 0.672 0.592
65.520 7 0.472 0.239 0.669 0.589
65.560 7 0.472 0.239 0.669 0.589
65.600 7 0.469 0.242 0.666 0.592
65.640 7 0.473 0.244 0.669 0.592
65.680 7 0.467 0.244 0.666 0.594
65.720 7 0.472 0.247 0.667 0.597
65.760 7 0.466 0.253 0.661 0.600
65.800 7 0.467 0.256 0.664 0.606
65.840 7 0.463 0.264 0.658 0.608
65.880 7 0.466 0.258 0.664 0.611
65.920 7 0.461 0.258 0.659 0.611
65.960 7 0.467 0.258 0.666 0.611
66.000 7 0.459 0.261 0.661 0.619
66.040 7 0.456 0.261 0.659 0.622
66.080 7 0.461 0.261 0.664 0.622
66.120 7 0.459 0.258 0.664 0.622
66.160 7 0.461 0.258 0.667 0.625
66.200 7 0.463 0.258 0.670 0.628
66.240 7 0.463 0.261 0.672 0.633
66.280 7 0.464 0.261 0.675 0.636
66.320 7 0.461 0.264 0.669 0.633
66.360 7 0.463 0.264 0.670 0.636
66.400 7 0.463 0.264 0.673 0.639
66.440 7 0.459 0.269 0.666 0.636
66.480 7 0.459 0.267 0.672 0.642
66.520 7 0.461 0.267 0.667 0.636
66.560 7 0.461 0.267 0.667 0.633
66.600 7 0.459 0.267 0.666 0.633
66.640 7 0.459 0.267 0.666 0.633
66.680 7 0.459 0.267 0.666 0.633
66.720 7 0.459 0.267 0.664 0.631
66.760 7 0.459 0.267 0.662 0.628
66.800 7 0.458 0.264 0.661 0.625
66.840 7 0.458 0.264 0.661 0.622
66.880 7 0.458 0.261 0.661 0.622
66.920 7 0.461 0.264 0.661 0.619
66.960 7 0.461 0.258 0.664 0.622
67.000 7 0.459 0.261 0.661 0.619
67.040 7 0.467 0.256 0.664 0.608
67.080 7 0.464 0.256 0.664 0.611
67.120 7 0.466 0.256 0.666 0.611
67.160 7 0.466 0.258 0.666 0.614
67.200 7 0.466 0.261 0.666 0.617
67.240 7 0.467 0.261 0.667 0.619
67.280 7 0.469 0.264 0.670 0.622
67.320 7 0.464 0.267 0.669 0.628
67.360 7 0.466 0.269 0.669 0.631
67.400 7 0.464 0.269 0.666 0.628
67.440 7 0.464 0.261 0.666 0.619
67.480 7 0.466 0.256 0.666 0.614
67.520 7 0.459 0.250 0.656 0.603
67.560 7 0.458 0.250 0.650 0.592
67.600 7 0.448 0.250 0.634 0.583
67.640 7 0.450 0.250 0.637 0.581
67.680 7 0.445 0.253 0.631 0.583
67.720 7 0.452 0.256 0.637 0.586
67.760 7 0.453 0.261 0.641 0.594
67.800 7 0.453 0.267 0.642 0.603
67.840 7 0.459 0.272 0.650 0.611
67.880 7 0.456 0.275 0.648 0.617
67.920 7 0.463 0.275 0.655 0.617
67.960 7 0.461 0.275 0.653 0.617
68.000 7 0.459 0.261 0.661 0.619
68.040 7 0.463 0.264 0.666 0.625
68.080 7 0.458 0.267 0.656 0.619
68.120 7 0.458 0.267 0.659 0.625
68.160 7 0.459 0.261 0.661 0.622
68.200 7 0.459 0.258 0.662 0.622
68.240 7 0.461 0.258 0.664 0.622
68.280 7 0.463 0.258 0.667 0.622
68.320 7 0.461 0.258 0.666 0.619
68.360 7 0.464 0.256 0.669 0.619
68.400 7 0.463 0.256 0.666 0.617
68.440 7 0.463 0.253 0.666 0.617
68.480 7 0.463 0.253 0.667 0.614
68.520 7 0.463 0.250 0.669 0.617
68.560 7 0.466 0.247 0.672 0.617
68.600 7 0.463 0.250 0.670 0.617
68.640 7 0.463 0.250 0.669 0.619
68.680 7 0.463 0.253 0.669 0.619
68.720 7 0.463 0.253 0.670 0.622
68.760 7 0.461 0.253 0.667 0.619
68.800 7 0.466 0.253 0.673 0.622
68.840 7 0.463 0.258 0.670 0.625
68.880 7 0.461 0.264 0.670 0.633
68.920 7 0.459 0.272 0.670 0.647
68.960 7 0.461 0.289 0.661 0.644
69.000 7 0.459 0.303 0.661 0.661
69.040 7 0.472 0.344 0.648 0.661
69.080 7 0.472 0.361 0.645 0.669
69.120 7 0.469 0.361 0.644 0.675
69.160 7 0.467 0.367 0.642 0.681
69.200 7 0.466 0.369 0.642 0.683
69.240 7 0.464 0.367 0.642 0.683
69.280 7 0.464 0.361 0.642 0.678
69.320 7 0.463 0.353 0.641 0.669
69.360 7 0.467 0.347 0.642 0.661
69.400 7 0.464 0.333 0.641 0.650
69.440 7 0.467 0.328 0.644 0.642
69.480 7 0.464 0.319 0.641 0.633
69.520 7 0.470 0.311 0.647 0.628
69.560 7 0.467 0.306 0.644 0.625
69.600 7 0.472 0.300 0.652 0.617
69.640 7 0.470 0.294 0.648 0.611
69.680 7 0.475 0.289 0.655 0.608
69.720 7 0.478 0.286 0.656 0.606
69.760 7 0.481 0.286 0.661 0.608
69.800 7 0.487 0.286 0.666 0.606
69.840 7 0.486 0.286 0.664 0.606
69.880 7 0.489 0.286 0.670 0.608
69.920 7 0.486 0.286 0.669 0.614
69.960 7 0.487 0.292 0.670 0.617
70.000 7 0.495 0.317 0.662 0.617
70.040 7 0.495 0.303 0.673 0.619
70.080 7 0.497 0.306 0.675 0.622
70.120 7 0.491 0.306 0.670 0.622
70.160 7 0.494 0.306 0.670 0.622
70.200 7 0.487 0.303 0.666 0.622
70.240 7 0.489 0.306 0.667 0.622
70.280 7 0.484 0.306 0.661 0.622
70.320 7 0.489 0.306 0.666 0.619
70.360 7 0.484 0.303 0.661 0.619
70.400 7 0.486 0.297 0.664 0.617
70.440 7 0.480 0.292 0.658 0.611
70.480 7 0.480 0.289 0.658 0.606
70.520 7 0.472 0.281 0.652 0.597
70.560 7 0.467 0.269 0.647 0.592
70.600 7 0.461 0.261 0.644 0.586
70.640 7 0.459 0.256 0.639 0.578
70.680 7 0.456 0.253 0.634 0.572
70.720 7 0.458 0.253 0.637 0.572
70.760 7 0.450 0.222 0.653 0.583
70.800 7 0.452 0.219 0.659 0.589
70.840 7 0.447 0.225 0.652 0.589
70.880 7 0.444 0.225 0.650 0.589
70.920 7 0.452 0.225 0.656 0.586
70.960 7 0.453 0.222 0.655 0.581
71.000 7 0.459 0.222 0.661 0.581
71.040 7 0.456 0.219 0.658 0.578
71.080 7 0.456 0.222 0.658 0.581
71.120 7 0.456 0.225 0.656 0.581
71.160 7 0.455 0.225 0.656 0.583
71.200 7 0.453 0.228 0.652 0.581
71.240 7 0.458 0.228 0.658 0.583
71.280 7 0.453 0.228 0.652 0.581
71.320 7 0.455 0.228 0.655 0.583
71.360 7 0.453 0.231 0.652 0.583
71.400 7 0.459 0.233 0.656 0.583
71.440 7 0.456 0.236 0.653 0.586
71.480 7 0.463 0.239 0.658 0.586
71.520 7 0.459 0.242 0.655 0.589
71.560 7 0.466 0.244 0.661 0.592
71.600 7 0.463 0.244 0.659 0.594
71.640 7 0.464 0.247 0.661 0.597
71.680 7 0.464 0.250 0.659 0.597
71.720 7 0.463 0.253 0.659 0.603
71.760 7 0.463 0.258 0.661 0.611
71.800 7 0.464 0.264 0.664 0.619
71.840 7 0.467 0.267 0.669 0.625
71.880 7 0.470 0.272 0.672 0.631
71.920 7 0.473 0.272 0.675 0.631
71.960 7 0.467 0.267 0.667 0.625
72.000 7 0.459 0.261 0.661 0.619
72.040 7 0.461 0.264 0.662 0.622
72.080 7 0.458 0.261 0.661 0.622
72.120 7 0.456 0.267 0.658 0.625
72.160 7 0.452 0.278 0.650 0.631
72.200 7 0.452 0.281 0.652 0.636
72.240 7 0.444 0.281 0.645 0.639
72.280 7 0.445 0.283 0.647 0.642
72.320 7 0.438 0.283 0.641 0.644
72.360 7 0.442 0.289 0.644 0.647
72.400 7 0.436 0.292 0.639 0.656
72.440 7 0.441 0.303 0.642 0.658
72.480 7 0.434 0.300 0.637 0.664
72.520 7 0.436 0.297 0.639 0.658
72.560 7 0.431 0.289 0.633 0.644
72.600 7 0.434 0.272 0.634 0.631
72.640 7 0.428 0.258 0.630 0.617
72.680 7 0.433 0.250 0.633 0.606
72.720 7 0.434 0.242 0.636 0.597
72.760 7 0.436 0.236 0.637 0.594
72.800 7 0.438 0.236 0.637 0.594
72.840 7 0.442 0.239 0.644 0.597
72.880 7 0.439 0.236 0.641 0.597
72.920 7 0.445 0.233 0.647 0.592
72.960 7 0.456 0.228 0.655 0.581
73.000 7 0.459 0.222 0.661 0.581
73.040 7 0.464 0.206 0.670 0.572
73.080 7 0.475 0.211 0.673 0.564
73.120 7 0.481 0.208 0.678 0.556
73.160 7 0.486 0.208 0.681 0.556
73.200 7 0.481 0.208 0.677 0.556
73.240 7 0.492 0.217 0.688 0.561
73.280 7 0.486 0.225 0.681 0.569
73.320 7 0.489 0.228 0.689 0.586
73.360 7 0.489 0.244 0.686 0.594
73.400 7 0.487 0.247 0.689 0.606
73.440 7 0.483 0.250 0.684 0.608
73.480 7 0.492 0.256 0.689 0.606
73.520 7 0.494 0.247 0.689 0.594
73.560 7 0.487 0.239 0.683 0.583
73.600 7 0.491 0.231 0.684 0.578
73.640 7 0.480 0.228 0.673 0.572
73.680 7 0.473 0.228 0.669 0.575
73.720 7 0.469 0.231 0.669 0.586
73.760 7 0.469 0.258 0.658 0.594
73.800 7 0.463 0.272 0.652 0.611
73.840 7 0.461 0.300 0.648 0.633
73.880 7 0.456 0.328 0.645 0.664
73.920 7 0.456 0.358 0.642 0.692
73.960 7 0.453 0.381 0.641 0.714
74.000 7 0.458 0.417 0.625 0.717
74.040 7 0.456 0.428 0.623 0.728
74.080 7 0.452 0.425 0.619 0.725
74.120 7 0.448 0.425 0.616 0.725
74.160 7 0.447 0.419 0.614 0.722
74.200 7 0.444 0.414 0.613 0.719
74.240 7 0.447 0.411 0.614 0.711
74.280 7 0.444 0.397 0.611 0.697
74.320 7 0.442 0.383 0.608 0.678
74.360 7 0.447 0.372 0.606 0.656
74.400 7 0.445 0.350 0.605 0.633
74.440 7 0.448 0.328 0.606 0.611
74.480 7 0.453 0.311 0.611 0.594
74.520 7 0.455 0.303 0.613 0.586
74.320 8 0.405 0.328 0.619 0.706
74.360 8 0.408 0.311 0.620 0.689
74.400 8 0.405 0.286 0.619 0.667
74.440 8 0.409 0.275 0.619 0.647
74.480 8 0.411 0.267 0.620 0.636
74.520 8 0.419 0.247 0.625 0.617
74.560 8 0.420 0.244 0.628 0.611
74.600 8 0.427 0.231 0.636 0.606
74.640 8 0.427 0.228 0.636 0.597
74.680 8 0.433 0.222 0.644 0.594
74.720 8 0.444 0.225 0.647 0.586
74.760 8 0.450 0.228 0.648 0.581
74.800 8 0.456 0.225 0.655 0.578
74.840 8 0.452 0.228 0.648 0.575
74.880 8 0.459 0.219 0.662 0.581
74.920 8 0.453 0.219 0.656 0.578
74.960 8 0.463 0.219 0.667 0.581
75.000 8 0.459 0.222 0.661 0.581
75.040 8 0.456 0.236 0.656 0.592
75.080 8 0.459 0.236 0.661 0.594
75.120 8 0.453 0.236 0.655 0.594
75.160 8 0.456 0.236 0.658 0.594
75.200 8 0.450 0.239 0.650 0.594
75.240 8 0.453 0.239 0.653 0.594
75.280 8 0.447 0.242 0.645 0.594
75.320 8 0.448 0.242 0.648 0.597
75.360 8 0.441 0.247 0.641 0.603
75.400 8 0.442 0.250 0.644 0.608
75.440 8 0.436 0.253 0.637 0.611
75.480 8 0.438 0.256 0.639 0.614
75.520 8 0.439 0.250 0.641 0.608
75.560 8 0.439 0.244 0.644 0.608
75.600 8 0.436 0.242 0.642 0.606
75.640 8 0.438 0.244 0.639 0.603
75.680 8 0.434 0.247 0.636 0.608
75.720 8 0.431 0.244 0.636 0.608
75.760 8 0.439 0.247 0.642 0.608
75.800 8 0.434 0.242 0.639 0.608
75.840 8 0.441 0.244 0.644 0.606
75.880 8 0.439 0.242 0.644 0.606
75.920 8 0.434 0.247 0.637 0.606
75.960 8 0.438 0.247 0.642 0.611
76.000 8 0.438 0.261 0.639 0.619
76.040 8 0.447 0.239 0.655 0.606
76.080 8 0.444 0.231 0.652 0.600
76.120 8 0.452 0.222 0.659 0.592
76.160 8 0.448 0.217 0.656 0.586
76.200 8 0.456 0.211 0.662 0.578
76.240 8 0.456 0.208 0.661 0.572
76.280 8 0.463 0.206 0.667 0.569
76.320 8 0.469 0.208 0.672 0.567
76.360 8 0.467 0.208 0.670 0.567
76.400 8 0.475 0.211 0.677 0.569
76.440 8 0.473 0.214 0.675 0.572
76.480 8 0.478 0.217 0.681 0.581
76.520 8 0.475 0.225 0.680 0.589
76.560 8 0.483 0.233 0.688 0.594
76.600 8 0.478 0.236 0.684 0.603
76.640 8 0.477 0.250 0.681 0.614
76.680 8 0.477 0.258 0.678 0.617
76.720 8 0.473 0.264 0.675 0.622
76.760 8 0.467 0.267 0.670 0.625
76.800 8 0.466 0.269 0.669 0.631
76.840 8 0.464 0.272 0.666 0.631
76.880 8 0.469 0.278 0.667 0.631
76.920 8 0.461 0.278 0.661 0.631
76.960 8 0.464 0.275 0.662 0.628
77.000 8 0.459 0.261 0.661 0.619
77.040 8 0.441 0.264 0.644 0.628
77.080 8 0.441 0.261 0.645 0.625
77.120 8 0.438 0.258 0.642 0.622
77.160 8 0.444 0.258 0.648 0.622
77.200 8 0.445 0.261 0.652 0.625
77.240 8 0.448 0.261 0.655 0.628
77.280 8 0.450 0.256 0.658 0.625
77.320 8 0.453 0.250 0.662 0.622
77.360 8 0.459 0.250 0.667 0.622
77.400 8 0.458 0.250 0.667 0.622
77.440 8 0.459 0.250 0.667 0.622
77.480 8 0.448 0.247 0.659 0.622
77.520 8 0.441 0.250 0.653 0.625
77.560 8 0.434 0.250 0.647 0.625
77.600 8 0.436 0.250 0.647 0.622
77.640 8 0.439 0.250 0.648 0.622
77.680 8 0.442 0.250 0.653 0.622
77.720 8 0.447 0.250 0.656 0.622
77.760 8 0.444 0.258 0.652 0.631
77.800 8 0.441 0.267 0.647 0.633
77.840 8 0.445 0.281 0.655 0.650
77.880 8 0.444 0.297 0.652 0.664
77.920 8 0.448 0.306 0.650 0.667
77.960 8 0.447 0.306 0.648 0.664
78.000 8 0.438 0.303 0.639 0.661
78.040 8 0.450 0.292 0.650 0.647
78.080 8 0.447 0.292 0.645 0.644
78.120 8 0.452 0.297 0.647 0.644
78.160 8 0.445 0.300 0.641 0.647
78.200 8 0.445 0.300 0.644 0.650
78.240 8 0.448 0.289 0.647 0.642
78.280 8 0.447 0.283 0.644 0.633
78.320 8 0.452 0.281 0.650 0.633
78.360 8 0.450 0.283 0.644 0.628
78.400 8 0.455 0.281 0.650 0.628
78.440 8 0.453 0.281 0.647 0.625
78.480 8 0.456 0.281 0.648 0.622
78.520 8 0.456 0.281 0.648 0.619
78.560 8 0.458 0.281 0.648 0.619
78.600 8 0.458 0.278 0.650 0.619
78.640 8 0.459 0.278 0.653 0.619
78.680 8 0.455 0.275 0.648 0.622
78.720 8 0.453 0.275 0.650 0.625
78.760 8 0.450 0.275 0.647 0.625
78.800 8 0.447 0.281 0.645 0.631
78.840 8 0.445 0.289 0.641 0.636
78.880 8 0.441 0.294 0.634 0.639
78.920 8 0.436 0.300 0.634 0.650
78.960 8 0.433 0.308 0.630 0.658
79.000 8 0.438 0.303 0.639 0.661
79.040 8 0.427 0.308 0.636 0.678
79.080 8 0.431 0.306 0.641 0.678
79.120 8 0.433 0.308 0.636 0.669
79.160 8 0.438 0.303 0.641 0.664
79.200 8 0.447 0.303 0.647 0.658
79.240 8 0.453 0.300 0.652 0.653
79.280 8 0.459 0.297 0.658 0.650
79.320 8 0.466 0.292 0.666 0.647
79.360 8 0.469 0.292 0.669 0.644
79.400 8 0.472 0.289 0.670 0.642
79.440 8 0.472 0.281 0.673 0.639
79.480 8 0.472 0.275 0.672 0.631
79.520 8 0.469 0.267 0.670 0.625
79.560 8 0.466 0.256 0.669 0.617
79.600 8 0.466 0.247 0.667 0.608
79.640 8 0.459 0.244 0.661 0.603
79.680 8 0.463 0.244 0.664 0.603
79.720 8 0.459 0.244 0.659 0.603
79.760 8 0.461 0.247 0.664 0.608
79.800 8 0.458 0.250 0.658 0.606
79.840 8 0.461 0.253 0.661 0.606
79.880 8 0.458 0.247 0.658 0.606
79.920 8 0.464 0.250 0.664 0.606
79.960 8 0.461 0.250 0.661 0.606
80.000 8 0.459 0.261 0.661 0.619
80.040 8 0.452 0.239 0.659 0.608
80.080 8 0.453 0.242 0.659 0.608
80.120 8 0.453 0.239 0.661 0.611
80.160 8 0.455 0.242 0.662 0.611
80.200 8 0.455 0.242 0.664 0.614
80.240 8 0.455 0.242 0.666 0.614
80.280 8 0.456 0.242 0.666 0.617
80.320 8 0.458 0.247 0.664 0.614
80.360 8 0.455 0.247 0.662 0.614
80.400 8 0.453 0.244 0.661 0.614
80.440 8 0.455 0.247 0.661 0.611
80.480 8 0.456 0.244 0.661 0.608
80.520 8 0.456 0.244 0.661 0.608
80.560 8 0.455 0.244 0.659 0.606
80.600 8 0.453 0.242 0.656 0.606
80.640 8 0.459 0.244 0.661 0.603
80.680 8 0.458 0.244 0.659 0.603
80.720 8 0.455 0.242 0.656 0.603
80.760 8 0.461 0.244 0.661 0.600
80.800 8 0.456 0.244 0.655 0.597
80.840 8 0.463 0.247 0.658 0.597
80.880 8 0.464 0.247 0.659 0.594
80.920 8 0.467 0.250 0.659 0.592
80.960 8 0.467 0.247 0.659 0.589
81.000 8 0.459 0.222 0.661 0.581
81.040 8 0.463 0.233 0.667 0.597
81.080 8 0.463 0.233 0.669 0.600
81.120 8 0.463 0.233 0.670 0.603
81.160 8 0.459 0.233 0.667 0.603
81.200 8 0.461 0.233 0.670 0.603
81.240 8 0.461 0.236 0.667 0.603
81.280 8 0.459 0.236 0.666 0.603
81.320 8 0.458 0.236 0.666 0.603
81.360 8 0.458 0.236 0.664 0.603
81.400 8 0.458 0.236 0.664 0.606
81.440 8 0.456 0.239 0.662 0.606
81.480 8 0.456 0.239 0.662 0.606
81.520 8 0.455 0.236 0.662 0.608
81.560 8 0.455 0.239 0.662 0.608
81.600 8 0.452 0.239 0.661 0.611
81.640 8 0.456 0.239 0.666 0.611
81.680 8 0.452 0.242 0.658 0.608
81.720 8 0.456 0.242 0.662 0.608
81.760 8 0.453 0.247 0.656 0.606
81.800 8 0.458 0.247 0.659 0.606
81.840 8 0.455 0.247 0.656 0.603
81.880 8 0.455 0.247 0.661 0.611
81.920 8 0.456 0.250 0.653 0.603
81.960 8 0.459 0.250 0.659 0.606
82.000 8 0.459 0.261 0.661 0.619
82.040 8 0.450 0.261 0.652 0.619
82.080 8 0.455 0.261 0.656 0.622
82.120 8 0.448 0.264 0.650 0.622
82.160 8 0.452 0.267 0.652 0.622
82.200 8 0.445 0.264 0.647 0.622
82.240 8 0.452 0.267 0.653 0.625
82.280 8 0.441 0.264 0.647 0.631
82.320 8 0.447 0.264 0.653 0.633
82.360 8 0.438 0.261 0.650 0.636
82.400 8 0.441 0.261 0.650 0.636
82.440 8 0.441 0.264 0.648 0.633
82.480 8 0.441 0.264 0.647 0.631
82.520 8 0.439 0.264 0.645 0.628
82.560 8 0.438 0.261 0.644 0.628
82.600 8 0.433 0.253 0.644 0.628
82.640 8 0.438 0.256 0.647 0.628
82.680 8 0.434 0.250 0.645 0.625
82.720 8 0.439 0.253 0.648 0.625
82.760 8 0.439 0.253 0.650 0.628
82.800 8 0.439 0.250 0.650 0.625
82.840 8 0.439 0.247 0.652 0.625
82.880 8 0.441 0.250 0.650 0.622
82.920 8 0.439 0.250 0.648 0.622
82.960 8 0.439 0.250 0.648 0.625
83.000 8 0.438 0.261 0.639 0.619
83.040 8 0.438 0.258 0.639 0.617
83.080 8 0.439 0.256 0.642 0.617
83.120 8 0.436 0.253 0.639 0.611
83.160 8 0.441 0.250 0.644 0.608
83.200 8 0.438 0.242 0.641 0.603
83.240 8 0.442 0.236 0.647 0.600
83.280 8 0.439 0.231 0.644 0.594
83.320 8 0.444 0.222 0.648 0.589
83.360 8 0.438 0.219 0.642 0.583
83.400 8 0.444 0.214 0.648 0.578
83.440 8 0.433 0.211 0.637 0.578
83.480 8 0.439 0.211 0.645 0.575
83.520 8 0.431 0.208 0.636 0.575
83.560 8 0.436 0.214 0.642 0.578
83.600 8 0.433 0.217 0.642 0.589
83.640 8 0.434 0.228 0.642 0.597
83.680 8 0.436 0.242 0.644 0.611
83.720 8 0.434 0.256 0.641 0.622
83.760 8 0.430 0.264 0.637 0.633
83.800 8 0.436 0.267 0.642 0.633
83.840 8 0.433 0.264 0.639 0.631
83.880 8 0.436 0.250 0.644 0.619
83.920 8 0.433 0.239 0.637 0.603
83.960 8 0.434 0.231 0.639 0.594
84.000 8 0.438 0.222 0.639 0.581
84.040 8 0.439 0.211 0.645 0.575
84.080 8 0.442 0.211 0.647 0.575
84.120 8 0.444 0.211 0.652 0.581
84.160 8 0.450 0.203 0.655 0.569
84.200 8 0.453 0.200 0.658 0.564
84.240 8 0.456 0.200 0.659 0.564
84.280 8 0.461 0.203 0.662 0.561
84.320 8 0.463 0.203 0.664 0.561
84.360 8 0.469 0.206 0.670 0.561
84.400 8 0.469 0.200 0.670 0.558
84.440 8 0.475 0.203 0.677 0.561
84.480 8 0.475 0.203 0.677 0.561
84.520 8 0.480 0.206 0.684 0.569
84.560 8 0.475 0.206 0.681 0.572
84.600 8 0.478 0.208 0.684 0.575
84.640 8 0.472 0.208 0.680 0.575
84.680 8 0.477 0.211 0.683 0.578
84.720 8 0.475 0.208 0.681 0.572
84.760 8 0.473 0.208 0.678 0.572
84.800 8 0.472 0.206 0.677 0.569
84.840 8 0.469 0.203 0.672 0.564
84.880 8 0.466 0.197 0.669 0.558
84.920 8 0.463 0.197 0.664 0.556
84.960 8 0.461 0.194 0.662 0.550
85.000 8 0.459 0.183 0.661 0.542
85.040 8 0.469 0.200 0.669 0.556
85.080 8 0.469 0.203 0.667 0.556
85.120 8 0.467 0.206 0.667 0.561
85.160 8 0.466 0.211 0.666 0.564
85.200 8 0.464 0.214 0.666 0.572
85.240 8 0.464 0.225 0.661 0.575
85.280 8 0.461 0.231 0.659 0.586
85.320 8 0.459 0.242 0.655 0.589
85.360 8 0.455 0.247 0.652 0.597
85.400 8 0.456 0.253 0.652 0.600
85.440 8 0.450 0.253 0.645 0.600
85.480 8 0.452 0.253 0.647 0.597
85.520 8 0.445 0.250 0.639 0.594
85.560 8 0.442 0.244 0.637 0.592
85.600 8 0.439 0.244 0.636 0.594
85.640 8 0.438 0.244 0.634 0.594
85.680 8 0.433 0.242 0.631 0.594
85.720 8 0.434 0.239 0.634 0.594
85.760 8 0.428 0.236 0.628 0.592
85.800 8 0.434 0.239 0.631 0.586
85.840 8 0.433 0.239 0.628 0.586
85.880 8 0.438 0.242 0.633 0.589
85.920 8 0.434 0.250 0.628 0.594
85.960 8 0.433 0.253 0.627 0.597
86.000 8 0.438 0.261 0.639 0.619
86.040 8 0.442 0.256 0.644 0.611
86.080 8 0.438 0.250 0.636 0.606
86.120 8 0.445 0.247 0.644 0.600
86.160 8 0.441 0.247 0.641 0.600
86.200 8 0.442 0.253 0.641 0.603
86.240 8 0.441 0.258 0.637 0.608
86.280 8 0.442 0.261 0.642 0.617
86.320 8 0.439 0.264 0.637 0.619
86.360 8 0.447 0.264 0.644 0.614
86.400 8 0.444 0.258 0.642 0.611
86.440 8 0.450 0.253 0.648 0.603
86.480 8 0.447 0.247 0.645 0.600
86.520 8 0.448 0.244 0.648 0.597
86.560 8 0.447 0.242 0.647 0.600
86.600 8 0.444 0.250 0.644 0.606
86.640 8 0.436 0.253 0.634 0.606
86.680 8 0.425 0.258 0.627 0.617
86.720 8 0.417 0.261 0.617 0.617
86.760 8 0.419 0.264 0.617 0.617
86.800 8 0.425 0.258 0.623 0.611
86.840 8 0.431 0.256 0.631 0.611
86.880 8 0.441 0.258 0.637 0.608
86.920 8 0.438 0.258 0.637 0.614
86.960 8 0.442 0.264 0.641 0.617
87.000 8 0.438 0.261 0.639 0.619
87.040 8 0.427 0.250 0.630 0.614
87.080 8 0.431 0.253 0.636 0.614
87.120 8 0.431 0.253 0.636 0.617
87.160 8 0.434 0.250 0.642 0.619
87.200 8 0.431 0.256 0.636 0.622
87.240 8 0.438 0.261 0.642 0.625
87.280 8 0.433 0.264 0.641 0.633
87.320 8 0.436 0.264 0.644 0.636
87.360 8 0.431 0.258 0.641 0.628
87.400 8 0.430 0.253 0.637 0.625
87.440 8 0.428 0.253 0.634 0.622
87.480 8 0.433 0.253 0.639 0.622
87.520 8 0.430 0.253 0.639 0.625
87.560 8 0.430 0.256 0.637 0.625
87.600 8 0.430 0.256 0.639 0.628
87.640 8 0.428 0.256 0.636 0.625
87.680 8 0.428 0.256 0.634 0.625
87.720 8 0.427 0.256 0.634 0.625
87.760 8 0.428 0.258 0.633 0.622
87.800 8 0.428 0.261 0.631 0.622
87.840 8 0.428 0.264 0.630 0.622
87.880 8 0.428 0.267 0.628 0.622
87.920 8 0.428 0.267 0.628 0.622
87.960 8 0.431 0.269 0.628 0.622
88.000 8 0.416 0.261 0.617 0.619
88.040 8 0.412 0.264 0.611 0.617
88.080 8 0.416 0.264 0.616 0.619
88.120 8 0.412 0.267 0.609 0.617
88.160 8 0.416 0.267 0.614 0.619
88.200 8 0.409 0.267 0.608 0.619
88.240 8 0.414 0.267 0.613 0.619
88.280 8 0.408 0.267 0.606 0.619
88.320 8 0.417 0.267 0.616 0.619
88.360 8 0.416 0.272 0.605 0.606
88.400 8 0.416 0.272 0.608 0.614
88.440 8 0.416 0.269 0.611 0.617
88.480 8 0.419 0.267 0.620 0.622
88.520 8 0.417 0.264 0.617 0.622
88.560 8 0.423 0.264 0.623 0.619
88.600 8 0.417 0.258 0.622 0.622
88.640 8 0.425 0.261 0.627 0.619
88.680 8 0.422 0.264 0.622 0.617
88.720 8 0.427 0.258 0.631 0.622
88.760 8 0.425 0.258 0.628 0.619
88.800 8 0.427 0.258 0.630 0.619
88.840 8 0.434 0.261 0.636 0.622
88.880 8 0.431 0.261 0.633 0.619
