27.680 0 0.422 0.178 0.559 0.428
27.720 0 0.414 0.178 0.553 0.425
27.760 0 0.409 0.181 0.548 0.431
27.800 0 0.408 0.189 0.547 0.436
27.840 0 0.398 0.183 0.539 0.436
27.880 0 0.394 0.186 0.534 0.439
27.920 0 0.397 0.183 0.539 0.436
27.960 0 0.392 0.183 0.531 0.433
28.000 0 0.397 0.181 0.536 0.431
28.040 0 0.402 0.181 0.541 0.431
28.080 0 0.405 0.178 0.545 0.428
28.120 0 0.409 0.175 0.550 0.428
28.160 0 0.414 0.175 0.553 0.428
28.240 0 0.419 0.172 0.555 0.417
28.280 0 0.417 0.169 0.553 0.414
28.320 0 0.422 0.169 0.558 0.414
28.360 0 0.427 0.164 0.564 0.411
28.400 0 0.427 0.161 0.562 0.406
28.440 0 0.428 0.158 0.567 0.406
28.480 0 0.431 0.150 0.572 0.406
28.520 0 0.434 0.150 0.577 0.403
28.560 0 0.439 0.142 0.581 0.400
28.600 0 0.444 0.147 0.584 0.400
28.640 0 0.447 0.150 0.588 0.400
28.680 0 0.447 0.147 0.586 0.400
28.720 0 0.450 0.147 0.591 0.397
28.760 0 0.452 0.147 0.592 0.397
28.800 0 0.453 0.147 0.592 0.400
28.840 0 0.455 0.147 0.594 0.400
28.880 0 0.456 0.150 0.595 0.400
28.920 0 0.458 0.153 0.597 0.403
28.960 0 0.459 0.153 0.598 0.403
29.000 0 0.459 0.153 0.598 0.403
29.040 0 0.466 0.156 0.605 0.406
29.080 0 0.467 0.156 0.606 0.406
29.120 0 0.469 0.156 0.608 0.403
29.160 0 0.464 0.153 0.603 0.403
29.200 0 0.466 0.153 0.605 0.400
29.240 0 0.461 0.150 0.600 0.397
29.280 0 0.461 0.150 0.598 0.392
29.320 0 0.456 0.150 0.592 0.392
29.360 0 0.456 0.150 0.591 0.389
29.400 0 0.452 0.147 0.586 0.389
29.440 0 0.448 0.147 0.583 0.389
29.480 0 0.438 0.150 0.572 0.392
29.520 0 0.433 0.147 0.570 0.392
29.560 0 0.431 0.147 0.567 0.392
29.600 0 0.419 0.147 0.556 0.394
29.640 0 0.412 0.150 0.550 0.394
29.680 0 0.405 0.147 0.544 0.397
29.720 0 0.395 0.147 0.533 0.394
29.760 0 0.384 0.150 0.522 0.397
29.800 0 0.373 0.153 0.511 0.400
29.840 0 0.361 0.153 0.502 0.403
29.880 0 0.352 0.153 0.491 0.400
29.920 0 0.339 0.156 0.475 0.400
29.960 0 0.328 0.153 0.466 0.397
30.000 0 0.319 0.153 0.459 0.403
30.040 0 0.300 0.147 0.450 0.414
30.080 0 0.291 0.147 0.436 0.408
47.200 1 0.200 0.161 0.284 0.314
47.240 1 0.195 0.164 0.281 0.317
47.280 1 0.192 0.169 0.278 0.322
47.320 1 0.189 0.169 0.275 0.325
47.360 1 0.184 0.172 0.273 0.331
47.400 1 0.184 0.172 0.273 0.331
47.440 1 0.181 0.172 0.272 0.333
47.480 1 0.178 0.175 0.270 0.339
47.520 1 0.172 0.175 0.264 0.339
47.560 1 0.167 0.175 0.259 0.339
47.600 1 0.159 0.175 0.253 0.342
47.640 1 0.155 0.181 0.247 0.347
47.680 1 0.147 0.181 0.241 0.350
47.720 1 0.138 0.189 0.231 0.356
47.760 1 0.128 0.189 0.222 0.356
47.800 1 0.120 0.192 0.214 0.358
47.840 1 0.116 0.192 0.209 0.361
47.880 1 0.111 0.192 0.205 0.358
47.920 1 0.105 0.189 0.200 0.358
47.960 1 0.109 0.186 0.205 0.356
48.000 1 0.113 0.183 0.209 0.356
48.040 1 0.111 0.181 0.211 0.356
48.080 1 0.105 0.178 0.206 0.358
48.120 1 0.098 0.178 0.202 0.358
48.160 1 0.092 0.178 0.192 0.356
48.200 1 0.080 0.181 0.180 0.356
48.240 1 0.072 0.183 0.169 0.358
48.280 1 0.058 0.186 0.155 0.358
48.320 1 0.044 0.192 0.141 0.364
48.360 1 0.025 0.194 0.127 0.375
48.400 1 0.011 0.197 0.111 0.375
48.440 1 -0.002 0.197 0.100 0.378
48.480 1 -0.013 0.197 0.089 0.375
48.520 1 -0.020 0.197 0.083 0.381
48.560 1 -0.031 0.192 0.075 0.381
48.600 1 -0.039 0.189 0.067 0.378
47.920 2 0.002 0.103 0.050 0.186
47.960 2 0.003 0.094 0.058 0.192
48.000 2 0.003 0.086 0.070 0.206
48.040 2 0.006 0.086 0.073 0.206
48.080 2 0.003 0.083 0.073 0.208
48.120 2 0.003 0.086 0.069 0.203
48.160 2 -0.005 0.086 0.061 0.203
53.400 3 0.156 0.408 0.212 0.508
53.440 3 0.158 0.408 0.214 0.508
53.480 3 0.161 0.406 0.217 0.508
53.520 3 0.163 0.408 0.219 0.511
53.560 3 0.163 0.408 0.220 0.511
53.600 3 0.166 0.411 0.223 0.514
53.640 3 0.166 0.414 0.222 0.514
53.680 3 0.167 0.417 0.223 0.517
53.720 3 0.169 0.419 0.223 0.517
53.760 3 0.169 0.422 0.225 0.519
53.800 3 0.167 0.422 0.223 0.522
53.840 3 0.169 0.425 0.225 0.525
53.880 3 0.169 0.428 0.225 0.531
53.920 3 0.167 0.433 0.225 0.533
53.960 3 0.167 0.436 0.223 0.536
54.000 3 0.164 0.439 0.220 0.539
54.040 3 0.163 0.442 0.217 0.539
54.080 3 0.158 0.439 0.212 0.533
54.120 3 0.158 0.433 0.211 0.528
54.160 3 0.150 0.425 0.205 0.522
54.200 3 0.150 0.422 0.205 0.517
54.240 3 0.147 0.417 0.202 0.514
54.280 3 0.147 0.411 0.203 0.511
54.320 3 0.144 0.411 0.200 0.508
54.360 3 0.147 0.411 0.203 0.508
54.400 3 0.147 0.411 0.203 0.508
54.440 3 0.148 0.414 0.205 0.511
54.480 3 0.153 0.417 0.208 0.517
54.520 3 0.155 0.422 0.209 0.522
54.560 3 0.159 0.431 0.214 0.528
54.600 3 0.166 0.433 0.220 0.531
54.640 3 0.170 0.433 0.223 0.531
54.680 3 0.175 0.431 0.230 0.525
54.720 3 0.181 0.425 0.234 0.522
54.760 3 0.184 0.419 0.239 0.517
54.800 3 0.188 0.414 0.241 0.511
54.840 3 0.189 0.408 0.242 0.506
54.880 3 0.188 0.408 0.242 0.503
54.920 3 0.186 0.408 0.241 0.503
54.960 3 0.186 0.411 0.241 0.506
55.000 3 0.186 0.414 0.239 0.511
55.040 3 0.183 0.419 0.237 0.517
55.080 3 0.181 0.425 0.236 0.522
55.120 4 0.375 0.378 0.447 0.503
55.160 4 0.377 0.375 0.447 0.500
55.200 4 0.378 0.372 0.448 0.497
55.240 4 0.375 0.367 0.445 0.492
55.280 4 0.377 0.364 0.447 0.489
55.320 4 0.373 0.361 0.442 0.486
55.360 4 0.373 0.361 0.444 0.486
55.400 4 0.372 0.364 0.441 0.486
55.440 4 0.369 0.367 0.439 0.492
55.480 4 0.367 0.372 0.436 0.494
55.520 4 0.367 0.375 0.436 0.497
55.560 4 0.364 0.386 0.433 0.508
55.600 4 0.362 0.392 0.430 0.514
55.640 4 0.359 0.400 0.428 0.519
55.680 4 0.358 0.403 0.427 0.525
55.720 4 0.352 0.403 0.420 0.525
55.760 4 0.350 0.400 0.419 0.522
55.800 4 0.347 0.397 0.417 0.519
55.840 4 0.350 0.397 0.419 0.519
55.880 4 0.348 0.397 0.416 0.517
55.920 4 0.350 0.400 0.417 0.519
55.960 4 0.350 0.403 0.416 0.519
56.000 4 0.348 0.406 0.416 0.525
56.040 4 0.345 0.408 0.417 0.536
56.080 4 0.345 0.414 0.417 0.542
56.120 4 0.345 0.419 0.417 0.547
56.160 4 0.348 0.422 0.420 0.550
56.200 4 0.353 0.425 0.425 0.553
56.240 4 0.353 0.417 0.427 0.547
56.280 4 0.358 0.408 0.431 0.536
56.320 4 0.358 0.400 0.431 0.528
56.360 4 0.358 0.394 0.431 0.522
56.400 4 0.359 0.386 0.431 0.517
56.440 4 0.358 0.383 0.431 0.517
56.480 4 0.358 0.383 0.433 0.517
56.520 4 0.356 0.381 0.434 0.517
56.560 4 0.358 0.386 0.434 0.522
56.600 4 0.356 0.389 0.433 0.525
56.640 4 0.356 0.394 0.433 0.531
56.680 4 0.355 0.397 0.433 0.536
56.720 4 0.353 0.400 0.431 0.539
56.760 4 0.353 0.406 0.431 0.547
56.800 4 0.350 0.406 0.427 0.544
56.840 4 0.350 0.403 0.427 0.542
56.880 4 0.348 0.400 0.427 0.539
56.920 4 0.348 0.397 0.427 0.536
56.960 4 0.347 0.394 0.427 0.536
57.000 4 0.345 0.392 0.427 0.536
57.040 4 0.342 0.389 0.425 0.539
57.080 4 0.344 0.394 0.427 0.539
57.120 4 0.344 0.394 0.427 0.542
57.160 4 0.344 0.397 0.427 0.544
57.200 4 0.344 0.403 0.427 0.550
57.240 4 0.348 0.408 0.430 0.553
57.280 4 0.352 0.406 0.433 0.550
57.320 4 0.353 0.397 0.433 0.542
55.120 5 0.677 0.283 0.741 0.397
55.160 5 0.680 0.289 0.745 0.403
55.200 5 0.688 0.297 0.753 0.408
55.240 5 0.695 0.297 0.759 0.411
55.280 5 0.703 0.297 0.766 0.403
55.320 5 0.713 0.289 0.773 0.394
55.360 5 0.717 0.283 0.780 0.392
55.400 5 0.722 0.272 0.784 0.383
55.440 5 0.725 0.264 0.787 0.375
55.480 5 0.727 0.258 0.791 0.369
55.520 5 0.728 0.253 0.792 0.364
55.560 5 0.731 0.253 0.797 0.367
55.600 5 0.734 0.258 0.800 0.372
55.640 5 0.738 0.267 0.803 0.381
55.680 5 0.739 0.272 0.805 0.386
55.720 5 0.739 0.278 0.805 0.394
55.760 5 0.738 0.281 0.805 0.400
55.800 5 0.736 0.283 0.803 0.400
55.840 5 0.730 0.278 0.798 0.397
55.880 5 0.728 0.272 0.798 0.392
55.920 5 0.728 0.264 0.797 0.383
55.960 5 0.728 0.256 0.798 0.378
56.000 5 0.730 0.247 0.798 0.367
56.040 5 0.731 0.242 0.800 0.361
56.080 5 0.734 0.236 0.803 0.356
56.120 5 0.736 0.236 0.806 0.358
56.160 5 0.736 0.242 0.805 0.361
56.200 5 0.736 0.247 0.805 0.367
56.240 5 0.738 0.256 0.806 0.375
56.280 5 0.741 0.264 0.809 0.383
56.320 5 0.742 0.269 0.809 0.389
56.360 5 0.748 0.272 0.816 0.389
56.400 5 0.753 0.272 0.819 0.389
56.440 5 0.755 0.264 0.822 0.381
56.480 5 0.758 0.253 0.825 0.372
56.520 5 0.759 0.244 0.827 0.361
56.560 5 0.759 0.236 0.827 0.353
56.600 5 0.761 0.228 0.828 0.344
56.640 5 0.762 0.219 0.831 0.339
56.680 5 0.759 0.219 0.828 0.339
56.720 5 0.766 0.222 0.833 0.342
56.760 5 0.764 0.233 0.833 0.350
56.800 5 0.766 0.242 0.833 0.358
56.840 5 0.766 0.250 0.834 0.369
56.880 5 0.767 0.258 0.834 0.378
56.920 5 0.764 0.264 0.833 0.383
56.960 5 0.761 0.261 0.830 0.383
57.000 5 0.761 0.253 0.830 0.372
57.040 5 0.759 0.244 0.831 0.367
57.080 5 0.759 0.236 0.830 0.361
57.120 5 0.759 0.222 0.831 0.347
57.160 5 0.761 0.211 0.834 0.336
57.200 5 0.761 0.203 0.836 0.331
57.240 5 0.766 0.197 0.839 0.328
57.280 5 0.769 0.197 0.844 0.328
57.320 5 0.766 0.197 0.842 0.331
57.360 5 0.769 0.197 0.847 0.333
57.400 5 0.772 0.200 0.852 0.336
57.440 5 0.775 0.200 0.855 0.339
57.480 5 0.780 0.203 0.859 0.342
55.120 6 0.183 0.236 0.273 0.394
55.160 6 0.186 0.233 0.275 0.394
55.200 6 0.186 0.236 0.277 0.394
55.240 6 0.184 0.239 0.277 0.400
55.280 6 0.181 0.242 0.275 0.408
55.320 6 0.180 0.250 0.273 0.417
55.360 6 0.175 0.261 0.269 0.428
55.400 6 0.169 0.264 0.263 0.433
55.440 6 0.161 0.267 0.256 0.433
55.480 6 0.152 0.261 0.247 0.428
55.520 6 0.142 0.253 0.237 0.419
55.560 6 0.138 0.247 0.231 0.411
55.600 6 0.128 0.236 0.223 0.403
55.640 6 0.125 0.225 0.220 0.392
55.680 6 0.127 0.219 0.220 0.386
55.720 6 0.127 0.217 0.219 0.383
55.760 6 0.123 0.217 0.217 0.383
55.800 6 0.128 0.217 0.222 0.383
55.840 6 0.125 0.217 0.220 0.389
55.880 6 0.127 0.222 0.223 0.394
55.920 6 0.122 0.219 0.222 0.397
55.960 6 0.128 0.222 0.227 0.397
56.000 6 0.134 0.222 0.231 0.394
56.040 6 0.142 0.217 0.239 0.389
56.080 6 0.147 0.211 0.244 0.383
56.120 6 0.153 0.211 0.250 0.386
56.160 6 0.155 0.211 0.252 0.383
56.200 6 0.153 0.203 0.250 0.378
56.240 6 0.152 0.200 0.248 0.372
56.280 6 0.148 0.200 0.245 0.372
56.320 6 0.145 0.206 0.244 0.378
56.360 6 0.142 0.211 0.241 0.383
56.400 6 0.136 0.219 0.234 0.394
56.440 6 0.131 0.228 0.230 0.406
56.480 6 0.123 0.236 0.220 0.408
56.520 6 0.116 0.239 0.212 0.411
56.560 6 0.105 0.236 0.202 0.408
56.600 6 0.095 0.228 0.192 0.400
56.640 6 0.086 0.217 0.184 0.392
56.680 6 0.084 0.206 0.183 0.381
56.720 6 0.083 0.197 0.180 0.369
56.760 6 0.084 0.189 0.183 0.364
56.800 6 0.083 0.186 0.183 0.361
56.840 6 0.087 0.186 0.186 0.364
56.880 6 0.092 0.189 0.192 0.364
56.920 6 0.095 0.192 0.194 0.367
56.960 6 0.103 0.197 0.202 0.372
57.000 6 0.113 0.203 0.209 0.375
57.040 6 0.120 0.206 0.217 0.378
57.080 6 0.130 0.203 0.227 0.375
57.120 6 0.141 0.197 0.239 0.369
57.160 6 0.153 0.189 0.252 0.364
57.200 6 0.163 0.186 0.263 0.364
57.240 6 0.167 0.183 0.267 0.364
57.280 6 0.170 0.178 0.272 0.358
57.320 6 0.173 0.169 0.275 0.353
57.360 6 0.177 0.169 0.278 0.350
57.400 6 0.173 0.172 0.275 0.353
57.440 6 0.175 0.183 0.277 0.364
57.480 6 0.175 0.197 0.278 0.378
57.520 6 0.175 0.206 0.277 0.389
57.560 6 0.173 0.217 0.277 0.400
57.600 6 0.167 0.219 0.272 0.408
57.640 6 0.159 0.217 0.263 0.400
57.680 6 0.159 0.208 0.263 0.392
57.720 6 0.153 0.200 0.256 0.381
57.760 6 0.155 0.192 0.258 0.375
57.800 6 0.155 0.181 0.259 0.367
57.840 6 0.161 0.181 0.264 0.364
109.440 7 0.308 0.111 0.544 0.531
109.480 7 0.303 0.106 0.541 0.528
109.520 7 0.311 0.106 0.548 0.528
109.560 7 0.309 0.103 0.545 0.525
109.600 7 0.317 0.106 0.553 0.525
109.640 7 0.319 0.106 0.556 0.528
109.680 7 0.320 0.106 0.559 0.528
109.720 7 0.323 0.106 0.562 0.531
109.760 7 0.319 0.103 0.559 0.531
109.800 7 0.327 0.106 0.564 0.528
109.840 7 0.327 0.103 0.564 0.525
109.880 7 0.325 0.103 0.564 0.528
109.920 7 0.327 0.100 0.569 0.531
109.960 7 0.316 0.100 0.556 0.531
110.000 7 0.323 0.100 0.566 0.531
110.040 7 0.311 0.100 0.553 0.531
110.080 7 0.319 0.100 0.561 0.531
110.120 7 0.306 0.097 0.548 0.528
110.160 7 0.314 0.097 0.558 0.531
110.200 7 0.306 0.097 0.548 0.528
110.240 7 0.308 0.097 0.555 0.533
110.280 7 0.302 0.100 0.545 0.531
110.320 7 0.297 0.094 0.541 0.528
110.360 7 0.305 0.097 0.547 0.528
110.400 7 0.294 0.097 0.536 0.528
110.440 7 0.300 0.097 0.542 0.528
110.480 7 0.300 0.097 0.544 0.531
110.520 7 0.302 0.097 0.545 0.533
110.560 7 0.302 0.100 0.547 0.536
110.600 7 0.302 0.100 0.550 0.539
110.640 7 0.303 0.100 0.556 0.550
110.680 7 0.298 0.103 0.545 0.542
110.720 7 0.311 0.106 0.555 0.539
110.760 7 0.305 0.108 0.548 0.539
110.800 7 0.305 0.108 0.547 0.539
110.840 7 0.303 0.106 0.545 0.539
110.880 7 0.302 0.106 0.544 0.539
110.920 7 0.300 0.106 0.542 0.536
110.960 7 0.298 0.103 0.542 0.536
111.000 7 0.298 0.103 0.541 0.533
111.040 7 0.298 0.100 0.541 0.531
111.080 7 0.298 0.100 0.539 0.531
111.120 7 0.298 0.100 0.539 0.528
111.160 7 0.298 0.100 0.539 0.528
111.200 7 0.298 0.100 0.537 0.525
111.240 7 0.298 0.100 0.537 0.525
111.280 7 0.297 0.100 0.536 0.522
111.320 7 0.295 0.097 0.534 0.522
111.360 7 0.294 0.097 0.533 0.522
111.400 7 0.298 0.100 0.536 0.522
111.440 7 0.291 0.100 0.530 0.525
111.480 7 0.295 0.103 0.534 0.525
111.520 7 0.287 0.100 0.528 0.525
111.560 7 0.287 0.100 0.527 0.525
111.600 7 0.287 0.100 0.527 0.525
111.640 7 0.287 0.100 0.525 0.522
111.680 7 0.286 0.100 0.523 0.522
111.720 7 0.284 0.097 0.523 0.519
111.760 7 0.283 0.097 0.522 0.519
111.800 7 0.283 0.097 0.520 0.519
111.840 7 0.281 0.097 0.519 0.519
111.880 7 0.287 0.103 0.520 0.517
111.920 7 0.277 0.097 0.514 0.519
111.960 7 0.275 0.097 0.512 0.519
112.000 7 0.273 0.097 0.511 0.519
112.040 7 0.280 0.100 0.512 0.514
112.080 7 0.272 0.094 0.511 0.519
112.120 7 0.272 0.097 0.509 0.519
112.160 7 0.280 0.103 0.512 0.517
112.200 7 0.269 0.094 0.509 0.525
112.240 7 0.267 0.094 0.509 0.525
112.280 7 0.267 0.094 0.509 0.525
112.320 7 0.266 0.094 0.508 0.525
112.360 7 0.266 0.094 0.508 0.525
112.400 7 0.266 0.094 0.508 0.525
112.440 7 0.267 0.097 0.506 0.522
112.480 7 0.267 0.097 0.500 0.511
112.520 7 0.273 0.100 0.509 0.517
112.560 7 0.263 0.097 0.500 0.519
112.600 7 0.264 0.092 0.509 0.525
112.640 7 0.266 0.092 0.511 0.525
112.680 7 0.267 0.092 0.511 0.525
112.720 7 0.269 0.094 0.511 0.525
112.760 7 0.270 0.094 0.512 0.525
112.800 7 0.272 0.094 0.514 0.525
112.840 7 0.273 0.097 0.516 0.528
112.880 7 0.275 0.097 0.516 0.528
112.920 7 0.272 0.100 0.509 0.525
112.960 7 0.277 0.097 0.519 0.528
113.000 7 0.272 0.100 0.512 0.525
113.040 7 0.277 0.094 0.520 0.528
113.080 7 0.273 0.097 0.512 0.522
113.120 7 0.278 0.094 0.522 0.528
113.160 7 0.280 0.094 0.522 0.528
113.200 7 0.280 0.094 0.523 0.525
113.240 7 0.286 0.097 0.527 0.525
113.280 7 0.278 0.094 0.523 0.528
113.320 7 0.278 0.094 0.522 0.528
113.360 7 0.277 0.094 0.522 0.528
113.400 7 0.277 0.094 0.522 0.528
113.440 7 0.278 0.097 0.520 0.528
113.480 7 0.283 0.097 0.525 0.528
113.520 7 0.277 0.100 0.520 0.531
113.560 7 0.277 0.103 0.520 0.533
113.600 7 0.283 0.106 0.523 0.536
113.640 7 0.277 0.106 0.519 0.536
113.680 7 0.277 0.106 0.519 0.536
113.720 7 0.275 0.103 0.517 0.533
113.760 7 0.277 0.100 0.517 0.531
113.800 7 0.277 0.103 0.517 0.531
113.840 7 0.283 0.103 0.522 0.528
113.880 7 0.275 0.103 0.516 0.531
113.920 7 0.275 0.103 0.516 0.531
113.960 7 0.275 0.100 0.516 0.528
114.000 7 0.273 0.100 0.514 0.528
114.040 7 0.272 0.097 0.512 0.525
114.080 7 0.277 0.097 0.517 0.525
114.120 7 0.269 0.097 0.512 0.528
114.160 7 0.269 0.100 0.512 0.531
114.200 7 0.273 0.108 0.514 0.536
114.240 7 0.266 0.103 0.506 0.531
114.280 7 0.270 0.100 0.514 0.533
114.320 7 0.267 0.103 0.508 0.531
114.360 7 0.272 0.100 0.516 0.533
114.400 7 0.270 0.100 0.516 0.533
114.440 7 0.272 0.100 0.516 0.533
114.480 7 0.272 0.100 0.517 0.533
114.520 7 0.273 0.103 0.517 0.533
114.560 7 0.281 0.106 0.520 0.531
114.600 7 0.275 0.106 0.516 0.533
114.640 7 0.273 0.106 0.514 0.533
114.680 7 0.278 0.106 0.517 0.531
114.720 7 0.270 0.106 0.511 0.531
114.760 7 0.277 0.108 0.514 0.528
114.800 7 0.269 0.106 0.509 0.531
114.840 7 0.269 0.108 0.503 0.525
114.880 7 0.277 0.108 0.511 0.528
114.920 7 0.266 0.106 0.502 0.525
114.960 7 0.273 0.103 0.509 0.525
115.000 7 0.259 0.103 0.497 0.525
115.040 7 0.269 0.106 0.508 0.531
115.080 7 0.256 0.100 0.495 0.525
115.120 7 0.261 0.097 0.502 0.528
115.160 7 0.261 0.103 0.494 0.517
115.200 7 0.267 0.103 0.503 0.522
115.240 7 0.255 0.097 0.492 0.522
115.280 7 0.258 0.094 0.500 0.525
115.320 7 0.263 0.100 0.502 0.525
115.360 7 0.253 0.097 0.495 0.528
115.400 7 0.263 0.094 0.508 0.531
115.440 7 0.256 0.094 0.503 0.531
115.480 7 0.258 0.097 0.503 0.533
115.520 7 0.258 0.097 0.503 0.533
115.560 7 0.261 0.100 0.505 0.536
115.600 7 0.263 0.103 0.508 0.539
115.640 7 0.266 0.106 0.509 0.539
115.680 7 0.267 0.106 0.511 0.539
115.720 7 0.267 0.108 0.511 0.542
115.760 7 0.269 0.108 0.511 0.542
115.800 7 0.269 0.108 0.512 0.542
115.840 7 0.269 0.111 0.512 0.542
115.880 7 0.269 0.111 0.512 0.542
115.920 7 0.270 0.114 0.512 0.544
115.960 7 0.270 0.114 0.512 0.544
116.000 7 0.272 0.117 0.512 0.544
116.040 7 0.272 0.117 0.514 0.547
116.080 7 0.272 0.117 0.514 0.547
116.120 7 0.277 0.117 0.520 0.550
116.160 7 0.270 0.117 0.512 0.547
116.200 7 0.273 0.117 0.519 0.550
116.240 7 0.269 0.119 0.511 0.550
116.280 7 0.269 0.122 0.509 0.550
116.320 7 0.270 0.122 0.509 0.550
116.360 7 0.270 0.125 0.511 0.550
116.400 7 0.272 0.128 0.511 0.553
116.440 7 0.275 0.131 0.512 0.553
116.480 7 0.277 0.133 0.514 0.556
116.520 7 0.281 0.142 0.517 0.561
116.560 7 0.273 0.139 0.509 0.558
116.600 7 0.280 0.139 0.517 0.561
116.640 7 0.275 0.139 0.511 0.558
116.680 7 0.280 0.136 0.517 0.561
116.720 7 0.280 0.136 0.517 0.561
116.760 7 0.281 0.139 0.519 0.561
116.800 7 0.281 0.139 0.520 0.561
116.840 7 0.283 0.142 0.520 0.564
116.880 7 0.283 0.142 0.520 0.564
116.920 7 0.278 0.139 0.516 0.564
116.960 7 0.284 0.142 0.522 0.564
117.000 7 0.280 0.142 0.517 0.564
117.040 7 0.286 0.142 0.522 0.561
117.080 7 0.286 0.142 0.522 0.561
117.120 7 0.286 0.142 0.522 0.561
117.160 7 0.284 0.142 0.522 0.561
117.200 7 0.284 0.139 0.520 0.558
117.240 7 0.281 0.142 0.512 0.553
117.280 7 0.286 0.139 0.520 0.556
117.320 7 0.286 0.139 0.522 0.558
117.360 7 0.287 0.139 0.522 0.556
117.400 7 0.287 0.142 0.523 0.558
117.440 7 0.284 0.136 0.528 0.567
117.480 7 0.280 0.136 0.523 0.567
117.520 7 0.291 0.139 0.525 0.558
117.560 7 0.289 0.136 0.525 0.556
117.600 7 0.287 0.133 0.525 0.556
117.640 7 0.284 0.131 0.525 0.556
117.680 7 0.275 0.119 0.523 0.561
117.720 7 0.286 0.128 0.525 0.553
117.760 7 0.287 0.128 0.527 0.553
117.800 7 0.289 0.131 0.527 0.553
117.840 7 0.287 0.131 0.527 0.553
117.880 7 0.286 0.128 0.527 0.553
117.920 7 0.284 0.125 0.525 0.553
117.960 7 0.283 0.122 0.525 0.553
118.000 7 0.283 0.122 0.525 0.553
118.040 7 0.291 0.128 0.533 0.558
118.080 7 0.287 0.128 0.530 0.558
118.120 7 0.287 0.128 0.530 0.558
118.160 7 0.287 0.125 0.530 0.558
118.200 7 0.287 0.122 0.531 0.556
118.240 7 0.289 0.122 0.531 0.553
118.280 7 0.289 0.117 0.533 0.553
118.320 7 0.291 0.117 0.534 0.550
118.360 7 0.292 0.117 0.537 0.553
118.400 7 0.289 0.114 0.533 0.550
118.440 7 0.291 0.117 0.536 0.553
118.480 7 0.284 0.114 0.530 0.550
118.520 7 0.289 0.117 0.533 0.553
118.560 7 0.291 0.117 0.533 0.550
118.600 7 0.292 0.117 0.534 0.550
118.640 7 0.294 0.117 0.536 0.547
118.680 7 0.298 0.117 0.539 0.547
118.720 7 0.300 0.117 0.541 0.547
118.760 7 0.306 0.119 0.545 0.547
118.800 7 0.302 0.117 0.542 0.544
118.840 7 0.306 0.119 0.545 0.547
118.880 7 0.300 0.119 0.541 0.547
118.920 7 0.305 0.117 0.547 0.550
118.960 7 0.302 0.117 0.544 0.550
119.000 7 0.302 0.119 0.544 0.550
119.040 7 0.298 0.119 0.541 0.550
119.080 7 0.303 0.119 0.545 0.550
119.120 7 0.297 0.119 0.541 0.553
119.160 7 0.303 0.119 0.544 0.553
119.200 7 0.298 0.119 0.542 0.553
119.240 7 0.297 0.122 0.539 0.550
119.280 7 0.302 0.117 0.547 0.553
119.320 7 0.295 0.117 0.541 0.553
119.360 7 0.298 0.114 0.547 0.558
119.400 7 0.295 0.111 0.544 0.556
119.440 7 0.292 0.108 0.544 0.556
119.480 7 0.294 0.103 0.547 0.556
119.520 7 0.295 0.097 0.552 0.553
119.560 7 0.298 0.097 0.553 0.550
119.600 7 0.302 0.097 0.556 0.553
119.640 7 0.300 0.100 0.555 0.553
119.680 7 0.302 0.100 0.558 0.558
119.720 7 0.298 0.100 0.553 0.558
119.760 7 0.302 0.103 0.555 0.556
119.800 7 0.303 0.108 0.552 0.553
119.840 7 0.298 0.108 0.548 0.553
119.880 7 0.302 0.108 0.552 0.553
119.920 7 0.305 0.108 0.555 0.553
119.960 7 0.300 0.108 0.548 0.550
120.000 7 0.303 0.108 0.550 0.550
120.040 7 0.302 0.106 0.550 0.544
120.080 7 0.300 0.100 0.547 0.542
120.120 7 0.303 0.103 0.552 0.544
120.160 7 0.297 0.103 0.545 0.544
120.200 7 0.297 0.103 0.545 0.544
120.240 7 0.303 0.103 0.552 0.544
120.280 7 0.302 0.103 0.548 0.544
120.320 7 0.300 0.106 0.544 0.542
120.360 7 0.302 0.108 0.547 0.544
120.400 7 0.303 0.108 0.547 0.544
120.440 7 0.303 0.108 0.548 0.547
120.480 7 0.303 0.106 0.553 0.553
120.520 7 0.300 0.108 0.550 0.556
120.560 7 0.309 0.114 0.555 0.553
120.600 7 0.309 0.117 0.550 0.547
120.640 7 0.308 0.114 0.556 0.556
120.680 7 0.305 0.114 0.550 0.553
120.720 7 0.308 0.117 0.552 0.553
120.760 7 0.308 0.117 0.550 0.550
120.800 7 0.305 0.117 0.547 0.550
120.840 7 0.308 0.119 0.550 0.550
120.880 7 0.306 0.117 0.550 0.550
120.920 7 0.305 0.114 0.548 0.550
120.960 7 0.305 0.111 0.555 0.556
121.000 7 0.311 0.122 0.552 0.553
121.040 7 0.308 0.128 0.542 0.547
121.080 7 0.312 0.131 0.544 0.544
121.120 7 0.311 0.128 0.544 0.542
121.160 7 0.309 0.125 0.547 0.547
121.200 7 0.309 0.119 0.547 0.547
121.240 7 0.306 0.111 0.547 0.544
121.280 7 0.305 0.106 0.548 0.542
121.320 7 0.303 0.103 0.548 0.542
121.360 7 0.311 0.111 0.548 0.536
121.400 7 0.308 0.111 0.544 0.536
121.440 7 0.314 0.117 0.550 0.539
121.480 7 0.312 0.122 0.545 0.539
121.520 7 0.320 0.128 0.550 0.539
121.560 7 0.317 0.131 0.545 0.539
121.600 7 0.322 0.131 0.550 0.539
121.640 7 0.319 0.128 0.550 0.542
121.680 7 0.323 0.139 0.545 0.533
121.720 7 0.328 0.144 0.544 0.528
121.760 7 0.331 0.142 0.548 0.531
121.800 7 0.323 0.136 0.544 0.531
121.840 7 0.320 0.133 0.547 0.536
121.880 7 0.327 0.136 0.553 0.539
121.920 7 0.314 0.125 0.547 0.542
121.960 7 0.323 0.131 0.553 0.542
122.000 7 0.311 0.122 0.552 0.553
122.040 7 0.309 0.131 0.541 0.544
122.080 7 0.309 0.125 0.550 0.553
122.120 7 0.308 0.131 0.539 0.547
122.160 7 0.309 0.128 0.548 0.556
122.200 7 0.303 0.128 0.541 0.553
122.240 7 0.308 0.128 0.545 0.556
122.280 7 0.302 0.128 0.541 0.556
122.320 7 0.308 0.131 0.544 0.556
122.360 7 0.300 0.131 0.539 0.556
122.400 7 0.306 0.133 0.544 0.556
122.440 7 0.300 0.136 0.534 0.553
122.480 7 0.303 0.133 0.541 0.558
122.520 7 0.303 0.133 0.541 0.558
122.560 7 0.302 0.131 0.539 0.558
122.600 7 0.300 0.131 0.539 0.558
122.640 7 0.298 0.131 0.539 0.558
122.680 7 0.298 0.131 0.537 0.558
122.720 7 0.298 0.131 0.537 0.558
122.760 7 0.297 0.131 0.536 0.558
122.800 7 0.297 0.131 0.536 0.558
122.840 7 0.297 0.131 0.536 0.558
122.880 7 0.297 0.131 0.536 0.556
122.920 7 0.297 0.128 0.536 0.556
122.960 7 0.297 0.128 0.536 0.558
123.000 7 0.303 0.128 0.542 0.558
123.040 7 0.297 0.128 0.537 0.558
123.080 7 0.303 0.128 0.544 0.556
123.120 7 0.298 0.125 0.537 0.556
123.160 7 0.305 0.128 0.544 0.556
123.200 7 0.300 0.125 0.539 0.556
123.240 7 0.306 0.128 0.544 0.553
123.280 7 0.300 0.125 0.541 0.556
123.320 7 0.308 0.128 0.545 0.553
123.360 7 0.302 0.125 0.541 0.553
123.400 7 0.300 0.125 0.541 0.556
123.440 7 0.300 0.122 0.541 0.553
123.480 7 0.300 0.122 0.541 0.553
123.520 7 0.300 0.122 0.541 0.553
123.560 7 0.300 0.122 0.541 0.553
123.600 7 0.300 0.122 0.541 0.553
126.600 8 0.364 0.864 0.431 0.983
126.640 8 0.364 0.867 0.433 0.983
126.680 8 0.366 0.867 0.434 0.983
126.720 8 0.369 0.867 0.438 0.986
126.760 8 0.370 0.869 0.438 0.986
126.800 8 0.372 0.869 0.441 0.986
126.840 8 0.378 0.872 0.445 0.992
126.880 8 0.381 0.875 0.448 0.992
126.920 8 0.386 0.872 0.453 0.992
126.960 8 0.389 0.875 0.456 0.992
127.000 8 0.392 0.872 0.461 0.992
127.040 8 0.397 0.872 0.464 0.989
127.080 8 0.400 0.869 0.467 0.989
143.640 9 0.341 0.689 0.422 0.833
143.680 9 0.327 0.669 0.409 0.817
143.720 9 0.314 0.653 0.397 0.800
143.760 9 0.305 0.642 0.386 0.786
143.800 9 0.298 0.631 0.380 0.775
143.840 9 0.295 0.625 0.377 0.769
143.880 9 0.294 0.622 0.375 0.767
143.920 9 0.294 0.622 0.375 0.767
143.960 9 0.294 0.622 0.375 0.767
144.000 9 0.294 0.622 0.375 0.767
144.040 9 0.294 0.622 0.375 0.767
144.080 9 0.294 0.622 0.375 0.767
144.120 9 0.294 0.622 0.375 0.767
144.160 9 0.294 0.622 0.375 0.767
144.200 9 0.292 0.622 0.375 0.767
144.240 9 0.292 0.622 0.375 0.767
144.280 9 0.292 0.619 0.373 0.767
144.320 9 0.292 0.619 0.373 0.767
144.360 9 0.292 0.619 0.373 0.764
144.400 9 0.292 0.619 0.373 0.764
144.440 9 0.292 0.619 0.373 0.764
144.480 9 0.292 0.619 0.373 0.764
144.520 9 0.292 0.619 0.373 0.764
144.560 9 0.292 0.619 0.373 0.764
144.600 9 0.292 0.619 0.373 0.764
144.640 9 0.292 0.619 0.373 0.764
144.680 9 0.291 0.617 0.372 0.764
144.720 9 0.291 0.617 0.372 0.761
144.760 9 0.291 0.617 0.372 0.761
144.800 9 0.291 0.617 0.372 0.761
144.840 9 0.291 0.617 0.372 0.761
144.880 9 0.291 0.617 0.372 0.761
144.920 9 0.291 0.617 0.372 0.761
144.960 9 0.291 0.617 0.372 0.761
145.000 9 0.291 0.617 0.372 0.761
145.040 9 0.289 0.614 0.372 0.761
145.080 9 0.289 0.614 0.372 0.758
145.120 9 0.289 0.614 0.370 0.758
145.160 9 0.289 0.614 0.370 0.758
145.200 9 0.289 0.614 0.370 0.758
145.240 9 0.289 0.614 0.370 0.758
145.280 9 0.289 0.614 0.370 0.758
145.320 9 0.289 0.614 0.370 0.758
145.360 9 0.289 0.614 0.370 0.758
145.400 9 0.289 0.611 0.370 0.758
145.440 9 0.287 0.611 0.370 0.756
145.480 9 0.287 0.611 0.370 0.756
145.520 9 0.287 0.611 0.369 0.756
145.560 9 0.287 0.611 0.369 0.756
145.600 9 0.287 0.611 0.369 0.756
145.640 9 0.287 0.611 0.369 0.756
145.680 9 0.287 0.611 0.369 0.756
145.720 9 0.287 0.611 0.369 0.756
145.760 9 0.287 0.608 0.369 0.756
145.800 9 0.287 0.608 0.369 0.753
145.840 9 0.286 0.608 0.369 0.753
145.880 9 0.286 0.608 0.369 0.753
145.920 9 0.286 0.608 0.367 0.753
145.960 9 0.286 0.608 0.367 0.753
146.000 9 0.286 0.608 0.367 0.753
146.040 9 0.286 0.608 0.367 0.753
146.080 9 0.286 0.608 0.367 0.753
146.120 9 0.286 0.606 0.367 0.750
146.160 9 0.286 0.606 0.367 0.750
146.200 9 0.286 0.606 0.367 0.750
146.240 9 0.286 0.606 0.367 0.750
146.280 9 0.286 0.606 0.367 0.750
146.320 9 0.284 0.606 0.367 0.750
146.360 9 0.284 0.606 0.366 0.750
146.400 9 0.284 0.603 0.366 0.750
146.440 9 0.284 0.603 0.366 0.750
146.480 9 0.284 0.603 0.366 0.747
146.520 9 0.284 0.603 0.366 0.747
146.560 9 0.284 0.603 0.366 0.747
146.600 9 0.284 0.603 0.366 0.747
146.640 9 0.284 0.603 0.366 0.747
146.680 9 0.284 0.603 0.366 0.747
146.720 9 0.283 0.603 0.366 0.747
146.760 9 0.283 0.603 0.364 0.747
146.800 9 0.283 0.600 0.364 0.747
146.840 9 0.283 0.600 0.364 0.744
146.880 9 0.283 0.600 0.364 0.744
146.920 9 0.283 0.600 0.364 0.744
146.960 9 0.283 0.600 0.364 0.744
147.000 9 0.283 0.600 0.364 0.744
147.040 9 0.283 0.600 0.364 0.744
147.080 9 0.283 0.600 0.364 0.744
147.120 9 0.283 0.600 0.364 0.744
147.160 9 0.283 0.600 0.364 0.744
147.200 9 0.283 0.600 0.364 0.742
147.240 9 0.283 0.597 0.362 0.742
147.280 9 0.283 0.597 0.362 0.742
147.320 9 0.281 0.597 0.362 0.742
147.360 9 0.281 0.597 0.362 0.742
147.400 9 0.281 0.597 0.362 0.742
147.440 9 0.281 0.597 0.362 0.742
147.480 9 0.281 0.597 0.362 0.742
147.520 9 0.281 0.597 0.362 0.742
147.560 9 0.281 0.597 0.362 0.739
147.600 9 0.281 0.597 0.362 0.739
147.640 9 0.281 0.594 0.362 0.739
147.680 9 0.281 0.594 0.361 0.739
147.720 9 0.281 0.594 0.361 0.739
147.760 9 0.281 0.594 0.361 0.739
147.800 9 0.280 0.594 0.361 0.739
147.840 9 0.281 0.594 0.361 0.739
147.880 9 0.283 0.642 0.364 0.783
147.920 9 0.286 0.689 0.366 0.831
147.960 9 0.286 0.731 0.369 0.878
148.000 9 0.289 0.781 0.370 0.925
148.040 9 0.292 0.828 0.373 0.969
149.000 10 0.445 0.600 0.525 0.744
