3.040 0 0.366 0.200 0.458 0.364
3.080 0 0.362 0.206 0.455 0.369
3.120 0 0.355 0.214 0.448 0.381
3.160 0 0.350 0.219 0.444 0.386
3.200 0 0.344 0.228 0.438 0.394
3.240 0 0.336 0.228 0.431 0.397
3.280 0 0.334 0.219 0.428 0.386
3.320 0 0.331 0.208 0.425 0.375
3.360 0 0.331 0.200 0.425 0.367
3.400 0 0.334 0.197 0.428 0.364
3.440 0 0.330 0.189 0.425 0.358
3.480 0 0.328 0.181 0.423 0.350
3.520 0 0.327 0.175 0.420 0.344
3.560 0 0.319 0.172 0.414 0.342
3.600 0 0.309 0.175 0.405 0.344
3.640 0 0.300 0.181 0.395 0.350
3.680 0 0.292 0.186 0.388 0.356
3.720 0 0.291 0.192 0.386 0.361
3.760 0 0.287 0.192 0.384 0.364
3.800 0 0.283 0.192 0.378 0.361
3.840 0 0.278 0.197 0.375 0.367
3.880 0 0.278 0.206 0.373 0.378
3.920 0 0.281 0.214 0.380 0.389
3.960 0 0.284 0.219 0.383 0.394
4.000 0 0.286 0.222 0.383 0.394
4.040 0 0.289 0.222 0.386 0.394
4.080 0 0.289 0.200 0.384 0.372
4.120 0 0.289 0.172 0.386 0.344
4.160 0 0.289 0.158 0.384 0.331
4.200 0 0.291 0.153 0.384 0.322
4.240 0 0.284 0.153 0.380 0.325
4.280 0 0.277 0.150 0.372 0.319
4.320 0 0.277 0.150 0.372 0.319
4.360 0 0.270 0.144 0.366 0.314
4.400 0 0.264 0.153 0.358 0.319
4.440 0 0.252 0.164 0.347 0.333
4.480 0 0.245 0.172 0.339 0.339
4.520 0 0.241 0.172 0.334 0.339
4.560 0 0.234 0.175 0.328 0.342
4.600 0 0.228 0.172 0.322 0.339
4.640 0 0.220 0.172 0.314 0.339
4.680 0 0.214 0.175 0.308 0.339
4.720 0 0.211 0.158 0.305 0.325
4.760 0 0.209 0.150 0.303 0.317
4.800 0 0.211 0.142 0.305 0.308
4.840 0 0.202 0.131 0.295 0.297
4.880 0 0.194 0.133 0.287 0.300
4.920 0 0.202 0.136 0.295 0.303
4.960 0 0.206 0.139 0.300 0.303
5.000 0 0.212 0.142 0.305 0.306
5.040 0 0.211 0.147 0.303 0.311
5.080 0 0.220 0.156 0.312 0.319
5.120 0 0.227 0.158 0.320 0.325
5.160 0 0.239 0.156 0.331 0.322
5.200 0 0.245 0.142 0.339 0.308
5.240 0 0.248 0.142 0.342 0.306
5.280 0 0.256 0.144 0.350 0.314
5.320 0 0.256 0.153 0.352 0.319
5.360 0 0.264 0.153 0.359 0.322
5.400 0 0.269 0.153 0.364 0.319
5.440 0 0.273 0.153 0.370 0.322
5.480 0 0.278 0.150 0.373 0.319
5.520 0 0.278 0.142 0.373 0.311
5.560 0 0.280 0.139 0.375 0.308
5.600 0 0.272 0.139 0.367 0.308
5.640 0 0.266 0.139 0.362 0.311
27.200 1 0.416 0.222 0.688 0.706
27.240 1 0.417 0.222 0.694 0.711
27.280 1 0.420 0.228 0.700 0.725
27.320 1 0.422 0.233 0.705 0.736
27.360 1 0.425 0.236 0.709 0.742
27.400 1 0.428 0.242 0.713 0.747
27.440 1 0.431 0.244 0.714 0.747
27.480 1 0.428 0.244 0.709 0.744
27.520 1 0.436 0.242 0.720 0.747
27.560 1 0.433 0.242 0.714 0.742
27.600 1 0.439 0.236 0.722 0.739
27.640 1 0.439 0.231 0.722 0.736
27.680 1 0.433 0.228 0.716 0.731
27.720 1 0.442 0.225 0.727 0.731
27.760 1 0.439 0.222 0.722 0.725
27.800 1 0.447 0.219 0.731 0.728
27.840 1 0.445 0.219 0.728 0.722
27.880 1 0.441 0.222 0.720 0.717
27.920 1 0.448 0.217 0.731 0.719
27.960 1 0.431 0.208 0.720 0.722
28.000 1 0.438 0.206 0.728 0.722
28.040 1 0.412 0.153 0.733 0.722
28.080 1 0.414 0.158 0.728 0.719
28.120 1 0.409 0.161 0.725 0.719
28.160 1 0.409 0.164 0.723 0.719
28.200 1 0.408 0.161 0.727 0.728
28.240 1 0.405 0.158 0.731 0.739
28.280 1 0.406 0.167 0.720 0.725
28.320 1 0.417 0.164 0.733 0.725
28.360 1 0.406 0.167 0.722 0.725
28.400 1 0.412 0.164 0.728 0.728
28.440 1 0.405 0.169 0.716 0.722
28.480 1 0.406 0.164 0.727 0.733
28.520 1 0.400 0.164 0.716 0.725
28.560 1 0.409 0.167 0.723 0.725
28.600 1 0.402 0.167 0.716 0.728
28.640 1 0.406 0.169 0.722 0.731
28.680 1 0.397 0.172 0.711 0.731
28.720 1 0.400 0.172 0.717 0.733
28.760 1 0.395 0.175 0.706 0.731
28.800 1 0.397 0.175 0.711 0.731
28.840 1 0.397 0.172 0.711 0.731
28.880 1 0.395 0.167 0.711 0.728
28.920 1 0.402 0.172 0.716 0.731
28.960 1 0.392 0.167 0.708 0.731
29.000 1 0.370 0.108 0.719 0.728
29.040 1 0.394 0.131 0.714 0.700
29.080 1 0.397 0.125 0.717 0.697
29.120 1 0.402 0.125 0.720 0.692
29.160 1 0.405 0.125 0.725 0.694
29.200 1 0.403 0.128 0.720 0.692
29.240 1 0.403 0.128 0.720 0.692
29.280 1 0.406 0.133 0.722 0.692
29.320 1 0.403 0.133 0.717 0.694
29.360 1 0.409 0.136 0.728 0.700
29.400 1 0.408 0.133 0.723 0.697
29.440 1 0.416 0.133 0.733 0.700
29.480 1 0.408 0.133 0.723 0.697
29.520 1 0.411 0.133 0.731 0.703
29.560 1 0.408 0.131 0.725 0.694
29.600 1 0.419 0.131 0.736 0.694
29.640 1 0.416 0.131 0.734 0.697
29.680 1 0.427 0.128 0.745 0.694
29.720 1 0.416 0.128 0.731 0.692
29.760 1 0.425 0.133 0.741 0.694
29.800 1 0.417 0.125 0.736 0.694
29.840 1 0.416 0.117 0.742 0.697
29.880 1 0.416 0.114 0.741 0.692
29.920 1 0.416 0.114 0.742 0.692
29.960 1 0.414 0.114 0.738 0.692
30.000 1 0.438 0.147 0.728 0.664
30.040 1 0.438 0.164 0.730 0.683
30.080 1 0.444 0.161 0.742 0.692
30.120 1 0.448 0.158 0.745 0.686
30.160 1 0.452 0.161 0.745 0.683
30.200 1 0.452 0.164 0.742 0.681
30.240 1 0.448 0.164 0.739 0.678
30.280 1 0.445 0.167 0.736 0.683
30.320 1 0.441 0.164 0.733 0.686
30.360 1 0.447 0.164 0.742 0.689
30.400 1 0.442 0.164 0.741 0.694
30.440 1 0.439 0.167 0.738 0.697
30.480 1 0.442 0.167 0.739 0.694
30.520 1 0.425 0.164 0.723 0.692
30.560 1 0.427 0.161 0.723 0.689
30.600 1 0.419 0.156 0.716 0.683
30.640 1 0.427 0.161 0.720 0.683
30.680 1 0.428 0.156 0.722 0.678
30.720 1 0.427 0.156 0.720 0.678
30.760 1 0.423 0.156 0.716 0.672
30.800 1 0.420 0.153 0.711 0.669
30.840 1 0.427 0.153 0.713 0.658
30.880 1 0.430 0.144 0.714 0.650
30.920 1 0.436 0.131 0.725 0.644
30.960 1 0.441 0.122 0.736 0.650
31.000 1 0.438 0.147 0.728 0.664
31.040 1 0.425 0.128 0.708 0.631
31.080 1 0.416 0.136 0.700 0.642
31.120 1 0.408 0.156 0.688 0.653
31.160 1 0.395 0.167 0.675 0.664
31.200 1 0.386 0.172 0.667 0.672
31.240 1 0.386 0.183 0.662 0.675
31.280 1 0.384 0.183 0.659 0.675
31.320 1 0.380 0.189 0.650 0.669
31.360 1 0.392 0.189 0.666 0.675
31.400 1 0.386 0.192 0.659 0.678
31.440 1 0.402 0.192 0.673 0.678
31.480 1 0.392 0.192 0.667 0.681
31.520 1 0.402 0.194 0.675 0.683
31.560 1 0.392 0.194 0.666 0.681
31.600 1 0.395 0.192 0.669 0.678
31.640 1 0.384 0.183 0.656 0.667
31.680 1 0.397 0.178 0.669 0.664
31.720 1 0.388 0.178 0.659 0.664
31.760 1 0.386 0.183 0.659 0.672
31.800 1 0.384 0.192 0.655 0.672
31.840 1 0.386 0.192 0.653 0.669
31.880 1 0.386 0.192 0.655 0.669
31.920 1 0.386 0.192 0.656 0.672
31.960 1 0.389 0.194 0.659 0.675
32.000 1 0.373 0.147 0.662 0.664
32.040 1 0.355 0.144 0.670 0.708
32.080 1 0.356 0.139 0.672 0.703
32.120 1 0.358 0.133 0.677 0.703
32.160 1 0.356 0.131 0.677 0.700
32.200 1 0.355 0.128 0.673 0.697
32.240 1 0.353 0.125 0.673 0.694
32.280 1 0.352 0.122 0.672 0.692
32.320 1 0.352 0.122 0.670 0.692
32.360 1 0.348 0.122 0.669 0.692
32.400 1 0.347 0.119 0.667 0.689
32.440 1 0.347 0.119 0.666 0.689
32.480 1 0.342 0.114 0.661 0.683
32.520 1 0.347 0.114 0.667 0.686
32.560 1 0.339 0.114 0.659 0.683
32.600 1 0.347 0.111 0.669 0.683
32.640 1 0.344 0.111 0.664 0.683
32.680 1 0.344 0.114 0.662 0.681
32.720 1 0.336 0.111 0.656 0.683
32.760 1 0.347 0.114 0.667 0.683
32.800 1 0.338 0.108 0.661 0.683
32.840 1 0.347 0.111 0.667 0.681
32.880 1 0.347 0.111 0.667 0.681
32.920 1 0.348 0.108 0.669 0.678
32.960 1 0.348 0.108 0.669 0.678
33.000 1 0.331 0.108 0.680 0.728
33.040 1 0.347 0.089 0.702 0.719
33.080 1 0.339 0.086 0.694 0.717
33.120 1 0.348 0.086 0.705 0.719
33.160 1 0.345 0.086 0.702 0.719
33.200 1 0.350 0.086 0.706 0.719
33.240 1 0.342 0.089 0.698 0.722
33.280 1 0.350 0.089 0.706 0.722
33.320 1 0.339 0.078 0.706 0.728
33.360 1 0.348 0.092 0.705 0.728
33.400 1 0.348 0.094 0.705 0.728
33.440 1 0.352 0.097 0.705 0.725
33.480 1 0.352 0.094 0.708 0.728
33.520 1 0.353 0.094 0.708 0.725
33.560 1 0.353 0.092 0.709 0.725
33.600 1 0.356 0.092 0.709 0.722
33.640 1 0.358 0.094 0.711 0.722
33.680 1 0.353 0.094 0.706 0.722
33.720 1 0.350 0.103 0.702 0.725
33.760 1 0.350 0.111 0.694 0.725
33.800 1 0.350 0.122 0.688 0.725
33.840 1 0.348 0.122 0.689 0.728
33.880 1 0.350 0.122 0.691 0.731
33.920 1 0.353 0.125 0.695 0.733
33.960 1 0.359 0.128 0.700 0.733
34.000 1 0.370 0.108 0.719 0.728
34.040 1 0.361 0.111 0.716 0.742
34.080 1 0.352 0.119 0.698 0.736
34.120 1 0.359 0.117 0.713 0.742
34.160 1 0.350 0.114 0.703 0.739
34.200 1 0.362 0.111 0.713 0.733
34.240 1 0.353 0.097 0.709 0.731
34.280 1 0.366 0.097 0.725 0.739
34.320 1 0.352 0.097 0.709 0.736
34.360 1 0.356 0.106 0.719 0.753
34.400 1 0.348 0.117 0.697 0.736
34.440 1 0.359 0.114 0.716 0.747
34.480 1 0.355 0.108 0.708 0.736
34.520 1 0.366 0.106 0.720 0.733
34.560 1 0.362 0.106 0.717 0.733
34.600 1 0.364 0.108 0.714 0.731
34.640 1 0.358 0.106 0.716 0.739
34.680 1 0.362 0.106 0.716 0.733
34.720 1 0.367 0.103 0.719 0.728
34.760 1 0.370 0.097 0.722 0.725
34.800 1 0.377 0.100 0.723 0.717
34.840 1 0.377 0.094 0.731 0.725
34.880 1 0.381 0.097 0.736 0.725
34.920 1 0.378 0.103 0.720 0.711
34.960 1 0.388 0.106 0.730 0.717
35.000 1 0.370 0.108 0.719 0.728
35.040 1 0.383 0.092 0.728 0.706
35.080 1 0.384 0.097 0.727 0.706
35.120 1 0.381 0.100 0.723 0.708
35.160 1 0.381 0.103 0.720 0.708
35.200 1 0.383 0.100 0.727 0.714
35.240 1 0.381 0.103 0.725 0.714
35.280 1 0.378 0.103 0.723 0.717
35.320 1 0.380 0.111 0.720 0.717
35.360 1 0.381 0.111 0.720 0.717
35.400 1 0.384 0.114 0.722 0.714
35.440 1 0.388 0.114 0.723 0.711
35.480 1 0.391 0.114 0.723 0.706
35.520 1 0.389 0.108 0.727 0.708
35.560 1 0.391 0.108 0.727 0.706
35.600 1 0.391 0.108 0.728 0.708
35.640 1 0.388 0.114 0.720 0.706
35.680 1 0.395 0.117 0.728 0.711
35.720 1 0.389 0.114 0.725 0.711
35.760 1 0.397 0.106 0.741 0.717
35.800 1 0.398 0.106 0.738 0.706
35.840 1 0.406 0.103 0.753 0.717
35.880 1 0.406 0.106 0.752 0.717
35.920 1 0.406 0.111 0.752 0.728
35.960 1 0.402 0.119 0.752 0.739
36.000 1 0.409 0.108 0.758 0.728
36.040 1 0.402 0.136 0.748 0.753
36.080 1 0.411 0.131 0.758 0.744
36.120 1 0.408 0.122 0.761 0.747
36.160 1 0.422 0.122 0.770 0.742
36.200 1 0.417 0.122 0.766 0.742
36.240 1 0.430 0.125 0.778 0.744
36.280 1 0.430 0.131 0.777 0.747
36.320 1 0.439 0.125 0.789 0.750
36.360 1 0.436 0.117 0.786 0.739
36.400 1 0.431 0.106 0.780 0.725
36.440 1 0.423 0.092 0.775 0.717
36.480 1 0.419 0.086 0.770 0.714
36.520 1 0.416 0.086 0.766 0.711
36.560 1 0.412 0.089 0.762 0.711
36.600 1 0.411 0.089 0.761 0.711
36.640 1 0.409 0.089 0.756 0.706
36.680 1 0.417 0.081 0.766 0.703
36.720 1 0.412 0.081 0.758 0.697
36.760 1 0.420 0.078 0.766 0.694
36.800 1 0.422 0.086 0.762 0.692
36.840 1 0.414 0.081 0.759 0.692
36.880 1 0.422 0.078 0.769 0.694
36.920 1 0.412 0.081 0.759 0.697
36.960 1 0.419 0.081 0.767 0.700
37.000 1 0.409 0.108 0.758 0.728
37.040 1 0.392 0.114 0.742 0.739
37.080 1 0.395 0.114 0.753 0.747
37.120 1 0.380 0.111 0.741 0.753
37.160 1 0.395 0.111 0.755 0.753
37.200 1 0.388 0.094 0.747 0.733
37.240 1 0.398 0.083 0.759 0.728
37.280 1 0.394 0.081 0.756 0.722
37.320 1 0.403 0.083 0.764 0.725
37.360 1 0.394 0.092 0.752 0.728
37.400 1 0.400 0.100 0.755 0.731
37.440 1 0.403 0.106 0.750 0.725
37.480 1 0.392 0.100 0.745 0.728
37.520 1 0.409 0.100 0.761 0.725
37.560 1 0.400 0.097 0.753 0.725
37.600 1 0.408 0.100 0.764 0.731
37.640 1 0.398 0.108 0.750 0.736
37.680 1 0.402 0.114 0.755 0.744
37.720 1 0.392 0.119 0.741 0.739
37.760 1 0.394 0.114 0.745 0.739
37.800 1 0.381 0.111 0.734 0.739
37.840 1 0.384 0.108 0.736 0.733
37.880 1 0.377 0.106 0.728 0.731
37.920 1 0.381 0.103 0.734 0.733
37.960 1 0.380 0.103 0.733 0.728
38.000 1 0.370 0.108 0.719 0.728
38.040 1 0.397 0.089 0.728 0.678
38.080 1 0.391 0.089 0.722 0.678
38.120 1 0.386 0.089 0.719 0.678
38.160 1 0.391 0.089 0.722 0.678
38.200 1 0.383 0.075 0.727 0.683
38.240 1 0.389 0.083 0.727 0.683
38.280 1 0.391 0.083 0.728 0.686
38.320 1 0.392 0.083 0.730 0.686
38.360 1 0.391 0.081 0.731 0.686
38.400 1 0.397 0.081 0.741 0.692
38.440 1 0.406 0.083 0.750 0.694
38.480 1 0.412 0.086 0.761 0.706
38.520 1 0.412 0.092 0.766 0.719
38.560 1 0.409 0.100 0.761 0.728
38.600 1 0.402 0.106 0.752 0.731
38.640 1 0.389 0.103 0.742 0.731
38.680 1 0.381 0.108 0.725 0.719
38.720 1 0.367 0.125 0.716 0.744
38.760 1 0.355 0.142 0.706 0.769
38.800 1 0.355 0.150 0.708 0.781
38.840 1 0.341 0.147 0.695 0.778
38.880 1 0.347 0.139 0.708 0.781
38.920 1 0.342 0.131 0.705 0.778
38.960 1 0.356 0.131 0.717 0.775
39.000 1 0.370 0.108 0.719 0.728
39.040 1 0.352 0.125 0.709 0.761
39.080 1 0.355 0.122 0.717 0.767
39.120 1 0.355 0.119 0.709 0.750
39.160 1 0.353 0.119 0.706 0.750
39.200 1 0.350 0.125 0.703 0.753
39.240 1 0.348 0.128 0.698 0.750
39.280 1 0.347 0.128 0.697 0.747
39.320 1 0.347 0.122 0.695 0.742
39.360 1 0.348 0.119 0.694 0.733
39.400 1 0.353 0.119 0.697 0.733
39.440 1 0.347 0.131 0.684 0.731
39.480 1 0.347 0.125 0.694 0.742
39.520 1 0.344 0.119 0.689 0.733
39.560 1 0.352 0.111 0.698 0.725
39.600 1 0.350 0.111 0.694 0.719
39.640 1 0.350 0.111 0.692 0.719
39.680 1 0.348 0.114 0.688 0.717
39.720 1 0.348 0.119 0.683 0.714
39.760 1 0.347 0.114 0.680 0.708
39.800 1 0.344 0.114 0.680 0.708
39.840 1 0.345 0.111 0.681 0.708
39.880 1 0.344 0.106 0.686 0.714
39.920 1 0.347 0.106 0.684 0.706
39.960 1 0.347 0.097 0.684 0.697
40.000 1 0.331 0.108 0.680 0.728
40.040 1 0.330 0.083 0.697 0.736
40.080 1 0.323 0.075 0.694 0.733
40.120 1 0.333 0.075 0.702 0.728
40.160 1 0.328 0.067 0.695 0.722
40.200 1 0.338 0.067 0.708 0.725
40.240 1 0.330 0.067 0.698 0.722
40.280 1 0.334 0.067 0.703 0.722
40.320 1 0.325 0.064 0.697 0.722
40.360 1 0.336 0.067 0.703 0.719
40.400 1 0.331 0.067 0.697 0.717
40.440 1 0.330 0.078 0.694 0.722
40.480 1 0.327 0.092 0.694 0.742
40.520 1 0.317 0.108 0.680 0.753
40.560 1 0.302 0.131 0.656 0.758
40.600 1 0.297 0.131 0.653 0.764
40.640 1 0.295 0.131 0.652 0.764
40.680 1 0.298 0.122 0.658 0.761
40.720 1 0.303 0.114 0.666 0.758
40.760 1 0.314 0.122 0.664 0.744
40.800 1 0.317 0.119 0.666 0.739
40.840 1 0.319 0.117 0.667 0.739
40.880 1 0.319 0.119 0.669 0.742
40.920 1 0.319 0.122 0.669 0.744
40.960 1 0.317 0.122 0.667 0.744
41.000 1 0.331 0.108 0.680 0.728
41.040 1 0.334 0.111 0.681 0.731
41.080 1 0.338 0.111 0.684 0.728
41.120 1 0.347 0.117 0.688 0.722
41.160 1 0.341 0.111 0.686 0.722
41.200 1 0.352 0.108 0.697 0.722
41.240 1 0.347 0.100 0.695 0.719
41.280 1 0.359 0.097 0.708 0.719
41.320 1 0.356 0.100 0.700 0.711
41.360 1 0.362 0.103 0.705 0.714
41.400 1 0.361 0.108 0.698 0.708
41.440 1 0.361 0.103 0.703 0.711
41.480 1 0.361 0.100 0.708 0.717
41.520 1 0.366 0.106 0.711 0.719
41.560 1 0.362 0.111 0.702 0.714
41.600 1 0.367 0.108 0.709 0.717
41.640 1 0.372 0.111 0.709 0.714
41.680 1 0.370 0.106 0.713 0.717
41.720 1 0.373 0.108 0.713 0.711
41.760 1 0.372 0.103 0.717 0.717
41.800 1 0.377 0.100 0.722 0.717
41.840 1 0.373 0.100 0.720 0.719
41.880 1 0.377 0.106 0.714 0.706
41.920 1 0.373 0.100 0.719 0.714
41.960 1 0.369 0.097 0.716 0.714
42.000 1 0.370 0.108 0.719 0.728
42.040 1 0.377 0.111 0.723 0.725
42.080 1 0.372 0.103 0.730 0.739
42.120 1 0.375 0.111 0.722 0.728
42.160 1 0.367 0.117 0.719 0.742
42.200 1 0.364 0.125 0.714 0.750
42.240 1 0.361 0.131 0.703 0.742
42.280 1 0.361 0.133 0.705 0.744
42.320 1 0.362 0.131 0.706 0.742
42.360 1 0.364 0.128 0.708 0.742
42.400 1 0.364 0.128 0.711 0.744
42.440 1 0.362 0.128 0.709 0.744
42.480 1 0.366 0.125 0.717 0.753
42.520 1 0.362 0.125 0.713 0.747
42.560 1 0.366 0.125 0.713 0.739
42.600 1 0.364 0.114 0.716 0.739
42.640 1 0.369 0.117 0.714 0.733
42.680 1 0.366 0.117 0.711 0.731
42.720 1 0.367 0.108 0.720 0.736
42.760 1 0.359 0.111 0.709 0.731
42.800 1 0.366 0.111 0.711 0.728
42.840 1 0.362 0.106 0.716 0.733
42.880 1 0.369 0.106 0.717 0.725
42.920 1 0.369 0.111 0.711 0.722
42.960 1 0.364 0.114 0.706 0.722
43.000 1 0.370 0.108 0.719 0.728
43.040 1 0.381 0.111 0.717 0.706
43.080 1 0.375 0.108 0.713 0.708
43.120 1 0.377 0.111 0.713 0.706
43.160 1 0.370 0.108 0.706 0.706
43.200 1 0.373 0.106 0.709 0.703
43.240 1 0.367 0.103 0.702 0.700
43.280 1 0.377 0.097 0.716 0.700
43.320 1 0.369 0.092 0.713 0.706
43.360 1 0.378 0.094 0.720 0.703
43.400 1 0.370 0.100 0.709 0.703
43.440 1 0.373 0.103 0.714 0.708
43.480 1 0.377 0.103 0.717 0.711
43.520 1 0.369 0.106 0.709 0.708
43.560 1 0.373 0.108 0.713 0.711
43.600 1 0.364 0.108 0.703 0.711
43.640 1 0.370 0.106 0.714 0.719
43.680 1 0.367 0.108 0.708 0.714
43.720 1 0.370 0.111 0.713 0.719
43.760 1 0.366 0.108 0.708 0.719
43.800 1 0.367 0.108 0.711 0.719
43.840 1 0.364 0.103 0.713 0.722
43.880 1 0.367 0.106 0.716 0.725
43.920 1 0.370 0.108 0.720 0.728
43.960 1 0.373 0.108 0.723 0.731
44.000 1 0.370 0.108 0.719 0.728
44.040 1 0.366 0.147 0.681 0.711
44.080 1 0.372 0.144 0.691 0.714
44.120 1 0.369 0.139 0.689 0.711
44.160 1 0.373 0.139 0.694 0.711
44.200 1 0.372 0.139 0.692 0.708
44.240 1 0.377 0.153 0.691 0.711
44.280 1 0.372 0.144 0.691 0.711
44.320 1 0.366 0.139 0.688 0.711
44.360 1 0.370 0.133 0.697 0.717
44.400 1 0.370 0.131 0.695 0.711
44.440 1 0.370 0.133 0.694 0.711
44.480 1 0.369 0.139 0.688 0.708
44.520 1 0.369 0.142 0.686 0.706
44.560 1 0.364 0.142 0.681 0.706
44.600 1 0.369 0.144 0.686 0.708
44.640 1 0.362 0.136 0.684 0.708
44.680 1 0.361 0.133 0.683 0.708
44.720 1 0.367 0.131 0.688 0.700
44.760 1 0.370 0.128 0.692 0.703
44.800 1 0.375 0.131 0.697 0.703
44.840 1 0.375 0.125 0.698 0.700
44.880 1 0.372 0.122 0.695 0.697
44.920 1 0.370 0.119 0.694 0.697
44.960 1 0.367 0.117 0.691 0.694
45.000 1 0.373 0.147 0.662 0.664
45.040 1 0.373 0.144 0.662 0.661
45.080 1 0.373 0.144 0.661 0.658
45.120 1 0.367 0.144 0.652 0.656
45.160 1 0.372 0.144 0.659 0.658
45.200 1 0.367 0.150 0.648 0.653
45.240 1 0.373 0.139 0.673 0.675
45.280 1 0.359 0.131 0.659 0.667
45.320 1 0.375 0.131 0.678 0.672
45.360 1 0.359 0.122 0.661 0.661
45.400 1 0.375 0.128 0.678 0.669
45.440 1 0.359 0.119 0.661 0.658
45.480 1 0.373 0.122 0.680 0.669
45.520 1 0.361 0.119 0.664 0.661
45.560 1 0.372 0.128 0.673 0.664
45.600 1 0.372 0.125 0.667 0.653
45.640 1 0.372 0.125 0.666 0.650
45.680 1 0.372 0.122 0.666 0.647
45.720 1 0.372 0.122 0.666 0.647
45.760 1 0.372 0.122 0.666 0.647
76.200 2 0.494 0.278 0.559 0.394
76.240 2 0.494 0.278 0.559 0.394
76.280 2 0.494 0.275 0.559 0.392
76.320 2 0.492 0.275 0.558 0.392
76.360 2 0.494 0.272 0.559 0.389
76.400 2 0.492 0.269 0.558 0.386
76.440 2 0.492 0.264 0.559 0.381
76.480 2 0.492 0.258 0.558 0.375
76.520 2 0.491 0.250 0.558 0.367
76.560 2 0.492 0.242 0.558 0.361
76.600 2 0.492 0.239 0.559 0.358
76.640 2 0.492 0.236 0.559 0.356
76.680 2 0.495 0.236 0.562 0.356
76.720 2 0.494 0.239 0.561 0.356
76.760 2 0.492 0.239 0.559 0.356
76.800 2 0.494 0.236 0.561 0.353
76.840 2 0.494 0.233 0.561 0.353
76.880 2 0.492 0.233 0.555 0.347
76.920 2 0.491 0.228 0.555 0.344
76.960 2 0.489 0.222 0.558 0.344
77.000 2 0.491 0.219 0.558 0.339
77.040 2 0.491 0.219 0.558 0.339
77.080 2 0.491 0.225 0.558 0.342
77.120 2 0.495 0.236 0.558 0.347
77.160 2 0.497 0.244 0.561 0.358
77.200 2 0.498 0.247 0.564 0.364
77.240 2 0.497 0.250 0.562 0.367
77.280 2 0.497 0.253 0.562 0.369
77.320 2 0.498 0.256 0.564 0.372
77.360 2 0.502 0.256 0.567 0.372
77.400 2 0.503 0.247 0.569 0.364
77.440 2 0.500 0.247 0.567 0.367
77.480 2 0.498 0.247 0.566 0.367
77.520 2 0.502 0.250 0.569 0.369
77.560 2 0.502 0.247 0.569 0.364
77.600 2 0.503 0.242 0.570 0.361
77.640 2 0.497 0.239 0.564 0.358
77.680 2 0.498 0.239 0.566 0.358
77.720 2 0.502 0.239 0.567 0.358
77.760 2 0.500 0.233 0.566 0.353
77.800 2 0.498 0.233 0.566 0.350
77.840 2 0.497 0.231 0.564 0.350
77.880 2 0.497 0.231 0.564 0.350
77.920 2 0.497 0.231 0.562 0.347
77.960 2 0.498 0.231 0.562 0.344
78.000 2 0.495 0.231 0.561 0.347
78.040 2 0.495 0.231 0.561 0.347
78.080 2 0.494 0.231 0.558 0.347
78.120 2 0.494 0.233 0.559 0.347
78.160 2 0.494 0.233 0.559 0.350
78.200 2 0.495 0.236 0.561 0.353
78.240 2 0.497 0.239 0.562 0.356
78.280 2 0.498 0.239 0.564 0.356
78.320 2 0.500 0.242 0.566 0.358
78.360 2 0.500 0.242 0.566 0.358
78.400 2 0.498 0.244 0.564 0.361
78.440 2 0.497 0.247 0.562 0.364
78.480 2 0.498 0.256 0.564 0.372
78.520 2 0.503 0.261 0.569 0.378
80.760 3 0.211 0.328 0.273 0.442
80.800 3 0.200 0.325 0.266 0.442
80.840 3 0.189 0.319 0.255 0.439
80.880 3 0.177 0.317 0.242 0.433
80.920 3 0.166 0.314 0.231 0.433
80.960 3 0.156 0.317 0.223 0.433
81.000 3 0.145 0.314 0.212 0.433
81.040 3 0.138 0.314 0.205 0.431
81.080 3 0.127 0.314 0.195 0.433
81.120 3 0.119 0.317 0.186 0.433
81.160 3 0.113 0.317 0.178 0.436
81.200 3 0.103 0.317 0.170 0.439
81.240 3 0.095 0.325 0.164 0.444
81.280 3 0.087 0.331 0.155 0.450
81.320 3 0.080 0.336 0.147 0.456
81.360 3 0.072 0.339 0.139 0.458
80.920 4 0.072 0.339 0.127 0.436
80.960 4 0.064 0.339 0.119 0.436
81.000 4 0.058 0.339 0.114 0.439
81.040 4 0.050 0.339 0.108 0.442
81.080 4 0.045 0.342 0.102 0.442
81.120 4 0.039 0.347 0.097 0.447
81.160 4 0.031 0.350 0.089 0.450
81.200 4 0.028 0.350 0.086 0.453
81.240 4 0.022 0.347 0.080 0.453
81.280 4 0.016 0.347 0.075 0.453
81.320 4 0.009 0.344 0.070 0.453
81.360 4 0.005 0.342 0.066 0.453
81.400 4 -0.002 0.342 0.061 0.450
81.440 4 -0.009 0.339 0.053 0.450
93.000 5 0.733 0.217 0.789 0.317
96.160 6 0.441 0.206 0.672 0.617
96.200 6 0.436 0.208 0.666 0.614
96.240 6 0.436 0.208 0.666 0.617
96.280 6 0.441 0.208 0.670 0.617
96.320 6 0.436 0.211 0.664 0.617
96.360 6 0.436 0.214 0.664 0.619
96.400 6 0.441 0.214 0.670 0.622
96.440 6 0.434 0.217 0.664 0.622
96.480 6 0.436 0.219 0.664 0.625
96.520 6 0.438 0.217 0.669 0.628
96.560 6 0.434 0.222 0.661 0.625
96.600 6 0.434 0.219 0.661 0.625
96.640 6 0.431 0.214 0.662 0.625
96.680 6 0.423 0.197 0.667 0.628
96.720 6 0.434 0.200 0.672 0.622
96.760 6 0.428 0.203 0.666 0.622
96.800 6 0.428 0.203 0.678 0.647
96.840 6 0.422 0.214 0.666 0.644
96.880 6 0.423 0.217 0.672 0.656
96.920 6 0.419 0.222 0.661 0.653
96.960 6 0.417 0.222 0.659 0.653
97.000 6 0.417 0.219 0.659 0.650
97.040 6 0.417 0.222 0.658 0.650
97.080 6 0.417 0.222 0.658 0.650
97.120 6 0.420 0.222 0.661 0.650
97.160 6 0.414 0.225 0.653 0.650
97.200 6 0.417 0.225 0.656 0.650
97.240 6 0.417 0.225 0.656 0.653
97.280 6 0.416 0.225 0.656 0.653
97.320 6 0.417 0.225 0.656 0.653
97.360 6 0.416 0.225 0.658 0.653
97.400 6 0.417 0.219 0.662 0.653
97.440 6 0.417 0.222 0.658 0.650
97.480 6 0.417 0.222 0.658 0.650
97.520 6 0.417 0.222 0.656 0.647
97.560 6 0.419 0.222 0.661 0.650
97.600 6 0.416 0.222 0.658 0.650
97.640 6 0.416 0.219 0.656 0.647
97.680 6 0.419 0.219 0.661 0.650
97.720 6 0.414 0.219 0.655 0.650
97.760 6 0.416 0.219 0.659 0.650
97.800 6 0.414 0.219 0.656 0.650
97.840 6 0.417 0.219 0.659 0.650
97.880 6 0.417 0.219 0.659 0.650
97.920 6 0.417 0.217 0.659 0.650
97.960 6 0.416 0.214 0.659 0.647
98.000 6 0.417 0.219 0.659 0.650
98.040 6 0.411 0.228 0.652 0.656
98.080 6 0.417 0.228 0.658 0.656
98.120 6 0.414 0.228 0.658 0.661
98.160 6 0.412 0.228 0.652 0.653
98.200 6 0.419 0.228 0.658 0.653
98.240 6 0.414 0.228 0.650 0.647
98.280 6 0.412 0.225 0.655 0.656
98.320 6 0.416 0.225 0.655 0.650
98.360 6 0.417 0.225 0.655 0.647
98.400 6 0.417 0.225 0.655 0.647
98.440 6 0.416 0.225 0.656 0.650
98.480 6 0.416 0.225 0.656 0.650
98.520 6 0.414 0.225 0.653 0.653
98.560 6 0.417 0.225 0.656 0.650
98.600 6 0.417 0.225 0.656 0.650
98.640 6 0.416 0.225 0.655 0.650
98.680 6 0.419 0.222 0.662 0.656
98.720 6 0.414 0.222 0.658 0.653
98.760 6 0.419 0.217 0.664 0.653
98.800 6 0.416 0.217 0.659 0.650
98.840 6 0.422 0.214 0.666 0.647
98.880 6 0.417 0.214 0.659 0.644
98.920 6 0.422 0.211 0.666 0.647
98.960 6 0.417 0.211 0.661 0.644
99.000 6 0.417 0.219 0.659 0.650
99.040 6 0.419 0.206 0.662 0.639
99.080 6 0.419 0.208 0.662 0.642
99.120 6 0.419 0.211 0.662 0.644
99.160 6 0.420 0.217 0.662 0.647
99.200 6 0.416 0.225 0.655 0.650
99.240 6 0.422 0.228 0.664 0.656
99.280 6 0.419 0.228 0.661 0.656
99.320 6 0.422 0.225 0.662 0.656
99.360 6 0.417 0.222 0.658 0.653
99.400 6 0.423 0.222 0.664 0.650
99.440 6 0.420 0.222 0.658 0.644
99.480 6 0.423 0.225 0.662 0.650
99.520 6 0.417 0.231 0.656 0.656
99.560 6 0.419 0.233 0.662 0.664
99.600 6 0.416 0.242 0.655 0.667
99.640 6 0.417 0.244 0.658 0.672
99.680 6 0.417 0.244 0.658 0.672
99.720 6 0.417 0.242 0.658 0.669
99.760 6 0.419 0.242 0.656 0.664
99.800 6 0.417 0.236 0.658 0.664
99.840 6 0.417 0.233 0.659 0.664
99.880 6 0.419 0.233 0.659 0.664
99.920 6 0.419 0.233 0.659 0.664
99.960 6 0.417 0.233 0.658 0.661
100.000 6 0.417 0.219 0.659 0.650
100.040 6 0.417 0.225 0.658 0.653
100.080 6 0.414 0.225 0.656 0.653
100.120 6 0.417 0.225 0.659 0.653
100.160 6 0.417 0.222 0.659 0.653
100.200 6 0.417 0.222 0.659 0.653
100.240 6 0.417 0.219 0.659 0.653
100.280 6 0.414 0.219 0.656 0.650
100.320 6 0.417 0.219 0.661 0.650
100.360 6 0.417 0.219 0.659 0.650
100.400 6 0.417 0.219 0.659 0.647
100.440 6 0.417 0.219 0.659 0.647
100.480 6 0.417 0.217 0.659 0.647
100.520 6 0.416 0.219 0.655 0.644
100.560 6 0.417 0.219 0.658 0.647
100.600 6 0.417 0.219 0.659 0.647
100.640 6 0.416 0.219 0.656 0.647
100.680 6 0.417 0.217 0.659 0.647
100.720 6 0.422 0.219 0.661 0.644
100.760 6 0.417 0.219 0.655 0.644
100.800 6 0.417 0.217 0.662 0.653
100.840 6 0.417 0.217 0.659 0.647
100.880 6 0.417 0.217 0.659 0.647
100.920 6 0.417 0.217 0.659 0.644
100.960 6 0.417 0.214 0.659 0.644
101.000 6 0.417 0.219 0.659 0.650
101.040 6 0.416 0.225 0.658 0.656
101.080 6 0.416 0.225 0.658 0.656
101.120 6 0.417 0.222 0.662 0.658
101.160 6 0.414 0.225 0.655 0.653
101.200 6 0.417 0.219 0.662 0.656
101.240 6 0.414 0.222 0.655 0.650
101.280 6 0.419 0.219 0.664 0.656
101.320 6 0.416 0.222 0.656 0.650
101.360 6 0.419 0.217 0.664 0.653
101.400 6 0.417 0.219 0.659 0.650
101.440 6 0.419 0.217 0.664 0.653
101.480 6 0.417 0.217 0.661 0.650
101.520 6 0.420 0.217 0.664 0.653
101.560 6 0.419 0.217 0.658 0.644
101.600 6 0.422 0.219 0.662 0.644
101.640 6 0.419 0.217 0.661 0.644
101.680 6 0.419 0.214 0.661 0.647
101.720 6 0.420 0.214 0.666 0.647
101.760 6 0.419 0.214 0.662 0.647
101.800 6 0.420 0.211 0.667 0.650
101.840 6 0.417 0.211 0.664 0.647
101.880 6 0.417 0.211 0.664 0.647
101.920 6 0.417 0.211 0.664 0.647
101.960 6 0.417 0.211 0.664 0.647
102.000 6 0.417 0.219 0.659 0.650
102.040 6 0.433 0.225 0.669 0.644
102.080 6 0.431 0.219 0.670 0.650
102.120 6 0.431 0.219 0.670 0.650
102.160 6 0.433 0.222 0.670 0.644
102.200 6 0.431 0.219 0.672 0.650
102.240 6 0.434 0.219 0.675 0.650
102.280 6 0.430 0.219 0.669 0.647
102.320 6 0.434 0.219 0.672 0.644
102.360 6 0.431 0.219 0.669 0.644
102.400 6 0.431 0.219 0.672 0.647
102.440 6 0.431 0.217 0.673 0.647
102.480 6 0.431 0.217 0.673 0.647
102.520 6 0.431 0.217 0.673 0.647
102.560 6 0.431 0.217 0.673 0.647
102.600 6 0.431 0.217 0.673 0.647
102.640 6 0.431 0.217 0.673 0.650
102.680 6 0.431 0.217 0.673 0.650
102.720 6 0.431 0.217 0.673 0.650
102.760 6 0.431 0.217 0.673 0.650
102.800 6 0.431 0.217 0.675 0.650
102.840 6 0.431 0.217 0.675 0.650
102.880 6 0.431 0.217 0.675 0.650
102.920 6 0.431 0.217 0.675 0.650
102.960 6 0.433 0.217 0.675 0.650
103.000 6 0.445 0.219 0.686 0.650
103.040 6 0.444 0.211 0.689 0.653
103.080 6 0.442 0.214 0.686 0.650
103.120 6 0.444 0.211 0.689 0.650
103.160 6 0.439 0.214 0.683 0.650
103.200 6 0.442 0.214 0.683 0.644
103.240 6 0.442 0.214 0.686 0.650
103.280 6 0.442 0.214 0.686 0.650
103.320 6 0.442 0.214 0.686 0.650
103.360 6 0.444 0.214 0.688 0.653
103.400 6 0.444 0.217 0.688 0.653
103.440 6 0.444 0.217 0.688 0.650
103.480 6 0.444 0.217 0.688 0.650
103.520 6 0.445 0.217 0.688 0.650
103.560 6 0.445 0.219 0.688 0.650
103.600 6 0.445 0.219 0.686 0.650
103.640 6 0.447 0.222 0.686 0.650
103.680 6 0.447 0.225 0.681 0.644
103.720 6 0.448 0.225 0.683 0.647
103.760 6 0.445 0.225 0.681 0.647
103.800 6 0.447 0.222 0.684 0.650
103.840 6 0.447 0.222 0.686 0.650
103.880 6 0.448 0.222 0.691 0.658
103.920 6 0.445 0.225 0.684 0.653
103.960 6 0.452 0.225 0.691 0.653
104.000 6 0.445 0.219 0.686 0.650
104.040 6 0.445 0.222 0.684 0.650
104.080 6 0.445 0.222 0.683 0.650
104.120 6 0.444 0.222 0.684 0.650
104.160 6 0.444 0.222 0.684 0.650
104.200 6 0.444 0.222 0.684 0.650
104.240 6 0.444 0.217 0.686 0.650
104.280 6 0.445 0.219 0.684 0.647
104.320 6 0.445 0.217 0.686 0.650
104.360 6 0.445 0.217 0.688 0.650
104.400 6 0.445 0.217 0.688 0.650
104.440 6 0.445 0.217 0.688 0.650
104.480 6 0.442 0.217 0.684 0.650
104.520 6 0.445 0.217 0.688 0.650
104.560 6 0.442 0.217 0.684 0.650
104.600 6 0.442 0.211 0.688 0.650
104.640 6 0.444 0.217 0.684 0.650
104.680 6 0.447 0.214 0.689 0.647
104.720 6 0.444 0.219 0.683 0.647
104.760 6 0.448 0.217 0.692 0.653
104.800 6 0.444 0.217 0.684 0.650
104.840 6 0.448 0.217 0.694 0.656
104.880 6 0.444 0.217 0.686 0.653
104.920 6 0.450 0.214 0.695 0.656
104.960 6 0.441 0.217 0.681 0.647
105.000 6 0.445 0.219 0.686 0.650
105.040 6 0.447 0.217 0.689 0.650
105.080 6 0.445 0.217 0.686 0.647
105.120 6 0.447 0.214 0.694 0.656
105.160 6 0.442 0.217 0.684 0.650
105.200 6 0.448 0.217 0.691 0.650
105.240 6 0.445 0.219 0.686 0.650
105.280 6 0.447 0.219 0.683 0.644
105.320 6 0.448 0.214 0.695 0.653
105.360 6 0.439 0.214 0.683 0.653
105.400 6 0.444 0.214 0.691 0.656
105.440 6 0.444 0.211 0.692 0.658
105.480 6 0.441 0.214 0.686 0.653
105.520 6 0.447 0.214 0.692 0.653
105.560 6 0.442 0.217 0.684 0.650
105.600 6 0.444 0.217 0.686 0.650
105.640 6 0.444 0.217 0.686 0.647
105.680 6 0.444 0.214 0.686 0.647
105.720 6 0.447 0.214 0.689 0.647
105.760 6 0.444 0.214 0.684 0.644
105.800 6 0.445 0.217 0.684 0.644
105.840 6 0.445 0.217 0.686 0.647
105.880 6 0.445 0.219 0.686 0.650
105.920 6 0.445 0.219 0.686 0.653
105.960 6 0.445 0.222 0.686 0.653
106.000 6 0.445 0.219 0.686 0.650
106.040 6 0.445 0.222 0.686 0.653
106.080 6 0.445 0.222 0.686 0.653
106.120 6 0.445 0.222 0.686 0.653
106.160 6 0.445 0.222 0.686 0.653
106.200 6 0.445 0.225 0.686 0.653
106.240 6 0.450 0.225 0.688 0.653
106.280 6 0.444 0.225 0.681 0.650
106.320 6 0.445 0.219 0.688 0.656
106.360 6 0.445 0.219 0.686 0.650
106.400 6 0.445 0.222 0.684 0.650
106.440 6 0.448 0.222 0.688 0.650
106.480 6 0.445 0.222 0.684 0.650
106.520 6 0.445 0.222 0.684 0.650
106.560 6 0.444 0.225 0.681 0.647
106.600 6 0.448 0.222 0.688 0.650
106.640 6 0.444 0.222 0.683 0.650
106.680 6 0.447 0.219 0.695 0.664
106.720 6 0.439 0.222 0.680 0.653
106.760 6 0.448 0.219 0.695 0.661
106.800 6 0.442 0.222 0.684 0.658
106.840 6 0.445 0.219 0.694 0.664
106.880 6 0.441 0.219 0.688 0.661
106.920 6 0.447 0.219 0.692 0.658
106.960 6 0.442 0.219 0.684 0.650
107.000 6 0.445 0.219 0.686 0.650
107.040 6 0.448 0.214 0.692 0.650
107.080 6 0.447 0.217 0.688 0.647
107.120 6 0.447 0.219 0.686 0.647
107.160 6 0.447 0.222 0.686 0.650
107.200 6 0.445 0.222 0.689 0.656
107.240 6 0.445 0.225 0.681 0.650
107.280 6 0.450 0.222 0.689 0.650
107.320 6 0.444 0.219 0.683 0.647
107.360 6 0.445 0.217 0.689 0.653
107.400 6 0.445 0.214 0.691 0.650
107.440 6 0.442 0.219 0.681 0.647
107.480 6 0.447 0.219 0.688 0.650
107.520 6 0.442 0.225 0.680 0.650
107.560 6 0.444 0.225 0.686 0.658
107.600 6 0.442 0.228 0.680 0.653
107.640 6 0.447 0.225 0.686 0.653
107.680 6 0.445 0.222 0.684 0.650
107.720 6 0.445 0.222 0.684 0.650
107.760 6 0.444 0.219 0.684 0.647
107.800 6 0.444 0.219 0.683 0.647
107.840 6 0.447 0.219 0.688 0.650
107.880 6 0.444 0.219 0.680 0.642
107.920 6 0.441 0.222 0.681 0.653
107.960 6 0.445 0.219 0.689 0.656
108.000 6 0.445 0.219 0.686 0.650
108.040 6 0.444 0.217 0.681 0.644
108.080 6 0.444 0.211 0.689 0.650
108.120 6 0.438 0.208 0.683 0.647
108.160 6 0.444 0.208 0.691 0.647
108.200 6 0.444 0.214 0.683 0.639
108.240 6 0.445 0.217 0.686 0.647
108.280 6 0.445 0.222 0.686 0.650
108.320 6 0.447 0.225 0.688 0.656
108.360 6 0.445 0.228 0.681 0.650
108.400 6 0.447 0.225 0.686 0.653
108.440 6 0.447 0.222 0.688 0.653
108.480 6 0.447 0.222 0.688 0.653
108.520 6 0.447 0.222 0.688 0.653
108.560 6 0.447 0.225 0.686 0.653
108.600 6 0.445 0.225 0.681 0.650
108.640 6 0.445 0.222 0.688 0.656
108.680 6 0.445 0.222 0.684 0.650
108.720 6 0.444 0.222 0.681 0.647
108.760 6 0.445 0.219 0.686 0.650
108.800 6 0.445 0.219 0.686 0.650
108.840 6 0.447 0.222 0.686 0.650
108.880 6 0.444 0.225 0.681 0.650
108.920 6 0.450 0.225 0.688 0.650
108.960 6 0.445 0.225 0.678 0.644
109.000 6 0.445 0.219 0.686 0.650
109.040 6 0.445 0.217 0.688 0.653
109.080 6 0.442 0.219 0.680 0.644
109.120 6 0.447 0.219 0.688 0.647
109.160 6 0.445 0.219 0.683 0.647
109.200 6 0.445 0.222 0.683 0.647
109.240 6 0.445 0.225 0.683 0.650
109.280 6 0.444 0.225 0.683 0.650
109.320 6 0.445 0.222 0.684 0.647
109.360 6 0.444 0.222 0.684 0.653
109.400 6 0.441 0.219 0.684 0.656
109.440 6 0.444 0.219 0.684 0.653
109.480 6 0.445 0.222 0.686 0.653
109.520 6 0.441 0.219 0.683 0.653
109.560 6 0.442 0.217 0.684 0.653
109.600 6 0.444 0.214 0.686 0.647
109.640 6 0.444 0.211 0.688 0.644
109.680 6 0.445 0.208 0.688 0.644
109.720 6 0.445 0.208 0.689 0.644
109.760 6 0.445 0.208 0.691 0.644
109.800 6 0.448 0.208 0.694 0.644
109.840 6 0.450 0.208 0.689 0.639
109.880 6 0.447 0.211 0.689 0.644
109.920 6 0.444 0.214 0.686 0.647
109.960 6 0.447 0.214 0.689 0.647
110.000 6 0.445 0.219 0.686 0.650
110.040 6 0.445 0.217 0.686 0.647
110.080 6 0.445 0.217 0.686 0.647
110.120 6 0.447 0.219 0.688 0.650
110.160 6 0.447 0.219 0.688 0.650
110.200 6 0.447 0.222 0.689 0.653
110.240 6 0.448 0.222 0.689 0.653
110.280 6 0.447 0.222 0.689 0.653
110.320 6 0.445 0.225 0.683 0.650
110.360 6 0.445 0.222 0.684 0.650
110.400 6 0.444 0.222 0.680 0.647
110.440 6 0.445 0.222 0.686 0.653
110.480 6 0.442 0.222 0.681 0.653
110.520 6 0.441 0.225 0.678 0.650
110.560 6 0.445 0.225 0.684 0.650
110.600 6 0.442 0.225 0.678 0.647
110.640 6 0.444 0.225 0.683 0.653
110.680 6 0.444 0.225 0.683 0.653
110.720 6 0.444 0.225 0.684 0.653
110.760 6 0.445 0.222 0.684 0.653
110.800 6 0.445 0.225 0.686 0.653
110.840 6 0.445 0.225 0.686 0.653
110.880 6 0.448 0.222 0.689 0.653
110.920 6 0.445 0.225 0.684 0.653
110.960 6 0.444 0.225 0.681 0.650
111.000 6 0.445 0.219 0.686 0.650
111.040 6 0.447 0.211 0.691 0.647
111.080 6 0.445 0.214 0.684 0.642
111.120 6 0.447 0.214 0.688 0.644
111.160 6 0.447 0.214 0.688 0.644
111.200 6 0.448 0.211 0.691 0.644
111.240 6 0.444 0.214 0.681 0.639
111.280 6 0.450 0.211 0.691 0.642
111.320 6 0.442 0.214 0.680 0.639
111.360 6 0.447 0.208 0.694 0.650
111.400 6 0.441 0.203 0.686 0.642
111.440 6 0.442 0.200 0.689 0.642
111.480 6 0.444 0.197 0.689 0.636
111.520 6 0.447 0.192 0.697 0.639
111.560 6 0.442 0.194 0.688 0.633
111.600 6 0.450 0.200 0.694 0.636
111.640 6 0.445 0.208 0.686 0.639
111.680 6 0.447 0.211 0.692 0.647
111.720 6 0.444 0.222 0.683 0.650
111.760 6 0.447 0.222 0.689 0.656
111.800 6 0.445 0.225 0.684 0.653
111.840 6 0.445 0.225 0.684 0.656
111.880 6 0.445 0.225 0.686 0.656
111.920 6 0.445 0.225 0.686 0.656
111.960 6 0.448 0.225 0.689 0.656
112.000 6 0.445 0.219 0.686 0.650
112.040 6 0.444 0.228 0.683 0.656
112.080 6 0.445 0.225 0.686 0.658
112.120 6 0.447 0.222 0.691 0.658
112.160 6 0.441 0.219 0.684 0.658
112.200 6 0.445 0.222 0.688 0.656
112.240 6 0.445 0.219 0.686 0.647
112.280 6 0.447 0.217 0.686 0.644
112.320 6 0.447 0.214 0.688 0.644
112.360 6 0.448 0.214 0.686 0.642
112.400 6 0.447 0.211 0.686 0.639
112.440 6 0.450 0.214 0.689 0.644
112.480 6 0.447 0.214 0.686 0.642
112.520 6 0.447 0.214 0.686 0.642
112.560 6 0.447 0.214 0.686 0.644
112.600 6 0.447 0.214 0.688 0.644
112.640 6 0.447 0.214 0.688 0.644
112.680 6 0.445 0.211 0.691 0.653
112.720 6 0.444 0.214 0.684 0.644
112.760 6 0.448 0.214 0.691 0.644
112.800 6 0.447 0.214 0.686 0.644
112.840 6 0.442 0.214 0.684 0.644
112.880 6 0.445 0.214 0.689 0.650
112.920 6 0.445 0.211 0.686 0.644
112.960 6 0.447 0.211 0.689 0.644
113.000 6 0.445 0.219 0.686 0.650
113.040 6 0.444 0.219 0.683 0.650
113.080 6 0.442 0.219 0.683 0.650
113.120 6 0.442 0.219 0.683 0.650
113.160 6 0.442 0.217 0.683 0.647
113.200 6 0.442 0.217 0.683 0.647
113.240 6 0.442 0.217 0.683 0.647
113.280 6 0.444 0.217 0.683 0.647
113.320 6 0.441 0.217 0.680 0.644
113.360 6 0.445 0.214 0.688 0.647
113.400 6 0.442 0.217 0.681 0.644
113.440 6 0.447 0.214 0.689 0.647
113.480 6 0.445 0.214 0.686 0.644
113.520 6 0.447 0.214 0.689 0.647
113.560 6 0.445 0.214 0.686 0.644
113.600 6 0.445 0.214 0.686 0.644
113.640 6 0.442 0.211 0.684 0.644
113.680 6 0.445 0.211 0.692 0.653
113.720 6 0.444 0.214 0.683 0.642
113.760 6 0.445 0.211 0.688 0.644
113.800 6 0.447 0.214 0.686 0.644
113.840 6 0.447 0.214 0.688 0.644
113.880 6 0.447 0.214 0.688 0.644
113.920 6 0.447 0.217 0.688 0.647
113.960 6 0.447 0.217 0.688 0.647
114.000 6 0.445 0.219 0.686 0.650
114.040 6 0.448 0.214 0.692 0.650
114.080 6 0.447 0.211 0.689 0.644
114.120 6 0.445 0.206 0.691 0.644
114.160 6 0.447 0.208 0.688 0.636
114.200 6 0.450 0.208 0.692 0.642
114.240 6 0.445 0.214 0.683 0.642
114.280 6 0.450 0.214 0.689 0.642
114.320 6 0.448 0.217 0.683 0.639
114.360 6 0.447 0.211 0.686 0.639
114.400 6 0.450 0.208 0.692 0.642
114.440 6 0.445 0.208 0.686 0.639
114.480 6 0.448 0.211 0.688 0.639
114.520 6 0.447 0.211 0.686 0.639
114.560 6 0.447 0.211 0.686 0.639
114.600 6 0.445 0.208 0.686 0.639
114.640 6 0.445 0.208 0.686 0.639
114.680 6 0.445 0.208 0.686 0.642
114.720 6 0.445 0.211 0.688 0.644
114.760 6 0.445 0.214 0.688 0.647
114.800 6 0.445 0.217 0.686 0.647
114.840 6 0.447 0.219 0.689 0.653
114.880 6 0.445 0.228 0.681 0.650
114.920 6 0.447 0.225 0.683 0.650
114.960 6 0.445 0.225 0.683 0.650
115.000 6 0.445 0.219 0.686 0.650
115.040 6 0.448 0.214 0.695 0.656
115.080 6 0.445 0.219 0.688 0.650
115.120 6 0.447 0.219 0.688 0.650
115.160 6 0.448 0.219 0.688 0.650
115.200 6 0.448 0.222 0.688 0.650
115.240 6 0.444 0.225 0.680 0.647
115.280 6 0.445 0.219 0.694 0.661
115.320 6 0.447 0.219 0.688 0.650
115.360 6 0.447 0.217 0.688 0.647
115.400 6 0.445 0.217 0.686 0.647
115.440 6 0.445 0.217 0.688 0.647
115.480 6 0.448 0.211 0.695 0.650
115.520 6 0.447 0.211 0.689 0.644
115.560 6 0.452 0.208 0.697 0.647
115.600 6 0.448 0.208 0.689 0.642
115.640 6 0.452 0.203 0.698 0.644
131.000 7 0.472 0.267 0.714 0.697
131.040 7 0.473 0.275 0.734 0.739
131.080 7 0.470 0.278 0.733 0.742
131.120 7 0.478 0.281 0.739 0.744
131.160 7 0.473 0.281 0.738 0.747
131.200 7 0.477 0.283 0.741 0.747
131.240 7 0.478 0.278 0.744 0.750
131.280 7 0.483 0.278 0.748 0.747
131.320 7 0.486 0.269 0.752 0.742
131.360 7 0.494 0.269 0.762 0.744
131.400 7 0.491 0.269 0.761 0.747
131.440 7 0.497 0.267 0.772 0.756
131.480 7 0.487 0.267 0.762 0.753
131.520 7 0.502 0.267 0.777 0.756
131.560 7 0.492 0.267 0.767 0.753
131.600 7 0.505 0.269 0.778 0.753
131.640 7 0.495 0.267 0.770 0.756
131.680 7 0.505 0.267 0.780 0.756
131.720 7 0.505 0.267 0.780 0.756
131.760 7 0.497 0.264 0.775 0.758
131.800 7 0.497 0.250 0.781 0.756
131.840 7 0.506 0.258 0.784 0.750
131.880 7 0.503 0.256 0.780 0.747
131.920 7 0.506 0.258 0.781 0.747
131.960 7 0.508 0.256 0.784 0.747
132.000 7 0.502 0.264 0.792 0.778
132.040 7 0.517 0.269 0.784 0.742
132.080 7 0.511 0.267 0.778 0.742
132.120 7 0.519 0.267 0.784 0.736
132.160 7 0.514 0.261 0.781 0.733
132.200 7 0.523 0.261 0.787 0.731
132.240 7 0.520 0.258 0.787 0.733
132.280 7 0.522 0.258 0.789 0.736
132.320 7 0.519 0.256 0.789 0.736
132.360 7 0.522 0.261 0.787 0.733
132.400 7 0.523 0.264 0.789 0.733
132.440 7 0.523 0.261 0.792 0.736
132.480 7 0.520 0.256 0.792 0.739
132.520 7 0.522 0.256 0.795 0.739
132.560 7 0.514 0.258 0.786 0.742
132.600 7 0.525 0.267 0.794 0.744
132.640 7 0.517 0.264 0.787 0.742
132.680 7 0.530 0.264 0.798 0.739
132.720 7 0.534 0.264 0.803 0.739
132.760 7 0.536 0.258 0.805 0.736
132.800 7 0.534 0.256 0.803 0.733
132.840 7 0.533 0.258 0.800 0.731
132.880 7 0.534 0.258 0.800 0.731
132.920 7 0.534 0.256 0.803 0.733
132.960 7 0.536 0.256 0.805 0.733
133.000 7 0.552 0.267 0.794 0.697
133.040 7 0.536 0.244 0.802 0.714
133.080 7 0.533 0.239 0.805 0.722
133.120 7 0.531 0.236 0.803 0.719
133.160 7 0.537 0.236 0.809 0.719
133.200 7 0.536 0.242 0.808 0.722
133.240 7 0.536 0.244 0.803 0.719
133.280 7 0.545 0.244 0.809 0.717
133.320 7 0.539 0.242 0.806 0.714
133.360 7 0.547 0.242 0.811 0.711
133.400 7 0.544 0.239 0.809 0.711
133.440 7 0.544 0.239 0.809 0.714
133.480 7 0.544 0.239 0.814 0.719
133.520 7 0.539 0.236 0.809 0.717
133.560 7 0.547 0.239 0.816 0.719
133.600 7 0.541 0.242 0.809 0.719
133.640 7 0.536 0.236 0.811 0.722
133.680 7 0.544 0.244 0.812 0.719
133.720 7 0.539 0.236 0.811 0.719
133.760 7 0.544 0.239 0.817 0.722
133.800 7 0.541 0.236 0.811 0.717
133.840 7 0.541 0.236 0.814 0.719
133.880 7 0.544 0.242 0.811 0.717
133.920 7 0.547 0.239 0.814 0.714
133.960 7 0.547 0.231 0.817 0.708
134.000 7 0.534 0.206 0.825 0.722
134.040 7 0.533 0.211 0.820 0.722
134.080 7 0.536 0.211 0.823 0.722
134.120 7 0.536 0.203 0.828 0.722
134.160 7 0.537 0.200 0.830 0.719
134.200 7 0.536 0.189 0.834 0.722
134.240 7 0.539 0.194 0.833 0.717
134.280 7 0.536 0.192 0.830 0.717
134.320 7 0.541 0.189 0.838 0.717
134.360 7 0.536 0.189 0.833 0.714
134.400 7 0.542 0.186 0.842 0.717
134.440 7 0.536 0.181 0.838 0.717
134.480 7 0.537 0.189 0.833 0.714
134.520 7 0.550 0.192 0.844 0.717
134.560 7 0.534 0.189 0.830 0.714
134.600 7 0.545 0.192 0.841 0.717
134.640 7 0.537 0.192 0.834 0.717
134.680 7 0.534 0.194 0.831 0.719
134.720 7 0.533 0.194 0.828 0.719
134.760 7 0.531 0.194 0.827 0.719
134.800 7 0.531 0.194 0.827 0.719
134.840 7 0.527 0.194 0.823 0.722
134.880 7 0.533 0.194 0.830 0.722
134.920 7 0.527 0.189 0.827 0.722
134.960 7 0.531 0.197 0.827 0.722
135.000 7 0.534 0.206 0.825 0.722
135.040 7 0.545 0.239 0.809 0.708
135.080 7 0.548 0.239 0.811 0.708
135.120 7 0.553 0.242 0.812 0.706
135.160 7 0.553 0.239 0.816 0.708
135.200 7 0.558 0.242 0.819 0.706
135.240 7 0.559 0.239 0.822 0.708
135.280 7 0.561 0.239 0.823 0.708
135.320 7 0.564 0.242 0.827 0.708
135.360 7 0.567 0.247 0.828 0.711
135.400 7 0.562 0.244 0.825 0.711
135.440 7 0.566 0.244 0.830 0.711
135.480 7 0.567 0.244 0.830 0.711
135.520 7 0.569 0.244 0.831 0.711
135.560 7 0.567 0.244 0.830 0.711
135.600 7 0.575 0.242 0.838 0.711
135.640 7 0.569 0.239 0.833 0.708
135.680 7 0.575 0.233 0.841 0.708
135.720 7 0.572 0.236 0.836 0.706
135.760 7 0.575 0.236 0.839 0.706
135.800 7 0.572 0.236 0.836 0.706
135.840 7 0.569 0.233 0.833 0.706
135.880 7 0.569 0.236 0.833 0.706
135.920 7 0.569 0.236 0.833 0.708
135.960 7 0.570 0.236 0.834 0.708
136.000 7 0.580 0.267 0.820 0.697
136.040 7 0.583 0.253 0.825 0.686
136.080 7 0.580 0.256 0.820 0.683
136.120 7 0.577 0.256 0.817 0.686
136.160 7 0.575 0.256 0.814 0.683
136.200 7 0.575 0.253 0.816 0.683
136.240 7 0.578 0.250 0.819 0.681
136.280 7 0.577 0.244 0.819 0.678
136.320 7 0.573 0.242 0.817 0.675
136.360 7 0.570 0.239 0.814 0.675
136.400 7 0.569 0.244 0.809 0.678
136.440 7 0.569 0.247 0.809 0.678
136.480 7 0.570 0.244 0.812 0.678
136.520 7 0.567 0.244 0.809 0.678
136.560 7 0.570 0.242 0.812 0.675
136.600 7 0.569 0.244 0.806 0.669
136.640 7 0.566 0.244 0.803 0.669
136.680 7 0.572 0.244 0.808 0.667
136.720 7 0.564 0.239 0.803 0.667
136.760 7 0.573 0.242 0.814 0.672
136.800 7 0.566 0.242 0.805 0.669
136.840 7 0.572 0.239 0.811 0.664
136.880 7 0.567 0.233 0.808 0.664
136.920 7 0.575 0.236 0.812 0.661
136.960 7 0.569 0.231 0.811 0.661
137.000 7 0.580 0.219 0.820 0.650
137.040 7 0.572 0.189 0.833 0.656
137.080 7 0.566 0.192 0.823 0.653
137.120 7 0.569 0.189 0.825 0.650
137.160 7 0.562 0.189 0.817 0.644
137.200 7 0.558 0.178 0.822 0.650
137.240 7 0.562 0.183 0.822 0.647
137.280 7 0.559 0.178 0.820 0.644
137.320 7 0.562 0.178 0.822 0.642
137.360 7 0.566 0.175 0.828 0.644
137.400 7 0.562 0.172 0.823 0.642
137.440 7 0.564 0.175 0.827 0.644
137.480 7 0.559 0.175 0.822 0.644
137.520 7 0.569 0.169 0.830 0.639
137.560 7 0.567 0.169 0.827 0.636
137.600 7 0.572 0.164 0.839 0.639
137.640 7 0.567 0.161 0.836 0.642
137.680 7 0.572 0.169 0.839 0.644
137.720 7 0.575 0.169 0.842 0.647
137.760 7 0.578 0.169 0.844 0.647
137.800 7 0.578 0.172 0.845 0.650
137.840 7 0.577 0.175 0.844 0.653
137.880 7 0.578 0.175 0.847 0.656
137.920 7 0.580 0.178 0.847 0.656
137.960 7 0.580 0.178 0.847 0.656
138.000 7 0.567 0.147 0.856 0.664
138.040 7 0.564 0.156 0.856 0.675
138.080 7 0.567 0.158 0.858 0.678
138.120 7 0.559 0.161 0.852 0.683
138.160 7 0.566 0.167 0.856 0.683
138.200 7 0.562 0.167 0.853 0.683
138.240 7 0.561 0.164 0.853 0.683
138.280 7 0.559 0.164 0.850 0.683
138.320 7 0.567 0.169 0.856 0.683
138.360 7 0.561 0.167 0.852 0.683
138.400 7 0.558 0.169 0.852 0.692
138.440 7 0.556 0.178 0.848 0.700
138.480 7 0.553 0.183 0.847 0.706
138.520 7 0.552 0.189 0.844 0.711
138.560 7 0.550 0.194 0.841 0.711
138.600 7 0.548 0.194 0.839 0.714
138.640 7 0.547 0.194 0.838 0.714
138.680 7 0.545 0.197 0.834 0.711
138.720 7 0.541 0.197 0.828 0.711
138.760 7 0.547 0.203 0.831 0.711
138.800 7 0.545 0.197 0.833 0.708
138.840 7 0.537 0.197 0.825 0.711
138.880 7 0.542 0.194 0.831 0.711
138.920 7 0.536 0.197 0.823 0.708
138.960 7 0.542 0.200 0.828 0.708
139.000 7 0.534 0.206 0.825 0.722
139.040 7 0.537 0.219 0.820 0.722
139.080 7 0.537 0.219 0.819 0.722
139.120 7 0.536 0.219 0.816 0.717
139.160 7 0.539 0.219 0.822 0.719
139.200 7 0.534 0.219 0.816 0.719
139.240 7 0.542 0.222 0.822 0.719
139.280 7 0.537 0.217 0.820 0.722
139.320 7 0.534 0.219 0.816 0.719
139.360 7 0.539 0.217 0.820 0.717
139.400 7 0.536 0.219 0.816 0.717
139.440 7 0.542 0.219 0.822 0.717
139.480 7 0.534 0.217 0.816 0.717
139.520 7 0.542 0.219 0.822 0.714
139.560 7 0.534 0.219 0.814 0.714
139.600 7 0.536 0.217 0.820 0.725
139.640 7 0.534 0.217 0.819 0.719
139.680 7 0.534 0.217 0.817 0.719
139.720 7 0.530 0.214 0.814 0.719
139.760 7 0.533 0.217 0.817 0.719
139.800 7 0.533 0.214 0.819 0.722
139.840 7 0.531 0.208 0.820 0.722
139.880 7 0.528 0.200 0.823 0.725
139.920 7 0.531 0.197 0.823 0.719
139.960 7 0.530 0.192 0.827 0.719
140.000 7 0.534 0.206 0.825 0.722
140.040 7 0.544 0.203 0.838 0.725
140.080 7 0.544 0.206 0.838 0.728
140.120 7 0.544 0.206 0.838 0.728
140.160 7 0.544 0.208 0.838 0.728
140.200 7 0.541 0.203 0.836 0.731
140.240 7 0.550 0.208 0.842 0.728
140.280 7 0.544 0.203 0.839 0.731
140.320 7 0.553 0.208 0.844 0.725
140.360 7 0.552 0.208 0.841 0.725
140.400 7 0.553 0.211 0.845 0.731
140.440 7 0.547 0.206 0.842 0.731
140.480 7 0.556 0.208 0.847 0.728
140.520 7 0.542 0.200 0.842 0.733
140.560 7 0.555 0.203 0.856 0.739
140.600 7 0.545 0.200 0.845 0.731
140.640 7 0.553 0.200 0.852 0.731
140.680 7 0.555 0.208 0.844 0.725
140.720 7 0.555 0.206 0.850 0.731
140.760 7 0.555 0.211 0.844 0.725
140.800 7 0.555 0.211 0.844 0.728
140.840 7 0.548 0.206 0.844 0.731
140.880 7 0.559 0.211 0.848 0.728
140.920 7 0.552 0.206 0.845 0.728
140.960 7 0.561 0.208 0.850 0.722
141.000 7 0.567 0.206 0.856 0.722
141.040 7 0.558 0.208 0.842 0.717
141.080 7 0.566 0.214 0.845 0.714
141.120 7 0.556 0.211 0.839 0.719
141.160 7 0.562 0.217 0.842 0.717
141.200 7 0.555 0.217 0.836 0.719
141.240 7 0.559 0.222 0.838 0.719
141.280 7 0.561 0.225 0.839 0.722
141.320 7 0.558 0.222 0.836 0.719
141.360 7 0.566 0.222 0.845 0.719
141.400 7 0.564 0.219 0.841 0.717
141.440 7 0.572 0.219 0.852 0.722
141.480 7 0.573 0.219 0.853 0.719
141.520 7 0.577 0.214 0.864 0.728
141.560 7 0.577 0.214 0.859 0.722
141.600 7 0.584 0.208 0.869 0.719
141.640 7 0.584 0.206 0.872 0.719
141.680 7 0.578 0.206 0.864 0.717
141.720 7 0.583 0.206 0.867 0.714
141.760 7 0.573 0.206 0.858 0.714
141.800 7 0.581 0.214 0.859 0.711
141.840 7 0.573 0.208 0.855 0.711
141.880 7 0.580 0.208 0.864 0.717
141.920 7 0.573 0.203 0.861 0.719
141.960 7 0.580 0.208 0.861 0.711
142.000 7 0.567 0.206 0.856 0.722
142.040 7 0.586 0.228 0.838 0.681
142.080 7 0.586 0.231 0.841 0.683
142.120 7 0.583 0.231 0.836 0.683
142.160 7 0.584 0.231 0.841 0.686
142.200 7 0.589 0.228 0.842 0.681
142.240 7 0.584 0.219 0.841 0.675
142.280 7 0.583 0.214 0.841 0.672
142.320 7 0.584 0.208 0.850 0.681
142.360 7 0.578 0.211 0.838 0.675
142.400 7 0.586 0.214 0.845 0.675
142.440 7 0.586 0.214 0.842 0.672
142.480 7 0.588 0.211 0.847 0.672
142.520 7 0.588 0.208 0.845 0.669
142.560 7 0.589 0.208 0.852 0.675
142.600 7 0.586 0.208 0.848 0.675
142.640 7 0.598 0.206 0.861 0.675
142.680 7 0.605 0.200 0.869 0.672
142.720 7 0.613 0.197 0.878 0.672
142.760 7 0.617 0.197 0.883 0.672
142.800 7 0.609 0.203 0.875 0.675
142.840 7 0.613 0.211 0.875 0.681
142.880 7 0.606 0.208 0.869 0.678
142.920 7 0.600 0.208 0.863 0.675
142.960 7 0.603 0.208 0.863 0.672
143.000 7 0.606 0.219 0.848 0.650
143.040 7 0.603 0.219 0.859 0.675
143.080 7 0.597 0.217 0.858 0.683
143.120 7 0.597 0.222 0.852 0.675
143.160 7 0.591 0.233 0.841 0.678
143.200 7 0.584 0.231 0.834 0.675
143.240 7 0.584 0.236 0.828 0.672
143.280 7 0.575 0.236 0.820 0.672
143.320 7 0.575 0.242 0.817 0.672
143.360 7 0.569 0.239 0.814 0.678
143.400 7 0.564 0.239 0.809 0.675
143.440 7 0.564 0.239 0.809 0.675
143.480 7 0.562 0.242 0.806 0.672
143.520 7 0.561 0.239 0.805 0.672
143.560 7 0.559 0.239 0.803 0.669
143.600 7 0.559 0.239 0.802 0.669
143.640 7 0.558 0.239 0.800 0.669
143.680 7 0.558 0.236 0.800 0.669
143.720 7 0.556 0.236 0.798 0.667
143.760 7 0.556 0.236 0.798 0.667
143.800 7 0.555 0.233 0.797 0.667
143.840 7 0.553 0.233 0.797 0.667
143.880 7 0.553 0.233 0.795 0.664
143.920 7 0.553 0.233 0.795 0.664
143.960 7 0.552 0.233 0.794 0.661
144.000 7 0.534 0.206 0.825 0.722
144.040 7 0.534 0.194 0.830 0.717
144.080 7 0.534 0.197 0.827 0.717
144.120 7 0.531 0.194 0.827 0.719
144.160 7 0.531 0.200 0.823 0.717
144.200 7 0.530 0.197 0.823 0.722
144.240 7 0.531 0.203 0.822 0.719
144.280 7 0.531 0.203 0.822 0.719
144.320 7 0.533 0.206 0.822 0.719
144.360 7 0.534 0.203 0.827 0.722
144.400 7 0.534 0.206 0.822 0.719
144.440 7 0.537 0.206 0.827 0.719
144.480 7 0.536 0.206 0.825 0.722
144.520 7 0.534 0.203 0.831 0.731
144.560 7 0.533 0.206 0.825 0.722
144.600 7 0.541 0.206 0.833 0.725
144.640 7 0.537 0.208 0.828 0.722
144.680 7 0.537 0.208 0.828 0.722
144.720 7 0.537 0.206 0.828 0.722
144.760 7 0.530 0.200 0.823 0.722
144.800 7 0.541 0.206 0.833 0.728
144.840 7 0.531 0.203 0.825 0.725
144.880 7 0.533 0.203 0.828 0.725
144.920 7 0.533 0.208 0.823 0.725
144.960 7 0.531 0.208 0.825 0.731
145.000 7 0.534 0.206 0.825 0.722
145.040 7 0.525 0.208 0.814 0.719
145.080 7 0.530 0.208 0.817 0.719
145.120 7 0.533 0.214 0.814 0.717
145.160 7 0.530 0.206 0.819 0.719
145.200 7 0.531 0.206 0.817 0.714
145.240 7 0.530 0.200 0.822 0.719
145.280 7 0.531 0.200 0.822 0.717
145.320 7 0.531 0.200 0.822 0.719
145.360 7 0.531 0.206 0.823 0.722
145.400 7 0.533 0.208 0.823 0.725
145.440 7 0.533 0.211 0.823 0.728
145.480 7 0.534 0.211 0.825 0.728
145.520 7 0.536 0.214 0.827 0.731
145.560 7 0.536 0.214 0.828 0.731
145.600 7 0.539 0.214 0.831 0.733
145.640 7 0.536 0.214 0.825 0.728
145.680 7 0.541 0.214 0.828 0.728
145.720 7 0.537 0.214 0.825 0.728
145.760 7 0.541 0.214 0.830 0.728
145.800 7 0.537 0.214 0.827 0.728
145.840 7 0.541 0.206 0.838 0.733
145.880 7 0.534 0.203 0.831 0.731
145.920 7 0.539 0.200 0.836 0.731
145.960 7 0.537 0.200 0.831 0.725
146.000 7 0.534 0.206 0.825 0.722
146.040 7 0.525 0.206 0.816 0.722
146.080 7 0.525 0.203 0.814 0.719
146.120 7 0.523 0.203 0.812 0.717
146.160 7 0.522 0.203 0.812 0.717
146.200 7 0.520 0.200 0.811 0.717
146.240 7 0.516 0.200 0.806 0.717
146.280 7 0.517 0.200 0.809 0.717
146.320 7 0.512 0.197 0.806 0.717
146.360 7 0.516 0.197 0.808 0.717
146.400 7 0.516 0.197 0.808 0.717
146.440 7 0.516 0.197 0.808 0.714
146.480 7 0.516 0.194 0.808 0.714
146.520 7 0.516 0.194 0.808 0.714
146.560 7 0.516 0.194 0.808 0.714
146.600 7 0.516 0.194 0.806 0.714
146.640 7 0.516 0.197 0.805 0.711
146.680 7 0.519 0.197 0.808 0.711
146.720 7 0.519 0.197 0.805 0.708
146.760 7 0.514 0.197 0.805 0.714
146.800 7 0.516 0.203 0.803 0.714
146.840 7 0.517 0.203 0.806 0.717
146.880 7 0.516 0.200 0.805 0.714
146.920 7 0.512 0.206 0.803 0.719
146.960 7 0.512 0.208 0.802 0.722
147.000 7 0.502 0.206 0.792 0.722
147.040 7 0.508 0.203 0.795 0.714
147.080 7 0.519 0.206 0.806 0.717
147.120 7 0.508 0.206 0.800 0.725
147.160 7 0.511 0.203 0.802 0.719
147.200 7 0.509 0.203 0.798 0.717
147.240 7 0.517 0.200 0.808 0.717
147.280 7 0.508 0.197 0.798 0.711
147.320 7 0.514 0.189 0.811 0.717
147.360 7 0.508 0.189 0.805 0.717
147.400 7 0.514 0.192 0.811 0.719
147.440 7 0.506 0.194 0.803 0.722
147.480 7 0.514 0.194 0.811 0.722
147.520 7 0.508 0.192 0.806 0.722
147.560 7 0.509 0.200 0.803 0.722
147.600 7 0.517 0.200 0.811 0.722
147.640 7 0.516 0.200 0.808 0.719
147.680 7 0.519 0.200 0.812 0.722
147.720 7 0.517 0.200 0.811 0.722
147.760 7 0.517 0.200 0.809 0.719
147.800 7 0.519 0.203 0.809 0.719
147.840 7 0.519 0.203 0.809 0.719
147.880 7 0.520 0.206 0.811 0.722
147.920 7 0.522 0.206 0.812 0.725
147.960 7 0.520 0.206 0.811 0.725
148.000 7 0.534 0.206 0.825 0.722
148.040 7 0.534 0.206 0.825 0.725
148.080 7 0.536 0.206 0.827 0.722
148.120 7 0.539 0.208 0.828 0.722
148.160 7 0.541 0.208 0.830 0.722
148.200 7 0.542 0.206 0.833 0.722
148.240 7 0.545 0.203 0.834 0.719
148.280 7 0.547 0.200 0.839 0.719
148.320 7 0.550 0.200 0.841 0.717
148.360 7 0.548 0.194 0.847 0.722
148.400 7 0.553 0.200 0.845 0.717
148.440 7 0.552 0.192 0.850 0.722
148.480 7 0.555 0.194 0.848 0.714
148.520 7 0.556 0.186 0.852 0.711
148.560 7 0.561 0.186 0.853 0.708
148.600 7 0.570 0.181 0.864 0.706
148.640 7 0.559 0.181 0.855 0.706
148.680 7 0.572 0.181 0.872 0.714
148.720 7 0.561 0.189 0.858 0.717
148.760 7 0.564 0.192 0.863 0.725
148.800 7 0.548 0.200 0.844 0.725
148.840 7 0.550 0.206 0.845 0.731
148.880 7 0.533 0.200 0.830 0.725
148.920 7 0.537 0.206 0.831 0.728
148.960 7 0.531 0.203 0.823 0.725
149.000 7 0.534 0.206 0.825 0.722
149.040 7 0.534 0.214 0.822 0.722
149.080 7 0.528 0.211 0.816 0.719
149.120 7 0.534 0.208 0.825 0.725
149.160 7 0.528 0.208 0.819 0.725
149.200 7 0.534 0.206 0.827 0.725
149.240 7 0.530 0.206 0.820 0.722
149.280 7 0.533 0.211 0.822 0.725
149.320 7 0.534 0.211 0.823 0.725
149.360 7 0.539 0.214 0.828 0.725
149.400 7 0.533 0.208 0.823 0.725
149.440 7 0.541 0.208 0.833 0.725
149.480 7 0.533 0.200 0.830 0.728
149.520 7 0.541 0.200 0.838 0.728
149.560 7 0.536 0.197 0.838 0.733
149.600 7 0.533 0.197 0.833 0.731
149.640 7 0.541 0.200 0.839 0.731
149.680 7 0.539 0.203 0.836 0.731
149.720 7 0.534 0.200 0.831 0.728
149.760 7 0.537 0.200 0.834 0.728
149.800 7 0.537 0.200 0.834 0.728
149.840 7 0.537 0.200 0.833 0.725
149.880 7 0.536 0.197 0.833 0.725
149.920 7 0.534 0.197 0.833 0.728
149.960 7 0.531 0.192 0.831 0.728
150.000 7 0.534 0.206 0.825 0.722
150.040 7 0.550 0.183 0.836 0.692
150.080 7 0.542 0.175 0.833 0.692
150.120 7 0.552 0.175 0.838 0.683
150.160 7 0.545 0.172 0.830 0.681
150.200 7 0.544 0.167 0.836 0.686
150.240 7 0.547 0.167 0.836 0.683
150.280 7 0.541 0.167 0.830 0.683
150.320 7 0.552 0.172 0.833 0.675
150.360 7 0.548 0.169 0.834 0.681
150.400 7 0.541 0.164 0.831 0.681
150.440 7 0.547 0.167 0.838 0.683
150.480 7 0.544 0.169 0.834 0.683
150.520 7 0.541 0.161 0.834 0.686
150.560 7 0.548 0.164 0.844 0.689
150.600 7 0.541 0.164 0.833 0.683
150.640 7 0.548 0.164 0.841 0.683
150.680 7 0.545 0.164 0.839 0.683
150.720 7 0.547 0.161 0.839 0.683
150.760 7 0.547 0.164 0.841 0.686
150.800 7 0.548 0.164 0.841 0.689
150.840 7 0.548 0.167 0.842 0.689
150.880 7 0.550 0.164 0.847 0.692
150.920 7 0.553 0.164 0.847 0.689
150.960 7 0.555 0.167 0.850 0.692
151.000 7 0.567 0.147 0.856 0.664
151.040 7 0.564 0.161 0.842 0.658
151.080 7 0.564 0.164 0.844 0.661
151.120 7 0.556 0.167 0.834 0.661
151.160 7 0.558 0.161 0.841 0.669
151.200 7 0.556 0.158 0.842 0.672
151.240 7 0.562 0.156 0.850 0.672
151.280 7 0.558 0.156 0.845 0.669
151.320 7 0.564 0.153 0.853 0.669
151.360 7 0.559 0.153 0.847 0.667
151.400 7 0.566 0.150 0.855 0.667
151.440 7 0.561 0.150 0.848 0.664
151.480 7 0.567 0.147 0.856 0.664
151.520 7 0.562 0.147 0.850 0.661
151.560 7 0.570 0.147 0.859 0.664
151.600 7 0.564 0.147 0.852 0.664
161.160 8 0.312 0.089 0.481 0.386
161.200 8 0.312 0.089 0.481 0.386
161.240 8 0.312 0.089 0.481 0.386
161.280 8 0.317 0.097 0.473 0.372
161.320 8 0.319 0.094 0.483 0.381
161.360 8 0.311 0.092 0.475 0.381
161.400 8 0.312 0.086 0.481 0.383
161.440 8 0.316 0.092 0.475 0.372
161.480 8 0.319 0.089 0.483 0.378
161.520 8 0.314 0.094 0.469 0.367
161.560 8 0.317 0.086 0.484 0.381
161.600 8 0.312 0.083 0.481 0.383
161.640 8 0.317 0.089 0.483 0.381
161.680 8 0.311 0.086 0.480 0.383
161.720 8 0.316 0.092 0.483 0.383
161.760 8 0.309 0.089 0.478 0.386
161.800 8 0.309 0.089 0.478 0.386
161.840 8 0.308 0.086 0.477 0.386
161.880 8 0.308 0.086 0.477 0.383
161.920 8 0.308 0.086 0.477 0.383
161.960 8 0.308 0.086 0.477 0.383
162.000 8 0.308 0.086 0.477 0.383
162.040 8 0.308 0.083 0.478 0.383
162.080 8 0.308 0.083 0.478 0.381
162.120 8 0.309 0.081 0.478 0.381
162.160 8 0.311 0.081 0.480 0.378
162.200 8 0.311 0.078 0.481 0.378
162.240 8 0.312 0.075 0.486 0.378
162.280 8 0.311 0.075 0.483 0.378
162.320 8 0.311 0.075 0.484 0.383
162.360 8 0.312 0.078 0.483 0.378
162.400 8 0.311 0.078 0.484 0.381
162.440 8 0.309 0.078 0.481 0.381
162.480 8 0.311 0.078 0.484 0.383
162.520 8 0.308 0.081 0.480 0.383
162.560 8 0.309 0.083 0.483 0.386
162.600 8 0.306 0.081 0.478 0.383
162.640 8 0.309 0.083 0.480 0.386
162.680 8 0.306 0.083 0.477 0.383
162.720 8 0.311 0.086 0.477 0.381
162.760 8 0.312 0.086 0.478 0.381
162.800 8 0.308 0.086 0.475 0.381
162.840 8 0.309 0.086 0.477 0.381
162.880 8 0.314 0.089 0.475 0.375
162.920 8 0.308 0.086 0.477 0.381
162.960 8 0.309 0.089 0.475 0.381
163.000 8 0.308 0.086 0.477 0.383
163.040 8 0.306 0.086 0.478 0.389
163.080 8 0.303 0.086 0.475 0.389
163.120 8 0.306 0.089 0.477 0.389
163.160 8 0.305 0.089 0.475 0.386
163.200 8 0.306 0.089 0.475 0.386
163.240 8 0.306 0.089 0.473 0.386
163.280 8 0.308 0.092 0.473 0.383
163.320 8 0.305 0.089 0.473 0.386
163.360 8 0.303 0.092 0.470 0.383
163.400 8 0.308 0.092 0.473 0.383
163.440 8 0.306 0.092 0.469 0.381
163.480 8 0.305 0.092 0.469 0.381
163.520 8 0.306 0.094 0.469 0.381
163.560 8 0.306 0.094 0.469 0.381
163.600 8 0.305 0.094 0.469 0.383
163.640 8 0.308 0.097 0.469 0.381
163.680 8 0.303 0.092 0.470 0.383
163.720 8 0.309 0.097 0.470 0.381
163.760 8 0.305 0.089 0.470 0.381
163.800 8 0.308 0.094 0.470 0.381
163.840 8 0.306 0.086 0.475 0.383
163.880 8 0.309 0.089 0.472 0.378
163.920 8 0.306 0.086 0.475 0.383
163.960 8 0.309 0.089 0.473 0.378
164.000 8 0.308 0.086 0.477 0.383
164.040 8 0.312 0.086 0.481 0.383
164.080 8 0.306 0.089 0.472 0.381
164.120 8 0.311 0.086 0.477 0.378
164.160 8 0.308 0.092 0.470 0.378
164.200 8 0.316 0.092 0.478 0.378
164.240 8 0.312 0.092 0.469 0.369
164.280 8 0.308 0.086 0.477 0.383
164.320 8 0.306 0.092 0.470 0.378
164.360 8 0.314 0.092 0.477 0.378
164.400 8 0.309 0.097 0.464 0.367
164.440 8 0.314 0.092 0.475 0.375
164.480 8 0.309 0.094 0.470 0.375
164.520 8 0.308 0.089 0.475 0.383
164.560 8 0.306 0.094 0.469 0.381
164.600 8 0.308 0.089 0.475 0.386
164.640 8 0.306 0.094 0.469 0.381
164.680 8 0.308 0.089 0.475 0.386
164.720 8 0.306 0.094 0.469 0.383
164.760 8 0.314 0.094 0.477 0.381
164.800 8 0.311 0.097 0.469 0.375
164.840 8 0.308 0.092 0.475 0.386
164.880 8 0.305 0.094 0.469 0.383
164.920 8 0.314 0.094 0.477 0.381
161.160 9 0.430 0.594 0.597 0.892
161.200 9 0.430 0.594 0.597 0.892
161.240 9 0.430 0.594 0.597 0.892
161.280 9 0.430 0.594 0.597 0.892
161.320 9 0.430 0.592 0.597 0.892
161.360 9 0.428 0.592 0.597 0.889
161.400 9 0.428 0.589 0.597 0.889
161.440 9 0.423 0.586 0.595 0.892
161.480 9 0.430 0.589 0.597 0.889
161.520 9 0.428 0.589 0.597 0.886
161.560 9 0.428 0.589 0.597 0.886
161.600 9 0.428 0.589 0.595 0.886
161.640 9 0.430 0.586 0.602 0.892
161.680 9 0.427 0.592 0.594 0.889
161.720 9 0.427 0.589 0.600 0.894
161.760 9 0.425 0.592 0.592 0.889
161.800 9 0.425 0.592 0.591 0.889
161.840 9 0.423 0.592 0.591 0.889
161.880 9 0.423 0.589 0.591 0.886
161.920 9 0.423 0.589 0.591 0.889
161.960 9 0.423 0.589 0.591 0.886
162.000 9 0.422 0.589 0.591 0.886
162.040 9 0.417 0.583 0.589 0.889
162.080 9 0.423 0.586 0.592 0.883
162.120 9 0.419 0.581 0.591 0.886
162.160 9 0.425 0.583 0.594 0.881
162.200 9 0.422 0.578 0.592 0.883
162.240 9 0.428 0.581 0.595 0.878
162.280 9 0.427 0.581 0.595 0.878
162.320 9 0.427 0.581 0.595 0.878
162.360 9 0.427 0.581 0.595 0.878
162.400 9 0.428 0.578 0.600 0.883
162.440 9 0.427 0.583 0.594 0.881
162.480 9 0.428 0.581 0.600 0.886
162.520 9 0.425 0.586 0.594 0.883
162.560 9 0.425 0.581 0.598 0.889
162.600 9 0.417 0.581 0.591 0.889
162.640 9 0.425 0.583 0.600 0.894
162.680 9 0.416 0.581 0.589 0.889
162.720 9 0.427 0.586 0.598 0.894
162.760 9 0.416 0.583 0.589 0.889
162.800 9 0.427 0.586 0.598 0.892
162.840 9 0.416 0.581 0.589 0.892
162.880 9 0.423 0.586 0.598 0.894
162.920 9 0.414 0.583 0.589 0.892
162.960 9 0.423 0.586 0.597 0.894
163.000 9 0.414 0.583 0.588 0.892
163.040 9 0.423 0.586 0.595 0.894
163.080 9 0.414 0.583 0.586 0.889
163.120 9 0.423 0.586 0.594 0.889
163.160 9 0.420 0.589 0.588 0.886
163.200 9 0.422 0.586 0.592 0.889
163.240 9 0.419 0.589 0.586 0.886
163.280 9 0.420 0.586 0.592 0.892
163.320 9 0.419 0.589 0.584 0.886
163.360 9 0.417 0.589 0.584 0.886
163.400 9 0.416 0.589 0.584 0.886
163.440 9 0.409 0.581 0.586 0.894
163.480 9 0.414 0.578 0.594 0.894
163.520 9 0.403 0.575 0.583 0.894
163.560 9 0.414 0.578 0.594 0.897
163.600 9 0.405 0.575 0.584 0.894
163.640 9 0.416 0.578 0.592 0.894
163.680 9 0.406 0.575 0.584 0.889
163.720 9 0.417 0.581 0.594 0.892
163.760 9 0.409 0.575 0.584 0.886
163.800 9 0.420 0.581 0.594 0.889
163.840 9 0.417 0.583 0.586 0.886
163.880 9 0.422 0.581 0.592 0.883
163.920 9 0.416 0.583 0.584 0.881
163.960 9 0.420 0.583 0.588 0.881
164.000 9 0.420 0.583 0.588 0.881
164.040 9 0.422 0.578 0.594 0.886
164.080 9 0.420 0.583 0.588 0.881
164.120 9 0.423 0.581 0.594 0.883
164.160 9 0.414 0.578 0.588 0.886
164.200 9 0.417 0.575 0.595 0.894
164.240 9 0.420 0.583 0.588 0.881
164.280 9 0.420 0.583 0.588 0.881
164.320 9 0.420 0.583 0.588 0.881
164.360 9 0.420 0.583 0.588 0.881
164.400 9 0.420 0.583 0.588 0.881
164.440 9 0.414 0.581 0.584 0.883
164.480 9 0.420 0.583 0.586 0.881
164.520 9 0.414 0.581 0.584 0.883
164.560 9 0.419 0.586 0.586 0.881
164.600 9 0.420 0.586 0.586 0.883
164.640 9 0.414 0.583 0.584 0.886
164.680 9 0.419 0.586 0.586 0.883
164.720 9 0.419 0.586 0.586 0.883
164.760 9 0.419 0.586 0.586 0.883
164.800 9 0.419 0.586 0.586 0.883
164.840 9 0.419 0.586 0.586 0.883
164.880 9 0.419 0.586 0.586 0.883
164.920 9 0.419 0.589 0.586 0.883
161.160 10 0.202 0.297 0.341 0.547
161.200 10 0.200 0.297 0.341 0.547
161.240 10 0.200 0.297 0.341 0.547
161.280 10 0.200 0.297 0.336 0.539
161.320 10 0.205 0.297 0.342 0.544
161.360 10 0.197 0.297 0.336 0.542
161.400 10 0.200 0.294 0.341 0.544
161.440 10 0.202 0.297 0.341 0.544
161.480 10 0.200 0.294 0.341 0.544
161.520 10 0.200 0.292 0.341 0.542
161.560 10 0.200 0.292 0.341 0.542
161.600 10 0.200 0.292 0.341 0.542
161.640 10 0.200 0.292 0.341 0.542
161.680 10 0.202 0.294 0.344 0.547
161.720 10 0.197 0.294 0.338 0.544
161.760 10 0.202 0.297 0.339 0.542
161.800 10 0.195 0.294 0.336 0.544
161.840 10 0.197 0.297 0.336 0.544
161.880 10 0.195 0.294 0.336 0.544
161.920 10 0.195 0.294 0.336 0.544
161.960 10 0.195 0.294 0.334 0.542
162.000 10 0.197 0.294 0.336 0.542
162.040 10 0.195 0.292 0.336 0.542
162.080 10 0.192 0.292 0.331 0.539
162.120 10 0.195 0.289 0.336 0.539
162.160 10 0.195 0.289 0.333 0.533
162.200 10 0.198 0.286 0.339 0.536
162.240 10 0.197 0.286 0.334 0.531
162.280 10 0.200 0.283 0.339 0.533
162.320 10 0.202 0.286 0.339 0.533
162.360 10 0.198 0.283 0.341 0.533
162.400 10 0.200 0.283 0.341 0.533
162.440 10 0.200 0.286 0.339 0.533
162.480 10 0.208 0.300 0.338 0.531
162.520 10 0.197 0.292 0.334 0.536
162.560 10 0.206 0.300 0.338 0.536
162.600 10 0.195 0.292 0.333 0.536
162.640 10 0.205 0.300 0.336 0.536
162.680 10 0.194 0.294 0.331 0.539
162.720 10 0.200 0.294 0.338 0.539
162.760 10 0.195 0.292 0.336 0.542
162.800 10 0.200 0.297 0.334 0.539
162.840 10 0.194 0.294 0.331 0.539
162.880 10 0.200 0.294 0.338 0.539
162.920 10 0.194 0.292 0.334 0.542
162.960 10 0.198 0.294 0.336 0.539
163.000 10 0.194 0.292 0.334 0.542
163.040 10 0.191 0.292 0.330 0.539
163.080 10 0.192 0.292 0.333 0.542
163.120 10 0.194 0.294 0.334 0.542
163.160 10 0.192 0.292 0.333 0.542
163.200 10 0.189 0.294 0.328 0.542
163.240 10 0.195 0.294 0.334 0.542
163.280 10 0.191 0.294 0.325 0.533
163.320 10 0.195 0.297 0.333 0.542
163.360 10 0.188 0.294 0.325 0.539
163.400 10 0.195 0.297 0.333 0.542
163.440 10 0.188 0.297 0.327 0.542
163.480 10 0.194 0.303 0.330 0.542
163.520 10 0.189 0.294 0.330 0.544
163.560 10 0.189 0.294 0.330 0.544
163.600 10 0.194 0.294 0.331 0.542
163.640 10 0.189 0.294 0.330 0.542
163.680 10 0.194 0.294 0.333 0.542
163.720 10 0.191 0.292 0.331 0.542
163.760 10 0.195 0.294 0.334 0.539
163.800 10 0.192 0.292 0.333 0.542
163.840 10 0.197 0.292 0.336 0.539
163.880 10 0.194 0.292 0.333 0.539
163.920 10 0.197 0.292 0.336 0.539
163.960 10 0.194 0.289 0.334 0.539
164.000 10 0.198 0.292 0.336 0.536
164.040 10 0.194 0.289 0.334 0.539
164.080 10 0.198 0.292 0.338 0.539
164.120 10 0.192 0.292 0.331 0.539
164.160 10 0.198 0.297 0.333 0.536
164.200 10 0.195 0.289 0.334 0.539
164.240 10 0.195 0.289 0.334 0.539
164.280 10 0.192 0.292 0.331 0.539
164.320 10 0.194 0.289 0.334 0.539
164.360 10 0.191 0.289 0.331 0.539
164.400 10 0.194 0.289 0.334 0.539
164.440 10 0.194 0.289 0.334 0.539
164.480 10 0.194 0.289 0.334 0.539
164.520 10 0.194 0.292 0.334 0.539
164.560 10 0.191 0.292 0.330 0.539
164.600 10 0.194 0.292 0.333 0.542
164.640 10 0.194 0.292 0.333 0.542
164.680 10 0.191 0.294 0.330 0.542
164.720 10 0.192 0.294 0.333 0.542
164.760 10 0.192 0.294 0.333 0.542
164.800 10 0.192 0.294 0.333 0.542
164.840 10 0.192 0.294 0.333 0.544
164.880 10 0.192 0.294 0.333 0.544
164.920 10 0.192 0.294 0.333 0.542
161.160 11 0.630 0.419 0.800 0.722
161.200 11 0.631 0.419 0.800 0.722
161.240 11 0.630 0.419 0.800 0.722
161.280 11 0.630 0.419 0.800 0.719
161.320 11 0.623 0.414 0.798 0.725
161.360 11 0.630 0.417 0.800 0.719
161.400 11 0.622 0.403 0.803 0.725
161.440 11 0.633 0.414 0.805 0.719
161.480 11 0.628 0.422 0.792 0.711
161.520 11 0.630 0.417 0.800 0.717
161.560 11 0.630 0.417 0.798 0.717
161.600 11 0.630 0.417 0.798 0.717
161.640 11 0.631 0.414 0.803 0.719
161.680 11 0.628 0.419 0.797 0.719
161.720 11 0.630 0.417 0.803 0.722
161.760 11 0.627 0.419 0.795 0.719
161.800 11 0.625 0.419 0.795 0.719
161.840 11 0.625 0.417 0.795 0.719
161.880 11 0.625 0.417 0.794 0.719
161.920 11 0.625 0.417 0.794 0.719
161.960 11 0.625 0.417 0.794 0.717
162.000 11 0.625 0.417 0.794 0.717
162.040 11 0.628 0.417 0.797 0.717
162.080 11 0.625 0.414 0.794 0.714
162.120 11 0.628 0.411 0.798 0.714
162.160 11 0.627 0.411 0.795 0.711
162.200 11 0.630 0.408 0.802 0.711
162.240 11 0.628 0.408 0.797 0.708
162.280 11 0.631 0.408 0.802 0.711
162.320 11 0.630 0.408 0.798 0.708
162.360 11 0.627 0.406 0.798 0.711
162.400 11 0.631 0.408 0.802 0.711
162.440 11 0.627 0.406 0.797 0.711
162.480 11 0.631 0.408 0.805 0.717
162.520 11 0.623 0.406 0.798 0.719
162.560 11 0.630 0.411 0.803 0.719
162.600 11 0.622 0.406 0.798 0.719
162.640 11 0.628 0.411 0.803 0.719
162.680 11 0.620 0.406 0.797 0.719
162.720 11 0.628 0.411 0.803 0.719
162.760 11 0.620 0.406 0.797 0.719
162.800 11 0.627 0.411 0.802 0.725
162.840 11 0.617 0.406 0.795 0.722
162.880 11 0.628 0.411 0.802 0.719
162.920 11 0.619 0.408 0.795 0.719
162.960 11 0.627 0.411 0.800 0.722
163.000 11 0.625 0.417 0.794 0.717
163.040 11 0.630 0.411 0.791 0.700
163.080 11 0.625 0.406 0.789 0.700
163.120 11 0.628 0.411 0.789 0.697
163.160 11 0.623 0.406 0.789 0.700
163.200 11 0.627 0.411 0.789 0.700
163.240 11 0.622 0.406 0.787 0.703
163.280 11 0.625 0.408 0.789 0.700
163.320 11 0.622 0.406 0.791 0.706
163.360 11 0.620 0.406 0.787 0.703
163.400 11 0.620 0.406 0.789 0.706
163.440 11 0.620 0.406 0.789 0.706
163.480 11 0.620 0.406 0.789 0.706
163.520 11 0.620 0.403 0.789 0.703
163.560 11 0.620 0.403 0.789 0.703
163.600 11 0.620 0.403 0.789 0.703
163.640 11 0.622 0.403 0.789 0.703
163.680 11 0.622 0.403 0.791 0.703
163.720 11 0.623 0.403 0.791 0.700
163.760 11 0.623 0.400 0.791 0.700
163.800 11 0.623 0.400 0.791 0.697
163.840 11 0.623 0.400 0.792 0.697
163.880 11 0.623 0.400 0.792 0.697
163.920 11 0.625 0.397 0.792 0.697
163.960 11 0.625 0.397 0.792 0.697
164.000 11 0.625 0.383 0.794 0.683
164.040 11 0.625 0.383 0.794 0.683
164.080 11 0.625 0.383 0.794 0.683
164.120 11 0.625 0.383 0.794 0.683
164.160 11 0.623 0.389 0.787 0.681
164.200 11 0.625 0.383 0.794 0.683
164.240 11 0.625 0.383 0.794 0.683
164.280 11 0.623 0.389 0.787 0.678
164.320 11 0.625 0.383 0.794 0.683
164.360 11 0.623 0.383 0.794 0.683
164.400 11 0.622 0.386 0.787 0.681
164.440 11 0.623 0.383 0.792 0.686
164.480 11 0.623 0.383 0.794 0.686
164.520 11 0.622 0.389 0.786 0.681
164.560 11 0.623 0.386 0.792 0.686
164.600 11 0.623 0.386 0.792 0.689
164.640 11 0.623 0.386 0.792 0.689
164.680 11 0.622 0.392 0.786 0.683
164.720 11 0.623 0.386 0.792 0.689
164.760 11 0.623 0.386 0.792 0.689
164.800 11 0.623 0.386 0.792 0.689
164.840 11 0.622 0.392 0.786 0.683
164.880 11 0.628 0.392 0.794 0.683
164.920 11 0.623 0.386 0.789 0.681
