3.040 0 0.075 0.372 0.133 0.472
3.080 0 0.078 0.372 0.134 0.472
3.120 0 0.078 0.372 0.134 0.472
3.160 0 0.077 0.372 0.133 0.472
3.200 0 0.078 0.372 0.136 0.472
3.240 0 0.077 0.372 0.133 0.472
3.280 0 0.077 0.369 0.133 0.472
3.320 0 0.078 0.372 0.134 0.472
3.360 0 0.075 0.372 0.133 0.472
3.400 0 0.077 0.372 0.133 0.472
3.440 0 0.077 0.372 0.134 0.475
3.480 0 0.075 0.372 0.133 0.472
3.520 0 0.078 0.372 0.134 0.472
3.560 0 0.077 0.372 0.133 0.472
3.600 0 0.075 0.369 0.134 0.475
3.640 0 0.077 0.369 0.136 0.475
3.680 0 0.073 0.369 0.133 0.472
3.720 0 0.077 0.369 0.136 0.475
3.760 0 0.073 0.369 0.133 0.472
3.800 0 0.078 0.369 0.136 0.472
3.840 0 0.075 0.372 0.133 0.472
3.880 0 0.078 0.372 0.134 0.472
3.920 0 0.077 0.372 0.133 0.472
3.960 0 0.077 0.369 0.136 0.475
4.000 0 0.077 0.372 0.133 0.472
4.040 0 0.077 0.375 0.130 0.469
4.080 0 0.080 0.375 0.133 0.469
4.120 0 0.077 0.372 0.131 0.469
4.160 0 0.077 0.372 0.133 0.472
4.200 0 0.077 0.372 0.133 0.472
4.240 0 0.077 0.372 0.133 0.472
4.280 0 0.077 0.372 0.133 0.472
4.320 0 0.077 0.372 0.134 0.475
4.360 0 0.075 0.372 0.133 0.475
4.400 0 0.075 0.369 0.134 0.478
4.440 0 0.077 0.372 0.133 0.472
4.480 0 0.078 0.372 0.134 0.472
4.520 0 0.077 0.372 0.133 0.472
4.560 0 0.078 0.372 0.134 0.472
4.600 0 0.077 0.372 0.133 0.472
4.640 0 0.078 0.372 0.134 0.472
4.680 0 0.077 0.372 0.133 0.472
4.720 0 0.078 0.372 0.134 0.472
4.760 0 0.078 0.372 0.136 0.472
4.800 0 0.081 0.372 0.139 0.475
4.840 0 0.084 0.372 0.141 0.475
4.880 0 0.084 0.375 0.142 0.475
4.920 0 0.087 0.372 0.145 0.475
3.040 1 0.428 0.131 0.495 0.250
3.080 1 0.428 0.128 0.495 0.247
3.120 1 0.430 0.128 0.497 0.247
3.160 1 0.428 0.125 0.497 0.247
3.200 1 0.430 0.125 0.497 0.247
3.240 1 0.430 0.125 0.497 0.244
3.280 1 0.431 0.125 0.500 0.247
3.320 1 0.428 0.125 0.497 0.247
3.360 1 0.430 0.125 0.498 0.247
3.400 1 0.430 0.122 0.502 0.250
3.440 1 0.428 0.125 0.497 0.247
3.480 1 0.431 0.125 0.500 0.247
3.520 1 0.430 0.125 0.498 0.247
3.560 1 0.430 0.125 0.498 0.247
3.600 1 0.430 0.125 0.498 0.247
3.640 1 0.430 0.125 0.498 0.247
3.680 1 0.430 0.125 0.497 0.244
3.720 1 0.431 0.125 0.500 0.247
3.760 1 0.428 0.125 0.497 0.247
3.800 1 0.431 0.125 0.498 0.244
3.840 1 0.428 0.125 0.497 0.247
3.880 1 0.431 0.125 0.500 0.247
3.920 1 0.430 0.125 0.498 0.247
3.960 1 0.431 0.125 0.500 0.247
4.000 1 0.430 0.125 0.498 0.247
4.040 1 0.431 0.125 0.500 0.247
4.080 1 0.430 0.125 0.498 0.247
4.120 1 0.431 0.125 0.502 0.247
4.160 1 0.430 0.125 0.500 0.247
4.200 1 0.431 0.125 0.500 0.247
4.240 1 0.431 0.125 0.500 0.247
4.280 1 0.433 0.125 0.503 0.247
4.320 1 0.431 0.125 0.502 0.247
4.360 1 0.433 0.122 0.503 0.247
4.400 1 0.431 0.122 0.503 0.247
4.440 1 0.433 0.122 0.505 0.247
4.480 1 0.431 0.119 0.503 0.247
4.520 1 0.434 0.119 0.506 0.247
4.560 1 0.433 0.119 0.505 0.247
4.600 1 0.436 0.119 0.508 0.247
4.640 1 0.434 0.119 0.506 0.247
4.680 1 0.436 0.119 0.508 0.247
4.720 1 0.434 0.119 0.505 0.247
4.760 1 0.439 0.119 0.511 0.247
4.800 1 0.441 0.122 0.511 0.247
4.840 1 0.448 0.122 0.519 0.247
4.880 1 0.453 0.119 0.525 0.247
5.520 1 0.463 0.119 0.533 0.242
5.560 1 0.459 0.119 0.530 0.244
5.600 1 0.456 0.119 0.527 0.244
5.640 1 0.455 0.122 0.525 0.244
5.680 1 0.450 0.119 0.520 0.244
5.720 1 0.450 0.122 0.519 0.244
5.760 1 0.448 0.119 0.517 0.244
5.800 1 0.447 0.119 0.517 0.244
5.840 1 0.447 0.119 0.516 0.242
5.880 1 0.445 0.117 0.516 0.239
5.920 1 0.445 0.117 0.514 0.239
5.960 1 0.445 0.114 0.512 0.236
6.000 1 0.445 0.114 0.512 0.233
6.040 1 0.447 0.117 0.514 0.236
6.080 1 0.447 0.117 0.514 0.236
6.120 1 0.447 0.117 0.512 0.233
6.160 1 0.447 0.117 0.512 0.233
6.200 1 0.447 0.114 0.512 0.231
6.240 1 0.445 0.114 0.511 0.231
6.280 1 0.445 0.114 0.511 0.231
6.320 1 0.445 0.114 0.511 0.231
6.360 1 0.445 0.114 0.511 0.228
6.400 1 0.447 0.114 0.511 0.231
6.440 1 0.445 0.114 0.509 0.231
6.480 1 0.445 0.114 0.511 0.231
6.520 1 0.445 0.114 0.511 0.228
6.560 1 0.445 0.114 0.511 0.228
6.600 1 0.445 0.111 0.511 0.228
6.640 1 0.445 0.111 0.509 0.228
6.680 1 0.445 0.111 0.509 0.228
6.720 1 0.445 0.111 0.509 0.225
6.760 1 0.445 0.111 0.509 0.225
6.800 1 0.445 0.111 0.509 0.225
6.840 1 0.445 0.111 0.511 0.225
6.880 1 0.444 0.111 0.509 0.225
6.920 1 0.445 0.111 0.511 0.228
6.960 1 0.445 0.111 0.509 0.225
7.000 1 0.445 0.114 0.512 0.233
7.040 1 0.444 0.108 0.512 0.231
7.080 1 0.445 0.108 0.514 0.231
7.120 1 0.444 0.108 0.512 0.228
7.160 1 0.445 0.108 0.514 0.231
7.200 1 0.444 0.108 0.512 0.231
7.240 1 0.445 0.108 0.514 0.231
7.280 1 0.445 0.108 0.512 0.231
7.320 1 0.444 0.108 0.512 0.231
7.360 1 0.444 0.111 0.512 0.233
7.400 1 0.444 0.111 0.512 0.233
7.440 1 0.442 0.111 0.511 0.233
7.480 1 0.442 0.114 0.511 0.236
7.520 1 0.442 0.114 0.511 0.239
7.560 1 0.441 0.117 0.509 0.239
7.600 1 0.442 0.117 0.509 0.239
7.640 1 0.439 0.117 0.508 0.239
7.680 1 0.441 0.117 0.509 0.239
7.720 1 0.439 0.117 0.506 0.239
7.760 1 0.441 0.117 0.508 0.239
7.800 1 0.438 0.117 0.506 0.239
7.840 1 0.439 0.119 0.508 0.239
7.880 1 0.438 0.119 0.506 0.239
7.920 1 0.438 0.119 0.506 0.239
7.960 1 0.438 0.119 0.506 0.239
8.000 1 0.438 0.114 0.505 0.233
8.040 1 0.434 0.114 0.503 0.233
8.080 1 0.433 0.114 0.502 0.236
4.760 2 0.078 0.369 0.134 0.469
4.800 2 0.080 0.372 0.134 0.469
4.840 2 0.080 0.372 0.136 0.469
4.880 2 0.084 0.372 0.141 0.472
4.920 2 0.084 0.372 0.141 0.472
4.960 2 0.087 0.372 0.144 0.472
5.000 2 0.089 0.372 0.145 0.472
5.040 2 0.091 0.375 0.145 0.472
5.080 2 0.089 0.372 0.144 0.472
5.120 2 0.089 0.372 0.145 0.472
5.160 2 0.087 0.372 0.144 0.469
5.200 2 0.089 0.372 0.145 0.469
5.240 2 0.089 0.372 0.144 0.469
5.280 2 0.091 0.372 0.145 0.469
5.320 2 0.089 0.372 0.144 0.469
5.360 2 0.091 0.372 0.147 0.472
5.400 2 0.087 0.372 0.144 0.472
5.440 2 0.089 0.369 0.147 0.472
5.480 2 0.089 0.372 0.145 0.472
5.520 2 0.089 0.372 0.147 0.472
5.560 2 0.087 0.372 0.145 0.475
5.600 2 0.089 0.372 0.147 0.475
5.640 2 0.087 0.372 0.145 0.472
5.680 2 0.091 0.372 0.147 0.475
5.720 2 0.091 0.372 0.147 0.472
5.760 2 0.091 0.372 0.147 0.472
5.800 2 0.089 0.372 0.147 0.475
5.840 2 0.089 0.369 0.148 0.475
5.880 2 0.089 0.372 0.147 0.472
5.920 2 0.091 0.372 0.147 0.472
5.960 2 0.091 0.372 0.147 0.472
6.000 2 0.089 0.372 0.145 0.472
6.040 2 0.091 0.372 0.147 0.472
6.080 2 0.089 0.372 0.145 0.469
6.120 2 0.091 0.369 0.147 0.472
6.160 2 0.089 0.369 0.145 0.472
6.200 2 0.091 0.372 0.145 0.469
6.240 2 0.089 0.372 0.145 0.472
6.280 2 0.091 0.375 0.145 0.469
6.320 2 0.091 0.372 0.145 0.472
6.360 2 0.089 0.372 0.145 0.472
6.400 2 0.089 0.372 0.144 0.472
6.440 2 0.091 0.375 0.145 0.472
6.480 2 0.089 0.372 0.145 0.472
6.520 2 0.089 0.372 0.145 0.472
6.560 2 0.089 0.372 0.145 0.472
6.600 2 0.089 0.372 0.145 0.472
6.640 2 0.087 0.369 0.145 0.472
6.680 2 0.089 0.369 0.147 0.472
6.720 2 0.087 0.369 0.145 0.472
6.760 2 0.089 0.372 0.147 0.472
6.800 2 0.087 0.372 0.145 0.472
6.840 2 0.089 0.372 0.147 0.472
6.880 2 0.089 0.372 0.144 0.469
6.920 2 0.089 0.372 0.145 0.472
6.960 2 0.089 0.372 0.145 0.472
7.000 2 0.089 0.372 0.145 0.472
7.040 2 0.089 0.375 0.142 0.469
7.080 2 0.092 0.375 0.145 0.469
7.120 2 0.089 0.375 0.142 0.467
7.160 2 0.092 0.375 0.145 0.469
7.200 2 0.089 0.372 0.145 0.472
7.240 2 0.089 0.372 0.145 0.472
7.280 2 0.089 0.372 0.145 0.472
7.320 2 0.089 0.372 0.145 0.472
7.360 2 0.089 0.372 0.145 0.472
7.400 2 0.089 0.372 0.145 0.472
7.440 2 0.089 0.372 0.145 0.472
7.480 2 0.089 0.372 0.145 0.472
7.520 2 0.089 0.372 0.145 0.472
7.560 2 0.089 0.372 0.145 0.472
7.600 2 0.089 0.372 0.145 0.469
7.640 2 0.089 0.372 0.142 0.469
7.680 2 0.091 0.372 0.145 0.469
7.720 2 0.091 0.372 0.142 0.467
7.760 2 0.089 0.372 0.145 0.469
7.800 2 0.089 0.375 0.142 0.469
7.840 2 0.092 0.375 0.145 0.469
7.880 2 0.091 0.375 0.144 0.467
7.920 2 0.091 0.372 0.145 0.469
7.960 2 0.092 0.372 0.145 0.467
8.000 2 0.094 0.372 0.147 0.467
8.040 2 0.094 0.367 0.147 0.464
8.080 2 0.094 0.364 0.147 0.458
4.840 3 0.448 0.142 0.502 0.236
4.880 3 0.455 0.142 0.509 0.239
4.920 3 0.461 0.139 0.516 0.239
4.960 3 0.466 0.139 0.522 0.239
5.000 3 0.470 0.139 0.527 0.239
5.040 3 0.473 0.139 0.530 0.236
5.080 3 0.475 0.139 0.530 0.239
5.120 3 0.477 0.139 0.533 0.239
5.160 3 0.475 0.139 0.531 0.236
5.200 3 0.475 0.139 0.531 0.239
5.240 3 0.477 0.139 0.533 0.239
5.280 3 0.475 0.139 0.531 0.236
5.320 3 0.477 0.139 0.531 0.236
5.360 3 0.475 0.139 0.528 0.236
5.400 3 0.475 0.139 0.530 0.236
5.440 3 0.472 0.142 0.527 0.239
5.480 3 0.470 0.142 0.525 0.239
5.520 3 0.466 0.144 0.520 0.242
5.560 3 0.463 0.142 0.517 0.242
5.600 3 0.461 0.144 0.516 0.242
5.640 3 0.458 0.144 0.512 0.244
5.680 3 0.455 0.144 0.511 0.244
5.720 3 0.455 0.144 0.511 0.244
8.120 4 0.289 0.297 0.402 0.500
8.160 4 0.291 0.300 0.402 0.503
8.200 4 0.292 0.303 0.403 0.503
8.240 4 0.289 0.306 0.400 0.506
8.280 4 0.289 0.303 0.400 0.503
8.320 4 0.287 0.300 0.400 0.506
8.360 4 0.287 0.300 0.400 0.506
8.400 4 0.281 0.300 0.394 0.503
8.440 4 0.280 0.297 0.395 0.506
8.480 4 0.272 0.300 0.389 0.511
8.520 4 0.267 0.300 0.381 0.506
8.560 4 0.266 0.300 0.380 0.506
8.600 4 0.256 0.297 0.375 0.508
8.640 4 0.256 0.300 0.372 0.508
8.680 4 0.248 0.294 0.366 0.508
8.720 4 0.245 0.300 0.361 0.508
8.760 4 0.247 0.311 0.358 0.511
8.800 4 0.242 0.314 0.353 0.514
8.840 4 0.236 0.311 0.348 0.511
8.880 4 0.234 0.317 0.344 0.514
8.920 4 0.230 0.314 0.341 0.514
8.960 4 0.220 0.308 0.336 0.517
9.000 4 0.214 0.311 0.330 0.519
9.040 4 0.211 0.317 0.325 0.519
9.080 4 0.205 0.314 0.319 0.519
9.120 4 0.200 0.314 0.312 0.519
9.160 4 0.195 0.314 0.309 0.517
9.200 4 0.192 0.317 0.305 0.519
9.240 4 0.188 0.317 0.302 0.522
9.280 4 0.184 0.319 0.298 0.525
9.320 4 0.181 0.319 0.295 0.522
9.360 4 0.181 0.317 0.294 0.522
9.400 4 0.175 0.314 0.287 0.517
9.440 4 0.172 0.308 0.283 0.511
9.480 4 0.163 0.306 0.273 0.506
9.520 4 0.153 0.297 0.267 0.503
9.560 4 0.147 0.297 0.261 0.500
9.600 4 0.141 0.294 0.255 0.500
9.640 4 0.136 0.300 0.247 0.500
9.680 4 0.134 0.308 0.245 0.508
9.720 4 0.131 0.311 0.242 0.514
9.760 4 0.136 0.314 0.248 0.514
9.800 4 0.138 0.306 0.250 0.508
9.840 4 0.141 0.300 0.253 0.503
9.880 4 0.144 0.292 0.258 0.497
9.760 5 0.130 0.297 0.242 0.497
9.800 5 0.134 0.292 0.247 0.494
9.840 5 0.138 0.283 0.252 0.489
9.880 5 0.144 0.278 0.258 0.483
9.920 5 0.152 0.272 0.267 0.478
9.960 5 0.163 0.267 0.280 0.475
10.000 5 0.175 0.267 0.291 0.472
10.040 5 0.186 0.264 0.305 0.478
10.080 5 0.202 0.264 0.320 0.475
10.120 5 0.214 0.267 0.331 0.475
10.160 5 0.230 0.269 0.344 0.475
10.200 5 0.242 0.269 0.356 0.475
10.240 5 0.250 0.272 0.367 0.486
10.280 5 0.258 0.272 0.372 0.481
10.320 5 0.266 0.278 0.381 0.486
10.360 5 0.275 0.278 0.391 0.483
10.400 5 0.281 0.278 0.397 0.486
10.440 5 0.291 0.281 0.405 0.486
10.480 5 0.300 0.283 0.414 0.492
10.520 5 0.305 0.286 0.422 0.497
10.560 5 0.311 0.289 0.428 0.500
10.600 5 0.317 0.292 0.434 0.503
10.640 5 0.323 0.294 0.439 0.503
10.680 5 0.330 0.297 0.447 0.508
10.720 5 0.330 0.300 0.447 0.511
10.760 5 0.336 0.303 0.453 0.514
10.800 5 0.338 0.303 0.455 0.517
10.840 5 0.339 0.306 0.456 0.517
10.880 5 0.341 0.308 0.458 0.517
10.920 5 0.342 0.308 0.459 0.519
10.960 5 0.344 0.311 0.459 0.519
11.000 5 0.344 0.311 0.459 0.519
11.040 5 0.344 0.311 0.459 0.519
11.080 5 0.344 0.311 0.459 0.519
11.120 5 0.344 0.311 0.459 0.519
11.160 5 0.344 0.311 0.458 0.519
11.200 5 0.344 0.311 0.458 0.517
11.240 5 0.344 0.311 0.458 0.514
11.280 5 0.344 0.308 0.458 0.514
11.320 5 0.344 0.308 0.458 0.514
11.360 5 0.345 0.308 0.461 0.517
11.400 5 0.344 0.308 0.458 0.514
11.440 5 0.344 0.308 0.459 0.514
11.480 5 0.345 0.308 0.459 0.517
11.520 5 0.345 0.308 0.459 0.517
11.560 5 0.344 0.311 0.456 0.514
11.600 5 0.345 0.311 0.459 0.517
11.640 5 0.345 0.311 0.459 0.517
11.680 5 0.345 0.311 0.461 0.517
11.720 5 0.347 0.311 0.461 0.517
11.760 5 0.344 0.314 0.456 0.517
11.800 5 0.345 0.314 0.459 0.517
11.840 5 0.344 0.314 0.456 0.517
11.880 5 0.345 0.314 0.459 0.519
11.920 5 0.345 0.314 0.459 0.519
11.960 6 0.539 0.214 0.625 0.364
12.000 6 0.544 0.217 0.625 0.361
12.040 6 0.547 0.217 0.627 0.361
12.080 6 0.547 0.217 0.627 0.358
12.120 6 0.545 0.214 0.628 0.361
12.160 6 0.547 0.214 0.631 0.364
12.200 6 0.544 0.211 0.628 0.364
12.240 6 0.545 0.214 0.631 0.364
12.280 6 0.542 0.214 0.627 0.361
12.320 6 0.547 0.214 0.631 0.364
12.360 6 0.544 0.217 0.627 0.364
12.400 6 0.545 0.217 0.630 0.364
12.440 6 0.545 0.217 0.628 0.364
12.480 6 0.545 0.219 0.628 0.367
12.520 6 0.545 0.219 0.630 0.367
12.560 6 0.545 0.219 0.630 0.369
12.600 6 0.545 0.217 0.631 0.369
12.640 6 0.547 0.219 0.631 0.369
12.680 6 0.544 0.217 0.631 0.372
12.720 6 0.548 0.217 0.634 0.369
12.760 6 0.545 0.214 0.634 0.372
12.800 6 0.548 0.214 0.636 0.369
12.840 6 0.547 0.211 0.637 0.372
12.880 6 0.544 0.211 0.634 0.372
12.920 6 0.545 0.211 0.634 0.369
12.960 6 0.547 0.214 0.634 0.367
13.000 6 0.545 0.203 0.642 0.375
13.040 6 0.550 0.203 0.644 0.372
13.080 6 0.547 0.197 0.644 0.372
13.120 6 0.550 0.197 0.645 0.369
13.160 6 0.547 0.192 0.647 0.369
13.200 6 0.552 0.192 0.648 0.367
13.240 6 0.553 0.189 0.652 0.364
13.280 6 0.550 0.183 0.653 0.367
13.320 6 0.555 0.181 0.656 0.364
13.360 6 0.552 0.178 0.656 0.364
13.400 6 0.555 0.178 0.658 0.361
13.440 6 0.553 0.172 0.661 0.364
13.480 6 0.558 0.172 0.662 0.358
13.520 6 0.555 0.167 0.662 0.356
13.560 6 0.558 0.167 0.666 0.356
13.600 6 0.553 0.164 0.659 0.353
13.640 6 0.559 0.161 0.666 0.350
13.680 6 0.556 0.153 0.667 0.350
13.720 6 0.561 0.150 0.670 0.347
13.760 6 0.558 0.147 0.670 0.347
13.800 6 0.561 0.147 0.673 0.344
13.840 6 0.558 0.144 0.673 0.347
13.880 6 0.562 0.142 0.677 0.344
13.920 6 0.558 0.139 0.675 0.347
13.960 6 0.562 0.139 0.678 0.344
14.000 6 0.559 0.136 0.678 0.347
14.040 6 0.562 0.136 0.681 0.347
14.080 6 0.559 0.133 0.678 0.347
14.120 6 0.562 0.133 0.681 0.344
14.160 6 0.559 0.131 0.681 0.347
14.200 6 0.558 0.128 0.681 0.347
14.240 6 0.562 0.131 0.683 0.344
14.280 6 0.555 0.128 0.677 0.342
14.320 6 0.561 0.131 0.683 0.344
14.800 7 0.503 0.267 0.569 0.386
14.840 7 0.505 0.264 0.570 0.383
14.880 7 0.506 0.261 0.573 0.383
14.920 7 0.509 0.261 0.575 0.381
14.960 7 0.511 0.258 0.577 0.378
15.000 7 0.512 0.258 0.580 0.381
15.040 7 0.512 0.258 0.580 0.381
15.080 7 0.514 0.261 0.581 0.381
15.120 7 0.516 0.261 0.581 0.383
15.160 7 0.514 0.261 0.583 0.383
15.200 7 0.517 0.261 0.583 0.381
15.240 7 0.517 0.261 0.583 0.381
15.280 7 0.516 0.258 0.583 0.381
15.560 8 0.438 0.300 0.639 0.658
15.600 8 0.438 0.300 0.639 0.658
15.640 8 0.438 0.300 0.639 0.658
15.680 8 0.438 0.300 0.639 0.658
15.720 8 0.438 0.300 0.639 0.658
15.760 8 0.438 0.300 0.639 0.658
15.800 8 0.438 0.300 0.639 0.658
15.840 8 0.438 0.303 0.639 0.661
15.880 8 0.438 0.303 0.639 0.661
15.920 8 0.438 0.303 0.639 0.661
15.960 8 0.438 0.303 0.639 0.661
16.000 8 0.438 0.303 0.639 0.661
16.040 8 0.438 0.303 0.639 0.661
16.080 8 0.438 0.303 0.639 0.661
16.120 8 0.438 0.303 0.639 0.661
16.160 8 0.438 0.303 0.639 0.661
16.200 8 0.438 0.303 0.639 0.664
16.240 8 0.438 0.303 0.639 0.661
16.280 8 0.438 0.306 0.639 0.664
16.320 8 0.438 0.306 0.639 0.664
16.360 8 0.438 0.306 0.639 0.664
16.400 8 0.438 0.306 0.639 0.664
16.440 8 0.438 0.306 0.639 0.664
16.480 8 0.438 0.306 0.639 0.664
16.520 8 0.439 0.306 0.639 0.664
16.560 8 0.439 0.306 0.639 0.664
16.600 8 0.441 0.306 0.641 0.664
16.640 8 0.442 0.306 0.644 0.664
16.680 8 0.442 0.306 0.644 0.664
16.720 8 0.445 0.306 0.647 0.664
16.760 8 0.448 0.306 0.650 0.664
16.800 8 0.458 0.306 0.661 0.669
16.840 8 0.458 0.308 0.662 0.672
16.880 8 0.470 0.317 0.672 0.675
16.920 8 0.481 0.325 0.683 0.683
16.960 8 0.486 0.336 0.688 0.694
16.720 9 0.436 0.292 0.642 0.658
16.760 9 0.430 0.294 0.634 0.658
16.800 9 0.442 0.297 0.645 0.658
16.840 9 0.444 0.297 0.647 0.658
16.880 9 0.455 0.303 0.661 0.669
16.920 9 0.459 0.311 0.664 0.678
16.960 9 0.475 0.328 0.678 0.689
17.000 9 0.483 0.342 0.684 0.700
17.040 9 0.495 0.339 0.697 0.697
17.080 9 0.498 0.344 0.703 0.706
17.120 9 0.514 0.356 0.713 0.711
17.160 9 0.508 0.361 0.706 0.714
17.200 9 0.519 0.367 0.716 0.717
17.240 9 0.512 0.364 0.708 0.714
17.280 9 0.519 0.364 0.717 0.717
17.320 9 0.512 0.361 0.711 0.717
17.360 9 0.516 0.364 0.714 0.717
17.400 9 0.509 0.367 0.708 0.717
17.440 9 0.514 0.367 0.711 0.719
17.480 9 0.508 0.369 0.705 0.719
17.520 9 0.514 0.369 0.709 0.719
17.560 9 0.508 0.369 0.705 0.717
17.600 9 0.508 0.369 0.703 0.717
17.640 9 0.506 0.367 0.703 0.717
17.680 9 0.505 0.367 0.700 0.717
17.720 9 0.509 0.369 0.705 0.719
17.760 9 0.505 0.367 0.700 0.717
17.800 9 0.502 0.367 0.698 0.717
17.840 9 0.505 0.367 0.702 0.717
17.880 9 0.503 0.364 0.700 0.717
17.920 9 0.503 0.361 0.700 0.714
17.960 9 0.502 0.361 0.700 0.714
18.000 9 0.505 0.342 0.706 0.700
18.040 9 0.505 0.342 0.706 0.700
18.080 9 0.503 0.339 0.706 0.700
18.120 9 0.503 0.339 0.705 0.700
18.160 9 0.502 0.339 0.705 0.700
18.200 9 0.502 0.336 0.705 0.697
18.240 9 0.500 0.336 0.705 0.697
18.280 9 0.495 0.336 0.698 0.697
18.320 9 0.498 0.336 0.703 0.700
18.360 9 0.495 0.336 0.697 0.697
18.400 9 0.505 0.339 0.706 0.697
18.440 9 0.495 0.331 0.702 0.697
18.480 10 0.594 0.228 0.680 0.381
18.520 10 0.598 0.222 0.684 0.372
18.560 10 0.602 0.217 0.688 0.369
18.600 10 0.605 0.214 0.689 0.367
18.640 10 0.609 0.211 0.694 0.358
18.680 10 0.609 0.211 0.692 0.356
18.720 10 0.614 0.211 0.695 0.356
18.760 10 0.611 0.211 0.694 0.358
18.800 10 0.613 0.214 0.694 0.358
18.840 10 0.609 0.214 0.692 0.361
18.880 10 0.609 0.214 0.694 0.361
18.920 10 0.608 0.214 0.689 0.361
18.960 10 0.608 0.217 0.691 0.361
19.000 10 0.606 0.217 0.688 0.361
19.040 10 0.603 0.214 0.683 0.356
19.080 10 0.602 0.214 0.681 0.356
19.120 10 0.600 0.217 0.678 0.356
19.160 10 0.597 0.217 0.677 0.356
19.200 10 0.595 0.217 0.673 0.356
19.240 10 0.592 0.219 0.670 0.358
19.280 10 0.589 0.219 0.667 0.358
19.320 10 0.586 0.222 0.662 0.358
19.360 10 0.583 0.222 0.659 0.358
19.400 10 0.580 0.225 0.656 0.361
19.440 10 0.577 0.228 0.652 0.361
19.480 10 0.573 0.231 0.650 0.367
19.520 10 0.569 0.236 0.645 0.372
19.560 10 0.566 0.239 0.642 0.375
19.600 10 0.561 0.242 0.637 0.378
19.640 10 0.556 0.242 0.633 0.381
19.680 10 0.553 0.244 0.631 0.383
19.720 10 0.550 0.247 0.628 0.383
19.760 10 0.550 0.247 0.627 0.386
19.800 10 0.548 0.250 0.627 0.386
19.840 10 0.547 0.250 0.625 0.389
19.880 10 0.547 0.250 0.625 0.389
19.920 10 0.547 0.253 0.625 0.392
19.960 10 0.547 0.253 0.627 0.394
20.000 10 0.544 0.247 0.625 0.392
20.040 10 0.544 0.247 0.627 0.394
20.080 10 0.545 0.247 0.628 0.394
20.120 10 0.542 0.247 0.625 0.392
20.160 10 0.544 0.247 0.625 0.392
20.200 10 0.542 0.247 0.623 0.392
20.240 10 0.545 0.247 0.630 0.394
20.280 10 0.548 0.244 0.631 0.392
20.320 10 0.539 0.222 0.645 0.408
20.360 10 0.536 0.225 0.642 0.408
20.400 10 0.542 0.225 0.647 0.411
20.440 10 0.544 0.225 0.648 0.411
20.480 10 0.547 0.231 0.650 0.411
20.520 10 0.548 0.231 0.652 0.411
20.560 10 0.548 0.231 0.652 0.411
20.600 10 0.552 0.231 0.656 0.411
20.640 10 0.553 0.231 0.656 0.411
20.680 10 0.556 0.233 0.658 0.411
20.720 10 0.558 0.233 0.658 0.411
20.760 10 0.559 0.236 0.659 0.411
20.800 10 0.561 0.236 0.661 0.411
20.840 10 0.562 0.236 0.661 0.411
20.880 10 0.562 0.239 0.662 0.411
20.920 10 0.564 0.239 0.662 0.411
20.960 10 0.566 0.242 0.664 0.414
21.000 10 0.566 0.242 0.664 0.414
21.040 10 0.566 0.236 0.667 0.414
21.080 10 0.566 0.236 0.667 0.414
21.120 10 0.566 0.236 0.667 0.414
21.160 10 0.566 0.236 0.667 0.414
21.200 10 0.567 0.236 0.669 0.414
21.240 10 0.569 0.239 0.669 0.414
21.280 10 0.566 0.236 0.666 0.414
21.320 10 0.570 0.239 0.670 0.414
21.360 10 0.567 0.239 0.666 0.411
21.400 10 0.569 0.239 0.667 0.411
21.440 10 0.569 0.239 0.667 0.411
21.480 10 0.566 0.239 0.664 0.411
21.520 10 0.567 0.239 0.664 0.411
21.560 10 0.566 0.242 0.664 0.411
21.600 10 0.566 0.242 0.662 0.411
21.640 10 0.566 0.242 0.662 0.411
21.680 10 0.566 0.244 0.662 0.411
21.720 10 0.566 0.244 0.662 0.414
21.760 10 0.566 0.244 0.661 0.414
21.800 10 0.566 0.244 0.661 0.414
21.840 10 0.566 0.247 0.661 0.414
21.880 10 0.566 0.247 0.661 0.414
21.920 10 0.566 0.247 0.661 0.414
21.960 10 0.567 0.247 0.661 0.411
22.000 10 0.566 0.242 0.664 0.414
22.040 10 0.566 0.242 0.664 0.414
22.080 10 0.566 0.242 0.664 0.414
22.120 10 0.566 0.239 0.669 0.417
22.160 10 0.566 0.242 0.664 0.414
22.200 10 0.566 0.239 0.664 0.411
22.240 10 0.566 0.239 0.664 0.411
22.280 10 0.566 0.239 0.664 0.411
22.320 10 0.566 0.236 0.664 0.411
22.360 10 0.566 0.236 0.664 0.408
22.400 11 0.083 0.328 0.144 0.433
22.440 11 0.086 0.328 0.145 0.433
22.480 11 0.084 0.328 0.144 0.433
22.520 11 0.084 0.328 0.145 0.436
22.560 11 0.089 0.331 0.148 0.436
22.600 11 0.089 0.333 0.148 0.439
22.640 11 0.094 0.336 0.152 0.442
22.680 11 0.092 0.339 0.152 0.442
22.720 11 0.091 0.342 0.148 0.442
22.760 11 0.087 0.344 0.145 0.447
22.800 11 0.087 0.344 0.145 0.447
22.840 11 0.084 0.344 0.142 0.447
22.880 11 0.087 0.347 0.145 0.450
22.920 11 0.089 0.347 0.147 0.450
22.960 11 0.092 0.350 0.148 0.450
23.000 11 0.095 0.350 0.152 0.450
23.040 11 0.098 0.347 0.155 0.447
23.080 11 0.097 0.350 0.153 0.450
23.120 11 0.097 0.350 0.153 0.450
23.160 11 0.097 0.350 0.153 0.453
23.200 11 0.095 0.350 0.152 0.453
23.240 11 0.097 0.350 0.153 0.453
23.280 11 0.097 0.350 0.153 0.450
23.320 11 0.097 0.350 0.153 0.453
23.360 11 0.097 0.353 0.153 0.453
23.400 11 0.095 0.353 0.153 0.453
23.440 11 0.095 0.350 0.152 0.453
23.480 11 0.097 0.350 0.153 0.453
23.520 11 0.095 0.350 0.152 0.453
23.560 11 0.097 0.350 0.155 0.453
23.600 11 0.095 0.350 0.152 0.450
23.640 11 0.097 0.353 0.153 0.453
23.680 11 0.095 0.353 0.152 0.453
23.720 11 0.097 0.353 0.153 0.453
23.760 11 0.097 0.353 0.152 0.453
23.800 11 0.097 0.353 0.153 0.450
23.840 11 0.095 0.353 0.152 0.450
23.880 11 0.097 0.353 0.152 0.450
23.920 11 0.094 0.353 0.150 0.453
23.960 11 0.095 0.353 0.152 0.453
24.000 11 0.095 0.350 0.152 0.450
24.040 11 0.094 0.350 0.150 0.450
24.080 11 0.095 0.350 0.152 0.450
24.120 11 0.094 0.353 0.150 0.450
24.160 11 0.095 0.350 0.152 0.450
24.200 11 0.094 0.353 0.148 0.450
24.240 11 0.095 0.350 0.152 0.450
24.280 11 0.094 0.353 0.148 0.450
24.320 11 0.097 0.353 0.152 0.450
24.360 11 0.094 0.350 0.148 0.450
24.400 11 0.097 0.353 0.152 0.450
24.440 11 0.094 0.353 0.148 0.450
24.480 11 0.098 0.353 0.152 0.450
24.520 11 0.095 0.353 0.148 0.447
24.560 11 0.097 0.353 0.150 0.450
24.600 11 0.095 0.350 0.152 0.450
24.640 11 0.092 0.347 0.150 0.450
24.680 11 0.095 0.350 0.150 0.447
24.720 11 0.091 0.350 0.144 0.444
24.800 11 0.081 0.358 0.138 0.461
24.840 11 0.077 0.358 0.133 0.458
24.880 11 0.072 0.358 0.128 0.458
24.920 11 0.070 0.358 0.123 0.456
24.960 11 0.069 0.358 0.125 0.458
25.000 11 0.070 0.361 0.127 0.461
25.040 11 0.077 0.367 0.131 0.464
25.080 11 0.081 0.369 0.136 0.467
25.160 11 0.087 0.364 0.144 0.464
25.200 11 0.091 0.367 0.147 0.467
25.240 11 0.095 0.367 0.152 0.469
25.280 11 0.098 0.372 0.155 0.472
25.320 11 0.095 0.369 0.152 0.469
25.360 11 0.094 0.369 0.150 0.469
25.400 11 0.091 0.369 0.147 0.469
25.440 11 0.092 0.367 0.148 0.469
25.480 11 0.092 0.367 0.148 0.469
25.520 11 0.094 0.367 0.150 0.469
25.560 11 0.094 0.367 0.150 0.467
25.600 11 0.095 0.364 0.152 0.467
25.640 11 0.094 0.364 0.152 0.464
25.680 11 0.095 0.361 0.150 0.461
25.720 11 0.095 0.358 0.152 0.458
25.760 11 0.097 0.358 0.153 0.456
25.800 11 0.097 0.353 0.155 0.456
25.840 11 0.094 0.350 0.153 0.456
25.880 11 0.095 0.347 0.155 0.456
25.920 11 0.092 0.347 0.152 0.453
25.960 11 0.095 0.347 0.153 0.453
26.000 11 0.095 0.350 0.152 0.450
26.040 11 0.095 0.350 0.152 0.450
26.080 11 0.095 0.350 0.152 0.450
26.120 11 0.095 0.350 0.152 0.450
26.160 11 0.095 0.350 0.152 0.450
26.200 11 0.095 0.350 0.150 0.450
26.240 11 0.095 0.350 0.152 0.450
26.280 11 0.095 0.350 0.152 0.450
26.320 11 0.095 0.350 0.150 0.450
26.360 11 0.094 0.353 0.148 0.450
26.400 11 0.097 0.353 0.152 0.450
26.440 11 0.094 0.353 0.148 0.450
26.480 11 0.095 0.353 0.150 0.450
26.520 11 0.094 0.350 0.150 0.450
26.560 11 0.094 0.350 0.150 0.450
26.600 11 0.094 0.350 0.150 0.450
26.640 11 0.092 0.350 0.147 0.447
26.680 11 0.095 0.353 0.148 0.447
26.720 11 0.092 0.353 0.147 0.447
26.760 11 0.087 0.356 0.142 0.453
22.400 12 0.202 0.783 0.256 0.881
22.440 12 0.203 0.783 0.259 0.883
22.480 12 0.202 0.783 0.258 0.881
22.520 12 0.202 0.783 0.258 0.883
22.560 12 0.202 0.783 0.259 0.886
22.600 12 0.200 0.783 0.256 0.883
22.640 12 0.203 0.783 0.259 0.883
22.680 12 0.202 0.783 0.258 0.883
22.720 12 0.202 0.783 0.258 0.883
22.760 12 0.202 0.783 0.258 0.883
22.800 12 0.202 0.783 0.256 0.881
22.840 12 0.203 0.783 0.258 0.883
22.880 12 0.200 0.783 0.256 0.883
22.920 12 0.202 0.783 0.258 0.883
22.960 12 0.202 0.783 0.258 0.883
23.000 12 0.202 0.783 0.258 0.883
23.040 12 0.202 0.783 0.259 0.883
23.080 12 0.202 0.783 0.258 0.883
23.120 12 0.203 0.783 0.259 0.883
23.160 12 0.202 0.783 0.258 0.883
23.200 12 0.203 0.783 0.258 0.883
23.240 12 0.202 0.783 0.256 0.883
23.280 12 0.203 0.783 0.259 0.883
23.320 12 0.200 0.783 0.258 0.883
23.360 12 0.202 0.783 0.258 0.883
23.400 12 0.202 0.783 0.258 0.883
23.440 12 0.200 0.783 0.256 0.883
23.480 12 0.202 0.783 0.258 0.883
23.520 12 0.202 0.783 0.258 0.883
23.560 12 0.202 0.783 0.258 0.883
23.600 12 0.200 0.783 0.256 0.883
23.640 12 0.203 0.783 0.258 0.883
23.680 12 0.202 0.783 0.256 0.883
23.720 12 0.202 0.783 0.258 0.883
23.760 12 0.202 0.783 0.258 0.881
23.800 12 0.203 0.783 0.258 0.881
23.840 12 0.202 0.783 0.256 0.881
23.880 12 0.203 0.783 0.258 0.883
23.920 12 0.200 0.783 0.256 0.883
23.960 12 0.202 0.783 0.258 0.883
24.000 12 0.202 0.783 0.258 0.883
24.040 12 0.202 0.789 0.256 0.889
24.080 12 0.202 0.792 0.256 0.889
24.120 12 0.200 0.792 0.256 0.889
24.160 12 0.202 0.792 0.258 0.889
24.200 12 0.200 0.792 0.256 0.889
24.240 12 0.202 0.792 0.256 0.889
24.280 12 0.202 0.792 0.258 0.889
24.320 12 0.200 0.792 0.256 0.889
24.360 12 0.203 0.792 0.258 0.889
24.400 12 0.200 0.792 0.256 0.889
24.440 12 0.200 0.792 0.256 0.889
24.480 12 0.200 0.789 0.256 0.889
24.520 12 0.200 0.789 0.256 0.889
24.560 12 0.202 0.789 0.258 0.889
24.600 12 0.200 0.789 0.256 0.889
24.640 12 0.200 0.789 0.256 0.889
24.680 12 0.200 0.789 0.256 0.889
24.720 12 0.200 0.786 0.258 0.889
24.760 12 0.200 0.786 0.259 0.889
24.800 12 0.200 0.786 0.258 0.889
24.840 12 0.202 0.786 0.258 0.889
24.880 12 0.203 0.789 0.258 0.886
24.920 12 0.202 0.789 0.258 0.889
24.960 12 0.203 0.789 0.259 0.889
25.000 12 0.202 0.794 0.258 0.894
25.040 12 0.202 0.789 0.261 0.892
25.080 12 0.203 0.789 0.261 0.892
25.120 12 0.202 0.789 0.259 0.892
25.160 12 0.202 0.789 0.259 0.894
25.200 12 0.202 0.789 0.261 0.894
25.240 12 0.202 0.789 0.261 0.894
25.280 12 0.200 0.789 0.261 0.894
25.320 12 0.202 0.786 0.261 0.894
25.360 12 0.200 0.786 0.259 0.892
25.400 12 0.200 0.786 0.259 0.892
25.440 12 0.198 0.786 0.258 0.892
25.480 12 0.200 0.789 0.259 0.892
25.520 12 0.197 0.786 0.256 0.894
25.560 12 0.198 0.789 0.259 0.894
25.600 12 0.197 0.786 0.258 0.894
25.640 12 0.198 0.789 0.258 0.894
25.680 12 0.197 0.789 0.256 0.894
25.720 12 0.198 0.789 0.258 0.894
25.760 12 0.197 0.786 0.258 0.894
25.800 12 0.200 0.786 0.258 0.892
25.840 12 0.198 0.786 0.258 0.892
25.880 12 0.200 0.786 0.258 0.889
25.920 12 0.198 0.786 0.256 0.889
25.960 12 0.198 0.786 0.256 0.889
26.000 12 0.202 0.783 0.258 0.883
26.040 12 0.202 0.783 0.258 0.883
26.080 12 0.202 0.783 0.258 0.883
26.120 12 0.203 0.783 0.259 0.883
26.160 12 0.202 0.783 0.258 0.883
26.200 12 0.203 0.783 0.259 0.883
26.240 12 0.202 0.783 0.258 0.883
26.280 12 0.202 0.783 0.258 0.883
26.320 12 0.200 0.783 0.256 0.883
26.360 12 0.202 0.781 0.259 0.883
26.400 12 0.200 0.781 0.258 0.883
26.440 12 0.202 0.783 0.258 0.883
26.480 12 0.202 0.783 0.258 0.883
26.520 12 0.200 0.783 0.256 0.883
26.560 12 0.200 0.783 0.256 0.883
26.600 12 0.197 0.783 0.253 0.883
26.640 12 0.194 0.786 0.250 0.886
26.680 12 0.191 0.786 0.247 0.886
26.720 12 0.189 0.786 0.245 0.886
26.760 12 0.189 0.786 0.244 0.886
22.400 13 0.423 0.128 0.487 0.242
22.440 13 0.425 0.128 0.489 0.244
22.480 13 0.423 0.131 0.487 0.244
22.520 13 0.423 0.131 0.487 0.244
22.560 13 0.422 0.131 0.486 0.244
22.600 13 0.422 0.131 0.486 0.244
22.640 13 0.423 0.131 0.487 0.244
22.680 13 0.422 0.131 0.486 0.244
22.720 13 0.423 0.133 0.487 0.247
22.760 13 0.422 0.133 0.486 0.247
22.800 13 0.423 0.133 0.487 0.247
22.840 13 0.422 0.133 0.486 0.247
22.880 13 0.422 0.133 0.486 0.247
22.920 13 0.420 0.133 0.484 0.247
22.960 13 0.422 0.133 0.486 0.247
23.000 13 0.420 0.133 0.484 0.247
23.040 13 0.420 0.133 0.484 0.247
23.080 13 0.420 0.133 0.484 0.247
23.120 13 0.422 0.133 0.486 0.247
23.160 13 0.420 0.136 0.484 0.247
23.200 13 0.422 0.136 0.486 0.247
23.240 13 0.420 0.136 0.484 0.250
23.280 13 0.420 0.136 0.484 0.247
23.320 13 0.420 0.136 0.484 0.250
23.360 13 0.420 0.136 0.484 0.250
23.400 13 0.420 0.136 0.484 0.250
23.440 13 0.420 0.136 0.484 0.250
23.480 13 0.420 0.136 0.484 0.250
23.520 13 0.420 0.136 0.484 0.250
23.560 13 0.419 0.136 0.483 0.250
23.600 13 0.420 0.136 0.484 0.250
23.640 13 0.419 0.136 0.483 0.250
23.680 13 0.422 0.136 0.484 0.247
23.720 13 0.420 0.136 0.483 0.247
23.760 13 0.422 0.136 0.484 0.247
23.800 13 0.422 0.136 0.484 0.247
23.840 13 0.422 0.136 0.486 0.247
23.880 13 0.423 0.136 0.486 0.247
23.920 13 0.422 0.136 0.484 0.250
23.960 13 0.423 0.136 0.486 0.250
24.000 13 0.422 0.136 0.484 0.250
24.040 13 0.422 0.136 0.486 0.250
24.080 13 0.422 0.136 0.484 0.250
24.120 13 0.422 0.136 0.486 0.250
24.160 13 0.422 0.136 0.484 0.250
24.200 13 0.422 0.136 0.484 0.250
24.240 13 0.422 0.136 0.484 0.250
24.280 13 0.420 0.136 0.484 0.250
24.320 13 0.420 0.136 0.484 0.250
24.360 13 0.419 0.136 0.483 0.250
24.400 13 0.422 0.136 0.484 0.250
24.440 13 0.420 0.136 0.483 0.250
24.480 13 0.422 0.136 0.484 0.250
24.520 13 0.420 0.136 0.484 0.250
24.560 13 0.422 0.136 0.486 0.250
24.600 13 0.422 0.136 0.486 0.250
24.640 13 0.422 0.139 0.486 0.250
24.680 13 0.422 0.139 0.486 0.250
24.720 13 0.422 0.136 0.486 0.250
24.760 13 0.422 0.139 0.486 0.250
24.800 13 0.420 0.136 0.484 0.250
24.840 13 0.423 0.139 0.487 0.250
24.880 13 0.422 0.139 0.486 0.250
24.920 13 0.423 0.139 0.487 0.250
24.960 13 0.422 0.139 0.484 0.250
25.000 13 0.423 0.139 0.487 0.253
25.040 13 0.422 0.139 0.486 0.250
25.080 13 0.422 0.139 0.486 0.253
25.120 13 0.420 0.139 0.486 0.253
25.160 13 0.420 0.139 0.486 0.253
25.200 13 0.419 0.136 0.484 0.253
25.240 13 0.422 0.139 0.486 0.253
25.280 13 0.420 0.136 0.484 0.253
25.320 13 0.422 0.136 0.487 0.253
25.360 13 0.420 0.136 0.486 0.253
25.400 13 0.423 0.136 0.487 0.250
25.440 13 0.422 0.133 0.487 0.250
25.480 13 0.423 0.133 0.491 0.253
25.520 13 0.423 0.133 0.491 0.253
25.560 13 0.425 0.131 0.492 0.253
25.600 13 0.425 0.131 0.492 0.250
25.640 13 0.427 0.131 0.494 0.250
25.680 13 0.425 0.128 0.494 0.250
25.720 13 0.428 0.128 0.495 0.250
25.760 13 0.427 0.128 0.495 0.250
25.800 13 0.428 0.128 0.497 0.247
25.840 13 0.428 0.128 0.495 0.247
25.880 13 0.430 0.128 0.497 0.247
25.920 13 0.428 0.128 0.495 0.247
25.960 13 0.430 0.125 0.498 0.247
26.000 13 0.430 0.125 0.498 0.247
26.040 13 0.433 0.125 0.500 0.247
26.080 13 0.430 0.128 0.497 0.244
26.120 13 0.434 0.131 0.498 0.244
26.160 13 0.430 0.128 0.495 0.244
26.200 13 0.430 0.125 0.498 0.247
26.240 13 0.430 0.125 0.498 0.247
26.280 13 0.430 0.125 0.498 0.247
26.320 13 0.428 0.125 0.495 0.244
26.360 13 0.431 0.125 0.498 0.244
26.400 13 0.430 0.125 0.497 0.244
26.440 13 0.430 0.125 0.498 0.247
26.480 13 0.431 0.125 0.498 0.244
26.520 13 0.430 0.125 0.498 0.244
26.560 13 0.430 0.125 0.498 0.244
26.600 13 0.430 0.122 0.498 0.244
26.640 13 0.430 0.122 0.498 0.244
26.680 13 0.431 0.125 0.498 0.244
26.720 13 0.430 0.122 0.498 0.244
26.760 13 0.428 0.122 0.497 0.244
26.800 13 0.431 0.125 0.498 0.244
26.840 13 0.430 0.122 0.498 0.244
26.880 13 0.433 0.125 0.500 0.244
26.920 13 0.430 0.122 0.498 0.244
26.960 13 0.430 0.122 0.498 0.244
30.240 14 0.402 0.172 0.497 0.342
30.280 14 0.400 0.175 0.494 0.342
30.320 14 0.402 0.172 0.497 0.342
30.360 14 0.403 0.175 0.498 0.342
30.400 14 0.402 0.172 0.497 0.342
30.440 14 0.405 0.175 0.498 0.342
30.480 14 0.402 0.172 0.497 0.342
30.520 14 0.402 0.175 0.497 0.342
30.560 14 0.405 0.175 0.498 0.342
30.600 14 0.398 0.169 0.494 0.342
30.640 14 0.405 0.172 0.498 0.342
30.680 14 0.402 0.172 0.497 0.342
30.720 14 0.400 0.172 0.495 0.342
30.760 14 0.402 0.172 0.497 0.342
30.800 14 0.400 0.169 0.495 0.339
30.840 14 0.403 0.169 0.498 0.339
30.880 14 0.400 0.169 0.495 0.339
30.920 14 0.403 0.169 0.498 0.339
30.960 14 0.403 0.167 0.497 0.336
31.000 14 0.405 0.164 0.502 0.336
31.040 14 0.408 0.164 0.498 0.325
31.080 14 0.408 0.161 0.497 0.322
31.120 14 0.409 0.161 0.500 0.322
31.160 14 0.411 0.158 0.502 0.319
31.200 14 0.412 0.156 0.505 0.317
31.240 14 0.416 0.153 0.509 0.319
31.280 14 0.416 0.153 0.509 0.319
31.320 14 0.417 0.156 0.511 0.322
31.360 14 0.417 0.156 0.512 0.325
31.400 14 0.417 0.158 0.512 0.325
31.440 14 0.417 0.161 0.512 0.328
31.480 14 0.417 0.161 0.511 0.328
31.520 14 0.417 0.164 0.511 0.328
31.560 14 0.417 0.164 0.509 0.328
31.600 14 0.416 0.164 0.508 0.328
31.640 14 0.414 0.164 0.506 0.328
31.680 14 0.414 0.164 0.506 0.331
31.720 14 0.412 0.164 0.506 0.331
31.760 14 0.412 0.164 0.506 0.328
31.800 14 0.412 0.161 0.505 0.328
31.840 14 0.414 0.164 0.506 0.328
31.880 14 0.411 0.161 0.505 0.328
31.920 14 0.412 0.161 0.506 0.328
31.960 14 0.411 0.161 0.505 0.328
32.000 14 0.417 0.167 0.498 0.311
32.040 14 0.419 0.167 0.500 0.311
32.080 14 0.419 0.167 0.498 0.311
32.120 14 0.419 0.167 0.500 0.311
32.160 14 0.419 0.167 0.500 0.311
32.200 14 0.419 0.167 0.500 0.311
32.240 14 0.419 0.167 0.500 0.311
32.280 14 0.419 0.167 0.500 0.311
32.320 14 0.417 0.167 0.498 0.311
32.360 14 0.419 0.169 0.500 0.311
32.400 14 0.417 0.167 0.500 0.311
32.440 14 0.420 0.167 0.502 0.311
32.480 14 0.419 0.167 0.500 0.311
32.520 14 0.420 0.167 0.502 0.311
32.560 14 0.420 0.167 0.502 0.311
32.600 14 0.420 0.167 0.502 0.311
32.640 14 0.420 0.167 0.500 0.308
32.680 14 0.419 0.167 0.498 0.308
32.720 14 0.422 0.167 0.500 0.308
32.760 14 0.417 0.164 0.498 0.308
32.800 14 0.420 0.164 0.502 0.308
32.840 14 0.417 0.164 0.498 0.311
32.880 14 0.419 0.164 0.502 0.311
32.920 14 0.417 0.167 0.497 0.311
32.960 14 0.419 0.167 0.500 0.311
33.000 14 0.417 0.167 0.498 0.311
33.040 14 0.417 0.164 0.498 0.311
33.080 14 0.416 0.164 0.497 0.311
33.120 14 0.417 0.164 0.498 0.311
33.160 14 0.416 0.164 0.497 0.308
33.200 14 0.417 0.167 0.498 0.311
33.240 14 0.416 0.164 0.498 0.311
33.280 14 0.417 0.167 0.498 0.311
33.320 14 0.417 0.167 0.498 0.311
33.360 14 0.417 0.167 0.498 0.311
33.400 14 0.417 0.167 0.497 0.311
33.440 14 0.419 0.167 0.498 0.311
33.480 14 0.417 0.167 0.498 0.308
33.520 14 0.417 0.164 0.497 0.308
33.560 14 0.417 0.164 0.498 0.308
33.600 14 0.416 0.164 0.497 0.308
33.640 14 0.416 0.164 0.497 0.308
33.680 14 0.417 0.164 0.497 0.308
33.720 14 0.416 0.164 0.495 0.308
33.760 14 0.417 0.167 0.498 0.308
33.800 14 0.416 0.167 0.498 0.311
33.840 14 0.417 0.167 0.498 0.311
33.880 14 0.416 0.167 0.497 0.311
33.920 14 0.417 0.167 0.498 0.311
33.960 14 0.416 0.167 0.497 0.311
34.000 14 0.417 0.167 0.498 0.311
34.040 14 0.416 0.158 0.503 0.311
34.080 14 0.414 0.156 0.502 0.311
34.120 14 0.417 0.156 0.505 0.311
34.160 14 0.417 0.158 0.503 0.311
34.200 14 0.417 0.156 0.503 0.311
34.240 14 0.417 0.156 0.503 0.311
34.280 14 0.417 0.156 0.506 0.311
34.320 14 0.416 0.156 0.505 0.314
34.360 14 0.417 0.156 0.506 0.314
34.400 14 0.416 0.156 0.503 0.314
34.440 14 0.416 0.156 0.505 0.314
34.480 14 0.414 0.156 0.505 0.314
34.520 14 0.417 0.156 0.505 0.314
34.560 14 0.414 0.156 0.503 0.311
34.600 14 0.414 0.153 0.505 0.314
34.640 14 0.416 0.156 0.505 0.314
34.680 14 0.416 0.156 0.503 0.311
34.720 14 0.417 0.156 0.506 0.314
34.760 14 0.417 0.156 0.505 0.311
34.800 14 0.419 0.156 0.508 0.311
34.840 14 0.419 0.156 0.508 0.314
34.880 14 0.420 0.158 0.508 0.311
34.920 14 0.422 0.158 0.508 0.311
34.960 14 0.419 0.158 0.506 0.311
35.000 14 0.416 0.144 0.512 0.317
35.040 14 0.416 0.153 0.514 0.325
35.080 14 0.417 0.153 0.514 0.325
35.120 14 0.417 0.150 0.516 0.325
35.160 14 0.417 0.153 0.512 0.322
35.200 14 0.419 0.156 0.514 0.325
35.240 14 0.419 0.156 0.516 0.325
35.280 14 0.416 0.156 0.512 0.325
35.320 14 0.419 0.156 0.516 0.328
35.360 14 0.416 0.156 0.512 0.325
35.400 14 0.419 0.156 0.516 0.328
35.440 14 0.416 0.156 0.514 0.328
35.480 14 0.417 0.156 0.516 0.328
35.520 14 0.417 0.156 0.514 0.328
35.560 14 0.417 0.156 0.516 0.328
35.600 14 0.414 0.156 0.514 0.331
35.640 14 0.417 0.156 0.516 0.331
35.680 14 0.416 0.153 0.514 0.331
35.720 14 0.417 0.156 0.516 0.328
35.760 14 0.416 0.156 0.512 0.328
35.800 14 0.414 0.153 0.512 0.331
35.840 14 0.416 0.156 0.514 0.328
35.880 14 0.417 0.156 0.516 0.328
35.920 14 0.416 0.156 0.514 0.328
35.960 14 0.417 0.156 0.514 0.328
36.000 14 0.416 0.164 0.512 0.336
36.040 14 0.416 0.164 0.514 0.336
36.080 14 0.414 0.161 0.512 0.339
36.120 14 0.416 0.164 0.514 0.339
36.160 14 0.414 0.161 0.512 0.339
36.200 14 0.416 0.164 0.512 0.336
36.240 14 0.417 0.167 0.512 0.333
36.280 14 0.414 0.164 0.511 0.333
36.320 14 0.417 0.164 0.514 0.336
36.360 14 0.416 0.164 0.512 0.336
36.400 14 0.414 0.164 0.511 0.333
36.440 14 0.414 0.161 0.512 0.336
36.480 14 0.414 0.164 0.512 0.336
36.520 14 0.417 0.164 0.512 0.333
36.560 14 0.414 0.161 0.512 0.336
36.600 14 0.412 0.161 0.511 0.336
36.640 14 0.414 0.164 0.512 0.336
36.680 14 0.416 0.164 0.512 0.333
36.720 14 0.414 0.161 0.514 0.339
36.760 14 0.412 0.161 0.509 0.336
36.800 14 0.417 0.164 0.514 0.336
36.840 14 0.416 0.164 0.509 0.333
36.880 14 0.414 0.161 0.514 0.339
36.920 14 0.412 0.164 0.509 0.336
36.960 14 0.417 0.164 0.514 0.336
37.000 14 0.416 0.164 0.512 0.336
37.040 14 0.422 0.167 0.511 0.325
37.080 14 0.419 0.167 0.506 0.325
37.120 14 0.420 0.169 0.508 0.325
37.160 14 0.419 0.167 0.508 0.325
37.200 14 0.417 0.164 0.506 0.322
37.240 14 0.419 0.167 0.508 0.325
37.280 14 0.417 0.167 0.506 0.322
37.320 14 0.420 0.167 0.509 0.322
37.360 14 0.419 0.167 0.506 0.322
37.400 14 0.417 0.167 0.506 0.325
37.440 14 0.417 0.164 0.506 0.325
37.480 14 0.419 0.164 0.508 0.322
37.520 14 0.417 0.164 0.508 0.322
37.560 14 0.419 0.161 0.509 0.322
37.600 14 0.417 0.158 0.508 0.322
37.640 14 0.419 0.158 0.509 0.319
37.680 14 0.419 0.158 0.506 0.317
37.720 14 0.417 0.158 0.506 0.317
37.760 14 0.416 0.158 0.505 0.317
37.800 14 0.414 0.164 0.502 0.319
37.840 14 0.412 0.164 0.500 0.319
37.880 14 0.412 0.167 0.500 0.322
37.920 14 0.412 0.167 0.500 0.322
37.960 14 0.411 0.164 0.500 0.322
38.000 14 0.417 0.167 0.498 0.311
38.040 14 0.416 0.169 0.502 0.322
38.080 14 0.419 0.167 0.505 0.322
38.120 14 0.419 0.169 0.505 0.322
38.160 14 0.420 0.169 0.506 0.322
38.200 14 0.420 0.172 0.505 0.322
38.240 14 0.420 0.172 0.505 0.319
38.280 14 0.422 0.172 0.506 0.322
38.320 14 0.420 0.172 0.505 0.322
38.360 14 0.420 0.172 0.503 0.322
38.400 14 0.416 0.172 0.500 0.322
38.440 14 0.412 0.169 0.495 0.317
38.480 14 0.409 0.167 0.491 0.314
38.520 14 0.406 0.164 0.487 0.311
38.560 14 0.405 0.164 0.487 0.311
38.600 14 0.405 0.164 0.486 0.311
38.640 14 0.406 0.164 0.489 0.311
38.680 14 0.408 0.167 0.489 0.311
38.720 14 0.409 0.167 0.492 0.311
38.760 14 0.412 0.167 0.495 0.314
38.800 14 0.414 0.167 0.497 0.314
38.840 14 0.417 0.164 0.502 0.314
38.880 14 0.419 0.167 0.503 0.317
38.920 14 0.420 0.167 0.506 0.317
38.960 14 0.420 0.167 0.505 0.317
39.000 14 0.416 0.164 0.512 0.336
39.040 14 0.416 0.161 0.514 0.336
39.080 14 0.414 0.164 0.512 0.336
39.120 14 0.417 0.164 0.516 0.339
39.160 14 0.416 0.164 0.514 0.339
39.200 14 0.416 0.164 0.514 0.339
39.240 14 0.416 0.164 0.512 0.339
39.280 14 0.417 0.164 0.514 0.339
39.320 14 0.416 0.164 0.514 0.339
39.360 14 0.416 0.164 0.512 0.336
39.400 14 0.417 0.164 0.514 0.336
39.440 14 0.417 0.164 0.516 0.339
39.480 14 0.417 0.164 0.514 0.336
39.520 14 0.417 0.164 0.516 0.339
39.560 14 0.416 0.167 0.512 0.339
39.600 14 0.417 0.167 0.514 0.339
39.640 14 0.416 0.167 0.511 0.339
39.680 14 0.416 0.167 0.514 0.342
39.720 14 0.416 0.167 0.512 0.339
39.760 14 0.416 0.167 0.512 0.339
39.800 14 0.414 0.167 0.511 0.339
39.840 14 0.417 0.167 0.514 0.339
39.880 14 0.416 0.167 0.512 0.339
39.920 14 0.416 0.167 0.512 0.339
39.960 14 0.417 0.167 0.512 0.339
40.000 14 0.416 0.164 0.512 0.336
40.040 14 0.416 0.164 0.512 0.336
40.080 14 0.416 0.164 0.512 0.336
40.120 14 0.416 0.164 0.512 0.336
40.160 14 0.416 0.164 0.512 0.336
40.200 14 0.414 0.164 0.509 0.336
40.240 14 0.416 0.164 0.512 0.336
40.280 14 0.414 0.167 0.509 0.336
60.480 15 0.333 0.300 0.400 0.417
60.520 15 0.334 0.300 0.400 0.419
60.560 15 0.333 0.300 0.398 0.417
60.600 15 0.336 0.303 0.402 0.417
60.640 15 0.333 0.300 0.398 0.417
60.680 15 0.333 0.300 0.400 0.419
60.720 15 0.336 0.300 0.402 0.417
60.760 15 0.333 0.300 0.400 0.419
60.800 15 0.334 0.297 0.403 0.419
60.840 15 0.333 0.300 0.400 0.419
60.880 15 0.334 0.303 0.400 0.419
60.920 15 0.333 0.303 0.398 0.417
60.960 15 0.336 0.303 0.400 0.417
61.000 15 0.333 0.300 0.400 0.419
61.040 15 0.333 0.300 0.398 0.417
61.080 15 0.334 0.300 0.402 0.419
61.120 15 0.333 0.300 0.397 0.417
61.160 15 0.334 0.300 0.400 0.417
61.200 15 0.333 0.300 0.398 0.417
61.240 15 0.333 0.300 0.400 0.419
61.280 15 0.333 0.300 0.400 0.419
61.320 15 0.333 0.300 0.400 0.419
61.360 15 0.333 0.300 0.400 0.419
61.400 15 0.331 0.300 0.398 0.419
61.440 15 0.333 0.300 0.400 0.419
61.480 15 0.333 0.300 0.398 0.417
61.520 15 0.331 0.300 0.400 0.422
61.560 15 0.331 0.300 0.400 0.419
61.600 15 0.333 0.300 0.402 0.419
61.640 15 0.333 0.300 0.400 0.419
61.680 15 0.331 0.300 0.400 0.422
61.720 15 0.333 0.300 0.402 0.422
61.760 15 0.331 0.300 0.400 0.422
61.800 15 0.333 0.300 0.402 0.422
61.840 15 0.333 0.300 0.400 0.419
61.880 15 0.333 0.300 0.400 0.419
61.920 15 0.333 0.300 0.400 0.419
61.960 15 0.333 0.300 0.400 0.419
62.000 15 0.333 0.300 0.400 0.419
62.040 15 0.328 0.294 0.397 0.417
62.080 15 0.328 0.294 0.397 0.417
62.120 15 0.328 0.294 0.397 0.417
62.160 15 0.330 0.294 0.398 0.417
62.200 15 0.330 0.294 0.397 0.417
62.240 15 0.328 0.294 0.397 0.417
62.280 15 0.330 0.294 0.397 0.417
62.320 15 0.330 0.294 0.397 0.417
62.360 15 0.333 0.294 0.400 0.414
62.400 15 0.336 0.292 0.403 0.414
62.440 15 0.339 0.292 0.408 0.414
62.480 15 0.342 0.292 0.411 0.414
62.520 15 0.345 0.289 0.412 0.411
62.560 15 0.347 0.289 0.414 0.411
62.600 15 0.348 0.289 0.416 0.408
62.640 15 0.348 0.289 0.417 0.411
62.680 15 0.350 0.289 0.417 0.408
62.720 15 0.350 0.289 0.417 0.408
62.760 15 0.350 0.289 0.417 0.408
62.800 15 0.350 0.289 0.417 0.408
62.840 15 0.352 0.289 0.419 0.408
62.880 15 0.352 0.289 0.419 0.408
62.920 15 0.352 0.289 0.419 0.408
62.960 15 0.352 0.289 0.419 0.408
63.000 15 0.348 0.286 0.416 0.406
63.040 15 0.348 0.286 0.416 0.406
63.080 15 0.348 0.286 0.416 0.406
63.120 15 0.348 0.286 0.416 0.406
63.160 15 0.348 0.286 0.416 0.406
63.200 15 0.348 0.286 0.417 0.408
63.240 15 0.350 0.289 0.417 0.408
63.280 15 0.350 0.289 0.417 0.408
63.320 15 0.350 0.289 0.417 0.408
63.360 15 0.350 0.289 0.417 0.408
63.400 15 0.352 0.289 0.419 0.408
63.440 15 0.348 0.289 0.416 0.408
63.480 15 0.350 0.289 0.419 0.411
63.520 15 0.350 0.289 0.417 0.408
63.560 15 0.348 0.289 0.416 0.408
63.600 15 0.350 0.289 0.417 0.408
63.640 15 0.347 0.289 0.416 0.408
60.560 16 0.586 0.272 0.653 0.392
60.600 16 0.589 0.272 0.655 0.392
60.640 16 0.588 0.272 0.655 0.392
60.680 16 0.588 0.272 0.655 0.392
60.720 16 0.589 0.269 0.656 0.392
60.760 16 0.589 0.269 0.658 0.389
60.800 16 0.591 0.269 0.659 0.392
60.840 16 0.592 0.269 0.661 0.392
60.880 16 0.594 0.272 0.661 0.392
60.920 16 0.594 0.272 0.662 0.392
60.960 16 0.595 0.272 0.662 0.392
61.000 16 0.595 0.272 0.662 0.392
61.040 16 0.595 0.269 0.662 0.389
61.080 16 0.595 0.269 0.662 0.389
61.120 16 0.595 0.269 0.662 0.392
61.160 16 0.595 0.269 0.664 0.392
61.200 16 0.595 0.269 0.664 0.392
61.240 16 0.597 0.269 0.664 0.392
61.280 16 0.597 0.269 0.666 0.392
61.320 16 0.597 0.272 0.664 0.392
61.360 16 0.598 0.272 0.666 0.392
61.400 16 0.597 0.272 0.664 0.392
61.440 16 0.600 0.272 0.667 0.392
61.480 16 0.597 0.272 0.664 0.392
61.520 16 0.598 0.272 0.666 0.392
61.560 16 0.598 0.272 0.666 0.392
61.600 16 0.598 0.272 0.666 0.392
61.640 16 0.598 0.272 0.666 0.392
61.680 16 0.600 0.272 0.666 0.392
61.720 16 0.597 0.272 0.664 0.392
61.760 16 0.600 0.275 0.666 0.392
61.800 16 0.597 0.275 0.664 0.394
61.840 16 0.598 0.275 0.666 0.394
61.880 16 0.597 0.275 0.662 0.394
61.920 16 0.597 0.275 0.664 0.394
61.960 16 0.595 0.275 0.664 0.394
62.000 16 0.595 0.272 0.662 0.392
62.040 16 0.595 0.278 0.662 0.397
62.080 16 0.597 0.278 0.664 0.400
62.120 16 0.595 0.278 0.661 0.397
62.160 16 0.595 0.278 0.662 0.400
62.200 16 0.594 0.281 0.661 0.397
62.240 16 0.595 0.281 0.662 0.400
62.280 16 0.594 0.278 0.662 0.400
62.320 16 0.592 0.275 0.662 0.400
62.360 16 0.594 0.278 0.664 0.400
62.400 16 0.592 0.278 0.661 0.400
62.440 16 0.594 0.278 0.662 0.400
62.480 16 0.594 0.278 0.661 0.400
62.520 16 0.592 0.281 0.661 0.400
62.560 16 0.592 0.278 0.659 0.400
62.600 16 0.594 0.278 0.662 0.400
62.640 16 0.592 0.281 0.659 0.400
62.680 16 0.592 0.278 0.661 0.400
62.720 16 0.594 0.281 0.662 0.400
62.760 16 0.592 0.278 0.659 0.400
62.800 16 0.594 0.281 0.661 0.400
62.840 16 0.592 0.281 0.661 0.400
62.880 16 0.594 0.281 0.661 0.400
62.920 16 0.594 0.281 0.661 0.400
62.960 16 0.592 0.281 0.661 0.400
63.000 16 0.595 0.286 0.662 0.406
63.040 16 0.595 0.286 0.662 0.406
63.080 16 0.595 0.283 0.666 0.408
63.120 16 0.592 0.283 0.661 0.408
63.160 16 0.594 0.286 0.664 0.408
63.200 16 0.594 0.286 0.662 0.406
63.240 16 0.594 0.286 0.659 0.406
63.280 16 0.597 0.289 0.662 0.403
63.320 16 0.594 0.286 0.659 0.403
63.360 16 0.597 0.289 0.662 0.403
63.400 16 0.595 0.289 0.659 0.403
63.440 16 0.595 0.289 0.661 0.403
63.480 16 0.595 0.289 0.661 0.403
63.520 16 0.595 0.289 0.661 0.403
63.560 16 0.595 0.286 0.661 0.403
63.600 16 0.595 0.286 0.662 0.406
63.640 16 0.594 0.286 0.661 0.403
65.400 17 0.073 0.256 0.125 0.347
65.440 17 0.081 0.250 0.134 0.344
65.480 17 0.089 0.253 0.141 0.344
65.520 17 0.097 0.253 0.152 0.350
65.560 17 0.106 0.258 0.159 0.353
65.600 17 0.114 0.261 0.169 0.358
65.640 17 0.123 0.264 0.178 0.361
65.680 17 0.133 0.264 0.188 0.361
65.720 17 0.142 0.256 0.197 0.353
65.760 17 0.152 0.247 0.208 0.347
65.800 17 0.161 0.239 0.217 0.339
65.840 17 0.172 0.231 0.228 0.331
65.880 17 0.184 0.219 0.239 0.319
65.920 17 0.195 0.211 0.252 0.311
65.960 17 0.208 0.208 0.263 0.306
66.000 17 0.220 0.206 0.277 0.306
66.040 17 0.233 0.206 0.289 0.306
66.080 17 0.245 0.206 0.302 0.308
66.120 17 0.263 0.208 0.320 0.314
66.160 17 0.278 0.214 0.336 0.317
66.200 17 0.294 0.214 0.353 0.319
66.240 17 0.308 0.206 0.369 0.311
66.280 17 0.327 0.197 0.386 0.306
66.320 17 0.344 0.192 0.405 0.300
66.360 17 0.362 0.178 0.422 0.283
66.400 17 0.375 0.169 0.434 0.275
66.440 17 0.392 0.156 0.453 0.264
66.480 17 0.408 0.153 0.469 0.261
66.520 17 0.427 0.147 0.486 0.253
67.800 18 0.522 0.181 0.591 0.303
67.840 18 0.522 0.181 0.591 0.303
67.880 18 0.522 0.181 0.589 0.300
67.920 18 0.522 0.181 0.589 0.300
67.960 18 0.523 0.183 0.589 0.297
68.000 18 0.520 0.181 0.588 0.300
68.040 18 0.517 0.181 0.586 0.300
68.080 18 0.519 0.181 0.586 0.300
68.120 18 0.517 0.181 0.584 0.300
68.160 18 0.517 0.183 0.584 0.303
68.560 18 0.517 0.197 0.581 0.311
68.600 18 0.516 0.194 0.580 0.311
68.640 18 0.516 0.194 0.580 0.314
68.680 18 0.517 0.197 0.580 0.314
68.720 18 0.514 0.197 0.578 0.311
68.760 18 0.516 0.194 0.580 0.314
68.800 18 0.516 0.194 0.580 0.314
68.840 18 0.514 0.194 0.580 0.314
68.880 18 0.516 0.194 0.581 0.314
68.920 18 0.514 0.192 0.580 0.314
68.960 18 0.512 0.192 0.580 0.314
69.000 18 0.512 0.192 0.580 0.314
69.040 18 0.512 0.192 0.578 0.314
69.080 18 0.511 0.189 0.578 0.311
69.120 18 0.511 0.192 0.577 0.311
69.160 18 0.509 0.192 0.575 0.311
69.200 18 0.508 0.192 0.573 0.308
69.240 18 0.509 0.192 0.573 0.311
69.280 18 0.506 0.192 0.572 0.311
69.320 18 0.508 0.194 0.573 0.311
69.360 18 0.506 0.194 0.572 0.314
69.400 18 0.508 0.194 0.573 0.314
69.440 18 0.509 0.194 0.575 0.314
70.160 18 0.506 0.164 0.577 0.286
70.200 18 0.506 0.164 0.575 0.283
70.240 18 0.506 0.164 0.575 0.283
70.280 18 0.506 0.164 0.575 0.283
70.320 18 0.508 0.164 0.577 0.283
70.360 18 0.505 0.164 0.575 0.283
70.400 18 0.505 0.164 0.573 0.283
70.440 18 0.506 0.167 0.572 0.281
70.480 18 0.506 0.167 0.570 0.281
70.520 18 0.506 0.167 0.570 0.278
70.560 18 0.506 0.169 0.569 0.278
70.600 18 0.506 0.169 0.567 0.275
70.640 18 0.509 0.169 0.570 0.275
70.680 18 0.506 0.167 0.569 0.275
70.720 18 0.506 0.167 0.569 0.275
70.760 18 0.506 0.167 0.567 0.275
70.800 18 0.508 0.164 0.573 0.278
70.840 18 0.505 0.164 0.572 0.283
70.880 18 0.505 0.164 0.573 0.283
70.920 18 0.505 0.167 0.573 0.283
70.960 18 0.505 0.167 0.573 0.286
71.000 18 0.505 0.167 0.573 0.286
71.040 18 0.505 0.167 0.573 0.289
71.080 18 0.505 0.167 0.575 0.289
71.120 18 0.505 0.169 0.575 0.289
71.160 18 0.505 0.169 0.575 0.292
71.200 18 0.505 0.169 0.575 0.292
71.240 18 0.505 0.169 0.575 0.292
71.280 18 0.505 0.169 0.575 0.292
71.320 18 0.502 0.169 0.573 0.292
71.360 18 0.505 0.172 0.573 0.292
71.400 18 0.503 0.169 0.573 0.292
71.440 18 0.503 0.169 0.573 0.292
71.480 18 0.503 0.169 0.572 0.289
71.520 18 0.500 0.167 0.572 0.292
71.560 18 0.500 0.169 0.572 0.294
71.600 18 0.498 0.169 0.569 0.294
71.640 18 0.498 0.175 0.569 0.294
71.680 18 0.497 0.175 0.567 0.297
71.720 18 0.498 0.178 0.567 0.300
71.760 18 0.495 0.181 0.566 0.300
71.800 18 0.497 0.183 0.567 0.303
71.840 18 0.497 0.183 0.567 0.306
71.880 18 0.498 0.183 0.567 0.306
84.160 19 0.334 0.158 0.425 0.319
84.200 19 0.334 0.158 0.425 0.319
84.240 19 0.334 0.158 0.423 0.319
84.280 19 0.333 0.161 0.422 0.317
84.320 19 0.336 0.158 0.425 0.317
84.360 19 0.338 0.161 0.425 0.319
84.400 19 0.334 0.161 0.423 0.319
84.440 19 0.339 0.164 0.428 0.322
84.480 19 0.336 0.161 0.425 0.319
84.520 19 0.338 0.161 0.428 0.322
84.560 19 0.336 0.161 0.427 0.322
84.600 19 0.338 0.158 0.430 0.322
84.640 19 0.338 0.156 0.430 0.322
84.680 19 0.341 0.158 0.433 0.322
84.720 19 0.341 0.158 0.433 0.322
84.760 19 0.344 0.158 0.438 0.325
84.800 19 0.345 0.158 0.441 0.328
84.840 19 0.348 0.164 0.445 0.336
84.880 19 0.348 0.172 0.444 0.339
84.920 19 0.348 0.172 0.444 0.342
84.960 19 0.350 0.175 0.441 0.336
85.000 19 0.350 0.164 0.447 0.336
85.040 19 0.347 0.142 0.453 0.333
85.080 19 0.350 0.139 0.459 0.333
85.120 19 0.353 0.133 0.461 0.328
85.160 19 0.353 0.133 0.461 0.325
85.200 19 0.356 0.125 0.467 0.322
85.240 19 0.355 0.125 0.467 0.322
85.280 19 0.359 0.125 0.469 0.319
85.320 19 0.364 0.125 0.470 0.317
85.360 19 0.367 0.125 0.475 0.317
85.400 19 0.366 0.122 0.473 0.314
85.440 19 0.369 0.119 0.478 0.314
85.480 19 0.369 0.117 0.478 0.311
85.520 19 0.372 0.117 0.481 0.311
85.560 19 0.375 0.117 0.484 0.308
85.600 19 0.377 0.119 0.484 0.311
85.640 19 0.380 0.119 0.487 0.314
85.680 19 0.381 0.122 0.491 0.317
85.720 19 0.383 0.125 0.494 0.322
85.760 19 0.386 0.128 0.497 0.325
85.800 19 0.388 0.128 0.498 0.322
85.840 19 0.392 0.125 0.502 0.319
85.880 19 0.391 0.122 0.500 0.317
85.920 19 0.394 0.119 0.505 0.314
85.960 19 0.394 0.119 0.503 0.311
86.000 19 0.395 0.106 0.511 0.311
86.040 19 0.394 0.111 0.511 0.322
86.080 19 0.395 0.114 0.511 0.322
86.120 19 0.395 0.117 0.512 0.322
86.160 19 0.397 0.117 0.512 0.322
86.200 19 0.397 0.119 0.512 0.325
86.240 19 0.398 0.122 0.512 0.322
86.280 19 0.398 0.119 0.514 0.325
86.320 19 0.402 0.119 0.514 0.319
86.360 19 0.403 0.117 0.516 0.317
86.400 19 0.406 0.114 0.519 0.314
86.440 19 0.405 0.111 0.519 0.311
86.480 19 0.408 0.106 0.522 0.308
86.520 19 0.411 0.106 0.527 0.311
86.560 19 0.409 0.106 0.527 0.314
86.600 19 0.416 0.111 0.531 0.317
86.640 19 0.416 0.114 0.533 0.319
86.680 19 0.419 0.122 0.533 0.325
86.720 19 0.419 0.128 0.534 0.333
86.760 19 0.422 0.131 0.537 0.336
86.800 19 0.417 0.128 0.533 0.336
86.840 19 0.422 0.128 0.537 0.333
86.880 19 0.420 0.125 0.536 0.333
86.920 19 0.423 0.125 0.539 0.331
86.960 19 0.422 0.122 0.536 0.328
87.000 19 0.420 0.128 0.537 0.336
87.040 19 0.422 0.122 0.539 0.331
87.080 19 0.420 0.117 0.541 0.331
87.120 19 0.420 0.117 0.541 0.331
87.160 19 0.422 0.117 0.542 0.328
87.200 19 0.422 0.117 0.542 0.331
87.240 19 0.423 0.119 0.542 0.331
87.280 19 0.423 0.119 0.544 0.333
87.320 19 0.423 0.119 0.542 0.331
87.360 19 0.430 0.122 0.547 0.331
87.400 19 0.425 0.119 0.542 0.328
87.440 19 0.430 0.119 0.547 0.328
87.480 19 0.427 0.119 0.542 0.325
87.520 19 0.430 0.117 0.548 0.325
87.560 19 0.427 0.119 0.544 0.325
87.600 19 0.428 0.114 0.547 0.328
87.640 19 0.427 0.114 0.545 0.325
87.680 19 0.430 0.114 0.547 0.322
87.720 19 0.427 0.108 0.545 0.322
87.760 19 0.431 0.111 0.548 0.317
87.800 19 0.430 0.108 0.547 0.314
87.840 19 0.431 0.106 0.545 0.308
87.880 19 0.431 0.103 0.547 0.308
87.920 19 0.433 0.103 0.548 0.308
87.960 19 0.431 0.106 0.547 0.311
88.000 19 0.434 0.106 0.550 0.311
88.040 19 0.436 0.122 0.542 0.311
88.080 19 0.438 0.125 0.544 0.314
88.120 19 0.434 0.128 0.539 0.314
88.160 19 0.436 0.128 0.541 0.314
88.200 19 0.433 0.128 0.537 0.314
88.240 19 0.433 0.125 0.539 0.311
88.280 19 0.431 0.122 0.536 0.311
88.320 19 0.433 0.119 0.539 0.308
88.360 19 0.431 0.119 0.537 0.308
88.400 19 0.434 0.117 0.541 0.308
88.440 19 0.431 0.117 0.539 0.306
88.480 19 0.434 0.117 0.541 0.306
88.520 19 0.433 0.117 0.539 0.306
88.560 19 0.436 0.117 0.542 0.303
88.600 19 0.434 0.117 0.539 0.300
88.640 19 0.438 0.117 0.541 0.300
88.680 19 0.436 0.117 0.539 0.297
88.720 19 0.438 0.114 0.539 0.294
88.760 19 0.436 0.111 0.539 0.294
88.800 19 0.436 0.111 0.541 0.294
88.840 19 0.434 0.111 0.539 0.294
88.880 19 0.436 0.111 0.539 0.297
88.920 19 0.436 0.114 0.541 0.297
88.960 19 0.438 0.114 0.541 0.297
89.000 19 0.438 0.125 0.534 0.297
89.040 19 0.439 0.122 0.537 0.297
89.080 19 0.439 0.122 0.536 0.294
89.120 19 0.442 0.122 0.537 0.292
89.160 19 0.438 0.122 0.536 0.297
89.200 19 0.439 0.122 0.537 0.300
89.240 19 0.438 0.122 0.534 0.297
89.280 19 0.438 0.125 0.536 0.297
89.320 19 0.439 0.125 0.534 0.294
89.360 19 0.439 0.125 0.534 0.294
89.400 19 0.441 0.128 0.534 0.294
89.440 19 0.438 0.125 0.533 0.297
89.480 19 0.439 0.128 0.534 0.297
89.520 19 0.441 0.128 0.534 0.297
89.560 19 0.439 0.131 0.534 0.297
89.600 19 0.439 0.131 0.533 0.297
89.640 19 0.438 0.131 0.533 0.300
89.680 19 0.438 0.131 0.533 0.300
89.720 19 0.438 0.131 0.533 0.300
89.760 19 0.438 0.131 0.533 0.300
89.800 19 0.438 0.131 0.533 0.300
89.840 19 0.438 0.131 0.533 0.300
89.880 19 0.438 0.131 0.533 0.300
89.920 19 0.436 0.131 0.531 0.300
89.960 19 0.436 0.131 0.531 0.297
90.000 19 0.438 0.125 0.534 0.297
90.040 19 0.436 0.125 0.528 0.292
90.080 19 0.438 0.125 0.530 0.292
90.120 19 0.436 0.125 0.530 0.292
90.160 19 0.436 0.125 0.531 0.292
90.200 19 0.436 0.125 0.531 0.292
90.240 19 0.436 0.125 0.531 0.297
90.280 19 0.436 0.131 0.533 0.300
90.320 19 0.434 0.133 0.530 0.306
90.360 19 0.436 0.136 0.533 0.306
90.400 19 0.433 0.136 0.530 0.308
90.440 19 0.436 0.139 0.531 0.311
90.480 19 0.434 0.139 0.531 0.311
90.520 19 0.434 0.139 0.531 0.311
90.560 19 0.434 0.139 0.533 0.314
90.600 19 0.434 0.142 0.533 0.317
90.640 19 0.434 0.142 0.533 0.317
90.680 19 0.433 0.142 0.533 0.319
90.720 19 0.436 0.144 0.534 0.319
90.760 19 0.434 0.144 0.534 0.322
90.800 19 0.434 0.144 0.534 0.322
90.840 19 0.433 0.144 0.533 0.322
90.880 19 0.434 0.144 0.534 0.322
90.920 19 0.436 0.144 0.537 0.322
90.960 19 0.438 0.144 0.537 0.322
91.000 19 0.438 0.144 0.534 0.317
91.040 19 0.439 0.153 0.537 0.331
91.080 19 0.439 0.153 0.537 0.328
91.120 19 0.436 0.156 0.534 0.328
91.160 19 0.434 0.153 0.533 0.328
91.200 19 0.433 0.153 0.533 0.331
91.240 19 0.431 0.153 0.531 0.331
91.280 19 0.434 0.156 0.533 0.331
91.320 19 0.431 0.156 0.530 0.331
91.360 19 0.433 0.156 0.531 0.331
91.400 19 0.431 0.156 0.528 0.331
91.440 19 0.433 0.158 0.531 0.331
91.480 19 0.430 0.156 0.528 0.331
91.520 19 0.433 0.158 0.530 0.331
91.560 19 0.433 0.158 0.530 0.331
91.600 19 0.433 0.156 0.530 0.331
91.640 19 0.431 0.156 0.530 0.331
91.680 19 0.433 0.156 0.530 0.328
91.720 19 0.433 0.156 0.530 0.328
91.760 19 0.433 0.156 0.530 0.328
91.800 19 0.431 0.153 0.530 0.328
91.840 19 0.434 0.156 0.530 0.325
91.880 19 0.436 0.156 0.528 0.319
91.920 19 0.436 0.156 0.530 0.322
91.960 19 0.434 0.156 0.528 0.322
92.000 19 0.438 0.164 0.534 0.336
92.040 19 0.434 0.161 0.531 0.333
92.080 19 0.434 0.161 0.531 0.333
92.120 19 0.436 0.161 0.533 0.333
92.160 19 0.433 0.161 0.530 0.333
92.200 19 0.434 0.161 0.531 0.333
92.240 19 0.433 0.161 0.528 0.333
92.280 19 0.433 0.161 0.530 0.333
92.320 19 0.434 0.161 0.531 0.333
92.360 19 0.433 0.164 0.528 0.331
92.400 19 0.436 0.164 0.530 0.331
92.440 19 0.434 0.164 0.528 0.331
92.480 19 0.433 0.164 0.530 0.333
92.520 19 0.434 0.164 0.530 0.333
92.560 19 0.433 0.164 0.530 0.333
92.600 19 0.433 0.164 0.530 0.333
92.640 19 0.434 0.164 0.530 0.333
92.680 19 0.434 0.164 0.530 0.336
92.720 19 0.431 0.164 0.530 0.336
92.760 19 0.436 0.164 0.531 0.336
92.800 19 0.434 0.164 0.530 0.336
92.840 19 0.433 0.164 0.530 0.336
92.880 19 0.430 0.164 0.528 0.339
92.920 19 0.430 0.164 0.528 0.339
92.960 19 0.428 0.167 0.525 0.339
93.000 19 0.427 0.164 0.523 0.336
93.040 19 0.427 0.158 0.525 0.331
93.080 19 0.427 0.158 0.523 0.331
93.120 19 0.427 0.158 0.525 0.333
93.160 19 0.427 0.158 0.527 0.333
93.200 19 0.428 0.158 0.527 0.333
93.240 19 0.428 0.161 0.527 0.333
93.280 19 0.428 0.161 0.527 0.336
93.320 19 0.427 0.161 0.527 0.339
93.360 19 0.427 0.161 0.527 0.339
93.400 19 0.427 0.161 0.527 0.339
93.440 19 0.427 0.161 0.527 0.336
93.480 19 0.427 0.161 0.527 0.336
93.520 19 0.427 0.158 0.527 0.336
93.560 19 0.427 0.158 0.527 0.336
93.600 19 0.425 0.158 0.525 0.333
93.640 19 0.425 0.158 0.525 0.333
93.680 19 0.425 0.158 0.523 0.331
93.720 19 0.425 0.156 0.523 0.331
93.760 19 0.423 0.156 0.522 0.331
93.800 19 0.423 0.156 0.520 0.328
93.840 19 0.422 0.153 0.520 0.328
93.880 19 0.420 0.150 0.519 0.325
93.920 19 0.419 0.150 0.517 0.325
93.960 19 0.417 0.150 0.516 0.325
94.000 19 0.416 0.144 0.512 0.317
94.040 19 0.417 0.153 0.508 0.314
94.080 19 0.417 0.150 0.506 0.311
94.120 19 0.419 0.150 0.508 0.311
94.160 19 0.416 0.150 0.506 0.308
94.200 19 0.417 0.147 0.508 0.308
94.240 19 0.417 0.147 0.508 0.308
94.280 19 0.417 0.144 0.508 0.306
94.320 19 0.417 0.144 0.508 0.306
94.360 19 0.417 0.147 0.506 0.306
94.400 19 0.417 0.147 0.508 0.306
94.440 19 0.416 0.150 0.506 0.308
94.480 19 0.417 0.150 0.508 0.311
94.520 19 0.417 0.150 0.509 0.314
94.560 19 0.419 0.153 0.509 0.317
94.600 19 0.420 0.156 0.511 0.317
94.640 19 0.423 0.156 0.512 0.317
94.680 19 0.425 0.156 0.516 0.317
94.720 19 0.427 0.158 0.517 0.317
94.760 19 0.427 0.161 0.516 0.319
94.800 19 0.427 0.161 0.514 0.319
94.840 19 0.423 0.161 0.512 0.317
94.880 19 0.425 0.161 0.512 0.317
94.920 19 0.423 0.161 0.509 0.314
94.960 19 0.423 0.158 0.512 0.317
95.000 19 0.427 0.167 0.508 0.311
95.040 19 0.425 0.156 0.514 0.314
95.080 19 0.427 0.156 0.517 0.314
95.120 19 0.427 0.156 0.514 0.311
95.160 19 0.428 0.153 0.517 0.314
95.200 19 0.427 0.153 0.517 0.314
95.240 19 0.428 0.156 0.519 0.314
95.280 19 0.427 0.156 0.517 0.317
95.320 19 0.427 0.156 0.519 0.319
95.360 19 0.425 0.156 0.517 0.317
95.400 19 0.428 0.156 0.519 0.317
95.440 19 0.428 0.158 0.517 0.317
95.480 19 0.428 0.158 0.517 0.317
95.520 19 0.427 0.158 0.516 0.317
95.560 19 0.427 0.156 0.516 0.314
95.600 19 0.427 0.156 0.516 0.314
95.640 19 0.427 0.156 0.516 0.314
95.680 19 0.425 0.156 0.514 0.314
95.720 19 0.428 0.156 0.516 0.314
95.760 19 0.428 0.158 0.516 0.314
95.800 19 0.425 0.156 0.514 0.314
95.840 19 0.428 0.156 0.517 0.314
95.880 19 0.425 0.156 0.516 0.317
95.920 19 0.427 0.156 0.516 0.317
95.960 19 0.427 0.156 0.516 0.317
96.000 19 0.427 0.144 0.523 0.317
96.040 19 0.422 0.147 0.519 0.319
96.080 19 0.422 0.150 0.517 0.317
96.120 19 0.420 0.147 0.514 0.317
96.160 19 0.420 0.150 0.514 0.317
96.200 19 0.419 0.150 0.512 0.317
96.240 19 0.422 0.150 0.516 0.319
96.280 19 0.420 0.150 0.516 0.319
96.320 19 0.423 0.153 0.519 0.322
96.360 19 0.423 0.156 0.517 0.325
96.400 19 0.425 0.156 0.520 0.328
96.440 19 0.422 0.161 0.519 0.331
96.480 19 0.423 0.164 0.519 0.333
96.520 19 0.420 0.164 0.517 0.333
96.560 19 0.422 0.164 0.519 0.336
96.600 19 0.420 0.164 0.517 0.333
96.640 19 0.420 0.161 0.517 0.333
96.680 19 0.420 0.161 0.516 0.333
96.720 19 0.419 0.158 0.516 0.331
96.760 19 0.420 0.161 0.517 0.333
96.800 19 0.419 0.161 0.514 0.333
96.840 19 0.419 0.161 0.516 0.333
96.880 19 0.419 0.161 0.516 0.333
96.920 19 0.419 0.161 0.517 0.333
96.960 19 0.420 0.161 0.517 0.333
97.000 19 0.416 0.164 0.512 0.336
97.040 19 0.420 0.167 0.514 0.333
97.080 19 0.417 0.161 0.512 0.333
97.120 19 0.420 0.164 0.514 0.331
97.160 19 0.417 0.161 0.514 0.331
97.200 19 0.420 0.161 0.514 0.328
97.240 19 0.414 0.156 0.512 0.331
97.280 19 0.417 0.156 0.516 0.333
97.320 19 0.416 0.156 0.514 0.331
97.360 19 0.416 0.156 0.512 0.328
97.400 19 0.414 0.153 0.512 0.328
102.000 20 0.400 0.167 0.467 0.286
102.040 20 0.400 0.167 0.467 0.286
102.080 20 0.400 0.167 0.467 0.286
102.120 20 0.400 0.167 0.467 0.286
102.160 20 0.403 0.167 0.469 0.286
102.200 20 0.400 0.167 0.467 0.286
102.240 20 0.400 0.167 0.467 0.286
102.280 20 0.400 0.167 0.469 0.286
102.320 20 0.402 0.167 0.469 0.286
102.400 20 0.394 0.164 0.473 0.306
102.440 20 0.397 0.164 0.475 0.306
102.480 20 0.395 0.164 0.475 0.306
102.520 20 0.397 0.164 0.477 0.306
102.560 20 0.395 0.164 0.475 0.303
102.600 20 0.398 0.164 0.477 0.303
102.640 20 0.397 0.161 0.475 0.303
102.680 20 0.398 0.161 0.478 0.303
102.720 20 0.397 0.161 0.477 0.303
102.760 20 0.398 0.158 0.480 0.303
102.800 20 0.398 0.158 0.477 0.300
102.840 20 0.400 0.156 0.480 0.300
102.880 20 0.398 0.156 0.478 0.297
102.920 20 0.400 0.156 0.481 0.297
102.960 20 0.398 0.156 0.478 0.297
103.000 20 0.400 0.153 0.481 0.297
103.040 20 0.400 0.144 0.483 0.292
103.080 20 0.400 0.144 0.483 0.289
103.120 20 0.400 0.142 0.483 0.289
103.160 20 0.400 0.142 0.483 0.289
103.200 20 0.400 0.142 0.483 0.289
103.240 20 0.400 0.142 0.481 0.286
103.280 20 0.398 0.139 0.481 0.286
103.320 20 0.400 0.139 0.481 0.286
103.360 20 0.398 0.142 0.480 0.286
103.400 20 0.400 0.142 0.481 0.286
103.440 20 0.398 0.142 0.480 0.286
103.480 20 0.398 0.142 0.481 0.286
103.520 20 0.397 0.142 0.478 0.286
103.560 20 0.400 0.142 0.481 0.286
103.600 20 0.398 0.142 0.478 0.283
103.640 20 0.398 0.142 0.480 0.286
103.680 20 0.398 0.142 0.480 0.289
103.720 20 0.398 0.142 0.480 0.289
103.760 20 0.398 0.142 0.480 0.289
103.800 20 0.398 0.142 0.480 0.289
103.840 20 0.398 0.144 0.480 0.286
103.880 20 0.397 0.144 0.477 0.286
103.920 20 0.394 0.144 0.473 0.283
103.960 20 0.392 0.144 0.470 0.283
104.000 20 0.391 0.136 0.472 0.281
104.040 20 0.386 0.136 0.469 0.283
104.080 20 0.388 0.139 0.469 0.283
104.120 20 0.384 0.139 0.466 0.283
104.160 20 0.386 0.142 0.467 0.283
104.200 20 0.384 0.142 0.466 0.286
104.240 20 0.388 0.142 0.469 0.286
104.280 20 0.391 0.144 0.472 0.289
104.320 20 0.394 0.147 0.473 0.292
104.360 20 0.397 0.153 0.477 0.297
104.400 20 0.398 0.158 0.480 0.303
104.440 20 0.402 0.164 0.481 0.306
104.480 20 0.402 0.164 0.481 0.306
104.520 20 0.403 0.167 0.481 0.306
104.560 20 0.403 0.167 0.481 0.306
104.600 20 0.403 0.164 0.483 0.306
104.640 20 0.405 0.164 0.483 0.306
104.680 20 0.405 0.164 0.484 0.306
104.720 20 0.406 0.167 0.484 0.306
104.760 20 0.406 0.167 0.486 0.308
104.800 20 0.406 0.169 0.486 0.311
104.840 20 0.405 0.169 0.486 0.314
104.880 20 0.405 0.169 0.486 0.314
104.920 20 0.403 0.169 0.486 0.314
104.960 20 0.403 0.169 0.484 0.314
105.000 20 0.400 0.167 0.481 0.311
105.040 20 0.400 0.164 0.481 0.308
105.080 20 0.403 0.161 0.484 0.306
105.120 20 0.405 0.161 0.486 0.303
105.160 20 0.406 0.158 0.487 0.300
105.200 20 0.406 0.156 0.486 0.300
105.240 20 0.408 0.153 0.489 0.297
105.280 20 0.406 0.153 0.487 0.297
105.320 20 0.406 0.150 0.487 0.294
105.360 20 0.405 0.147 0.487 0.294
105.400 20 0.402 0.144 0.486 0.294
105.440 20 0.398 0.142 0.481 0.289
105.480 20 0.397 0.139 0.480 0.286
105.520 20 0.391 0.136 0.473 0.283
105.560 20 0.388 0.131 0.472 0.281
105.600 20 0.384 0.128 0.467 0.275
105.640 20 0.383 0.125 0.466 0.275
105.680 20 0.381 0.125 0.464 0.275
105.720 20 0.380 0.125 0.464 0.275
105.760 20 0.380 0.125 0.464 0.275
105.800 20 0.378 0.122 0.464 0.275
105.840 20 0.377 0.122 0.461 0.275
105.880 20 0.378 0.125 0.463 0.275
105.920 20 0.377 0.125 0.461 0.275
105.960 20 0.372 0.122 0.456 0.272
106.000 21 0.386 0.139 0.453 0.258
116.000 22 0.350 0.144 0.447 0.317
116.040 22 0.348 0.136 0.450 0.319
116.080 22 0.347 0.136 0.448 0.317
116.120 22 0.347 0.133 0.448 0.317
116.160 22 0.345 0.131 0.447 0.314
116.200 22 0.344 0.131 0.444 0.311
116.240 22 0.339 0.125 0.442 0.308
116.280 22 0.341 0.122 0.441 0.303
116.320 22 0.334 0.119 0.436 0.300
116.360 22 0.334 0.117 0.434 0.297
116.400 22 0.330 0.111 0.428 0.292
116.440 22 0.328 0.108 0.427 0.286
116.480 22 0.322 0.103 0.423 0.283
116.520 22 0.319 0.100 0.419 0.278
116.560 22 0.316 0.097 0.414 0.272
116.600 22 0.311 0.092 0.408 0.267
116.640 22 0.305 0.089 0.403 0.264
116.680 22 0.300 0.086 0.397 0.261
116.720 22 0.297 0.083 0.394 0.258
116.760 22 0.291 0.081 0.389 0.256
116.800 22 0.287 0.078 0.384 0.253
116.840 22 0.284 0.078 0.381 0.250
116.880 22 0.281 0.075 0.377 0.247
116.920 22 0.280 0.075 0.375 0.244
116.960 22 0.277 0.075 0.370 0.242
117.000 22 0.275 0.067 0.372 0.242
117.040 22 0.270 0.069 0.366 0.242
117.080 22 0.270 0.069 0.366 0.242
117.120 22 0.269 0.069 0.366 0.242
117.160 22 0.269 0.069 0.366 0.242
117.200 22 0.269 0.069 0.366 0.242
117.240 22 0.269 0.069 0.362 0.239
117.280 22 0.270 0.069 0.366 0.239
117.320 22 0.269 0.069 0.364 0.242
117.360 22 0.269 0.072 0.364 0.244
117.400 22 0.270 0.075 0.366 0.247
117.440 22 0.270 0.078 0.366 0.247
117.480 22 0.272 0.078 0.367 0.250
117.520 22 0.272 0.081 0.369 0.253
117.560 22 0.273 0.081 0.369 0.256
117.600 22 0.273 0.083 0.370 0.256
117.640 22 0.275 0.083 0.372 0.258
117.680 22 0.277 0.083 0.373 0.261
117.720 22 0.278 0.086 0.375 0.261
117.760 22 0.280 0.089 0.377 0.264
117.800 22 0.281 0.092 0.378 0.267
117.840 22 0.283 0.092 0.381 0.267
117.880 22 0.284 0.094 0.383 0.269
117.920 22 0.287 0.097 0.384 0.272
117.960 22 0.287 0.097 0.386 0.275
118.000 22 0.286 0.106 0.383 0.278
118.040 22 0.284 0.103 0.391 0.292
118.080 22 0.286 0.106 0.392 0.294
118.120 22 0.286 0.106 0.392 0.294
118.160 22 0.287 0.106 0.394 0.294
118.200 22 0.287 0.108 0.394 0.297
118.240 22 0.287 0.108 0.394 0.297
118.280 22 0.287 0.108 0.395 0.300
118.320 22 0.287 0.108 0.395 0.300
118.360 22 0.286 0.108 0.395 0.303
118.400 22 0.289 0.111 0.397 0.303
118.440 22 0.287 0.108 0.395 0.303
118.480 22 0.287 0.111 0.395 0.303
118.520 22 0.289 0.111 0.395 0.303
118.560 22 0.289 0.111 0.397 0.303
118.600 22 0.289 0.114 0.397 0.306
118.640 22 0.291 0.117 0.398 0.308
118.680 22 0.291 0.119 0.398 0.308
118.720 22 0.292 0.119 0.400 0.311
118.760 22 0.292 0.122 0.400 0.314
118.800 22 0.292 0.125 0.400 0.317
118.840 22 0.292 0.128 0.400 0.317
118.880 22 0.292 0.128 0.398 0.319
118.920 22 0.292 0.131 0.400 0.322
118.960 22 0.292 0.131 0.400 0.322
119.000 22 0.291 0.128 0.408 0.336
119.040 22 0.297 0.133 0.403 0.322
119.080 22 0.297 0.133 0.405 0.325
119.120 22 0.297 0.136 0.403 0.325
119.160 22 0.297 0.136 0.403 0.328
119.200 22 0.297 0.139 0.403 0.328
119.240 22 0.295 0.139 0.403 0.328
119.280 22 0.295 0.139 0.402 0.328
119.320 22 0.295 0.139 0.403 0.331
119.360 22 0.294 0.139 0.402 0.331
119.400 22 0.297 0.139 0.403 0.331
119.440 22 0.295 0.139 0.403 0.331
119.480 22 0.295 0.142 0.400 0.328
119.520 22 0.297 0.142 0.402 0.331
119.560 22 0.295 0.142 0.402 0.328
119.600 22 0.295 0.142 0.402 0.331
119.640 22 0.297 0.139 0.403 0.331
119.680 22 0.297 0.139 0.405 0.331
119.720 22 0.297 0.139 0.405 0.331
119.760 22 0.298 0.142 0.405 0.331
119.800 22 0.298 0.142 0.406 0.333
119.840 22 0.298 0.142 0.406 0.333
119.880 22 0.298 0.142 0.406 0.331
119.920 22 0.302 0.142 0.409 0.333
119.960 22 0.300 0.142 0.406 0.331
120.000 22 0.308 0.144 0.405 0.317
120.040 22 0.309 0.142 0.408 0.317
120.080 22 0.308 0.142 0.405 0.317
120.120 22 0.309 0.142 0.408 0.317
120.160 22 0.308 0.142 0.406 0.317
120.200 22 0.311 0.142 0.408 0.314
120.240 22 0.305 0.139 0.403 0.314
120.280 22 0.311 0.142 0.408 0.314
120.320 22 0.305 0.139 0.403 0.314
120.360 22 0.309 0.142 0.408 0.314
120.400 22 0.305 0.139 0.402 0.311
120.440 22 0.309 0.142 0.406 0.314
120.480 22 0.305 0.139 0.403 0.317
120.520 22 0.309 0.144 0.405 0.314
120.560 22 0.306 0.142 0.405 0.314
120.600 22 0.306 0.142 0.405 0.314
120.640 22 0.308 0.142 0.405 0.314
117.760 23 0.930 0.372 1.050 0.586
117.800 23 0.917 0.364 1.039 0.581
117.840 23 0.909 0.367 1.027 0.575
117.880 23 0.902 0.364 1.019 0.572
117.920 23 0.891 0.364 1.005 0.567
117.960 23 0.883 0.361 0.997 0.564
118.000 23 0.875 0.358 0.991 0.564
118.040 23 0.863 0.353 0.986 0.572
118.080 23 0.859 0.356 0.977 0.567
118.120 23 0.859 0.361 0.969 0.556
118.160 23 0.850 0.361 0.966 0.567
118.200 23 0.844 0.361 0.961 0.569
118.240 23 0.841 0.361 0.958 0.569
118.280 23 0.836 0.361 0.953 0.572
118.320 23 0.828 0.361 0.948 0.575
118.360 23 0.825 0.364 0.945 0.575
118.400 23 0.822 0.364 0.941 0.575
118.440 23 0.819 0.367 0.936 0.575
118.480 23 0.814 0.367 0.931 0.575
118.520 23 0.808 0.369 0.925 0.578
118.560 23 0.798 0.364 0.916 0.572
118.600 23 0.787 0.367 0.903 0.572
118.640 23 0.778 0.367 0.891 0.567
120.680 24 0.430 0.225 0.527 0.397
120.720 24 0.430 0.225 0.527 0.397
120.760 24 0.431 0.228 0.527 0.397
120.800 24 0.428 0.225 0.523 0.394
120.840 24 0.430 0.225 0.527 0.394
120.880 24 0.430 0.225 0.525 0.394
120.920 24 0.431 0.225 0.527 0.394
120.960 24 0.436 0.222 0.530 0.389
121.000 24 0.438 0.222 0.534 0.394
121.040 24 0.434 0.211 0.539 0.397
121.080 24 0.436 0.211 0.539 0.397
121.120 24 0.438 0.211 0.542 0.397
121.160 24 0.433 0.211 0.537 0.397
121.200 24 0.436 0.211 0.544 0.400
121.240 24 0.434 0.208 0.541 0.400
121.280 24 0.434 0.211 0.541 0.400
121.320 24 0.433 0.208 0.539 0.397
121.360 24 0.431 0.208 0.537 0.397
121.400 24 0.431 0.206 0.541 0.397
121.440 24 0.428 0.203 0.537 0.397
121.480 24 0.430 0.197 0.542 0.397
121.520 24 0.428 0.194 0.542 0.397
121.560 24 0.431 0.194 0.547 0.397
121.600 24 0.433 0.194 0.547 0.397
121.640 24 0.434 0.197 0.548 0.397
121.680 24 0.436 0.197 0.550 0.400
121.720 24 0.438 0.200 0.550 0.400
121.760 24 0.438 0.200 0.550 0.400
121.800 24 0.436 0.200 0.553 0.406
121.840 24 0.434 0.203 0.547 0.403
121.880 24 0.439 0.203 0.552 0.403
121.920 24 0.438 0.206 0.548 0.403
121.960 24 0.438 0.206 0.550 0.403
122.000 24 0.434 0.197 0.550 0.403
122.040 24 0.434 0.203 0.548 0.406
122.080 24 0.436 0.203 0.550 0.406
122.120 24 0.433 0.203 0.547 0.406
122.160 24 0.434 0.203 0.550 0.406
122.200 24 0.431 0.203 0.547 0.406
122.240 24 0.436 0.206 0.548 0.406
122.280 24 0.431 0.203 0.545 0.406
122.320 24 0.433 0.200 0.550 0.408
122.360 24 0.431 0.200 0.547 0.406
122.400 24 0.433 0.200 0.550 0.406
122.440 24 0.431 0.200 0.547 0.403
122.480 24 0.434 0.197 0.550 0.403
122.520 24 0.433 0.197 0.547 0.400
122.560 24 0.434 0.197 0.550 0.403
122.600 24 0.434 0.197 0.547 0.397
122.640 24 0.436 0.197 0.550 0.400
122.680 24 0.433 0.197 0.547 0.400
122.720 24 0.434 0.194 0.548 0.400
122.760 24 0.436 0.197 0.550 0.400
122.800 24 0.433 0.197 0.547 0.400
122.840 24 0.433 0.194 0.548 0.400
122.880 24 0.433 0.197 0.547 0.400
122.920 24 0.434 0.194 0.550 0.400
122.960 24 0.433 0.194 0.550 0.400
123.000 24 0.434 0.197 0.550 0.403
123.040 24 0.434 0.194 0.552 0.400
123.080 24 0.434 0.192 0.553 0.403
123.120 24 0.433 0.192 0.552 0.403
123.160 24 0.436 0.194 0.556 0.406
123.200 24 0.434 0.192 0.552 0.403
123.240 24 0.436 0.194 0.556 0.406
123.280 24 0.433 0.194 0.550 0.403
123.320 24 0.436 0.194 0.555 0.408
123.360 24 0.433 0.197 0.550 0.406
123.400 24 0.436 0.197 0.555 0.406
123.440 24 0.433 0.197 0.548 0.406
123.480 24 0.436 0.197 0.553 0.406
123.520 24 0.434 0.200 0.548 0.403
123.560 24 0.436 0.200 0.553 0.406
123.600 24 0.433 0.200 0.547 0.403
123.640 24 0.438 0.200 0.553 0.403
123.680 24 0.434 0.200 0.547 0.403
123.720 24 0.438 0.200 0.550 0.403
123.760 24 0.434 0.200 0.547 0.403
123.800 24 0.436 0.200 0.550 0.403
123.840 24 0.434 0.200 0.548 0.403
123.880 24 0.433 0.200 0.548 0.406
123.920 24 0.433 0.200 0.548 0.406
123.960 24 0.434 0.200 0.550 0.406
124.000 24 0.434 0.197 0.550 0.403
124.040 24 0.433 0.203 0.545 0.406
124.080 24 0.436 0.203 0.550 0.406
124.120 24 0.434 0.203 0.550 0.406
124.160 24 0.436 0.200 0.552 0.408
124.200 24 0.433 0.200 0.548 0.408
124.240 24 0.436 0.203 0.550 0.406
124.280 24 0.434 0.203 0.550 0.406
124.320 24 0.434 0.200 0.550 0.406
124.360 24 0.434 0.200 0.552 0.406
124.400 24 0.433 0.200 0.548 0.406
124.440 24 0.436 0.197 0.553 0.406
124.480 24 0.434 0.197 0.550 0.403
124.520 24 0.436 0.194 0.553 0.403
124.560 24 0.436 0.194 0.553 0.406
124.600 24 0.436 0.194 0.553 0.403
124.640 24 0.434 0.192 0.552 0.403
124.680 24 0.438 0.194 0.553 0.403
124.720 24 0.436 0.194 0.553 0.403
124.760 24 0.438 0.194 0.553 0.403
124.800 24 0.434 0.194 0.552 0.403
124.840 24 0.434 0.194 0.553 0.403
124.880 24 0.434 0.192 0.552 0.403
124.920 24 0.434 0.192 0.552 0.403
124.960 24 0.434 0.192 0.552 0.400
125.000 24 0.434 0.197 0.550 0.403
125.040 24 0.434 0.192 0.550 0.397
125.080 24 0.436 0.194 0.552 0.397
125.120 24 0.434 0.194 0.550 0.397
125.160 24 0.434 0.194 0.550 0.397
125.200 24 0.434 0.194 0.550 0.397
125.240 24 0.434 0.194 0.550 0.397
125.280 24 0.436 0.194 0.552 0.397
125.320 24 0.433 0.194 0.548 0.397
125.360 24 0.436 0.194 0.552 0.400
125.400 24 0.433 0.194 0.548 0.400
125.440 24 0.436 0.197 0.550 0.400
125.480 24 0.434 0.197 0.548 0.397
125.520 24 0.436 0.194 0.552 0.400
125.560 24 0.433 0.197 0.548 0.400
125.600 24 0.434 0.194 0.552 0.403
125.640 24 0.433 0.197 0.548 0.403
125.680 24 0.434 0.197 0.552 0.406
125.720 24 0.433 0.197 0.550 0.406
125.760 24 0.433 0.200 0.550 0.406
125.800 24 0.433 0.200 0.547 0.406
125.840 24 0.434 0.200 0.552 0.406
125.880 24 0.431 0.200 0.547 0.406
125.920 24 0.433 0.200 0.548 0.406
125.960 24 0.433 0.200 0.547 0.406
126.000 24 0.434 0.197 0.550 0.403
126.040 24 0.433 0.197 0.550 0.406
126.080 24 0.433 0.197 0.550 0.406
126.120 24 0.431 0.197 0.548 0.406
126.160 24 0.436 0.200 0.552 0.406
126.200 24 0.433 0.197 0.550 0.406
126.240 24 0.434 0.192 0.555 0.403
126.280 24 0.433 0.189 0.552 0.400
126.320 24 0.436 0.186 0.555 0.397
126.360 24 0.434 0.186 0.553 0.397
126.400 24 0.438 0.186 0.556 0.394
126.440 24 0.434 0.183 0.553 0.394
126.480 24 0.436 0.183 0.556 0.397
126.520 24 0.434 0.183 0.555 0.394
126.560 24 0.434 0.183 0.553 0.394
126.600 24 0.434 0.186 0.553 0.394
126.640 24 0.438 0.189 0.553 0.394
126.680 24 0.434 0.189 0.550 0.397
126.720 24 0.436 0.192 0.553 0.397
126.760 24 0.434 0.194 0.548 0.400
126.800 24 0.434 0.197 0.547 0.397
126.840 24 0.436 0.197 0.550 0.400
126.880 24 0.433 0.197 0.547 0.400
126.920 24 0.436 0.197 0.548 0.397
126.960 24 0.434 0.197 0.547 0.397
127.000 24 0.434 0.197 0.550 0.403
127.040 24 0.438 0.197 0.552 0.400
127.080 24 0.434 0.197 0.548 0.400
127.120 24 0.438 0.194 0.553 0.400
127.160 24 0.434 0.194 0.550 0.403
127.200 24 0.436 0.192 0.555 0.403
127.240 24 0.434 0.192 0.552 0.403
127.280 24 0.436 0.194 0.555 0.403
127.320 24 0.433 0.194 0.550 0.406
127.360 24 0.434 0.197 0.552 0.406
127.400 24 0.431 0.197 0.550 0.408
127.440 24 0.434 0.197 0.552 0.406
127.480 24 0.433 0.197 0.550 0.408
127.520 24 0.433 0.197 0.550 0.408
127.560 24 0.433 0.197 0.548 0.403
127.600 24 0.436 0.197 0.553 0.406
127.640 24 0.431 0.197 0.548 0.406
127.680 24 0.433 0.197 0.550 0.406
127.720 24 0.434 0.197 0.548 0.403
127.760 24 0.436 0.200 0.552 0.406
127.800 24 0.433 0.200 0.550 0.406
127.840 24 0.434 0.197 0.552 0.406
127.880 24 0.433 0.197 0.550 0.406
127.920 24 0.433 0.197 0.553 0.408
127.960 24 0.431 0.197 0.550 0.406
128.000 24 0.434 0.197 0.550 0.403
128.040 24 0.438 0.197 0.552 0.403
128.080 24 0.436 0.197 0.552 0.403
128.120 24 0.434 0.194 0.550 0.403
128.160 24 0.436 0.194 0.553 0.400
128.200 24 0.433 0.194 0.550 0.400
128.240 24 0.434 0.192 0.552 0.400
128.280 24 0.433 0.192 0.550 0.400
128.320 24 0.433 0.189 0.550 0.400
128.360 24 0.433 0.189 0.550 0.400
128.400 24 0.433 0.189 0.552 0.397
128.440 24 0.434 0.189 0.552 0.400
128.480 24 0.433 0.189 0.550 0.400
128.520 24 0.436 0.189 0.553 0.400
128.560 24 0.433 0.192 0.548 0.397
128.600 24 0.436 0.189 0.553 0.400
128.640 24 0.434 0.192 0.552 0.400
128.680 24 0.434 0.192 0.552 0.400
128.720 24 0.434 0.192 0.552 0.400
128.760 24 0.434 0.194 0.550 0.397
128.800 24 0.433 0.194 0.550 0.400
128.840 24 0.434 0.194 0.550 0.400
128.880 24 0.436 0.194 0.550 0.397
128.920 24 0.434 0.197 0.548 0.400
128.960 24 0.434 0.197 0.548 0.400
129.000 24 0.434 0.197 0.550 0.403
129.040 24 0.433 0.197 0.548 0.403
129.080 24 0.436 0.197 0.552 0.403
129.120 24 0.436 0.200 0.548 0.400
129.160 24 0.438 0.200 0.550 0.400
129.200 24 0.436 0.200 0.550 0.403
129.240 24 0.434 0.200 0.550 0.406
129.280 24 0.433 0.203 0.548 0.406
129.320 24 0.436 0.203 0.552 0.408
129.360 24 0.436 0.206 0.547 0.403
129.400 24 0.436 0.206 0.548 0.406
129.440 24 0.438 0.206 0.550 0.406
129.480 24 0.434 0.203 0.548 0.408
129.520 24 0.434 0.203 0.550 0.408
129.560 24 0.436 0.206 0.548 0.406
129.600 24 0.434 0.206 0.548 0.408
129.640 24 0.434 0.206 0.548 0.408
129.680 24 0.433 0.206 0.547 0.408
129.720 24 0.434 0.203 0.548 0.408
129.760 24 0.434 0.203 0.548 0.406
129.800 24 0.434 0.203 0.550 0.406
129.840 24 0.434 0.200 0.550 0.406
129.880 24 0.434 0.200 0.550 0.406
129.920 24 0.436 0.197 0.552 0.406
129.960 24 0.433 0.197 0.548 0.403
130.000 24 0.434 0.197 0.550 0.403
130.040 24 0.427 0.186 0.553 0.408
130.080 24 0.427 0.186 0.552 0.408
130.120 24 0.427 0.186 0.552 0.408
130.160 24 0.427 0.189 0.552 0.408
130.200 24 0.427 0.186 0.550 0.406
130.240 24 0.428 0.186 0.552 0.403
130.280 24 0.425 0.186 0.548 0.403
130.320 24 0.428 0.186 0.550 0.400
130.360 24 0.425 0.186 0.547 0.400
130.400 24 0.425 0.189 0.545 0.400
130.440 24 0.427 0.192 0.542 0.397
130.480 24 0.425 0.194 0.541 0.397
130.520 24 0.423 0.194 0.539 0.400
130.560 24 0.422 0.197 0.536 0.400
130.600 24 0.422 0.197 0.536 0.400
130.640 24 0.420 0.197 0.536 0.400
130.680 24 0.422 0.197 0.537 0.403
130.720 24 0.420 0.197 0.536 0.403
130.760 24 0.423 0.200 0.539 0.406
130.800 24 0.422 0.200 0.537 0.408
130.840 24 0.425 0.203 0.541 0.406
130.880 24 0.423 0.206 0.537 0.403
130.920 24 0.425 0.203 0.537 0.406
130.960 24 0.423 0.203 0.537 0.406
131.000 24 0.420 0.197 0.537 0.403
131.040 24 0.427 0.214 0.530 0.397
131.080 24 0.427 0.214 0.531 0.397
131.120 24 0.427 0.214 0.530 0.394
131.160 24 0.427 0.214 0.530 0.397
131.200 24 0.428 0.211 0.533 0.400
131.240 24 0.430 0.211 0.536 0.400
131.280 24 0.428 0.211 0.534 0.400
131.320 24 0.431 0.211 0.537 0.400
131.360 24 0.427 0.208 0.536 0.400
131.400 24 0.430 0.211 0.537 0.400
131.440 24 0.433 0.211 0.539 0.400
131.480 24 0.428 0.208 0.537 0.400
131.520 24 0.430 0.211 0.537 0.400
131.560 24 0.430 0.206 0.539 0.400
131.600 24 0.431 0.208 0.539 0.400
131.640 24 0.430 0.208 0.536 0.397
131.680 24 0.431 0.208 0.539 0.397
131.720 24 0.428 0.206 0.537 0.397
131.760 24 0.430 0.208 0.537 0.400
131.800 24 0.430 0.208 0.537 0.400
131.840 24 0.430 0.208 0.537 0.400
131.880 24 0.431 0.208 0.541 0.400
131.920 24 0.430 0.208 0.537 0.397
131.960 24 0.433 0.208 0.542 0.400
132.000 24 0.438 0.222 0.534 0.394
132.040 24 0.439 0.222 0.537 0.394
132.080 24 0.438 0.222 0.534 0.394
132.120 24 0.441 0.222 0.537 0.394
132.160 24 0.436 0.222 0.533 0.394
132.200 24 0.441 0.222 0.539 0.400
132.240 24 0.434 0.222 0.533 0.397
132.280 24 0.439 0.222 0.537 0.397
132.320 24 0.438 0.222 0.533 0.392
135.960 25 0.617 0.228 0.758 0.481
136.000 25 0.617 0.228 0.758 0.481
136.040 25 0.616 0.228 0.758 0.481
136.080 25 0.616 0.228 0.758 0.481
136.120 25 0.616 0.228 0.758 0.481
136.160 25 0.616 0.228 0.756 0.481
136.200 25 0.614 0.225 0.762 0.489
136.240 25 0.611 0.225 0.755 0.483
136.280 25 0.617 0.225 0.762 0.483
136.320 25 0.616 0.228 0.758 0.481
136.360 25 0.616 0.228 0.758 0.481
136.400 25 0.614 0.225 0.762 0.489
136.440 25 0.609 0.225 0.756 0.486
136.480 25 0.616 0.225 0.762 0.486
136.520 25 0.616 0.228 0.758 0.481
136.560 25 0.616 0.228 0.758 0.481
136.600 25 0.616 0.231 0.758 0.483
136.640 25 0.616 0.231 0.758 0.483
136.680 25 0.616 0.231 0.758 0.483
136.720 25 0.616 0.231 0.758 0.483
136.760 25 0.616 0.231 0.758 0.483
136.800 25 0.616 0.228 0.764 0.492
136.840 25 0.613 0.228 0.758 0.489
136.880 25 0.619 0.228 0.766 0.489
136.920 25 0.617 0.233 0.759 0.483
136.960 25 0.614 0.228 0.759 0.486
137.000 25 0.617 0.228 0.764 0.489
137.040 25 0.611 0.228 0.758 0.486
137.080 25 0.620 0.228 0.764 0.486
137.120 25 0.619 0.231 0.759 0.483
137.160 25 0.619 0.233 0.759 0.483
137.200 25 0.619 0.231 0.759 0.483
137.240 25 0.619 0.233 0.759 0.483
137.280 25 0.614 0.225 0.759 0.486
137.320 25 0.619 0.228 0.764 0.489
137.360 25 0.613 0.228 0.758 0.486
137.400 25 0.617 0.228 0.762 0.489
137.440 25 0.617 0.236 0.756 0.483
137.480 25 0.619 0.233 0.761 0.486
137.520 25 0.614 0.233 0.755 0.486
137.560 25 0.614 0.236 0.755 0.486
137.600 25 0.611 0.231 0.762 0.497
137.640 25 0.609 0.231 0.755 0.489
137.680 25 0.617 0.233 0.761 0.489
137.720 25 0.614 0.236 0.755 0.486
137.760 25 0.614 0.236 0.755 0.486
137.800 25 0.614 0.236 0.755 0.486
137.840 25 0.616 0.239 0.755 0.486
137.880 25 0.614 0.236 0.755 0.486
137.920 25 0.616 0.236 0.755 0.486
137.960 25 0.614 0.236 0.755 0.486
138.000 25 0.614 0.236 0.755 0.486
138.040 25 0.614 0.236 0.755 0.486
138.080 25 0.616 0.239 0.755 0.489
138.120 25 0.614 0.239 0.755 0.489
138.160 25 0.614 0.239 0.755 0.489
138.200 25 0.616 0.239 0.755 0.489
138.240 25 0.614 0.242 0.748 0.483
138.280 25 0.622 0.244 0.755 0.483
138.320 25 0.614 0.244 0.747 0.478
138.360 25 0.620 0.244 0.755 0.483
138.400 25 0.614 0.242 0.747 0.478
138.440 25 0.620 0.244 0.755 0.483
138.480 25 0.616 0.239 0.752 0.483
138.520 25 0.616 0.242 0.755 0.486
138.560 25 0.616 0.239 0.755 0.489
138.600 25 0.616 0.239 0.755 0.489
138.640 25 0.616 0.239 0.755 0.489
138.680 25 0.616 0.242 0.755 0.489
138.720 25 0.616 0.242 0.755 0.489
138.760 25 0.616 0.242 0.755 0.489
138.800 25 0.616 0.242 0.755 0.489
138.840 25 0.614 0.242 0.755 0.489
138.880 25 0.614 0.242 0.755 0.489
138.920 25 0.614 0.242 0.755 0.489
138.960 25 0.614 0.242 0.755 0.489
139.000 25 0.614 0.247 0.748 0.486
139.040 25 0.620 0.247 0.755 0.486
139.080 25 0.617 0.247 0.748 0.481
139.120 25 0.616 0.244 0.755 0.489
139.160 25 0.613 0.247 0.747 0.486
139.200 25 0.620 0.247 0.753 0.486
139.240 25 0.614 0.250 0.747 0.486
139.280 25 0.614 0.244 0.753 0.492
139.320 25 0.613 0.250 0.747 0.489
139.360 25 0.619 0.250 0.752 0.486
139.400 25 0.614 0.247 0.747 0.483
139.440 25 0.613 0.247 0.752 0.492
139.480 25 0.611 0.250 0.745 0.489
139.520 25 0.619 0.250 0.752 0.489
139.560 25 0.616 0.250 0.747 0.486
139.600 25 0.614 0.247 0.752 0.494
139.640 25 0.613 0.253 0.747 0.492
139.680 25 0.614 0.250 0.752 0.494
139.720 25 0.611 0.253 0.747 0.492
139.760 25 0.614 0.253 0.750 0.494
139.800 25 0.611 0.256 0.745 0.494
139.840 25 0.613 0.253 0.750 0.497
139.880 25 0.609 0.253 0.745 0.494
139.920 25 0.617 0.256 0.752 0.494
139.960 25 0.613 0.256 0.745 0.492
140.000 25 0.613 0.253 0.750 0.497
140.040 25 0.609 0.253 0.745 0.494
140.080 25 0.613 0.253 0.750 0.497
140.120 25 0.609 0.256 0.745 0.494
140.160 25 0.611 0.253 0.750 0.497
140.200 25 0.609 0.256 0.745 0.494
140.240 25 0.611 0.253 0.748 0.497
140.280 25 0.614 0.256 0.752 0.497
140.320 25 0.611 0.253 0.748 0.497
140.360 25 0.609 0.256 0.745 0.497
140.400 25 0.616 0.256 0.750 0.497
140.440 25 0.611 0.253 0.748 0.497
140.480 25 0.609 0.256 0.745 0.497
140.520 25 0.616 0.256 0.750 0.497
140.560 25 0.611 0.253 0.745 0.492
140.600 25 0.611 0.253 0.748 0.497
140.640 25 0.609 0.256 0.745 0.497
140.680 25 0.616 0.256 0.752 0.494
140.720 25 0.611 0.253 0.745 0.492
140.760 25 0.611 0.253 0.748 0.497
140.800 25 0.611 0.253 0.748 0.497
140.840 25 0.609 0.256 0.744 0.494
140.880 25 0.616 0.256 0.750 0.494
140.920 25 0.611 0.253 0.745 0.492
140.960 25 0.611 0.253 0.748 0.497
141.000 25 0.611 0.253 0.748 0.497
141.040 25 0.608 0.256 0.744 0.497
141.080 25 0.614 0.256 0.748 0.497
141.120 25 0.609 0.253 0.744 0.492
141.160 25 0.609 0.253 0.747 0.497
136.920 26 0.416 0.317 0.528 0.514
136.960 26 0.409 0.317 0.522 0.517
137.000 26 0.403 0.317 0.516 0.517
137.040 26 0.403 0.317 0.516 0.517
137.080 26 0.403 0.319 0.516 0.519
137.120 26 0.403 0.319 0.517 0.519
137.160 26 0.405 0.319 0.519 0.519
137.200 26 0.405 0.319 0.519 0.522
137.240 26 0.405 0.319 0.519 0.519
137.280 26 0.408 0.319 0.522 0.522
137.320 26 0.402 0.314 0.517 0.519
137.360 26 0.402 0.308 0.519 0.517
137.400 26 0.398 0.303 0.516 0.508
137.440 26 0.398 0.292 0.517 0.503
137.480 26 0.400 0.283 0.519 0.492
137.520 26 0.400 0.272 0.520 0.483
137.560 26 0.398 0.258 0.519 0.475
137.600 26 0.397 0.244 0.519 0.461
137.640 26 0.395 0.233 0.516 0.447
137.680 26 0.395 0.219 0.516 0.433
137.720 26 0.397 0.211 0.516 0.422
137.760 26 0.392 0.203 0.512 0.414
137.800 26 0.394 0.197 0.512 0.411
137.840 26 0.394 0.197 0.511 0.406
137.880 26 0.392 0.194 0.509 0.406
137.920 26 0.392 0.197 0.508 0.403
137.960 26 0.392 0.197 0.509 0.403
138.000 26 0.395 0.197 0.511 0.403
138.040 26 0.403 0.186 0.514 0.386
138.080 26 0.408 0.189 0.519 0.383
138.120 26 0.412 0.192 0.523 0.386
138.160 26 0.416 0.189 0.525 0.386
138.200 26 0.419 0.189 0.530 0.389
138.240 26 0.420 0.192 0.533 0.392
138.280 26 0.422 0.194 0.533 0.392
138.320 26 0.423 0.197 0.534 0.394
138.360 26 0.420 0.203 0.531 0.400
138.400 26 0.419 0.208 0.530 0.403
138.440 26 0.417 0.214 0.528 0.411
138.480 26 0.416 0.219 0.527 0.417
138.520 26 0.412 0.225 0.523 0.419
138.560 26 0.417 0.231 0.528 0.425
138.600 26 0.419 0.233 0.530 0.433
138.640 26 0.425 0.242 0.536 0.439
138.680 26 0.427 0.250 0.537 0.450
138.720 26 0.425 0.264 0.539 0.464
138.760 26 0.425 0.272 0.537 0.472
138.800 26 0.423 0.286 0.537 0.486
138.840 26 0.427 0.294 0.541 0.494
138.880 26 0.427 0.297 0.539 0.497
138.920 26 0.428 0.294 0.541 0.494
138.960 26 0.425 0.292 0.537 0.492
139.000 26 0.427 0.289 0.539 0.489
139.040 26 0.423 0.286 0.536 0.486
139.080 26 0.425 0.283 0.539 0.486
139.120 26 0.423 0.283 0.536 0.483
139.160 26 0.427 0.281 0.541 0.481
139.200 26 0.425 0.278 0.537 0.481
139.240 26 0.428 0.278 0.542 0.478
139.280 26 0.428 0.275 0.541 0.475
139.320 26 0.431 0.272 0.545 0.475
139.360 26 0.431 0.272 0.544 0.472
139.400 26 0.434 0.269 0.547 0.469
139.440 26 0.438 0.269 0.550 0.469
139.480 26 0.439 0.269 0.552 0.469
139.520 26 0.441 0.267 0.555 0.469
139.560 26 0.444 0.267 0.558 0.469
139.600 26 0.444 0.267 0.559 0.469
139.640 26 0.444 0.267 0.559 0.472
139.680 26 0.444 0.267 0.559 0.472
139.720 26 0.444 0.269 0.559 0.475
139.760 26 0.444 0.272 0.558 0.475
139.800 26 0.441 0.275 0.555 0.478
139.840 26 0.438 0.275 0.553 0.481
139.880 26 0.436 0.275 0.553 0.483
139.920 26 0.433 0.275 0.547 0.478
139.960 26 0.431 0.275 0.548 0.483
140.000 26 0.434 0.267 0.550 0.472
140.040 26 0.439 0.275 0.555 0.478
140.080 26 0.441 0.278 0.556 0.481
140.120 26 0.442 0.281 0.556 0.483
140.160 26 0.447 0.283 0.561 0.483
140.200 26 0.447 0.283 0.559 0.483
140.240 26 0.450 0.283 0.564 0.483
140.280 26 0.448 0.283 0.562 0.483
140.320 26 0.453 0.281 0.566 0.481
140.360 26 0.450 0.278 0.564 0.478
140.400 26 0.453 0.275 0.567 0.478
140.440 26 0.453 0.275 0.564 0.472
140.480 26 0.456 0.275 0.569 0.475
140.520 26 0.452 0.272 0.564 0.472
140.560 26 0.456 0.272 0.569 0.472
140.600 26 0.453 0.269 0.566 0.469
140.640 26 0.458 0.269 0.570 0.469
140.680 26 0.455 0.269 0.567 0.469
140.720 26 0.456 0.267 0.572 0.469
140.760 26 0.458 0.269 0.570 0.467
140.800 26 0.458 0.269 0.570 0.467
140.840 26 0.459 0.269 0.572 0.467
140.880 26 0.458 0.267 0.570 0.464
140.920 26 0.459 0.269 0.572 0.467
140.960 26 0.458 0.267 0.569 0.467
141.000 26 0.459 0.267 0.577 0.472
141.040 26 0.464 0.267 0.578 0.469
141.080 26 0.459 0.264 0.577 0.469
141.120 26 0.464 0.264 0.580 0.469
141.160 26 0.461 0.261 0.578 0.467
141.200 27 0.703 0.464 0.758 0.561
141.240 27 0.703 0.464 0.756 0.561
141.280 27 0.705 0.461 0.759 0.558
141.320 27 0.702 0.461 0.756 0.558
141.360 27 0.700 0.458 0.756 0.558
141.400 27 0.698 0.458 0.753 0.553
141.440 27 0.697 0.453 0.752 0.550
141.480 27 0.692 0.453 0.747 0.550
141.520 27 0.692 0.447 0.747 0.547
141.560 27 0.686 0.447 0.742 0.547
141.600 27 0.686 0.442 0.742 0.544
141.640 27 0.681 0.439 0.739 0.542
141.680 27 0.680 0.439 0.738 0.542
141.720 27 0.677 0.436 0.734 0.542
141.760 27 0.675 0.436 0.734 0.539
141.800 27 0.673 0.436 0.731 0.539
141.840 27 0.672 0.436 0.728 0.536
141.880 27 0.672 0.436 0.730 0.539
141.920 27 0.670 0.439 0.727 0.539
141.960 27 0.672 0.439 0.728 0.539
142.000 27 0.670 0.439 0.727 0.539
142.040 27 0.670 0.439 0.727 0.539
142.080 27 0.670 0.442 0.725 0.542
142.120 27 0.672 0.444 0.728 0.542
142.160 27 0.672 0.447 0.725 0.542
142.200 27 0.673 0.450 0.727 0.544
142.240 27 0.673 0.453 0.728 0.547
142.280 27 0.673 0.453 0.728 0.550
142.320 27 0.673 0.456 0.728 0.550
142.360 27 0.675 0.456 0.728 0.550
142.400 27 0.675 0.458 0.727 0.550
142.440 27 0.675 0.458 0.727 0.550
142.480 27 0.673 0.458 0.725 0.550
142.520 27 0.675 0.458 0.728 0.550
142.560 27 0.675 0.458 0.727 0.550
142.600 27 0.673 0.458 0.723 0.550
142.640 27 0.675 0.458 0.725 0.547
142.680 27 0.672 0.456 0.723 0.547
142.720 27 0.673 0.456 0.723 0.547
142.760 27 0.670 0.456 0.722 0.547
142.800 27 0.669 0.456 0.720 0.547
142.840 27 0.670 0.458 0.720 0.547
142.880 27 0.667 0.458 0.719 0.550
142.920 27 0.669 0.461 0.719 0.550
142.960 27 0.667 0.461 0.717 0.553
143.000 27 0.666 0.464 0.716 0.553
143.040 27 0.666 0.464 0.716 0.553
143.080 27 0.664 0.461 0.714 0.550
143.120 27 0.662 0.464 0.713 0.553
143.160 27 0.662 0.464 0.713 0.553
143.200 27 0.662 0.464 0.713 0.553
143.240 27 0.661 0.464 0.711 0.553
143.280 27 0.661 0.464 0.711 0.553
143.320 27 0.659 0.467 0.709 0.553
143.360 27 0.661 0.467 0.711 0.556
143.400 27 0.659 0.467 0.709 0.556
143.440 27 0.661 0.469 0.711 0.558
143.480 27 0.661 0.469 0.711 0.558
143.520 27 0.661 0.472 0.711 0.561
143.560 27 0.662 0.472 0.711 0.561
143.600 27 0.662 0.475 0.713 0.564
143.640 27 0.664 0.478 0.713 0.564
143.680 27 0.664 0.478 0.714 0.564
143.720 27 0.666 0.478 0.714 0.564
143.760 27 0.667 0.481 0.716 0.567
143.800 27 0.667 0.481 0.716 0.567
143.840 27 0.669 0.481 0.717 0.567
143.880 27 0.669 0.481 0.717 0.564
143.920 27 0.670 0.481 0.717 0.567
143.960 27 0.670 0.481 0.717 0.567
144.000 27 0.672 0.483 0.719 0.567
144.040 27 0.672 0.483 0.719 0.567
144.080 27 0.673 0.483 0.720 0.567
144.120 27 0.673 0.483 0.719 0.567
144.160 27 0.675 0.486 0.722 0.567
144.200 27 0.675 0.483 0.722 0.567
144.240 27 0.677 0.483 0.723 0.567
144.280 27 0.675 0.483 0.722 0.567
144.320 27 0.677 0.483 0.722 0.567
144.360 27 0.677 0.483 0.723 0.567
144.400 27 0.678 0.486 0.723 0.567
144.440 27 0.678 0.486 0.723 0.567
144.480 27 0.678 0.486 0.725 0.567
144.520 27 0.678 0.486 0.723 0.567
144.560 27 0.678 0.486 0.723 0.567
