14.280 0 0.278 0.133 0.695 0.875
14.320 0 0.278 0.122 0.695 0.867
14.360 0 0.275 0.114 0.694 0.858
14.400 0 0.275 0.103 0.694 0.847
14.440 0 0.272 0.097 0.691 0.842
14.480 0 0.284 0.106 0.695 0.836
14.520 0 0.269 0.103 0.684 0.842
14.560 0 0.269 0.100 0.683 0.836
14.600 0 0.267 0.094 0.680 0.825
14.640 0 0.259 0.086 0.672 0.819
14.680 0 0.266 0.075 0.684 0.822
14.720 0 0.266 0.069 0.684 0.817
14.760 0 0.266 0.064 0.684 0.808
14.800 0 0.263 0.056 0.684 0.806
14.840 0 0.248 0.025 0.688 0.806
14.880 0 0.266 0.039 0.698 0.808
14.920 0 0.259 0.047 0.680 0.794
14.960 0 0.272 0.056 0.683 0.786
15.000 0 0.259 0.050 0.677 0.792
15.040 0 0.255 0.064 0.677 0.814
15.080 0 0.266 0.069 0.683 0.811
15.120 0 0.255 0.064 0.681 0.825
15.160 0 0.255 0.050 0.688 0.822
15.200 0 0.253 0.061 0.680 0.817
15.240 0 0.258 0.064 0.686 0.825
15.280 0 0.248 0.061 0.678 0.825
15.320 0 0.253 0.075 0.670 0.819
15.360 0 0.248 0.075 0.670 0.822
15.400 0 0.255 0.083 0.673 0.831
15.440 0 0.248 0.094 0.667 0.839
15.480 0 0.255 0.108 0.669 0.844
15.520 0 0.256 0.117 0.670 0.850
15.560 0 0.256 0.119 0.677 0.867
15.600 0 0.255 0.125 0.666 0.856
15.640 0 0.267 0.128 0.675 0.853
15.680 0 0.256 0.122 0.669 0.856
15.720 0 0.270 0.125 0.678 0.847
15.760 0 0.263 0.119 0.666 0.836
15.800 0 0.269 0.114 0.688 0.858
15.840 0 0.264 0.117 0.677 0.847
15.880 0 0.259 0.117 0.670 0.847
15.920 0 0.264 0.117 0.673 0.847
15.960 0 0.263 0.117 0.673 0.850
16.000 0 0.259 0.133 0.677 0.875
16.040 0 0.252 0.119 0.673 0.867
16.080 0 0.256 0.119 0.683 0.878
16.120 0 0.248 0.131 0.669 0.875
16.160 0 0.252 0.128 0.673 0.878
16.200 0 0.248 0.131 0.667 0.872
16.240 0 0.261 0.128 0.680 0.869
16.280 0 0.252 0.128 0.669 0.869
16.320 0 0.255 0.119 0.688 0.886
16.360 0 0.248 0.122 0.675 0.881
16.400 0 0.253 0.128 0.677 0.878
16.440 0 0.242 0.131 0.661 0.875
16.480 0 0.256 0.133 0.675 0.875
16.520 0 0.242 0.133 0.656 0.867
16.560 0 0.255 0.133 0.672 0.872
16.600 0 0.241 0.136 0.648 0.861
16.640 0 0.244 0.136 0.661 0.872
16.680 0 0.231 0.136 0.647 0.872
16.720 0 0.237 0.136 0.656 0.878
16.760 0 0.228 0.142 0.642 0.878
16.800 0 0.234 0.144 0.650 0.881
16.840 0 0.222 0.147 0.636 0.883
16.880 0 0.227 0.147 0.644 0.889
16.920 0 0.214 0.150 0.630 0.886
16.960 0 0.220 0.153 0.636 0.892
17.000 0 0.212 0.133 0.631 0.875
17.040 0 0.220 0.136 0.637 0.875
17.080 0 0.219 0.133 0.634 0.872
17.120 0 0.212 0.136 0.625 0.867
17.160 0 0.222 0.136 0.633 0.867
17.200 0 0.212 0.136 0.620 0.861
17.240 0 0.216 0.131 0.630 0.864
17.280 0 0.214 0.119 0.639 0.875
17.320 0 0.214 0.114 0.642 0.875
17.360 0 0.216 0.114 0.647 0.878
17.400 0 0.222 0.111 0.655 0.881
17.440 0 0.206 0.097 0.655 0.892
17.480 0 0.209 0.103 0.664 0.911
17.520 0 0.206 0.111 0.653 0.903
17.560 0 0.214 0.111 0.666 0.911
17.600 0 0.205 0.114 0.653 0.911
17.640 0 0.211 0.111 0.667 0.922
17.680 0 0.198 0.111 0.656 0.922
17.720 0 0.202 0.106 0.664 0.925
17.760 0 0.203 0.106 0.659 0.917
17.800 0 0.194 0.094 0.667 0.933
17.840 0 0.197 0.089 0.677 0.939
17.880 0 0.197 0.083 0.680 0.942
17.920 0 0.195 0.075 0.684 0.944
17.960 0 0.184 0.064 0.683 0.950
18.000 0 0.200 0.061 0.702 0.953
18.040 0 0.195 0.050 0.705 0.956
18.080 0 0.192 0.039 0.706 0.953
18.120 0 0.186 0.031 0.708 0.958
18.160 0 0.178 0.022 0.709 0.964
18.200 0 0.173 0.014 0.708 0.964
18.240 0 0.169 0.008 0.709 0.967
18.280 0 0.167 -0.022 0.736 0.989
18.320 0 0.164 -0.022 0.728 0.981
18.360 0 0.178 -0.042 0.752 0.981
18.400 0 0.173 -0.042 0.744 0.969
18.440 0 0.194 -0.044 0.762 0.967
18.480 0 0.188 -0.050 0.753 0.956
18.520 0 0.202 -0.056 0.777 0.964
18.560 0 0.194 -0.064 0.767 0.956
18.600 0 0.206 -0.069 0.789 0.967
18.640 0 0.175 -0.075 0.764 0.972
18.680 0 0.189 -0.072 0.775 0.969
18.720 0 0.188 -0.072 0.775 0.972
18.760 0 0.186 -0.078 0.775 0.969
18.800 0 0.184 -0.086 0.775 0.964
100.400 1 0.528 0.194 0.733 0.558
100.440 1 0.539 0.197 0.741 0.556
100.480 1 0.536 0.200 0.733 0.550
100.520 1 0.536 0.200 0.731 0.550
100.560 1 0.534 0.200 0.730 0.550
100.600 1 0.533 0.200 0.730 0.550
100.640 1 0.531 0.200 0.728 0.550
100.680 1 0.530 0.197 0.728 0.550
100.720 1 0.528 0.197 0.728 0.550
100.760 1 0.527 0.194 0.727 0.550
100.800 1 0.523 0.189 0.736 0.567
100.840 1 0.520 0.192 0.725 0.556
100.880 1 0.527 0.192 0.728 0.550
100.920 1 0.527 0.186 0.728 0.544
100.960 1 0.527 0.183 0.728 0.542
101.000 1 0.527 0.183 0.728 0.542
101.040 1 0.517 0.186 0.722 0.553
101.080 1 0.522 0.189 0.727 0.550
101.120 1 0.517 0.189 0.720 0.547
101.160 1 0.520 0.183 0.722 0.542
101.200 1 0.519 0.181 0.722 0.542
101.240 1 0.517 0.178 0.725 0.547
101.280 1 0.516 0.178 0.725 0.547
101.320 1 0.519 0.178 0.728 0.550
101.360 1 0.516 0.178 0.725 0.553
101.400 1 0.517 0.183 0.725 0.553
101.440 1 0.517 0.183 0.723 0.547
101.480 1 0.523 0.181 0.728 0.544
101.520 1 0.517 0.178 0.722 0.539
101.560 1 0.523 0.178 0.728 0.542
101.600 1 0.523 0.178 0.725 0.539
101.640 1 0.522 0.175 0.730 0.544
101.680 1 0.525 0.178 0.730 0.539
101.720 1 0.528 0.175 0.734 0.542
101.760 1 0.523 0.175 0.730 0.542
101.800 1 0.531 0.178 0.734 0.539
101.840 1 0.527 0.175 0.731 0.539
101.880 1 0.533 0.178 0.736 0.536
101.920 1 0.531 0.175 0.734 0.536
101.960 1 0.531 0.175 0.734 0.536
102.000 1 0.527 0.183 0.728 0.542
102.040 1 0.531 0.181 0.728 0.531
102.080 1 0.533 0.181 0.731 0.533
102.120 1 0.530 0.181 0.728 0.533
102.160 1 0.534 0.183 0.731 0.533
102.200 1 0.530 0.183 0.727 0.536
102.240 1 0.533 0.183 0.733 0.539
102.280 1 0.527 0.183 0.730 0.542
102.320 1 0.531 0.183 0.733 0.542
102.360 1 0.527 0.181 0.733 0.544
102.400 1 0.530 0.183 0.731 0.539
102.440 1 0.531 0.183 0.731 0.539
102.480 1 0.533 0.183 0.733 0.542
102.520 1 0.533 0.186 0.734 0.542
102.560 1 0.534 0.186 0.736 0.544
102.600 1 0.534 0.186 0.738 0.544
102.640 1 0.536 0.189 0.738 0.547
102.680 1 0.537 0.192 0.739 0.550
102.720 1 0.537 0.192 0.741 0.550
102.760 1 0.537 0.189 0.742 0.553
102.800 1 0.541 0.189 0.744 0.550
102.840 1 0.539 0.186 0.745 0.550
102.880 1 0.542 0.186 0.747 0.550
102.920 1 0.542 0.186 0.747 0.550
102.960 1 0.544 0.186 0.748 0.550
103.000 1 0.550 0.183 0.752 0.542
103.040 1 0.539 0.183 0.745 0.553
103.080 1 0.541 0.183 0.755 0.564
103.120 1 0.534 0.181 0.747 0.558
103.160 1 0.542 0.189 0.752 0.561
103.200 1 0.534 0.189 0.745 0.561
103.240 1 0.544 0.189 0.753 0.561
103.280 1 0.536 0.183 0.747 0.558
103.320 1 0.544 0.183 0.756 0.561
103.360 1 0.539 0.178 0.750 0.553
103.400 1 0.544 0.181 0.755 0.556
103.440 1 0.537 0.175 0.750 0.550
103.480 1 0.541 0.172 0.752 0.550
103.520 1 0.542 0.178 0.745 0.539
103.560 1 0.541 0.178 0.744 0.539
103.600 1 0.541 0.181 0.741 0.536
103.640 1 0.537 0.178 0.741 0.539
103.680 1 0.541 0.181 0.741 0.536
103.720 1 0.536 0.181 0.738 0.539
103.760 1 0.536 0.178 0.738 0.539
103.800 1 0.534 0.178 0.736 0.536
103.840 1 0.534 0.178 0.734 0.536
103.880 1 0.533 0.181 0.731 0.533
103.920 1 0.534 0.181 0.733 0.536
103.960 1 0.534 0.181 0.733 0.533
104.000 1 0.527 0.183 0.728 0.542
104.040 1 0.533 0.178 0.733 0.531
104.080 1 0.534 0.175 0.733 0.528
104.120 1 0.536 0.175 0.734 0.528
104.160 1 0.531 0.175 0.731 0.531
104.200 1 0.531 0.172 0.738 0.536
104.240 1 0.534 0.175 0.736 0.531
104.280 1 0.531 0.175 0.730 0.528
104.320 1 0.534 0.178 0.733 0.531
104.360 1 0.530 0.169 0.733 0.531
104.400 1 0.534 0.172 0.734 0.528
104.440 1 0.533 0.172 0.731 0.528
104.480 1 0.533 0.172 0.733 0.528
104.520 1 0.533 0.175 0.734 0.533
104.560 1 0.530 0.172 0.733 0.533
104.600 1 0.537 0.175 0.738 0.531
104.640 1 0.533 0.172 0.734 0.531
104.680 1 0.539 0.175 0.738 0.525
104.720 1 0.536 0.172 0.731 0.519
104.760 1 0.539 0.175 0.734 0.519
104.800 1 0.534 0.172 0.730 0.519
104.840 1 0.534 0.178 0.727 0.522
104.880 1 0.531 0.183 0.725 0.528
104.920 1 0.527 0.186 0.725 0.539
104.960 1 0.525 0.192 0.722 0.544
105.000 1 0.527 0.183 0.728 0.542
105.040 1 0.509 0.161 0.733 0.561
105.080 1 0.519 0.164 0.744 0.561
105.120 1 0.511 0.161 0.733 0.558
105.160 1 0.519 0.169 0.736 0.556
105.200 1 0.525 0.172 0.741 0.553
105.240 1 0.523 0.169 0.741 0.556
105.280 1 0.530 0.172 0.744 0.556
105.320 1 0.527 0.167 0.744 0.553
105.360 1 0.536 0.164 0.750 0.544
105.400 1 0.534 0.164 0.745 0.539
105.440 1 0.544 0.164 0.753 0.539
105.480 1 0.537 0.167 0.747 0.542
105.520 1 0.539 0.169 0.748 0.542
105.560 1 0.533 0.175 0.742 0.547
105.600 1 0.531 0.181 0.739 0.550
105.640 1 0.523 0.186 0.734 0.558
105.680 1 0.520 0.189 0.731 0.564
105.720 1 0.517 0.192 0.728 0.567
105.760 1 0.512 0.189 0.725 0.567
105.800 1 0.511 0.186 0.723 0.567
105.840 1 0.512 0.186 0.723 0.564
105.880 1 0.509 0.183 0.722 0.561
105.920 1 0.511 0.178 0.727 0.561
105.960 1 0.514 0.181 0.727 0.558
106.000 1 0.512 0.181 0.727 0.558
106.040 1 0.514 0.181 0.727 0.558
106.080 1 0.516 0.183 0.725 0.556
106.120 1 0.519 0.189 0.722 0.550
106.160 1 0.520 0.189 0.722 0.547
106.200 1 0.520 0.186 0.723 0.544
106.240 1 0.523 0.186 0.722 0.539
106.280 1 0.523 0.186 0.723 0.539
106.320 1 0.523 0.186 0.723 0.539
106.360 1 0.523 0.186 0.723 0.542
106.400 1 0.520 0.186 0.725 0.553
106.440 1 0.522 0.194 0.723 0.553
106.480 1 0.522 0.200 0.722 0.556
106.520 1 0.519 0.197 0.722 0.558
106.560 1 0.516 0.194 0.720 0.558
106.600 1 0.520 0.194 0.723 0.553
106.640 1 0.516 0.189 0.720 0.553
106.680 1 0.523 0.189 0.725 0.547
106.720 1 0.519 0.183 0.723 0.547
106.760 1 0.525 0.186 0.727 0.544
106.800 1 0.523 0.186 0.722 0.542
106.840 1 0.523 0.189 0.725 0.547
106.880 1 0.520 0.186 0.725 0.550
106.920 1 0.525 0.189 0.727 0.547
106.960 1 0.525 0.186 0.728 0.547
107.000 1 0.527 0.183 0.728 0.542
107.040 1 0.519 0.194 0.722 0.553
107.080 1 0.519 0.189 0.725 0.556
107.120 1 0.523 0.192 0.728 0.556
107.160 1 0.522 0.189 0.728 0.556
107.200 1 0.525 0.192 0.731 0.556
107.240 1 0.522 0.189 0.731 0.558
107.280 1 0.522 0.186 0.733 0.561
107.320 1 0.523 0.189 0.731 0.558
107.360 1 0.523 0.189 0.730 0.556
107.400 1 0.523 0.186 0.728 0.553
107.440 1 0.525 0.183 0.734 0.556
107.480 1 0.527 0.186 0.733 0.553
107.520 1 0.530 0.189 0.736 0.556
107.560 1 0.533 0.189 0.741 0.558
107.600 1 0.536 0.192 0.744 0.561
107.640 1 0.539 0.197 0.747 0.567
107.680 1 0.541 0.200 0.752 0.575
107.720 1 0.542 0.203 0.753 0.581
107.760 1 0.534 0.208 0.747 0.583
107.800 1 0.531 0.208 0.744 0.586
107.840 1 0.523 0.208 0.738 0.586
107.880 1 0.523 0.208 0.733 0.581
107.920 1 0.514 0.200 0.722 0.572
107.960 1 0.519 0.194 0.725 0.564
108.000 1 0.516 0.189 0.720 0.553
108.040 1 0.519 0.189 0.720 0.550
108.080 1 0.522 0.192 0.722 0.547
108.120 1 0.523 0.192 0.722 0.544
108.160 1 0.530 0.194 0.728 0.547
108.200 1 0.530 0.194 0.728 0.547
108.240 1 0.531 0.192 0.731 0.547
108.280 1 0.531 0.192 0.733 0.550
108.320 1 0.531 0.192 0.734 0.553
108.360 1 0.531 0.192 0.736 0.558
108.400 1 0.531 0.197 0.738 0.564
108.440 1 0.528 0.197 0.738 0.567
108.480 1 0.528 0.200 0.736 0.569
108.520 1 0.527 0.200 0.734 0.572
108.560 1 0.527 0.203 0.733 0.569
108.600 1 0.525 0.200 0.733 0.569
108.640 1 0.525 0.197 0.731 0.564
108.680 1 0.525 0.194 0.731 0.561
108.720 1 0.523 0.189 0.730 0.556
108.760 1 0.523 0.186 0.727 0.550
108.800 1 0.522 0.183 0.725 0.542
108.840 1 0.519 0.175 0.722 0.536
108.880 1 0.517 0.172 0.719 0.531
108.920 1 0.516 0.172 0.716 0.528
108.960 1 0.517 0.172 0.714 0.525
109.000 1 0.505 0.183 0.706 0.542
109.040 1 0.506 0.181 0.706 0.536
109.080 1 0.509 0.181 0.709 0.536
109.120 1 0.508 0.175 0.709 0.536
109.160 1 0.514 0.178 0.716 0.536
109.200 1 0.512 0.178 0.713 0.536
109.240 1 0.519 0.181 0.720 0.536
109.280 1 0.512 0.178 0.714 0.536
109.320 1 0.517 0.178 0.720 0.539
109.360 1 0.519 0.178 0.722 0.539
109.400 1 0.520 0.178 0.723 0.542
109.440 1 0.516 0.178 0.722 0.544
109.480 1 0.522 0.178 0.728 0.544
109.520 1 0.516 0.178 0.722 0.544
109.560 1 0.522 0.178 0.728 0.547
109.600 1 0.517 0.181 0.723 0.544
109.640 1 0.525 0.186 0.727 0.542
109.680 1 0.522 0.186 0.722 0.542
109.720 1 0.527 0.186 0.727 0.542
109.760 1 0.523 0.183 0.723 0.539
109.800 1 0.525 0.183 0.727 0.542
109.840 1 0.525 0.183 0.725 0.542
109.880 1 0.528 0.186 0.727 0.542
109.920 1 0.523 0.186 0.725 0.544
109.960 1 0.523 0.189 0.725 0.544
110.000 1 0.527 0.183 0.728 0.542
110.040 1 0.523 0.181 0.720 0.533
110.080 1 0.522 0.181 0.720 0.533
110.120 1 0.525 0.181 0.725 0.536
110.160 1 0.527 0.178 0.728 0.539
110.200 1 0.528 0.178 0.733 0.542
110.240 1 0.530 0.178 0.736 0.544
110.280 1 0.531 0.178 0.739 0.547
110.320 1 0.534 0.183 0.741 0.547
110.360 1 0.531 0.181 0.738 0.547
110.400 1 0.534 0.183 0.738 0.547
110.440 1 0.531 0.181 0.738 0.550
110.480 1 0.527 0.181 0.734 0.550
110.520 1 0.530 0.181 0.739 0.553
110.560 1 0.523 0.183 0.733 0.553
110.600 1 0.527 0.183 0.734 0.553
110.640 1 0.520 0.181 0.728 0.550
110.680 1 0.523 0.183 0.730 0.547
110.720 1 0.517 0.183 0.723 0.550
110.760 1 0.511 0.181 0.719 0.550
110.800 1 0.505 0.181 0.713 0.550
110.840 1 0.508 0.183 0.714 0.550
110.880 1 0.503 0.183 0.709 0.553
110.920 1 0.508 0.183 0.716 0.553
110.960 1 0.505 0.183 0.713 0.553
111.000 1 0.505 0.183 0.706 0.542
111.040 1 0.512 0.189 0.711 0.542
111.080 1 0.506 0.189 0.705 0.542
111.120 1 0.506 0.181 0.711 0.547
111.160 1 0.502 0.181 0.703 0.539
111.200 1 0.505 0.178 0.706 0.539
111.240 1 0.498 0.178 0.700 0.536
111.280 1 0.503 0.178 0.703 0.533
111.320 1 0.503 0.183 0.695 0.528
111.360 1 0.505 0.183 0.698 0.525
111.400 1 0.503 0.183 0.697 0.525
111.440 1 0.506 0.183 0.700 0.525
111.480 1 0.508 0.183 0.702 0.525
111.520 1 0.512 0.186 0.700 0.519
111.560 1 0.516 0.186 0.705 0.522
111.600 1 0.517 0.186 0.705 0.519
111.640 1 0.520 0.183 0.709 0.522
111.680 1 0.520 0.186 0.711 0.522
111.720 1 0.523 0.183 0.716 0.525
111.760 1 0.522 0.183 0.716 0.528
111.800 1 0.527 0.183 0.723 0.533
111.840 1 0.523 0.181 0.723 0.536
111.880 1 0.528 0.181 0.730 0.539
111.920 1 0.520 0.178 0.727 0.544
111.960 1 0.523 0.178 0.730 0.547
112.000 1 0.527 0.183 0.728 0.542
112.040 1 0.530 0.181 0.731 0.536
112.080 1 0.530 0.178 0.730 0.536
112.120 1 0.531 0.181 0.731 0.536
112.160 1 0.527 0.178 0.728 0.536
112.200 1 0.525 0.178 0.728 0.536
112.240 1 0.523 0.178 0.725 0.533
112.280 1 0.522 0.178 0.722 0.533
112.320 1 0.516 0.175 0.717 0.533
112.360 1 0.512 0.175 0.717 0.542
112.400 1 0.508 0.178 0.714 0.544
112.440 1 0.500 0.175 0.708 0.547
112.480 1 0.497 0.178 0.705 0.547
112.520 1 0.495 0.178 0.702 0.547
112.560 1 0.495 0.178 0.700 0.544
112.600 1 0.498 0.181 0.703 0.547
112.640 1 0.502 0.181 0.708 0.547
112.680 1 0.505 0.181 0.711 0.550
112.720 1 0.509 0.181 0.716 0.547
112.760 1 0.517 0.186 0.722 0.547
112.800 1 0.516 0.183 0.719 0.544
112.840 1 0.522 0.183 0.727 0.547
112.880 1 0.519 0.178 0.727 0.550
112.920 1 0.520 0.186 0.723 0.547
112.960 1 0.527 0.189 0.725 0.544
113.000 1 0.527 0.183 0.728 0.542
113.040 1 0.527 0.200 0.720 0.544
113.080 1 0.531 0.203 0.725 0.544
113.120 1 0.528 0.197 0.723 0.547
113.160 1 0.528 0.197 0.723 0.544
113.200 1 0.528 0.197 0.722 0.542
113.240 1 0.528 0.197 0.722 0.542
113.280 1 0.528 0.197 0.720 0.539
113.320 1 0.528 0.197 0.720 0.539
113.360 1 0.530 0.200 0.720 0.539
113.400 1 0.531 0.197 0.723 0.542
113.440 1 0.530 0.200 0.720 0.542
113.480 1 0.534 0.200 0.727 0.542
113.520 1 0.531 0.197 0.725 0.544
113.560 1 0.536 0.197 0.731 0.544
113.600 1 0.533 0.197 0.728 0.544
113.640 1 0.531 0.197 0.727 0.544
113.680 1 0.530 0.194 0.725 0.542
113.720 1 0.528 0.194 0.723 0.542
113.760 1 0.523 0.197 0.716 0.539
113.800 1 0.523 0.200 0.716 0.542
113.840 1 0.516 0.200 0.711 0.544
113.880 1 0.519 0.203 0.713 0.550
113.920 1 0.508 0.203 0.709 0.561
113.960 1 0.508 0.206 0.714 0.569
114.000 1 0.505 0.222 0.706 0.581
114.040 1 0.494 0.217 0.705 0.592
114.080 1 0.492 0.219 0.705 0.594
114.120 1 0.492 0.222 0.700 0.592
114.160 1 0.494 0.214 0.709 0.597
114.200 1 0.492 0.214 0.708 0.594
114.240 1 0.494 0.214 0.706 0.592
114.280 1 0.497 0.214 0.709 0.592
114.320 1 0.491 0.214 0.705 0.594
114.360 1 0.497 0.217 0.706 0.592
114.400 1 0.489 0.217 0.700 0.592
114.440 1 0.491 0.217 0.702 0.592
114.480 1 0.491 0.217 0.700 0.592
114.520 1 0.491 0.217 0.700 0.589
114.560 1 0.491 0.219 0.695 0.583
114.600 1 0.498 0.219 0.700 0.581
114.640 1 0.491 0.217 0.695 0.581
114.680 1 0.495 0.219 0.697 0.578
114.720 1 0.498 0.217 0.702 0.581
114.760 1 0.492 0.219 0.694 0.578
114.800 1 0.494 0.219 0.695 0.581
114.840 1 0.491 0.219 0.695 0.583
114.880 1 0.489 0.222 0.692 0.583
114.920 1 0.492 0.228 0.689 0.578
114.960 1 0.487 0.228 0.683 0.575
115.000 1 0.483 0.222 0.684 0.581
115.040 1 0.491 0.228 0.689 0.581
115.080 1 0.489 0.225 0.689 0.578
115.120 1 0.495 0.217 0.695 0.572
115.160 1 0.498 0.211 0.698 0.567
115.200 1 0.506 0.208 0.703 0.558
115.240 1 0.512 0.206 0.709 0.553
115.280 1 0.517 0.200 0.711 0.544
115.320 1 0.520 0.197 0.713 0.536
115.360 1 0.522 0.194 0.716 0.536
115.400 1 0.522 0.194 0.717 0.539
115.440 1 0.523 0.197 0.717 0.542
115.480 1 0.522 0.200 0.717 0.547
115.520 1 0.520 0.206 0.716 0.550
115.560 1 0.520 0.211 0.714 0.556
115.600 1 0.519 0.214 0.713 0.561
115.640 1 0.516 0.217 0.714 0.569
115.680 1 0.516 0.219 0.713 0.569
115.720 1 0.516 0.222 0.713 0.572
115.760 1 0.517 0.225 0.714 0.572
115.800 1 0.519 0.225 0.716 0.575
115.840 1 0.520 0.225 0.717 0.575
115.880 1 0.517 0.222 0.717 0.578
115.920 1 0.523 0.222 0.725 0.581
115.960 1 0.519 0.219 0.722 0.578
116.000 1 0.527 0.222 0.728 0.581
116.040 1 0.528 0.194 0.733 0.561
116.080 1 0.523 0.192 0.727 0.553
116.120 1 0.527 0.189 0.728 0.547
116.160 1 0.523 0.189 0.727 0.547
116.200 1 0.522 0.189 0.725 0.550
116.240 1 0.525 0.192 0.727 0.550
116.280 1 0.522 0.192 0.723 0.553
116.320 1 0.523 0.194 0.727 0.556
116.360 1 0.525 0.197 0.730 0.561
116.400 1 0.527 0.200 0.733 0.567
116.440 1 0.527 0.200 0.734 0.569
116.480 1 0.527 0.200 0.734 0.569
116.520 1 0.534 0.203 0.741 0.567
116.560 1 0.533 0.203 0.739 0.567
116.600 1 0.530 0.203 0.736 0.569
116.640 1 0.536 0.208 0.738 0.567
116.680 1 0.528 0.208 0.730 0.567
116.720 1 0.534 0.211 0.736 0.567
116.760 1 0.525 0.208 0.725 0.564
116.800 1 0.531 0.206 0.731 0.564
116.840 1 0.525 0.203 0.725 0.558
116.880 1 0.530 0.203 0.730 0.558
116.920 1 0.527 0.200 0.727 0.556
116.960 1 0.533 0.197 0.734 0.556
117.000 1 0.530 0.197 0.731 0.556
117.040 1 0.531 0.203 0.733 0.561
117.080 1 0.533 0.208 0.731 0.561
117.120 1 0.530 0.211 0.731 0.569
117.160 1 0.530 0.219 0.728 0.572
117.200 1 0.527 0.222 0.727 0.578
117.240 1 0.527 0.225 0.725 0.578
117.280 1 0.525 0.225 0.723 0.578
117.320 1 0.527 0.222 0.725 0.575
117.360 1 0.528 0.222 0.725 0.569
117.400 1 0.530 0.217 0.727 0.567
117.440 1 0.533 0.214 0.725 0.558
117.480 1 0.531 0.211 0.728 0.558
117.520 1 0.533 0.217 0.725 0.556
117.560 1 0.531 0.214 0.727 0.561
117.600 1 0.534 0.219 0.727 0.561
117.640 1 0.528 0.217 0.722 0.564
117.680 1 0.530 0.219 0.723 0.564
117.720 1 0.528 0.219 0.722 0.564
117.760 1 0.528 0.214 0.722 0.558
117.800 1 0.530 0.214 0.720 0.553
117.840 1 0.530 0.208 0.723 0.553
117.880 1 0.528 0.203 0.723 0.550
117.920 1 0.530 0.203 0.723 0.550
117.960 1 0.531 0.208 0.722 0.547
118.000 1 0.527 0.183 0.728 0.542
118.040 1 0.522 0.181 0.738 0.564
118.080 1 0.519 0.181 0.734 0.564
118.120 1 0.527 0.183 0.739 0.561
118.160 1 0.520 0.178 0.736 0.564
118.200 1 0.528 0.183 0.741 0.558
118.240 1 0.523 0.178 0.739 0.561
118.280 1 0.533 0.178 0.744 0.556
118.320 1 0.528 0.172 0.742 0.553
118.360 1 0.534 0.172 0.747 0.550
118.400 1 0.533 0.169 0.747 0.553
118.440 1 0.528 0.175 0.741 0.553
118.480 1 0.531 0.175 0.745 0.558
118.520 1 0.527 0.183 0.738 0.558
118.560 1 0.528 0.183 0.744 0.564
118.600 1 0.523 0.189 0.736 0.567
118.640 1 0.527 0.192 0.742 0.572
118.680 1 0.523 0.197 0.734 0.572
118.720 1 0.527 0.194 0.741 0.575
118.760 1 0.523 0.197 0.734 0.575
118.800 1 0.525 0.197 0.738 0.578
118.840 1 0.525 0.197 0.739 0.578
118.880 1 0.525 0.200 0.741 0.581
118.920 1 0.523 0.197 0.741 0.583
118.960 1 0.533 0.197 0.747 0.578
119.000 1 0.528 0.189 0.745 0.575
119.040 1 0.536 0.183 0.752 0.567
119.080 1 0.533 0.181 0.750 0.564
119.120 1 0.539 0.178 0.756 0.561
119.160 1 0.534 0.175 0.752 0.561
119.200 1 0.537 0.175 0.755 0.561
119.240 1 0.533 0.178 0.750 0.564
119.280 1 0.536 0.178 0.755 0.567
119.320 1 0.531 0.181 0.748 0.567
119.360 1 0.531 0.181 0.752 0.569
119.400 1 0.536 0.181 0.753 0.567
119.440 1 0.533 0.178 0.752 0.567
119.480 1 0.533 0.175 0.752 0.564
119.520 1 0.533 0.172 0.752 0.564
119.560 1 0.533 0.172 0.752 0.561
119.600 1 0.533 0.169 0.753 0.561
119.640 1 0.534 0.172 0.753 0.558
119.680 1 0.533 0.172 0.750 0.556
119.720 1 0.537 0.169 0.755 0.558
119.760 1 0.533 0.172 0.748 0.558
119.800 1 0.534 0.172 0.755 0.561
119.840 1 0.531 0.175 0.747 0.561
119.880 1 0.533 0.175 0.752 0.564
119.920 1 0.530 0.178 0.745 0.564
119.960 1 0.534 0.181 0.750 0.564
120.000 1 0.531 0.181 0.745 0.561
120.040 1 0.531 0.181 0.748 0.567
120.080 1 0.530 0.181 0.748 0.567
120.120 1 0.537 0.181 0.753 0.564
120.160 1 0.533 0.175 0.750 0.561
120.200 1 0.539 0.172 0.756 0.558
120.240 1 0.536 0.169 0.753 0.556
120.280 1 0.542 0.169 0.758 0.553
120.320 1 0.541 0.169 0.756 0.553
120.360 1 0.537 0.169 0.755 0.553
120.400 1 0.544 0.172 0.758 0.553
120.440 1 0.537 0.172 0.753 0.556
120.480 1 0.542 0.175 0.755 0.553
120.520 1 0.539 0.175 0.752 0.556
120.560 1 0.537 0.175 0.752 0.553
120.600 1 0.541 0.175 0.753 0.553
120.640 1 0.534 0.175 0.747 0.556
120.680 1 0.537 0.175 0.750 0.556
120.720 1 0.537 0.178 0.750 0.556
120.760 1 0.533 0.175 0.745 0.556
120.800 1 0.533 0.175 0.747 0.556
120.840 1 0.533 0.175 0.747 0.556
120.880 1 0.533 0.175 0.747 0.558
120.920 1 0.533 0.178 0.748 0.561
120.960 1 0.528 0.178 0.742 0.558
121.000 1 0.534 0.181 0.750 0.561
121.040 1 0.530 0.181 0.744 0.561
121.080 1 0.533 0.181 0.750 0.567
121.120 1 0.528 0.183 0.742 0.564
121.160 1 0.530 0.186 0.747 0.569
121.200 1 0.523 0.192 0.739 0.572
121.240 1 0.527 0.194 0.744 0.581
121.280 1 0.522 0.200 0.738 0.583
121.320 1 0.527 0.203 0.741 0.586
121.360 1 0.522 0.206 0.734 0.583
121.400 1 0.525 0.206 0.738 0.583
121.440 1 0.528 0.200 0.739 0.578
121.480 1 0.530 0.194 0.741 0.572
121.520 1 0.533 0.192 0.744 0.564
121.560 1 0.533 0.186 0.744 0.558
121.600 1 0.536 0.189 0.744 0.558
121.640 1 0.534 0.186 0.744 0.561
121.680 1 0.534 0.189 0.742 0.561
121.720 1 0.533 0.189 0.741 0.561
121.760 1 0.528 0.192 0.738 0.561
121.800 1 0.530 0.192 0.739 0.561
121.840 1 0.528 0.192 0.736 0.561
121.880 1 0.531 0.192 0.739 0.564
121.920 1 0.530 0.189 0.739 0.561
121.960 1 0.530 0.189 0.738 0.561
122.000 1 0.530 0.189 0.738 0.561
122.040 1 0.530 0.189 0.738 0.558
122.080 1 0.530 0.189 0.738 0.558
122.120 1 0.530 0.189 0.736 0.558
122.160 1 0.530 0.189 0.736 0.556
122.200 1 0.530 0.189 0.734 0.553
122.240 1 0.531 0.189 0.734 0.547
122.280 1 0.531 0.186 0.733 0.547
122.320 1 0.531 0.186 0.733 0.544
122.360 1 0.531 0.186 0.731 0.542
122.400 1 0.530 0.183 0.730 0.536
122.440 1 0.528 0.181 0.727 0.533
122.480 1 0.527 0.178 0.723 0.528
122.520 1 0.523 0.172 0.722 0.525
122.560 1 0.522 0.172 0.719 0.522
122.600 1 0.522 0.169 0.719 0.519
122.640 1 0.522 0.167 0.720 0.519
122.680 1 0.523 0.169 0.719 0.517
122.720 1 0.525 0.169 0.719 0.517
122.760 1 0.525 0.172 0.719 0.517
122.800 1 0.525 0.172 0.719 0.519
122.840 1 0.525 0.175 0.720 0.519
122.880 1 0.525 0.175 0.720 0.522
122.920 1 0.527 0.178 0.722 0.525
122.960 1 0.527 0.178 0.722 0.525
123.000 1 0.527 0.183 0.728 0.542
123.040 1 0.531 0.186 0.730 0.536
123.080 1 0.531 0.186 0.730 0.539
123.120 1 0.533 0.189 0.728 0.536
123.160 1 0.530 0.186 0.730 0.542
123.200 1 0.528 0.186 0.727 0.542
123.240 1 0.531 0.186 0.730 0.542
123.280 1 0.527 0.186 0.723 0.536
123.320 1 0.530 0.183 0.731 0.542
123.360 1 0.525 0.183 0.727 0.542
123.400 1 0.530 0.183 0.731 0.542
123.440 1 0.528 0.183 0.725 0.536
123.480 1 0.527 0.183 0.728 0.542
123.520 1 0.527 0.186 0.728 0.542
123.560 1 0.525 0.183 0.730 0.544
123.600 1 0.523 0.183 0.728 0.547
123.640 1 0.523 0.183 0.728 0.547
123.680 1 0.520 0.183 0.727 0.550
123.720 1 0.525 0.186 0.731 0.550
123.760 1 0.517 0.183 0.727 0.553
123.800 1 0.522 0.186 0.728 0.553
123.840 1 0.520 0.183 0.727 0.550
123.880 1 0.520 0.183 0.723 0.544
123.920 1 0.520 0.181 0.727 0.547
123.960 1 0.519 0.183 0.725 0.550
124.000 1 0.527 0.183 0.728 0.542
124.040 1 0.531 0.194 0.723 0.536
124.080 1 0.530 0.194 0.722 0.536
124.120 1 0.528 0.194 0.722 0.542
124.160 1 0.528 0.197 0.722 0.542
124.200 1 0.530 0.200 0.725 0.544
124.240 1 0.528 0.200 0.722 0.544
124.280 1 0.531 0.197 0.727 0.544
124.320 1 0.534 0.200 0.728 0.544
124.360 1 0.530 0.197 0.727 0.544
124.400 1 0.533 0.194 0.730 0.544
124.440 1 0.530 0.192 0.728 0.544
124.480 1 0.530 0.194 0.728 0.547
124.520 1 0.530 0.200 0.730 0.556
124.560 1 0.531 0.208 0.731 0.564
124.600 1 0.525 0.211 0.728 0.572
124.640 1 0.528 0.214 0.731 0.575
124.680 1 0.525 0.211 0.730 0.575
124.720 1 0.527 0.208 0.731 0.569
124.760 1 0.528 0.203 0.733 0.567
124.800 1 0.530 0.197 0.734 0.564
124.840 1 0.530 0.192 0.739 0.564
124.880 1 0.531 0.194 0.739 0.564
124.920 1 0.528 0.197 0.738 0.572
124.960 1 0.523 0.200 0.738 0.581
125.000 1 0.527 0.222 0.728 0.581
125.040 1 0.522 0.228 0.720 0.581
125.080 1 0.520 0.217 0.734 0.597
125.120 1 0.522 0.219 0.722 0.575
125.160 1 0.522 0.214 0.720 0.567
125.200 1 0.530 0.211 0.723 0.556
