12.280 0 0.383 0.286 0.525 0.542
12.320 0 0.388 0.286 0.528 0.539
12.360 0 0.380 0.283 0.522 0.536
12.400 0 0.378 0.283 0.519 0.536
12.440 0 0.370 0.283 0.512 0.536
12.480 0 0.370 0.289 0.506 0.533
12.520 0 0.359 0.289 0.500 0.539
12.560 0 0.353 0.292 0.492 0.539
12.600 0 0.348 0.283 0.494 0.544
12.640 0 0.345 0.286 0.489 0.542
12.680 0 0.341 0.286 0.484 0.542
12.720 0 0.338 0.292 0.477 0.539
12.760 0 0.336 0.289 0.480 0.547
12.800 0 0.336 0.297 0.472 0.542
12.840 0 0.338 0.306 0.472 0.542
12.880 0 0.334 0.306 0.466 0.536
12.920 0 0.334 0.297 0.472 0.544
12.960 0 0.334 0.300 0.467 0.536
13.000 0 0.334 0.292 0.475 0.542
13.040 0 0.339 0.278 0.480 0.528
13.080 0 0.339 0.278 0.478 0.525
13.120 0 0.341 0.272 0.484 0.528
13.160 0 0.342 0.272 0.483 0.525
13.200 0 0.344 0.269 0.489 0.528
13.240 0 0.348 0.267 0.495 0.531
13.280 0 0.345 0.269 0.492 0.533
13.320 0 0.353 0.275 0.500 0.536
13.360 0 0.355 0.281 0.500 0.539
13.400 0 0.359 0.286 0.503 0.544
13.440 0 0.366 0.292 0.509 0.550
13.480 0 0.369 0.297 0.514 0.556
13.520 0 0.372 0.300 0.522 0.567
13.560 0 0.380 0.300 0.531 0.572
13.600 0 0.386 0.297 0.541 0.575
13.640 0 0.394 0.292 0.552 0.572
13.680 0 0.402 0.294 0.556 0.569
13.720 0 0.409 0.289 0.564 0.567
13.760 0 0.416 0.275 0.572 0.556
13.800 0 0.423 0.272 0.577 0.547
13.840 0 0.425 0.261 0.581 0.542
13.880 0 0.433 0.256 0.586 0.528
13.920 0 0.438 0.256 0.589 0.528
13.960 0 0.445 0.258 0.598 0.531
14.000 0 0.459 0.264 0.598 0.514
14.040 0 0.464 0.269 0.603 0.522
14.080 0 0.470 0.281 0.608 0.528
14.120 0 0.477 0.289 0.613 0.536
14.160 0 0.475 0.294 0.613 0.542
15.640 1 0.411 0.311 0.555 0.569
15.680 1 0.394 0.297 0.537 0.556
15.720 1 0.391 0.286 0.534 0.544
15.760 1 0.383 0.278 0.522 0.531
15.800 1 0.384 0.272 0.522 0.519
15.840 1 0.394 0.272 0.528 0.517
15.880 1 0.400 0.269 0.537 0.514
15.920 1 0.417 0.272 0.553 0.517
15.960 1 0.430 0.267 0.569 0.517
16.000 1 0.444 0.264 0.583 0.514
16.040 1 0.455 0.264 0.602 0.525
16.080 1 0.459 0.264 0.608 0.528
16.120 1 0.459 0.267 0.606 0.531
16.160 1 0.461 0.281 0.606 0.542
16.200 1 0.461 0.297 0.605 0.556
16.240 1 0.458 0.308 0.605 0.569
16.280 1 0.456 0.319 0.602 0.578
16.320 1 0.455 0.333 0.600 0.592
16.360 1 0.453 0.344 0.600 0.606
16.400 1 0.453 0.358 0.597 0.617
16.440 1 0.453 0.375 0.598 0.633
16.480 1 0.452 0.394 0.597 0.653
16.520 1 0.452 0.408 0.595 0.667
16.560 1 0.447 0.417 0.591 0.675
16.600 1 0.442 0.422 0.586 0.681
16.640 1 0.436 0.428 0.580 0.683
16.680 1 0.428 0.431 0.570 0.683
16.720 1 0.420 0.431 0.561 0.683
16.760 1 0.408 0.425 0.550 0.681
16.800 1 0.402 0.422 0.544 0.675
16.840 1 0.395 0.428 0.534 0.675
16.880 1 0.397 0.433 0.533 0.678
16.920 1 0.397 0.425 0.536 0.672
16.960 1 0.397 0.414 0.533 0.656
17.000 1 0.397 0.403 0.536 0.650
17.040 1 0.394 0.392 0.530 0.633
17.080 1 0.397 0.386 0.536 0.631
17.120 1 0.395 0.383 0.534 0.631
17.160 1 0.398 0.381 0.541 0.633
17.200 1 0.394 0.381 0.537 0.636
17.240 1 0.397 0.386 0.541 0.642
17.280 1 0.392 0.389 0.536 0.644
17.320 1 0.395 0.386 0.537 0.642
17.360 1 0.391 0.378 0.533 0.631
17.400 1 0.392 0.369 0.534 0.622
17.440 1 0.391 0.361 0.534 0.614
17.480 1 0.394 0.350 0.536 0.603
17.520 1 0.397 0.339 0.541 0.594
17.560 1 0.397 0.333 0.544 0.594
17.600 1 0.397 0.336 0.547 0.600
17.640 1 0.398 0.336 0.552 0.608
17.680 1 0.400 0.339 0.556 0.619
17.720 1 0.400 0.342 0.559 0.625
17.760 1 0.400 0.342 0.562 0.631
17.800 1 0.402 0.342 0.562 0.628
17.840 1 0.394 0.339 0.559 0.633
17.880 1 0.392 0.347 0.559 0.642
17.920 1 0.389 0.342 0.559 0.644
17.960 1 0.392 0.331 0.559 0.631
18.000 1 0.383 0.317 0.552 0.617
18.040 1 0.377 0.314 0.555 0.631
18.080 1 0.378 0.306 0.553 0.617
18.120 1 0.377 0.297 0.555 0.614
18.160 1 0.370 0.289 0.553 0.614
18.200 1 0.377 0.289 0.559 0.614
18.240 1 0.373 0.294 0.556 0.617
18.280 1 0.375 0.300 0.556 0.625
18.320 1 0.367 0.317 0.552 0.644
18.360 1 0.359 0.328 0.545 0.658
18.400 1 0.353 0.339 0.541 0.672
18.440 1 0.348 0.356 0.533 0.686
18.480 1 0.339 0.367 0.525 0.697
18.520 1 0.330 0.367 0.514 0.694
18.560 1 0.319 0.361 0.505 0.692
18.600 1 0.314 0.361 0.502 0.694
18.640 1 0.303 0.358 0.492 0.692
18.680 1 0.302 0.353 0.491 0.689
18.720 1 0.303 0.344 0.494 0.683
18.760 1 0.300 0.328 0.498 0.681
18.800 1 0.306 0.322 0.505 0.678
18.840 1 0.319 0.317 0.514 0.667
18.880 1 0.325 0.308 0.520 0.656
18.920 1 0.325 0.300 0.525 0.656
18.960 1 0.331 0.294 0.527 0.642
19.000 1 0.325 0.303 0.527 0.661
19.040 1 0.328 0.308 0.525 0.661
19.080 1 0.322 0.317 0.522 0.669
19.120 1 0.320 0.319 0.519 0.672
19.160 1 0.319 0.325 0.517 0.678
19.200 1 0.317 0.328 0.517 0.686
19.240 1 0.316 0.333 0.519 0.692
19.280 1 0.314 0.336 0.517 0.697
19.320 1 0.308 0.333 0.517 0.706
19.360 1 0.298 0.333 0.508 0.706
19.400 1 0.294 0.331 0.505 0.708
19.440 1 0.283 0.342 0.492 0.711
19.480 1 0.278 0.342 0.484 0.708
19.520 1 0.272 0.339 0.480 0.708
19.560 1 0.270 0.336 0.475 0.700
19.600 1 0.270 0.328 0.472 0.686
19.640 1 0.273 0.314 0.475 0.675
19.680 1 0.278 0.300 0.478 0.656
19.720 1 0.277 0.289 0.477 0.644
19.760 1 0.270 0.283 0.470 0.639
19.800 1 0.269 0.275 0.473 0.639
19.840 1 0.263 0.267 0.467 0.633
19.880 1 0.255 0.256 0.463 0.628
19.920 1 0.256 0.253 0.461 0.617
19.960 1 0.256 0.247 0.461 0.608
20.000 1 0.258 0.222 0.459 0.581
20.040 1 0.259 0.206 0.470 0.581
20.080 1 0.253 0.197 0.461 0.567
20.120 1 0.255 0.189 0.464 0.561
20.160 1 0.248 0.183 0.459 0.556
20.200 1 0.256 0.181 0.467 0.556
20.240 1 0.261 0.189 0.470 0.564
20.280 1 0.266 0.214 0.473 0.583
20.320 1 0.272 0.231 0.481 0.603
20.360 1 0.277 0.242 0.483 0.608
20.400 1 0.280 0.239 0.487 0.611
20.440 1 0.284 0.239 0.487 0.600
20.480 1 0.286 0.233 0.489 0.592
20.520 1 0.289 0.222 0.491 0.578
20.560 1 0.297 0.222 0.491 0.567
20.600 1 0.298 0.214 0.494 0.561
20.640 1 0.300 0.208 0.497 0.558
20.680 1 0.303 0.206 0.498 0.553
20.720 1 0.305 0.206 0.498 0.553
20.760 1 0.306 0.208 0.500 0.553
20.800 1 0.308 0.214 0.502 0.556
20.840 1 0.305 0.219 0.500 0.564
20.880 1 0.306 0.222 0.503 0.572
20.920 1 0.305 0.225 0.500 0.572
20.960 1 0.300 0.222 0.495 0.569
21.000 1 0.303 0.222 0.505 0.581
21.040 1 0.300 0.208 0.508 0.575
21.080 1 0.300 0.200 0.505 0.567
21.120 1 0.305 0.197 0.509 0.561
21.160 1 0.302 0.200 0.503 0.558
21.200 1 0.303 0.203 0.505 0.558
21.240 1 0.300 0.219 0.500 0.575
21.280 1 0.295 0.231 0.491 0.581
21.320 1 0.284 0.244 0.483 0.597
21.360 1 0.278 0.256 0.477 0.608
21.400 1 0.275 0.264 0.475 0.619
21.440 1 0.267 0.267 0.466 0.619
21.480 1 0.273 0.264 0.472 0.619
21.520 1 0.277 0.267 0.472 0.614
21.560 1 0.277 0.256 0.475 0.608
21.600 1 0.277 0.250 0.473 0.600
21.640 1 0.280 0.242 0.477 0.594
21.680 1 0.277 0.236 0.472 0.586
21.720 1 0.275 0.228 0.473 0.578
21.760 1 0.269 0.222 0.466 0.572
21.800 1 0.270 0.222 0.467 0.572
21.840 1 0.266 0.222 0.463 0.572
21.880 1 0.264 0.225 0.461 0.572
21.920 1 0.263 0.228 0.456 0.569
21.960 1 0.263 0.231 0.455 0.569
22.000 1 0.258 0.222 0.459 0.581
22.040 1 0.258 0.228 0.456 0.581
22.080 1 0.258 0.231 0.458 0.583
22.120 1 0.259 0.231 0.459 0.586
22.160 1 0.261 0.233 0.461 0.589
22.200 1 0.258 0.231 0.459 0.589
22.240 1 0.261 0.231 0.464 0.594
22.280 1 0.255 0.233 0.458 0.597
22.320 1 0.256 0.239 0.461 0.600
22.360 1 0.252 0.242 0.453 0.603
22.400 1 0.245 0.242 0.448 0.606
22.440 1 0.245 0.242 0.452 0.606
22.480 1 0.239 0.239 0.444 0.603
22.520 1 0.241 0.236 0.447 0.603
22.560 1 0.242 0.233 0.447 0.600
22.600 1 0.244 0.231 0.448 0.597
22.640 1 0.244 0.231 0.448 0.594
22.680 1 0.245 0.228 0.450 0.594
22.720 1 0.248 0.228 0.452 0.589
22.760 1 0.250 0.222 0.455 0.583
22.800 1 0.255 0.219 0.455 0.578
22.840 1 0.258 0.219 0.458 0.575
22.880 1 0.261 0.219 0.461 0.572
22.920 1 0.259 0.219 0.458 0.572
22.960 1 0.263 0.217 0.464 0.578
23.000 1 0.258 0.222 0.459 0.581
23.040 1 0.248 0.219 0.461 0.597
23.080 1 0.248 0.217 0.463 0.600
23.120 1 0.250 0.217 0.464 0.600
23.160 1 0.250 0.211 0.469 0.600
23.200 1 0.252 0.208 0.470 0.597
23.240 1 0.252 0.200 0.475 0.597
23.280 1 0.256 0.206 0.473 0.592
23.320 1 0.261 0.208 0.473 0.589
23.360 1 0.264 0.211 0.477 0.589
23.400 1 0.266 0.214 0.478 0.589
23.440 1 0.269 0.214 0.480 0.592
23.480 1 0.270 0.217 0.481 0.592
23.520 1 0.270 0.214 0.483 0.589
23.560 1 0.277 0.214 0.486 0.586
23.600 1 0.275 0.211 0.481 0.578
23.640 1 0.280 0.214 0.486 0.581
23.680 1 0.277 0.219 0.478 0.581
23.720 1 0.281 0.225 0.483 0.583
23.760 1 0.280 0.228 0.480 0.583
23.800 1 0.283 0.231 0.483 0.583
23.840 1 0.284 0.233 0.483 0.586
23.880 1 0.286 0.239 0.483 0.589
23.920 1 0.287 0.247 0.483 0.594
23.960 1 0.287 0.253 0.483 0.603
24.000 1 0.281 0.261 0.483 0.619
24.040 1 0.287 0.244 0.486 0.597
24.080 1 0.287 0.242 0.491 0.600
24.120 1 0.286 0.242 0.486 0.597
24.160 1 0.291 0.239 0.494 0.600
24.200 1 0.291 0.242 0.491 0.597
24.240 1 0.292 0.242 0.492 0.597
24.280 1 0.295 0.239 0.500 0.603
24.320 1 0.295 0.239 0.498 0.600
24.360 1 0.297 0.239 0.500 0.600
24.400 1 0.298 0.242 0.502 0.603
24.440 1 0.302 0.247 0.502 0.606
24.480 1 0.302 0.250 0.505 0.608
24.520 1 0.302 0.250 0.505 0.611
24.560 1 0.302 0.250 0.506 0.614
24.600 1 0.300 0.247 0.506 0.614
24.640 1 0.300 0.242 0.508 0.608
24.680 1 0.302 0.239 0.506 0.600
24.720 1 0.303 0.236 0.506 0.594
24.760 1 0.305 0.231 0.508 0.592
24.800 1 0.305 0.225 0.506 0.583
24.840 1 0.303 0.219 0.506 0.581
24.880 1 0.303 0.217 0.505 0.578
24.920 1 0.300 0.214 0.505 0.575
24.960 1 0.298 0.208 0.503 0.572
25.000 1 0.303 0.183 0.505 0.542
25.040 1 0.303 0.192 0.502 0.542
25.080 1 0.303 0.183 0.497 0.528
25.120 1 0.300 0.175 0.497 0.522
25.160 1 0.297 0.169 0.495 0.519
25.200 1 0.297 0.172 0.494 0.519
25.240 1 0.294 0.175 0.492 0.525
25.280 1 0.295 0.181 0.494 0.533
25.320 1 0.295 0.189 0.492 0.539
25.360 1 0.294 0.192 0.494 0.547
25.400 1 0.294 0.192 0.498 0.556
25.440 1 0.295 0.197 0.500 0.561
25.480 1 0.297 0.197 0.503 0.564
25.520 1 0.298 0.197 0.505 0.564
25.560 1 0.298 0.197 0.505 0.564
25.600 1 0.300 0.197 0.509 0.572
25.640 1 0.297 0.197 0.506 0.569
25.680 1 0.306 0.206 0.508 0.561
25.720 1 0.302 0.200 0.509 0.567
25.760 1 0.298 0.194 0.508 0.567
25.800 1 0.305 0.192 0.512 0.564
25.840 1 0.297 0.186 0.508 0.561
25.880 1 0.297 0.175 0.512 0.558
25.920 1 0.298 0.169 0.514 0.553
25.960 1 0.295 0.167 0.508 0.542
26.000 1 0.303 0.183 0.505 0.542
26.040 1 0.308 0.189 0.500 0.531
26.080 1 0.303 0.186 0.500 0.536
26.120 1 0.295 0.183 0.500 0.547
26.160 1 0.303 0.189 0.511 0.556
26.200 1 0.295 0.186 0.503 0.556
26.240 1 0.300 0.189 0.508 0.558
26.280 1 0.294 0.186 0.502 0.556
26.320 1 0.295 0.186 0.506 0.558
26.360 1 0.295 0.183 0.503 0.553
26.400 1 0.295 0.181 0.498 0.542
26.440 1 0.300 0.178 0.498 0.531
26.480 1 0.298 0.172 0.498 0.528
26.520 1 0.298 0.172 0.498 0.528
26.560 1 0.302 0.175 0.500 0.528
26.600 1 0.295 0.175 0.497 0.533
26.640 1 0.298 0.181 0.498 0.536
26.680 1 0.291 0.181 0.495 0.544
26.720 1 0.294 0.183 0.500 0.550
26.760 1 0.286 0.186 0.494 0.556
26.800 1 0.289 0.189 0.498 0.564
26.840 1 0.281 0.189 0.494 0.567
26.880 1 0.283 0.189 0.494 0.567
26.920 1 0.283 0.186 0.494 0.561
26.960 1 0.281 0.183 0.492 0.556
27.000 1 0.281 0.183 0.483 0.542
27.040 1 0.286 0.183 0.487 0.542
27.080 1 0.287 0.192 0.483 0.539
27.120 1 0.283 0.186 0.484 0.544
27.160 1 0.280 0.189 0.477 0.539
27.200 1 0.289 0.192 0.484 0.539
27.240 1 0.281 0.192 0.470 0.528
27.280 1 0.287 0.197 0.480 0.539
27.320 1 0.278 0.200 0.469 0.542
27.360 1 0.275 0.194 0.477 0.553
27.400 1 0.272 0.203 0.467 0.553
27.440 1 0.270 0.203 0.472 0.558
27.480 2 0.444 0.217 0.698 0.669
27.520 2 0.433 0.208 0.686 0.664
27.560 2 0.445 0.211 0.702 0.669
27.600 2 0.433 0.206 0.686 0.658
27.640 2 0.447 0.208 0.700 0.661
27.680 2 0.434 0.206 0.689 0.658
27.720 2 0.447 0.214 0.689 0.647
27.760 2 0.448 0.217 0.689 0.644
27.800 2 0.448 0.217 0.688 0.644
27.840 2 0.448 0.217 0.692 0.653
27.880 2 0.448 0.228 0.675 0.633
27.920 2 0.459 0.231 0.688 0.636
27.960 2 0.445 0.219 0.686 0.650
28.000 2 0.445 0.219 0.686 0.650
28.040 2 0.445 0.200 0.691 0.636
28.080 2 0.448 0.200 0.694 0.636
28.120 2 0.444 0.197 0.692 0.639
28.160 2 0.445 0.197 0.691 0.636
28.200 2 0.448 0.203 0.692 0.633
28.240 2 0.444 0.203 0.684 0.631
28.280 2 0.450 0.203 0.692 0.633
28.320 2 0.445 0.206 0.684 0.633
28.360 2 0.452 0.206 0.692 0.633
28.400 2 0.445 0.206 0.686 0.633
28.440 2 0.453 0.206 0.694 0.636
28.480 2 0.455 0.211 0.689 0.628
28.520 2 0.455 0.211 0.691 0.631
28.560 2 0.450 0.208 0.689 0.633
28.600 2 0.456 0.208 0.697 0.636
28.640 2 0.456 0.208 0.692 0.628
28.680 2 0.458 0.211 0.692 0.628
28.720 2 0.456 0.211 0.691 0.631
28.760 2 0.459 0.211 0.697 0.633
28.800 2 0.456 0.208 0.694 0.628
28.840 2 0.456 0.200 0.698 0.631
28.880 2 0.463 0.203 0.700 0.625
28.920 2 0.467 0.200 0.703 0.617
28.960 2 0.470 0.200 0.703 0.611
29.000 2 0.472 0.172 0.714 0.600
29.040 2 0.467 0.181 0.706 0.606
29.080 2 0.469 0.181 0.709 0.606
29.120 2 0.466 0.183 0.706 0.606
29.160 2 0.466 0.183 0.703 0.606
29.200 2 0.472 0.181 0.713 0.608
29.240 2 0.469 0.175 0.711 0.606
29.280 2 0.472 0.167 0.717 0.600
29.320 2 0.475 0.164 0.723 0.603
29.360 2 0.469 0.164 0.717 0.606
29.400 2 0.472 0.164 0.722 0.608
29.440 2 0.470 0.161 0.720 0.606
29.480 2 0.467 0.158 0.717 0.603
29.520 2 0.466 0.161 0.714 0.600
29.560 2 0.463 0.164 0.709 0.600
29.600 2 0.459 0.164 0.705 0.600
29.640 2 0.455 0.164 0.700 0.597
29.680 2 0.456 0.161 0.705 0.600
29.720 2 0.453 0.161 0.700 0.597
29.760 2 0.453 0.161 0.697 0.594
29.800 2 0.453 0.167 0.692 0.589
29.840 2 0.458 0.169 0.694 0.589
29.880 2 0.450 0.167 0.689 0.589
29.920 2 0.455 0.169 0.694 0.592
29.960 2 0.445 0.161 0.691 0.597
30.000 2 0.445 0.172 0.686 0.600
30.040 2 0.444 0.175 0.681 0.597
30.080 2 0.452 0.178 0.684 0.594
30.120 2 0.442 0.172 0.683 0.600
30.160 2 0.448 0.169 0.689 0.600
30.200 2 0.445 0.169 0.686 0.597
30.240 2 0.444 0.167 0.684 0.594
30.280 2 0.448 0.169 0.689 0.597
30.320 2 0.444 0.169 0.684 0.597
30.360 2 0.445 0.169 0.688 0.597
30.400 2 0.445 0.169 0.686 0.594
30.440 2 0.450 0.172 0.684 0.586
30.480 2 0.450 0.172 0.683 0.586
30.520 2 0.442 0.164 0.688 0.597
30.560 2 0.448 0.164 0.689 0.594
30.600 2 0.438 0.158 0.686 0.600
30.640 2 0.444 0.156 0.694 0.600
30.680 2 0.434 0.153 0.686 0.600
30.720 2 0.444 0.153 0.691 0.592
30.760 2 0.444 0.153 0.684 0.583
30.800 2 0.447 0.153 0.689 0.586
30.840 2 0.442 0.156 0.683 0.583
30.880 2 0.448 0.158 0.689 0.583
30.920 2 0.445 0.161 0.684 0.589
30.960 2 0.448 0.169 0.688 0.594
31.000 2 0.445 0.172 0.686 0.600
31.040 2 0.458 0.208 0.680 0.603
31.080 2 0.464 0.211 0.686 0.606
31.120 2 0.461 0.214 0.683 0.606
31.160 2 0.467 0.217 0.688 0.608
31.200 2 0.467 0.217 0.688 0.608
31.240 2 0.470 0.217 0.692 0.611
31.280 2 0.477 0.217 0.700 0.611
31.320 2 0.477 0.217 0.698 0.611
31.360 2 0.478 0.214 0.700 0.611
31.400 2 0.477 0.217 0.697 0.608
31.440 2 0.481 0.219 0.703 0.611
31.480 2 0.478 0.217 0.698 0.608
31.520 2 0.486 0.217 0.705 0.608
31.560 2 0.481 0.214 0.702 0.606
31.600 2 0.487 0.211 0.711 0.606
31.640 2 0.484 0.211 0.706 0.603
31.680 2 0.492 0.211 0.713 0.606
31.720 2 0.489 0.208 0.711 0.603
31.760 2 0.497 0.208 0.719 0.600
31.800 2 0.495 0.203 0.717 0.597
31.840 2 0.502 0.194 0.725 0.592
31.880 2 0.502 0.192 0.723 0.586
31.920 2 0.508 0.189 0.731 0.586
31.960 2 0.503 0.183 0.731 0.586
32.000 2 0.527 0.222 0.728 0.581
32.040 2 0.523 0.217 0.736 0.597
32.080 2 0.525 0.222 0.738 0.597
32.120 2 0.527 0.225 0.738 0.600
32.160 2 0.530 0.228 0.741 0.603
32.200 2 0.534 0.233 0.745 0.608
32.240 2 0.537 0.236 0.748 0.611
32.280 2 0.541 0.239 0.750 0.611
32.320 2 0.541 0.242 0.747 0.608
32.360 2 0.548 0.239 0.758 0.611
32.400 2 0.541 0.239 0.750 0.611
32.440 2 0.547 0.242 0.755 0.611
32.480 2 0.539 0.242 0.745 0.608
32.520 2 0.541 0.244 0.745 0.608
32.560 2 0.534 0.244 0.738 0.606
32.600 2 0.539 0.247 0.741 0.606
32.640 2 0.534 0.250 0.734 0.606
32.680 2 0.536 0.250 0.738 0.608
32.720 2 0.533 0.253 0.731 0.606
32.760 2 0.533 0.253 0.731 0.606
32.800 2 0.530 0.250 0.728 0.606
32.840 2 0.527 0.250 0.727 0.608
32.880 2 0.527 0.253 0.723 0.606
32.920 2 0.528 0.256 0.725 0.606
32.960 2 0.530 0.258 0.725 0.606
33.000 2 0.527 0.261 0.728 0.619
33.040 2 0.533 0.253 0.727 0.597
33.080 2 0.533 0.258 0.728 0.603
33.120 2 0.533 0.258 0.727 0.603
33.160 2 0.533 0.258 0.727 0.603
33.200 2 0.525 0.256 0.722 0.608
33.240 2 0.519 0.258 0.717 0.611
33.280 2 0.520 0.261 0.717 0.611
33.320 2 0.512 0.261 0.709 0.611
33.360 2 0.506 0.267 0.705 0.619
33.400 2 0.497 0.269 0.695 0.622
33.440 2 0.497 0.258 0.692 0.606
33.480 2 0.494 0.264 0.686 0.606
33.520 2 0.483 0.261 0.675 0.606
33.560 2 0.489 0.261 0.681 0.606
33.600 2 0.491 0.264 0.684 0.608
33.640 2 0.495 0.267 0.686 0.606
33.680 2 0.492 0.269 0.681 0.606
33.720 2 0.494 0.278 0.683 0.614
33.760 2 0.491 0.281 0.683 0.622
33.800 2 0.491 0.292 0.681 0.631
33.840 2 0.491 0.303 0.683 0.642
33.880 2 0.489 0.311 0.683 0.656
33.920 2 0.480 0.314 0.681 0.672
33.960 2 0.481 0.314 0.683 0.672
34.000 2 0.483 0.303 0.684 0.661
34.040 2 0.491 0.292 0.689 0.644
34.080 2 0.494 0.267 0.695 0.622
34.120 2 0.500 0.250 0.702 0.608
34.160 2 0.509 0.239 0.711 0.597
34.200 2 0.512 0.225 0.716 0.589
34.240 2 0.519 0.222 0.723 0.583
34.280 2 0.523 0.225 0.723 0.583
34.320 2 0.522 0.233 0.722 0.589
34.360 2 0.519 0.242 0.720 0.600
34.400 2 0.516 0.242 0.720 0.606
34.440 2 0.520 0.242 0.725 0.603
34.480 2 0.509 0.239 0.713 0.600
34.520 2 0.514 0.231 0.719 0.597
34.560 2 0.503 0.231 0.708 0.597
34.600 2 0.508 0.228 0.713 0.594
34.640 2 0.497 0.228 0.706 0.600
34.680 2 0.494 0.225 0.703 0.597
34.720 2 0.487 0.225 0.694 0.594
34.760 2 0.483 0.225 0.689 0.592
34.800 2 0.473 0.222 0.681 0.592
34.840 2 0.469 0.225 0.677 0.594
34.880 2 0.463 0.222 0.669 0.586
34.920 2 0.459 0.222 0.664 0.589
34.960 2 0.461 0.222 0.666 0.586
35.000 2 0.459 0.222 0.661 0.581
35.040 2 0.459 0.211 0.670 0.586
35.080 2 0.463 0.211 0.666 0.572
35.120 2 0.466 0.208 0.677 0.583
35.160 2 0.464 0.192 0.688 0.589
35.200 2 0.456 0.197 0.680 0.594
35.240 2 0.467 0.197 0.691 0.594
35.280 2 0.456 0.192 0.686 0.597
35.320 2 0.459 0.194 0.689 0.603
35.360 2 0.461 0.194 0.688 0.600
35.400 2 0.459 0.192 0.689 0.600
35.440 2 0.461 0.197 0.689 0.603
35.480 2 0.463 0.197 0.692 0.606
35.520 2 0.464 0.197 0.694 0.606
35.560 2 0.467 0.192 0.702 0.608
35.600 2 0.466 0.192 0.697 0.603
35.640 2 0.472 0.183 0.706 0.597
35.680 2 0.472 0.183 0.702 0.592
35.720 2 0.480 0.186 0.709 0.594
35.760 2 0.481 0.192 0.708 0.594
35.800 2 0.486 0.194 0.711 0.597
35.840 2 0.497 0.197 0.723 0.600
35.880 2 0.498 0.203 0.725 0.603
35.920 2 0.512 0.206 0.736 0.603
35.960 2 0.516 0.206 0.739 0.603
35.760 3 0.484 0.217 0.684 0.572
35.800 3 0.487 0.225 0.683 0.572
35.840 3 0.498 0.225 0.694 0.572
35.880 3 0.503 0.231 0.695 0.572
35.920 3 0.512 0.233 0.706 0.575
35.960 3 0.522 0.231 0.719 0.581
36.000 3 0.527 0.222 0.728 0.581
36.040 3 0.525 0.206 0.734 0.578
36.080 3 0.537 0.206 0.745 0.575
36.120 3 0.552 0.203 0.759 0.572
36.160 3 0.550 0.208 0.756 0.578
36.200 3 0.550 0.206 0.761 0.578
36.240 3 0.547 0.197 0.758 0.569
36.280 3 0.545 0.192 0.756 0.564
36.320 3 0.544 0.186 0.755 0.558
36.360 3 0.542 0.183 0.752 0.556
36.400 3 0.539 0.183 0.747 0.553
36.440 3 0.533 0.183 0.741 0.553
36.480 3 0.534 0.183 0.744 0.553
36.520 3 0.528 0.181 0.739 0.556
36.560 3 0.525 0.181 0.738 0.558
36.600 3 0.525 0.181 0.734 0.556
36.640 3 0.522 0.181 0.734 0.556
36.680 3 0.520 0.178 0.731 0.553
36.720 3 0.519 0.175 0.731 0.553
36.760 3 0.519 0.175 0.728 0.550
36.800 3 0.516 0.175 0.727 0.550
36.840 3 0.512 0.175 0.722 0.547
36.880 3 0.514 0.178 0.719 0.542
36.920 3 0.506 0.175 0.713 0.542
36.960 3 0.509 0.181 0.714 0.544
37.000 3 0.505 0.183 0.706 0.542
37.040 3 0.497 0.181 0.702 0.544
37.080 3 0.503 0.186 0.705 0.542
37.120 3 0.497 0.186 0.702 0.550
37.160 3 0.503 0.189 0.705 0.550
37.200 3 0.503 0.194 0.705 0.550
37.240 3 0.503 0.200 0.695 0.544
37.280 3 0.506 0.203 0.700 0.547
37.320 3 0.506 0.203 0.702 0.550
37.360 3 0.502 0.211 0.695 0.556
37.400 3 0.503 0.217 0.697 0.561
37.440 3 0.495 0.219 0.694 0.572
37.480 3 0.495 0.222 0.694 0.575
37.520 3 0.494 0.219 0.692 0.569
37.560 3 0.495 0.214 0.691 0.564
37.600 3 0.492 0.208 0.692 0.564
37.640 3 0.486 0.208 0.684 0.558
37.680 3 0.480 0.214 0.678 0.564
37.720 3 0.484 0.211 0.684 0.567
37.760 3 0.473 0.211 0.672 0.564
38.200 4 0.087 0.456 0.142 0.553
38.240 4 0.087 0.458 0.142 0.556
38.280 4 0.086 0.458 0.141 0.558
38.320 4 0.084 0.458 0.139 0.558
38.360 4 0.086 0.458 0.141 0.556
38.400 4 0.091 0.458 0.144 0.553
38.440 4 0.094 0.456 0.147 0.553
38.480 4 0.097 0.456 0.150 0.550
38.520 4 0.100 0.458 0.153 0.550
38.560 4 0.103 0.458 0.155 0.553
38.600 4 0.105 0.458 0.158 0.550
38.640 4 0.108 0.458 0.159 0.553
38.680 4 0.111 0.461 0.163 0.553
38.720 4 0.113 0.461 0.166 0.556
38.760 4 0.117 0.464 0.170 0.558
38.800 4 0.119 0.464 0.170 0.558
38.840 4 0.120 0.464 0.172 0.556
38.880 4 0.122 0.464 0.175 0.556
38.920 4 0.122 0.464 0.173 0.556
38.960 4 0.123 0.456 0.178 0.550
39.000 4 0.125 0.453 0.180 0.547
39.040 4 0.127 0.447 0.180 0.544
39.080 4 0.125 0.442 0.180 0.539
39.120 4 0.122 0.436 0.178 0.536
39.160 4 0.122 0.433 0.180 0.533
39.200 4 0.122 0.431 0.178 0.531
39.240 4 0.120 0.428 0.178 0.531
39.280 4 0.119 0.428 0.177 0.531
39.320 4 0.120 0.428 0.180 0.531
39.360 4 0.122 0.428 0.180 0.531
39.400 4 0.123 0.428 0.181 0.531
39.440 4 0.125 0.431 0.181 0.531
39.480 4 0.125 0.431 0.181 0.531
39.520 4 0.127 0.431 0.184 0.531
39.560 4 0.127 0.428 0.183 0.528
39.600 4 0.128 0.425 0.184 0.528
39.640 4 0.130 0.425 0.186 0.525
39.680 4 0.130 0.422 0.186 0.525
39.720 4 0.131 0.422 0.189 0.525
39.760 4 0.133 0.422 0.191 0.525
39.800 4 0.133 0.422 0.191 0.525
39.840 4 0.138 0.425 0.195 0.528
39.880 4 0.138 0.428 0.194 0.531
39.920 4 0.139 0.433 0.197 0.536
39.960 4 0.139 0.436 0.195 0.536
40.000 4 0.139 0.439 0.195 0.539
40.040 4 0.139 0.439 0.195 0.539
40.080 4 0.138 0.439 0.195 0.539
40.120 4 0.138 0.439 0.194 0.539
40.160 4 0.136 0.439 0.192 0.539
40.200 4 0.134 0.439 0.191 0.539
40.240 4 0.134 0.439 0.191 0.542
40.280 4 0.134 0.442 0.191 0.544
40.320 4 0.134 0.442 0.191 0.544
40.360 4 0.136 0.444 0.192 0.542
40.400 4 0.136 0.442 0.192 0.542
40.440 4 0.138 0.442 0.192 0.539
40.480 4 0.138 0.439 0.194 0.536
40.520 4 0.138 0.436 0.194 0.536
40.560 4 0.139 0.433 0.195 0.533
40.600 4 0.141 0.433 0.198 0.533
40.640 4 0.144 0.433 0.200 0.533
40.680 4 0.147 0.431 0.202 0.531
40.720 4 0.150 0.433 0.205 0.528
40.760 4 0.153 0.433 0.206 0.528
40.800 4 0.155 0.433 0.209 0.528
40.840 4 0.158 0.433 0.212 0.528
40.880 4 0.159 0.433 0.212 0.528
40.920 4 0.163 0.436 0.216 0.531
40.960 4 0.163 0.436 0.216 0.531
41.000 4 0.163 0.436 0.217 0.533
41.040 4 0.163 0.439 0.216 0.536
41.080 4 0.163 0.442 0.216 0.539
41.120 4 0.163 0.442 0.217 0.539
41.160 4 0.161 0.442 0.216 0.539
41.200 4 0.159 0.442 0.212 0.539
41.240 4 0.159 0.442 0.214 0.539
41.280 4 0.156 0.444 0.211 0.539
41.320 4 0.158 0.444 0.211 0.542
41.360 4 0.155 0.444 0.209 0.544
41.400 4 0.156 0.447 0.211 0.544
41.440 4 0.155 0.447 0.209 0.547
41.480 4 0.155 0.450 0.211 0.547
41.520 4 0.155 0.453 0.209 0.550
41.560 4 0.155 0.453 0.209 0.550
41.600 4 0.152 0.453 0.206 0.550
41.640 4 0.152 0.453 0.206 0.553
41.680 4 0.148 0.456 0.205 0.556
41.720 4 0.148 0.456 0.205 0.556
41.760 4 0.147 0.456 0.203 0.556
41.800 4 0.145 0.458 0.202 0.556
41.840 4 0.148 0.456 0.203 0.556
41.880 4 0.145 0.456 0.200 0.553
41.920 4 0.147 0.456 0.202 0.553
41.960 4 0.144 0.456 0.198 0.553
42.000 4 0.147 0.456 0.202 0.553
42.040 4 0.145 0.456 0.200 0.553
43.880 5 0.123 0.447 0.180 0.544
43.920 5 0.122 0.450 0.178 0.553
43.960 5 0.120 0.458 0.177 0.558
44.000 5 0.120 0.461 0.177 0.561
44.040 5 0.120 0.464 0.177 0.561
44.080 5 0.122 0.464 0.178 0.561
44.120 5 0.120 0.464 0.177 0.561
44.160 5 0.122 0.464 0.180 0.564
44.200 5 0.122 0.461 0.178 0.564
44.240 5 0.123 0.464 0.181 0.564
44.280 5 0.123 0.464 0.181 0.567
44.320 5 0.127 0.464 0.184 0.567
44.360 5 0.128 0.467 0.186 0.569
44.400 5 0.131 0.467 0.188 0.569
44.440 5 0.133 0.467 0.191 0.569
44.480 5 0.136 0.469 0.192 0.569
44.520 5 0.138 0.469 0.194 0.569
44.560 5 0.139 0.469 0.195 0.569
44.600 5 0.141 0.469 0.198 0.569
44.640 5 0.144 0.469 0.200 0.569
44.680 5 0.145 0.467 0.202 0.567
44.720 5 0.147 0.464 0.200 0.561
44.760 5 0.147 0.461 0.202 0.558
44.800 5 0.148 0.461 0.203 0.556
44.840 5 0.148 0.461 0.203 0.556
44.880 5 0.150 0.461 0.203 0.558
44.920 5 0.150 0.464 0.203 0.561
44.960 5 0.148 0.464 0.203 0.561
45.000 5 0.147 0.467 0.202 0.564
45.040 5 0.147 0.469 0.202 0.564
45.080 5 0.145 0.469 0.200 0.564
45.120 5 0.144 0.469 0.197 0.564
45.160 5 0.144 0.469 0.195 0.564
45.200 5 0.144 0.469 0.195 0.561
45.240 5 0.142 0.469 0.194 0.561
45.280 5 0.142 0.469 0.194 0.561
45.320 5 0.142 0.469 0.192 0.561
45.360 5 0.141 0.469 0.192 0.558
45.400 5 0.142 0.469 0.194 0.558
45.440 5 0.141 0.467 0.192 0.558
45.480 5 0.142 0.467 0.194 0.558
45.520 5 0.142 0.464 0.194 0.556
45.560 5 0.144 0.464 0.195 0.556
45.600 5 0.145 0.464 0.195 0.556
45.640 5 0.145 0.467 0.197 0.556
45.680 5 0.145 0.467 0.197 0.558
45.720 5 0.145 0.467 0.197 0.558
45.760 5 0.145 0.469 0.197 0.561
45.800 5 0.148 0.472 0.200 0.564
45.840 5 0.148 0.478 0.200 0.569
45.880 5 0.148 0.481 0.200 0.572
45.920 5 0.152 0.483 0.205 0.578
45.960 5 0.148 0.481 0.206 0.583
46.000 5 0.152 0.483 0.208 0.583
46.040 5 0.155 0.486 0.208 0.581
46.080 5 0.155 0.486 0.208 0.581
46.120 5 0.156 0.486 0.209 0.581
46.160 5 0.155 0.483 0.209 0.581
46.200 5 0.155 0.483 0.209 0.581
46.240 5 0.156 0.483 0.209 0.581
46.280 5 0.153 0.483 0.208 0.578
46.320 5 0.155 0.481 0.209 0.578
46.360 5 0.155 0.481 0.209 0.578
46.400 5 0.155 0.481 0.209 0.578
46.440 5 0.153 0.481 0.209 0.578
46.480 5 0.153 0.481 0.208 0.578
46.520 5 0.156 0.481 0.209 0.578
46.560 5 0.156 0.478 0.209 0.572
46.600 5 0.159 0.475 0.211 0.567
45.200 6 0.312 0.211 0.534 0.606
45.240 6 0.325 0.208 0.547 0.606
45.280 6 0.328 0.211 0.550 0.606
45.320 6 0.341 0.214 0.562 0.608
45.360 6 0.334 0.214 0.556 0.608
45.400 6 0.336 0.217 0.558 0.611
45.440 6 0.331 0.217 0.552 0.608
45.480 6 0.334 0.214 0.556 0.611
45.520 6 0.334 0.214 0.559 0.611
45.560 6 0.341 0.214 0.566 0.614
45.600 6 0.334 0.211 0.561 0.614
45.640 6 0.322 0.219 0.548 0.625
45.680 6 0.311 0.219 0.534 0.617
45.720 6 0.312 0.222 0.536 0.619
45.760 6 0.316 0.222 0.541 0.622
45.800 6 0.317 0.225 0.544 0.628
45.840 6 0.309 0.231 0.537 0.636
45.880 6 0.302 0.233 0.530 0.642
45.920 6 0.294 0.236 0.523 0.644
45.960 6 0.287 0.236 0.516 0.644
46.000 6 0.300 0.236 0.528 0.644
46.040 6 0.289 0.236 0.517 0.642
46.080 6 0.295 0.233 0.525 0.639
46.120 6 0.286 0.231 0.514 0.636
46.160 6 0.295 0.228 0.520 0.628
46.200 6 0.286 0.225 0.508 0.619
46.240 6 0.292 0.222 0.516 0.619
46.280 6 0.280 0.222 0.503 0.619
46.320 6 0.278 0.225 0.497 0.614
46.360 6 0.267 0.228 0.483 0.608
46.400 6 0.264 0.225 0.480 0.608
46.440 6 0.261 0.219 0.480 0.608
46.480 6 0.269 0.222 0.486 0.606
46.520 6 0.270 0.222 0.486 0.608
46.560 6 0.281 0.222 0.498 0.606
46.600 6 0.286 0.225 0.502 0.608
46.640 6 0.298 0.228 0.514 0.608
46.680 6 0.305 0.233 0.516 0.611
46.720 6 0.317 0.242 0.527 0.614
46.760 6 0.322 0.247 0.530 0.619
46.800 6 0.334 0.253 0.541 0.617
46.840 6 0.347 0.253 0.552 0.617
46.880 6 0.362 0.253 0.567 0.619
46.920 6 0.381 0.264 0.580 0.617
46.960 6 0.398 0.256 0.603 0.619
47.000 6 0.416 0.261 0.617 0.619
47.040 6 0.419 0.256 0.617 0.608
47.080 6 0.420 0.261 0.614 0.606
47.120 6 0.408 0.258 0.600 0.600
47.160 6 0.402 0.253 0.595 0.597
47.200 6 0.398 0.250 0.591 0.592
47.240 6 0.394 0.244 0.588 0.586
47.280 6 0.391 0.239 0.583 0.581
47.320 6 0.389 0.233 0.581 0.575
47.360 6 0.391 0.225 0.584 0.572
47.400 6 0.398 0.222 0.595 0.569
47.440 6 0.406 0.217 0.603 0.569
47.480 6 0.411 0.214 0.614 0.578
47.520 6 0.412 0.217 0.616 0.578
47.560 6 0.406 0.225 0.606 0.581
47.600 6 0.400 0.231 0.600 0.583
47.640 6 0.391 0.236 0.592 0.594
47.680 6 0.384 0.236 0.584 0.594
47.720 6 0.377 0.236 0.575 0.592
47.760 6 0.370 0.236 0.570 0.592
47.800 6 0.372 0.233 0.572 0.589
47.840 6 0.362 0.231 0.567 0.597
47.880 6 0.364 0.231 0.572 0.600
47.920 6 0.358 0.228 0.566 0.597
47.960 6 0.353 0.225 0.561 0.594
48.000 6 0.348 0.222 0.550 0.581
48.040 6 0.347 0.222 0.548 0.581
48.080 6 0.344 0.219 0.547 0.581
48.120 6 0.339 0.219 0.544 0.581
48.160 6 0.336 0.217 0.541 0.581
48.200 6 0.331 0.214 0.537 0.581
48.240 6 0.322 0.211 0.528 0.581
48.280 6 0.320 0.214 0.525 0.575
48.320 6 0.312 0.214 0.519 0.583
47.400 7 0.748 0.450 0.822 0.581
47.440 7 0.748 0.450 0.822 0.581
47.480 7 0.745 0.453 0.820 0.583
47.520 7 0.744 0.453 0.817 0.586
47.560 7 0.741 0.456 0.812 0.586
47.600 7 0.739 0.458 0.814 0.589
47.640 7 0.738 0.461 0.811 0.592
47.680 7 0.738 0.467 0.808 0.592
47.720 7 0.736 0.467 0.806 0.592
47.760 7 0.731 0.464 0.803 0.592
47.800 7 0.730 0.467 0.800 0.592
47.840 7 0.730 0.467 0.798 0.589
47.880 7 0.730 0.467 0.797 0.586
47.920 7 0.733 0.464 0.798 0.583
47.960 7 0.728 0.461 0.795 0.581
48.000 7 0.730 0.458 0.798 0.581
48.040 7 0.731 0.456 0.800 0.578
48.080 7 0.731 0.453 0.802 0.578
48.120 7 0.733 0.450 0.803 0.575
48.160 7 0.734 0.447 0.806 0.575
48.200 7 0.738 0.447 0.809 0.572
48.240 7 0.741 0.447 0.811 0.572
48.280 7 0.739 0.444 0.811 0.572
48.320 7 0.741 0.444 0.811 0.572
53.000 8 0.617 0.272 0.677 0.378
53.040 8 0.617 0.272 0.677 0.378
53.080 8 0.617 0.272 0.677 0.378
53.120 8 0.617 0.272 0.677 0.378
53.160 8 0.620 0.272 0.678 0.378
53.200 8 0.617 0.272 0.677 0.378
53.240 8 0.620 0.272 0.678 0.378
53.280 8 0.617 0.272 0.675 0.378
53.320 8 0.619 0.272 0.677 0.375
53.360 8 0.614 0.272 0.673 0.375
53.400 8 0.614 0.272 0.673 0.375
53.440 8 0.611 0.269 0.670 0.375
53.480 8 0.611 0.269 0.670 0.375
53.520 8 0.609 0.269 0.667 0.375
53.560 8 0.606 0.269 0.666 0.375
53.600 8 0.605 0.269 0.664 0.375
53.640 8 0.602 0.269 0.661 0.375
53.680 8 0.602 0.269 0.661 0.375
53.720 8 0.598 0.269 0.656 0.372
53.760 8 0.597 0.267 0.656 0.375
53.800 8 0.595 0.269 0.655 0.375
53.840 8 0.594 0.269 0.653 0.375
53.880 8 0.592 0.272 0.648 0.369
53.920 8 0.594 0.275 0.647 0.369
53.960 8 0.592 0.275 0.645 0.369
54.000 8 0.589 0.272 0.645 0.372
54.040 8 0.586 0.269 0.645 0.375
54.080 8 0.584 0.272 0.644 0.375
54.120 8 0.586 0.275 0.642 0.375
54.160 8 0.583 0.275 0.641 0.375
54.200 8 0.584 0.275 0.642 0.378
54.240 8 0.583 0.275 0.641 0.378
54.280 9 0.355 0.392 0.494 0.636
54.320 9 0.353 0.389 0.494 0.633
54.360 9 0.347 0.386 0.486 0.631
54.400 9 0.345 0.389 0.481 0.628
54.440 9 0.342 0.386 0.480 0.628
54.480 9 0.341 0.386 0.478 0.628
54.520 9 0.342 0.389 0.480 0.631
54.560 9 0.336 0.386 0.475 0.631
54.600 9 0.336 0.389 0.472 0.628
54.640 9 0.334 0.389 0.470 0.628
54.680 9 0.333 0.383 0.470 0.625
54.720 9 0.333 0.378 0.470 0.622
54.760 9 0.331 0.375 0.470 0.619
54.800 9 0.336 0.375 0.475 0.619
54.840 9 0.339 0.375 0.478 0.619
54.880 9 0.339 0.375 0.480 0.622
54.920 9 0.347 0.378 0.487 0.622
54.960 9 0.344 0.372 0.487 0.622
55.000 9 0.350 0.375 0.491 0.622
55.040 9 0.350 0.375 0.492 0.625
55.080 9 0.352 0.375 0.494 0.628
55.120 9 0.347 0.375 0.489 0.625
55.160 9 0.347 0.375 0.489 0.625
55.200 9 0.339 0.375 0.484 0.628
55.240 9 0.339 0.375 0.483 0.628
55.280 9 0.334 0.372 0.478 0.628
55.320 9 0.330 0.375 0.473 0.628
55.360 9 0.333 0.375 0.475 0.628
55.400 9 0.328 0.375 0.472 0.628
55.440 9 0.330 0.375 0.473 0.628
55.480 9 0.325 0.375 0.469 0.628
55.520 9 0.325 0.375 0.470 0.628
55.560 9 0.323 0.372 0.469 0.628
55.600 9 0.322 0.372 0.467 0.628
55.640 9 0.316 0.372 0.459 0.628
55.680 9 0.320 0.372 0.464 0.625
55.720 9 0.314 0.375 0.455 0.622
55.760 9 0.311 0.372 0.455 0.622
55.800 9 0.311 0.372 0.452 0.622
55.840 9 0.308 0.372 0.448 0.622
55.880 9 0.305 0.372 0.447 0.622
55.920 9 0.300 0.372 0.442 0.622
55.960 9 0.303 0.372 0.444 0.622
56.520 9 0.298 0.406 0.455 0.683
56.560 9 0.295 0.400 0.452 0.675
56.600 9 0.295 0.392 0.452 0.667
56.640 9 0.300 0.389 0.452 0.656
56.680 9 0.302 0.381 0.453 0.647
56.720 9 0.298 0.369 0.450 0.636
56.760 9 0.305 0.369 0.453 0.628
56.800 9 0.303 0.367 0.450 0.622
56.840 9 0.308 0.364 0.455 0.622
56.880 9 0.311 0.364 0.456 0.619
56.920 9 0.316 0.369 0.458 0.619
56.960 9 0.323 0.375 0.464 0.622
57.000 9 0.334 0.375 0.475 0.622
57.040 9 0.338 0.372 0.483 0.628
57.080 9 0.344 0.367 0.489 0.625
57.120 9 0.347 0.361 0.492 0.622
57.160 9 0.350 0.358 0.497 0.619
57.200 9 0.344 0.358 0.491 0.619
57.240 9 0.338 0.361 0.486 0.625
57.280 9 0.336 0.369 0.483 0.631
57.320 9 0.334 0.375 0.481 0.639
57.360 9 0.331 0.383 0.478 0.644
57.400 9 0.333 0.392 0.478 0.650
57.440 9 0.330 0.397 0.475 0.656
57.480 9 0.328 0.403 0.473 0.658
57.520 9 0.322 0.400 0.467 0.658
57.560 9 0.319 0.400 0.464 0.658
57.600 9 0.312 0.400 0.459 0.661
57.640 9 0.305 0.403 0.448 0.658
57.680 9 0.295 0.406 0.441 0.664
57.720 9 0.284 0.408 0.430 0.669
57.760 9 0.270 0.422 0.417 0.683
57.800 9 0.255 0.431 0.402 0.692
57.840 9 0.228 0.428 0.391 0.719
57.880 9 0.208 0.431 0.372 0.725
57.920 9 0.184 0.422 0.353 0.725
57.960 9 0.159 0.419 0.330 0.722
58.000 9 0.141 0.417 0.308 0.717
58.040 9 0.120 0.411 0.287 0.714
58.080 9 0.102 0.400 0.273 0.708
58.120 9 0.083 0.394 0.256 0.706
58.160 9 0.062 0.386 0.242 0.708
58.200 9 0.045 0.392 0.223 0.708
58.240 9 0.027 0.383 0.208 0.708
58.280 9 0.008 0.386 0.191 0.714
58.320 9 -0.019 0.397 0.163 0.725
54.760 10 0.525 0.133 0.717 0.475
54.800 10 0.541 0.128 0.723 0.456
54.840 10 0.550 0.125 0.733 0.450
54.880 10 0.550 0.122 0.733 0.447
54.920 10 0.552 0.122 0.730 0.439
54.960 10 0.552 0.122 0.723 0.425
55.000 10 0.552 0.119 0.719 0.417
55.040 10 0.552 0.119 0.713 0.408
55.080 10 0.544 0.122 0.703 0.406
55.120 10 0.536 0.119 0.700 0.408
55.160 10 0.527 0.122 0.691 0.414
55.120 11 0.378 0.433 0.478 0.611
55.160 11 0.375 0.433 0.475 0.611
55.200 11 0.369 0.436 0.469 0.611
55.240 11 0.364 0.433 0.467 0.611
55.280 11 0.362 0.436 0.463 0.611
55.320 11 0.358 0.433 0.459 0.611
55.360 11 0.359 0.436 0.461 0.614
55.400 11 0.356 0.436 0.458 0.614
55.440 11 0.356 0.436 0.458 0.614
55.480 11 0.353 0.436 0.455 0.611
55.520 11 0.352 0.436 0.452 0.611
55.560 11 0.350 0.433 0.450 0.611
55.600 11 0.348 0.433 0.448 0.611
55.640 11 0.347 0.431 0.448 0.611
55.680 11 0.342 0.431 0.444 0.608
55.720 11 0.342 0.431 0.444 0.608
55.760 11 0.338 0.433 0.438 0.606
55.800 11 0.336 0.431 0.438 0.608
55.840 11 0.333 0.433 0.431 0.606
55.880 11 0.331 0.433 0.430 0.606
55.920 11 0.330 0.433 0.428 0.606
55.960 11 0.331 0.433 0.430 0.606
56.000 11 0.328 0.433 0.427 0.606
56.040 11 0.325 0.433 0.423 0.606
56.080 11 0.327 0.433 0.425 0.606
56.120 11 0.327 0.433 0.425 0.608
56.160 11 0.323 0.433 0.425 0.611
56.200 11 0.328 0.433 0.431 0.614
56.240 11 0.327 0.442 0.425 0.617
56.280 11 0.323 0.444 0.425 0.619
56.320 11 0.325 0.450 0.427 0.631
56.360 11 0.327 0.461 0.428 0.639
56.400 11 0.327 0.472 0.430 0.650
56.440 11 0.327 0.481 0.427 0.656
56.480 11 0.328 0.481 0.430 0.658
56.520 11 0.330 0.475 0.433 0.656
56.560 11 0.330 0.469 0.434 0.653
56.600 11 0.327 0.464 0.431 0.647
56.640 11 0.328 0.456 0.433 0.639
56.680 11 0.330 0.447 0.434 0.633
56.720 11 0.330 0.439 0.436 0.625
56.760 11 0.330 0.433 0.436 0.619
56.800 11 0.331 0.428 0.438 0.614
56.840 11 0.331 0.428 0.436 0.608
56.880 11 0.336 0.428 0.441 0.611
56.920 11 0.342 0.431 0.444 0.611
56.960 11 0.348 0.436 0.453 0.617
57.680 12 0.605 0.297 0.703 0.472
57.720 12 0.603 0.297 0.700 0.469
57.760 12 0.603 0.297 0.698 0.467
57.800 12 0.602 0.297 0.697 0.467
57.840 12 0.603 0.300 0.698 0.467
57.880 12 0.600 0.297 0.697 0.469
57.920 12 0.598 0.294 0.697 0.469
57.960 12 0.595 0.297 0.692 0.469
58.000 12 0.598 0.297 0.695 0.469
58.040 12 0.600 0.294 0.698 0.472
58.080 12 0.598 0.297 0.697 0.469
58.120 12 0.598 0.297 0.695 0.469
58.160 12 0.597 0.297 0.692 0.467
58.200 12 0.598 0.297 0.695 0.469
58.240 12 0.595 0.297 0.694 0.469
58.280 12 0.600 0.297 0.700 0.472
58.320 12 0.602 0.300 0.700 0.475
58.360 12 0.608 0.306 0.703 0.475
58.400 12 0.609 0.306 0.705 0.478
58.440 12 0.613 0.308 0.706 0.478
59.720 13 0.081 0.411 0.208 0.636
59.760 13 0.081 0.411 0.208 0.636
59.800 13 0.084 0.411 0.211 0.633
59.840 13 0.089 0.408 0.216 0.633
59.880 13 0.095 0.408 0.223 0.636
59.920 13 0.100 0.403 0.227 0.628
59.960 13 0.106 0.403 0.234 0.631
60.000 13 0.109 0.406 0.236 0.631
60.040 13 0.116 0.406 0.242 0.631
60.080 13 0.123 0.406 0.248 0.628
60.120 13 0.123 0.406 0.252 0.631
60.160 13 0.131 0.400 0.258 0.622
60.200 13 0.139 0.403 0.264 0.625
60.240 13 0.141 0.403 0.266 0.625
60.280 13 0.148 0.406 0.270 0.625
60.320 13 0.150 0.408 0.272 0.625
60.360 13 0.156 0.411 0.277 0.628
60.400 13 0.156 0.417 0.277 0.628
60.440 13 0.166 0.419 0.281 0.628
60.480 13 0.164 0.422 0.277 0.622
60.520 13 0.166 0.419 0.280 0.622
60.560 13 0.164 0.419 0.277 0.619
60.600 13 0.166 0.411 0.281 0.617
60.640 13 0.166 0.408 0.281 0.614
60.680 13 0.164 0.403 0.281 0.611
60.720 13 0.164 0.400 0.280 0.608
60.760 13 0.164 0.397 0.280 0.606
60.800 13 0.163 0.394 0.280 0.600
60.840 13 0.163 0.392 0.278 0.597
60.880 13 0.161 0.389 0.278 0.597
60.920 13 0.161 0.386 0.278 0.594
60.960 13 0.159 0.383 0.275 0.592
61.000 13 0.161 0.381 0.278 0.589
61.040 13 0.163 0.378 0.281 0.589
61.080 13 0.161 0.375 0.280 0.586
61.120 13 0.161 0.372 0.280 0.583
61.160 13 0.161 0.372 0.278 0.583
61.200 13 0.161 0.372 0.278 0.581
61.240 13 0.163 0.372 0.281 0.581
61.280 13 0.161 0.369 0.280 0.581
61.320 13 0.166 0.372 0.281 0.578
61.360 13 0.164 0.369 0.280 0.575
61.400 13 0.169 0.369 0.283 0.572
61.440 13 0.167 0.369 0.283 0.572
61.480 13 0.169 0.367 0.284 0.575
61.520 13 0.175 0.369 0.291 0.578
61.560 13 0.175 0.367 0.291 0.575
61.600 13 0.181 0.369 0.297 0.575
61.640 13 0.181 0.369 0.298 0.578
61.680 13 0.188 0.372 0.303 0.578
61.720 13 0.188 0.372 0.305 0.578
61.760 13 0.194 0.372 0.309 0.578
61.800 13 0.195 0.375 0.311 0.578
61.000 14 0.845 0.317 0.902 0.417
71.080 15 0.359 0.242 0.453 0.406
71.120 15 0.358 0.242 0.450 0.408
71.160 15 0.355 0.242 0.448 0.408
71.200 15 0.352 0.242 0.445 0.408
71.240 15 0.352 0.242 0.445 0.408
71.280 15 0.348 0.239 0.442 0.408
71.320 15 0.348 0.239 0.444 0.411
71.360 15 0.347 0.242 0.441 0.408
71.400 15 0.347 0.242 0.441 0.408
71.440 15 0.344 0.239 0.436 0.406
71.480 15 0.345 0.236 0.439 0.403
71.520 15 0.345 0.233 0.438 0.400
71.560 15 0.347 0.228 0.442 0.397
71.600 15 0.347 0.225 0.442 0.394
71.640 15 0.348 0.222 0.445 0.392
71.680 15 0.352 0.219 0.448 0.392
71.720 15 0.350 0.217 0.450 0.394
71.760 15 0.353 0.214 0.455 0.394
71.800 15 0.356 0.217 0.455 0.392
71.840 15 0.359 0.217 0.458 0.389
71.880 15 0.362 0.217 0.458 0.389
71.920 15 0.367 0.217 0.463 0.389
71.960 15 0.369 0.219 0.463 0.389
72.000 15 0.372 0.222 0.469 0.394
72.040 15 0.377 0.225 0.477 0.400
72.080 15 0.377 0.225 0.477 0.403
72.120 15 0.381 0.228 0.480 0.403
72.160 15 0.381 0.228 0.481 0.403
72.200 15 0.383 0.231 0.483 0.406
72.240 15 0.384 0.231 0.484 0.408
72.280 15 0.386 0.231 0.486 0.411
72.320 15 0.386 0.231 0.487 0.414
72.360 15 0.389 0.231 0.491 0.411
72.400 15 0.391 0.228 0.492 0.408
72.440 15 0.394 0.222 0.495 0.406
72.480 15 0.397 0.219 0.498 0.403
72.520 15 0.400 0.217 0.502 0.397
72.560 15 0.402 0.211 0.506 0.394
72.600 15 0.406 0.208 0.511 0.394
72.640 15 0.412 0.208 0.517 0.392
72.680 15 0.414 0.206 0.520 0.394
72.720 15 0.416 0.208 0.523 0.400
72.760 15 0.419 0.211 0.528 0.406
72.800 15 0.417 0.214 0.528 0.411
72.840 15 0.420 0.219 0.531 0.417
72.880 15 0.420 0.222 0.531 0.419
72.920 15 0.419 0.222 0.530 0.422
72.960 15 0.422 0.222 0.534 0.422
73.000 15 0.420 0.219 0.537 0.428
73.040 15 0.414 0.206 0.537 0.428
73.080 15 0.414 0.211 0.537 0.431
73.120 15 0.409 0.217 0.531 0.436
73.160 15 0.409 0.217 0.533 0.439
73.200 15 0.406 0.217 0.530 0.439
73.240 15 0.405 0.225 0.530 0.447
73.280 15 0.406 0.231 0.531 0.456
73.320 15 0.406 0.236 0.533 0.461
73.360 15 0.411 0.239 0.536 0.461
73.400 15 0.411 0.236 0.534 0.458
73.440 15 0.409 0.233 0.534 0.458
73.480 15 0.408 0.231 0.533 0.456
73.520 15 0.406 0.228 0.531 0.453
73.560 15 0.402 0.222 0.528 0.447
73.600 15 0.400 0.217 0.527 0.442
73.640 15 0.395 0.208 0.522 0.436
73.680 15 0.395 0.203 0.523 0.428
73.720 15 0.391 0.194 0.517 0.422
73.760 15 0.389 0.189 0.517 0.417
73.800 15 0.384 0.183 0.512 0.414
73.840 15 0.380 0.186 0.509 0.414
73.880 15 0.378 0.186 0.511 0.425
73.920 15 0.375 0.200 0.508 0.439
73.960 15 0.373 0.217 0.503 0.450
74.000 15 0.366 0.208 0.505 0.458
74.040 15 0.367 0.233 0.497 0.464
74.080 15 0.367 0.239 0.495 0.467
74.120 15 0.364 0.242 0.491 0.472
74.160 15 0.362 0.253 0.489 0.478
74.200 15 0.358 0.258 0.484 0.486
74.240 15 0.355 0.267 0.481 0.492
74.280 15 0.352 0.272 0.478 0.497
74.320 15 0.350 0.272 0.477 0.500
74.360 15 0.348 0.269 0.473 0.497
74.400 15 0.345 0.267 0.472 0.492
74.440 15 0.344 0.264 0.470 0.489
74.480 15 0.341 0.258 0.466 0.483
74.520 15 0.341 0.258 0.467 0.483
74.560 15 0.338 0.258 0.461 0.481
74.600 15 0.341 0.258 0.466 0.483
74.640 15 0.338 0.264 0.463 0.486
74.680 15 0.342 0.267 0.467 0.492
74.720 15 0.339 0.272 0.466 0.497
74.760 15 0.344 0.278 0.470 0.503
74.800 15 0.342 0.283 0.469 0.508
74.840 15 0.344 0.292 0.470 0.517
74.880 15 0.347 0.294 0.475 0.522
74.920 15 0.345 0.294 0.473 0.522
74.960 15 0.350 0.297 0.477 0.525
75.000 15 0.356 0.311 0.473 0.519
75.040 15 0.355 0.311 0.473 0.522
75.080 15 0.361 0.308 0.480 0.522
75.120 15 0.366 0.311 0.484 0.522
75.160 15 0.372 0.306 0.491 0.519
75.200 15 0.375 0.303 0.495 0.519
75.240 15 0.378 0.297 0.500 0.517
75.280 15 0.383 0.294 0.503 0.508
75.320 15 0.389 0.289 0.508 0.500
75.360 15 0.394 0.286 0.511 0.494
75.400 15 0.400 0.289 0.516 0.494
75.440 15 0.408 0.294 0.520 0.497
75.480 15 0.408 0.300 0.523 0.503
75.520 15 0.412 0.306 0.528 0.508
75.560 15 0.411 0.308 0.528 0.514
75.600 15 0.414 0.311 0.531 0.519
75.640 15 0.412 0.311 0.530 0.519
75.680 15 0.416 0.311 0.533 0.519
75.720 15 0.416 0.308 0.534 0.519
75.760 15 0.417 0.303 0.536 0.514
75.800 15 0.423 0.303 0.541 0.511
75.840 15 0.427 0.292 0.545 0.503
75.880 15 0.428 0.286 0.548 0.500
75.920 15 0.428 0.283 0.548 0.497
75.960 15 0.427 0.286 0.545 0.497
76.000 15 0.420 0.289 0.537 0.497
76.040 15 0.417 0.278 0.537 0.489
76.080 15 0.414 0.278 0.533 0.486
76.120 15 0.411 0.272 0.530 0.483
76.160 15 0.408 0.269 0.527 0.478
76.200 15 0.403 0.261 0.523 0.475
76.240 15 0.398 0.253 0.519 0.464
76.280 15 0.394 0.244 0.514 0.456
76.320 15 0.391 0.242 0.509 0.450
76.360 15 0.386 0.242 0.503 0.450
76.400 15 0.383 0.242 0.500 0.450
76.440 15 0.377 0.242 0.497 0.453
76.480 15 0.378 0.242 0.498 0.456
76.520 15 0.372 0.242 0.491 0.453
76.560 15 0.373 0.244 0.492 0.458
76.600 15 0.372 0.250 0.492 0.464
76.640 15 0.373 0.253 0.495 0.467
76.680 15 0.378 0.258 0.498 0.469
76.720 15 0.383 0.264 0.502 0.475
76.760 15 0.381 0.264 0.502 0.478
76.800 15 0.383 0.264 0.505 0.478
76.840 15 0.383 0.264 0.505 0.478
76.880 15 0.384 0.264 0.503 0.475
76.920 15 0.384 0.267 0.503 0.478
76.960 15 0.384 0.275 0.502 0.481
77.000 15 0.381 0.267 0.498 0.472
77.040 15 0.384 0.283 0.498 0.483
77.080 15 0.380 0.289 0.492 0.486
77.120 15 0.378 0.289 0.491 0.489
77.160 15 0.372 0.289 0.487 0.494
77.200 15 0.370 0.292 0.487 0.497
77.240 15 0.369 0.300 0.483 0.500
77.280 15 0.373 0.303 0.489 0.506
77.320 15 0.372 0.303 0.486 0.506
77.360 15 0.373 0.297 0.492 0.506
77.400 15 0.375 0.294 0.492 0.500
77.440 15 0.380 0.292 0.497 0.500
77.480 15 0.380 0.292 0.497 0.497
77.520 15 0.384 0.292 0.500 0.494
77.560 15 0.381 0.292 0.497 0.494
77.600 15 0.384 0.294 0.498 0.494
77.640 15 0.386 0.300 0.498 0.494
77.680 15 0.389 0.300 0.503 0.497
77.720 15 0.394 0.297 0.505 0.492
77.760 15 0.395 0.283 0.508 0.483
77.800 15 0.395 0.272 0.511 0.475
77.840 15 0.397 0.261 0.514 0.464
77.880 15 0.402 0.258 0.517 0.461
77.920 15 0.403 0.256 0.519 0.458
77.960 15 0.403 0.256 0.519 0.458
78.000 15 0.408 0.267 0.525 0.472
78.040 15 0.406 0.253 0.523 0.458
78.080 15 0.408 0.247 0.527 0.458
78.120 15 0.411 0.239 0.530 0.450
78.160 15 0.412 0.236 0.533 0.447
78.200 15 0.412 0.231 0.533 0.442
78.240 15 0.414 0.231 0.533 0.439
78.280 15 0.412 0.228 0.531 0.439
78.320 15 0.412 0.231 0.531 0.439
78.360 15 0.409 0.233 0.527 0.442
78.400 15 0.411 0.239 0.528 0.444
78.440 15 0.408 0.242 0.525 0.447
78.480 15 0.409 0.242 0.527 0.447
78.520 15 0.406 0.239 0.523 0.447
78.560 15 0.408 0.239 0.523 0.442
78.600 15 0.403 0.236 0.520 0.442
78.640 15 0.405 0.236 0.520 0.439
78.680 15 0.398 0.233 0.512 0.436
78.720 15 0.392 0.233 0.506 0.436
78.760 15 0.384 0.239 0.498 0.439
78.800 15 0.378 0.242 0.492 0.442
78.840 15 0.373 0.247 0.487 0.450
78.880 15 0.369 0.247 0.484 0.453
78.920 15 0.364 0.250 0.481 0.458
78.960 15 0.361 0.250 0.480 0.461
79.000 15 0.356 0.242 0.473 0.450
79.040 15 0.352 0.239 0.464 0.442
79.080 15 0.353 0.242 0.466 0.442
79.120 15 0.352 0.242 0.464 0.442
79.160 15 0.355 0.239 0.467 0.442
79.200 15 0.358 0.239 0.472 0.444
79.240 15 0.362 0.239 0.477 0.444
79.280 15 0.366 0.239 0.481 0.444
79.320 15 0.372 0.239 0.486 0.442
79.360 15 0.378 0.242 0.492 0.444
79.400 15 0.386 0.236 0.498 0.439
79.440 15 0.391 0.231 0.505 0.436
79.480 15 0.395 0.228 0.511 0.433
79.520 15 0.395 0.228 0.512 0.436
79.560 15 0.400 0.231 0.516 0.439
79.600 15 0.397 0.233 0.512 0.439
79.640 15 0.398 0.236 0.514 0.442
79.680 15 0.397 0.242 0.511 0.447
79.720 15 0.395 0.244 0.509 0.450
79.760 15 0.391 0.242 0.506 0.450
79.800 15 0.389 0.242 0.506 0.450
79.840 15 0.389 0.242 0.506 0.450
79.880 15 0.391 0.239 0.508 0.450
79.920 15 0.392 0.239 0.511 0.453
79.960 15 0.394 0.242 0.512 0.456
80.000 15 0.395 0.242 0.511 0.450
80.040 15 0.397 0.258 0.511 0.467
80.080 15 0.400 0.258 0.517 0.467
80.120 15 0.406 0.258 0.523 0.467
80.160 15 0.409 0.253 0.527 0.464
80.200 15 0.414 0.250 0.533 0.464
80.240 15 0.417 0.247 0.537 0.461
80.280 15 0.423 0.247 0.542 0.461
80.320 15 0.428 0.244 0.545 0.458
80.360 15 0.431 0.244 0.550 0.456
80.400 15 0.434 0.242 0.550 0.450
80.440 15 0.434 0.242 0.550 0.447
80.480 15 0.433 0.244 0.547 0.450
80.520 15 0.428 0.250 0.539 0.450
80.560 15 0.423 0.253 0.533 0.450
80.600 15 0.416 0.250 0.527 0.450
80.640 15 0.411 0.258 0.520 0.456
80.680 15 0.406 0.258 0.516 0.458
80.720 15 0.403 0.261 0.514 0.458
80.760 15 0.405 0.261 0.516 0.456
80.800 15 0.405 0.256 0.516 0.456
80.840 15 0.402 0.253 0.514 0.453
80.880 15 0.398 0.250 0.511 0.450
80.920 15 0.398 0.250 0.509 0.447
80.960 15 0.395 0.250 0.508 0.450
81.000 15 0.395 0.267 0.511 0.472
81.040 15 0.391 0.258 0.516 0.481
81.080 15 0.389 0.267 0.514 0.489
81.120 15 0.388 0.269 0.514 0.497
81.160 15 0.384 0.278 0.511 0.503
81.200 15 0.384 0.281 0.509 0.500
81.240 15 0.383 0.278 0.508 0.500
81.280 15 0.381 0.272 0.506 0.494
81.320 15 0.378 0.264 0.503 0.489
81.360 15 0.375 0.258 0.500 0.483
81.400 15 0.369 0.256 0.494 0.478
81.440 15 0.359 0.253 0.486 0.478
81.480 15 0.352 0.253 0.475 0.472
81.520 15 0.348 0.250 0.470 0.469
81.560 15 0.345 0.253 0.467 0.469
81.600 15 0.341 0.253 0.463 0.467
81.640 15 0.341 0.250 0.463 0.469
81.680 15 0.339 0.250 0.461 0.467
81.720 15 0.338 0.247 0.459 0.467
81.760 15 0.341 0.247 0.463 0.467
81.800 15 0.338 0.250 0.458 0.467
81.840 15 0.342 0.256 0.464 0.472
81.880 15 0.341 0.261 0.463 0.478
81.920 15 0.344 0.267 0.467 0.489
81.960 15 0.342 0.278 0.466 0.494
82.000 15 0.334 0.264 0.475 0.514
82.040 15 0.342 0.289 0.464 0.508
82.080 15 0.341 0.294 0.466 0.519
82.120 15 0.339 0.303 0.459 0.519
82.160 15 0.342 0.306 0.464 0.525
82.200 15 0.341 0.306 0.464 0.528
82.240 15 0.344 0.303 0.470 0.528
82.280 15 0.348 0.300 0.477 0.528
82.320 15 0.353 0.297 0.483 0.528
82.360 15 0.359 0.297 0.489 0.528
82.400 15 0.362 0.300 0.489 0.525
82.440 15 0.369 0.300 0.494 0.525
82.480 15 0.370 0.300 0.492 0.519
82.520 15 0.373 0.300 0.495 0.517
82.560 15 0.377 0.292 0.500 0.511
82.600 15 0.383 0.289 0.503 0.503
82.640 15 0.383 0.278 0.505 0.497
82.680 15 0.389 0.278 0.514 0.500
82.720 15 0.392 0.278 0.516 0.500
82.760 15 0.394 0.278 0.519 0.500
82.800 15 0.397 0.278 0.522 0.503
82.840 15 0.400 0.278 0.525 0.503
82.880 15 0.394 0.278 0.520 0.503
82.920 15 0.398 0.275 0.525 0.503
82.960 15 0.391 0.275 0.519 0.506
83.000 15 0.395 0.289 0.511 0.497
83.040 15 0.397 0.292 0.509 0.494
83.080 15 0.398 0.292 0.511 0.494
83.120 15 0.397 0.292 0.509 0.494
83.160 15 0.398 0.292 0.511 0.494
83.200 15 0.394 0.289 0.506 0.492
83.240 15 0.397 0.292 0.509 0.494
83.280 15 0.389 0.292 0.502 0.494
83.320 15 0.386 0.289 0.500 0.492
83.360 15 0.383 0.292 0.495 0.492
83.400 15 0.380 0.294 0.489 0.489
83.440 15 0.378 0.294 0.489 0.492
83.480 15 0.377 0.297 0.487 0.494
83.520 15 0.372 0.297 0.483 0.497
83.560 15 0.369 0.294 0.483 0.500
83.600 15 0.364 0.294 0.477 0.497
83.640 15 0.362 0.289 0.477 0.494
83.680 15 0.359 0.281 0.473 0.486
83.720 15 0.358 0.275 0.470 0.478
83.760 15 0.356 0.269 0.469 0.472
83.800 15 0.352 0.267 0.466 0.472
83.840 15 0.348 0.267 0.464 0.475
83.880 15 0.344 0.272 0.459 0.481
83.920 15 0.342 0.281 0.458 0.489
83.960 15 0.339 0.286 0.455 0.494
84.000 15 0.344 0.289 0.459 0.497
84.040 15 0.342 0.267 0.470 0.494
84.080 15 0.341 0.261 0.469 0.492
84.120 15 0.345 0.258 0.472 0.486
84.160 15 0.341 0.250 0.469 0.481
84.200 15 0.347 0.247 0.473 0.475
84.240 15 0.344 0.244 0.469 0.469
84.280 15 0.350 0.247 0.475 0.472
84.320 15 0.348 0.253 0.473 0.478
84.360 15 0.355 0.256 0.480 0.481
84.400 15 0.356 0.258 0.481 0.483
84.440 15 0.359 0.264 0.486 0.492
84.480 15 0.361 0.272 0.487 0.500
84.520 15 0.364 0.281 0.491 0.508
84.560 15 0.366 0.283 0.492 0.511
84.600 15 0.370 0.286 0.497 0.511
84.640 15 0.375 0.283 0.503 0.514
84.680 15 0.380 0.281 0.506 0.511
84.720 15 0.386 0.283 0.511 0.508
84.760 15 0.389 0.283 0.514 0.508
84.800 15 0.392 0.289 0.517 0.514
84.840 15 0.391 0.292 0.516 0.517
84.880 15 0.395 0.294 0.520 0.522
84.920 15 0.394 0.297 0.520 0.522
84.960 15 0.398 0.292 0.525 0.519
85.000 15 0.397 0.264 0.536 0.514
85.040 15 0.397 0.267 0.536 0.514
85.080 15 0.398 0.253 0.537 0.503
85.120 15 0.402 0.244 0.541 0.494
85.160 15 0.400 0.236 0.539 0.486
85.200 15 0.398 0.233 0.537 0.483
85.240 15 0.403 0.233 0.541 0.481
85.280 15 0.400 0.233 0.537 0.481
85.320 15 0.405 0.233 0.541 0.478
85.360 15 0.402 0.228 0.539 0.475
85.400 15 0.405 0.225 0.542 0.469
85.440 15 0.402 0.222 0.541 0.469
85.480 15 0.405 0.222 0.542 0.469
85.520 15 0.406 0.222 0.544 0.472
85.560 15 0.408 0.225 0.547 0.475
85.600 15 0.409 0.228 0.548 0.478
85.640 15 0.409 0.233 0.548 0.483
85.680 15 0.408 0.239 0.547 0.486
85.720 15 0.405 0.242 0.542 0.489
85.760 15 0.400 0.244 0.537 0.492
85.800 15 0.398 0.247 0.534 0.489
85.840 15 0.391 0.244 0.527 0.489
85.880 15 0.383 0.242 0.520 0.489
85.920 15 0.380 0.239 0.517 0.486
85.960 15 0.373 0.233 0.512 0.481
86.000 15 0.366 0.236 0.505 0.486
86.040 15 0.361 0.228 0.503 0.481
86.080 15 0.356 0.219 0.498 0.472
86.120 15 0.353 0.217 0.494 0.467
86.160 15 0.347 0.214 0.491 0.469
86.200 15 0.344 0.211 0.486 0.467
86.240 15 0.338 0.211 0.480 0.467
86.280 15 0.336 0.208 0.480 0.467
86.320 15 0.331 0.206 0.475 0.464
86.360 15 0.333 0.200 0.477 0.458
86.400 15 0.328 0.200 0.473 0.458
86.440 15 0.333 0.200 0.478 0.461
86.480 15 0.331 0.208 0.477 0.469
86.520 15 0.336 0.217 0.483 0.478
86.560 15 0.334 0.222 0.480 0.483
86.600 15 0.339 0.228 0.484 0.489
86.640 15 0.339 0.231 0.483 0.492
86.680 15 0.341 0.236 0.483 0.492
86.720 15 0.339 0.236 0.481 0.489
86.760 15 0.342 0.236 0.483 0.486
86.800 15 0.344 0.236 0.481 0.483
86.840 15 0.345 0.236 0.483 0.483
86.880 15 0.344 0.236 0.483 0.483
86.920 15 0.348 0.236 0.486 0.483
86.960 15 0.348 0.233 0.489 0.483
87.000 15 0.350 0.236 0.491 0.486
87.040 15 0.355 0.242 0.491 0.486
87.080 15 0.353 0.247 0.489 0.492
87.120 15 0.348 0.256 0.481 0.492
87.160 15 0.350 0.261 0.483 0.497
87.200 15 0.344 0.261 0.480 0.503
87.240 15 0.345 0.258 0.483 0.500
87.280 15 0.344 0.250 0.481 0.494
87.320 15 0.342 0.242 0.481 0.489
87.360 15 0.342 0.236 0.483 0.483
87.400 15 0.339 0.231 0.478 0.475
87.440 15 0.331 0.228 0.470 0.475
87.480 15 0.323 0.225 0.464 0.472
87.520 15 0.317 0.222 0.456 0.469
87.560 15 0.311 0.217 0.448 0.464
87.600 15 0.302 0.208 0.441 0.453
87.640 15 0.295 0.197 0.434 0.444
87.680 15 0.286 0.189 0.427 0.439
87.720 15 0.273 0.183 0.414 0.433
87.760 15 0.263 0.181 0.403 0.431
87.800 15 0.250 0.178 0.391 0.428
87.840 15 0.241 0.178 0.380 0.425
87.880 15 0.233 0.183 0.375 0.433
87.920 15 0.220 0.181 0.366 0.439
87.960 15 0.206 0.181 0.350 0.436
88.000 15 0.194 0.181 0.334 0.431
88.040 15 0.177 0.183 0.317 0.433
88.080 15 0.158 0.183 0.302 0.439
88.120 15 0.138 0.186 0.280 0.442
88.160 15 0.114 0.192 0.261 0.453
88.200 15 0.092 0.192 0.242 0.458
88.240 15 0.064 0.197 0.212 0.461
88.280 15 0.036 0.183 0.191 0.456
88.320 15 0.005 0.169 0.164 0.450
88.360 15 -0.023 0.161 0.133 0.442
88.400 15 -0.053 0.153 0.103 0.431
88.440 16 0.412 0.153 0.661 0.592
88.480 16 0.414 0.164 0.650 0.578
88.520 16 0.414 0.164 0.648 0.578
88.560 16 0.416 0.164 0.647 0.572
88.600 16 0.416 0.167 0.644 0.567
88.640 16 0.416 0.172 0.636 0.558
88.680 16 0.416 0.161 0.648 0.569
88.720 16 0.417 0.161 0.650 0.572
88.760 16 0.417 0.161 0.650 0.572
88.800 16 0.417 0.161 0.652 0.578
88.840 16 0.417 0.164 0.653 0.581
88.880 16 0.417 0.164 0.655 0.586
88.920 16 0.417 0.167 0.658 0.592
88.960 16 0.417 0.169 0.658 0.597
89.000 16 0.417 0.172 0.659 0.600
89.040 16 0.434 0.181 0.664 0.589
89.080 16 0.431 0.183 0.661 0.594
89.120 16 0.434 0.183 0.669 0.600
89.160 16 0.431 0.183 0.666 0.600
89.200 16 0.433 0.181 0.672 0.603
89.240 16 0.431 0.172 0.678 0.608
89.280 16 0.431 0.175 0.673 0.603
89.320 16 0.431 0.175 0.672 0.600
89.360 16 0.431 0.172 0.670 0.597
89.400 16 0.431 0.172 0.669 0.594
89.440 16 0.430 0.169 0.669 0.592
89.480 16 0.430 0.169 0.667 0.589
89.520 16 0.428 0.167 0.666 0.586
89.560 16 0.428 0.164 0.664 0.583
89.600 16 0.428 0.161 0.664 0.578
89.640 16 0.427 0.156 0.667 0.581
89.680 16 0.427 0.156 0.666 0.578
89.720 16 0.427 0.150 0.673 0.589
89.760 16 0.427 0.150 0.675 0.589
89.800 16 0.428 0.153 0.678 0.594
89.840 16 0.428 0.153 0.681 0.600
89.880 16 0.428 0.150 0.688 0.608
89.920 16 0.427 0.158 0.683 0.611
89.960 16 0.428 0.153 0.692 0.622
90.000 16 0.445 0.172 0.686 0.600
90.040 16 0.445 0.186 0.688 0.617
90.080 16 0.444 0.189 0.684 0.619
90.120 16 0.439 0.189 0.680 0.619
90.160 16 0.444 0.183 0.692 0.628
90.200 16 0.438 0.186 0.681 0.619
90.240 16 0.444 0.178 0.695 0.625
90.280 16 0.439 0.178 0.686 0.617
90.320 16 0.445 0.172 0.700 0.622
90.360 16 0.438 0.172 0.689 0.617
90.400 16 0.445 0.167 0.703 0.625
90.440 16 0.442 0.178 0.689 0.617
90.480 16 0.445 0.169 0.697 0.619
90.520 16 0.444 0.172 0.694 0.614
90.560 16 0.445 0.172 0.692 0.611
90.600 16 0.445 0.169 0.692 0.611
90.640 16 0.445 0.169 0.692 0.606
90.680 16 0.447 0.169 0.691 0.603
90.720 16 0.445 0.167 0.689 0.600
90.760 16 0.445 0.167 0.688 0.597
90.800 16 0.445 0.164 0.688 0.594
90.840 16 0.445 0.164 0.688 0.592
90.880 16 0.445 0.161 0.688 0.592
90.920 16 0.445 0.158 0.684 0.583
90.960 16 0.445 0.153 0.692 0.592
91.000 16 0.445 0.172 0.686 0.600
91.040 16 0.452 0.181 0.673 0.578
91.080 16 0.450 0.186 0.673 0.583
91.120 16 0.450 0.186 0.673 0.583
91.160 16 0.448 0.181 0.677 0.586
91.200 16 0.450 0.181 0.675 0.581
91.240 16 0.450 0.181 0.673 0.578
91.280 16 0.450 0.181 0.673 0.578
91.320 16 0.450 0.183 0.670 0.578
91.360 16 0.450 0.183 0.675 0.583
91.400 16 0.450 0.183 0.680 0.594
91.440 16 0.448 0.186 0.675 0.592
91.480 16 0.450 0.186 0.680 0.594
91.520 16 0.452 0.183 0.684 0.594
91.560 16 0.450 0.183 0.677 0.589
91.600 16 0.453 0.175 0.684 0.586
91.640 16 0.453 0.181 0.678 0.581
91.680 16 0.453 0.178 0.677 0.578
91.720 16 0.452 0.178 0.675 0.575
91.760 16 0.452 0.178 0.673 0.572
91.800 16 0.452 0.178 0.673 0.572
91.840 16 0.452 0.181 0.672 0.572
91.880 16 0.452 0.181 0.675 0.575
91.920 16 0.452 0.181 0.672 0.572
91.960 16 0.452 0.181 0.672 0.572
92.000 16 0.459 0.183 0.661 0.542
92.040 16 0.433 0.167 0.675 0.597
92.080 16 0.433 0.175 0.670 0.594
92.120 16 0.433 0.167 0.675 0.597
92.160 16 0.433 0.172 0.677 0.603
92.200 16 0.431 0.167 0.675 0.600
92.240 16 0.433 0.172 0.678 0.606
92.280 16 0.434 0.164 0.683 0.603
92.320 16 0.436 0.169 0.677 0.597
92.360 16 0.434 0.167 0.675 0.592
92.400 16 0.436 0.172 0.670 0.586
92.440 16 0.438 0.164 0.677 0.586
92.480 16 0.439 0.169 0.672 0.581
92.520 16 0.439 0.164 0.675 0.581
92.560 16 0.439 0.172 0.669 0.578
92.600 16 0.441 0.164 0.678 0.586
92.640 16 0.439 0.175 0.670 0.583
92.680 16 0.439 0.172 0.672 0.586
92.720 16 0.439 0.172 0.673 0.586
92.760 16 0.439 0.172 0.673 0.586
92.800 16 0.438 0.175 0.667 0.583
92.840 16 0.441 0.175 0.670 0.581
92.880 16 0.438 0.181 0.658 0.569
92.920 16 0.441 0.181 0.656 0.564
92.960 16 0.439 0.186 0.647 0.553
93.000 16 0.417 0.172 0.659 0.600
93.040 16 0.436 0.200 0.644 0.569
93.080 16 0.436 0.200 0.644 0.569
93.120 16 0.436 0.203 0.644 0.569
93.160 16 0.436 0.200 0.644 0.567
93.200 16 0.438 0.203 0.641 0.561
93.240 16 0.439 0.200 0.644 0.564
93.280 16 0.439 0.200 0.645 0.567
93.320 16 0.439 0.203 0.648 0.572
93.360 16 0.439 0.203 0.650 0.578
93.400 16 0.439 0.203 0.653 0.583
93.440 16 0.439 0.203 0.656 0.589
93.480 16 0.438 0.206 0.659 0.597
93.520 16 0.438 0.203 0.662 0.600
93.560 16 0.439 0.194 0.677 0.614
93.600 16 0.439 0.197 0.669 0.606
93.640 16 0.447 0.192 0.683 0.608
93.680 16 0.442 0.192 0.675 0.606
93.720 16 0.442 0.183 0.680 0.603
93.760 16 0.442 0.189 0.677 0.603
93.800 16 0.441 0.183 0.680 0.606
93.840 16 0.441 0.189 0.675 0.603
93.880 16 0.441 0.186 0.678 0.608
93.920 16 0.439 0.192 0.670 0.603
93.960 16 0.439 0.192 0.673 0.606
94.000 16 0.459 0.222 0.661 0.581
94.040 16 0.458 0.203 0.667 0.575
94.080 16 0.458 0.208 0.662 0.572
94.120 16 0.458 0.208 0.664 0.575
94.160 16 0.458 0.208 0.664 0.575
94.200 16 0.458 0.206 0.666 0.575
94.240 16 0.458 0.206 0.669 0.581
94.280 16 0.456 0.208 0.662 0.575
94.320 16 0.458 0.206 0.666 0.578
94.360 16 0.459 0.203 0.670 0.578
94.400 16 0.456 0.206 0.661 0.572
94.440 16 0.458 0.203 0.664 0.569
94.480 16 0.456 0.203 0.661 0.567
94.520 16 0.455 0.208 0.656 0.564
94.560 16 0.456 0.206 0.659 0.567
94.600 16 0.456 0.206 0.659 0.567
94.640 16 0.456 0.206 0.661 0.572
94.680 16 0.455 0.208 0.656 0.567
94.720 16 0.458 0.203 0.664 0.569
94.760 16 0.458 0.206 0.662 0.569
94.800 16 0.458 0.208 0.656 0.564
94.840 16 0.461 0.206 0.664 0.564
94.880 16 0.459 0.206 0.658 0.558
94.920 16 0.461 0.203 0.661 0.556
94.960 16 0.463 0.200 0.659 0.553
95.000 16 0.459 0.183 0.661 0.542
95.040 16 0.450 0.167 0.672 0.561
95.080 16 0.450 0.169 0.669 0.558
95.120 16 0.450 0.172 0.669 0.564
95.160 16 0.450 0.178 0.669 0.567
95.200 16 0.450 0.186 0.667 0.569
95.240 16 0.450 0.189 0.667 0.575
95.280 16 0.450 0.194 0.662 0.575
95.320 16 0.450 0.197 0.662 0.578
95.360 16 0.450 0.197 0.662 0.578
95.400 16 0.453 0.197 0.666 0.575
95.440 16 0.450 0.197 0.661 0.572
95.480 16 0.453 0.192 0.672 0.581
95.520 16 0.448 0.197 0.661 0.575
95.560 16 0.450 0.194 0.667 0.581
95.600 16 0.447 0.203 0.652 0.567
95.640 16 0.445 0.203 0.653 0.572
95.680 16 0.444 0.203 0.650 0.569
95.720 16 0.445 0.203 0.653 0.572
95.760 16 0.445 0.203 0.652 0.569
95.800 16 0.445 0.206 0.650 0.567
95.840 16 0.448 0.197 0.659 0.575
95.880 16 0.448 0.200 0.658 0.569
95.920 16 0.450 0.192 0.670 0.583
95.960 16 0.452 0.192 0.672 0.581
96.000 16 0.445 0.172 0.686 0.600
96.040 16 0.434 0.169 0.691 0.622
96.080 16 0.436 0.164 0.695 0.625
96.120 16 0.436 0.172 0.688 0.617
96.160 16 0.436 0.161 0.700 0.628
96.200 16 0.434 0.167 0.692 0.622
96.240 16 0.436 0.158 0.700 0.625
96.280 16 0.434 0.164 0.692 0.619
96.320 16 0.434 0.156 0.698 0.625
96.360 16 0.433 0.161 0.691 0.617
96.400 16 0.433 0.156 0.698 0.622
96.440 16 0.431 0.161 0.689 0.617
96.480 16 0.430 0.161 0.684 0.611
96.520 16 0.430 0.161 0.680 0.603
96.560 16 0.430 0.161 0.673 0.594
96.600 16 0.428 0.167 0.667 0.586
96.640 16 0.428 0.169 0.659 0.578
96.680 16 0.427 0.172 0.653 0.572
96.720 16 0.427 0.167 0.659 0.581
96.760 16 0.427 0.175 0.648 0.572
96.800 16 0.427 0.172 0.656 0.578
96.840 16 0.427 0.178 0.650 0.575
96.880 16 0.427 0.172 0.658 0.581
96.920 16 0.427 0.169 0.662 0.586
96.960 16 0.423 0.169 0.655 0.583
97.000 16 0.417 0.172 0.659 0.600
97.040 16 0.434 0.189 0.658 0.583
97.080 16 0.430 0.178 0.666 0.592
97.120 16 0.436 0.178 0.670 0.592
97.160 16 0.430 0.181 0.658 0.586
97.200 16 0.436 0.178 0.672 0.594
97.240 16 0.430 0.175 0.666 0.592
97.280 16 0.430 0.172 0.670 0.597
97.320 16 0.430 0.169 0.673 0.603
97.360 16 0.430 0.169 0.677 0.606
97.400 16 0.430 0.172 0.672 0.603
97.440 16 0.430 0.161 0.684 0.614
97.480 16 0.428 0.169 0.672 0.603
97.520 16 0.431 0.161 0.688 0.617
97.560 16 0.431 0.161 0.688 0.617
97.600 16 0.431 0.161 0.689 0.619
97.640 16 0.431 0.167 0.683 0.614
97.680 16 0.431 0.161 0.692 0.625
97.720 16 0.431 0.175 0.678 0.611
97.760 16 0.431 0.164 0.691 0.625
97.800 16 0.431 0.169 0.686 0.619
97.840 16 0.433 0.158 0.697 0.625
97.880 16 0.433 0.164 0.688 0.617
97.920 16 0.433 0.156 0.695 0.619
97.960 16 0.431 0.161 0.686 0.611
98.000 16 0.445 0.172 0.686 0.600
98.040 16 0.455 0.172 0.681 0.575
98.080 16 0.456 0.178 0.677 0.569
98.120 16 0.456 0.169 0.683 0.572
98.160 16 0.456 0.172 0.680 0.569
98.200 16 0.456 0.178 0.677 0.569
98.240 16 0.456 0.183 0.670 0.564
98.280 16 0.455 0.186 0.667 0.564
98.320 16 0.455 0.183 0.669 0.567
98.360 16 0.455 0.181 0.673 0.572
98.400 16 0.455 0.181 0.680 0.578
98.440 16 0.455 0.178 0.684 0.586
98.480 16 0.455 0.178 0.689 0.594
98.520 16 0.453 0.183 0.678 0.586
98.560 16 0.453 0.181 0.686 0.592
98.600 16 0.453 0.181 0.680 0.583
98.640 16 0.453 0.181 0.675 0.575
98.680 16 0.452 0.183 0.670 0.569
98.720 16 0.450 0.181 0.667 0.567
98.760 16 0.450 0.183 0.666 0.564
98.800 16 0.450 0.183 0.662 0.564
98.840 16 0.450 0.175 0.673 0.572
98.880 16 0.450 0.178 0.670 0.569
98.920 16 0.450 0.178 0.670 0.569
98.960 16 0.450 0.181 0.666 0.567
99.000 16 0.459 0.183 0.661 0.542
99.040 16 0.438 0.167 0.667 0.575
99.080 16 0.438 0.164 0.672 0.578
99.120 16 0.438 0.161 0.675 0.583
99.160 16 0.439 0.158 0.681 0.589
99.200 16 0.439 0.164 0.677 0.586
99.240 16 0.439 0.161 0.680 0.586
99.280 16 0.439 0.156 0.683 0.589
99.320 16 0.441 0.150 0.684 0.583
99.360 16 0.439 0.153 0.677 0.575
99.400 16 0.439 0.150 0.681 0.578
99.440 16 0.439 0.158 0.670 0.569
99.480 16 0.439 0.175 0.658 0.564
99.520 16 0.436 0.181 0.648 0.558
99.560 16 0.438 0.181 0.655 0.564
99.600 16 0.436 0.181 0.656 0.569
99.640 16 0.438 0.186 0.652 0.567
99.680 16 0.438 0.186 0.653 0.567
99.720 16 0.438 0.186 0.653 0.569
99.760 16 0.438 0.189 0.655 0.569
99.800 16 0.439 0.192 0.650 0.567
99.840 16 0.439 0.183 0.659 0.575
99.880 16 0.438 0.181 0.662 0.578
99.920 16 0.436 0.189 0.652 0.569
99.960 16 0.438 0.186 0.655 0.572
100.000 16 0.417 0.172 0.659 0.600
100.040 16 0.417 0.172 0.659 0.600
100.080 16 0.417 0.169 0.661 0.603
100.120 16 0.416 0.156 0.677 0.617
100.160 16 0.416 0.164 0.666 0.606
100.200 16 0.416 0.164 0.666 0.603
100.240 16 0.416 0.161 0.666 0.606
100.280 16 0.414 0.161 0.666 0.606
100.320 16 0.414 0.158 0.667 0.606
100.360 16 0.414 0.158 0.667 0.606
100.400 16 0.414 0.147 0.678 0.617
100.440 16 0.414 0.161 0.661 0.600
100.480 16 0.414 0.150 0.677 0.614
100.520 16 0.416 0.153 0.675 0.611
100.560 16 0.416 0.153 0.675 0.611
102.880 17 0.369 0.228 0.595 0.631
102.920 17 0.375 0.231 0.605 0.639
102.960 17 0.362 0.228 0.595 0.642
103.000 17 0.364 0.219 0.606 0.650
103.040 17 0.358 0.200 0.606 0.644
103.080 17 0.359 0.203 0.608 0.644
103.120 17 0.359 0.203 0.608 0.644
103.160 17 0.361 0.206 0.609 0.647
103.200 17 0.358 0.206 0.605 0.644
103.240 17 0.359 0.200 0.611 0.650
103.280 17 0.361 0.203 0.613 0.650
103.320 17 0.358 0.203 0.608 0.647
103.360 17 0.358 0.197 0.614 0.653
103.400 17 0.356 0.194 0.616 0.653
103.440 17 0.359 0.197 0.617 0.656
103.480 17 0.356 0.197 0.613 0.653
103.520 17 0.356 0.192 0.619 0.656
103.560 17 0.361 0.192 0.620 0.653
103.600 17 0.355 0.189 0.622 0.661
103.640 17 0.355 0.186 0.623 0.664
103.680 17 0.353 0.183 0.623 0.664
103.720 17 0.352 0.181 0.628 0.672
103.760 17 0.347 0.175 0.627 0.672
103.800 17 0.350 0.181 0.627 0.669
103.840 17 0.352 0.175 0.630 0.669
103.880 17 0.350 0.172 0.628 0.667
103.920 17 0.348 0.169 0.628 0.667
103.960 17 0.347 0.172 0.623 0.667
104.000 17 0.341 0.147 0.631 0.664
104.040 17 0.341 0.153 0.637 0.681
104.080 17 0.339 0.147 0.639 0.683
104.120 17 0.338 0.147 0.639 0.683
104.160 17 0.336 0.144 0.641 0.686
104.200 17 0.331 0.133 0.642 0.686
104.240 17 0.336 0.139 0.645 0.686
104.280 17 0.328 0.128 0.647 0.697
104.320 17 0.331 0.133 0.645 0.692
104.360 17 0.328 0.122 0.652 0.697
104.400 17 0.331 0.128 0.650 0.692
104.440 17 0.333 0.122 0.659 0.703
104.480 17 0.327 0.117 0.662 0.714
104.520 17 0.323 0.111 0.662 0.714
104.560 17 0.331 0.111 0.667 0.708
104.600 17 0.323 0.103 0.666 0.711
104.640 17 0.331 0.108 0.670 0.711
104.680 17 0.322 0.097 0.669 0.714
104.720 17 0.331 0.106 0.672 0.711
104.760 17 0.325 0.100 0.670 0.714
104.800 17 0.330 0.106 0.667 0.706
104.840 17 0.331 0.100 0.677 0.714
104.880 17 0.317 0.094 0.667 0.717
104.920 17 0.331 0.100 0.681 0.719
104.960 17 0.316 0.092 0.670 0.719
105.000 17 0.331 0.108 0.680 0.728
105.040 17 0.330 0.100 0.686 0.736
105.080 17 0.336 0.108 0.683 0.725
105.120 17 0.331 0.100 0.689 0.736
105.160 17 0.336 0.108 0.684 0.728
105.200 17 0.331 0.097 0.691 0.736
105.240 17 0.338 0.106 0.688 0.728
105.280 17 0.338 0.097 0.695 0.733
105.320 17 0.338 0.103 0.689 0.728
105.360 17 0.331 0.092 0.697 0.742
105.400 17 0.339 0.100 0.700 0.742
105.440 17 0.331 0.100 0.689 0.736
105.480 17 0.341 0.100 0.697 0.736
105.520 17 0.330 0.097 0.688 0.736
105.560 17 0.338 0.097 0.697 0.739
105.600 17 0.327 0.086 0.694 0.742
105.640 17 0.336 0.097 0.698 0.742
105.680 17 0.328 0.092 0.697 0.747
105.720 17 0.336 0.097 0.702 0.747
105.760 17 0.328 0.092 0.697 0.747
105.800 17 0.331 0.100 0.695 0.744
105.840 17 0.333 0.097 0.695 0.742
105.880 17 0.331 0.103 0.686 0.733
105.920 17 0.328 0.103 0.683 0.733
105.960 17 0.328 0.103 0.683 0.733
106.000 17 0.331 0.108 0.680 0.728
106.040 18 0.370 0.300 0.434 0.417
106.080 18 0.373 0.300 0.438 0.417
106.120 18 0.370 0.300 0.436 0.417
106.160 18 0.375 0.303 0.439 0.417
106.200 18 0.372 0.303 0.438 0.417
106.240 18 0.375 0.303 0.442 0.422
106.280 18 0.372 0.306 0.438 0.419
106.320 18 0.373 0.303 0.441 0.419
106.360 18 0.373 0.303 0.439 0.417
106.400 18 0.375 0.300 0.441 0.419
106.440 18 0.375 0.300 0.442 0.419
106.480 18 0.375 0.303 0.439 0.417
106.520 18 0.377 0.300 0.442 0.419
106.560 18 0.377 0.300 0.444 0.419
106.600 18 0.377 0.300 0.444 0.419
106.640 18 0.377 0.300 0.444 0.419
106.680 18 0.377 0.303 0.442 0.417
106.720 18 0.378 0.300 0.445 0.419
106.760 18 0.378 0.300 0.445 0.419
106.800 18 0.378 0.303 0.442 0.417
106.840 18 0.378 0.300 0.445 0.419
106.880 18 0.378 0.300 0.445 0.419
106.920 18 0.378 0.300 0.445 0.419
106.960 18 0.378 0.300 0.445 0.419
107.000 18 0.378 0.300 0.445 0.419
107.040 18 0.375 0.297 0.445 0.422
107.080 18 0.378 0.300 0.445 0.419
107.120 18 0.378 0.300 0.445 0.419
107.160 18 0.377 0.300 0.442 0.417
107.200 18 0.377 0.300 0.444 0.419
107.240 18 0.377 0.300 0.444 0.419
107.280 18 0.375 0.300 0.442 0.419
107.320 18 0.375 0.297 0.442 0.419
107.360 18 0.375 0.297 0.442 0.419
107.400 18 0.375 0.297 0.442 0.419
107.440 18 0.377 0.300 0.442 0.417
107.480 18 0.375 0.297 0.442 0.417
107.520 18 0.375 0.300 0.442 0.419
107.560 18 0.373 0.303 0.439 0.422
107.600 18 0.372 0.308 0.439 0.428
107.640 18 0.372 0.317 0.438 0.433
107.600 19 0.378 0.303 0.445 0.425
107.640 19 0.378 0.308 0.447 0.433
107.680 19 0.378 0.317 0.445 0.439
107.720 19 0.377 0.325 0.445 0.447
107.760 19 0.377 0.331 0.444 0.453
107.800 19 0.375 0.333 0.441 0.456
107.840 19 0.375 0.336 0.442 0.458
107.880 19 0.377 0.336 0.444 0.458
107.920 19 0.373 0.336 0.441 0.458
107.960 19 0.377 0.331 0.445 0.456
108.000 19 0.378 0.325 0.445 0.447
108.040 19 0.380 0.319 0.445 0.442
108.080 19 0.381 0.311 0.448 0.433
108.120 19 0.383 0.311 0.450 0.433
108.160 19 0.384 0.306 0.450 0.425
108.200 19 0.386 0.303 0.450 0.422
108.240 19 0.388 0.303 0.452 0.417
108.280 19 0.388 0.300 0.450 0.417
108.320 19 0.389 0.300 0.453 0.414
108.360 19 0.388 0.297 0.452 0.414
108.400 19 0.391 0.297 0.455 0.411
108.440 19 0.391 0.297 0.453 0.411
108.480 19 0.391 0.297 0.455 0.411
108.520 19 0.392 0.297 0.455 0.411
108.560 19 0.394 0.297 0.456 0.411
108.600 19 0.394 0.297 0.456 0.411
108.640 19 0.395 0.297 0.459 0.411
108.680 19 0.395 0.297 0.458 0.411
111.640 20 0.523 0.483 0.625 0.661
111.680 20 0.533 0.489 0.633 0.667
111.720 20 0.541 0.497 0.639 0.672
111.760 20 0.541 0.497 0.641 0.675
111.800 20 0.542 0.494 0.645 0.678
111.840 20 0.542 0.494 0.644 0.675
111.880 20 0.542 0.489 0.648 0.678
111.920 20 0.542 0.489 0.647 0.675
111.960 20 0.541 0.489 0.645 0.672
112.000 20 0.544 0.486 0.647 0.672
112.040 20 0.544 0.486 0.645 0.669
112.080 20 0.547 0.486 0.648 0.667
112.120 20 0.542 0.486 0.644 0.667
112.160 20 0.545 0.483 0.648 0.667
112.200 20 0.541 0.483 0.645 0.667
112.240 20 0.537 0.483 0.641 0.669
112.280 20 0.534 0.486 0.637 0.672
112.320 20 0.531 0.492 0.634 0.675
112.360 20 0.527 0.494 0.631 0.678
112.400 20 0.528 0.494 0.633 0.681
112.440 20 0.525 0.497 0.630 0.683
112.480 20 0.527 0.497 0.633 0.686
112.520 20 0.522 0.497 0.628 0.686
112.560 20 0.523 0.497 0.631 0.689
112.600 20 0.517 0.494 0.625 0.686
112.640 20 0.516 0.494 0.625 0.686
112.680 20 0.512 0.494 0.622 0.689
112.720 20 0.509 0.497 0.619 0.692
112.760 20 0.505 0.500 0.616 0.697
112.800 20 0.505 0.503 0.617 0.703
112.840 20 0.502 0.511 0.614 0.708
112.880 20 0.505 0.517 0.617 0.717
112.920 20 0.500 0.522 0.614 0.725
112.960 20 0.502 0.533 0.616 0.736
113.000 20 0.498 0.542 0.616 0.750
113.040 20 0.495 0.544 0.617 0.761
113.080 20 0.494 0.556 0.616 0.772
113.120 20 0.491 0.569 0.611 0.783
113.160 20 0.495 0.572 0.619 0.792
113.200 20 0.494 0.581 0.617 0.800
113.240 20 0.489 0.583 0.619 0.814
113.280 20 0.494 0.592 0.623 0.819
113.320 20 0.495 0.592 0.627 0.825
113.360 20 0.497 0.597 0.628 0.828
113.400 20 0.491 0.594 0.628 0.839
113.440 20 0.487 0.597 0.628 0.847
113.480 20 0.486 0.603 0.627 0.853
113.520 20 0.483 0.606 0.628 0.864
113.560 20 0.486 0.611 0.631 0.869
113.600 20 0.487 0.614 0.631 0.872
113.640 20 0.481 0.617 0.628 0.875
113.680 20 0.483 0.619 0.631 0.881
113.720 20 0.478 0.625 0.625 0.886
113.760 20 0.475 0.633 0.625 0.900
113.800 20 0.472 0.647 0.627 0.922
113.840 20 0.472 0.656 0.630 0.936
113.880 20 0.477 0.669 0.633 0.947
113.920 20 0.478 0.672 0.637 0.956
113.960 20 0.481 0.675 0.641 0.958
114.000 20 0.484 0.678 0.644 0.961
114.040 20 0.484 0.681 0.644 0.964
114.080 20 0.480 0.686 0.639 0.969
114.120 20 0.478 0.692 0.637 0.975
114.160 20 0.480 0.694 0.641 0.981
114.200 20 0.475 0.697 0.636 0.983
114.240 20 0.478 0.700 0.639 0.986
114.280 20 0.472 0.703 0.633 0.989
114.320 20 0.472 0.706 0.636 0.997
114.360 20 0.467 0.708 0.631 1.003
114.400 20 0.464 0.719 0.630 1.011
114.440 20 0.463 0.728 0.628 1.022
113.520 21 0.559 0.231 0.689 0.458
113.560 21 0.559 0.228 0.688 0.458
113.600 21 0.562 0.225 0.692 0.458
113.640 21 0.561 0.225 0.692 0.458
113.680 21 0.564 0.222 0.695 0.461
113.720 21 0.564 0.222 0.697 0.461
113.760 21 0.566 0.228 0.698 0.467
113.800 21 0.564 0.233 0.698 0.475
113.840 21 0.561 0.239 0.698 0.486
113.880 21 0.566 0.244 0.703 0.492
113.920 21 0.562 0.244 0.700 0.492
113.960 21 0.566 0.242 0.705 0.489
114.000 21 0.569 0.236 0.709 0.486
114.040 21 0.577 0.236 0.717 0.489
114.080 21 0.572 0.236 0.716 0.494
114.120 21 0.573 0.242 0.717 0.500
114.160 21 0.564 0.239 0.711 0.503
114.200 21 0.567 0.236 0.714 0.503
114.240 21 0.564 0.233 0.713 0.503
114.280 21 0.569 0.233 0.719 0.500
114.320 21 0.564 0.233 0.714 0.503
114.360 21 0.564 0.236 0.716 0.508
114.400 21 0.558 0.239 0.713 0.514
114.440 21 0.556 0.247 0.713 0.528
114.480 21 0.552 0.253 0.706 0.531
114.520 21 0.552 0.256 0.709 0.536
114.560 21 0.545 0.253 0.705 0.542
114.600 21 0.544 0.256 0.708 0.550
114.640 21 0.533 0.250 0.702 0.550
114.680 21 0.537 0.247 0.706 0.550
114.720 21 0.528 0.244 0.697 0.547
114.760 21 0.531 0.242 0.703 0.550
114.800 21 0.527 0.247 0.697 0.550
114.840 21 0.528 0.250 0.698 0.556
114.880 21 0.523 0.256 0.692 0.558
114.920 21 0.520 0.258 0.684 0.553
114.960 21 0.517 0.253 0.683 0.550
115.000 21 0.514 0.250 0.681 0.550
115.040 21 0.511 0.239 0.686 0.550
115.080 21 0.505 0.233 0.681 0.550
115.120 21 0.498 0.233 0.675 0.547
115.160 21 0.491 0.228 0.672 0.550
115.200 21 0.484 0.228 0.666 0.553
115.240 21 0.484 0.231 0.666 0.556
115.280 21 0.477 0.228 0.661 0.556
115.320 21 0.472 0.222 0.655 0.553
115.360 21 0.464 0.217 0.650 0.550
115.400 21 0.458 0.217 0.644 0.550
115.440 21 0.447 0.217 0.634 0.553
115.480 21 0.441 0.225 0.628 0.561
115.520 21 0.433 0.233 0.623 0.572
115.560 21 0.428 0.242 0.619 0.581
115.600 21 0.423 0.244 0.613 0.583
115.640 21 0.416 0.244 0.603 0.581
115.680 21 0.408 0.247 0.595 0.583
115.720 21 0.408 0.242 0.595 0.581
115.760 21 0.400 0.242 0.589 0.578
115.800 21 0.397 0.239 0.586 0.575
115.840 21 0.391 0.236 0.580 0.572
115.880 21 0.392 0.231 0.581 0.567
115.920 21 0.386 0.225 0.575 0.564
115.960 21 0.388 0.217 0.578 0.558
116.000 21 0.386 0.214 0.577 0.556
116.040 21 0.384 0.211 0.577 0.556
116.080 21 0.383 0.211 0.575 0.558
116.120 21 0.380 0.211 0.575 0.561
116.160 21 0.378 0.211 0.575 0.561
116.200 21 0.378 0.208 0.575 0.561
116.240 21 0.378 0.203 0.577 0.556
116.280 21 0.380 0.197 0.578 0.550
116.320 21 0.380 0.192 0.580 0.550
116.360 21 0.378 0.192 0.581 0.553
116.400 21 0.378 0.194 0.581 0.556
116.440 21 0.383 0.206 0.584 0.564
116.480 21 0.378 0.211 0.580 0.572
116.520 21 0.377 0.219 0.578 0.578
116.560 21 0.383 0.222 0.584 0.581
116.600 21 0.383 0.219 0.583 0.578
116.640 21 0.391 0.222 0.589 0.578
116.680 21 0.391 0.219 0.588 0.572
116.720 21 0.397 0.222 0.595 0.575
116.760 21 0.398 0.222 0.597 0.575
116.800 21 0.402 0.222 0.598 0.578
116.840 21 0.405 0.222 0.602 0.578
116.880 21 0.406 0.225 0.605 0.581
116.920 21 0.409 0.228 0.608 0.581
116.960 21 0.408 0.225 0.608 0.583
117.000 21 0.416 0.222 0.617 0.581
117.040 21 0.403 0.208 0.627 0.606
117.080 21 0.398 0.206 0.625 0.608
117.120 21 0.406 0.206 0.631 0.606
117.160 21 0.403 0.203 0.628 0.603
117.200 21 0.412 0.206 0.636 0.603
117.240 21 0.408 0.200 0.634 0.600
117.280 21 0.412 0.200 0.637 0.600
117.320 21 0.414 0.197 0.642 0.603
117.360 21 0.419 0.197 0.644 0.600
117.400 21 0.422 0.200 0.645 0.597
117.440 21 0.423 0.197 0.650 0.600
117.480 21 0.427 0.200 0.652 0.600
117.520 21 0.434 0.200 0.655 0.592
117.560 21 0.438 0.194 0.659 0.589
117.600 21 0.441 0.189 0.662 0.583
117.640 21 0.448 0.183 0.669 0.578
117.680 21 0.448 0.178 0.667 0.567
117.720 21 0.452 0.178 0.669 0.564
117.760 21 0.452 0.181 0.670 0.569
117.800 21 0.448 0.186 0.667 0.575
117.840 21 0.453 0.194 0.672 0.586
117.880 21 0.452 0.200 0.667 0.586
117.920 21 0.458 0.200 0.675 0.586
117.960 21 0.458 0.192 0.677 0.581
118.000 21 0.445 0.172 0.686 0.600
118.040 21 0.456 0.183 0.680 0.581
118.080 21 0.455 0.183 0.677 0.578
118.120 21 0.458 0.186 0.681 0.581
118.160 21 0.455 0.186 0.678 0.583
118.200 21 0.453 0.186 0.678 0.589
118.240 21 0.455 0.186 0.683 0.589
118.280 21 0.455 0.192 0.675 0.583
118.320 21 0.458 0.194 0.678 0.586
118.360 21 0.455 0.194 0.677 0.592
118.400 21 0.453 0.197 0.677 0.592
118.440 21 0.455 0.200 0.675 0.594
118.480 21 0.452 0.203 0.673 0.597
118.520 21 0.455 0.206 0.675 0.600
118.560 21 0.458 0.206 0.678 0.600
118.600 21 0.455 0.206 0.675 0.597
118.640 21 0.461 0.197 0.680 0.586
118.680 21 0.461 0.189 0.681 0.581
118.720 21 0.467 0.189 0.692 0.586
118.760 21 0.461 0.194 0.678 0.581
118.800 21 0.450 0.203 0.670 0.592
118.840 21 0.442 0.211 0.662 0.603
118.880 21 0.434 0.211 0.656 0.606
118.920 21 0.436 0.206 0.659 0.603
118.960 21 0.441 0.197 0.666 0.600
119.000 21 0.459 0.222 0.661 0.581
119.040 21 0.450 0.200 0.670 0.589
119.080 21 0.442 0.200 0.664 0.594
119.120 21 0.441 0.206 0.658 0.592
119.160 21 0.436 0.206 0.656 0.594
119.200 21 0.434 0.206 0.653 0.592
119.240 21 0.433 0.200 0.652 0.586
119.280 21 0.436 0.200 0.656 0.589
119.320 21 0.433 0.200 0.653 0.589
119.360 21 0.433 0.206 0.650 0.589
119.400 21 0.430 0.206 0.648 0.589
119.440 21 0.427 0.206 0.641 0.586
119.480 21 0.433 0.208 0.647 0.586
119.520 21 0.423 0.203 0.642 0.589
119.560 21 0.427 0.203 0.645 0.589
119.600 21 0.427 0.200 0.645 0.589
119.640 21 0.428 0.197 0.648 0.589
119.680 21 0.428 0.194 0.650 0.586
119.720 21 0.430 0.194 0.652 0.586
119.760 21 0.430 0.192 0.650 0.583
119.800 21 0.431 0.192 0.652 0.583
119.840 21 0.433 0.194 0.652 0.583
119.880 21 0.433 0.194 0.653 0.586
119.920 21 0.433 0.197 0.655 0.589
119.960 21 0.434 0.197 0.656 0.592
120.000 21 0.417 0.172 0.659 0.600
120.040 21 0.430 0.186 0.650 0.578
120.080 21 0.430 0.189 0.650 0.578
120.120 21 0.430 0.192 0.650 0.581
120.160 21 0.431 0.192 0.652 0.583
120.200 21 0.431 0.194 0.648 0.581
120.240 21 0.438 0.192 0.656 0.581
120.280 21 0.433 0.189 0.652 0.575
120.320 21 0.439 0.186 0.659 0.578
120.360 21 0.434 0.183 0.656 0.575
120.400 21 0.441 0.181 0.664 0.578
120.440 21 0.439 0.183 0.662 0.578
120.480 21 0.442 0.183 0.666 0.578
120.520 21 0.438 0.183 0.659 0.575
120.560 21 0.444 0.183 0.667 0.578
120.600 21 0.441 0.183 0.662 0.578
120.640 21 0.448 0.183 0.669 0.575
120.680 21 0.444 0.181 0.664 0.572
120.720 21 0.453 0.183 0.672 0.569
120.760 21 0.445 0.178 0.666 0.569
120.800 21 0.453 0.181 0.673 0.569
120.840 21 0.445 0.181 0.667 0.569
120.880 21 0.452 0.178 0.673 0.572
120.920 21 0.448 0.178 0.670 0.569
120.960 21 0.448 0.181 0.666 0.564
121.000 21 0.459 0.183 0.661 0.542
121.040 21 0.459 0.178 0.673 0.556
121.080 21 0.453 0.167 0.672 0.558
121.120 21 0.459 0.167 0.680 0.558
121.160 21 0.456 0.167 0.677 0.558
121.200 21 0.463 0.167 0.683 0.558
121.240 21 0.459 0.167 0.678 0.556
121.280 21 0.459 0.172 0.680 0.561
121.320 21 0.456 0.175 0.680 0.572
121.360 21 0.461 0.183 0.683 0.578
121.400 21 0.455 0.183 0.680 0.583
121.440 21 0.456 0.183 0.681 0.583
121.480 21 0.456 0.181 0.680 0.581
121.520 21 0.456 0.178 0.680 0.575
121.560 21 0.456 0.175 0.678 0.569
121.600 21 0.459 0.175 0.678 0.564
121.640 21 0.456 0.172 0.678 0.567
121.680 21 0.455 0.175 0.677 0.569
121.720 21 0.452 0.175 0.677 0.572
121.760 21 0.452 0.178 0.675 0.575
121.800 21 0.441 0.169 0.672 0.581
121.840 21 0.450 0.175 0.677 0.578
121.880 21 0.444 0.172 0.670 0.578
121.920 21 0.452 0.178 0.673 0.572
121.960 21 0.448 0.178 0.670 0.569
122.000 21 0.445 0.172 0.686 0.600
122.040 21 0.439 0.161 0.683 0.594
122.080 21 0.442 0.161 0.684 0.592
122.120 21 0.436 0.158 0.677 0.586
122.160 21 0.441 0.158 0.688 0.594
122.200 21 0.438 0.158 0.680 0.592
122.240 21 0.436 0.161 0.677 0.589
122.280 21 0.434 0.164 0.675 0.589
122.320 21 0.434 0.167 0.673 0.592
122.360 21 0.433 0.164 0.675 0.594
122.400 21 0.431 0.167 0.670 0.592
122.440 21 0.431 0.164 0.675 0.597
122.480 21 0.430 0.164 0.672 0.592
122.520 21 0.430 0.164 0.670 0.592
122.560 21 0.428 0.164 0.670 0.592
122.600 21 0.425 0.164 0.666 0.592
122.640 21 0.427 0.164 0.667 0.592
122.680 21 0.427 0.161 0.667 0.589
122.720 21 0.425 0.158 0.666 0.589
122.760 21 0.422 0.153 0.666 0.586
122.800 21 0.420 0.147 0.666 0.583
122.840 21 0.417 0.142 0.662 0.578
122.880 21 0.423 0.139 0.669 0.575
122.920 21 0.417 0.133 0.664 0.572
122.960 21 0.422 0.133 0.667 0.569
123.000 21 0.417 0.122 0.659 0.553
123.040 21 0.436 0.144 0.658 0.539
123.080 21 0.434 0.142 0.656 0.536
123.120 21 0.436 0.142 0.658 0.536
123.160 21 0.428 0.142 0.652 0.539
123.200 21 0.433 0.147 0.652 0.539
123.240 21 0.423 0.153 0.645 0.544
123.280 21 0.427 0.156 0.645 0.547
123.320 21 0.420 0.158 0.637 0.544
123.360 21 0.422 0.161 0.639 0.547
123.400 21 0.417 0.164 0.630 0.544
123.440 21 0.419 0.167 0.631 0.544
123.480 21 0.412 0.172 0.623 0.544
123.520 21 0.416 0.172 0.623 0.544
123.560 21 0.420 0.169 0.631 0.544
123.600 21 0.414 0.167 0.625 0.542
123.640 21 0.419 0.167 0.631 0.544
123.680 21 0.412 0.167 0.625 0.544
123.720 21 0.417 0.169 0.628 0.544
123.760 21 0.416 0.169 0.627 0.544
123.800 21 0.416 0.169 0.627 0.542
123.840 21 0.416 0.164 0.630 0.544
123.880 21 0.419 0.164 0.631 0.542
123.920 21 0.420 0.164 0.633 0.544
123.960 21 0.417 0.161 0.634 0.544
124.000 21 0.438 0.183 0.639 0.542
124.040 21 0.448 0.181 0.645 0.531
124.080 21 0.444 0.181 0.637 0.528
124.120 21 0.448 0.183 0.645 0.533
124.160 21 0.447 0.189 0.642 0.536
124.200 21 0.452 0.192 0.648 0.542
124.240 21 0.448 0.192 0.645 0.544
124.280 21 0.447 0.194 0.644 0.544
124.320 21 0.448 0.194 0.647 0.544
124.360 21 0.448 0.194 0.647 0.544
124.400 21 0.448 0.194 0.648 0.550
124.440 21 0.448 0.192 0.653 0.556
124.480 21 0.442 0.194 0.648 0.558
124.520 21 0.444 0.197 0.652 0.564
124.560 21 0.438 0.200 0.645 0.567
124.600 21 0.439 0.200 0.648 0.569
124.640 21 0.438 0.194 0.645 0.567
124.680 21 0.438 0.183 0.647 0.556
124.720 21 0.439 0.172 0.648 0.544
124.760 21 0.441 0.161 0.652 0.536
124.800 21 0.447 0.164 0.658 0.539
124.840 21 0.436 0.169 0.648 0.547
124.880 21 0.436 0.178 0.648 0.556
124.920 21 0.433 0.186 0.644 0.561
124.960 21 0.428 0.183 0.642 0.561
125.000 21 0.438 0.183 0.639 0.542
125.040 21 0.438 0.181 0.639 0.539
125.080 21 0.447 0.186 0.639 0.528
125.120 21 0.441 0.183 0.633 0.525
125.160 21 0.441 0.183 0.639 0.536
125.200 21 0.441 0.181 0.642 0.542
125.240 21 0.441 0.183 0.641 0.539
125.280 21 0.441 0.178 0.637 0.531
125.320 21 0.439 0.175 0.634 0.522
125.360 21 0.439 0.175 0.628 0.511
125.400 21 0.439 0.175 0.627 0.506
125.440 21 0.434 0.178 0.620 0.508
125.480 21 0.438 0.181 0.625 0.517
131.080 22 0.411 0.169 0.530 0.383
131.120 22 0.416 0.161 0.534 0.378
131.160 22 0.419 0.161 0.539 0.375
131.200 22 0.425 0.161 0.547 0.381
131.240 22 0.427 0.164 0.548 0.383
131.280 22 0.431 0.169 0.553 0.389
131.320 22 0.430 0.181 0.552 0.397
131.360 22 0.428 0.186 0.550 0.406
131.400 22 0.425 0.192 0.550 0.417
131.440 22 0.427 0.194 0.552 0.419
131.480 22 0.428 0.197 0.555 0.425
131.520 22 0.427 0.200 0.553 0.431
131.560 22 0.433 0.211 0.558 0.436
131.600 22 0.428 0.219 0.553 0.447
131.640 22 0.436 0.225 0.562 0.450
131.680 22 0.434 0.228 0.559 0.453
131.720 22 0.438 0.225 0.562 0.450
131.760 22 0.442 0.228 0.566 0.447
131.800 22 0.442 0.228 0.561 0.444
131.840 22 0.445 0.225 0.566 0.439
131.880 22 0.442 0.225 0.559 0.436
131.920 22 0.441 0.219 0.558 0.433
131.960 22 0.436 0.219 0.552 0.428
132.000 22 0.434 0.219 0.550 0.428
132.040 22 0.434 0.222 0.550 0.433
132.080 22 0.431 0.225 0.547 0.433
132.120 22 0.433 0.225 0.548 0.433
132.160 22 0.430 0.231 0.545 0.436
132.200 22 0.436 0.233 0.550 0.436
132.240 22 0.433 0.236 0.545 0.439
132.280 22 0.441 0.239 0.553 0.439
132.320 22 0.441 0.242 0.553 0.439
132.360 22 0.447 0.239 0.558 0.439
132.400 22 0.452 0.242 0.561 0.436
132.440 22 0.453 0.239 0.564 0.436
132.480 22 0.456 0.236 0.567 0.433
132.520 22 0.459 0.239 0.569 0.433
132.560 22 0.459 0.236 0.569 0.431
132.600 22 0.463 0.231 0.572 0.425
132.640 22 0.461 0.228 0.570 0.425
132.680 22 0.459 0.225 0.570 0.422
132.720 22 0.458 0.225 0.566 0.419
132.760 22 0.450 0.228 0.559 0.422
132.800 22 0.445 0.228 0.553 0.422
132.840 22 0.441 0.236 0.550 0.431
132.880 22 0.438 0.236 0.545 0.431
132.920 22 0.434 0.231 0.542 0.425
132.960 22 0.430 0.228 0.537 0.419
133.000 22 0.420 0.219 0.537 0.428
133.040 22 0.414 0.211 0.534 0.428
133.080 22 0.414 0.206 0.536 0.425
133.120 22 0.411 0.203 0.531 0.419
133.160 22 0.414 0.203 0.533 0.417
133.200 22 0.414 0.203 0.533 0.417
133.240 22 0.409 0.206 0.530 0.419
133.280 22 0.414 0.206 0.533 0.419
133.320 22 0.409 0.203 0.530 0.417
133.360 22 0.411 0.200 0.531 0.414
133.400 22 0.408 0.194 0.531 0.414
133.440 22 0.409 0.192 0.531 0.408
133.480 22 0.411 0.189 0.533 0.406
133.520 22 0.412 0.183 0.534 0.400
133.560 22 0.416 0.183 0.534 0.397
133.600 22 0.416 0.189 0.537 0.406
133.640 22 0.414 0.200 0.534 0.414
133.680 22 0.420 0.208 0.539 0.419
133.720 22 0.419 0.217 0.536 0.428
133.760 22 0.423 0.222 0.542 0.433
133.800 22 0.425 0.228 0.542 0.436
133.840 22 0.428 0.231 0.545 0.442
133.880 22 0.431 0.236 0.547 0.444
133.920 22 0.433 0.239 0.548 0.444
133.960 22 0.434 0.239 0.550 0.447
134.000 22 0.434 0.242 0.550 0.450
134.040 22 0.436 0.236 0.555 0.444
134.080 22 0.439 0.239 0.556 0.450
134.120 22 0.439 0.239 0.558 0.450
134.160 22 0.447 0.236 0.562 0.444
134.200 22 0.448 0.228 0.566 0.436
134.240 22 0.452 0.219 0.570 0.428
134.280 22 0.458 0.211 0.573 0.417
134.320 22 0.466 0.203 0.581 0.408
134.360 22 0.473 0.197 0.589 0.400
134.400 22 0.481 0.189 0.595 0.392
134.440 22 0.486 0.186 0.602 0.392
134.480 22 0.494 0.189 0.608 0.392
134.520 22 0.494 0.192 0.608 0.394
134.560 22 0.497 0.197 0.611 0.400
134.600 22 0.495 0.197 0.609 0.403
134.640 22 0.494 0.197 0.609 0.403
134.680 22 0.487 0.194 0.602 0.400
134.720 22 0.486 0.192 0.600 0.397
134.760 22 0.478 0.189 0.594 0.394
134.800 22 0.477 0.189 0.592 0.394
134.840 22 0.472 0.189 0.588 0.394
134.880 22 0.469 0.194 0.583 0.400
134.920 22 0.467 0.206 0.578 0.403
134.960 22 0.463 0.203 0.575 0.403
135.000 22 0.459 0.197 0.577 0.403
135.040 22 0.459 0.206 0.577 0.417
135.080 22 0.455 0.211 0.572 0.419
135.120 22 0.452 0.208 0.572 0.422
135.160 22 0.447 0.214 0.566 0.425
135.200 22 0.448 0.219 0.566 0.428
135.240 22 0.444 0.219 0.562 0.431
135.280 22 0.447 0.219 0.566 0.431
135.320 22 0.439 0.211 0.558 0.422
135.360 22 0.436 0.208 0.555 0.419
135.400 22 0.431 0.200 0.550 0.411
135.440 22 0.425 0.192 0.544 0.403
135.480 22 0.419 0.186 0.537 0.397
135.520 22 0.414 0.181 0.533 0.392
135.560 22 0.409 0.178 0.528 0.389
135.600 22 0.405 0.175 0.527 0.392
135.640 22 0.398 0.175 0.520 0.392
135.680 22 0.394 0.175 0.516 0.389
135.720 22 0.392 0.181 0.512 0.394
135.760 22 0.391 0.183 0.511 0.394
135.800 22 0.391 0.186 0.511 0.400
135.840 22 0.391 0.192 0.509 0.406
135.880 22 0.389 0.194 0.511 0.411
135.920 22 0.388 0.197 0.511 0.417
135.960 22 0.389 0.203 0.511 0.419
136.000 22 0.395 0.219 0.511 0.428
136.040 22 0.386 0.211 0.509 0.431
136.080 22 0.391 0.211 0.511 0.428
136.120 22 0.394 0.206 0.514 0.419
136.160 22 0.400 0.203 0.517 0.414
136.200 22 0.403 0.200 0.522 0.411
136.240 22 0.411 0.200 0.528 0.411
136.280 22 0.411 0.203 0.530 0.414
136.320 22 0.419 0.206 0.536 0.417
136.360 22 0.419 0.208 0.537 0.419
136.400 22 0.425 0.206 0.542 0.417
136.440 22 0.431 0.211 0.545 0.417
136.480 22 0.433 0.211 0.547 0.417
136.520 22 0.436 0.211 0.550 0.414
136.560 22 0.439 0.200 0.555 0.408
136.600 22 0.442 0.200 0.559 0.408
136.640 22 0.448 0.200 0.561 0.400
136.680 22 0.450 0.189 0.566 0.397
136.720 22 0.455 0.189 0.572 0.397
136.760 22 0.455 0.194 0.570 0.400
136.800 22 0.455 0.197 0.572 0.406
136.840 22 0.456 0.200 0.573 0.411
136.880 22 0.453 0.206 0.572 0.417
136.920 22 0.456 0.208 0.573 0.419
136.960 22 0.452 0.214 0.570 0.425
137.000 22 0.447 0.219 0.564 0.428
137.040 22 0.448 0.231 0.562 0.433
137.080 22 0.445 0.231 0.559 0.433
137.120 22 0.442 0.236 0.555 0.436
137.160 22 0.439 0.233 0.553 0.436
137.200 22 0.431 0.233 0.548 0.439
137.240 22 0.430 0.236 0.545 0.439
137.280 22 0.428 0.233 0.542 0.436
137.320 22 0.422 0.231 0.537 0.436
137.360 22 0.417 0.239 0.533 0.444
137.400 22 0.412 0.250 0.528 0.453
137.440 22 0.409 0.256 0.523 0.458
137.480 22 0.406 0.253 0.522 0.458
137.520 22 0.400 0.250 0.516 0.458
137.560 22 0.398 0.247 0.517 0.458
137.600 22 0.394 0.247 0.512 0.458
137.640 22 0.395 0.250 0.512 0.456
137.680 22 0.391 0.244 0.509 0.456
137.720 22 0.391 0.239 0.509 0.450
137.760 22 0.392 0.236 0.509 0.444
137.800 22 0.388 0.231 0.506 0.442
137.840 22 0.389 0.228 0.508 0.439
137.880 22 0.383 0.228 0.502 0.436
137.920 22 0.381 0.222 0.500 0.433
137.960 22 0.380 0.217 0.498 0.431
138.000 22 0.381 0.219 0.498 0.428
138.040 22 0.377 0.206 0.494 0.417
138.080 22 0.383 0.208 0.500 0.417
138.120 22 0.380 0.208 0.497 0.417
138.160 22 0.386 0.208 0.502 0.417
138.200 22 0.389 0.208 0.505 0.414
138.240 22 0.391 0.206 0.506 0.411
138.280 22 0.394 0.208 0.506 0.411
138.320 22 0.394 0.214 0.508 0.414
138.360 22 0.395 0.217 0.508 0.417
138.400 22 0.400 0.219 0.511 0.417
138.440 22 0.403 0.222 0.516 0.422
138.480 22 0.408 0.228 0.519 0.425
138.520 22 0.409 0.231 0.522 0.431
138.560 22 0.412 0.233 0.525 0.436
138.600 22 0.412 0.239 0.527 0.442
138.640 22 0.416 0.242 0.530 0.447
138.680 22 0.414 0.250 0.528 0.453
138.720 22 0.417 0.256 0.530 0.456
138.760 22 0.419 0.256 0.531 0.456
138.800 22 0.423 0.250 0.537 0.453
138.840 22 0.425 0.225 0.539 0.431
138.880 22 0.428 0.214 0.544 0.419
138.920 22 0.425 0.197 0.544 0.411
138.960 22 0.430 0.197 0.547 0.406
139.000 22 0.434 0.197 0.550 0.403
139.040 22 0.439 0.211 0.552 0.411
139.080 22 0.441 0.211 0.555 0.411
139.120 22 0.441 0.214 0.553 0.411
139.160 22 0.442 0.217 0.553 0.414
139.200 22 0.436 0.219 0.547 0.417
139.240 22 0.433 0.219 0.545 0.417
139.280 22 0.427 0.219 0.539 0.417
139.320 22 0.420 0.222 0.531 0.419
139.360 22 0.416 0.222 0.527 0.419
139.400 22 0.411 0.222 0.522 0.417
139.440 22 0.405 0.222 0.516 0.419
139.480 22 0.398 0.222 0.509 0.419
139.520 22 0.395 0.242 0.508 0.439
139.560 22 0.391 0.247 0.505 0.447
139.600 22 0.388 0.250 0.502 0.450
139.640 22 0.384 0.258 0.498 0.461
139.680 22 0.381 0.264 0.494 0.461
139.720 22 0.383 0.267 0.495 0.464
139.760 22 0.378 0.267 0.491 0.464
139.800 22 0.380 0.267 0.492 0.467
139.840 22 0.375 0.269 0.491 0.472
139.880 22 0.377 0.272 0.492 0.475
139.920 22 0.372 0.272 0.487 0.475
139.960 22 0.370 0.269 0.487 0.475
140.000 22 0.369 0.267 0.486 0.472
140.040 22 0.366 0.253 0.489 0.469
140.080 22 0.364 0.247 0.489 0.467
140.120 22 0.366 0.239 0.491 0.458
140.160 22 0.364 0.231 0.487 0.450
140.200 22 0.362 0.225 0.484 0.442
140.240 22 0.361 0.219 0.484 0.439
140.280 22 0.358 0.219 0.480 0.436
140.320 22 0.356 0.217 0.478 0.431
140.360 22 0.355 0.214 0.477 0.428
140.400 22 0.355 0.214 0.477 0.428
140.440 22 0.356 0.219 0.473 0.428
140.480 22 0.355 0.222 0.473 0.431
140.520 22 0.355 0.225 0.473 0.436
140.560 22 0.355 0.233 0.472 0.442
140.600 22 0.361 0.242 0.478 0.450
140.640 22 0.361 0.244 0.478 0.453
140.680 22 0.366 0.244 0.484 0.453
140.720 22 0.367 0.242 0.486 0.453
140.760 22 0.370 0.242 0.491 0.453
140.800 22 0.370 0.242 0.492 0.453
140.840 22 0.372 0.242 0.492 0.453
140.880 22 0.375 0.244 0.492 0.450
140.920 22 0.377 0.244 0.494 0.450
140.960 22 0.378 0.247 0.495 0.453
141.000 22 0.381 0.242 0.498 0.450
141.040 22 0.381 0.253 0.494 0.456
141.080 22 0.381 0.256 0.494 0.458
141.120 22 0.388 0.256 0.498 0.456
141.160 22 0.391 0.253 0.503 0.453
141.200 22 0.395 0.247 0.506 0.447
141.240 22 0.397 0.244 0.508 0.442
141.280 22 0.402 0.242 0.511 0.439
141.320 22 0.406 0.239 0.517 0.436
141.360 22 0.411 0.233 0.522 0.433
141.400 22 0.416 0.228 0.527 0.425
141.440 22 0.419 0.219 0.530 0.419
141.480 22 0.423 0.217 0.536 0.417
141.520 22 0.425 0.214 0.537 0.414
141.560 22 0.425 0.214 0.537 0.417
141.600 22 0.427 0.217 0.539 0.419
141.640 22 0.427 0.222 0.536 0.419
141.680 22 0.431 0.219 0.544 0.419
141.720 22 0.433 0.217 0.545 0.417
141.760 22 0.438 0.214 0.550 0.417
141.800 22 0.438 0.217 0.548 0.414
141.840 22 0.439 0.214 0.552 0.417
141.880 22 0.439 0.217 0.553 0.419
141.920 22 0.441 0.217 0.553 0.419
141.960 22 0.439 0.217 0.552 0.417
142.000 22 0.434 0.219 0.550 0.428
142.040 22 0.434 0.222 0.550 0.431
142.080 22 0.436 0.225 0.552 0.433
142.120 22 0.434 0.233 0.545 0.436
142.160 22 0.436 0.239 0.550 0.444
142.200 22 0.431 0.242 0.552 0.456
142.240 22 0.434 0.239 0.555 0.456
142.280 22 0.433 0.236 0.552 0.450
142.320 22 0.433 0.222 0.555 0.442
142.360 22 0.430 0.217 0.552 0.436
142.400 22 0.430 0.206 0.548 0.417
142.440 22 0.427 0.206 0.544 0.417
142.480 22 0.423 0.208 0.541 0.419
142.520 22 0.419 0.214 0.536 0.422
142.560 22 0.416 0.219 0.533 0.428
142.600 22 0.409 0.222 0.528 0.433
142.640 22 0.403 0.225 0.520 0.433
142.680 22 0.397 0.225 0.516 0.436
142.720 22 0.391 0.228 0.508 0.436
142.760 22 0.389 0.225 0.506 0.436
142.800 22 0.384 0.225 0.503 0.436
142.840 22 0.383 0.222 0.502 0.433
142.880 22 0.381 0.219 0.502 0.431
142.920 22 0.381 0.214 0.500 0.428
142.960 22 0.380 0.208 0.500 0.422
143.000 22 0.381 0.197 0.498 0.403
143.040 22 0.381 0.197 0.503 0.411
143.080 22 0.378 0.192 0.498 0.406
143.120 22 0.378 0.189 0.500 0.406
143.160 22 0.377 0.194 0.495 0.403
143.200 22 0.378 0.197 0.497 0.406
143.240 22 0.377 0.203 0.492 0.406
143.280 22 0.377 0.203 0.492 0.406
143.320 22 0.373 0.200 0.489 0.406
143.360 22 0.372 0.200 0.489 0.406
143.400 22 0.370 0.200 0.486 0.403
143.440 22 0.369 0.197 0.484 0.403
143.480 22 0.369 0.197 0.484 0.400
143.520 22 0.372 0.194 0.486 0.394
143.560 22 0.375 0.194 0.489 0.394
143.600 22 0.377 0.192 0.494 0.397
143.640 22 0.384 0.192 0.498 0.394
143.680 22 0.391 0.189 0.506 0.392
143.720 22 0.395 0.183 0.509 0.386
143.760 22 0.402 0.178 0.516 0.378
143.800 22 0.405 0.169 0.519 0.369
143.840 22 0.409 0.164 0.522 0.364
143.880 22 0.412 0.158 0.523 0.356
143.920 22 0.417 0.158 0.531 0.361
143.960 22 0.417 0.161 0.533 0.364
144.000 22 0.420 0.172 0.537 0.381
144.040 22 0.425 0.183 0.539 0.383
144.080 22 0.425 0.186 0.541 0.392
144.120 22 0.423 0.194 0.539 0.400
144.160 22 0.422 0.208 0.536 0.411
144.200 22 0.419 0.211 0.533 0.414
144.240 22 0.414 0.214 0.530 0.417
144.280 22 0.408 0.214 0.522 0.417
144.320 22 0.405 0.211 0.520 0.417
144.360 22 0.400 0.211 0.517 0.417
144.400 22 0.402 0.217 0.516 0.419
144.440 22 0.398 0.222 0.512 0.425
144.480 22 0.400 0.231 0.514 0.433
144.520 22 0.400 0.239 0.512 0.439
144.560 22 0.397 0.242 0.511 0.444
144.600 22 0.398 0.244 0.514 0.447
144.640 22 0.398 0.250 0.512 0.453
144.680 22 0.403 0.253 0.516 0.456
144.720 22 0.406 0.256 0.520 0.461
144.760 22 0.406 0.256 0.523 0.464
144.800 22 0.406 0.258 0.525 0.467
144.840 22 0.406 0.258 0.523 0.467
144.880 22 0.405 0.258 0.522 0.467
144.920 22 0.405 0.253 0.525 0.464
144.960 22 0.405 0.247 0.527 0.464
145.000 22 0.408 0.242 0.525 0.450
145.040 22 0.406 0.219 0.523 0.431
145.080 22 0.405 0.214 0.525 0.431
145.120 22 0.403 0.208 0.523 0.428
145.160 22 0.400 0.208 0.522 0.425
145.200 22 0.397 0.206 0.519 0.425
145.240 22 0.395 0.208 0.516 0.425
145.280 22 0.394 0.211 0.514 0.422
145.320 22 0.391 0.208 0.509 0.425
145.360 22 0.391 0.208 0.511 0.422
145.400 22 0.388 0.206 0.506 0.422
145.440 22 0.388 0.206 0.509 0.425
145.480 22 0.384 0.211 0.505 0.425
145.520 22 0.386 0.211 0.509 0.431
145.560 22 0.384 0.217 0.503 0.431
145.600 22 0.386 0.217 0.505 0.431
145.640 22 0.384 0.214 0.505 0.428
145.680 22 0.386 0.208 0.505 0.422
145.720 22 0.384 0.206 0.503 0.419
145.760 22 0.381 0.203 0.502 0.417
145.800 22 0.381 0.206 0.498 0.417
145.840 22 0.381 0.206 0.498 0.417
145.880 22 0.384 0.208 0.500 0.419
145.920 22 0.386 0.217 0.500 0.422
145.960 22 0.392 0.225 0.506 0.428
146.000 22 0.395 0.219 0.511 0.428
146.040 22 0.403 0.228 0.519 0.433
146.080 22 0.403 0.231 0.520 0.442
146.120 22 0.408 0.233 0.527 0.444
146.160 22 0.417 0.239 0.534 0.450
146.200 22 0.419 0.236 0.537 0.447
146.240 22 0.422 0.236 0.541 0.447
146.280 22 0.425 0.233 0.544 0.447
146.320 22 0.430 0.231 0.548 0.442
146.360 22 0.431 0.219 0.552 0.433
146.400 22 0.434 0.219 0.550 0.428
146.440 22 0.438 0.217 0.553 0.425
146.480 22 0.436 0.219 0.552 0.425
146.520 22 0.439 0.222 0.552 0.425
146.560 22 0.441 0.225 0.553 0.428
146.600 22 0.438 0.225 0.552 0.431
146.640 22 0.438 0.225 0.553 0.431
146.680 22 0.433 0.225 0.548 0.431
146.720 22 0.433 0.225 0.547 0.428
146.760 22 0.428 0.228 0.542 0.431
146.800 22 0.423 0.228 0.537 0.431
146.840 22 0.422 0.225 0.536 0.431
146.880 22 0.416 0.225 0.530 0.428
146.920 22 0.416 0.225 0.528 0.428
146.960 22 0.408 0.219 0.523 0.428
147.000 22 0.408 0.219 0.525 0.428
147.040 22 0.403 0.225 0.519 0.433
147.080 22 0.398 0.225 0.516 0.433
147.120 22 0.398 0.222 0.516 0.433
147.160 22 0.394 0.225 0.511 0.436
147.200 22 0.394 0.231 0.511 0.439
147.240 22 0.391 0.233 0.506 0.439
147.280 22 0.394 0.239 0.509 0.450
147.320 22 0.391 0.247 0.508 0.456
147.360 22 0.392 0.247 0.509 0.458
147.400 22 0.392 0.242 0.511 0.456
147.440 22 0.394 0.233 0.512 0.447
147.480 22 0.395 0.222 0.514 0.436
147.520 22 0.395 0.219 0.514 0.433
147.560 22 0.398 0.217 0.517 0.431
147.600 22 0.397 0.214 0.516 0.428
147.640 22 0.398 0.211 0.520 0.428
147.680 22 0.395 0.206 0.517 0.425
147.720 22 0.397 0.203 0.519 0.422
147.760 22 0.391 0.200 0.514 0.422
147.800 22 0.389 0.206 0.514 0.428
147.840 22 0.391 0.211 0.514 0.433
147.880 22 0.388 0.214 0.512 0.439
147.920 22 0.394 0.219 0.519 0.442
147.960 22 0.392 0.228 0.516 0.447
148.000 22 0.395 0.242 0.511 0.450
148.040 22 0.397 0.233 0.512 0.444
148.080 22 0.402 0.228 0.516 0.436
148.120 22 0.405 0.219 0.523 0.431
148.160 22 0.412 0.214 0.530 0.422
148.200 22 0.417 0.211 0.537 0.428
148.240 22 0.428 0.225 0.547 0.439
148.280 22 0.433 0.236 0.550 0.444
148.320 22 0.439 0.244 0.558 0.456
148.360 22 0.448 0.253 0.566 0.464
148.400 22 0.459 0.261 0.573 0.469
148.440 22 0.467 0.267 0.584 0.478
148.480 22 0.475 0.264 0.594 0.478
148.520 22 0.484 0.256 0.603 0.472
148.560 22 0.498 0.244 0.619 0.461
147.600 23 0.178 0.650 0.231 0.744
147.640 23 0.172 0.664 0.225 0.756
147.680 23 0.166 0.675 0.219 0.767
147.720 23 0.158 0.683 0.211 0.781
147.760 23 0.150 0.694 0.203 0.792
147.800 23 0.141 0.697 0.194 0.794
147.840 23 0.133 0.697 0.188 0.794
147.880 23 0.127 0.697 0.181 0.794
147.920 23 0.120 0.692 0.175 0.789
147.960 23 0.111 0.692 0.167 0.792
148.000 23 0.102 0.694 0.158 0.794
148.040 23 0.094 0.700 0.150 0.800
148.080 23 0.084 0.703 0.142 0.803
148.120 23 0.078 0.708 0.133 0.808
148.160 23 0.070 0.714 0.127 0.814
148.200 23 0.064 0.719 0.119 0.817
148.920 24 0.688 -0.025 0.884 0.364
148.960 24 0.719 -0.042 0.919 0.353
149.000 24 0.752 -0.056 0.953 0.342
149.040 24 0.787 -0.072 0.994 0.333
149.080 24 0.827 -0.086 1.033 0.319
