28.360 0 0.473 0.228 0.592 0.439
28.400 0 0.469 0.228 0.588 0.439
28.440 0 0.469 0.228 0.589 0.442
28.480 0 0.464 0.228 0.584 0.442
28.520 0 0.464 0.231 0.581 0.439
28.560 0 0.463 0.228 0.580 0.436
28.600 0 0.461 0.228 0.578 0.436
28.640 0 0.463 0.231 0.578 0.436
28.680 0 0.458 0.231 0.577 0.439
28.720 0 0.459 0.233 0.578 0.442
28.760 0 0.456 0.233 0.573 0.442
28.800 0 0.455 0.233 0.572 0.442
28.840 0 0.459 0.233 0.575 0.442
28.880 0 0.453 0.233 0.569 0.439
28.920 0 0.456 0.228 0.573 0.436
28.960 0 0.456 0.228 0.572 0.433
29.000 0 0.459 0.219 0.577 0.428
29.040 0 0.456 0.203 0.583 0.428
29.080 0 0.459 0.203 0.588 0.428
29.120 0 0.461 0.203 0.589 0.428
29.160 0 0.466 0.203 0.592 0.428
29.200 0 0.470 0.206 0.597 0.428
29.240 0 0.477 0.206 0.603 0.431
29.280 0 0.480 0.211 0.605 0.433
29.320 0 0.486 0.214 0.613 0.436
29.360 0 0.487 0.217 0.613 0.439
29.400 0 0.495 0.217 0.620 0.439
29.440 0 0.495 0.214 0.623 0.442
29.480 0 0.502 0.217 0.630 0.444
29.520 0 0.503 0.219 0.633 0.450
29.560 0 0.503 0.222 0.634 0.453
29.600 0 0.503 0.222 0.633 0.453
29.640 0 0.505 0.219 0.634 0.450
29.680 0 0.503 0.217 0.633 0.447
29.720 0 0.505 0.211 0.634 0.444
29.760 0 0.506 0.214 0.634 0.442
29.800 0 0.502 0.214 0.631 0.444
29.840 0 0.503 0.217 0.633 0.444
29.880 0 0.505 0.217 0.634 0.447
29.920 0 0.505 0.217 0.636 0.450
29.960 0 0.508 0.219 0.639 0.453
30.000 0 0.505 0.208 0.645 0.458
30.040 0 0.505 0.211 0.647 0.464
30.080 0 0.506 0.211 0.647 0.461
30.120 0 0.509 0.214 0.647 0.461
30.160 0 0.512 0.214 0.650 0.461
30.200 0 0.508 0.214 0.647 0.461
30.240 0 0.508 0.211 0.648 0.461
30.280 0 0.503 0.208 0.644 0.461
30.320 0 0.505 0.208 0.645 0.458
30.360 0 0.500 0.206 0.642 0.461
30.400 0 0.502 0.203 0.645 0.461
30.440 0 0.494 0.200 0.637 0.458
30.480 0 0.491 0.200 0.634 0.456
30.520 0 0.486 0.197 0.628 0.453
30.560 0 0.489 0.203 0.630 0.453
30.600 0 0.483 0.203 0.625 0.458
30.640 0 0.486 0.208 0.627 0.458
30.680 0 0.480 0.206 0.622 0.458
30.720 0 0.483 0.211 0.622 0.458
30.760 0 0.478 0.208 0.619 0.461
30.800 0 0.483 0.208 0.623 0.464
30.840 0 0.480 0.206 0.622 0.461
30.880 0 0.484 0.206 0.627 0.461
30.920 0 0.486 0.206 0.628 0.458
30.960 0 0.487 0.203 0.630 0.458
31.000 0 0.491 0.208 0.630 0.458
31.040 0 0.492 0.200 0.631 0.447
31.080 0 0.497 0.197 0.634 0.444
31.120 0 0.498 0.197 0.636 0.442
31.160 0 0.498 0.194 0.633 0.439
31.200 0 0.503 0.194 0.636 0.433
31.240 0 0.500 0.192 0.636 0.433
31.280 0 0.500 0.189 0.637 0.433
31.320 0 0.500 0.189 0.637 0.433
31.360 0 0.498 0.189 0.637 0.436
31.400 0 0.497 0.189 0.636 0.439
31.440 0 0.495 0.189 0.634 0.439
31.480 0 0.500 0.189 0.637 0.436
31.520 0 0.495 0.189 0.633 0.436
31.560 0 0.498 0.189 0.636 0.436
31.600 0 0.497 0.189 0.634 0.436
31.640 0 0.495 0.189 0.634 0.436
31.680 0 0.500 0.192 0.636 0.433
31.720 0 0.498 0.192 0.633 0.433
31.760 0 0.497 0.189 0.634 0.436
31.800 0 0.498 0.189 0.634 0.433
31.840 0 0.497 0.186 0.637 0.433
31.880 0 0.498 0.186 0.637 0.433
31.920 0 0.500 0.186 0.639 0.436
31.960 0 0.503 0.186 0.642 0.436
32.000 0 0.505 0.181 0.645 0.431
32.040 0 0.512 0.192 0.647 0.433
32.080 0 0.519 0.194 0.655 0.439
32.120 0 0.522 0.200 0.659 0.447
32.160 0 0.523 0.206 0.661 0.450
32.200 0 0.523 0.206 0.659 0.450
32.240 0 0.527 0.206 0.664 0.447
32.280 0 0.528 0.203 0.667 0.450
32.320 0 0.530 0.203 0.667 0.447
32.360 0 0.528 0.200 0.667 0.447
32.400 0 0.527 0.197 0.664 0.442
32.440 0 0.527 0.194 0.664 0.436
32.480 0 0.527 0.189 0.664 0.436
32.520 0 0.523 0.183 0.664 0.433
32.560 0 0.520 0.181 0.661 0.431
32.600 0 0.520 0.181 0.659 0.428
32.640 0 0.517 0.181 0.656 0.428
32.680 0 0.511 0.181 0.652 0.428
32.720 0 0.509 0.181 0.650 0.431
32.760 0 0.508 0.183 0.648 0.433
32.800 0 0.505 0.181 0.645 0.431
32.840 0 0.506 0.181 0.647 0.431
32.880 0 0.502 0.178 0.644 0.431
32.920 0 0.503 0.178 0.645 0.428
32.960 0 0.502 0.175 0.644 0.428
33.000 0 0.505 0.181 0.645 0.431
33.040 0 0.511 0.181 0.650 0.428
33.080 0 0.506 0.183 0.647 0.433
33.120 0 0.502 0.189 0.642 0.439
33.160 0 0.494 0.192 0.634 0.442
33.200 0 0.489 0.192 0.630 0.442
33.240 0 0.495 0.189 0.637 0.442
33.280 0 0.498 0.194 0.639 0.442
33.320 0 0.503 0.192 0.644 0.442
33.360 0 0.505 0.186 0.647 0.439
33.400 0 0.506 0.181 0.647 0.433
33.440 0 0.508 0.178 0.650 0.433
33.480 0 0.511 0.181 0.652 0.431
33.520 0 0.516 0.181 0.655 0.428
33.560 0 0.514 0.178 0.655 0.425
33.600 0 0.519 0.175 0.659 0.422
33.640 0 0.519 0.172 0.659 0.422
33.680 0 0.519 0.172 0.659 0.422
33.720 0 0.516 0.172 0.659 0.425
33.760 0 0.514 0.172 0.656 0.428
33.800 0 0.512 0.172 0.655 0.428
33.840 0 0.511 0.175 0.653 0.428
33.880 0 0.508 0.175 0.650 0.428
33.920 0 0.506 0.178 0.648 0.428
33.960 0 0.503 0.178 0.645 0.433
34.000 0 0.505 0.181 0.645 0.431
34.040 0 0.500 0.183 0.639 0.431
34.080 0 0.498 0.183 0.637 0.433
34.120 0 0.495 0.183 0.637 0.436
34.160 0 0.498 0.189 0.641 0.439
34.200 0 0.494 0.189 0.636 0.439
34.240 0 0.494 0.189 0.636 0.439
34.280 0 0.495 0.186 0.637 0.439
34.320 0 0.494 0.183 0.636 0.436
34.360 0 0.497 0.181 0.639 0.433
34.400 0 0.494 0.178 0.636 0.431
34.440 0 0.495 0.175 0.636 0.428
34.480 0 0.498 0.175 0.637 0.425
34.520 0 0.500 0.175 0.641 0.425
34.560 0 0.498 0.175 0.639 0.425
34.600 0 0.500 0.178 0.639 0.425
34.640 0 0.502 0.178 0.641 0.428
34.680 0 0.502 0.178 0.642 0.431
34.720 0 0.502 0.178 0.642 0.428
34.760 0 0.502 0.178 0.642 0.428
34.800 0 0.505 0.178 0.647 0.431
34.840 0 0.503 0.178 0.645 0.431
34.880 0 0.505 0.175 0.648 0.431
34.920 0 0.508 0.178 0.650 0.431
34.960 0 0.506 0.178 0.650 0.431
35.000 0 0.505 0.181 0.645 0.431
35.040 0 0.503 0.175 0.647 0.431
35.080 0 0.505 0.175 0.648 0.428
35.120 0 0.505 0.172 0.650 0.428
35.160 0 0.508 0.172 0.652 0.428
35.200 0 0.506 0.172 0.650 0.428
35.240 0 0.511 0.175 0.655 0.433
35.280 0 0.508 0.181 0.653 0.436
35.320 0 0.512 0.178 0.656 0.433
35.360 0 0.509 0.172 0.653 0.431
35.400 0 0.512 0.172 0.658 0.428
35.440 0 0.511 0.172 0.655 0.428
35.480 0 0.512 0.172 0.658 0.431
35.520 0 0.512 0.175 0.656 0.431
35.560 0 0.511 0.175 0.656 0.431
35.600 0 0.511 0.172 0.656 0.431
35.640 0 0.512 0.172 0.656 0.431
35.680 0 0.512 0.172 0.656 0.431
35.720 0 0.512 0.172 0.656 0.428
35.760 0 0.512 0.169 0.656 0.425
35.800 0 0.511 0.167 0.656 0.425
35.840 0 0.511 0.169 0.656 0.425
35.880 0 0.511 0.172 0.655 0.428
35.920 0 0.509 0.175 0.653 0.431
35.960 0 0.508 0.178 0.652 0.433
36.000 0 0.505 0.181 0.645 0.431
36.040 0 0.503 0.169 0.652 0.436
36.080 0 0.502 0.169 0.648 0.436
36.120 0 0.500 0.169 0.648 0.433
36.160 0 0.500 0.169 0.648 0.433
36.200 0 0.500 0.167 0.648 0.433
36.240 0 0.502 0.167 0.650 0.433
36.280 0 0.498 0.164 0.650 0.433
36.320 0 0.503 0.164 0.652 0.431
36.360 0 0.502 0.161 0.650 0.425
36.400 0 0.503 0.161 0.650 0.425
36.440 0 0.505 0.164 0.653 0.428
36.480 0 0.502 0.161 0.648 0.425
36.520 0 0.503 0.161 0.652 0.428
36.560 0 0.500 0.164 0.648 0.428
36.600 0 0.502 0.164 0.652 0.431
36.640 0 0.498 0.164 0.647 0.431
36.680 0 0.498 0.164 0.647 0.431
36.720 0 0.492 0.161 0.644 0.431
36.760 0 0.494 0.158 0.644 0.428
36.800 0 0.489 0.156 0.641 0.428
36.840 0 0.491 0.156 0.642 0.428
36.880 0 0.486 0.158 0.637 0.431
36.920 0 0.487 0.161 0.641 0.436
36.960 0 0.481 0.167 0.636 0.442
37.000 0 0.477 0.150 0.644 0.450
37.040 0 0.481 0.156 0.644 0.447
37.080 0 0.483 0.153 0.645 0.442
37.120 0 0.486 0.153 0.647 0.442
37.160 0 0.489 0.156 0.648 0.442
37.200 0 0.491 0.150 0.650 0.439
37.240 0 0.495 0.147 0.656 0.436
37.280 0 0.500 0.147 0.659 0.433
37.320 0 0.502 0.150 0.661 0.436
37.360 0 0.508 0.150 0.664 0.428
37.400 0 0.500 0.144 0.655 0.422
37.440 0 0.505 0.144 0.661 0.422
37.480 0 0.497 0.142 0.655 0.425
37.520 0 0.498 0.142 0.659 0.431
37.560 0 0.497 0.147 0.658 0.433
37.600 0 0.498 0.150 0.659 0.442
37.640 0 0.494 0.156 0.653 0.442
37.680 0 0.495 0.158 0.653 0.439
37.720 0 0.492 0.156 0.650 0.439
37.760 0 0.494 0.156 0.655 0.442
37.800 0 0.497 0.156 0.655 0.439
37.840 0 0.495 0.156 0.655 0.439
37.880 0 0.494 0.153 0.653 0.436
37.920 0 0.494 0.150 0.655 0.436
37.960 0 0.495 0.150 0.656 0.439
38.000 0 0.495 0.150 0.662 0.450
38.040 0 0.500 0.150 0.659 0.433
38.080 0 0.503 0.156 0.656 0.431
38.120 0 0.500 0.158 0.655 0.436
38.160 0 0.505 0.167 0.658 0.439
38.200 0 0.498 0.167 0.653 0.442
38.240 0 0.503 0.161 0.659 0.439
38.280 0 0.505 0.158 0.656 0.433
38.320 0 0.509 0.158 0.661 0.428
38.360 0 0.511 0.153 0.664 0.425
38.400 0 0.512 0.153 0.664 0.422
38.440 0 0.512 0.147 0.667 0.425
38.480 0 0.512 0.147 0.669 0.425
38.520 0 0.514 0.150 0.669 0.428
38.560 0 0.517 0.150 0.670 0.425
38.600 0 0.514 0.150 0.667 0.422
38.640 0 0.516 0.142 0.675 0.428
38.680 0 0.514 0.144 0.672 0.425
38.720 0 0.517 0.147 0.672 0.422
38.760 0 0.517 0.147 0.670 0.422
38.800 0 0.519 0.150 0.670 0.419
38.840 0 0.512 0.147 0.667 0.422
38.880 0 0.517 0.150 0.669 0.422
38.920 0 0.511 0.147 0.666 0.425
38.960 0 0.516 0.150 0.667 0.422
39.000 0 0.520 0.153 0.661 0.403
39.040 0 0.519 0.156 0.662 0.411
39.080 0 0.522 0.158 0.662 0.411
39.120 0 0.517 0.156 0.659 0.408
39.160 0 0.522 0.158 0.664 0.411
39.200 0 0.516 0.156 0.658 0.411
39.240 0 0.519 0.158 0.661 0.411
39.280 0 0.517 0.158 0.658 0.411
39.320 0 0.519 0.161 0.659 0.414
39.360 0 0.514 0.161 0.655 0.414
39.400 0 0.516 0.164 0.656 0.414
39.440 0 0.511 0.164 0.653 0.417
39.480 0 0.512 0.167 0.653 0.417
39.520 0 0.508 0.167 0.648 0.417
39.560 0 0.509 0.169 0.650 0.419
39.600 0 0.502 0.167 0.644 0.419
39.640 0 0.505 0.167 0.645 0.419
39.680 0 0.502 0.169 0.642 0.419
39.720 0 0.498 0.169 0.637 0.417
39.760 0 0.497 0.169 0.636 0.417
39.800 0 0.495 0.172 0.634 0.419
39.840 0 0.494 0.172 0.633 0.419
39.880 0 0.492 0.172 0.631 0.422
39.920 0 0.491 0.175 0.630 0.422
39.960 0 0.491 0.175 0.630 0.425
40.000 0 0.491 0.181 0.630 0.431
40.040 0 0.489 0.183 0.628 0.433
40.080 0 0.491 0.186 0.628 0.436
40.120 0 0.491 0.192 0.628 0.439
40.160 0 0.491 0.192 0.628 0.439
40.200 0 0.489 0.189 0.627 0.436
40.240 0 0.492 0.186 0.631 0.436
40.280 0 0.492 0.186 0.630 0.436
40.320 0 0.492 0.186 0.631 0.436
40.360 0 0.494 0.186 0.631 0.436
40.400 0 0.492 0.186 0.631 0.436
40.440 0 0.492 0.186 0.630 0.436
40.480 0 0.492 0.186 0.630 0.436
40.520 0 0.491 0.186 0.630 0.436
40.560 0 0.489 0.183 0.628 0.436
40.600 0 0.491 0.183 0.631 0.433
40.640 0 0.487 0.181 0.628 0.433
40.680 0 0.491 0.181 0.631 0.433
40.720 0 0.487 0.181 0.628 0.431
40.760 0 0.492 0.178 0.633 0.431
40.800 0 0.489 0.178 0.630 0.431
40.840 0 0.492 0.178 0.633 0.431
40.880 0 0.489 0.178 0.630 0.431
40.920 0 0.494 0.178 0.634 0.431
40.960 0 0.491 0.178 0.631 0.431
41.000 0 0.491 0.181 0.630 0.431
41.040 0 0.491 0.178 0.630 0.431
41.080 0 0.489 0.178 0.628 0.431
41.120 0 0.489 0.181 0.630 0.431
41.160 0 0.491 0.181 0.630 0.431
41.200 0 0.491 0.181 0.631 0.433
41.240 0 0.489 0.181 0.631 0.433
41.280 0 0.492 0.181 0.633 0.436
41.320 0 0.489 0.181 0.630 0.436
41.360 0 0.492 0.181 0.634 0.436
41.400 0 0.487 0.181 0.631 0.436
41.440 0 0.491 0.181 0.636 0.442
41.480 0 0.487 0.183 0.634 0.447
41.520 0 0.487 0.186 0.633 0.447
41.560 0 0.484 0.183 0.633 0.450
41.600 0 0.487 0.183 0.633 0.444
41.640 0 0.486 0.181 0.630 0.439
41.680 0 0.491 0.181 0.633 0.436
41.720 0 0.489 0.181 0.630 0.433
41.760 0 0.492 0.181 0.634 0.433
41.800 0 0.491 0.178 0.631 0.433
41.840 0 0.492 0.181 0.633 0.433
41.880 0 0.492 0.181 0.633 0.433
41.920 0 0.492 0.181 0.633 0.431
41.960 0 0.492 0.181 0.633 0.431
42.000 0 0.491 0.181 0.630 0.431
42.040 0 0.495 0.186 0.633 0.431
42.080 0 0.494 0.183 0.630 0.428
42.120 0 0.495 0.178 0.636 0.431
42.160 0 0.495 0.178 0.633 0.428
42.200 0 0.498 0.178 0.637 0.428
42.240 0 0.495 0.178 0.634 0.428
42.280 0 0.497 0.181 0.636 0.431
42.320 0 0.494 0.183 0.633 0.433
42.360 0 0.498 0.186 0.637 0.436
42.400 0 0.494 0.186 0.634 0.439
42.440 0 0.497 0.186 0.636 0.439
42.480 0 0.492 0.186 0.633 0.439
42.520 0 0.497 0.186 0.636 0.439
42.560 0 0.492 0.186 0.633 0.436
42.600 0 0.494 0.186 0.634 0.436
42.640 0 0.492 0.183 0.633 0.436
42.680 0 0.491 0.181 0.631 0.433
42.720 0 0.491 0.181 0.631 0.431
42.760 0 0.491 0.178 0.630 0.431
42.800 0 0.491 0.178 0.631 0.431
42.840 0 0.491 0.178 0.631 0.431
42.880 0 0.491 0.178 0.631 0.431
42.920 0 0.489 0.178 0.631 0.431
42.960 0 0.489 0.178 0.630 0.431
43.000 0 0.491 0.181 0.630 0.431
43.040 0 0.483 0.178 0.625 0.433
43.080 0 0.489 0.181 0.630 0.433
43.120 0 0.487 0.183 0.628 0.433
43.160 0 0.494 0.183 0.633 0.436
43.200 0 0.487 0.183 0.630 0.436
43.240 0 0.491 0.181 0.633 0.436
43.280 0 0.491 0.181 0.633 0.436
43.320 0 0.491 0.175 0.634 0.436
43.360 0 0.489 0.172 0.634 0.433
43.400 0 0.491 0.169 0.636 0.431
43.440 0 0.486 0.169 0.633 0.433
43.480 0 0.489 0.172 0.636 0.436
43.520 0 0.484 0.175 0.631 0.442
43.560 0 0.486 0.178 0.633 0.442
43.600 0 0.481 0.175 0.628 0.439
43.640 0 0.484 0.172 0.633 0.439
43.680 0 0.484 0.172 0.631 0.436
43.720 0 0.483 0.175 0.628 0.439
43.760 0 0.480 0.175 0.623 0.436
43.800 0 0.481 0.175 0.625 0.433
43.840 0 0.478 0.172 0.620 0.431
43.880 0 0.483 0.175 0.623 0.431
43.920 0 0.478 0.178 0.620 0.431
43.960 0 0.481 0.178 0.622 0.431
44.000 0 0.475 0.181 0.614 0.431
44.040 0 0.473 0.186 0.608 0.428
44.080 0 0.473 0.183 0.611 0.431
44.120 0 0.475 0.178 0.616 0.431
44.160 0 0.473 0.178 0.614 0.431
44.200 0 0.480 0.181 0.617 0.428
44.240 0 0.473 0.178 0.611 0.428
44.280 0 0.478 0.183 0.616 0.428
44.320 0 0.477 0.178 0.614 0.425
44.360 0 0.475 0.175 0.613 0.422
44.400 0 0.475 0.175 0.613 0.422
44.440 0 0.475 0.172 0.613 0.419
44.480 0 0.480 0.175 0.616 0.419
44.520 0 0.473 0.169 0.613 0.419
44.560 0 0.475 0.172 0.614 0.422
44.600 0 0.475 0.172 0.614 0.422
55.400 1 0.322 -0.211 0.600 0.336
55.440 1 0.314 -0.200 0.592 0.347
55.480 1 0.320 -0.194 0.600 0.356
55.520 1 0.311 -0.189 0.595 0.369
55.560 1 0.311 -0.181 0.595 0.378
55.600 1 0.311 -0.172 0.595 0.389
55.640 1 0.311 -0.161 0.595 0.400
55.680 1 0.317 -0.153 0.603 0.408
55.720 1 0.311 -0.142 0.595 0.419
55.760 1 0.314 -0.131 0.598 0.431
55.800 1 0.300 -0.131 0.592 0.444
55.840 1 0.312 -0.136 0.613 0.453
55.880 1 0.303 -0.106 0.591 0.461
55.920 1 0.314 -0.100 0.605 0.472
55.960 1 0.308 -0.089 0.598 0.483
56.000 1 0.308 -0.081 0.598 0.492
56.040 1 0.297 -0.086 0.617 0.514
56.080 1 0.302 -0.078 0.625 0.522
56.120 1 0.295 -0.078 0.625 0.536
56.160 1 0.294 -0.072 0.630 0.556
56.200 1 0.300 -0.047 0.622 0.553
56.240 1 0.298 -0.042 0.630 0.575
56.280 1 0.303 -0.031 0.627 0.572
56.320 1 0.298 -0.025 0.622 0.581
56.360 1 0.297 -0.014 0.620 0.589
56.400 1 0.297 -0.003 0.619 0.600
56.440 1 0.308 0.008 0.630 0.608
56.480 1 0.298 0.017 0.620 0.617
56.520 1 0.305 0.031 0.625 0.625
56.560 1 0.297 0.039 0.617 0.636
56.600 1 0.300 0.047 0.620 0.644
56.640 1 0.300 0.047 0.625 0.653
56.680 1 0.294 0.064 0.614 0.661
56.720 1 0.308 0.072 0.628 0.669
56.760 1 0.302 0.092 0.616 0.678
56.800 1 0.308 0.092 0.627 0.683
56.840 1 0.298 0.092 0.620 0.692
56.880 1 0.305 0.103 0.623 0.697
56.920 1 0.298 0.111 0.616 0.703
56.960 1 0.302 0.117 0.619 0.711
57.000 1 0.294 0.108 0.642 0.728
57.040 1 0.291 0.122 0.639 0.742
57.080 1 0.297 0.128 0.645 0.747
57.120 1 0.294 0.133 0.642 0.753
57.160 1 0.294 0.139 0.642 0.758
57.200 1 0.295 0.144 0.641 0.761
57.240 1 0.294 0.147 0.642 0.767
57.280 1 0.291 0.153 0.637 0.772
57.320 1 0.297 0.158 0.645 0.775
57.360 1 0.294 0.161 0.641 0.778
57.400 1 0.289 0.164 0.637 0.783
57.440 1 0.294 0.167 0.642 0.786
57.480 1 0.294 0.169 0.641 0.786
57.520 1 0.289 0.169 0.637 0.789
57.560 1 0.294 0.172 0.641 0.789
57.600 1 0.298 0.172 0.644 0.789
57.640 1 0.294 0.181 0.636 0.789
57.680 1 0.297 0.172 0.645 0.789
57.720 1 0.294 0.172 0.641 0.789
57.760 1 0.294 0.172 0.641 0.792
57.800 1 0.294 0.172 0.641 0.789
57.840 1 0.294 0.172 0.642 0.792
57.880 1 0.294 0.169 0.642 0.789
57.920 1 0.294 0.169 0.642 0.789
57.960 1 0.294 0.169 0.642 0.789
58.000 1 0.294 0.178 0.642 0.797
58.040 1 0.294 0.178 0.642 0.797
58.080 1 0.294 0.178 0.642 0.797
58.120 1 0.294 0.178 0.642 0.797
58.160 1 0.294 0.178 0.642 0.797
58.200 1 0.292 0.178 0.641 0.794
58.240 1 0.294 0.178 0.641 0.797
58.280 1 0.292 0.178 0.641 0.794
58.320 1 0.294 0.178 0.642 0.797
58.360 1 0.294 0.178 0.641 0.794
58.400 1 0.294 0.175 0.641 0.794
58.440 1 0.294 0.178 0.641 0.794
58.480 1 0.294 0.178 0.641 0.794
58.520 1 0.294 0.175 0.641 0.794
58.560 1 0.294 0.178 0.641 0.794
61.560 2 0.394 0.183 0.589 0.531
61.600 2 0.398 0.183 0.598 0.539
61.640 2 0.391 0.183 0.589 0.539
61.680 2 0.397 0.181 0.600 0.542
61.720 2 0.392 0.181 0.595 0.542
61.760 2 0.394 0.183 0.589 0.531
61.800 2 0.398 0.183 0.597 0.539
61.840 2 0.389 0.183 0.588 0.536
61.880 2 0.395 0.183 0.594 0.536
61.920 2 0.389 0.186 0.588 0.539
61.960 2 0.395 0.181 0.600 0.544
62.000 2 0.392 0.183 0.594 0.542
62.040 2 0.391 0.175 0.597 0.544
62.080 2 0.391 0.181 0.594 0.542
62.120 2 0.388 0.178 0.591 0.539
62.160 2 0.395 0.183 0.595 0.542
62.200 2 0.389 0.183 0.591 0.539
62.240 2 0.391 0.181 0.594 0.542
62.280 2 0.391 0.178 0.597 0.542
62.320 2 0.389 0.181 0.591 0.542
62.360 2 0.394 0.181 0.597 0.542
62.400 2 0.392 0.183 0.594 0.542
62.440 2 0.392 0.183 0.594 0.542
62.480 2 0.392 0.183 0.594 0.542
62.520 2 0.392 0.183 0.594 0.542
62.560 2 0.389 0.183 0.591 0.539
62.600 2 0.394 0.183 0.595 0.542
62.640 2 0.388 0.181 0.589 0.536
62.680 2 0.397 0.186 0.597 0.539
62.720 2 0.389 0.183 0.591 0.542
62.760 2 0.394 0.183 0.597 0.542
62.800 2 0.389 0.183 0.591 0.542
62.840 2 0.394 0.183 0.595 0.542
62.880 2 0.389 0.178 0.594 0.544
62.920 2 0.392 0.183 0.594 0.542
62.960 2 0.392 0.183 0.594 0.542
63.000 2 0.392 0.183 0.594 0.542
63.040 2 0.392 0.183 0.594 0.542
63.080 2 0.392 0.183 0.594 0.542
63.120 2 0.392 0.183 0.594 0.542
63.160 2 0.392 0.183 0.594 0.542
63.200 2 0.392 0.183 0.594 0.542
63.240 2 0.392 0.183 0.594 0.542
63.280 2 0.392 0.183 0.594 0.542
63.320 2 0.392 0.183 0.594 0.542
63.360 2 0.389 0.186 0.588 0.539
63.400 2 0.395 0.181 0.603 0.550
63.440 2 0.386 0.178 0.589 0.542
63.480 2 0.395 0.181 0.598 0.542
63.520 2 0.388 0.186 0.583 0.531
63.560 2 0.395 0.183 0.597 0.539
63.600 2 0.392 0.183 0.594 0.539
63.640 2 0.392 0.181 0.594 0.539
63.680 2 0.392 0.181 0.594 0.539
63.720 2 0.392 0.183 0.594 0.542
63.760 2 0.392 0.183 0.594 0.542
63.800 2 0.395 0.181 0.600 0.544
63.840 2 0.388 0.181 0.589 0.542
63.880 2 0.391 0.181 0.600 0.553
69.720 3 0.247 0.164 0.495 0.606
69.760 3 0.245 0.164 0.494 0.606
69.800 3 0.245 0.161 0.494 0.603
69.840 3 0.248 0.161 0.498 0.606
69.880 3 0.242 0.161 0.492 0.606
69.920 3 0.247 0.164 0.497 0.606
69.960 3 0.241 0.164 0.491 0.608
70.000 3 0.245 0.167 0.495 0.611
70.040 3 0.239 0.167 0.489 0.611
70.080 3 0.234 0.167 0.484 0.608
70.120 3 0.242 0.167 0.491 0.608
70.160 3 0.239 0.167 0.487 0.608
70.200 3 0.245 0.164 0.495 0.608
70.240 3 0.242 0.161 0.489 0.603
70.280 3 0.250 0.153 0.498 0.594
70.320 3 0.247 0.147 0.494 0.586
70.360 3 0.252 0.142 0.502 0.583
70.400 3 0.250 0.139 0.495 0.575
70.440 3 0.256 0.136 0.505 0.578
70.480 3 0.256 0.133 0.506 0.578
70.520 3 0.258 0.136 0.506 0.581
70.560 3 0.258 0.139 0.508 0.581
70.600 3 0.258 0.142 0.508 0.586
70.640 3 0.258 0.142 0.508 0.589
70.680 3 0.258 0.144 0.509 0.592
70.720 3 0.258 0.144 0.509 0.592
70.760 3 0.264 0.147 0.514 0.594
70.800 3 0.256 0.150 0.508 0.597
70.840 3 0.261 0.153 0.512 0.600
70.880 3 0.255 0.153 0.508 0.603
70.920 3 0.259 0.156 0.511 0.603
70.960 3 0.253 0.156 0.505 0.603
71.000 3 0.256 0.156 0.508 0.603
71.040 3 0.247 0.156 0.500 0.608
71.080 3 0.248 0.158 0.503 0.611
71.120 3 0.241 0.158 0.495 0.614
71.160 3 0.242 0.161 0.500 0.617
71.200 3 0.234 0.161 0.491 0.617
71.240 3 0.234 0.167 0.491 0.622
71.280 3 0.220 0.167 0.477 0.622
71.320 3 0.214 0.169 0.467 0.619
71.360 3 0.206 0.169 0.458 0.617
71.400 3 0.202 0.169 0.453 0.617
71.440 3 0.206 0.167 0.461 0.619
71.480 3 0.208 0.167 0.464 0.622
71.520 3 0.209 0.167 0.467 0.625
71.560 3 0.212 0.172 0.470 0.631
71.600 3 0.214 0.178 0.470 0.633
71.640 3 0.227 0.181 0.481 0.633
71.680 3 0.231 0.186 0.483 0.633
71.720 3 0.247 0.189 0.495 0.631
71.760 3 0.248 0.189 0.497 0.631
71.800 3 0.258 0.189 0.505 0.628
71.840 3 0.266 0.189 0.514 0.631
71.880 3 0.266 0.189 0.512 0.628
71.920 3 0.272 0.186 0.522 0.628
71.960 3 0.269 0.181 0.519 0.625
72.000 3 0.277 0.183 0.528 0.631
72.040 3 0.270 0.183 0.522 0.631
72.080 3 0.270 0.186 0.522 0.633
72.120 3 0.275 0.186 0.530 0.636
72.160 3 0.269 0.189 0.522 0.636
72.200 3 0.273 0.186 0.528 0.639
72.240 3 0.269 0.189 0.519 0.633
72.280 3 0.270 0.189 0.519 0.631
72.320 3 0.270 0.192 0.517 0.631
72.360 3 0.275 0.189 0.523 0.633
72.400 3 0.267 0.189 0.516 0.631
72.440 3 0.272 0.189 0.520 0.631
72.480 3 0.263 0.192 0.512 0.639
72.520 3 0.267 0.200 0.517 0.642
72.560 3 0.263 0.206 0.511 0.647
72.600 3 0.269 0.211 0.514 0.650
72.640 3 0.264 0.217 0.508 0.650
72.680 3 0.267 0.217 0.512 0.653
72.720 3 0.261 0.217 0.503 0.650
72.760 3 0.263 0.217 0.509 0.656
72.800 3 0.255 0.217 0.503 0.658
72.840 3 0.253 0.217 0.509 0.672
72.880 3 0.250 0.219 0.497 0.658
72.920 3 0.258 0.222 0.500 0.653
72.960 3 0.258 0.222 0.500 0.653
73.000 3 0.256 0.219 0.498 0.650
73.040 3 0.252 0.217 0.495 0.653
73.080 3 0.248 0.214 0.494 0.650
73.120 3 0.256 0.214 0.503 0.653
73.160 3 0.256 0.214 0.503 0.653
73.200 3 0.267 0.211 0.519 0.658
73.240 3 0.266 0.211 0.517 0.656
73.280 3 0.270 0.206 0.523 0.656
73.320 3 0.263 0.203 0.514 0.650
73.360 3 0.263 0.197 0.512 0.644
73.400 3 0.253 0.192 0.503 0.636
73.440 3 0.256 0.189 0.505 0.631
73.480 3 0.247 0.186 0.497 0.631
73.520 3 0.250 0.186 0.498 0.631
73.560 3 0.244 0.186 0.494 0.631
73.600 3 0.234 0.183 0.484 0.628
73.640 3 0.231 0.186 0.481 0.631
73.680 3 0.227 0.186 0.480 0.636
73.720 3 0.219 0.183 0.470 0.631
73.760 3 0.212 0.183 0.466 0.633
73.800 3 0.214 0.183 0.467 0.636
73.840 3 0.205 0.186 0.459 0.636
73.880 3 0.209 0.186 0.464 0.642
73.920 3 0.206 0.189 0.461 0.644
73.960 3 0.206 0.192 0.461 0.644
74.000 3 0.209 0.192 0.464 0.644
74.040 3 0.205 0.197 0.456 0.647
74.080 3 0.208 0.197 0.463 0.650
74.120 3 0.202 0.203 0.453 0.650
74.160 3 0.206 0.203 0.458 0.653
74.200 3 0.202 0.206 0.450 0.650
74.240 3 0.205 0.206 0.455 0.653
74.280 3 0.202 0.203 0.452 0.647
74.320 3 0.202 0.203 0.450 0.647
74.360 3 0.202 0.203 0.450 0.644
74.400 3 0.202 0.206 0.448 0.642
74.440 3 0.202 0.203 0.448 0.642
74.480 3 0.202 0.206 0.447 0.642
74.520 3 0.202 0.206 0.445 0.642
74.560 3 0.198 0.208 0.442 0.639
74.600 3 0.202 0.206 0.445 0.642
74.640 3 0.200 0.206 0.442 0.636
74.680 3 0.197 0.203 0.441 0.636
74.720 3 0.203 0.203 0.447 0.636
74.760 3 0.198 0.203 0.444 0.636
74.800 3 0.202 0.206 0.447 0.642
74.840 3 0.203 0.208 0.447 0.642
74.880 3 0.205 0.211 0.447 0.644
74.920 3 0.203 0.211 0.448 0.647
74.960 3 0.203 0.217 0.445 0.647
75.000 3 0.203 0.219 0.445 0.650
75.040 3 0.205 0.222 0.447 0.653
75.080 3 0.206 0.225 0.450 0.656
75.120 3 0.209 0.225 0.452 0.656
75.160 3 0.211 0.225 0.453 0.656
75.200 3 0.216 0.222 0.463 0.661
75.240 3 0.200 0.217 0.453 0.667
75.280 3 0.214 0.222 0.467 0.672
75.320 3 0.212 0.219 0.458 0.656
75.360 3 0.219 0.217 0.467 0.658
75.400 3 0.219 0.219 0.463 0.656
75.440 3 0.219 0.219 0.467 0.658
75.480 3 0.225 0.214 0.477 0.661
75.520 3 0.223 0.211 0.473 0.656
75.560 3 0.230 0.206 0.483 0.656
75.600 3 0.239 0.206 0.492 0.653
75.640 3 0.247 0.197 0.500 0.650
75.680 3 0.252 0.197 0.506 0.647
75.720 3 0.252 0.200 0.500 0.642
75.760 3 0.245 0.200 0.494 0.642
75.800 3 0.248 0.206 0.495 0.644
75.840 3 0.239 0.206 0.487 0.647
75.880 3 0.242 0.211 0.486 0.647
75.920 3 0.233 0.211 0.478 0.647
75.960 3 0.227 0.217 0.472 0.653
76.000 3 0.227 0.219 0.472 0.653
76.040 3 0.217 0.217 0.466 0.658
76.080 3 0.209 0.217 0.461 0.664
76.120 3 0.211 0.219 0.463 0.667
76.160 3 0.202 0.219 0.455 0.669
76.200 3 0.206 0.222 0.458 0.667
76.240 3 0.206 0.219 0.456 0.664
76.280 3 0.206 0.217 0.455 0.658
76.320 3 0.206 0.217 0.455 0.656
76.360 3 0.205 0.214 0.453 0.656
76.400 3 0.205 0.214 0.453 0.656
76.440 3 0.211 0.214 0.459 0.656
76.480 3 0.206 0.214 0.455 0.656
76.520 3 0.212 0.214 0.459 0.656
76.560 3 0.206 0.214 0.455 0.653
76.600 3 0.212 0.214 0.461 0.653
76.640 3 0.208 0.211 0.456 0.653
76.680 3 0.214 0.211 0.461 0.653
76.720 3 0.209 0.211 0.456 0.653
76.760 4 0.330 0.242 0.500 0.544
76.800 4 0.330 0.244 0.498 0.544
76.840 4 0.334 0.250 0.500 0.544
76.880 4 0.342 0.261 0.497 0.536
76.920 4 0.345 0.264 0.497 0.533
76.960 4 0.338 0.261 0.495 0.544
77.000 4 0.327 0.250 0.495 0.550
77.040 4 0.314 0.239 0.483 0.542
77.080 4 0.320 0.242 0.491 0.542
77.120 4 0.319 0.236 0.486 0.533
77.160 4 0.316 0.236 0.483 0.531
77.200 4 0.314 0.233 0.480 0.528
77.240 4 0.312 0.231 0.480 0.528
77.280 4 0.312 0.222 0.483 0.525
77.320 4 0.314 0.219 0.483 0.519
77.360 4 0.314 0.217 0.483 0.517
77.400 4 0.314 0.219 0.480 0.514
77.440 4 0.311 0.219 0.480 0.519
77.480 4 0.312 0.222 0.478 0.519
77.520 4 0.314 0.225 0.480 0.519
77.560 4 0.309 0.222 0.477 0.519
77.600 4 0.311 0.222 0.478 0.519
77.640 4 0.302 0.219 0.469 0.517
77.680 4 0.305 0.214 0.473 0.511
77.720 4 0.306 0.203 0.475 0.503
77.760 4 0.309 0.197 0.477 0.494
77.800 4 0.314 0.192 0.478 0.483
77.840 4 0.314 0.194 0.475 0.483
77.880 4 0.314 0.197 0.480 0.492
77.920 4 0.312 0.208 0.478 0.503
77.960 4 0.316 0.217 0.483 0.514
78.000 4 0.308 0.217 0.477 0.517
78.040 4 0.309 0.222 0.478 0.522
78.080 4 0.309 0.225 0.478 0.528
78.120 4 0.306 0.228 0.475 0.528
78.160 4 0.309 0.231 0.478 0.531
78.200 4 0.309 0.228 0.478 0.528
78.240 4 0.308 0.228 0.478 0.528
78.280 4 0.308 0.225 0.478 0.525
78.320 4 0.308 0.222 0.478 0.522
78.360 4 0.306 0.217 0.478 0.519
78.400 4 0.305 0.211 0.478 0.519
78.440 4 0.302 0.206 0.477 0.517
78.480 4 0.292 0.200 0.469 0.514
78.520 4 0.289 0.197 0.466 0.511
78.560 4 0.277 0.197 0.452 0.508
78.600 4 0.267 0.194 0.442 0.506
78.640 4 0.256 0.194 0.431 0.506
78.680 4 0.248 0.194 0.423 0.506
78.720 4 0.247 0.192 0.423 0.506
78.760 4 0.247 0.189 0.422 0.503
78.800 4 0.250 0.186 0.430 0.506
79.320 4 0.259 0.214 0.420 0.500
79.360 4 0.266 0.211 0.427 0.497
79.400 4 0.273 0.206 0.436 0.492
79.440 4 0.278 0.200 0.442 0.492
79.480 4 0.289 0.206 0.448 0.489
79.520 4 0.298 0.208 0.456 0.489
79.560 4 0.308 0.211 0.464 0.489
79.600 4 0.302 0.211 0.461 0.494
79.640 4 0.303 0.214 0.461 0.494
79.680 4 0.298 0.217 0.456 0.497
79.720 4 0.292 0.217 0.453 0.506
79.760 4 0.284 0.217 0.450 0.511
79.800 4 0.278 0.219 0.445 0.517
79.840 4 0.281 0.225 0.445 0.517
79.880 4 0.273 0.222 0.442 0.522
79.920 4 0.273 0.222 0.441 0.522
79.960 4 0.272 0.219 0.441 0.519
80.000 4 0.270 0.217 0.439 0.517
80.040 4 0.277 0.222 0.447 0.525
80.080 4 0.270 0.217 0.442 0.522
80.120 4 0.272 0.211 0.445 0.519
80.160 4 0.267 0.208 0.442 0.519
80.200 4 0.275 0.208 0.445 0.514
80.240 4 0.272 0.206 0.444 0.511
80.280 4 0.278 0.200 0.450 0.506
80.320 4 0.280 0.197 0.450 0.500
80.360 4 0.280 0.192 0.455 0.500
80.400 4 0.281 0.192 0.456 0.503
80.440 4 0.284 0.194 0.456 0.503
80.480 4 0.289 0.194 0.463 0.503
80.520 4 0.287 0.194 0.461 0.503
80.560 4 0.292 0.192 0.467 0.506
80.600 4 0.289 0.194 0.466 0.506
80.640 4 0.295 0.197 0.470 0.508
80.680 4 0.292 0.200 0.467 0.511
80.720 4 0.297 0.208 0.467 0.511
80.760 4 0.294 0.206 0.466 0.511
80.800 4 0.297 0.211 0.467 0.514
80.840 4 0.292 0.208 0.466 0.514
80.880 4 0.298 0.206 0.470 0.511
80.920 4 0.295 0.203 0.469 0.511
80.960 4 0.302 0.203 0.475 0.511
81.000 4 0.308 0.217 0.477 0.517
81.040 4 0.295 0.211 0.472 0.522
81.080 4 0.292 0.208 0.469 0.525
81.120 4 0.295 0.208 0.470 0.519
81.160 4 0.294 0.206 0.467 0.517
81.200 4 0.297 0.203 0.473 0.517
81.240 4 0.295 0.203 0.472 0.517
81.280 4 0.302 0.208 0.477 0.519
81.320 4 0.300 0.211 0.475 0.522
81.360 4 0.298 0.211 0.473 0.525
81.400 4 0.298 0.208 0.478 0.525
81.440 4 0.292 0.208 0.472 0.525
81.480 4 0.297 0.208 0.475 0.528
81.520 4 0.292 0.208 0.469 0.525
81.560 4 0.297 0.208 0.475 0.525
81.600 4 0.295 0.211 0.472 0.522
81.640 4 0.302 0.214 0.477 0.522
81.680 4 0.302 0.217 0.472 0.522
81.720 4 0.300 0.217 0.473 0.522
81.760 4 0.303 0.222 0.470 0.519
81.800 4 0.298 0.219 0.466 0.517
81.840 4 0.300 0.219 0.467 0.517
81.880 4 0.295 0.219 0.463 0.517
81.920 4 0.297 0.219 0.466 0.517
81.960 4 0.292 0.219 0.459 0.517
82.000 4 0.289 0.217 0.458 0.517
82.040 4 0.286 0.211 0.456 0.514
82.080 4 0.287 0.208 0.461 0.517
82.120 4 0.286 0.208 0.458 0.514
82.160 4 0.291 0.206 0.463 0.514
82.200 4 0.284 0.203 0.459 0.514
82.240 4 0.287 0.203 0.463 0.514
82.280 4 0.281 0.200 0.456 0.511
82.320 4 0.286 0.203 0.458 0.508
82.360 4 0.278 0.203 0.450 0.508
82.400 4 0.280 0.203 0.453 0.511
82.440 4 0.275 0.203 0.448 0.511
82.480 4 0.283 0.203 0.458 0.517
82.520 4 0.277 0.203 0.452 0.514
82.560 4 0.286 0.206 0.459 0.514
82.600 4 0.281 0.206 0.455 0.511
82.640 4 0.281 0.203 0.455 0.511
82.680 4 0.284 0.206 0.456 0.511
82.720 4 0.280 0.208 0.452 0.511
82.760 4 0.281 0.208 0.453 0.514
82.800 4 0.284 0.211 0.455 0.514
82.840 4 0.281 0.211 0.453 0.519
82.880 4 0.286 0.214 0.459 0.522
82.920 4 0.286 0.217 0.458 0.522
82.960 4 0.294 0.217 0.466 0.522
83.000 4 0.289 0.217 0.458 0.517
83.040 4 0.286 0.208 0.458 0.514
83.080 4 0.291 0.203 0.467 0.514
83.120 4 0.297 0.208 0.467 0.514
83.160 4 0.298 0.211 0.467 0.511
83.200 4 0.302 0.211 0.470 0.514
83.240 4 0.297 0.211 0.467 0.514
83.280 4 0.300 0.214 0.467 0.511
83.320 4 0.297 0.211 0.464 0.511
83.360 4 0.298 0.211 0.469 0.511
83.400 4 0.298 0.211 0.466 0.508
83.440 4 0.298 0.211 0.467 0.511
83.480 4 0.297 0.211 0.464 0.511
83.520 4 0.300 0.214 0.469 0.514
83.560 4 0.295 0.217 0.466 0.519
83.600 4 0.298 0.219 0.467 0.517
83.640 4 0.294 0.217 0.463 0.517
83.680 4 0.298 0.217 0.469 0.519
83.720 4 0.298 0.217 0.469 0.517
83.760 4 0.300 0.219 0.469 0.519
83.800 4 0.300 0.222 0.469 0.522
83.840 4 0.302 0.222 0.470 0.522
83.880 4 0.303 0.222 0.470 0.522
83.920 4 0.305 0.222 0.472 0.522
83.960 4 0.305 0.225 0.473 0.522
84.000 4 0.308 0.217 0.477 0.517
84.040 4 0.308 0.217 0.478 0.517
84.080 4 0.309 0.214 0.480 0.517
84.120 4 0.311 0.217 0.481 0.519
84.160 4 0.312 0.217 0.483 0.519
84.200 4 0.312 0.219 0.483 0.522
84.240 4 0.312 0.219 0.484 0.522
84.280 4 0.312 0.217 0.486 0.525
84.320 4 0.314 0.217 0.486 0.522
84.360 4 0.314 0.217 0.486 0.522
84.400 4 0.316 0.219 0.487 0.525
84.440 4 0.317 0.219 0.489 0.525
84.480 4 0.317 0.217 0.492 0.528
84.520 4 0.320 0.217 0.492 0.522
84.560 4 0.319 0.211 0.495 0.522
84.600 4 0.317 0.211 0.494 0.525
84.640 4 0.322 0.217 0.494 0.522
84.680 4 0.319 0.217 0.491 0.522
84.720 4 0.322 0.222 0.492 0.522
84.760 4 0.322 0.217 0.495 0.525
84.800 4 0.325 0.219 0.494 0.519
84.840 4 0.328 0.225 0.494 0.517
84.880 4 0.323 0.219 0.494 0.522
84.920 4 0.328 0.225 0.498 0.525
84.960 4 0.330 0.225 0.497 0.525
85.000 4 0.327 0.217 0.495 0.517
85.040 4 0.330 0.217 0.495 0.511
85.080 4 0.327 0.208 0.495 0.508
85.120 4 0.323 0.217 0.487 0.508
85.160 4 0.334 0.222 0.497 0.511
85.200 4 0.330 0.222 0.489 0.508
78.600 5 0.292 0.203 0.466 0.511
78.640 5 0.280 0.206 0.452 0.511
78.680 5 0.273 0.203 0.448 0.514
78.720 5 0.266 0.203 0.439 0.511
78.760 5 0.264 0.197 0.441 0.511
78.800 5 0.266 0.194 0.445 0.514
78.840 5 0.269 0.200 0.442 0.511
78.880 5 0.270 0.208 0.444 0.514
78.920 5 0.261 0.208 0.433 0.511
78.960 5 0.256 0.211 0.427 0.517
79.000 5 0.252 0.217 0.420 0.517
79.040 5 0.247 0.231 0.412 0.525
79.080 5 0.248 0.231 0.416 0.531
79.120 5 0.248 0.236 0.417 0.533
79.160 5 0.252 0.239 0.419 0.536
79.200 5 0.259 0.236 0.430 0.539
79.240 5 0.266 0.236 0.434 0.539
79.280 5 0.270 0.233 0.442 0.536
79.320 5 0.281 0.231 0.450 0.528
79.360 5 0.286 0.225 0.455 0.528
110.480 6 0.291 0.222 0.530 0.650
110.520 6 0.294 0.225 0.536 0.658
110.560 6 0.297 0.231 0.541 0.664
110.600 6 0.298 0.233 0.544 0.669
110.640 6 0.302 0.239 0.545 0.672
110.680 6 0.306 0.244 0.550 0.678
110.720 6 0.309 0.250 0.553 0.686
110.760 6 0.319 0.261 0.564 0.700
110.800 6 0.316 0.275 0.561 0.714
110.840 6 0.322 0.289 0.567 0.728
110.880 6 0.331 0.303 0.577 0.742
110.920 6 0.330 0.317 0.575 0.756
110.960 6 0.333 0.325 0.578 0.761
111.000 6 0.336 0.331 0.578 0.764
111.040 6 0.334 0.331 0.573 0.758
111.080 6 0.341 0.328 0.581 0.758
111.120 6 0.341 0.328 0.580 0.756
111.160 6 0.336 0.325 0.575 0.750
111.200 6 0.344 0.322 0.581 0.747
111.240 6 0.333 0.317 0.572 0.744
111.280 6 0.338 0.308 0.580 0.742
111.320 6 0.334 0.311 0.572 0.736
111.360 6 0.339 0.306 0.581 0.739
111.400 6 0.338 0.303 0.580 0.739
111.440 6 0.336 0.303 0.578 0.736
111.480 6 0.334 0.300 0.578 0.736
111.520 6 0.331 0.294 0.577 0.733
111.560 6 0.330 0.292 0.575 0.731
111.600 6 0.328 0.289 0.570 0.725
111.640 6 0.327 0.289 0.567 0.722
111.680 6 0.323 0.286 0.566 0.719
111.720 6 0.322 0.286 0.564 0.717
111.760 6 0.322 0.283 0.562 0.714
111.800 6 0.322 0.283 0.559 0.708
111.840 6 0.319 0.281 0.558 0.708
111.880 6 0.317 0.278 0.556 0.706
111.920 6 0.316 0.275 0.556 0.703
111.960 6 0.314 0.269 0.553 0.700
112.000 6 0.311 0.267 0.552 0.697
112.040 6 0.308 0.261 0.550 0.694
112.080 6 0.303 0.253 0.548 0.692
112.120 6 0.298 0.242 0.547 0.689
112.160 6 0.294 0.233 0.545 0.686
112.200 6 0.289 0.228 0.542 0.681
112.240 6 0.273 0.217 0.533 0.681
112.280 6 0.273 0.214 0.533 0.678
112.320 6 0.258 0.211 0.519 0.678
112.360 6 0.250 0.214 0.509 0.678
112.400 6 0.253 0.214 0.512 0.678
112.200 7 0.303 0.250 0.553 0.694
112.240 7 0.298 0.244 0.548 0.692
112.280 7 0.298 0.244 0.545 0.686
112.320 7 0.294 0.250 0.539 0.686
112.360 7 0.281 0.250 0.523 0.681
112.400 7 0.284 0.256 0.527 0.683
112.440 7 0.277 0.253 0.519 0.686
112.480 7 0.278 0.253 0.523 0.689
112.520 7 0.273 0.256 0.517 0.686
112.560 7 0.277 0.253 0.523 0.692
112.600 7 0.272 0.253 0.517 0.692
112.640 7 0.272 0.256 0.519 0.694
112.680 7 0.272 0.261 0.519 0.700
112.720 7 0.275 0.267 0.519 0.700
112.760 7 0.275 0.264 0.522 0.703
112.800 7 0.263 0.244 0.523 0.708
112.840 7 0.281 0.258 0.533 0.706
112.880 7 0.266 0.247 0.523 0.706
112.920 7 0.283 0.258 0.534 0.706
112.960 7 0.272 0.258 0.522 0.703
113.000 7 0.283 0.267 0.525 0.697
113.040 7 0.286 0.258 0.536 0.706
113.080 7 0.284 0.264 0.528 0.697
113.120 7 0.291 0.264 0.536 0.700
113.160 7 0.289 0.264 0.531 0.694
113.200 7 0.297 0.258 0.539 0.692
113.240 7 0.294 0.256 0.536 0.686
113.280 7 0.303 0.250 0.542 0.675
113.320 7 0.300 0.244 0.539 0.669
113.360 7 0.309 0.239 0.545 0.661
113.400 7 0.308 0.233 0.542 0.650
113.440 7 0.312 0.219 0.552 0.644
113.480 7 0.312 0.214 0.550 0.636
113.520 7 0.320 0.208 0.556 0.628
113.560 7 0.317 0.203 0.556 0.625
120.080 8 0.327 0.242 0.572 0.683
120.120 8 0.331 0.250 0.575 0.686
120.160 8 0.336 0.256 0.578 0.689
120.200 8 0.339 0.261 0.580 0.692
120.240 8 0.339 0.261 0.581 0.694
120.280 8 0.339 0.261 0.581 0.694
120.320 8 0.339 0.261 0.580 0.692
120.360 8 0.336 0.261 0.573 0.686
120.400 8 0.344 0.264 0.581 0.686
120.440 8 0.339 0.269 0.570 0.681
120.480 8 0.344 0.269 0.575 0.683
120.520 8 0.336 0.269 0.567 0.683
120.560 8 0.333 0.267 0.566 0.683
120.600 8 0.331 0.267 0.562 0.681
120.640 8 0.330 0.261 0.561 0.675
120.680 8 0.328 0.256 0.559 0.669
120.720 8 0.323 0.247 0.559 0.667
120.760 8 0.319 0.239 0.558 0.667
120.800 8 0.314 0.236 0.555 0.667
120.840 8 0.311 0.228 0.555 0.667
120.880 8 0.302 0.217 0.552 0.664
120.920 8 0.314 0.225 0.556 0.656
120.960 8 0.303 0.222 0.544 0.653
121.000 8 0.311 0.219 0.552 0.650
121.040 8 0.316 0.214 0.562 0.653
121.080 8 0.305 0.206 0.556 0.656
121.120 8 0.314 0.214 0.564 0.661
121.160 8 0.312 0.219 0.561 0.664
121.200 8 0.320 0.225 0.569 0.667
121.240 8 0.319 0.225 0.564 0.664
121.280 8 0.325 0.228 0.570 0.664
121.320 8 0.319 0.231 0.562 0.664
121.360 8 0.319 0.225 0.567 0.669
121.400 8 0.316 0.217 0.569 0.669
121.440 8 0.314 0.211 0.567 0.664
121.480 8 0.314 0.208 0.566 0.656
121.520 8 0.312 0.203 0.564 0.650
121.560 8 0.312 0.200 0.562 0.644
121.600 8 0.316 0.197 0.564 0.642
121.640 8 0.312 0.197 0.562 0.642
121.680 8 0.312 0.197 0.564 0.644
121.720 8 0.314 0.200 0.566 0.647
121.760 8 0.317 0.206 0.567 0.650
121.800 8 0.317 0.206 0.567 0.653
121.840 8 0.319 0.206 0.569 0.653
121.880 8 0.320 0.208 0.572 0.656
121.920 8 0.325 0.208 0.578 0.658
121.960 8 0.330 0.208 0.581 0.658
122.000 8 0.338 0.219 0.580 0.650
122.040 8 0.331 0.203 0.577 0.636
122.080 8 0.333 0.206 0.573 0.633
122.120 8 0.333 0.208 0.572 0.633
122.160 8 0.331 0.208 0.572 0.636
122.200 8 0.328 0.206 0.570 0.633
122.240 8 0.327 0.203 0.569 0.631
122.280 8 0.323 0.197 0.567 0.628
122.320 8 0.320 0.192 0.564 0.625
122.360 8 0.317 0.189 0.561 0.619
122.400 8 0.314 0.186 0.558 0.619
122.440 8 0.311 0.183 0.555 0.614
122.480 8 0.311 0.183 0.553 0.614
122.520 8 0.302 0.181 0.545 0.614
122.560 8 0.305 0.183 0.548 0.617
122.600 8 0.300 0.189 0.541 0.614
122.640 8 0.306 0.189 0.548 0.619
122.680 8 0.302 0.186 0.545 0.617
122.720 8 0.303 0.183 0.548 0.619
122.760 8 0.303 0.183 0.547 0.617
122.800 8 0.306 0.186 0.550 0.619
122.840 8 0.298 0.186 0.542 0.619
122.880 8 0.298 0.186 0.541 0.617
122.920 8 0.295 0.186 0.537 0.617
122.960 8 0.294 0.189 0.533 0.611
123.000 8 0.283 0.172 0.525 0.600
123.040 8 0.284 0.181 0.530 0.617
123.080 8 0.284 0.186 0.527 0.614
123.120 8 0.286 0.189 0.527 0.617
123.160 8 0.286 0.189 0.527 0.617
123.200 8 0.284 0.189 0.528 0.622
123.240 8 0.286 0.194 0.528 0.625
123.280 8 0.287 0.197 0.531 0.628
123.320 8 0.291 0.197 0.537 0.633
123.360 8 0.295 0.197 0.545 0.639
123.400 8 0.305 0.197 0.553 0.639
123.440 8 0.311 0.197 0.558 0.636
123.480 8 0.325 0.200 0.570 0.636
123.520 8 0.334 0.206 0.578 0.636
123.560 8 0.344 0.211 0.588 0.644
123.600 8 0.352 0.222 0.598 0.658
123.640 8 0.358 0.233 0.603 0.667
123.680 8 0.372 0.247 0.616 0.681
123.720 8 0.369 0.256 0.614 0.689
123.760 8 0.377 0.258 0.623 0.694
123.800 8 0.373 0.258 0.620 0.697
123.840 8 0.370 0.261 0.617 0.697
123.880 8 0.369 0.261 0.613 0.697
123.920 8 0.366 0.261 0.611 0.694
123.960 8 0.364 0.258 0.609 0.692
124.000 8 0.364 0.267 0.606 0.697
124.040 8 0.353 0.247 0.598 0.681
124.080 8 0.347 0.242 0.592 0.678
124.120 8 0.341 0.239 0.586 0.675
124.160 8 0.336 0.233 0.583 0.669
124.200 8 0.327 0.231 0.573 0.667
124.240 8 0.328 0.225 0.573 0.661
124.280 8 0.319 0.222 0.566 0.658
124.320 8 0.320 0.217 0.567 0.653
124.360 8 0.311 0.214 0.558 0.650
124.400 8 0.312 0.208 0.559 0.647
124.440 8 0.303 0.197 0.555 0.642
124.480 8 0.311 0.192 0.561 0.636
124.520 8 0.305 0.189 0.555 0.631
124.560 8 0.308 0.186 0.558 0.628
124.600 8 0.308 0.186 0.558 0.628
124.640 8 0.300 0.186 0.548 0.628
124.680 8 0.303 0.189 0.552 0.631
124.720 8 0.297 0.189 0.547 0.631
124.760 8 0.298 0.189 0.547 0.631
124.800 8 0.295 0.189 0.541 0.625
124.840 8 0.292 0.189 0.539 0.628
124.880 8 0.292 0.189 0.537 0.625
124.920 8 0.291 0.186 0.536 0.622
124.960 8 0.289 0.183 0.536 0.619
125.000 8 0.283 0.172 0.525 0.600
125.040 8 0.283 0.194 0.522 0.619
125.080 8 0.281 0.194 0.520 0.619
125.120 8 0.281 0.194 0.520 0.617
125.160 8 0.280 0.194 0.519 0.617
125.200 8 0.280 0.194 0.517 0.619
125.240 8 0.278 0.194 0.517 0.619
125.280 8 0.280 0.197 0.514 0.614
125.320 8 0.277 0.197 0.512 0.614
125.360 8 0.273 0.194 0.511 0.614
125.400 8 0.270 0.192 0.508 0.611
125.440 8 0.275 0.194 0.509 0.608
125.480 8 0.269 0.194 0.503 0.608
125.520 8 0.270 0.192 0.506 0.611
125.560 8 0.275 0.192 0.512 0.611
125.600 8 0.269 0.192 0.505 0.608
125.640 8 0.275 0.189 0.514 0.611
125.680 8 0.272 0.189 0.509 0.611
125.720 8 0.273 0.192 0.511 0.611
125.760 8 0.275 0.192 0.512 0.614
125.800 8 0.275 0.192 0.514 0.614
125.840 8 0.277 0.192 0.514 0.614
125.880 8 0.280 0.194 0.517 0.617
125.920 8 0.280 0.197 0.519 0.619
125.960 8 0.281 0.197 0.522 0.625
126.000 8 0.283 0.219 0.525 0.650
126.040 8 0.283 0.219 0.522 0.644
126.080 8 0.286 0.222 0.523 0.644
126.120 8 0.287 0.222 0.525 0.647
126.160 8 0.291 0.228 0.527 0.647
126.200 8 0.292 0.228 0.531 0.653
126.240 8 0.295 0.231 0.534 0.656
126.280 8 0.300 0.233 0.539 0.656
126.320 8 0.305 0.236 0.542 0.658
126.360 8 0.309 0.239 0.545 0.658
126.400 8 0.314 0.242 0.547 0.658
126.440 8 0.317 0.244 0.550 0.661
126.480 8 0.325 0.250 0.559 0.664
126.520 8 0.323 0.253 0.559 0.669
126.560 8 0.333 0.256 0.567 0.672
126.600 8 0.334 0.261 0.569 0.678
126.640 8 0.338 0.267 0.570 0.683
126.680 8 0.344 0.272 0.580 0.692
126.720 8 0.345 0.278 0.583 0.703
126.760 8 0.353 0.289 0.588 0.708
126.800 8 0.362 0.300 0.595 0.714
126.840 8 0.366 0.311 0.595 0.719
126.880 8 0.366 0.322 0.597 0.731
126.920 8 0.373 0.328 0.605 0.736
126.960 8 0.369 0.328 0.597 0.733
127.000 8 0.364 0.314 0.606 0.744
127.040 8 0.373 0.314 0.608 0.731
127.080 8 0.366 0.300 0.605 0.728
127.120 8 0.366 0.289 0.606 0.717
127.160 8 0.350 0.278 0.591 0.706
127.200 8 0.350 0.269 0.591 0.697
127.240 8 0.345 0.267 0.584 0.689
127.280 8 0.341 0.264 0.580 0.689
127.320 8 0.338 0.264 0.573 0.683
127.360 8 0.334 0.261 0.572 0.681
127.400 8 0.330 0.256 0.567 0.678
127.240 9 0.364 0.264 0.606 0.700
127.280 9 0.358 0.261 0.602 0.697
127.320 9 0.356 0.258 0.598 0.692
127.360 9 0.353 0.256 0.597 0.689
127.400 9 0.352 0.247 0.597 0.686
127.440 9 0.336 0.236 0.584 0.681
127.480 9 0.345 0.236 0.589 0.672
127.520 9 0.331 0.228 0.580 0.669
127.560 9 0.325 0.222 0.575 0.667
127.600 9 0.322 0.219 0.570 0.664
127.640 9 0.319 0.219 0.566 0.661
127.680 9 0.317 0.217 0.562 0.658
127.720 9 0.317 0.214 0.562 0.653
127.760 9 0.319 0.217 0.559 0.647
127.800 9 0.319 0.214 0.561 0.647
127.840 9 0.319 0.211 0.561 0.644
127.880 9 0.323 0.214 0.566 0.647
127.920 9 0.316 0.217 0.556 0.644
127.960 9 0.319 0.217 0.559 0.647
128.000 9 0.311 0.219 0.552 0.650
128.040 9 0.295 0.208 0.547 0.656
128.080 9 0.294 0.208 0.544 0.658
128.120 9 0.292 0.208 0.544 0.656
128.160 9 0.292 0.206 0.542 0.653
128.200 9 0.292 0.203 0.541 0.650
128.240 9 0.291 0.200 0.541 0.647
128.280 9 0.289 0.197 0.539 0.642
128.320 9 0.294 0.200 0.542 0.642
128.360 9 0.291 0.200 0.539 0.642
128.400 9 0.294 0.200 0.541 0.642
128.440 9 0.289 0.200 0.537 0.642
128.480 9 0.291 0.200 0.537 0.644
128.520 9 0.291 0.203 0.541 0.650
128.560 9 0.295 0.214 0.541 0.653
128.600 9 0.298 0.219 0.545 0.661
128.640 9 0.302 0.222 0.550 0.667
128.680 9 0.305 0.222 0.555 0.672
128.720 9 0.305 0.222 0.555 0.669
128.760 9 0.309 0.222 0.559 0.669
128.800 9 0.305 0.214 0.558 0.669
128.840 9 0.311 0.214 0.562 0.661
128.880 9 0.308 0.211 0.558 0.656
128.920 9 0.316 0.211 0.564 0.656
128.960 9 0.312 0.214 0.561 0.656
129.000 9 0.311 0.219 0.552 0.650
129.040 9 0.305 0.225 0.547 0.658
129.080 9 0.305 0.228 0.552 0.669
129.120 9 0.300 0.236 0.539 0.667
129.160 9 0.305 0.242 0.539 0.661
129.200 9 0.302 0.239 0.534 0.658
129.240 9 0.300 0.239 0.528 0.647
129.280 9 0.295 0.236 0.523 0.644
129.320 9 0.291 0.236 0.519 0.644
129.360 9 0.289 0.233 0.517 0.642
129.400 9 0.287 0.231 0.516 0.642
129.440 9 0.287 0.231 0.514 0.636
129.480 9 0.294 0.228 0.520 0.633
129.520 9 0.289 0.222 0.519 0.636
129.560 9 0.295 0.222 0.523 0.631
129.600 9 0.294 0.222 0.520 0.628
129.640 9 0.294 0.222 0.522 0.631
129.680 9 0.295 0.225 0.523 0.631
129.720 9 0.297 0.228 0.525 0.636
129.760 9 0.298 0.228 0.527 0.636
129.800 9 0.306 0.228 0.534 0.633
129.840 9 0.303 0.225 0.528 0.628
141.200 10 0.713 0.267 0.777 0.381
141.240 10 0.706 0.269 0.772 0.383
141.280 10 0.698 0.269 0.764 0.383
141.320 10 0.694 0.269 0.759 0.386
141.360 10 0.686 0.275 0.753 0.392
141.400 10 0.683 0.278 0.748 0.394
141.440 10 0.678 0.286 0.745 0.406
141.480 10 0.675 0.292 0.744 0.414
141.520 10 0.673 0.297 0.742 0.417
141.560 10 0.670 0.297 0.739 0.419
141.600 10 0.669 0.300 0.738 0.419
141.640 10 0.670 0.300 0.739 0.419
141.680 10 0.669 0.300 0.738 0.422
141.720 10 0.669 0.303 0.738 0.425
141.760 10 0.667 0.303 0.736 0.425
141.800 10 0.664 0.306 0.733 0.425
141.840 10 0.664 0.308 0.730 0.422
141.880 10 0.661 0.306 0.725 0.422
141.920 10 0.656 0.306 0.722 0.419
141.960 10 0.653 0.303 0.719 0.422
142.000 10 0.648 0.300 0.716 0.419
142.040 10 0.648 0.294 0.716 0.411
142.080 10 0.648 0.292 0.717 0.411
142.120 10 0.647 0.289 0.716 0.408
142.160 10 0.644 0.286 0.714 0.408
142.200 10 0.642 0.286 0.711 0.406
142.240 10 0.636 0.283 0.705 0.406
142.280 10 0.628 0.281 0.695 0.403
142.320 10 0.619 0.281 0.688 0.400
142.360 10 0.611 0.281 0.680 0.400
142.400 10 0.605 0.278 0.672 0.394
142.440 10 0.600 0.275 0.667 0.392
142.480 10 0.598 0.269 0.666 0.389
142.520 10 0.597 0.267 0.664 0.386
142.560 10 0.594 0.269 0.662 0.389
142.600 10 0.594 0.278 0.661 0.397
142.640 10 0.594 0.289 0.662 0.411
142.680 10 0.597 0.300 0.666 0.422
142.720 10 0.600 0.314 0.669 0.433
142.760 10 0.602 0.322 0.670 0.442
142.800 10 0.602 0.331 0.669 0.447
142.840 10 0.597 0.336 0.664 0.456
142.880 10 0.592 0.339 0.659 0.458
142.920 10 0.586 0.347 0.655 0.467
142.960 10 0.581 0.353 0.650 0.472
143.000 10 0.580 0.353 0.648 0.472
143.040 10 0.577 0.347 0.644 0.467
143.080 10 0.575 0.339 0.644 0.456
143.120 10 0.575 0.325 0.642 0.442
143.160 10 0.575 0.311 0.644 0.431
143.200 10 0.578 0.300 0.645 0.419
143.240 10 0.580 0.292 0.648 0.411
143.280 10 0.583 0.286 0.650 0.408
143.320 10 0.586 0.292 0.653 0.408
143.360 10 0.586 0.297 0.653 0.414
143.400 10 0.586 0.303 0.652 0.419
143.440 10 0.584 0.308 0.650 0.425
143.480 10 0.584 0.314 0.650 0.431
143.520 10 0.583 0.317 0.648 0.431
143.560 10 0.581 0.314 0.647 0.428
143.600 10 0.580 0.314 0.645 0.428
143.640 10 0.575 0.314 0.641 0.431
143.680 10 0.570 0.311 0.637 0.431
143.720 10 0.566 0.308 0.633 0.425
143.760 10 0.561 0.303 0.628 0.419
143.800 10 0.553 0.294 0.620 0.411
143.840 10 0.545 0.289 0.611 0.403
143.880 10 0.541 0.278 0.606 0.394
143.920 10 0.531 0.269 0.597 0.386
143.960 10 0.525 0.269 0.592 0.389
144.000 10 0.520 0.272 0.588 0.392
144.040 10 0.519 0.281 0.584 0.400
144.080 10 0.517 0.281 0.581 0.397
144.120 10 0.516 0.281 0.580 0.397
144.160 10 0.514 0.283 0.578 0.400
144.200 10 0.514 0.286 0.578 0.406
144.240 10 0.514 0.292 0.578 0.406
144.280 10 0.512 0.292 0.577 0.406
144.320 10 0.512 0.289 0.577 0.403
144.360 10 0.514 0.283 0.578 0.400
144.400 10 0.514 0.281 0.578 0.394
144.440 10 0.516 0.275 0.580 0.392
144.480 10 0.517 0.272 0.581 0.389
144.520 10 0.519 0.267 0.583 0.383
144.560 10 0.520 0.261 0.586 0.378
144.600 10 0.523 0.258 0.589 0.375
144.640 10 0.528 0.258 0.592 0.375
144.680 10 0.530 0.258 0.595 0.378
144.720 10 0.533 0.258 0.598 0.378
144.760 10 0.533 0.256 0.598 0.375
144.800 10 0.534 0.250 0.600 0.369
144.840 10 0.534 0.244 0.600 0.364
144.880 10 0.531 0.242 0.597 0.361
144.920 10 0.530 0.244 0.595 0.364
144.960 10 0.530 0.250 0.595 0.369
145.000 10 0.528 0.258 0.595 0.381
145.040 10 0.530 0.264 0.592 0.375
145.080 10 0.528 0.258 0.591 0.372
145.120 10 0.525 0.253 0.588 0.364
145.160 10 0.522 0.247 0.583 0.358
145.200 10 0.517 0.247 0.578 0.356
145.240 10 0.514 0.253 0.573 0.361
145.280 10 0.511 0.256 0.572 0.367
145.320 10 0.509 0.258 0.570 0.367
145.360 10 0.508 0.258 0.567 0.367
145.400 10 0.505 0.264 0.564 0.372
145.440 10 0.505 0.272 0.564 0.381
145.480 10 0.505 0.281 0.564 0.389
145.520 10 0.503 0.286 0.564 0.394
145.560 10 0.500 0.289 0.561 0.397
145.600 10 0.498 0.289 0.558 0.397
145.640 10 0.497 0.286 0.558 0.394
145.680 10 0.495 0.281 0.556 0.389
145.720 10 0.494 0.275 0.555 0.386
145.760 10 0.494 0.269 0.553 0.381
145.800 10 0.494 0.267 0.553 0.375
145.840 10 0.492 0.264 0.553 0.372
145.880 10 0.494 0.264 0.555 0.372
145.920 10 0.495 0.261 0.556 0.369
145.960 10 0.498 0.261 0.559 0.369
146.000 10 0.502 0.261 0.558 0.361
146.040 10 0.500 0.253 0.561 0.364
146.080 10 0.503 0.256 0.564 0.367
146.120 10 0.503 0.261 0.564 0.372
146.160 10 0.505 0.269 0.566 0.378
146.200 10 0.505 0.275 0.566 0.383
146.240 10 0.506 0.281 0.567 0.389
146.280 10 0.506 0.283 0.567 0.394
146.320 10 0.509 0.286 0.570 0.397
146.360 10 0.509 0.289 0.572 0.397
146.400 10 0.511 0.283 0.573 0.394
146.440 10 0.512 0.275 0.573 0.383
146.480 10 0.512 0.269 0.575 0.381
146.520 10 0.509 0.267 0.573 0.378
146.560 10 0.508 0.267 0.570 0.378
146.600 10 0.508 0.267 0.570 0.378
146.640 10 0.509 0.267 0.573 0.378
146.680 10 0.512 0.261 0.575 0.375
146.720 10 0.512 0.256 0.575 0.367
146.760 10 0.512 0.247 0.577 0.361
146.800 10 0.514 0.244 0.577 0.356
146.840 10 0.519 0.244 0.581 0.356
146.880 10 0.519 0.247 0.581 0.358
146.920 10 0.520 0.250 0.581 0.358
146.960 10 0.523 0.250 0.586 0.361
147.000 10 0.520 0.247 0.588 0.367
147.040 10 0.525 0.261 0.586 0.367
147.080 10 0.523 0.264 0.584 0.369
147.120 10 0.522 0.261 0.583 0.369
147.160 10 0.522 0.261 0.583 0.369
147.200 10 0.522 0.256 0.584 0.367
147.240 10 0.523 0.253 0.584 0.364
147.280 10 0.522 0.247 0.583 0.356
147.320 10 0.522 0.242 0.583 0.350
147.360 10 0.520 0.242 0.581 0.350
147.400 10 0.519 0.242 0.578 0.350
147.440 10 0.516 0.244 0.577 0.353
147.480 10 0.514 0.250 0.573 0.356
147.520 10 0.512 0.250 0.572 0.356
147.560 10 0.511 0.250 0.570 0.356
147.600 10 0.509 0.253 0.569 0.356
147.640 10 0.508 0.253 0.567 0.358
147.680 10 0.508 0.256 0.567 0.361
147.720 10 0.509 0.258 0.569 0.364
147.760 10 0.511 0.261 0.570 0.367
147.800 10 0.514 0.261 0.575 0.369
147.840 10 0.520 0.264 0.580 0.369
147.880 10 0.522 0.264 0.583 0.369
147.920 10 0.525 0.264 0.584 0.372
147.960 10 0.528 0.267 0.588 0.375
148.000 10 0.533 0.283 0.589 0.383
148.040 10 0.536 0.286 0.595 0.392
148.080 10 0.539 0.286 0.600 0.392
148.120 10 0.542 0.286 0.603 0.394
148.160 10 0.544 0.289 0.605 0.394
148.200 10 0.544 0.289 0.605 0.394
148.240 10 0.545 0.289 0.605 0.394
148.280 10 0.544 0.283 0.605 0.392
148.320 10 0.547 0.283 0.608 0.389
148.360 10 0.547 0.281 0.608 0.386
148.400 10 0.548 0.278 0.609 0.386
148.440 10 0.545 0.275 0.606 0.383
148.480 10 0.545 0.272 0.608 0.381
148.520 10 0.542 0.272 0.605 0.381
148.560 10 0.542 0.269 0.606 0.378
148.600 10 0.539 0.264 0.602 0.378
148.640 10 0.539 0.264 0.603 0.375
148.680 10 0.533 0.258 0.597 0.372
148.720 10 0.531 0.256 0.595 0.369
148.760 10 0.527 0.253 0.591 0.367
148.800 10 0.523 0.250 0.589 0.364
148.840 10 0.522 0.250 0.586 0.364
148.880 10 0.517 0.250 0.583 0.364
148.920 10 0.514 0.250 0.580 0.364
148.960 10 0.509 0.250 0.575 0.364
149.000 10 0.505 0.247 0.573 0.367
149.040 10 0.498 0.247 0.569 0.369
149.080 10 0.494 0.250 0.562 0.369
149.120 10 0.487 0.250 0.556 0.367
149.160 10 0.481 0.247 0.550 0.367
150.480 11 0.441 0.250 0.517 0.392
150.520 11 0.439 0.250 0.517 0.389
150.560 11 0.442 0.247 0.520 0.389
150.600 11 0.447 0.247 0.525 0.389
150.640 11 0.448 0.250 0.527 0.392
150.680 11 0.452 0.250 0.530 0.392
150.720 11 0.456 0.253 0.534 0.394
150.760 11 0.458 0.250 0.537 0.394
150.800 11 0.461 0.244 0.541 0.389
150.840 11 0.466 0.239 0.545 0.386
150.880 11 0.470 0.233 0.548 0.375
150.920 11 0.472 0.231 0.553 0.375
150.960 11 0.477 0.228 0.556 0.375
151.000 11 0.481 0.231 0.561 0.375
151.040 11 0.484 0.231 0.567 0.381
151.080 11 0.483 0.233 0.569 0.389
151.120 11 0.487 0.250 0.569 0.394
151.160 11 0.487 0.258 0.569 0.403
151.200 11 0.487 0.264 0.570 0.411
151.240 11 0.487 0.269 0.569 0.417
151.280 11 0.487 0.275 0.569 0.419
151.320 11 0.489 0.278 0.570 0.422
151.360 11 0.489 0.278 0.570 0.425
151.400 11 0.492 0.281 0.573 0.428
151.440 11 0.491 0.283 0.573 0.431
151.480 11 0.495 0.286 0.577 0.433
151.520 11 0.495 0.289 0.577 0.436
151.560 11 0.498 0.292 0.581 0.439
151.600 11 0.500 0.294 0.581 0.442
151.640 11 0.502 0.294 0.584 0.444
151.680 11 0.503 0.297 0.586 0.444
151.720 11 0.505 0.297 0.588 0.444
151.760 11 0.508 0.297 0.591 0.444
151.800 11 0.506 0.294 0.589 0.444
151.840 11 0.509 0.292 0.592 0.442
151.880 11 0.509 0.286 0.594 0.436
151.920 11 0.509 0.281 0.592 0.431
151.960 11 0.509 0.278 0.595 0.431
152.000 11 0.508 0.281 0.589 0.425
152.040 11 0.506 0.278 0.589 0.425
152.080 11 0.502 0.275 0.584 0.425
152.120 11 0.500 0.275 0.583 0.422
152.160 11 0.495 0.272 0.578 0.419
152.200 11 0.491 0.272 0.575 0.422
152.240 11 0.483 0.275 0.569 0.425
152.280 11 0.475 0.275 0.561 0.428
152.320 11 0.466 0.278 0.552 0.431
152.360 11 0.455 0.278 0.542 0.431
152.400 11 0.444 0.278 0.531 0.433
157.280 12 0.836 0.017 0.995 0.300
157.320 12 0.841 0.017 1.000 0.300
157.360 12 0.841 0.017 1.000 0.300
157.400 12 0.844 0.017 1.003 0.300
157.440 12 0.839 0.017 0.998 0.303
157.480 12 0.838 0.017 0.997 0.300
157.520 12 0.842 0.017 1.003 0.300
157.560 12 0.839 0.017 0.998 0.300
157.600 12 0.838 0.017 0.997 0.300
157.640 12 0.842 0.017 1.003 0.300
157.680 12 0.836 0.017 0.995 0.300
157.720 12 0.841 0.017 0.998 0.300
157.760 12 0.839 0.017 0.998 0.300
157.800 12 0.838 0.017 0.995 0.297
157.840 12 0.842 0.017 1.000 0.297
157.880 12 0.839 0.017 0.997 0.297
157.920 12 0.842 0.017 1.000 0.297
157.960 12 0.844 0.017 1.002 0.297
158.000 12 0.842 0.017 0.998 0.292
158.040 12 0.847 0.017 1.003 0.294
158.080 12 0.842 0.017 0.998 0.294
158.120 12 0.845 0.014 1.002 0.292
158.160 12 0.845 0.017 0.998 0.289
158.200 12 0.852 0.017 1.005 0.292
158.240 12 0.844 0.017 0.998 0.289
158.280 12 0.848 0.017 1.003 0.289
158.320 12 0.850 0.017 1.002 0.286
158.360 12 0.852 0.017 1.003 0.286
158.400 12 0.850 0.014 1.002 0.283
158.440 12 0.856 0.017 1.006 0.283
158.480 12 0.850 0.014 0.997 0.278
158.520 12 0.858 0.017 1.006 0.278
158.560 12 0.852 0.014 0.997 0.272
158.600 12 0.859 0.017 1.005 0.275
158.640 12 0.853 0.017 0.998 0.275
158.680 12 0.858 0.014 1.003 0.272
158.720 12 0.856 0.017 1.000 0.272
158.760 12 0.859 0.014 1.003 0.272
158.800 12 0.861 0.017 1.005 0.272
158.840 12 0.858 0.017 1.000 0.269
158.880 12 0.861 0.014 1.003 0.267
158.920 12 0.861 0.014 1.002 0.264
158.960 12 0.859 0.014 0.998 0.264
159.000 12 0.863 0.014 1.003 0.264
159.040 12 0.867 0.014 1.006 0.264
159.080 12 0.866 0.014 1.003 0.258
159.120 12 0.869 0.014 1.006 0.258
159.160 12 0.867 0.014 1.003 0.256
159.200 12 0.872 0.014 1.008 0.256
159.240 12 0.869 0.014 1.005 0.256
159.280 12 0.870 0.014 1.003 0.253
159.320 12 0.875 0.014 1.008 0.250
159.360 12 0.869 0.011 1.002 0.250
159.400 12 0.875 0.014 1.005 0.247
159.440 12 0.873 0.014 1.005 0.244
159.480 12 0.875 0.014 1.005 0.244
159.520 12 0.873 0.014 1.003 0.244
159.560 12 0.878 0.014 1.008 0.242
159.600 12 0.872 0.011 1.002 0.244
159.640 12 0.877 0.014 1.006 0.244
159.680 12 0.877 0.014 1.003 0.239
159.720 12 0.880 0.014 1.006 0.239
159.760 12 0.873 0.011 1.002 0.239
159.800 12 0.880 0.011 1.008 0.239
159.840 12 0.873 0.011 1.002 0.239
159.880 12 0.880 0.011 1.008 0.239
159.920 12 0.873 0.011 1.002 0.239
159.960 12 0.880 0.014 1.005 0.236
160.000 12 0.878 0.014 1.003 0.236
160.040 12 0.881 0.014 1.006 0.236
160.080 12 0.875 0.011 1.002 0.236
160.120 12 0.880 0.014 1.005 0.236
160.160 12 0.880 0.014 1.003 0.233
160.200 12 0.880 0.014 1.005 0.233
160.240 12 0.880 0.014 1.005 0.233
160.280 12 0.880 0.014 1.003 0.233
160.320 12 0.883 0.014 1.006 0.233
160.360 12 0.881 0.014 1.005 0.231
160.400 12 0.881 0.014 1.003 0.231
160.440 12 0.884 0.014 1.006 0.231
160.480 12 0.878 0.011 1.002 0.231
160.520 12 0.883 0.014 1.006 0.231
160.560 12 0.883 0.014 1.005 0.231
160.600 12 0.881 0.011 1.005 0.231
160.640 12 0.881 0.014 1.005 0.231
160.680 12 0.883 0.014 1.005 0.231
160.720 12 0.883 0.011 1.005 0.228
160.760 12 0.883 0.011 1.005 0.228
160.800 12 0.883 0.011 1.005 0.228
160.840 12 0.883 0.014 1.005 0.228
160.880 12 0.883 0.014 1.005 0.228
160.920 12 0.883 0.014 1.003 0.228
160.960 12 0.883 0.014 1.003 0.228
161.000 12 0.883 0.014 1.005 0.228
161.040 12 0.883 0.014 1.005 0.228
161.080 12 0.883 0.014 1.003 0.228
161.120 12 0.883 0.014 1.003 0.228
161.160 12 0.886 0.014 1.008 0.228
161.200 12 0.881 0.014 1.002 0.228
