3.040 0 0.648 0.147 0.764 0.353
3.080 0 0.648 0.147 0.764 0.353
3.120 0 0.648 0.147 0.764 0.356
3.160 0 0.650 0.147 0.764 0.356
3.200 0 0.647 0.147 0.762 0.353
3.240 0 0.652 0.147 0.766 0.356
3.280 0 0.652 0.147 0.767 0.356
3.320 0 0.652 0.147 0.767 0.356
3.360 0 0.652 0.147 0.767 0.356
3.400 0 0.653 0.147 0.769 0.356
3.440 0 0.650 0.144 0.767 0.356
3.480 0 0.655 0.147 0.770 0.356
3.520 0 0.656 0.147 0.770 0.356
3.560 0 0.656 0.147 0.772 0.356
3.600 0 0.656 0.147 0.772 0.356
3.640 0 0.655 0.150 0.769 0.356
3.680 0 0.658 0.147 0.772 0.356
3.720 0 0.658 0.147 0.772 0.356
3.760 0 0.658 0.150 0.772 0.356
3.800 0 0.661 0.153 0.773 0.356
3.840 0 0.656 0.150 0.769 0.356
3.880 0 0.661 0.150 0.775 0.356
3.920 0 0.656 0.150 0.772 0.356
3.960 0 0.659 0.150 0.773 0.356
4.000 0 0.655 0.150 0.770 0.358
4.040 0 0.655 0.156 0.769 0.358
4.080 0 0.658 0.156 0.772 0.358
4.120 0 0.655 0.156 0.766 0.356
4.160 0 0.653 0.156 0.767 0.361
4.200 0 0.650 0.156 0.764 0.364
4.240 0 0.650 0.158 0.766 0.364
4.280 0 0.647 0.158 0.762 0.367
4.320 0 0.648 0.158 0.764 0.367
4.360 0 0.645 0.158 0.761 0.367
4.400 0 0.647 0.158 0.762 0.369
4.440 0 0.642 0.158 0.759 0.369
4.480 0 0.644 0.158 0.761 0.369
4.520 0 0.641 0.161 0.758 0.372
4.560 0 0.636 0.158 0.755 0.372
4.600 0 0.636 0.161 0.755 0.372
4.640 0 0.631 0.161 0.750 0.375
4.680 0 0.627 0.164 0.745 0.378
4.720 0 0.623 0.167 0.742 0.381
4.760 0 0.620 0.169 0.738 0.383
4.800 0 0.614 0.169 0.731 0.381
4.840 0 0.614 0.169 0.731 0.381
4.880 0 0.609 0.164 0.731 0.383
4.920 0 0.614 0.167 0.734 0.383
4.960 0 0.611 0.167 0.730 0.381
5.000 0 0.616 0.172 0.731 0.381
5.040 0 0.616 0.175 0.731 0.383
5.080 0 0.613 0.175 0.730 0.383
5.120 0 0.617 0.172 0.734 0.383
5.160 0 0.616 0.172 0.733 0.383
5.200 0 0.620 0.172 0.736 0.381
5.240 0 0.619 0.172 0.736 0.381
5.280 0 0.623 0.169 0.739 0.378
5.320 0 0.622 0.167 0.739 0.378
5.360 0 0.627 0.167 0.742 0.372
5.400 0 0.630 0.167 0.745 0.372
5.440 0 0.630 0.169 0.744 0.372
5.480 0 0.633 0.167 0.748 0.375
5.520 0 0.633 0.169 0.748 0.375
5.560 0 0.637 0.169 0.752 0.375
5.600 0 0.634 0.169 0.750 0.375
5.640 0 0.636 0.169 0.752 0.375
5.680 0 0.637 0.169 0.753 0.378
5.720 0 0.634 0.169 0.750 0.375
5.760 0 0.637 0.172 0.752 0.375
5.800 0 0.633 0.169 0.748 0.375
5.840 0 0.633 0.169 0.748 0.375
5.880 0 0.633 0.169 0.747 0.375
5.920 0 0.633 0.169 0.747 0.375
5.960 0 0.634 0.172 0.747 0.372
6.000 0 0.628 0.172 0.745 0.381
6.040 0 0.627 0.169 0.744 0.378
6.080 0 0.625 0.169 0.744 0.378
6.120 0 0.627 0.169 0.744 0.378
6.160 0 0.625 0.172 0.741 0.378
6.200 0 0.625 0.172 0.742 0.381
6.240 0 0.627 0.172 0.742 0.381
6.280 0 0.623 0.172 0.741 0.381
6.320 0 0.622 0.169 0.741 0.381
6.360 0 0.625 0.172 0.741 0.381
6.400 0 0.620 0.169 0.739 0.381
6.440 0 0.623 0.169 0.742 0.381
6.480 0 0.620 0.169 0.741 0.381
6.520 0 0.622 0.169 0.739 0.381
6.560 0 0.622 0.169 0.741 0.381
6.600 0 0.622 0.172 0.739 0.381
6.640 0 0.620 0.169 0.738 0.378
6.680 0 0.622 0.169 0.739 0.381
6.720 0 0.620 0.169 0.739 0.381
6.760 0 0.620 0.169 0.739 0.381
6.800 0 0.619 0.169 0.738 0.378
6.840 0 0.620 0.169 0.739 0.381
6.880 0 0.622 0.169 0.739 0.378
6.920 0 0.620 0.167 0.739 0.381
6.960 0 0.620 0.167 0.741 0.381
7.000 0 0.622 0.167 0.741 0.378
7.040 0 0.623 0.167 0.744 0.378
7.080 0 0.625 0.164 0.745 0.378
7.120 0 0.631 0.164 0.752 0.378
7.160 0 0.634 0.164 0.755 0.378
7.200 0 0.633 0.164 0.752 0.375
7.240 0 0.634 0.167 0.753 0.375
7.280 0 0.634 0.164 0.753 0.375
7.320 0 0.636 0.164 0.755 0.375
7.360 0 0.634 0.164 0.756 0.378
7.400 0 0.633 0.164 0.752 0.375
7.440 0 0.636 0.164 0.755 0.375
7.480 0 0.633 0.164 0.752 0.375
7.520 0 0.634 0.164 0.753 0.375
7.560 0 0.631 0.167 0.750 0.378
7.600 0 0.633 0.167 0.753 0.378
7.640 0 0.630 0.167 0.748 0.378
7.680 0 0.631 0.169 0.752 0.381
7.720 0 0.628 0.172 0.747 0.381
7.760 0 0.631 0.172 0.750 0.386
7.800 0 0.627 0.172 0.745 0.383
7.840 0 0.631 0.175 0.748 0.386
7.880 0 0.630 0.175 0.747 0.383
7.920 0 0.628 0.175 0.747 0.386
7.960 0 0.628 0.175 0.745 0.383
8.000 0 0.628 0.172 0.745 0.381
8.040 0 0.630 0.178 0.748 0.386
8.080 0 0.631 0.183 0.745 0.383
8.120 0 0.631 0.183 0.745 0.386
8.160 0 0.631 0.186 0.744 0.386
8.200 0 0.628 0.186 0.744 0.389
8.240 0 0.628 0.186 0.742 0.389
8.280 0 0.627 0.186 0.742 0.392
8.320 0 0.627 0.189 0.742 0.392
8.360 0 0.625 0.186 0.742 0.394
8.400 0 0.625 0.189 0.742 0.394
8.440 0 0.625 0.189 0.741 0.394
8.480 0 0.625 0.189 0.741 0.394
8.520 0 0.625 0.189 0.742 0.394
8.560 0 0.623 0.189 0.741 0.394
8.600 0 0.625 0.189 0.742 0.394
8.640 0 0.623 0.189 0.741 0.394
8.680 0 0.625 0.189 0.739 0.392
8.720 0 0.628 0.189 0.744 0.394
8.760 0 0.627 0.189 0.742 0.392
8.800 0 0.628 0.192 0.744 0.394
8.840 0 0.627 0.192 0.741 0.394
8.880 0 0.630 0.192 0.744 0.394
8.920 0 0.628 0.192 0.742 0.394
8.960 0 0.628 0.192 0.744 0.394
9.000 0 0.628 0.197 0.745 0.403
9.040 0 0.625 0.197 0.742 0.403
9.080 0 0.628 0.200 0.744 0.403
9.120 0 0.628 0.200 0.744 0.403
9.160 0 0.627 0.200 0.741 0.400
9.200 0 0.628 0.200 0.742 0.403
9.240 0 0.625 0.203 0.739 0.403
9.280 0 0.627 0.200 0.742 0.403
9.320 0 0.623 0.203 0.738 0.403
9.360 0 0.625 0.200 0.741 0.406
9.400 0 0.622 0.203 0.738 0.403
9.440 0 0.625 0.203 0.739 0.403
9.480 0 0.625 0.203 0.739 0.403
9.520 0 0.623 0.203 0.739 0.403
9.560 0 0.622 0.203 0.734 0.403
9.600 0 0.623 0.203 0.738 0.406
9.640 0 0.619 0.203 0.734 0.403
9.680 0 0.625 0.203 0.741 0.403
9.720 0 0.619 0.200 0.734 0.403
9.760 0 0.625 0.203 0.739 0.403
9.800 0 0.622 0.203 0.734 0.403
9.840 0 0.622 0.203 0.738 0.406
9.880 0 0.617 0.203 0.734 0.406
9.920 0 0.620 0.206 0.736 0.406
9.960 0 0.620 0.206 0.736 0.406
10.000 0 0.622 0.206 0.736 0.408
10.040 0 0.628 0.206 0.742 0.408
10.080 0 0.633 0.208 0.748 0.408
10.120 0 0.642 0.208 0.756 0.408
30.000 1 0.350 0.208 0.491 0.458
30.040 1 0.345 0.186 0.502 0.464
30.080 1 0.339 0.183 0.497 0.464
30.120 1 0.336 0.183 0.497 0.469
30.160 1 0.334 0.186 0.495 0.472
30.200 1 0.331 0.194 0.494 0.483
30.240 1 0.331 0.206 0.491 0.489
30.280 1 0.325 0.211 0.486 0.497
30.320 1 0.323 0.208 0.484 0.494
30.360 1 0.322 0.200 0.481 0.486
30.400 1 0.319 0.189 0.481 0.478
30.440 1 0.319 0.183 0.481 0.469
30.480 1 0.314 0.178 0.475 0.464
30.520 1 0.312 0.178 0.470 0.458
30.560 1 0.309 0.175 0.466 0.453
30.600 1 0.306 0.172 0.463 0.450
30.640 1 0.305 0.172 0.461 0.450
30.680 1 0.303 0.175 0.459 0.453
30.720 1 0.302 0.181 0.456 0.458
30.760 1 0.297 0.189 0.452 0.467
30.800 1 0.291 0.194 0.448 0.475
30.840 1 0.289 0.194 0.452 0.483
30.880 1 0.284 0.192 0.447 0.481
30.920 1 0.289 0.183 0.448 0.469
30.960 1 0.291 0.178 0.448 0.461
31.000 1 0.289 0.150 0.458 0.450
31.040 1 0.291 0.144 0.463 0.450
31.080 1 0.283 0.142 0.455 0.447
31.120 1 0.287 0.142 0.461 0.453
31.160 1 0.287 0.144 0.456 0.444
31.200 1 0.283 0.144 0.453 0.447
31.240 1 0.289 0.144 0.463 0.450
31.280 1 0.284 0.147 0.456 0.450
31.320 1 0.297 0.153 0.469 0.458
31.360 1 0.308 0.158 0.478 0.458
31.400 1 0.319 0.164 0.489 0.469
31.440 1 0.331 0.175 0.503 0.478
31.480 1 0.344 0.183 0.517 0.492
31.520 1 0.336 0.183 0.505 0.481
31.560 1 0.344 0.194 0.511 0.492
31.600 1 0.353 0.197 0.527 0.508
31.640 1 0.358 0.208 0.530 0.511
31.680 1 0.369 0.211 0.537 0.511
31.720 1 0.372 0.211 0.541 0.514
31.760 1 0.375 0.214 0.544 0.514
31.800 1 0.377 0.214 0.545 0.514
31.840 1 0.378 0.217 0.547 0.517
31.880 1 0.380 0.217 0.548 0.517
31.920 1 0.375 0.211 0.547 0.519
31.960 1 0.381 0.217 0.550 0.517
32.000 1 0.383 0.217 0.552 0.517
32.040 1 0.383 0.217 0.553 0.517
32.080 1 0.384 0.217 0.553 0.517
32.120 1 0.384 0.217 0.553 0.517
32.160 1 0.384 0.217 0.553 0.517
32.200 1 0.386 0.219 0.555 0.517
32.240 1 0.386 0.219 0.555 0.519
32.280 1 0.386 0.219 0.555 0.519
32.320 1 0.386 0.219 0.555 0.519
32.360 1 0.380 0.219 0.552 0.522
32.400 1 0.383 0.222 0.553 0.525
32.440 1 0.377 0.225 0.548 0.531
32.480 1 0.380 0.228 0.550 0.531
32.520 1 0.378 0.225 0.547 0.528
32.560 1 0.377 0.222 0.545 0.525
32.600 1 0.375 0.222 0.542 0.519
32.640 1 0.373 0.219 0.537 0.514
32.680 1 0.364 0.217 0.530 0.511
32.720 1 0.364 0.206 0.533 0.506
32.760 1 0.352 0.194 0.519 0.494
32.800 1 0.342 0.181 0.511 0.481
32.680 2 0.375 0.253 0.541 0.547
32.720 2 0.370 0.247 0.534 0.539
32.760 2 0.364 0.236 0.527 0.528
32.800 2 0.356 0.222 0.523 0.517
32.840 2 0.344 0.208 0.512 0.508
32.880 2 0.333 0.197 0.505 0.503
32.920 2 0.325 0.192 0.494 0.494
32.960 2 0.317 0.186 0.486 0.489
33.000 2 0.308 0.183 0.477 0.483
33.040 2 0.309 0.172 0.473 0.464
33.080 2 0.308 0.172 0.472 0.464
33.120 2 0.305 0.172 0.466 0.461
33.160 2 0.298 0.178 0.461 0.467
33.200 2 0.294 0.178 0.458 0.467
33.240 2 0.294 0.172 0.459 0.467
33.280 2 0.289 0.167 0.453 0.461
33.320 2 0.287 0.164 0.455 0.464
33.360 2 0.281 0.167 0.452 0.469
33.400 2 0.277 0.175 0.448 0.478
33.440 2 0.278 0.172 0.448 0.478
33.480 2 0.270 0.167 0.442 0.472
33.520 2 0.272 0.156 0.448 0.469
33.560 2 0.270 0.150 0.447 0.464
33.600 2 0.267 0.147 0.445 0.464
33.640 2 0.266 0.147 0.444 0.464
33.680 2 0.266 0.150 0.444 0.467
33.720 2 0.264 0.150 0.442 0.469
33.760 2 0.264 0.153 0.442 0.469
33.800 2 0.263 0.153 0.441 0.469
33.840 2 0.263 0.156 0.439 0.469
33.880 2 0.264 0.158 0.436 0.467
33.920 2 0.263 0.158 0.436 0.467
33.960 2 0.264 0.158 0.436 0.467
34.000 2 0.270 0.150 0.439 0.450
34.040 2 0.278 0.164 0.436 0.444
34.080 2 0.277 0.164 0.433 0.442
34.120 2 0.277 0.164 0.438 0.450
34.160 2 0.275 0.167 0.436 0.453
34.200 2 0.280 0.167 0.439 0.453
34.240 2 0.277 0.161 0.438 0.450
34.280 2 0.281 0.161 0.441 0.444
34.320 2 0.278 0.161 0.439 0.444
34.360 2 0.280 0.161 0.441 0.444
34.400 2 0.280 0.158 0.441 0.444
34.440 2 0.280 0.156 0.441 0.442
34.480 2 0.278 0.156 0.441 0.442
34.520 2 0.280 0.161 0.436 0.439
34.560 2 0.278 0.161 0.434 0.439
34.600 2 0.273 0.158 0.428 0.436
34.640 2 0.270 0.153 0.425 0.431
34.680 2 0.269 0.150 0.423 0.425
34.720 2 0.266 0.150 0.420 0.425
34.760 2 0.263 0.147 0.417 0.425
34.800 2 0.258 0.144 0.416 0.425
34.840 2 0.256 0.147 0.412 0.425
34.880 2 0.256 0.147 0.412 0.425
34.920 2 0.252 0.150 0.408 0.428
34.960 2 0.252 0.156 0.408 0.433
35.000 2 0.256 0.181 0.397 0.431
35.040 2 0.244 0.164 0.400 0.439
35.080 2 0.239 0.169 0.397 0.453
35.120 2 0.239 0.169 0.398 0.453
35.160 2 0.239 0.164 0.400 0.447
35.200 2 0.241 0.161 0.398 0.439
35.240 2 0.239 0.158 0.397 0.436
35.280 2 0.242 0.158 0.402 0.439
35.320 2 0.241 0.156 0.398 0.436
35.360 2 0.245 0.156 0.403 0.436
35.400 2 0.252 0.158 0.406 0.433
35.440 2 0.248 0.158 0.406 0.436
35.480 2 0.250 0.156 0.411 0.442
35.520 2 0.250 0.147 0.414 0.436
35.560 2 0.255 0.142 0.416 0.428
35.600 2 0.261 0.131 0.420 0.414
35.640 2 0.266 0.111 0.427 0.394
35.680 2 0.270 0.100 0.430 0.381
35.720 2 0.273 0.092 0.433 0.375
35.760 2 0.273 0.092 0.433 0.375
35.800 2 0.277 0.092 0.436 0.375
35.840 2 0.270 0.094 0.431 0.381
35.880 2 0.269 0.100 0.430 0.386
35.920 2 0.264 0.114 0.425 0.400
35.960 2 0.263 0.131 0.423 0.414
36.000 2 0.252 0.119 0.420 0.417
36.040 2 0.250 0.131 0.419 0.425
36.080 2 0.239 0.139 0.409 0.439
36.120 2 0.242 0.128 0.411 0.428
36.160 2 0.247 0.125 0.416 0.419
36.200 2 0.242 0.114 0.412 0.414
36.240 2 0.237 0.103 0.414 0.411
36.280 2 0.236 0.103 0.411 0.411
36.320 2 0.230 0.103 0.405 0.411
36.360 2 0.234 0.106 0.406 0.408
36.400 2 0.239 0.103 0.411 0.408
36.440 2 0.236 0.103 0.406 0.406
36.480 2 0.236 0.106 0.408 0.406
36.520 2 0.237 0.106 0.408 0.408
36.560 2 0.244 0.106 0.414 0.408
36.600 2 0.242 0.106 0.412 0.406
36.640 2 0.244 0.108 0.416 0.408
36.680 2 0.245 0.106 0.419 0.411
36.720 2 0.247 0.108 0.420 0.411
36.760 2 0.250 0.108 0.423 0.414
38.000 3 0.333 -0.017 0.414 0.125
38.040 3 0.333 -0.017 0.414 0.128
38.080 3 0.328 -0.014 0.411 0.131
38.120 3 0.323 -0.014 0.406 0.133
38.160 3 0.320 -0.008 0.403 0.139
38.200 3 0.317 -0.006 0.402 0.142
38.240 3 0.316 0.000 0.398 0.147
38.280 3 0.312 0.006 0.395 0.153
38.320 3 0.311 0.011 0.392 0.156
38.360 3 0.309 0.017 0.391 0.161
38.400 3 0.308 0.019 0.391 0.167
38.440 3 0.305 0.019 0.389 0.169
38.480 3 0.306 0.019 0.391 0.169
38.520 3 0.303 0.019 0.386 0.167
38.560 3 0.305 0.019 0.389 0.167
38.600 3 0.300 0.017 0.384 0.167
38.640 3 0.303 0.017 0.386 0.167
38.680 3 0.300 0.019 0.384 0.167
38.720 3 0.298 0.022 0.381 0.169
38.760 3 0.295 0.025 0.380 0.172
38.800 3 0.294 0.025 0.377 0.172
38.840 3 0.291 0.031 0.370 0.175
38.880 3 0.287 0.033 0.367 0.175
38.920 3 0.283 0.033 0.362 0.175
38.960 3 0.277 0.036 0.359 0.183
39.000 3 0.273 0.039 0.355 0.183
39.040 3 0.269 0.042 0.350 0.186
39.080 3 0.264 0.042 0.345 0.186
39.120 3 0.259 0.044 0.342 0.189
39.160 3 0.256 0.050 0.336 0.192
39.200 3 0.250 0.050 0.330 0.194
39.240 3 0.242 0.056 0.325 0.200
39.280 3 0.237 0.056 0.319 0.200
39.320 3 0.231 0.058 0.314 0.203
39.360 3 0.225 0.056 0.308 0.203
39.400 3 0.217 0.058 0.298 0.203
39.440 3 0.209 0.053 0.291 0.200
39.480 3 0.202 0.050 0.284 0.197
39.520 3 0.195 0.050 0.278 0.197
39.560 3 0.189 0.050 0.273 0.200
39.600 3 0.183 0.050 0.269 0.203
39.640 3 0.177 0.053 0.263 0.203
39.680 3 0.172 0.053 0.258 0.206
39.720 3 0.166 0.056 0.250 0.208
39.760 3 0.161 0.061 0.245 0.211
39.800 3 0.156 0.064 0.241 0.214
39.840 3 0.152 0.064 0.236 0.214
39.880 3 0.147 0.067 0.231 0.219
39.920 3 0.144 0.067 0.230 0.219
61.520 4 0.713 0.233 0.827 0.433
61.560 4 0.725 0.239 0.836 0.436
61.600 4 0.730 0.250 0.844 0.450
61.640 4 0.733 0.256 0.848 0.458
61.680 4 0.742 0.264 0.858 0.464
61.720 4 0.752 0.256 0.866 0.458
61.760 4 0.761 0.250 0.875 0.450
61.800 4 0.756 0.253 0.867 0.447
61.840 4 0.747 0.253 0.859 0.453
61.880 4 0.744 0.258 0.859 0.458
61.920 4 0.741 0.261 0.855 0.464
61.960 4 0.734 0.258 0.853 0.467
62.000 4 0.731 0.267 0.848 0.472
62.040 4 0.728 0.269 0.844 0.472
62.080 4 0.723 0.272 0.841 0.475
62.120 4 0.717 0.272 0.834 0.478
62.160 4 0.719 0.264 0.836 0.472
62.200 4 0.717 0.261 0.834 0.467
62.240 4 0.714 0.256 0.830 0.458
62.280 4 0.711 0.247 0.827 0.453
62.320 4 0.706 0.242 0.823 0.447
62.360 4 0.702 0.242 0.820 0.450
62.400 4 0.692 0.256 0.812 0.469
62.440 4 0.680 0.272 0.800 0.483
62.480 4 0.667 0.289 0.789 0.503
63.800 5 0.152 0.164 0.245 0.333
63.840 5 0.147 0.164 0.244 0.336
63.880 5 0.145 0.158 0.245 0.336
63.920 5 0.145 0.167 0.239 0.333
63.960 5 0.150 0.167 0.244 0.333
64.000 5 0.145 0.164 0.242 0.336
64.040 5 0.139 0.153 0.242 0.339
64.080 5 0.141 0.153 0.245 0.339
64.120 5 0.139 0.153 0.244 0.339
64.160 5 0.141 0.156 0.244 0.339
64.200 5 0.139 0.156 0.242 0.339
64.240 5 0.139 0.153 0.244 0.339
64.280 5 0.139 0.156 0.244 0.342
64.320 5 0.141 0.156 0.245 0.342
64.360 5 0.141 0.158 0.245 0.344
64.400 5 0.142 0.158 0.247 0.347
64.440 5 0.142 0.161 0.248 0.350
64.480 5 0.144 0.164 0.250 0.353
64.520 5 0.145 0.164 0.252 0.356
64.560 5 0.147 0.164 0.253 0.356
64.600 5 0.148 0.167 0.256 0.358
64.640 5 0.152 0.167 0.258 0.358
64.680 5 0.155 0.167 0.263 0.358
64.720 5 0.158 0.167 0.266 0.358
64.760 5 0.161 0.164 0.269 0.358
64.800 5 0.166 0.164 0.273 0.358
64.840 5 0.169 0.164 0.278 0.356
64.880 5 0.173 0.161 0.281 0.356
64.920 5 0.177 0.161 0.284 0.356
64.960 5 0.180 0.164 0.287 0.356
65.000 5 0.175 0.150 0.291 0.358
65.040 5 0.173 0.150 0.292 0.364
65.080 5 0.177 0.153 0.292 0.361
65.120 5 0.178 0.156 0.292 0.361
65.160 5 0.181 0.156 0.295 0.361
65.200 5 0.181 0.156 0.295 0.361
65.240 5 0.183 0.156 0.297 0.361
65.280 5 0.183 0.158 0.297 0.361
65.320 5 0.186 0.158 0.298 0.361
65.360 5 0.188 0.158 0.298 0.361
65.400 5 0.188 0.158 0.298 0.361
65.440 5 0.189 0.161 0.300 0.361
65.480 5 0.188 0.158 0.298 0.361
65.520 5 0.192 0.161 0.302 0.358
65.560 5 0.188 0.158 0.298 0.361
65.600 5 0.189 0.161 0.300 0.361
65.640 5 0.189 0.161 0.300 0.361
65.680 5 0.189 0.161 0.300 0.361
65.720 5 0.189 0.161 0.300 0.361
65.760 5 0.188 0.161 0.298 0.361
65.800 5 0.188 0.161 0.298 0.361
65.840 5 0.188 0.161 0.298 0.361
65.880 5 0.189 0.161 0.298 0.361
65.920 5 0.189 0.161 0.298 0.361
65.960 5 0.191 0.164 0.300 0.361
66.000 5 0.186 0.158 0.298 0.361
66.040 5 0.189 0.161 0.302 0.361
66.080 5 0.188 0.158 0.300 0.361
66.120 5 0.192 0.161 0.302 0.358
66.160 5 0.188 0.158 0.298 0.358
66.200 5 0.192 0.158 0.303 0.358
66.240 5 0.188 0.156 0.300 0.358
66.280 5 0.192 0.158 0.303 0.358
66.320 5 0.191 0.158 0.302 0.358
66.360 5 0.191 0.158 0.302 0.358
66.400 5 0.191 0.158 0.302 0.358
66.440 5 0.191 0.158 0.302 0.358
66.480 5 0.192 0.158 0.303 0.358
66.520 5 0.192 0.158 0.303 0.361
66.560 5 0.192 0.158 0.303 0.361
66.600 5 0.192 0.161 0.303 0.361
66.640 5 0.191 0.158 0.303 0.361
66.680 5 0.192 0.158 0.305 0.361
66.720 5 0.192 0.158 0.305 0.361
66.760 5 0.192 0.158 0.305 0.361
66.800 5 0.192 0.158 0.305 0.358
66.840 5 0.191 0.156 0.303 0.358
66.880 5 0.191 0.156 0.302 0.356
66.920 5 0.188 0.153 0.300 0.356
66.960 5 0.183 0.150 0.297 0.356
67.000 5 0.175 0.150 0.291 0.358
67.040 5 0.177 0.158 0.283 0.350
67.080 5 0.175 0.156 0.281 0.347
67.120 5 0.169 0.156 0.275 0.344
67.160 5 0.169 0.153 0.275 0.344
67.200 5 0.164 0.153 0.270 0.344
67.240 5 0.164 0.153 0.270 0.344
67.280 5 0.163 0.153 0.269 0.344
67.320 5 0.159 0.156 0.264 0.342
67.360 5 0.161 0.153 0.266 0.342
67.400 5 0.156 0.153 0.261 0.339
67.440 5 0.158 0.153 0.263 0.339
67.480 5 0.156 0.153 0.261 0.339
67.520 5 0.156 0.153 0.261 0.339
67.560 5 0.155 0.147 0.263 0.342
67.600 5 0.153 0.150 0.261 0.342
67.640 5 0.153 0.153 0.259 0.342
67.680 5 0.153 0.153 0.259 0.342
67.720 5 0.152 0.153 0.258 0.342
67.760 5 0.152 0.153 0.258 0.342
67.800 5 0.152 0.156 0.258 0.342
67.840 5 0.152 0.153 0.256 0.342
67.880 5 0.153 0.156 0.258 0.342
67.920 5 0.150 0.153 0.256 0.342
67.960 5 0.152 0.156 0.256 0.342
68.000 5 0.156 0.164 0.253 0.336
68.040 5 0.156 0.164 0.253 0.336
68.080 5 0.155 0.164 0.252 0.339
68.120 5 0.156 0.164 0.253 0.339
68.160 5 0.153 0.164 0.250 0.336
68.200 5 0.155 0.164 0.250 0.336
68.240 5 0.150 0.164 0.248 0.336
68.280 5 0.152 0.164 0.248 0.336
68.320 5 0.148 0.164 0.247 0.336
68.360 5 0.152 0.167 0.247 0.336
68.400 5 0.147 0.164 0.244 0.336
68.440 5 0.150 0.164 0.247 0.336
68.480 5 0.145 0.161 0.244 0.336
68.520 5 0.148 0.164 0.245 0.336
68.560 5 0.145 0.164 0.242 0.336
68.600 5 0.148 0.167 0.245 0.336
68.640 5 0.145 0.164 0.242 0.336
68.680 5 0.148 0.164 0.244 0.336
68.720 5 0.147 0.167 0.241 0.333
68.760 5 0.145 0.167 0.241 0.333
68.800 5 0.147 0.167 0.242 0.333
68.840 5 0.145 0.164 0.241 0.336
68.880 5 0.147 0.167 0.241 0.333
68.920 5 0.145 0.164 0.239 0.333
68.960 5 0.147 0.164 0.242 0.333
69.000 5 0.145 0.164 0.242 0.336
69.040 5 0.145 0.172 0.242 0.342
69.080 5 0.148 0.172 0.245 0.344
69.120 5 0.145 0.169 0.244 0.342
69.160 5 0.147 0.172 0.244 0.342
69.200 5 0.147 0.172 0.244 0.342
69.240 5 0.147 0.172 0.244 0.344
69.280 5 0.147 0.172 0.244 0.344
69.320 5 0.148 0.172 0.245 0.344
69.360 5 0.148 0.172 0.245 0.344
69.400 5 0.148 0.172 0.247 0.344
69.440 5 0.150 0.175 0.247 0.347
69.480 5 0.150 0.175 0.247 0.347
69.520 5 0.150 0.175 0.247 0.347
69.560 5 0.152 0.175 0.248 0.347
69.600 5 0.148 0.172 0.248 0.347
69.640 5 0.152 0.175 0.248 0.350
69.680 5 0.150 0.175 0.247 0.347
69.720 5 0.152 0.175 0.250 0.350
69.760 5 0.150 0.175 0.248 0.350
69.800 5 0.152 0.175 0.250 0.350
69.840 5 0.152 0.175 0.248 0.350
69.880 5 0.153 0.175 0.252 0.350
69.920 5 0.153 0.175 0.250 0.350
69.960 5 0.155 0.175 0.253 0.350
70.000 5 0.156 0.183 0.253 0.356
70.040 5 0.153 0.181 0.250 0.353
70.080 5 0.153 0.181 0.250 0.353
70.120 5 0.153 0.181 0.252 0.353
70.160 5 0.155 0.181 0.250 0.350
70.200 5 0.155 0.181 0.252 0.350
70.240 5 0.155 0.181 0.252 0.350
70.280 5 0.156 0.181 0.252 0.350
70.320 5 0.156 0.181 0.252 0.350
70.360 5 0.156 0.178 0.253 0.350
70.400 5 0.156 0.181 0.253 0.350
70.440 5 0.158 0.181 0.253 0.350
70.480 5 0.158 0.181 0.253 0.350
70.520 5 0.158 0.181 0.255 0.350
70.560 5 0.158 0.181 0.255 0.353
70.600 5 0.158 0.183 0.255 0.353
70.640 5 0.158 0.183 0.255 0.353
70.680 5 0.158 0.183 0.255 0.356
70.720 5 0.158 0.183 0.255 0.356
70.760 5 0.158 0.183 0.255 0.356
70.800 5 0.158 0.186 0.255 0.358
70.840 5 0.158 0.186 0.256 0.358
70.880 5 0.159 0.186 0.256 0.358
70.920 5 0.159 0.186 0.256 0.358
70.960 5 0.159 0.186 0.256 0.358
71.000 5 0.156 0.183 0.253 0.356
71.040 5 0.158 0.186 0.256 0.361
71.080 5 0.159 0.186 0.256 0.361
71.120 5 0.158 0.186 0.255 0.358
71.160 5 0.161 0.189 0.256 0.358
71.200 5 0.159 0.186 0.256 0.358
71.240 5 0.159 0.183 0.256 0.358
71.280 5 0.159 0.183 0.258 0.356
71.320 5 0.158 0.183 0.256 0.356
71.360 5 0.161 0.183 0.258 0.356
71.400 5 0.158 0.183 0.255 0.356
71.440 5 0.161 0.183 0.258 0.356
71.480 5 0.156 0.183 0.255 0.358
71.520 5 0.158 0.183 0.255 0.356
71.560 5 0.159 0.183 0.256 0.356
71.600 5 0.156 0.183 0.253 0.356
71.640 5 0.156 0.183 0.255 0.356
71.680 5 0.155 0.183 0.252 0.356
71.720 5 0.156 0.183 0.253 0.353
71.760 5 0.156 0.183 0.253 0.353
71.800 5 0.156 0.183 0.252 0.353
71.840 5 0.156 0.181 0.252 0.353
71.880 5 0.155 0.181 0.252 0.350
71.920 5 0.155 0.181 0.252 0.350
71.960 5 0.155 0.181 0.250 0.350
72.000 5 0.156 0.183 0.253 0.356
72.040 5 0.153 0.181 0.248 0.353
72.080 5 0.152 0.181 0.248 0.353
72.120 5 0.150 0.181 0.248 0.353
72.160 5 0.153 0.181 0.248 0.353
72.200 5 0.150 0.181 0.245 0.353
72.240 5 0.153 0.183 0.248 0.350
72.280 5 0.152 0.183 0.245 0.350
72.320 5 0.152 0.183 0.247 0.353
72.360 5 0.152 0.183 0.247 0.353
72.400 5 0.152 0.183 0.248 0.356
72.440 5 0.152 0.183 0.248 0.356
72.480 5 0.152 0.183 0.248 0.356
72.520 5 0.152 0.183 0.248 0.356
72.560 5 0.152 0.183 0.248 0.356
72.600 5 0.152 0.183 0.248 0.356
72.640 5 0.152 0.183 0.250 0.358
72.680 5 0.152 0.183 0.250 0.358
72.720 5 0.153 0.183 0.250 0.358
72.760 5 0.153 0.183 0.252 0.358
72.800 5 0.155 0.183 0.253 0.358
72.840 5 0.156 0.186 0.253 0.358
72.880 5 0.156 0.186 0.255 0.358
72.920 5 0.158 0.186 0.255 0.358
72.960 5 0.158 0.183 0.256 0.358
73.000 5 0.156 0.183 0.253 0.356
73.040 5 0.163 0.183 0.259 0.356
73.080 5 0.163 0.183 0.258 0.356
73.120 5 0.163 0.183 0.259 0.356
73.160 5 0.163 0.186 0.259 0.356
73.200 5 0.164 0.186 0.259 0.358
73.240 5 0.164 0.186 0.261 0.358
73.280 5 0.164 0.189 0.261 0.358
73.320 5 0.164 0.189 0.261 0.361
73.360 5 0.166 0.189 0.263 0.361
73.400 5 0.164 0.189 0.261 0.358
73.440 5 0.167 0.189 0.263 0.358
73.480 5 0.164 0.189 0.261 0.358
73.520 5 0.166 0.189 0.263 0.361
73.560 5 0.166 0.186 0.263 0.358
73.600 5 0.164 0.186 0.263 0.358
73.640 5 0.164 0.186 0.263 0.358
73.680 5 0.164 0.186 0.261 0.356
73.720 5 0.166 0.186 0.261 0.356
73.760 5 0.163 0.186 0.259 0.356
73.800 5 0.164 0.183 0.261 0.356
73.840 5 0.167 0.186 0.263 0.356
73.880 5 0.163 0.183 0.259 0.356
73.920 5 0.164 0.189 0.258 0.353
73.960 5 0.166 0.186 0.261 0.353
74.000 5 0.167 0.183 0.264 0.356
74.040 5 0.166 0.183 0.263 0.356
74.080 5 0.164 0.181 0.263 0.358
74.120 5 0.166 0.183 0.263 0.356
74.160 5 0.166 0.183 0.263 0.356
74.200 5 0.166 0.183 0.263 0.356
74.240 5 0.166 0.183 0.263 0.356
74.280 5 0.166 0.181 0.264 0.358
74.320 5 0.167 0.183 0.264 0.356
74.360 5 0.167 0.183 0.266 0.356
74.400 5 0.164 0.181 0.263 0.358
74.440 5 0.166 0.183 0.266 0.358
74.480 5 0.166 0.183 0.264 0.356
74.520 5 0.167 0.183 0.264 0.356
74.560 5 0.167 0.183 0.264 0.356
74.600 5 0.167 0.183 0.264 0.356
74.640 5 0.167 0.183 0.264 0.356
74.680 5 0.169 0.183 0.264 0.356
74.720 5 0.169 0.186 0.264 0.356
74.760 5 0.166 0.183 0.264 0.358
74.800 5 0.169 0.183 0.266 0.358
74.840 5 0.169 0.183 0.264 0.356
74.880 5 0.167 0.183 0.264 0.358
74.920 5 0.169 0.183 0.266 0.356
74.960 5 0.167 0.183 0.264 0.356
75.000 5 0.167 0.183 0.264 0.356
75.040 5 0.164 0.181 0.263 0.358
75.080 5 0.167 0.183 0.264 0.356
63.800 6 0.713 0.161 0.825 0.364
63.840 6 0.708 0.164 0.822 0.367
63.880 6 0.705 0.167 0.819 0.369
63.920 6 0.700 0.167 0.816 0.372
63.960 6 0.698 0.169 0.812 0.375
64.000 6 0.694 0.172 0.809 0.381
64.040 6 0.691 0.169 0.808 0.381
64.080 6 0.692 0.172 0.809 0.383
64.120 6 0.688 0.175 0.805 0.386
64.160 6 0.688 0.172 0.806 0.386
64.200 6 0.689 0.172 0.808 0.386
64.240 6 0.684 0.169 0.806 0.386
64.280 6 0.692 0.167 0.809 0.378
64.320 6 0.686 0.161 0.805 0.375
64.360 6 0.692 0.158 0.811 0.369
64.400 6 0.688 0.156 0.805 0.367
64.440 6 0.692 0.158 0.806 0.364
64.480 6 0.691 0.156 0.806 0.364
64.520 6 0.695 0.158 0.809 0.361
64.560 6 0.695 0.158 0.809 0.361
64.600 6 0.697 0.158 0.811 0.364
64.640 6 0.697 0.158 0.811 0.364
64.680 6 0.698 0.158 0.812 0.364
64.720 6 0.702 0.158 0.816 0.364
64.760 6 0.698 0.156 0.816 0.367
64.800 6 0.702 0.158 0.816 0.364
64.840 6 0.702 0.158 0.817 0.367
64.880 6 0.702 0.156 0.819 0.367
64.920 6 0.703 0.158 0.819 0.364
64.960 6 0.703 0.153 0.820 0.367
65.000 6 0.706 0.150 0.822 0.358
65.040 6 0.711 0.156 0.820 0.353
65.080 6 0.709 0.150 0.823 0.358
65.120 6 0.711 0.153 0.823 0.358
65.160 6 0.708 0.153 0.822 0.358
65.200 6 0.714 0.156 0.825 0.356
65.240 6 0.709 0.153 0.822 0.356
65.280 6 0.711 0.153 0.823 0.356
65.320 6 0.709 0.156 0.820 0.356
65.360 6 0.708 0.156 0.820 0.356
65.400 6 0.706 0.156 0.819 0.358
65.440 6 0.705 0.156 0.819 0.361
65.480 6 0.705 0.156 0.820 0.361
65.520 6 0.706 0.156 0.822 0.364
65.560 6 0.706 0.156 0.823 0.367
65.600 6 0.708 0.156 0.825 0.367
65.640 6 0.706 0.153 0.827 0.369
65.680 6 0.705 0.153 0.825 0.369
65.720 6 0.705 0.153 0.825 0.369
65.760 6 0.703 0.153 0.822 0.369
65.800 6 0.706 0.156 0.823 0.367
65.840 6 0.705 0.156 0.822 0.367
65.880 6 0.705 0.153 0.822 0.364
65.920 6 0.703 0.153 0.822 0.364
65.960 6 0.702 0.147 0.820 0.364
66.000 6 0.706 0.150 0.822 0.358
66.040 6 0.708 0.150 0.823 0.358
66.080 6 0.708 0.150 0.820 0.353
66.120 6 0.708 0.147 0.823 0.356
66.160 6 0.708 0.150 0.822 0.356
66.200 6 0.706 0.147 0.823 0.358
66.240 6 0.708 0.147 0.823 0.356
66.280 6 0.708 0.144 0.825 0.356
66.320 6 0.711 0.147 0.825 0.353
66.360 6 0.713 0.147 0.825 0.350
66.400 6 0.716 0.144 0.828 0.350
66.440 6 0.719 0.147 0.830 0.347
66.480 6 0.717 0.147 0.828 0.347
66.520 6 0.719 0.147 0.831 0.350
66.560 6 0.717 0.147 0.828 0.347
66.600 6 0.719 0.150 0.831 0.350
66.640 6 0.716 0.147 0.830 0.350
66.680 6 0.716 0.150 0.828 0.350
66.720 6 0.714 0.147 0.828 0.353
66.760 6 0.714 0.147 0.828 0.356
66.800 6 0.714 0.150 0.828 0.356
66.840 6 0.713 0.147 0.828 0.358
66.880 6 0.709 0.150 0.823 0.356
66.920 6 0.709 0.144 0.830 0.361
66.960 6 0.706 0.147 0.825 0.361
67.000 6 0.706 0.150 0.822 0.358
67.040 6 0.703 0.153 0.819 0.364
67.080 6 0.698 0.156 0.816 0.364
67.120 6 0.695 0.158 0.811 0.367
67.160 6 0.692 0.161 0.806 0.369
67.200 6 0.686 0.167 0.802 0.375
67.240 6 0.688 0.169 0.803 0.378
67.280 6 0.683 0.172 0.798 0.381
67.320 6 0.684 0.172 0.800 0.381
67.360 6 0.684 0.169 0.802 0.378
67.400 6 0.686 0.167 0.802 0.375
67.440 6 0.686 0.161 0.803 0.372
67.480 6 0.691 0.156 0.808 0.367
67.520 6 0.691 0.153 0.809 0.367
67.560 6 0.692 0.150 0.811 0.361
67.600 6 0.694 0.147 0.812 0.361
67.640 6 0.697 0.147 0.816 0.361
67.680 6 0.695 0.150 0.812 0.361
67.720 6 0.698 0.150 0.816 0.361
67.760 6 0.697 0.150 0.814 0.361
67.800 6 0.698 0.150 0.816 0.361
67.840 6 0.700 0.150 0.816 0.358
67.880 6 0.702 0.150 0.817 0.356
67.920 6 0.703 0.150 0.819 0.356
67.960 6 0.705 0.144 0.820 0.356
68.000 6 0.706 0.150 0.822 0.358
68.040 6 0.705 0.144 0.823 0.358
68.080 6 0.705 0.144 0.823 0.358
68.120 6 0.706 0.144 0.825 0.358
68.160 6 0.705 0.144 0.823 0.358
68.200 6 0.705 0.144 0.823 0.358
68.240 6 0.705 0.144 0.823 0.358
68.280 6 0.705 0.144 0.825 0.361
68.320 6 0.705 0.144 0.827 0.361
68.360 6 0.706 0.144 0.825 0.358
68.400 6 0.706 0.144 0.825 0.361
68.440 6 0.708 0.144 0.828 0.361
68.480 6 0.705 0.147 0.825 0.361
68.520 6 0.706 0.147 0.827 0.364
68.560 6 0.703 0.147 0.823 0.364
68.600 6 0.705 0.147 0.825 0.364
68.640 6 0.703 0.147 0.822 0.361
68.680 6 0.703 0.147 0.820 0.361
68.720 6 0.698 0.150 0.817 0.364
68.760 6 0.694 0.150 0.816 0.367
68.800 6 0.692 0.153 0.811 0.369
68.840 6 0.692 0.153 0.814 0.372
68.880 6 0.691 0.150 0.812 0.369
68.920 6 0.694 0.153 0.811 0.367
68.960 6 0.692 0.150 0.812 0.367
69.000 6 0.694 0.150 0.809 0.358
69.040 6 0.695 0.156 0.808 0.358
69.080 6 0.691 0.150 0.806 0.361
69.120 6 0.692 0.150 0.809 0.361
69.160 6 0.694 0.153 0.808 0.358
69.200 6 0.694 0.153 0.806 0.356
69.240 6 0.694 0.153 0.806 0.356
69.280 6 0.692 0.147 0.809 0.361
69.320 6 0.692 0.150 0.811 0.361
69.360 6 0.692 0.147 0.811 0.361
69.400 6 0.697 0.147 0.816 0.361
69.440 6 0.695 0.144 0.814 0.361
69.480 6 0.698 0.142 0.819 0.361
69.520 6 0.697 0.142 0.817 0.358
69.560 6 0.698 0.139 0.822 0.361
69.600 6 0.698 0.142 0.819 0.358
69.640 6 0.695 0.142 0.817 0.361
69.680 6 0.698 0.142 0.819 0.358
69.720 6 0.700 0.144 0.820 0.358
69.760 6 0.697 0.142 0.819 0.361
69.800 6 0.697 0.144 0.817 0.361
69.840 6 0.695 0.142 0.817 0.364
69.880 6 0.695 0.144 0.814 0.361
69.920 6 0.695 0.144 0.814 0.358
69.960 6 0.695 0.144 0.816 0.361
70.000 6 0.694 0.150 0.809 0.358
70.040 6 0.694 0.150 0.806 0.353
70.080 6 0.694 0.150 0.806 0.356
70.120 6 0.694 0.150 0.806 0.356
70.160 6 0.694 0.150 0.808 0.356
70.200 6 0.694 0.150 0.806 0.356
70.240 6 0.695 0.147 0.811 0.358
70.280 6 0.694 0.147 0.809 0.358
70.320 6 0.695 0.150 0.809 0.356
70.360 6 0.695 0.150 0.809 0.356
70.400 6 0.695 0.153 0.809 0.358
70.440 6 0.695 0.153 0.811 0.358
70.480 6 0.697 0.153 0.812 0.358
70.520 6 0.694 0.150 0.811 0.361
70.560 6 0.697 0.153 0.812 0.358
70.600 6 0.697 0.153 0.811 0.358
70.640 6 0.697 0.156 0.812 0.361
70.680 6 0.698 0.156 0.814 0.361
70.720 6 0.702 0.153 0.817 0.364
70.760 6 0.708 0.156 0.827 0.367
70.800 6 0.713 0.158 0.830 0.369
70.840 6 0.713 0.161 0.831 0.375
70.880 6 0.711 0.164 0.831 0.378
70.920 6 0.708 0.167 0.827 0.381
70.960 6 0.706 0.169 0.827 0.386
71.000 6 0.706 0.172 0.822 0.381
71.040 6 0.702 0.169 0.825 0.389
71.080 6 0.705 0.169 0.827 0.389
71.120 6 0.702 0.172 0.819 0.383
71.160 6 0.705 0.172 0.822 0.383
71.200 6 0.702 0.169 0.819 0.383
71.240 6 0.703 0.164 0.823 0.381
71.280 6 0.703 0.164 0.822 0.378
71.320 6 0.703 0.158 0.823 0.375
71.360 6 0.705 0.158 0.822 0.372
71.400 6 0.705 0.156 0.823 0.369
71.440 6 0.706 0.153 0.823 0.367
71.480 6 0.706 0.153 0.823 0.364
71.520 6 0.708 0.153 0.825 0.364
71.560 6 0.708 0.150 0.823 0.361
71.600 6 0.706 0.147 0.823 0.358
71.640 6 0.703 0.150 0.819 0.358
71.680 6 0.702 0.150 0.817 0.358
71.720 6 0.697 0.150 0.812 0.358
71.760 6 0.695 0.150 0.812 0.361
71.800 6 0.691 0.150 0.808 0.358
71.840 6 0.695 0.150 0.811 0.358
71.880 6 0.692 0.150 0.806 0.358
71.920 6 0.694 0.153 0.808 0.358
71.960 6 0.692 0.153 0.806 0.356
72.000 6 0.694 0.150 0.809 0.358
72.040 6 0.697 0.150 0.817 0.367
72.080 6 0.697 0.153 0.814 0.364
72.120 6 0.697 0.150 0.817 0.367
72.160 6 0.698 0.153 0.816 0.364
72.200 6 0.698 0.153 0.816 0.364
72.240 6 0.700 0.153 0.819 0.367
72.280 6 0.698 0.153 0.817 0.364
72.320 6 0.700 0.153 0.819 0.367
72.360 6 0.698 0.153 0.817 0.367
72.400 6 0.700 0.153 0.819 0.367
72.440 6 0.698 0.153 0.814 0.364
72.480 6 0.700 0.153 0.817 0.364
72.520 6 0.698 0.150 0.816 0.364
72.560 6 0.698 0.147 0.819 0.364
72.600 6 0.695 0.147 0.814 0.361
72.640 6 0.702 0.147 0.819 0.361
72.680 6 0.697 0.144 0.816 0.358
72.720 6 0.700 0.144 0.819 0.358
72.760 6 0.698 0.147 0.814 0.356
72.800 6 0.703 0.147 0.817 0.356
72.840 6 0.700 0.144 0.817 0.356
72.880 6 0.705 0.144 0.822 0.356
72.920 6 0.700 0.144 0.817 0.353
72.960 6 0.705 0.144 0.822 0.356
73.000 6 0.706 0.150 0.822 0.358
73.040 6 0.705 0.150 0.819 0.356
73.080 6 0.703 0.150 0.819 0.356
73.120 6 0.703 0.150 0.817 0.358
73.160 6 0.702 0.150 0.817 0.358
73.200 6 0.700 0.150 0.816 0.358
73.240 6 0.698 0.153 0.814 0.358
73.280 6 0.695 0.156 0.809 0.358
73.320 6 0.695 0.156 0.808 0.361
73.360 6 0.694 0.158 0.806 0.361
73.400 6 0.694 0.158 0.806 0.361
73.440 6 0.694 0.158 0.806 0.361
73.480 6 0.694 0.156 0.809 0.364
73.520 6 0.692 0.158 0.806 0.361
73.560 6 0.694 0.156 0.811 0.364
73.600 6 0.692 0.156 0.808 0.364
73.640 6 0.694 0.156 0.808 0.364
73.680 6 0.694 0.156 0.809 0.364
73.720 6 0.694 0.156 0.809 0.364
73.760 6 0.694 0.156 0.809 0.364
73.800 6 0.694 0.153 0.811 0.364
73.840 6 0.695 0.153 0.814 0.367
73.880 6 0.694 0.156 0.808 0.361
73.920 6 0.695 0.153 0.811 0.364
73.960 6 0.695 0.153 0.811 0.361
74.000 6 0.694 0.150 0.809 0.358
74.040 6 0.695 0.147 0.812 0.361
74.080 6 0.692 0.150 0.809 0.358
74.120 6 0.694 0.144 0.812 0.358
74.160 6 0.694 0.147 0.811 0.356
74.200 6 0.697 0.147 0.812 0.356
74.240 6 0.694 0.144 0.809 0.353
74.280 6 0.695 0.142 0.812 0.353
74.320 6 0.697 0.144 0.809 0.347
74.360 6 0.698 0.142 0.814 0.350
74.400 6 0.697 0.142 0.811 0.350
74.440 6 0.700 0.139 0.817 0.353
74.480 6 0.698 0.142 0.816 0.353
74.520 6 0.702 0.142 0.820 0.356
74.560 6 0.700 0.142 0.819 0.358
74.600 6 0.703 0.142 0.823 0.358
74.640 6 0.703 0.142 0.822 0.356
74.680 6 0.705 0.136 0.827 0.356
74.720 6 0.705 0.136 0.825 0.353
74.760 6 0.705 0.133 0.828 0.356
74.800 6 0.705 0.133 0.827 0.356
74.840 6 0.703 0.139 0.825 0.358
74.880 6 0.702 0.142 0.825 0.364
74.920 6 0.703 0.144 0.823 0.361
74.960 6 0.703 0.144 0.823 0.361
75.000 6 0.706 0.150 0.822 0.358
75.040 6 0.705 0.156 0.816 0.353
75.080 6 0.705 0.150 0.820 0.358
90.240 7 0.672 0.356 0.739 0.478
90.280 7 0.677 0.358 0.745 0.481
90.320 7 0.680 0.361 0.748 0.483
90.360 7 0.686 0.356 0.753 0.478
90.400 7 0.692 0.361 0.759 0.481
90.440 7 0.695 0.358 0.764 0.478
90.480 7 0.698 0.361 0.766 0.483
90.520 7 0.702 0.361 0.770 0.481
90.560 7 0.703 0.361 0.770 0.481
90.600 7 0.705 0.361 0.772 0.481
90.640 7 0.705 0.361 0.772 0.481
90.680 7 0.708 0.358 0.775 0.478
90.720 7 0.706 0.358 0.772 0.478
90.760 7 0.708 0.361 0.773 0.478
90.800 7 0.706 0.364 0.772 0.481
90.840 7 0.705 0.364 0.770 0.481
90.880 7 0.702 0.367 0.767 0.483
90.920 7 0.705 0.361 0.769 0.478
90.960 7 0.702 0.361 0.767 0.478
91.000 7 0.700 0.353 0.767 0.472
91.040 7 0.703 0.353 0.769 0.472
91.080 7 0.702 0.350 0.769 0.469
91.120 7 0.700 0.353 0.767 0.472
91.160 7 0.702 0.350 0.769 0.467
91.200 7 0.702 0.350 0.767 0.467
91.240 7 0.702 0.347 0.767 0.464
91.280 7 0.702 0.344 0.767 0.461
91.320 7 0.700 0.339 0.767 0.458
91.360 7 0.697 0.342 0.764 0.461
91.400 7 0.698 0.342 0.767 0.461
91.440 7 0.695 0.342 0.764 0.464
91.480 7 0.697 0.339 0.764 0.461
91.520 7 0.691 0.342 0.759 0.461
91.560 7 0.688 0.342 0.755 0.461
91.600 7 0.688 0.350 0.755 0.469
98.920 8 0.322 0.194 0.419 0.364
98.960 8 0.322 0.203 0.417 0.369
99.000 8 0.328 0.203 0.427 0.375
99.040 8 0.331 0.208 0.430 0.381
99.080 8 0.331 0.211 0.431 0.386
99.120 8 0.330 0.214 0.427 0.386
99.160 8 0.331 0.217 0.430 0.389
99.200 8 0.325 0.214 0.423 0.386
99.240 8 0.328 0.211 0.427 0.386
99.280 8 0.322 0.208 0.422 0.381
99.320 8 0.327 0.206 0.423 0.378
99.360 8 0.322 0.206 0.420 0.378
99.400 8 0.319 0.208 0.419 0.381
99.440 8 0.323 0.211 0.425 0.386
99.480 8 0.330 0.208 0.430 0.386
99.520 8 0.339 0.211 0.441 0.386
99.560 8 0.342 0.214 0.444 0.392
99.600 8 0.352 0.219 0.453 0.397
99.640 8 0.361 0.222 0.461 0.397
99.680 8 0.362 0.228 0.464 0.403
99.720 8 0.370 0.233 0.472 0.408
99.760 8 0.378 0.239 0.478 0.414
99.800 8 0.389 0.253 0.486 0.422
99.840 8 0.391 0.261 0.487 0.431
99.880 8 0.403 0.267 0.500 0.436
99.920 8 0.406 0.272 0.505 0.442
99.960 8 0.414 0.275 0.512 0.444
100.000 8 0.419 0.269 0.517 0.442
100.040 8 0.417 0.269 0.516 0.442
100.080 8 0.420 0.264 0.519 0.436
100.120 8 0.423 0.258 0.522 0.431
100.160 8 0.427 0.250 0.525 0.425
100.200 8 0.430 0.242 0.530 0.417
100.240 8 0.433 0.236 0.531 0.408
100.280 8 0.434 0.228 0.533 0.400
100.320 8 0.438 0.214 0.536 0.386
100.360 8 0.441 0.206 0.541 0.381
100.800 8 0.459 0.100 0.600 0.353
100.840 8 0.455 0.100 0.597 0.356
100.880 8 0.448 0.092 0.597 0.356
100.920 8 0.445 0.089 0.594 0.356
100.960 8 0.439 0.100 0.578 0.350
101.000 8 0.428 0.097 0.567 0.347
101.040 8 0.417 0.094 0.556 0.344
101.080 8 0.402 0.089 0.544 0.344
101.120 8 0.388 0.086 0.530 0.342
101.160 8 0.373 0.083 0.516 0.339
101.200 8 0.359 0.081 0.502 0.336
101.240 8 0.345 0.086 0.486 0.336
101.280 8 0.333 0.089 0.472 0.339
101.320 8 0.325 0.092 0.464 0.342
101.360 8 0.317 0.094 0.456 0.344
101.400 8 0.309 0.094 0.448 0.344
99.000 9 0.805 0.106 0.902 0.278
106.920 10 0.397 0.169 0.648 0.617
106.960 10 0.406 0.167 0.655 0.606
107.000 10 0.417 0.172 0.659 0.600
107.040 10 0.412 0.153 0.659 0.589
107.080 10 0.419 0.156 0.666 0.592
107.120 10 0.411 0.156 0.661 0.600
107.160 10 0.416 0.167 0.662 0.606
107.200 10 0.408 0.175 0.659 0.619
107.240 10 0.403 0.183 0.653 0.625
107.280 10 0.398 0.197 0.647 0.636
107.320 10 0.392 0.211 0.637 0.647
107.360 10 0.380 0.217 0.622 0.647
107.400 10 0.372 0.225 0.614 0.653
107.440 10 0.361 0.231 0.605 0.661
107.480 10 0.361 0.236 0.605 0.667
107.520 10 0.353 0.242 0.597 0.675
107.560 10 0.356 0.247 0.602 0.681
107.600 10 0.353 0.258 0.592 0.681
107.640 10 0.356 0.258 0.597 0.686
107.680 10 0.358 0.264 0.595 0.686
107.720 10 0.358 0.264 0.597 0.686
107.760 10 0.361 0.267 0.598 0.689
107.800 10 0.361 0.269 0.598 0.689
107.840 10 0.362 0.272 0.600 0.692
107.880 10 0.362 0.275 0.602 0.697
107.920 10 0.364 0.281 0.602 0.700
107.960 10 0.366 0.283 0.605 0.706
108.000 10 0.364 0.267 0.606 0.697
108.040 10 0.362 0.267 0.600 0.689
108.080 10 0.358 0.261 0.598 0.686
108.120 10 0.367 0.261 0.605 0.683
108.160 10 0.361 0.253 0.603 0.681
108.200 10 0.369 0.250 0.609 0.675
108.240 10 0.366 0.244 0.606 0.672
108.280 10 0.375 0.244 0.613 0.667
108.320 10 0.370 0.239 0.611 0.664
108.360 10 0.378 0.236 0.617 0.658
108.400 10 0.372 0.228 0.613 0.653
108.440 10 0.378 0.222 0.619 0.647
108.480 10 0.373 0.214 0.616 0.644
108.520 10 0.378 0.203 0.623 0.636
108.560 10 0.373 0.194 0.619 0.628
108.600 10 0.381 0.186 0.627 0.619
108.640 10 0.377 0.175 0.622 0.611
108.680 10 0.378 0.167 0.625 0.603
108.720 10 0.377 0.164 0.623 0.600
108.760 10 0.377 0.164 0.623 0.600
108.800 10 0.370 0.161 0.616 0.597
108.840 10 0.367 0.161 0.613 0.597
108.880 10 0.364 0.164 0.608 0.597
108.920 10 0.353 0.164 0.598 0.597
108.960 10 0.352 0.169 0.594 0.600
109.000 10 0.338 0.172 0.580 0.600
109.040 10 0.341 0.178 0.589 0.617
109.080 10 0.341 0.186 0.584 0.614
109.120 10 0.334 0.194 0.577 0.619
109.160 10 0.328 0.200 0.569 0.625
109.200 10 0.331 0.203 0.573 0.631
109.240 10 0.325 0.211 0.567 0.636
109.280 10 0.330 0.217 0.572 0.642
109.320 10 0.328 0.219 0.567 0.644
109.360 10 0.328 0.222 0.567 0.644
109.400 10 0.325 0.217 0.566 0.642
109.440 10 0.331 0.211 0.572 0.636
109.480 10 0.328 0.208 0.569 0.631
109.520 10 0.338 0.203 0.575 0.625
109.560 10 0.336 0.203 0.570 0.617
109.600 10 0.342 0.203 0.577 0.614
109.640 10 0.339 0.200 0.572 0.611
109.680 10 0.342 0.208 0.575 0.617
109.720 10 0.336 0.208 0.567 0.619
109.760 10 0.338 0.208 0.569 0.617
109.800 10 0.330 0.200 0.564 0.614
109.840 10 0.334 0.194 0.567 0.606
109.880 10 0.331 0.186 0.566 0.603
109.920 10 0.331 0.183 0.566 0.597
109.960 10 0.331 0.181 0.566 0.592
110.000 10 0.338 0.172 0.580 0.600
110.040 10 0.328 0.164 0.572 0.594
110.080 10 0.327 0.158 0.570 0.592
110.120 10 0.327 0.156 0.569 0.589
110.160 10 0.327 0.158 0.569 0.586
110.200 10 0.319 0.156 0.561 0.586
110.240 10 0.320 0.158 0.562 0.586
110.280 10 0.312 0.161 0.555 0.589
110.320 10 0.314 0.167 0.555 0.594
110.360 10 0.306 0.172 0.547 0.597
110.400 10 0.308 0.178 0.547 0.603
110.440 10 0.298 0.183 0.541 0.608
110.480 10 0.302 0.189 0.542 0.617
110.520 10 0.295 0.200 0.536 0.625
110.560 10 0.294 0.208 0.533 0.633
110.600 10 0.292 0.219 0.531 0.644
110.640 10 0.287 0.225 0.525 0.644
110.680 10 0.295 0.228 0.531 0.644
110.720 10 0.292 0.228 0.528 0.647
110.760 10 0.295 0.217 0.534 0.639
110.800 10 0.298 0.214 0.536 0.633
110.840 10 0.303 0.208 0.539 0.625
110.880 10 0.309 0.203 0.545 0.619
110.920 10 0.312 0.194 0.548 0.611
110.960 10 0.317 0.192 0.550 0.603
111.000 10 0.311 0.172 0.552 0.600
111.040 10 0.320 0.169 0.558 0.592
111.080 10 0.314 0.161 0.556 0.589
111.120 10 0.312 0.158 0.555 0.589
128.440 11 0.500 0.228 0.731 0.636
128.480 11 0.491 0.225 0.725 0.642
128.520 11 0.502 0.225 0.739 0.647
128.560 11 0.495 0.225 0.731 0.644
128.600 11 0.497 0.231 0.733 0.647
128.640 11 0.480 0.219 0.722 0.650
128.680 11 0.486 0.228 0.723 0.653
128.720 11 0.472 0.228 0.711 0.653
128.760 11 0.483 0.228 0.723 0.656
128.800 11 0.477 0.228 0.719 0.658
128.840 11 0.475 0.228 0.716 0.656
128.880 11 0.472 0.225 0.714 0.656
128.920 11 0.470 0.222 0.713 0.653
128.960 11 0.464 0.219 0.709 0.656
129.000 11 0.472 0.219 0.714 0.650
129.040 11 0.470 0.222 0.714 0.653
129.080 11 0.472 0.219 0.714 0.650
129.120 11 0.470 0.214 0.716 0.650
129.160 11 0.472 0.211 0.717 0.647
129.200 11 0.473 0.211 0.717 0.644
129.240 11 0.473 0.206 0.719 0.642
129.280 11 0.475 0.206 0.719 0.639
129.320 11 0.477 0.206 0.722 0.642
129.360 11 0.481 0.206 0.725 0.639
129.400 11 0.480 0.206 0.725 0.642
129.440 11 0.480 0.211 0.719 0.636
129.480 11 0.484 0.214 0.723 0.639
129.520 11 0.481 0.211 0.722 0.639
129.560 11 0.483 0.214 0.722 0.639
129.600 11 0.481 0.211 0.723 0.639
129.640 11 0.480 0.211 0.720 0.639
129.680 11 0.483 0.214 0.723 0.639
129.720 11 0.481 0.211 0.719 0.631
129.760 11 0.484 0.211 0.723 0.633
129.800 11 0.478 0.208 0.719 0.636
129.840 11 0.477 0.206 0.719 0.639
129.880 11 0.481 0.208 0.722 0.639
129.920 11 0.470 0.208 0.716 0.644
129.960 11 0.473 0.211 0.720 0.647
130.000 11 0.472 0.219 0.714 0.650
130.040 11 0.461 0.217 0.708 0.653
130.080 11 0.470 0.219 0.713 0.650
130.120 11 0.464 0.217 0.705 0.644
130.160 11 0.466 0.211 0.719 0.661
130.200 11 0.466 0.217 0.711 0.650
130.240 11 0.466 0.219 0.705 0.647
130.280 11 0.472 0.225 0.711 0.650
130.320 11 0.469 0.225 0.706 0.647
130.360 11 0.466 0.222 0.709 0.656
130.400 11 0.473 0.225 0.713 0.650
130.440 11 0.467 0.219 0.709 0.653
130.480 11 0.475 0.225 0.714 0.650
130.520 11 0.469 0.222 0.711 0.653
130.560 11 0.477 0.225 0.714 0.647
130.600 11 0.470 0.219 0.711 0.647
130.640 11 0.478 0.222 0.716 0.644
130.680 11 0.475 0.219 0.714 0.647
130.720 11 0.475 0.222 0.716 0.650
130.760 11 0.475 0.222 0.716 0.653
130.800 11 0.475 0.225 0.717 0.656
130.840 11 0.475 0.225 0.717 0.656
130.880 11 0.470 0.219 0.716 0.658
130.920 11 0.480 0.225 0.720 0.650
130.960 11 0.473 0.219 0.717 0.653
131.000 11 0.472 0.219 0.714 0.650
131.040 11 0.483 0.231 0.719 0.650
131.080 11 0.481 0.225 0.720 0.650
131.120 11 0.483 0.225 0.720 0.647
131.160 11 0.483 0.219 0.725 0.650
131.200 11 0.480 0.217 0.725 0.653
131.240 11 0.487 0.219 0.731 0.650
131.280 11 0.483 0.217 0.727 0.650
131.320 11 0.489 0.217 0.733 0.650
131.360 11 0.484 0.214 0.728 0.647
131.400 11 0.491 0.214 0.734 0.647
131.440 11 0.486 0.214 0.730 0.644
131.480 11 0.492 0.214 0.736 0.647
131.520 11 0.487 0.214 0.731 0.644
131.560 11 0.486 0.211 0.733 0.650
131.600 11 0.492 0.214 0.734 0.644
131.640 11 0.492 0.211 0.738 0.647
131.680 11 0.494 0.214 0.738 0.644
131.720 11 0.494 0.211 0.739 0.644
131.760 11 0.497 0.211 0.742 0.644
131.800 11 0.494 0.211 0.739 0.644
131.840 11 0.491 0.208 0.736 0.644
131.880 11 0.495 0.211 0.741 0.644
131.920 11 0.487 0.206 0.736 0.647
131.960 11 0.492 0.208 0.741 0.650
132.000 11 0.498 0.219 0.741 0.650
132.040 11 0.487 0.217 0.731 0.650
132.080 11 0.487 0.217 0.730 0.647
132.120 11 0.487 0.219 0.728 0.647
132.160 11 0.487 0.222 0.725 0.644
132.200 11 0.486 0.219 0.727 0.647
132.240 11 0.481 0.219 0.727 0.656
132.280 11 0.478 0.219 0.722 0.653
132.320 11 0.480 0.219 0.728 0.661
132.360 11 0.477 0.222 0.722 0.656
132.400 11 0.483 0.225 0.730 0.664
132.440 11 0.475 0.225 0.719 0.661
132.480 11 0.484 0.231 0.728 0.664
132.520 11 0.475 0.231 0.717 0.661
132.560 11 0.484 0.233 0.727 0.667
132.600 11 0.477 0.233 0.716 0.661
132.640 11 0.486 0.239 0.725 0.661
132.680 11 0.477 0.233 0.717 0.661
132.720 11 0.487 0.239 0.725 0.661
132.760 11 0.477 0.231 0.717 0.658
132.800 11 0.486 0.236 0.720 0.656
132.840 11 0.483 0.231 0.720 0.656
132.880 11 0.481 0.228 0.722 0.653
132.920 11 0.484 0.225 0.725 0.653
132.960 11 0.480 0.225 0.719 0.650
133.000 11 0.472 0.219 0.714 0.650
133.040 11 0.483 0.247 0.705 0.639
133.080 11 0.481 0.244 0.703 0.639
133.120 11 0.484 0.242 0.706 0.636
133.160 11 0.483 0.239 0.706 0.636
133.200 11 0.486 0.239 0.709 0.633
133.240 11 0.484 0.236 0.706 0.633
133.280 11 0.484 0.233 0.708 0.631
133.320 11 0.487 0.233 0.711 0.631
133.360 11 0.486 0.233 0.709 0.631
133.400 11 0.492 0.236 0.714 0.628
133.440 11 0.503 0.239 0.723 0.631
133.480 11 0.509 0.236 0.730 0.628
133.520 11 0.514 0.233 0.736 0.628
133.560 11 0.517 0.233 0.739 0.628
133.600 11 0.514 0.233 0.736 0.628
133.640 11 0.517 0.233 0.741 0.631
133.680 11 0.512 0.236 0.734 0.631
133.720 11 0.516 0.233 0.739 0.631
133.760 11 0.519 0.236 0.742 0.631
133.800 11 0.528 0.236 0.750 0.633
133.840 11 0.534 0.228 0.758 0.628
133.880 11 0.541 0.231 0.764 0.628
133.920 11 0.536 0.231 0.761 0.631
133.960 11 0.537 0.228 0.767 0.633
134.000 11 0.550 0.261 0.752 0.619
134.040 11 0.550 0.250 0.758 0.619
134.080 11 0.547 0.250 0.753 0.617
134.120 11 0.552 0.253 0.755 0.617
134.160 11 0.547 0.253 0.748 0.614
134.200 11 0.556 0.258 0.753 0.608
134.240 11 0.555 0.253 0.753 0.606
134.280 11 0.558 0.247 0.761 0.608
134.320 11 0.566 0.247 0.766 0.603
134.360 11 0.567 0.244 0.769 0.606
134.400 11 0.564 0.244 0.767 0.606
134.440 11 0.564 0.242 0.772 0.611
134.480 11 0.559 0.247 0.762 0.608
134.520 11 0.562 0.253 0.762 0.608
134.560 11 0.559 0.256 0.756 0.606
134.600 11 0.566 0.256 0.762 0.606
134.640 11 0.564 0.256 0.764 0.608
134.680 11 0.570 0.256 0.772 0.614
134.720 11 0.567 0.258 0.770 0.619
134.760 11 0.569 0.258 0.773 0.625
134.800 11 0.564 0.264 0.767 0.625
134.840 11 0.559 0.269 0.761 0.628
134.880 11 0.552 0.269 0.752 0.625
134.920 11 0.548 0.267 0.750 0.625
134.960 11 0.545 0.269 0.747 0.625
135.000 11 0.550 0.261 0.752 0.619
135.040 11 0.550 0.261 0.753 0.619
135.080 11 0.555 0.258 0.761 0.625
135.120 11 0.553 0.256 0.759 0.622
135.160 11 0.561 0.256 0.766 0.622
135.200 11 0.558 0.256 0.762 0.619
135.240 11 0.566 0.258 0.769 0.619
135.280 11 0.562 0.256 0.769 0.622
135.320 11 0.564 0.253 0.773 0.625
135.360 11 0.567 0.256 0.775 0.625
135.400 11 0.561 0.253 0.770 0.628
135.440 11 0.562 0.256 0.772 0.631
135.480 11 0.550 0.256 0.761 0.631
135.520 11 0.539 0.253 0.758 0.644
135.560 11 0.527 0.267 0.745 0.656
135.440 12 0.550 0.203 0.798 0.642
135.480 12 0.542 0.206 0.789 0.644
135.520 12 0.534 0.211 0.781 0.650
135.560 12 0.527 0.219 0.772 0.656
135.600 12 0.519 0.233 0.764 0.667
135.640 12 0.509 0.239 0.756 0.681
135.680 12 0.500 0.239 0.748 0.681
135.720 12 0.487 0.256 0.734 0.694
135.760 12 0.481 0.250 0.734 0.697
135.800 12 0.467 0.247 0.720 0.697
135.840 12 0.475 0.239 0.728 0.692
135.880 12 0.463 0.231 0.716 0.678
135.920 12 0.470 0.219 0.725 0.672
135.960 12 0.461 0.217 0.711 0.664
136.000 12 0.472 0.219 0.714 0.650
136.040 12 0.475 0.231 0.716 0.656
136.080 12 0.473 0.228 0.716 0.658
136.120 12 0.475 0.231 0.716 0.661
136.160 12 0.475 0.236 0.717 0.664
136.200 12 0.477 0.239 0.717 0.669
136.240 12 0.477 0.244 0.719 0.675
136.280 12 0.477 0.253 0.719 0.683
136.320 12 0.480 0.264 0.720 0.689
136.360 12 0.475 0.269 0.714 0.697
136.400 12 0.480 0.278 0.717 0.700
136.440 12 0.475 0.278 0.716 0.703
136.480 12 0.472 0.278 0.711 0.703
136.520 12 0.475 0.278 0.716 0.706
136.560 12 0.473 0.275 0.713 0.700
136.600 12 0.472 0.269 0.711 0.694
136.640 12 0.472 0.261 0.711 0.689
136.680 12 0.470 0.253 0.713 0.681
136.720 12 0.472 0.247 0.713 0.675
136.760 12 0.472 0.247 0.713 0.675
136.800 12 0.475 0.253 0.714 0.678
136.840 12 0.477 0.261 0.714 0.683
136.880 12 0.477 0.267 0.714 0.689
136.920 12 0.473 0.264 0.713 0.689
136.960 12 0.477 0.261 0.717 0.689
137.000 12 0.472 0.267 0.714 0.697
137.040 12 0.480 0.269 0.717 0.692
137.080 12 0.473 0.264 0.716 0.694
137.120 12 0.475 0.267 0.716 0.694
137.160 12 0.477 0.269 0.717 0.697
137.200 12 0.478 0.278 0.717 0.703
137.240 12 0.480 0.286 0.717 0.711
137.280 12 0.478 0.294 0.717 0.719
137.320 12 0.473 0.297 0.711 0.719
137.360 12 0.481 0.303 0.719 0.722
137.400 12 0.478 0.289 0.719 0.717
137.440 12 0.484 0.286 0.725 0.711
137.480 12 0.478 0.275 0.722 0.708
137.520 12 0.486 0.267 0.728 0.697
137.560 12 0.481 0.258 0.725 0.692
137.600 12 0.491 0.250 0.733 0.683
137.640 12 0.484 0.244 0.728 0.675
137.680 12 0.492 0.242 0.733 0.669
137.720 12 0.486 0.233 0.731 0.667
141.520 13 0.527 0.303 0.730 0.667
141.560 13 0.519 0.303 0.722 0.664
141.600 13 0.523 0.300 0.730 0.667
141.640 13 0.520 0.300 0.727 0.667
141.680 13 0.525 0.294 0.734 0.669
141.720 13 0.527 0.294 0.739 0.672
141.760 13 0.520 0.294 0.731 0.669
141.800 13 0.534 0.303 0.741 0.669
141.840 13 0.520 0.294 0.730 0.667
141.880 13 0.531 0.297 0.741 0.669
141.920 13 0.525 0.297 0.734 0.667
141.960 13 0.530 0.297 0.738 0.669
142.000 13 0.527 0.303 0.728 0.661
142.040 13 0.516 0.253 0.736 0.647
142.080 13 0.512 0.256 0.734 0.647
142.120 13 0.516 0.256 0.736 0.647
142.160 13 0.511 0.256 0.731 0.647
142.200 13 0.511 0.258 0.730 0.647
142.240 13 0.508 0.258 0.728 0.650
142.280 13 0.506 0.261 0.727 0.650
142.320 13 0.505 0.264 0.723 0.653
142.360 13 0.503 0.264 0.723 0.656
142.400 13 0.502 0.267 0.722 0.656
142.440 13 0.502 0.267 0.720 0.656
142.480 13 0.498 0.267 0.720 0.658
142.520 13 0.498 0.269 0.719 0.661
142.560 13 0.497 0.267 0.717 0.658
142.600 13 0.498 0.269 0.717 0.658
142.640 13 0.494 0.267 0.713 0.658
142.680 13 0.492 0.267 0.713 0.658
142.720 13 0.491 0.267 0.711 0.658
142.760 13 0.489 0.267 0.706 0.656
142.800 13 0.494 0.269 0.711 0.656
142.840 13 0.486 0.267 0.706 0.658
142.880 13 0.491 0.269 0.709 0.658
142.920 13 0.484 0.269 0.705 0.661
142.960 13 0.489 0.272 0.708 0.661
143.000 13 0.472 0.219 0.714 0.650
143.040 13 0.463 0.222 0.706 0.656
143.080 13 0.463 0.225 0.705 0.656
143.120 13 0.463 0.228 0.703 0.656
143.160 13 0.463 0.225 0.703 0.656
143.200 13 0.463 0.228 0.703 0.658
143.240 13 0.463 0.228 0.705 0.658
143.280 13 0.463 0.228 0.705 0.661
143.320 13 0.459 0.225 0.703 0.658
143.360 13 0.466 0.228 0.708 0.658
143.400 13 0.459 0.225 0.703 0.658
143.440 13 0.464 0.231 0.705 0.658
143.480 13 0.467 0.228 0.708 0.656
143.520 13 0.464 0.228 0.705 0.658
143.560 13 0.464 0.228 0.705 0.658
143.600 13 0.467 0.231 0.706 0.656
143.640 13 0.464 0.228 0.705 0.658
143.680 13 0.467 0.228 0.708 0.656
143.720 13 0.463 0.225 0.705 0.656
143.760 13 0.461 0.222 0.705 0.656
143.800 13 0.459 0.219 0.703 0.653
143.840 13 0.458 0.217 0.702 0.653
143.880 13 0.456 0.217 0.700 0.653
143.920 13 0.455 0.217 0.697 0.650
143.960 13 0.453 0.217 0.695 0.647
144.000 13 0.445 0.219 0.686 0.650
144.040 13 0.448 0.231 0.684 0.653
144.080 13 0.448 0.231 0.683 0.650
144.120 13 0.447 0.228 0.683 0.650
144.160 13 0.445 0.225 0.680 0.647
144.200 13 0.447 0.222 0.684 0.647
144.240 13 0.444 0.222 0.681 0.647
144.280 13 0.442 0.219 0.683 0.653
144.320 13 0.442 0.225 0.681 0.650
144.360 13 0.439 0.225 0.678 0.650
144.400 13 0.444 0.228 0.684 0.656
144.440 13 0.441 0.225 0.677 0.650
144.480 13 0.445 0.225 0.684 0.650
144.520 13 0.442 0.225 0.680 0.650
144.560 13 0.447 0.222 0.686 0.650
144.600 13 0.442 0.219 0.681 0.647
144.640 13 0.447 0.217 0.688 0.647
144.680 13 0.444 0.214 0.684 0.644
144.720 13 0.447 0.214 0.689 0.647
144.760 13 0.442 0.208 0.688 0.647
144.800 13 0.444 0.211 0.688 0.647
144.840 13 0.447 0.214 0.688 0.647
144.880 13 0.447 0.211 0.691 0.647
144.920 13 0.447 0.211 0.689 0.644
144.960 13 0.445 0.211 0.686 0.642
145.000 13 0.445 0.219 0.686 0.650
145.040 13 0.452 0.208 0.689 0.633
145.080 13 0.450 0.206 0.686 0.628
145.120 13 0.448 0.206 0.683 0.622
145.160 13 0.450 0.203 0.680 0.617
145.200 13 0.452 0.206 0.680 0.614
145.240 13 0.448 0.206 0.678 0.614
145.280 13 0.448 0.206 0.678 0.617
145.320 13 0.445 0.208 0.677 0.622
145.360 13 0.447 0.214 0.680 0.628
145.400 13 0.452 0.222 0.683 0.639
145.440 13 0.445 0.233 0.673 0.639
145.480 13 0.448 0.244 0.675 0.647
145.520 13 0.448 0.253 0.675 0.658
145.560 13 0.445 0.250 0.675 0.661
145.600 13 0.450 0.253 0.677 0.658
145.640 13 0.445 0.250 0.675 0.658
145.680 13 0.445 0.242 0.677 0.656
145.720 13 0.444 0.239 0.677 0.653
145.760 13 0.444 0.233 0.677 0.650
145.800 13 0.439 0.222 0.678 0.650
145.840 13 0.444 0.222 0.683 0.650
145.880 13 0.439 0.225 0.675 0.647
145.920 13 0.444 0.231 0.680 0.650
145.960 13 0.439 0.233 0.673 0.653
146.000 13 0.445 0.219 0.686 0.650
146.040 13 0.433 0.231 0.672 0.658
146.080 13 0.441 0.231 0.678 0.656
146.120 13 0.436 0.225 0.675 0.656
146.160 13 0.444 0.222 0.683 0.650
146.200 13 0.441 0.222 0.677 0.642
146.240 13 0.448 0.219 0.684 0.642
146.280 13 0.445 0.217 0.681 0.639
146.320 13 0.453 0.214 0.689 0.636
146.360 13 0.448 0.214 0.684 0.636
146.400 13 0.456 0.211 0.692 0.636
146.440 13 0.452 0.211 0.692 0.642
146.480 13 0.452 0.211 0.697 0.647
146.520 13 0.450 0.214 0.691 0.642
146.560 13 0.456 0.214 0.695 0.642
146.600 13 0.452 0.208 0.692 0.639
146.640 13 0.456 0.206 0.698 0.636
146.680 13 0.450 0.197 0.695 0.633
146.720 13 0.456 0.194 0.700 0.631
146.760 13 0.450 0.189 0.697 0.628
146.800 13 0.458 0.189 0.702 0.625
146.840 13 0.455 0.186 0.700 0.625
146.880 13 0.455 0.189 0.702 0.631
146.920 13 0.453 0.194 0.697 0.631
146.960 13 0.459 0.200 0.702 0.636
147.000 13 0.445 0.219 0.686 0.650
147.040 13 0.439 0.225 0.681 0.658
147.080 13 0.438 0.233 0.680 0.667
147.120 13 0.436 0.244 0.678 0.675
147.160 13 0.448 0.253 0.689 0.683
147.200 13 0.441 0.258 0.680 0.686
147.240 13 0.444 0.258 0.683 0.686
147.280 13 0.452 0.256 0.691 0.683
147.320 13 0.448 0.253 0.686 0.678
147.360 13 0.456 0.250 0.692 0.672
147.400 13 0.450 0.244 0.689 0.672
147.440 13 0.455 0.239 0.695 0.669
147.480 13 0.452 0.236 0.691 0.667
147.520 13 0.455 0.231 0.698 0.667
147.560 13 0.453 0.231 0.692 0.661
147.600 13 0.459 0.231 0.698 0.661
147.640 13 0.455 0.228 0.695 0.658
166.600 14 0.575 0.164 0.722 0.425
166.640 14 0.580 0.167 0.725 0.422
166.680 14 0.580 0.164 0.723 0.422
166.720 14 0.584 0.164 0.728 0.419
166.760 14 0.584 0.164 0.727 0.417
166.800 14 0.589 0.161 0.730 0.411
166.840 14 0.594 0.156 0.734 0.406
166.880 14 0.592 0.153 0.733 0.403
166.920 14 0.597 0.153 0.738 0.403
166.960 14 0.598 0.153 0.738 0.403
167.000 14 0.598 0.153 0.739 0.403
167.040 14 0.600 0.150 0.742 0.403
167.080 14 0.598 0.150 0.741 0.400
167.120 14 0.600 0.147 0.742 0.403
167.160 14 0.602 0.150 0.744 0.403
167.200 14 0.603 0.150 0.745 0.403
167.240 14 0.605 0.150 0.747 0.403
167.280 14 0.605 0.150 0.748 0.406
167.320 14 0.606 0.153 0.750 0.406
167.360 14 0.608 0.153 0.750 0.406
167.400 14 0.609 0.153 0.752 0.408
167.440 14 0.608 0.153 0.752 0.408
167.480 14 0.611 0.153 0.753 0.408
167.520 14 0.611 0.153 0.755 0.408
167.560 14 0.613 0.153 0.756 0.408
167.600 14 0.614 0.156 0.756 0.408
167.640 14 0.614 0.158 0.756 0.408
167.680 14 0.616 0.158 0.756 0.408
167.720 14 0.616 0.158 0.758 0.408
167.760 14 0.613 0.156 0.755 0.408
167.800 14 0.616 0.158 0.756 0.408
167.840 14 0.614 0.158 0.755 0.406
167.880 14 0.614 0.156 0.756 0.408
167.920 14 0.614 0.156 0.756 0.408
167.960 14 0.614 0.156 0.756 0.408
168.000 14 0.614 0.153 0.755 0.403
168.040 14 0.616 0.156 0.755 0.403
168.080 14 0.617 0.156 0.756 0.403
168.120 14 0.617 0.156 0.756 0.403
168.160 14 0.617 0.156 0.756 0.406
168.200 14 0.617 0.156 0.756 0.406
168.240 14 0.617 0.156 0.756 0.406
168.280 14 0.616 0.158 0.755 0.403
168.320 14 0.620 0.158 0.756 0.403
168.360 14 0.616 0.156 0.756 0.406
168.400 14 0.619 0.158 0.758 0.403
168.440 14 0.616 0.156 0.755 0.403
168.480 14 0.619 0.156 0.759 0.406
168.520 14 0.616 0.156 0.755 0.403
168.560 14 0.620 0.158 0.758 0.403
168.600 14 0.616 0.156 0.755 0.403
168.640 14 0.617 0.156 0.756 0.403
168.680 14 0.616 0.153 0.756 0.403
168.720 14 0.616 0.153 0.756 0.403
168.760 14 0.616 0.153 0.756 0.403
168.800 14 0.616 0.153 0.756 0.403
168.840 14 0.614 0.153 0.755 0.403
168.880 14 0.614 0.153 0.755 0.403
168.920 14 0.614 0.153 0.755 0.403
168.960 14 0.613 0.150 0.753 0.403
169.000 14 0.614 0.153 0.755 0.403
169.040 14 0.611 0.156 0.758 0.419
169.080 14 0.614 0.158 0.759 0.417
169.120 14 0.611 0.158 0.755 0.414
169.160 14 0.613 0.156 0.756 0.414
169.200 14 0.608 0.158 0.752 0.411
169.240 14 0.611 0.158 0.753 0.411
169.280 14 0.608 0.156 0.752 0.414
169.320 14 0.608 0.158 0.752 0.414
169.360 14 0.605 0.156 0.750 0.414
169.400 14 0.603 0.156 0.750 0.417
169.440 14 0.600 0.156 0.747 0.417
169.480 14 0.600 0.158 0.745 0.414
169.520 14 0.597 0.156 0.742 0.414
169.560 14 0.595 0.161 0.739 0.417
169.600 14 0.595 0.164 0.738 0.417
169.640 14 0.592 0.169 0.733 0.419
169.680 14 0.591 0.175 0.730 0.419
169.720 14 0.586 0.178 0.725 0.425
169.760 14 0.588 0.183 0.722 0.422
169.800 14 0.584 0.183 0.719 0.422
169.840 14 0.586 0.181 0.720 0.422
169.880 14 0.581 0.181 0.717 0.422
169.920 14 0.583 0.178 0.720 0.422
169.960 14 0.581 0.175 0.720 0.422
170.000 14 0.583 0.181 0.723 0.431
170.040 14 0.586 0.175 0.728 0.428
170.080 14 0.584 0.175 0.725 0.425
170.120 14 0.588 0.169 0.728 0.419
170.160 14 0.584 0.169 0.723 0.417
170.200 14 0.588 0.161 0.731 0.417
170.240 14 0.581 0.158 0.727 0.417
170.280 14 0.588 0.158 0.733 0.419
170.320 14 0.584 0.158 0.728 0.414
170.360 14 0.588 0.164 0.727 0.411
170.400 14 0.589 0.164 0.728 0.411
170.440 14 0.586 0.164 0.725 0.411
170.480 14 0.586 0.167 0.727 0.414
170.520 14 0.584 0.167 0.725 0.417
170.560 14 0.584 0.169 0.725 0.419
170.600 14 0.584 0.172 0.725 0.422
170.640 14 0.581 0.178 0.722 0.428
170.680 14 0.580 0.178 0.722 0.431
170.720 14 0.581 0.183 0.722 0.433
170.760 14 0.578 0.183 0.719 0.436
170.800 14 0.580 0.186 0.720 0.436
170.840 14 0.581 0.186 0.719 0.433
170.880 14 0.581 0.189 0.720 0.436
170.920 14 0.578 0.183 0.720 0.436
170.960 14 0.581 0.183 0.722 0.436
171.000 14 0.583 0.181 0.723 0.431
171.040 14 0.580 0.183 0.717 0.428
171.080 14 0.580 0.183 0.716 0.425
171.120 14 0.583 0.186 0.717 0.425
171.160 14 0.578 0.181 0.716 0.425
171.200 14 0.578 0.178 0.719 0.425
171.240 14 0.577 0.175 0.719 0.425
171.280 14 0.581 0.175 0.722 0.425
171.320 14 0.575 0.172 0.717 0.428
171.360 14 0.575 0.169 0.723 0.433
171.400 14 0.575 0.167 0.722 0.431
171.440 14 0.570 0.161 0.723 0.433
171.480 14 0.572 0.161 0.725 0.433
171.520 14 0.570 0.156 0.727 0.433
171.560 14 0.575 0.158 0.725 0.425
171.600 14 0.575 0.156 0.727 0.425
171.640 14 0.575 0.156 0.725 0.419
171.680 14 0.577 0.156 0.725 0.422
171.720 14 0.577 0.156 0.723 0.419
171.760 14 0.578 0.156 0.727 0.419
171.800 14 0.577 0.158 0.722 0.419
171.840 14 0.573 0.158 0.723 0.425
171.880 14 0.572 0.161 0.722 0.428
171.920 14 0.572 0.169 0.719 0.428
171.960 14 0.572 0.175 0.716 0.428
172.000 14 0.567 0.181 0.708 0.431
172.040 14 0.570 0.183 0.708 0.428
172.080 14 0.569 0.183 0.708 0.431
172.120 14 0.567 0.181 0.706 0.428
172.160 14 0.567 0.178 0.706 0.428
172.200 14 0.567 0.175 0.706 0.425
172.240 14 0.566 0.175 0.706 0.422
172.280 14 0.566 0.172 0.706 0.422
172.320 14 0.566 0.172 0.706 0.422
172.360 14 0.566 0.172 0.705 0.419
172.400 14 0.566 0.172 0.705 0.419
172.440 14 0.566 0.172 0.705 0.419
172.480 14 0.564 0.169 0.703 0.417
172.520 14 0.567 0.172 0.705 0.417
172.560 14 0.564 0.169 0.703 0.417
172.600 14 0.564 0.167 0.705 0.417
172.640 14 0.564 0.167 0.703 0.417
172.680 14 0.566 0.167 0.705 0.414
172.720 14 0.567 0.169 0.703 0.411
172.760 14 0.566 0.167 0.702 0.411
172.800 14 0.567 0.167 0.702 0.406
172.840 14 0.569 0.164 0.703 0.406
172.880 14 0.564 0.161 0.702 0.403
172.920 14 0.564 0.158 0.705 0.406
172.960 14 0.566 0.156 0.706 0.406
173.000 14 0.567 0.153 0.708 0.403
173.040 14 0.569 0.150 0.713 0.406
173.080 14 0.567 0.150 0.711 0.406
173.120 14 0.569 0.153 0.709 0.403
173.160 14 0.564 0.153 0.706 0.403
173.200 14 0.569 0.156 0.708 0.403
173.240 14 0.567 0.161 0.702 0.400
173.280 14 0.569 0.161 0.705 0.406
173.320 14 0.564 0.167 0.700 0.408
173.360 14 0.564 0.175 0.698 0.414
173.400 14 0.564 0.183 0.697 0.419
173.440 14 0.562 0.192 0.695 0.425
173.480 14 0.562 0.200 0.692 0.431
173.520 14 0.558 0.203 0.689 0.436
173.560 14 0.558 0.200 0.688 0.433
173.600 14 0.550 0.197 0.681 0.431
173.640 14 0.539 0.194 0.672 0.431
173.680 14 0.530 0.197 0.661 0.431
173.800 14 0.505 0.153 0.647 0.408
173.840 14 0.494 0.153 0.636 0.408
173.880 14 0.486 0.153 0.628 0.408
173.920 14 0.484 0.153 0.625 0.406
173.960 14 0.478 0.153 0.617 0.403
174.000 14 0.475 0.153 0.614 0.403
174.040 14 0.473 0.153 0.611 0.400
174.080 14 0.467 0.150 0.608 0.403
174.120 14 0.470 0.156 0.606 0.403
174.160 14 0.461 0.156 0.600 0.403
185.080 15 0.570 0.147 0.713 0.400
185.120 15 0.573 0.147 0.716 0.400
185.160 15 0.575 0.147 0.719 0.403
185.200 15 0.570 0.144 0.714 0.400
185.240 15 0.575 0.144 0.722 0.403
185.280 15 0.573 0.147 0.716 0.400
185.320 15 0.570 0.144 0.716 0.400
185.360 15 0.575 0.144 0.722 0.403
185.400 15 0.569 0.144 0.714 0.403
185.440 15 0.575 0.144 0.720 0.403
185.480 15 0.573 0.147 0.716 0.403
185.520 15 0.573 0.144 0.720 0.408
185.560 15 0.567 0.144 0.714 0.406
185.600 15 0.572 0.144 0.719 0.408
185.640 15 0.570 0.150 0.713 0.403
185.680 15 0.570 0.147 0.717 0.408
185.720 15 0.564 0.144 0.711 0.406
185.760 15 0.572 0.147 0.719 0.408
185.800 15 0.566 0.147 0.709 0.406
185.840 15 0.575 0.153 0.714 0.400
185.880 15 0.569 0.153 0.709 0.403
185.920 15 0.569 0.153 0.709 0.403
185.960 15 0.572 0.156 0.713 0.403
186.000 15 0.567 0.153 0.708 0.403
186.040 15 0.561 0.147 0.706 0.408
186.080 15 0.567 0.147 0.714 0.408
186.120 15 0.566 0.150 0.709 0.406
186.160 15 0.570 0.150 0.713 0.403
186.200 15 0.564 0.150 0.705 0.400
186.240 15 0.569 0.150 0.709 0.400
186.280 15 0.564 0.147 0.708 0.403
186.320 15 0.561 0.150 0.703 0.403
186.360 15 0.562 0.150 0.706 0.406
186.400 15 0.559 0.150 0.703 0.403
186.440 15 0.558 0.150 0.700 0.403
186.480 15 0.552 0.150 0.691 0.397
186.520 15 0.547 0.156 0.686 0.403
186.560 15 0.544 0.158 0.680 0.400
186.600 15 0.539 0.158 0.675 0.400
186.640 15 0.531 0.158 0.667 0.400
186.680 15 0.527 0.150 0.662 0.394
