28.800 0 0.312 0.269 0.414 0.450
28.840 0 0.316 0.275 0.414 0.450
28.880 0 0.322 0.275 0.419 0.450
28.920 0 0.320 0.275 0.422 0.456
28.960 0 0.327 0.278 0.425 0.453
29.000 0 0.328 0.278 0.427 0.453
29.040 0 0.330 0.275 0.431 0.453
29.080 0 0.330 0.272 0.430 0.450
29.120 0 0.331 0.267 0.433 0.447
29.160 0 0.330 0.264 0.431 0.447
29.200 0 0.328 0.261 0.431 0.444
29.240 0 0.328 0.261 0.431 0.442
29.280 0 0.327 0.258 0.430 0.442
29.320 0 0.325 0.256 0.428 0.439
29.360 0 0.325 0.253 0.427 0.436
29.880 1 0.259 0.275 0.339 0.417
29.920 1 0.248 0.275 0.330 0.419
29.960 1 0.239 0.278 0.322 0.428
30.000 1 0.228 0.281 0.309 0.425
30.040 1 0.217 0.283 0.297 0.425
30.080 1 0.205 0.286 0.286 0.431
30.120 1 0.194 0.289 0.273 0.433
30.160 1 0.181 0.292 0.263 0.439
30.200 1 0.169 0.292 0.252 0.436
30.240 1 0.159 0.292 0.242 0.439
30.280 1 0.150 0.300 0.234 0.447
30.320 1 0.139 0.303 0.220 0.447
30.360 1 0.130 0.308 0.211 0.453
30.400 1 0.120 0.317 0.203 0.461
30.440 1 0.114 0.319 0.197 0.467
47.760 2 0.480 0.169 0.773 0.694
47.800 2 0.484 0.172 0.780 0.700
47.840 2 0.478 0.181 0.770 0.700
47.880 2 0.483 0.183 0.777 0.708
47.920 2 0.477 0.194 0.766 0.714
47.960 2 0.480 0.203 0.769 0.719
48.000 2 0.470 0.206 0.759 0.722
48.040 2 0.458 0.231 0.741 0.733
48.080 2 0.459 0.231 0.745 0.739
48.120 2 0.450 0.231 0.736 0.739
48.160 2 0.453 0.231 0.739 0.739
48.200 2 0.448 0.231 0.734 0.739
48.240 2 0.452 0.231 0.736 0.733
48.280 2 0.455 0.231 0.739 0.736
48.320 2 0.458 0.231 0.744 0.742
48.360 2 0.452 0.231 0.741 0.744
48.400 2 0.458 0.231 0.748 0.747
48.440 2 0.452 0.239 0.739 0.750
48.480 2 0.456 0.244 0.747 0.758
48.520 2 0.448 0.250 0.736 0.761
48.560 2 0.453 0.253 0.741 0.767
48.600 2 0.444 0.253 0.730 0.761
48.640 2 0.444 0.253 0.731 0.764
48.680 2 0.441 0.250 0.728 0.761
48.720 2 0.441 0.247 0.727 0.756
48.760 2 0.441 0.244 0.725 0.747
48.800 2 0.442 0.239 0.733 0.756
48.840 2 0.438 0.236 0.730 0.756
48.880 2 0.441 0.236 0.733 0.756
48.920 2 0.447 0.236 0.739 0.756
48.960 2 0.445 0.239 0.738 0.758
49.000 2 0.438 0.264 0.728 0.778
49.040 2 0.431 0.228 0.752 0.797
49.080 2 0.431 0.231 0.748 0.794
49.120 2 0.428 0.231 0.747 0.794
49.160 2 0.427 0.231 0.745 0.792
49.200 2 0.427 0.228 0.744 0.789
49.240 2 0.425 0.222 0.742 0.786
49.280 2 0.423 0.214 0.742 0.781
49.320 2 0.423 0.214 0.742 0.778
49.360 2 0.423 0.211 0.742 0.778
49.400 2 0.423 0.211 0.742 0.778
49.440 2 0.423 0.208 0.750 0.792
49.480 2 0.422 0.217 0.741 0.781
49.520 2 0.430 0.219 0.748 0.786
49.560 2 0.420 0.222 0.741 0.789
49.600 2 0.427 0.222 0.747 0.792
49.640 2 0.417 0.225 0.736 0.792
49.680 2 0.420 0.231 0.741 0.797
49.720 2 0.409 0.231 0.730 0.797
49.760 2 0.412 0.233 0.731 0.797
49.800 2 0.412 0.231 0.731 0.794
49.840 2 0.414 0.231 0.728 0.786
49.880 2 0.414 0.222 0.733 0.786
49.920 2 0.417 0.219 0.731 0.775
49.960 2 0.416 0.214 0.736 0.781
50.000 2 0.409 0.178 0.758 0.797
50.040 2 0.403 0.186 0.747 0.797
50.080 2 0.409 0.194 0.753 0.803
50.120 2 0.398 0.200 0.734 0.794
50.160 2 0.403 0.192 0.747 0.806
50.200 2 0.388 0.194 0.730 0.803
50.240 2 0.392 0.192 0.741 0.808
50.280 2 0.383 0.189 0.728 0.803
50.320 2 0.386 0.183 0.734 0.806
50.360 2 0.378 0.181 0.725 0.797
50.400 2 0.386 0.172 0.736 0.794
50.440 2 0.383 0.167 0.731 0.786
50.480 2 0.394 0.164 0.744 0.786
50.520 2 0.386 0.156 0.742 0.789
50.560 2 0.398 0.156 0.755 0.792
50.600 2 0.392 0.156 0.752 0.794
50.640 2 0.403 0.164 0.759 0.794
50.680 2 0.402 0.172 0.752 0.794
50.720 2 0.411 0.175 0.762 0.800
50.760 2 0.406 0.178 0.758 0.803
50.800 2 0.408 0.183 0.756 0.803
50.840 2 0.408 0.183 0.759 0.808
50.880 2 0.408 0.186 0.750 0.794
50.920 2 0.412 0.178 0.762 0.800
50.960 2 0.411 0.183 0.752 0.789
51.000 2 0.409 0.178 0.758 0.797
51.040 2 0.411 0.178 0.758 0.797
51.080 2 0.411 0.183 0.759 0.800
51.120 2 0.400 0.181 0.753 0.811
51.160 2 0.408 0.192 0.755 0.808
51.200 2 0.405 0.206 0.734 0.792
51.240 2 0.402 0.194 0.747 0.808
51.280 2 0.395 0.203 0.730 0.800
51.320 2 0.395 0.197 0.741 0.808
51.360 2 0.395 0.197 0.739 0.808
51.400 2 0.400 0.192 0.750 0.814
51.440 2 0.395 0.194 0.741 0.806
51.480 3 0.364 0.269 0.478 0.475
51.520 3 0.361 0.269 0.477 0.475
51.560 3 0.362 0.269 0.478 0.475
51.600 3 0.359 0.269 0.475 0.475
51.640 3 0.359 0.269 0.473 0.475
51.680 3 0.361 0.269 0.477 0.475
51.720 3 0.358 0.272 0.473 0.475
51.760 3 0.356 0.267 0.473 0.475
51.800 3 0.361 0.272 0.475 0.475
51.840 3 0.356 0.269 0.470 0.472
51.880 3 0.358 0.269 0.473 0.472
51.920 3 0.352 0.267 0.467 0.472
51.960 3 0.350 0.267 0.466 0.472
52.000 3 0.344 0.267 0.459 0.472
52.040 3 0.341 0.267 0.456 0.475
52.080 3 0.341 0.267 0.456 0.472
52.120 3 0.336 0.264 0.452 0.469
52.160 3 0.336 0.264 0.452 0.469
52.200 3 0.334 0.264 0.450 0.469
52.240 3 0.333 0.264 0.450 0.469
52.280 3 0.333 0.261 0.450 0.469
52.320 3 0.333 0.261 0.450 0.469
52.360 3 0.334 0.261 0.450 0.464
52.400 3 0.331 0.258 0.448 0.464
52.440 3 0.333 0.253 0.450 0.461
52.480 3 0.331 0.253 0.450 0.461
52.520 3 0.331 0.253 0.450 0.461
52.560 3 0.330 0.253 0.447 0.458
52.600 3 0.328 0.253 0.447 0.461
52.640 3 0.328 0.256 0.444 0.461
52.680 3 0.327 0.256 0.442 0.461
52.720 3 0.327 0.258 0.441 0.461
52.760 3 0.327 0.261 0.441 0.464
52.800 3 0.327 0.261 0.442 0.464
52.840 3 0.327 0.261 0.441 0.464
52.880 3 0.331 0.261 0.445 0.464
52.920 3 0.330 0.261 0.445 0.464
52.960 3 0.328 0.261 0.445 0.469
53.000 3 0.330 0.267 0.447 0.472
53.040 3 0.327 0.269 0.442 0.475
53.080 3 0.330 0.272 0.445 0.472
53.120 3 0.328 0.272 0.444 0.475
53.160 3 0.327 0.269 0.444 0.478
53.200 3 0.330 0.269 0.447 0.475
53.240 3 0.327 0.269 0.444 0.475
53.280 3 0.328 0.267 0.447 0.475
53.320 3 0.327 0.267 0.445 0.472
53.360 3 0.328 0.267 0.447 0.475
53.400 3 0.325 0.267 0.442 0.475
53.440 3 0.327 0.269 0.444 0.475
53.480 3 0.325 0.272 0.442 0.478
53.520 3 0.325 0.272 0.442 0.478
53.560 3 0.327 0.275 0.442 0.481
53.600 3 0.327 0.275 0.444 0.481
53.640 3 0.328 0.275 0.444 0.481
53.680 3 0.330 0.278 0.445 0.478
53.720 3 0.328 0.275 0.442 0.478
53.760 3 0.331 0.275 0.448 0.481
53.800 3 0.327 0.272 0.444 0.478
53.840 3 0.331 0.269 0.450 0.478
53.880 3 0.328 0.269 0.445 0.475
53.920 3 0.331 0.267 0.450 0.475
53.960 3 0.330 0.267 0.448 0.472
54.000 3 0.330 0.267 0.447 0.472
54.040 3 0.334 0.269 0.450 0.472
54.080 3 0.331 0.264 0.450 0.475
54.120 3 0.331 0.267 0.450 0.475
54.160 3 0.334 0.269 0.450 0.472
56.960 4 0.284 0.381 0.492 0.747
57.000 4 0.281 0.381 0.483 0.739
57.040 4 0.281 0.389 0.481 0.744
57.080 4 0.284 0.394 0.484 0.750
57.120 4 0.281 0.403 0.480 0.756
57.160 4 0.284 0.408 0.484 0.764
57.200 4 0.281 0.417 0.481 0.769
57.240 4 0.284 0.419 0.484 0.772
57.280 4 0.287 0.425 0.484 0.775
57.320 4 0.291 0.425 0.487 0.775
57.360 4 0.292 0.419 0.489 0.769
57.400 4 0.300 0.414 0.494 0.761
57.440 4 0.303 0.417 0.497 0.758
57.480 4 0.314 0.417 0.508 0.761
57.520 4 0.320 0.419 0.514 0.764
57.560 4 0.331 0.425 0.525 0.769
57.600 4 0.333 0.433 0.528 0.778
57.640 4 0.339 0.442 0.536 0.789
57.680 4 0.339 0.450 0.534 0.794
57.720 4 0.345 0.456 0.537 0.797
57.760 4 0.341 0.461 0.531 0.797
57.800 4 0.344 0.467 0.533 0.800
57.840 4 0.339 0.475 0.525 0.806
57.880 4 0.331 0.478 0.519 0.811
57.920 4 0.325 0.486 0.512 0.817
57.960 4 0.316 0.489 0.502 0.819
58.000 4 0.314 0.489 0.502 0.819
58.040 4 0.308 0.483 0.494 0.817
58.080 4 0.308 0.481 0.495 0.814
58.120 4 0.303 0.475 0.491 0.808
58.160 4 0.298 0.467 0.486 0.800
58.200 4 0.292 0.456 0.481 0.792
58.240 4 0.286 0.444 0.475 0.781
58.280 4 0.280 0.433 0.469 0.769
58.320 4 0.280 0.422 0.470 0.761
58.360 4 0.277 0.414 0.467 0.753
58.400 4 0.277 0.406 0.467 0.744
58.440 4 0.280 0.400 0.470 0.739
58.480 4 0.280 0.392 0.470 0.731
58.520 4 0.280 0.386 0.470 0.725
58.560 4 0.280 0.381 0.472 0.719
58.600 4 0.281 0.378 0.473 0.719
58.640 4 0.281 0.375 0.473 0.717
58.680 4 0.281 0.375 0.475 0.717
58.720 4 0.278 0.372 0.472 0.717
58.760 4 0.283 0.369 0.477 0.714
58.800 4 0.280 0.364 0.475 0.711
58.840 4 0.286 0.358 0.481 0.706
58.880 4 0.289 0.356 0.483 0.700
58.920 4 0.294 0.350 0.489 0.697
58.960 4 0.298 0.344 0.495 0.694
59.000 4 0.303 0.342 0.505 0.700
59.040 4 0.305 0.325 0.505 0.678
59.080 4 0.306 0.322 0.505 0.672
59.120 4 0.308 0.317 0.508 0.672
59.160 4 0.303 0.314 0.502 0.667
59.200 4 0.305 0.308 0.506 0.669
59.240 4 0.302 0.303 0.505 0.664
59.280 4 0.306 0.300 0.509 0.661
59.320 4 0.302 0.294 0.506 0.661
59.360 4 0.306 0.294 0.511 0.658
59.400 4 0.305 0.292 0.508 0.656
59.440 4 0.305 0.286 0.511 0.653
59.480 4 0.305 0.281 0.512 0.650
59.520 4 0.300 0.275 0.508 0.644
59.560 4 0.300 0.269 0.508 0.636
59.600 4 0.300 0.261 0.509 0.633
59.640 4 0.302 0.256 0.509 0.625
59.680 4 0.300 0.242 0.508 0.614
59.720 4 0.300 0.233 0.511 0.606
59.760 4 0.300 0.225 0.509 0.594
59.800 4 0.302 0.217 0.511 0.589
59.840 4 0.305 0.211 0.512 0.583
59.880 4 0.305 0.206 0.514 0.578
59.920 4 0.303 0.203 0.514 0.575
59.960 4 0.303 0.200 0.512 0.572
60.000 4 0.303 0.183 0.505 0.542
60.040 4 0.297 0.189 0.503 0.556
60.080 4 0.292 0.186 0.497 0.550
60.120 4 0.297 0.181 0.502 0.544
60.160 4 0.294 0.175 0.498 0.539
60.200 4 0.300 0.169 0.505 0.533
60.240 4 0.297 0.164 0.500 0.525
60.280 4 0.303 0.158 0.506 0.519
60.320 4 0.300 0.150 0.503 0.511
60.360 4 0.306 0.147 0.503 0.500
60.400 4 0.308 0.139 0.503 0.489
60.440 4 0.312 0.133 0.508 0.481
60.480 4 0.311 0.131 0.503 0.472
60.520 4 0.319 0.125 0.509 0.467
60.560 4 0.317 0.125 0.508 0.464
60.600 4 0.322 0.122 0.516 0.464
60.640 4 0.331 0.125 0.519 0.461
60.680 4 0.334 0.125 0.523 0.461
60.720 4 0.334 0.128 0.522 0.461
60.760 4 0.341 0.128 0.528 0.461
60.800 4 0.339 0.128 0.527 0.461
60.840 4 0.339 0.128 0.527 0.461
60.880 4 0.338 0.128 0.527 0.464
60.920 4 0.336 0.128 0.525 0.467
60.960 4 0.334 0.131 0.527 0.472
61.000 4 0.325 0.142 0.527 0.500
61.040 4 0.325 0.128 0.544 0.517
61.080 4 0.323 0.131 0.544 0.519
61.120 4 0.325 0.131 0.547 0.525
61.160 4 0.320 0.133 0.542 0.525
61.200 4 0.323 0.131 0.548 0.528
61.240 4 0.319 0.136 0.542 0.531
61.280 4 0.322 0.139 0.547 0.536
61.320 4 0.317 0.142 0.541 0.536
61.360 4 0.320 0.142 0.545 0.542
61.400 4 0.316 0.144 0.539 0.539
61.440 4 0.319 0.144 0.544 0.542
61.480 4 0.314 0.150 0.536 0.542
61.520 4 0.317 0.150 0.541 0.547
61.560 4 0.312 0.153 0.534 0.547
61.600 4 0.312 0.156 0.537 0.553
61.640 4 0.311 0.158 0.536 0.556
61.680 4 0.308 0.161 0.533 0.561
61.720 4 0.305 0.167 0.531 0.567
61.760 4 0.300 0.172 0.528 0.575
61.800 4 0.297 0.178 0.527 0.583
61.840 4 0.294 0.181 0.523 0.589
61.880 4 0.291 0.186 0.522 0.594
61.920 4 0.287 0.186 0.517 0.594
61.960 4 0.283 0.186 0.517 0.600
62.000 4 0.283 0.172 0.525 0.600
62.040 4 0.284 0.183 0.500 0.564
62.080 4 0.284 0.183 0.505 0.572
62.120 4 0.278 0.186 0.495 0.569
62.160 4 0.280 0.186 0.500 0.578
62.200 4 0.272 0.189 0.492 0.578
62.240 4 0.273 0.189 0.497 0.583
62.280 4 0.269 0.192 0.489 0.581
62.320 4 0.272 0.189 0.495 0.583
62.360 4 0.267 0.194 0.487 0.583
62.400 4 0.269 0.194 0.491 0.586
62.440 4 0.269 0.194 0.491 0.589
62.480 4 0.269 0.194 0.491 0.589
62.520 4 0.267 0.194 0.491 0.589
62.560 4 0.266 0.194 0.487 0.586
62.600 4 0.267 0.194 0.491 0.589
62.640 4 0.267 0.194 0.491 0.592
62.680 4 0.267 0.194 0.492 0.592
62.720 4 0.269 0.194 0.494 0.592
62.760 4 0.270 0.197 0.495 0.594
62.800 4 0.272 0.200 0.497 0.597
62.840 4 0.272 0.203 0.497 0.600
62.880 4 0.273 0.203 0.498 0.603
62.920 4 0.275 0.206 0.500 0.606
62.960 4 0.275 0.208 0.502 0.608
63.000 4 0.281 0.222 0.483 0.581
63.040 4 0.281 0.231 0.484 0.589
63.080 4 0.281 0.231 0.484 0.592
63.120 4 0.281 0.231 0.486 0.592
63.160 4 0.283 0.231 0.486 0.594
63.200 4 0.284 0.233 0.487 0.594
63.240 4 0.284 0.236 0.489 0.600
63.280 4 0.286 0.239 0.491 0.603
63.320 4 0.287 0.239 0.494 0.608
63.360 4 0.289 0.244 0.497 0.611
63.400 4 0.286 0.247 0.494 0.617
63.440 4 0.289 0.253 0.495 0.617
63.480 4 0.289 0.253 0.495 0.619
63.520 4 0.289 0.256 0.495 0.622
63.560 4 0.289 0.258 0.495 0.625
63.600 4 0.291 0.261 0.497 0.628
63.640 4 0.292 0.267 0.498 0.631
63.680 4 0.294 0.269 0.500 0.636
63.720 4 0.295 0.272 0.500 0.639
63.760 4 0.295 0.278 0.500 0.642
63.800 4 0.297 0.281 0.502 0.644
63.840 4 0.297 0.283 0.502 0.647
63.880 4 0.298 0.286 0.503 0.650
63.920 4 0.300 0.289 0.503 0.653
63.960 4 0.302 0.292 0.505 0.656
64.000 4 0.303 0.303 0.505 0.661
64.040 4 0.314 0.308 0.516 0.667
64.080 4 0.316 0.308 0.516 0.667
64.120 4 0.316 0.308 0.516 0.667
64.160 4 0.316 0.308 0.517 0.667
64.200 4 0.316 0.308 0.517 0.667
64.240 4 0.316 0.308 0.517 0.667
64.280 4 0.316 0.311 0.516 0.667
64.320 4 0.316 0.311 0.516 0.667
64.360 4 0.314 0.314 0.512 0.667
64.400 4 0.311 0.314 0.512 0.669
64.440 4 0.309 0.314 0.511 0.669
64.480 4 0.311 0.314 0.512 0.672
64.520 4 0.306 0.311 0.509 0.672
64.560 4 0.308 0.311 0.511 0.672
64.600 4 0.305 0.311 0.506 0.669
64.640 4 0.308 0.311 0.511 0.672
64.680 4 0.305 0.311 0.506 0.669
64.720 4 0.308 0.311 0.511 0.672
64.760 4 0.306 0.311 0.508 0.669
64.800 4 0.309 0.311 0.512 0.669
64.840 4 0.308 0.308 0.509 0.667
64.880 4 0.311 0.306 0.514 0.667
64.920 4 0.312 0.303 0.516 0.661
64.960 4 0.314 0.300 0.517 0.661
65.000 4 0.325 0.303 0.527 0.661
65.040 4 0.330 0.300 0.534 0.664
65.080 4 0.328 0.300 0.528 0.658
65.120 4 0.333 0.300 0.536 0.661
65.160 4 0.331 0.297 0.533 0.656
65.200 4 0.339 0.300 0.539 0.656
65.240 4 0.334 0.297 0.536 0.656
65.280 4 0.339 0.294 0.544 0.658
65.320 4 0.336 0.294 0.539 0.656
65.360 4 0.338 0.297 0.539 0.656
65.400 4 0.339 0.297 0.541 0.656
65.440 4 0.339 0.297 0.541 0.656
65.480 4 0.339 0.300 0.541 0.658
65.520 4 0.334 0.303 0.536 0.658
65.560 4 0.339 0.303 0.541 0.658
65.600 4 0.333 0.303 0.536 0.661
65.640 4 0.338 0.303 0.539 0.661
65.680 4 0.331 0.303 0.534 0.661
65.720 4 0.336 0.303 0.539 0.661
65.760 4 0.331 0.306 0.531 0.664
65.800 4 0.341 0.306 0.541 0.661
65.840 4 0.333 0.300 0.534 0.658
65.880 4 0.334 0.306 0.536 0.664
65.920 4 0.334 0.306 0.536 0.664
65.960 4 0.334 0.306 0.536 0.664
66.000 5 0.456 0.150 0.525 0.269
66.040 5 0.456 0.150 0.525 0.269
66.080 5 0.456 0.147 0.523 0.269
66.120 5 0.456 0.147 0.523 0.267
66.160 5 0.456 0.147 0.523 0.267
66.200 5 0.456 0.147 0.523 0.267
66.240 5 0.456 0.144 0.523 0.264
66.280 5 0.456 0.144 0.523 0.264
66.320 5 0.456 0.144 0.523 0.264
66.360 5 0.456 0.144 0.523 0.264
66.400 5 0.453 0.139 0.522 0.261
66.440 5 0.458 0.142 0.525 0.261
66.480 5 0.455 0.142 0.522 0.261
66.520 5 0.456 0.139 0.523 0.261
66.560 5 0.455 0.139 0.523 0.258
66.600 5 0.458 0.139 0.525 0.258
66.640 5 0.456 0.139 0.523 0.258
66.680 5 0.458 0.139 0.527 0.258
66.720 5 0.459 0.139 0.527 0.258
66.760 5 0.459 0.139 0.527 0.258
66.800 5 0.458 0.139 0.527 0.258
66.840 5 0.461 0.139 0.528 0.258
66.880 5 0.461 0.139 0.528 0.258
66.920 5 0.461 0.139 0.528 0.258
66.960 5 0.461 0.139 0.528 0.258
67.000 5 0.461 0.139 0.528 0.258
67.040 5 0.463 0.142 0.528 0.261
67.080 5 0.463 0.142 0.528 0.261
67.120 5 0.463 0.142 0.530 0.261
67.160 5 0.461 0.144 0.528 0.264
67.200 5 0.463 0.144 0.530 0.264
67.240 5 0.461 0.144 0.530 0.264
67.280 5 0.463 0.144 0.530 0.264
67.320 5 0.463 0.144 0.530 0.264
67.360 5 0.463 0.144 0.530 0.267
67.400 5 0.463 0.144 0.530 0.267
67.440 5 0.463 0.144 0.531 0.267
67.480 5 0.461 0.147 0.528 0.267
67.520 5 0.463 0.147 0.530 0.267
67.560 5 0.463 0.147 0.530 0.267
67.600 5 0.461 0.147 0.530 0.269
67.640 5 0.461 0.147 0.530 0.269
67.680 5 0.463 0.147 0.531 0.269
67.720 5 0.459 0.147 0.530 0.269
67.760 5 0.463 0.147 0.530 0.269
67.800 5 0.461 0.147 0.528 0.269
67.840 5 0.461 0.147 0.530 0.269
67.880 5 0.461 0.147 0.528 0.269
67.920 5 0.461 0.150 0.528 0.269
67.960 5 0.461 0.150 0.528 0.269
68.000 5 0.461 0.153 0.528 0.272
68.040 5 0.461 0.153 0.530 0.272
68.080 5 0.461 0.153 0.528 0.272
68.120 5 0.459 0.153 0.528 0.272
68.160 5 0.461 0.153 0.528 0.272
68.200 5 0.459 0.153 0.527 0.272
68.240 5 0.461 0.153 0.528 0.272
68.280 5 0.458 0.153 0.527 0.272
68.320 5 0.459 0.153 0.527 0.272
68.360 5 0.458 0.153 0.525 0.272
68.400 5 0.458 0.153 0.525 0.272
68.440 5 0.456 0.153 0.523 0.272
68.480 5 0.456 0.153 0.523 0.272
68.520 5 0.456 0.153 0.523 0.272
68.560 5 0.456 0.153 0.523 0.272
68.600 5 0.456 0.153 0.523 0.272
68.640 5 0.456 0.153 0.523 0.272
68.680 5 0.455 0.153 0.522 0.272
68.720 5 0.455 0.153 0.523 0.275
68.760 5 0.455 0.153 0.522 0.272
68.800 5 0.456 0.153 0.523 0.272
68.840 5 0.455 0.153 0.522 0.272
68.880 5 0.456 0.153 0.523 0.275
68.920 5 0.455 0.153 0.522 0.272
68.960 5 0.455 0.153 0.522 0.272
69.000 5 0.455 0.153 0.522 0.272
69.040 5 0.455 0.153 0.522 0.272
69.080 5 0.456 0.153 0.523 0.272
69.120 5 0.455 0.153 0.522 0.272
69.160 5 0.455 0.153 0.523 0.272
69.200 5 0.455 0.156 0.522 0.272
69.240 5 0.455 0.156 0.522 0.275
69.280 5 0.455 0.156 0.522 0.275
69.320 5 0.455 0.156 0.522 0.275
69.360 5 0.455 0.156 0.522 0.275
69.400 5 0.456 0.156 0.522 0.275
69.440 5 0.456 0.156 0.523 0.275
69.480 5 0.456 0.156 0.523 0.275
69.520 5 0.458 0.156 0.525 0.275
69.560 5 0.458 0.156 0.525 0.275
69.600 5 0.459 0.156 0.527 0.275
69.640 5 0.461 0.158 0.527 0.275
69.680 5 0.461 0.158 0.528 0.278
69.720 5 0.463 0.158 0.528 0.278
69.760 5 0.463 0.158 0.530 0.278
69.800 5 0.463 0.158 0.530 0.278
69.840 5 0.464 0.158 0.531 0.278
69.880 5 0.466 0.158 0.533 0.278
69.920 5 0.466 0.158 0.533 0.278
69.960 5 0.467 0.161 0.534 0.281
70.000 5 0.467 0.161 0.534 0.281
70.040 5 0.469 0.161 0.536 0.281
70.080 5 0.469 0.161 0.536 0.281
70.120 5 0.469 0.161 0.536 0.281
70.160 5 0.469 0.161 0.536 0.281
70.200 5 0.470 0.161 0.537 0.281
70.240 5 0.470 0.161 0.537 0.281
70.280 5 0.472 0.161 0.539 0.281
70.320 5 0.470 0.161 0.537 0.281
70.360 5 0.473 0.161 0.541 0.281
70.400 5 0.472 0.161 0.541 0.281
70.440 5 0.473 0.161 0.541 0.281
70.480 5 0.473 0.161 0.541 0.281
70.520 5 0.473 0.161 0.541 0.281
70.560 5 0.473 0.161 0.541 0.281
70.600 5 0.475 0.161 0.542 0.281
70.640 5 0.473 0.161 0.541 0.281
70.680 5 0.473 0.161 0.541 0.283
70.720 5 0.473 0.161 0.541 0.281
70.760 5 0.472 0.161 0.541 0.283
70.800 5 0.472 0.161 0.539 0.283
70.840 5 0.472 0.161 0.539 0.283
70.880 5 0.472 0.164 0.539 0.283
70.920 5 0.470 0.164 0.539 0.283
70.960 5 0.470 0.164 0.537 0.283
71.000 5 0.470 0.164 0.537 0.283
71.040 5 0.469 0.164 0.536 0.283
71.080 5 0.469 0.164 0.536 0.283
71.120 5 0.467 0.167 0.534 0.286
71.160 5 0.467 0.167 0.534 0.286
71.200 5 0.466 0.167 0.533 0.286
71.240 5 0.464 0.167 0.533 0.286
71.280 5 0.464 0.169 0.531 0.289
71.320 5 0.464 0.169 0.531 0.289
71.360 5 0.463 0.169 0.530 0.289
71.400 5 0.463 0.172 0.530 0.292
71.440 5 0.463 0.172 0.530 0.292
71.480 5 0.461 0.172 0.528 0.292
71.520 5 0.461 0.172 0.528 0.292
71.560 5 0.461 0.172 0.528 0.292
71.600 5 0.461 0.175 0.528 0.294
71.640 5 0.461 0.175 0.528 0.294
71.680 5 0.461 0.175 0.528 0.294
71.720 5 0.461 0.175 0.528 0.294
71.760 5 0.461 0.175 0.528 0.294
71.800 5 0.461 0.178 0.527 0.294
71.840 5 0.463 0.178 0.528 0.294
71.880 5 0.461 0.178 0.528 0.297
71.920 5 0.461 0.178 0.528 0.297
71.960 5 0.463 0.181 0.528 0.297
72.000 5 0.461 0.181 0.528 0.300
72.040 5 0.461 0.183 0.525 0.300
72.080 5 0.461 0.183 0.528 0.303
72.120 5 0.458 0.186 0.527 0.306
72.160 5 0.459 0.189 0.527 0.308
72.200 5 0.459 0.192 0.523 0.308
72.240 5 0.459 0.194 0.523 0.308
72.280 5 0.458 0.197 0.522 0.311
72.320 5 0.458 0.200 0.522 0.314
72.360 5 0.458 0.206 0.522 0.317
72.400 5 0.456 0.206 0.520 0.319
72.440 5 0.455 0.211 0.519 0.328
72.480 5 0.455 0.214 0.517 0.328
72.520 5 0.453 0.219 0.517 0.333
72.560 5 0.453 0.225 0.517 0.336
72.600 5 0.453 0.228 0.517 0.342
72.640 5 0.455 0.231 0.519 0.344
72.680 5 0.456 0.233 0.520 0.347
72.720 5 0.456 0.236 0.520 0.350
72.760 5 0.458 0.236 0.522 0.350
72.800 5 0.459 0.236 0.523 0.350
72.840 5 0.459 0.236 0.523 0.350
72.880 5 0.461 0.236 0.527 0.350
72.920 5 0.461 0.236 0.525 0.350
72.960 5 0.461 0.233 0.525 0.350
73.000 5 0.461 0.233 0.527 0.347
73.040 5 0.461 0.231 0.525 0.347
73.080 5 0.461 0.231 0.525 0.344
73.120 5 0.461 0.228 0.525 0.344
73.160 5 0.459 0.228 0.525 0.342
73.200 5 0.463 0.228 0.527 0.342
73.240 5 0.464 0.225 0.530 0.342
73.440 5 0.495 0.228 0.561 0.347
73.480 5 0.495 0.228 0.561 0.347
73.520 5 0.495 0.228 0.564 0.347
73.560 5 0.495 0.225 0.564 0.350
73.600 5 0.494 0.228 0.562 0.350
73.640 5 0.492 0.228 0.561 0.350
73.680 5 0.489 0.225 0.559 0.350
73.720 5 0.487 0.225 0.556 0.350
73.760 5 0.486 0.228 0.555 0.350
73.800 5 0.483 0.231 0.553 0.353
73.840 5 0.480 0.228 0.548 0.350
73.880 5 0.480 0.228 0.548 0.353
73.920 5 0.478 0.231 0.547 0.353
73.960 5 0.477 0.233 0.544 0.353
74.000 5 0.475 0.233 0.542 0.353
74.040 5 0.472 0.233 0.539 0.353
74.080 5 0.469 0.233 0.536 0.353
74.120 5 0.467 0.233 0.534 0.353
74.160 5 0.466 0.236 0.531 0.353
74.200 5 0.463 0.233 0.530 0.353
74.240 5 0.461 0.233 0.528 0.353
74.280 5 0.458 0.233 0.525 0.350
74.320 5 0.456 0.233 0.523 0.353
74.360 5 0.453 0.233 0.520 0.353
74.400 5 0.452 0.233 0.519 0.353
74.440 5 0.450 0.233 0.516 0.353
74.480 5 0.447 0.233 0.512 0.350
74.520 5 0.447 0.233 0.514 0.353
74.560 5 0.445 0.233 0.512 0.353
74.600 5 0.442 0.231 0.511 0.353
74.640 5 0.444 0.233 0.512 0.353
74.680 5 0.444 0.233 0.511 0.353
74.720 5 0.444 0.233 0.511 0.353
74.760 5 0.444 0.233 0.511 0.353
74.800 5 0.444 0.233 0.512 0.353
74.840 5 0.444 0.233 0.512 0.353
74.880 5 0.445 0.233 0.512 0.353
74.920 5 0.445 0.233 0.512 0.353
74.960 5 0.445 0.233 0.514 0.356
75.000 5 0.445 0.233 0.512 0.353
75.040 5 0.444 0.233 0.516 0.361
75.080 5 0.444 0.233 0.519 0.364
75.120 5 0.444 0.231 0.522 0.367
75.160 5 0.442 0.231 0.519 0.367
75.200 5 0.445 0.231 0.522 0.367
75.240 5 0.444 0.231 0.519 0.367
75.280 5 0.445 0.231 0.520 0.367
75.320 5 0.444 0.233 0.517 0.364
75.360 5 0.444 0.231 0.519 0.367
75.400 5 0.442 0.233 0.516 0.364
75.440 5 0.442 0.231 0.519 0.367
75.480 5 0.442 0.233 0.516 0.364
75.520 5 0.442 0.231 0.517 0.367
75.560 5 0.441 0.233 0.514 0.364
75.600 5 0.441 0.233 0.514 0.364
75.640 5 0.438 0.233 0.512 0.367
75.680 5 0.441 0.233 0.516 0.367
75.720 5 0.439 0.233 0.512 0.364
75.760 5 0.439 0.233 0.516 0.367
75.800 5 0.439 0.233 0.512 0.364
75.840 5 0.439 0.233 0.512 0.364
75.880 5 0.439 0.233 0.512 0.364
75.920 5 0.439 0.233 0.512 0.367
75.960 5 0.439 0.233 0.512 0.364
76.000 5 0.436 0.231 0.517 0.375
76.040 5 0.439 0.236 0.511 0.364
76.080 5 0.439 0.233 0.512 0.364
76.120 5 0.438 0.233 0.512 0.364
76.160 5 0.438 0.233 0.514 0.367
76.200 5 0.438 0.233 0.512 0.364
76.240 5 0.438 0.233 0.512 0.364
76.280 5 0.438 0.233 0.512 0.364
76.320 5 0.438 0.233 0.512 0.364
76.360 5 0.438 0.231 0.512 0.364
76.400 5 0.438 0.233 0.511 0.361
76.440 5 0.436 0.231 0.511 0.364
76.480 5 0.436 0.231 0.511 0.364
76.520 5 0.436 0.233 0.509 0.364
76.560 5 0.434 0.231 0.509 0.364
76.600 5 0.434 0.231 0.511 0.364
76.640 5 0.434 0.231 0.509 0.364
76.680 5 0.433 0.231 0.508 0.364
76.720 5 0.434 0.231 0.509 0.364
76.760 5 0.433 0.233 0.506 0.361
76.800 5 0.433 0.231 0.506 0.364
76.840 5 0.431 0.231 0.506 0.364
76.880 5 0.431 0.231 0.505 0.364
76.920 5 0.430 0.231 0.503 0.361
76.960 5 0.428 0.231 0.503 0.361
77.000 5 0.430 0.233 0.498 0.353
77.040 5 0.428 0.233 0.497 0.353
77.080 5 0.428 0.233 0.497 0.353
77.120 5 0.427 0.233 0.497 0.353
77.160 5 0.425 0.233 0.494 0.350
77.200 5 0.428 0.231 0.498 0.353
77.240 5 0.425 0.231 0.495 0.353
77.280 6 0.289 0.383 0.491 0.742
77.320 6 0.289 0.383 0.491 0.742
77.360 6 0.289 0.383 0.491 0.742
77.400 6 0.287 0.383 0.489 0.742
77.440 6 0.286 0.386 0.483 0.733
77.480 6 0.291 0.381 0.492 0.739
77.520 6 0.281 0.378 0.483 0.739
77.560 6 0.294 0.386 0.492 0.739
77.600 6 0.280 0.378 0.483 0.739
77.640 6 0.289 0.378 0.494 0.739
77.680 6 0.278 0.372 0.483 0.736
77.720 6 0.289 0.378 0.494 0.739
77.760 6 0.278 0.378 0.483 0.739
77.800 6 0.291 0.383 0.492 0.742
77.840 6 0.278 0.378 0.483 0.742
77.880 6 0.287 0.378 0.492 0.742
77.920 6 0.283 0.381 0.484 0.739
77.960 6 0.281 0.381 0.483 0.739
78.000 6 0.281 0.381 0.483 0.739
78.040 6 0.291 0.394 0.484 0.739
78.080 6 0.289 0.392 0.484 0.739
78.120 6 0.287 0.389 0.483 0.736
78.160 6 0.291 0.386 0.486 0.733
78.200 6 0.286 0.386 0.481 0.731
78.240 6 0.287 0.383 0.484 0.731
78.280 6 0.291 0.386 0.484 0.731
78.320 6 0.286 0.383 0.481 0.731
78.360 6 0.291 0.383 0.486 0.733
78.400 6 0.287 0.383 0.484 0.733
78.440 6 0.287 0.383 0.484 0.733
78.480 6 0.289 0.383 0.484 0.731
78.520 6 0.291 0.383 0.486 0.731
78.560 6 0.292 0.381 0.489 0.728
78.600 6 0.294 0.378 0.492 0.731
78.640 6 0.295 0.372 0.495 0.728
78.680 6 0.295 0.367 0.498 0.725
78.720 6 0.298 0.364 0.498 0.722
78.760 6 0.298 0.358 0.502 0.719
78.800 6 0.300 0.356 0.502 0.714
78.840 6 0.300 0.350 0.503 0.711
78.880 6 0.300 0.344 0.503 0.706
78.920 6 0.300 0.339 0.503 0.700
78.960 6 0.298 0.336 0.502 0.694
79.000 6 0.303 0.342 0.505 0.700
79.040 6 0.297 0.319 0.498 0.678
79.080 6 0.295 0.317 0.497 0.675
79.120 6 0.294 0.314 0.497 0.672
79.160 6 0.294 0.311 0.495 0.669
79.200 6 0.294 0.308 0.495 0.669
79.240 6 0.291 0.306 0.494 0.669
79.280 6 0.295 0.306 0.500 0.669
79.320 6 0.294 0.306 0.497 0.667
79.360 6 0.294 0.306 0.497 0.664
79.400 6 0.294 0.306 0.495 0.664
79.440 6 0.294 0.306 0.497 0.664
79.480 6 0.294 0.303 0.495 0.661
79.520 6 0.292 0.300 0.495 0.661
79.560 6 0.292 0.300 0.495 0.661
79.600 6 0.292 0.297 0.495 0.658
79.640 6 0.294 0.300 0.492 0.653
79.680 6 0.292 0.294 0.491 0.650
79.720 6 0.295 0.294 0.495 0.650
79.760 6 0.292 0.286 0.494 0.647
79.800 6 0.291 0.286 0.494 0.644
79.840 6 0.291 0.283 0.492 0.642
79.880 6 0.289 0.281 0.491 0.639
79.920 6 0.287 0.278 0.491 0.639
79.960 6 0.286 0.278 0.491 0.639
80.000 6 0.281 0.261 0.483 0.619
80.040 6 0.284 0.272 0.481 0.622
80.080 6 0.280 0.269 0.481 0.625
80.120 6 0.280 0.272 0.477 0.622
80.160 6 0.273 0.275 0.472 0.625
80.200 6 0.269 0.278 0.469 0.633
80.240 6 0.263 0.283 0.464 0.642
80.280 6 0.258 0.286 0.461 0.647
80.320 6 0.256 0.292 0.459 0.653
80.360 6 0.250 0.289 0.452 0.647
80.400 6 0.245 0.289 0.448 0.650
80.440 6 0.248 0.289 0.455 0.653
80.480 6 0.239 0.286 0.445 0.653
80.520 6 0.244 0.286 0.450 0.653
80.560 6 0.237 0.289 0.442 0.653
80.600 6 0.244 0.289 0.450 0.656
80.640 6 0.236 0.289 0.442 0.653
80.680 6 0.242 0.292 0.447 0.656
80.720 6 0.241 0.289 0.445 0.656
80.760 6 0.239 0.292 0.444 0.656
80.800 6 0.237 0.292 0.442 0.658
80.840 6 0.236 0.294 0.441 0.656
80.880 6 0.236 0.294 0.441 0.656
80.920 6 0.234 0.294 0.439 0.656
80.960 6 0.233 0.292 0.438 0.656
81.000 6 0.236 0.303 0.438 0.661
81.040 6 0.234 0.314 0.434 0.669
81.080 6 0.234 0.311 0.434 0.667
81.120 6 0.233 0.311 0.433 0.667
81.160 6 0.233 0.308 0.433 0.667
81.200 6 0.233 0.308 0.433 0.664
81.240 6 0.236 0.308 0.436 0.664
81.280 6 0.231 0.306 0.433 0.661
81.320 6 0.239 0.306 0.439 0.661
81.360 6 0.239 0.306 0.439 0.664
81.400 6 0.244 0.306 0.444 0.664
81.440 6 0.244 0.306 0.445 0.664
81.480 6 0.245 0.308 0.447 0.667
81.520 6 0.248 0.311 0.448 0.669
81.560 6 0.250 0.314 0.452 0.672
81.600 6 0.252 0.317 0.453 0.675
81.640 6 0.253 0.319 0.455 0.678
81.680 6 0.255 0.322 0.456 0.681
81.720 6 0.256 0.322 0.458 0.683
81.760 6 0.256 0.325 0.459 0.686
81.800 6 0.256 0.325 0.459 0.686
81.840 6 0.258 0.328 0.461 0.689
81.880 6 0.258 0.328 0.461 0.689
81.920 6 0.258 0.331 0.461 0.692
81.960 6 0.258 0.331 0.461 0.692
82.000 6 0.258 0.342 0.459 0.700
82.040 6 0.247 0.311 0.470 0.708
82.080 6 0.247 0.314 0.470 0.708
82.120 6 0.248 0.314 0.472 0.711
82.160 6 0.248 0.314 0.472 0.711
82.200 6 0.250 0.317 0.472 0.714
82.240 6 0.250 0.317 0.473 0.714
82.280 6 0.253 0.319 0.477 0.714
82.320 6 0.248 0.317 0.472 0.714
82.360 6 0.252 0.317 0.477 0.717
82.400 6 0.248 0.317 0.473 0.717
82.440 6 0.247 0.322 0.472 0.722
82.480 6 0.245 0.322 0.470 0.722
82.520 6 0.245 0.325 0.469 0.722
82.560 6 0.244 0.328 0.469 0.728
82.600 6 0.242 0.331 0.467 0.728
82.640 6 0.242 0.331 0.467 0.731
82.680 6 0.239 0.331 0.469 0.739
82.720 6 0.239 0.333 0.466 0.739
82.760 6 0.244 0.336 0.472 0.742
82.800 6 0.241 0.342 0.466 0.739
82.840 6 0.244 0.339 0.472 0.744
82.880 6 0.239 0.342 0.464 0.742
82.920 6 0.241 0.342 0.466 0.742
82.960 6 0.241 0.342 0.464 0.742
83.000 6 0.230 0.314 0.472 0.744
83.040 6 0.244 0.339 0.466 0.736
83.080 6 0.245 0.339 0.469 0.736
83.120 6 0.241 0.342 0.459 0.733
83.160 6 0.242 0.342 0.466 0.736
83.200 6 0.239 0.342 0.461 0.733
83.240 6 0.239 0.342 0.459 0.733
83.280 6 0.237 0.339 0.458 0.733
83.320 6 0.236 0.339 0.456 0.733
83.360 6 0.234 0.342 0.455 0.731
83.400 6 0.234 0.342 0.455 0.733
83.440 6 0.234 0.342 0.455 0.736
83.480 6 0.234 0.342 0.455 0.736
83.520 6 0.234 0.344 0.455 0.739
83.560 6 0.234 0.347 0.456 0.739
83.600 6 0.233 0.350 0.453 0.739
83.640 6 0.239 0.350 0.458 0.742
83.680 6 0.234 0.350 0.453 0.739
83.720 6 0.236 0.353 0.456 0.744
83.760 6 0.237 0.353 0.458 0.744
83.800 6 0.239 0.353 0.459 0.744
83.840 6 0.239 0.353 0.461 0.747
83.880 6 0.241 0.353 0.463 0.747
83.920 6 0.241 0.353 0.463 0.747
83.960 6 0.242 0.353 0.464 0.747
84.000 6 0.258 0.381 0.459 0.739
84.040 6 0.252 0.386 0.453 0.744
84.080 6 0.255 0.386 0.455 0.742
84.120 6 0.256 0.386 0.458 0.744
84.160 6 0.258 0.386 0.459 0.742
84.200 6 0.261 0.383 0.464 0.744
84.240 6 0.261 0.383 0.461 0.742
84.280 6 0.261 0.383 0.463 0.742
84.320 6 0.263 0.383 0.464 0.742
84.360 6 0.263 0.381 0.464 0.742
84.400 6 0.264 0.383 0.466 0.739
84.440 6 0.266 0.381 0.469 0.742
84.480 6 0.266 0.381 0.467 0.742
84.520 6 0.267 0.381 0.470 0.744
84.560 6 0.266 0.381 0.467 0.742
84.600 6 0.266 0.383 0.467 0.742
84.640 6 0.266 0.383 0.467 0.742
84.680 6 0.266 0.383 0.467 0.742
84.720 6 0.264 0.381 0.466 0.742
84.760 6 0.267 0.381 0.473 0.747
84.800 6 0.263 0.378 0.467 0.742
84.840 6 0.266 0.378 0.472 0.744
84.880 6 0.266 0.378 0.469 0.739
84.920 6 0.266 0.378 0.467 0.736
84.960 6 0.264 0.375 0.467 0.736
85.000 6 0.258 0.381 0.459 0.739
85.040 6 0.263 0.381 0.461 0.733
85.080 6 0.263 0.378 0.461 0.731
85.120 6 0.264 0.378 0.463 0.731
85.160 6 0.266 0.378 0.464 0.728
85.200 6 0.267 0.378 0.466 0.728
85.240 6 0.270 0.378 0.467 0.728
85.280 6 0.266 0.375 0.464 0.728
85.320 6 0.270 0.375 0.469 0.728
85.360 6 0.269 0.375 0.466 0.725
85.400 6 0.272 0.369 0.472 0.725
85.440 6 0.269 0.367 0.469 0.722
85.480 6 0.277 0.367 0.475 0.719
85.520 6 0.273 0.364 0.473 0.717
85.560 6 0.280 0.361 0.480 0.714
85.600 6 0.278 0.356 0.477 0.711
85.640 6 0.283 0.353 0.484 0.708
85.680 6 0.280 0.350 0.480 0.706
85.720 6 0.284 0.347 0.486 0.706
85.760 6 0.281 0.344 0.484 0.703
85.800 6 0.278 0.342 0.483 0.706
85.840 6 0.283 0.344 0.484 0.703
85.880 6 0.283 0.344 0.484 0.703
85.920 6 0.277 0.344 0.478 0.703
85.960 6 0.278 0.344 0.480 0.703
86.000 6 0.281 0.342 0.483 0.700
86.040 6 0.272 0.308 0.497 0.708
86.080 6 0.270 0.311 0.492 0.706
86.120 6 0.269 0.308 0.492 0.703
86.160 6 0.269 0.308 0.491 0.703
86.200 6 0.267 0.308 0.489 0.703
86.240 6 0.266 0.306 0.489 0.703
86.280 6 0.266 0.306 0.489 0.700
86.320 6 0.267 0.306 0.486 0.697
86.360 6 0.266 0.303 0.486 0.694
86.400 6 0.270 0.308 0.486 0.692
86.440 6 0.267 0.303 0.484 0.689
86.480 6 0.269 0.303 0.486 0.689
86.520 6 0.267 0.297 0.489 0.692
86.560 6 0.266 0.297 0.486 0.692
86.600 6 0.267 0.297 0.491 0.692
86.640 6 0.266 0.297 0.487 0.692
86.680 6 0.269 0.294 0.491 0.692
86.720 6 0.267 0.297 0.487 0.689
86.760 6 0.269 0.294 0.492 0.692
86.800 6 0.269 0.294 0.492 0.692
86.840 6 0.270 0.294 0.494 0.692
86.880 6 0.267 0.292 0.494 0.694
86.920 6 0.270 0.300 0.492 0.692
86.960 6 0.269 0.294 0.494 0.694
87.000 6 0.256 0.267 0.498 0.697
87.040 6 0.252 0.267 0.495 0.700
87.080 6 0.252 0.267 0.495 0.700
87.120 6 0.250 0.267 0.494 0.697
87.160 6 0.250 0.264 0.494 0.694
87.200 6 0.250 0.261 0.492 0.692
87.240 6 0.250 0.261 0.491 0.692
87.280 6 0.248 0.261 0.491 0.689
87.320 6 0.248 0.258 0.489 0.689
87.360 6 0.247 0.258 0.487 0.689
87.400 6 0.248 0.258 0.491 0.689
87.440 6 0.244 0.258 0.486 0.689
87.480 6 0.244 0.261 0.483 0.686
87.520 6 0.241 0.261 0.481 0.689
87.560 6 0.242 0.261 0.484 0.692
87.600 6 0.237 0.264 0.477 0.686
87.640 6 0.239 0.261 0.483 0.694
87.680 6 0.236 0.264 0.475 0.689
87.720 6 0.237 0.261 0.483 0.697
87.760 6 0.233 0.267 0.473 0.692
87.800 6 0.236 0.264 0.480 0.697
87.840 6 0.234 0.267 0.475 0.694
87.880 6 0.234 0.267 0.475 0.694
87.920 6 0.233 0.267 0.475 0.694
87.960 6 0.233 0.267 0.475 0.694
88.000 6 0.230 0.267 0.472 0.697
88.040 6 0.233 0.264 0.481 0.703
88.080 6 0.231 0.267 0.473 0.697
88.120 6 0.233 0.267 0.475 0.697
88.160 6 0.233 0.267 0.475 0.697
88.200 6 0.233 0.267 0.475 0.700
88.240 6 0.234 0.269 0.477 0.700
88.280 6 0.234 0.269 0.478 0.703
88.320 6 0.236 0.272 0.478 0.703
88.360 6 0.237 0.272 0.480 0.703
88.400 6 0.237 0.272 0.480 0.703
88.440 6 0.239 0.272 0.481 0.706
88.480 6 0.244 0.269 0.491 0.711
88.520 6 0.241 0.272 0.484 0.706
88.560 6 0.245 0.267 0.494 0.708
88.600 6 0.242 0.272 0.486 0.703
88.640 6 0.242 0.272 0.486 0.703
88.680 6 0.248 0.269 0.492 0.703
88.720 6 0.244 0.269 0.487 0.703
88.760 6 0.245 0.272 0.487 0.703
88.800 6 0.245 0.272 0.487 0.700
88.840 6 0.247 0.272 0.487 0.700
88.880 6 0.244 0.269 0.486 0.700
91.000 7 0.777 0.250 0.833 0.350
91.040 7 0.783 0.256 0.839 0.356
91.080 7 0.789 0.256 0.845 0.353
91.120 7 0.794 0.253 0.850 0.353
91.160 7 0.803 0.244 0.858 0.344
91.200 7 0.812 0.236 0.867 0.336
111.600 8 0.709 0.317 0.767 0.419
111.640 8 0.720 0.314 0.778 0.417
111.680 8 0.728 0.308 0.784 0.408
111.720 8 0.736 0.297 0.792 0.397
111.760 8 0.742 0.289 0.798 0.389
111.800 8 0.747 0.283 0.803 0.383
111.840 8 0.753 0.283 0.809 0.381
111.880 8 0.758 0.283 0.812 0.383
111.920 8 0.761 0.283 0.816 0.381
111.960 8 0.764 0.283 0.819 0.381
112.000 8 0.764 0.283 0.820 0.383
112.040 8 0.764 0.283 0.820 0.383
112.080 8 0.766 0.283 0.822 0.383
112.120 8 0.767 0.281 0.823 0.381
112.160 8 0.770 0.281 0.827 0.381
112.200 8 0.772 0.281 0.831 0.386
112.240 8 0.778 0.283 0.836 0.389
112.280 8 0.786 0.289 0.845 0.392
112.320 8 0.795 0.292 0.855 0.394
112.360 8 0.808 0.300 0.867 0.403
112.400 8 0.819 0.311 0.877 0.414
112.440 8 0.828 0.319 0.886 0.422
112.480 8 0.836 0.322 0.895 0.428
112.520 8 0.844 0.319 0.902 0.422
112.560 8 0.850 0.308 0.909 0.414
112.600 8 0.856 0.300 0.916 0.403
112.640 8 0.859 0.294 0.917 0.397
112.680 8 0.856 0.292 0.914 0.394
112.720 8 0.852 0.297 0.909 0.400
112.760 8 0.847 0.306 0.905 0.408
112.800 8 0.839 0.319 0.898 0.422
112.840 8 0.828 0.325 0.887 0.428
112.920 8 0.823 0.328 0.880 0.428
112.960 8 0.827 0.319 0.883 0.419
113.000 8 0.833 0.306 0.889 0.406
113.040 8 0.836 0.292 0.892 0.394
113.080 8 0.839 0.283 0.895 0.383
111.960 9 0.353 0.833 0.409 0.933
112.000 9 0.345 0.850 0.402 0.950
112.000 10 0.633 0.500 0.700 0.619
112.040 10 0.616 0.497 0.683 0.617
112.080 10 0.598 0.486 0.666 0.606
112.120 10 0.581 0.486 0.648 0.608
112.160 10 0.561 0.492 0.630 0.614
112.200 10 0.547 0.508 0.616 0.631
112.240 10 0.531 0.519 0.602 0.644
112.280 10 0.514 0.525 0.584 0.650
112.320 10 0.494 0.517 0.566 0.644
120.880 11 0.800 0.336 0.916 0.536
120.920 11 0.792 0.339 0.906 0.539
120.960 11 0.781 0.342 0.895 0.542
121.000 11 0.770 0.336 0.887 0.542
121.040 11 0.762 0.336 0.881 0.542
121.080 11 0.759 0.339 0.878 0.544
121.120 11 0.756 0.342 0.873 0.547
121.160 11 0.758 0.342 0.875 0.547
121.200 11 0.755 0.342 0.872 0.547
121.240 11 0.759 0.344 0.875 0.547
121.280 11 0.762 0.342 0.878 0.544
121.320 11 0.761 0.339 0.877 0.544
121.360 11 0.764 0.339 0.881 0.542
121.400 11 0.764 0.336 0.881 0.542
121.440 11 0.767 0.336 0.884 0.542
121.480 11 0.764 0.333 0.881 0.539
121.520 11 0.769 0.333 0.887 0.544
126.000 12 0.370 0.222 0.572 0.581
126.040 12 0.367 0.200 0.569 0.558
126.080 12 0.369 0.194 0.570 0.556
126.120 12 0.375 0.192 0.578 0.553
126.160 12 0.375 0.194 0.577 0.550
126.200 12 0.383 0.194 0.583 0.550
126.240 12 0.380 0.197 0.581 0.553
126.280 12 0.384 0.194 0.588 0.553
126.320 12 0.383 0.192 0.584 0.550
126.360 12 0.388 0.189 0.589 0.544
126.400 12 0.386 0.183 0.586 0.539
126.440 12 0.383 0.178 0.584 0.536
126.480 12 0.384 0.172 0.588 0.536
126.520 12 0.380 0.175 0.580 0.531
126.560 12 0.380 0.178 0.580 0.533
126.600 12 0.378 0.175 0.578 0.531
126.640 12 0.377 0.175 0.575 0.528
126.680 12 0.377 0.175 0.572 0.522
126.720 12 0.381 0.175 0.578 0.525
126.760 12 0.372 0.172 0.570 0.525
126.800 12 0.378 0.169 0.577 0.522
126.840 12 0.383 0.172 0.578 0.519
126.880 12 0.381 0.178 0.575 0.522
126.920 12 0.388 0.181 0.581 0.525
126.960 12 0.381 0.178 0.577 0.525
127.000 12 0.381 0.178 0.577 0.525
127.040 12 0.380 0.175 0.577 0.522
127.080 12 0.380 0.172 0.575 0.519
127.120 12 0.380 0.167 0.575 0.517
127.160 12 0.378 0.167 0.573 0.514
127.200 12 0.377 0.164 0.573 0.514
127.240 12 0.375 0.164 0.570 0.511
127.280 12 0.375 0.164 0.569 0.508
127.320 12 0.373 0.164 0.566 0.508
127.360 12 0.369 0.167 0.566 0.514
127.400 12 0.367 0.172 0.562 0.517
127.440 12 0.364 0.169 0.561 0.519
127.480 12 0.362 0.169 0.558 0.517
127.520 12 0.361 0.169 0.556 0.514
127.560 12 0.361 0.169 0.555 0.514
127.600 12 0.361 0.169 0.553 0.511
127.640 12 0.359 0.172 0.550 0.511
127.680 12 0.356 0.172 0.550 0.517
127.720 12 0.355 0.178 0.547 0.522
127.760 12 0.352 0.183 0.547 0.528
127.800 12 0.352 0.192 0.545 0.533
127.840 12 0.347 0.197 0.542 0.544
127.880 12 0.348 0.206 0.541 0.547
127.920 12 0.344 0.206 0.536 0.547
127.960 12 0.336 0.206 0.531 0.553
128.000 12 0.325 0.183 0.527 0.542
128.040 12 0.314 0.181 0.525 0.556
128.080 12 0.319 0.203 0.519 0.558
128.120 12 0.327 0.211 0.527 0.567
128.160 13 0.497 0.167 0.784 0.678
128.200 13 0.486 0.158 0.777 0.678
128.240 13 0.498 0.161 0.798 0.694
128.280 13 0.487 0.164 0.777 0.678
128.320 13 0.492 0.158 0.784 0.678
128.360 13 0.492 0.150 0.784 0.669
128.400 13 0.491 0.142 0.783 0.664
128.440 13 0.489 0.136 0.783 0.658
128.480 13 0.487 0.133 0.781 0.653
128.520 13 0.486 0.128 0.780 0.650
128.560 13 0.486 0.125 0.780 0.647
128.600 13 0.487 0.125 0.780 0.647
128.640 13 0.487 0.125 0.781 0.647
128.680 13 0.489 0.125 0.783 0.647
128.720 13 0.491 0.131 0.783 0.650
128.760 13 0.492 0.136 0.784 0.658
128.800 13 0.494 0.139 0.786 0.658
128.840 13 0.494 0.142 0.787 0.661
128.880 13 0.497 0.144 0.787 0.661
128.920 13 0.505 0.156 0.789 0.658
128.960 13 0.498 0.156 0.778 0.656
129.000 13 0.502 0.147 0.792 0.664
129.040 13 0.508 0.142 0.805 0.669
129.080 13 0.508 0.144 0.798 0.661
129.120 13 0.511 0.147 0.800 0.661
129.160 13 0.516 0.150 0.805 0.664
129.200 13 0.523 0.150 0.814 0.667
129.240 13 0.519 0.153 0.806 0.664
129.280 13 0.516 0.147 0.808 0.667
129.320 13 0.514 0.147 0.805 0.664
129.360 13 0.512 0.147 0.805 0.664
129.400 13 0.512 0.142 0.803 0.661
129.440 13 0.511 0.139 0.800 0.653
129.480 13 0.509 0.131 0.800 0.647
129.520 13 0.516 0.125 0.808 0.644
129.560 13 0.508 0.111 0.806 0.642
129.600 13 0.517 0.106 0.816 0.636
129.640 13 0.514 0.097 0.814 0.631
129.680 13 0.523 0.092 0.825 0.631
129.720 13 0.531 0.092 0.833 0.628
129.760 13 0.530 0.089 0.833 0.628
129.800 13 0.533 0.092 0.838 0.633
129.840 13 0.533 0.092 0.844 0.642
129.880 13 0.534 0.094 0.845 0.647
129.920 13 0.536 0.097 0.847 0.650
129.960 13 0.544 0.097 0.855 0.650
130.000 13 0.541 0.094 0.850 0.644
130.040 13 0.552 0.086 0.861 0.636
130.080 13 0.547 0.078 0.856 0.628
130.120 13 0.556 0.069 0.867 0.622
130.160 13 0.559 0.056 0.870 0.608
130.200 13 0.545 0.053 0.856 0.606
130.240 13 0.553 0.053 0.863 0.603
130.280 13 0.547 0.058 0.855 0.608
130.320 13 0.561 0.064 0.869 0.608
130.360 13 0.552 0.067 0.858 0.611
130.400 13 0.553 0.075 0.859 0.619
130.440 13 0.544 0.075 0.852 0.622
130.480 13 0.547 0.081 0.856 0.631
130.520 13 0.537 0.089 0.845 0.636
130.560 13 0.527 0.092 0.836 0.644
130.600 13 0.514 0.092 0.828 0.653
130.640 13 0.502 0.094 0.819 0.658
130.680 13 0.495 0.089 0.814 0.656
130.720 13 0.477 0.081 0.797 0.650
136.520 14 0.336 0.531 0.416 0.672
136.560 14 0.336 0.528 0.416 0.672
136.600 14 0.336 0.528 0.416 0.669
136.640 14 0.336 0.528 0.416 0.669
136.680 14 0.336 0.528 0.414 0.667
136.720 14 0.336 0.525 0.414 0.664
136.760 14 0.338 0.525 0.414 0.664
136.800 14 0.334 0.525 0.412 0.664
136.840 14 0.336 0.528 0.412 0.664
136.880 14 0.333 0.531 0.411 0.667
136.920 14 0.333 0.531 0.412 0.669
136.960 14 0.330 0.533 0.409 0.675
137.000 14 0.328 0.536 0.409 0.681
137.040 14 0.327 0.539 0.409 0.686
137.080 14 0.323 0.542 0.406 0.686
137.120 14 0.322 0.542 0.403 0.686
137.160 14 0.323 0.542 0.408 0.689
137.200 14 0.319 0.544 0.400 0.689
137.240 14 0.320 0.542 0.403 0.686
137.280 14 0.317 0.542 0.398 0.686
137.320 14 0.319 0.539 0.402 0.686
137.360 14 0.314 0.539 0.395 0.683
137.400 14 0.316 0.539 0.398 0.686
137.440 14 0.312 0.536 0.395 0.686
137.480 14 0.314 0.539 0.398 0.686
137.520 14 0.314 0.536 0.397 0.683
137.560 14 0.316 0.539 0.397 0.683
137.600 14 0.317 0.539 0.398 0.683
137.640 14 0.320 0.539 0.402 0.683
137.680 14 0.320 0.536 0.400 0.681
137.720 14 0.322 0.536 0.403 0.681
137.760 14 0.325 0.536 0.405 0.681
137.800 14 0.322 0.533 0.403 0.678
137.840 14 0.325 0.536 0.406 0.678
137.880 14 0.323 0.536 0.403 0.681
137.920 14 0.325 0.539 0.405 0.681
137.960 14 0.325 0.539 0.406 0.683
138.000 14 0.325 0.539 0.408 0.683
139.480 15 0.417 0.125 0.658 0.556
139.520 15 0.417 0.125 0.658 0.556
139.560 15 0.417 0.125 0.658 0.553
139.600 15 0.417 0.125 0.658 0.553
139.640 15 0.417 0.125 0.658 0.553
139.680 15 0.422 0.133 0.658 0.553
139.720 15 0.419 0.136 0.645 0.539
139.760 15 0.417 0.125 0.659 0.553
139.800 15 0.417 0.125 0.659 0.553
139.840 15 0.417 0.122 0.659 0.553
139.880 15 0.417 0.122 0.659 0.553
139.920 15 0.417 0.122 0.659 0.553
139.960 15 0.417 0.122 0.659 0.553
140.000 15 0.417 0.122 0.659 0.553
140.040 15 0.417 0.119 0.659 0.550
140.080 15 0.417 0.119 0.659 0.550
140.120 15 0.417 0.114 0.664 0.556
140.160 15 0.417 0.119 0.659 0.550
140.200 15 0.417 0.119 0.659 0.550
140.240 15 0.416 0.125 0.653 0.544
140.280 15 0.422 0.125 0.658 0.544
140.320 15 0.420 0.125 0.655 0.542
140.360 15 0.419 0.122 0.658 0.547
140.400 15 0.419 0.122 0.661 0.550
140.440 15 0.414 0.117 0.661 0.556
140.480 15 0.425 0.125 0.662 0.547
140.520 15 0.420 0.125 0.656 0.544
140.560 15 0.423 0.125 0.661 0.547
140.600 15 0.420 0.119 0.661 0.550
140.640 15 0.420 0.119 0.661 0.550
140.680 15 0.420 0.119 0.661 0.550
140.720 15 0.420 0.125 0.656 0.544
140.760 15 0.427 0.128 0.662 0.544
140.800 15 0.420 0.125 0.656 0.544
140.840 15 0.422 0.119 0.667 0.556
140.880 15 0.420 0.122 0.661 0.553
140.920 15 0.419 0.128 0.656 0.550
140.960 15 0.419 0.119 0.666 0.561
141.000 15 0.417 0.122 0.659 0.553
141.040 15 0.431 0.161 0.652 0.553
141.080 15 0.430 0.158 0.653 0.556
141.120 15 0.430 0.164 0.648 0.553
141.160 15 0.434 0.164 0.653 0.553
141.200 15 0.431 0.164 0.648 0.550
141.240 15 0.431 0.161 0.653 0.558
141.280 15 0.430 0.161 0.655 0.558
141.320 15 0.430 0.161 0.655 0.558
141.360 15 0.430 0.161 0.655 0.558
141.400 15 0.430 0.161 0.653 0.558
141.440 15 0.428 0.153 0.658 0.561
141.480 15 0.433 0.158 0.655 0.556
141.520 15 0.433 0.153 0.659 0.558
141.560 15 0.438 0.158 0.659 0.553
141.600 15 0.438 0.153 0.662 0.553
141.640 15 0.442 0.156 0.666 0.550
141.680 15 0.439 0.150 0.666 0.550
141.720 15 0.444 0.153 0.667 0.553
141.760 15 0.441 0.156 0.664 0.550
141.800 15 0.444 0.156 0.666 0.550
141.840 15 0.438 0.153 0.659 0.550
141.880 15 0.442 0.153 0.666 0.550
141.920 15 0.439 0.153 0.659 0.547
141.960 15 0.441 0.156 0.662 0.550
142.000 15 0.444 0.156 0.664 0.550
142.040 15 0.438 0.156 0.659 0.550
142.080 15 0.442 0.158 0.662 0.550
142.120 15 0.434 0.158 0.655 0.550
142.160 15 0.436 0.158 0.656 0.550
142.200 15 0.439 0.161 0.659 0.553
142.240 15 0.438 0.161 0.656 0.553
142.280 15 0.436 0.158 0.659 0.553
142.320 15 0.439 0.161 0.658 0.553
142.360 15 0.438 0.158 0.661 0.553
142.400 15 0.438 0.158 0.658 0.550
142.440 15 0.439 0.158 0.659 0.553
142.480 15 0.438 0.158 0.659 0.550
142.520 15 0.438 0.156 0.658 0.550
142.560 15 0.436 0.156 0.658 0.550
142.600 15 0.434 0.156 0.656 0.550
142.640 15 0.434 0.156 0.655 0.547
142.680 15 0.434 0.156 0.655 0.547
142.720 15 0.431 0.158 0.652 0.550
142.760 15 0.434 0.158 0.656 0.553
142.800 15 0.434 0.161 0.656 0.556
142.840 15 0.438 0.161 0.658 0.556
142.880 15 0.431 0.161 0.653 0.556
142.920 15 0.433 0.161 0.653 0.556
142.960 15 0.438 0.158 0.661 0.556
143.000 15 0.433 0.158 0.656 0.556
143.040 15 0.439 0.158 0.662 0.556
143.080 15 0.434 0.156 0.658 0.553
143.120 15 0.441 0.153 0.664 0.550
143.160 15 0.436 0.153 0.659 0.547
143.200 15 0.441 0.150 0.664 0.547
143.240 15 0.439 0.150 0.661 0.544
143.280 15 0.441 0.150 0.662 0.544
143.320 15 0.434 0.150 0.658 0.544
143.360 15 0.438 0.150 0.659 0.544
143.400 15 0.436 0.150 0.659 0.547
143.440 15 0.436 0.153 0.659 0.547
143.480 15 0.439 0.153 0.661 0.547
143.520 15 0.438 0.156 0.658 0.547
143.560 15 0.434 0.156 0.656 0.547
143.600 15 0.441 0.156 0.662 0.547
143.640 15 0.436 0.153 0.658 0.547
143.680 15 0.442 0.150 0.662 0.544
143.720 15 0.438 0.147 0.659 0.542
143.760 15 0.442 0.144 0.666 0.539
143.800 15 0.439 0.142 0.661 0.539
143.840 15 0.441 0.144 0.662 0.539
143.880 15 0.441 0.147 0.662 0.542
143.920 15 0.441 0.150 0.661 0.544
143.960 15 0.439 0.150 0.664 0.550
144.000 15 0.439 0.153 0.664 0.550
144.040 15 0.439 0.161 0.661 0.553
144.080 15 0.439 0.158 0.659 0.553
144.120 15 0.442 0.156 0.667 0.556
144.160 15 0.441 0.156 0.664 0.550
144.200 15 0.444 0.156 0.664 0.547
144.240 15 0.442 0.150 0.664 0.544
144.280 15 0.444 0.147 0.666 0.542
144.320 15 0.444 0.147 0.667 0.544
144.360 15 0.442 0.150 0.664 0.542
144.400 15 0.439 0.147 0.662 0.544
144.440 15 0.442 0.150 0.666 0.547
144.480 15 0.442 0.147 0.670 0.556
144.520 15 0.439 0.153 0.662 0.553
144.560 15 0.442 0.156 0.667 0.556
144.600 15 0.441 0.156 0.664 0.556
144.640 15 0.441 0.156 0.664 0.553
144.680 15 0.444 0.156 0.667 0.553
144.720 15 0.441 0.156 0.661 0.547
144.760 15 0.444 0.150 0.670 0.550
144.800 15 0.439 0.144 0.667 0.550
144.840 15 0.445 0.147 0.670 0.547
144.880 15 0.442 0.142 0.669 0.544
144.920 15 0.447 0.142 0.675 0.550
144.960 15 0.441 0.144 0.667 0.547
145.000 15 0.459 0.183 0.661 0.542
145.040 15 0.450 0.153 0.677 0.553
145.080 15 0.450 0.153 0.677 0.553
145.120 15 0.450 0.153 0.677 0.553
145.160 15 0.450 0.153 0.677 0.553
145.200 15 0.450 0.153 0.677 0.553
145.240 15 0.450 0.153 0.677 0.556
145.280 15 0.448 0.153 0.672 0.553
145.320 15 0.452 0.153 0.678 0.556
145.360 15 0.448 0.153 0.675 0.556
145.400 15 0.453 0.156 0.677 0.553
145.440 15 0.448 0.153 0.670 0.547
145.480 15 0.450 0.150 0.672 0.544
145.520 15 0.448 0.147 0.670 0.539
145.560 15 0.439 0.139 0.666 0.542
145.600 15 0.441 0.136 0.669 0.544
145.640 15 0.436 0.139 0.664 0.542
145.680 15 0.430 0.139 0.656 0.539
145.720 15 0.428 0.139 0.656 0.544
145.760 15 0.427 0.144 0.653 0.547
145.800 15 0.422 0.142 0.655 0.553
145.840 15 0.425 0.147 0.652 0.547
145.880 15 0.422 0.147 0.647 0.547
145.920 15 0.423 0.147 0.648 0.547
145.960 15 0.423 0.142 0.655 0.556
146.000 15 0.417 0.122 0.659 0.553
146.040 15 0.408 0.114 0.656 0.556
146.080 15 0.414 0.119 0.656 0.550
146.120 15 0.414 0.114 0.662 0.558
146.160 15 0.409 0.114 0.658 0.556
146.200 15 0.414 0.122 0.658 0.553
146.240 15 0.414 0.122 0.658 0.553
146.280 15 0.416 0.119 0.662 0.558
146.320 15 0.414 0.122 0.658 0.556
146.360 15 0.408 0.117 0.658 0.561
146.400 15 0.417 0.119 0.666 0.558
146.440 15 0.409 0.114 0.658 0.558
146.480 15 0.420 0.119 0.667 0.558
146.520 15 0.409 0.114 0.658 0.556
146.560 15 0.416 0.119 0.661 0.556
146.600 15 0.412 0.119 0.658 0.556
146.640 15 0.417 0.125 0.659 0.553
146.680 15 0.417 0.125 0.659 0.553
146.720 15 0.417 0.119 0.666 0.561
146.760 15 0.412 0.119 0.659 0.558
146.800 15 0.419 0.125 0.661 0.556
146.840 15 0.419 0.125 0.661 0.556
146.880 15 0.419 0.125 0.661 0.556
146.920 15 0.419 0.125 0.662 0.556
146.960 15 0.414 0.119 0.662 0.558
147.000 15 0.417 0.122 0.659 0.553
147.040 15 0.422 0.147 0.642 0.539
147.080 15 0.423 0.147 0.642 0.539
147.120 15 0.423 0.150 0.642 0.539
147.160 15 0.423 0.150 0.642 0.536
147.200 15 0.423 0.150 0.642 0.539
147.240 15 0.423 0.150 0.644 0.539
147.280 15 0.423 0.147 0.644 0.539
147.320 15 0.423 0.147 0.644 0.539
147.360 15 0.423 0.147 0.645 0.539
147.400 15 0.423 0.147 0.645 0.542
147.440 15 0.425 0.150 0.645 0.542
147.480 15 0.423 0.150 0.647 0.547
147.520 15 0.425 0.158 0.641 0.542
147.560 15 0.425 0.156 0.647 0.550
147.600 15 0.422 0.153 0.645 0.550
147.640 15 0.431 0.161 0.648 0.544
147.680 15 0.427 0.156 0.645 0.544
147.720 15 0.434 0.156 0.652 0.542
147.760 15 0.433 0.156 0.650 0.542
147.800 15 0.438 0.156 0.658 0.547
147.840 15 0.431 0.156 0.652 0.547
147.880 15 0.433 0.156 0.653 0.547
147.920 15 0.436 0.161 0.652 0.547
147.960 15 0.436 0.164 0.652 0.547
148.000 15 0.438 0.183 0.639 0.542
148.040 15 0.430 0.150 0.658 0.558
148.080 15 0.430 0.150 0.658 0.556
148.120 15 0.428 0.147 0.658 0.556
148.160 15 0.428 0.147 0.656 0.553
148.200 15 0.428 0.144 0.656 0.550
148.240 15 0.428 0.144 0.655 0.547
148.280 15 0.428 0.142 0.655 0.544
148.320 15 0.427 0.142 0.653 0.544
148.360 15 0.427 0.142 0.653 0.542
148.400 15 0.427 0.142 0.652 0.544
148.440 15 0.427 0.144 0.652 0.544
148.480 15 0.427 0.147 0.652 0.547
148.520 15 0.427 0.147 0.653 0.550
148.560 15 0.428 0.150 0.653 0.550
148.600 15 0.428 0.150 0.653 0.553
148.640 15 0.431 0.153 0.658 0.553
148.680 15 0.430 0.150 0.656 0.553
148.720 15 0.434 0.153 0.659 0.553
148.760 15 0.428 0.147 0.656 0.556
148.800 15 0.431 0.147 0.661 0.556
148.840 15 0.433 0.147 0.662 0.556
148.880 15 0.433 0.150 0.662 0.558
148.920 15 0.434 0.150 0.664 0.558
148.960 15 0.436 0.153 0.666 0.561
149.000 15 0.436 0.153 0.666 0.561
149.040 15 0.438 0.156 0.667 0.564
149.080 15 0.438 0.156 0.667 0.564
149.120 15 0.439 0.158 0.669 0.567
149.160 15 0.441 0.158 0.669 0.567
149.200 15 0.441 0.161 0.670 0.567
149.240 15 0.442 0.161 0.670 0.569
149.280 15 0.442 0.161 0.672 0.569
149.320 15 0.442 0.161 0.672 0.569
149.360 15 0.442 0.161 0.673 0.572
149.400 15 0.442 0.164 0.673 0.572
149.440 15 0.444 0.164 0.675 0.575
149.480 15 0.445 0.167 0.677 0.578
149.520 15 0.441 0.169 0.672 0.581
149.560 15 0.445 0.175 0.675 0.586
149.600 15 0.439 0.181 0.670 0.592
149.640 15 0.442 0.183 0.675 0.594
149.680 15 0.438 0.186 0.669 0.597
149.720 15 0.441 0.189 0.670 0.600
149.760 15 0.441 0.189 0.672 0.600
149.800 15 0.439 0.189 0.672 0.603
149.840 15 0.439 0.189 0.672 0.603
149.880 15 0.442 0.189 0.673 0.600
149.920 15 0.441 0.189 0.670 0.597
149.960 15 0.441 0.186 0.670 0.592
150.000 15 0.441 0.181 0.670 0.586
150.040 15 0.441 0.172 0.669 0.578
150.080 15 0.441 0.167 0.667 0.569
150.120 15 0.441 0.164 0.666 0.564
150.160 15 0.439 0.158 0.666 0.558
150.200 15 0.439 0.156 0.664 0.553
150.240 15 0.439 0.150 0.664 0.550
150.280 15 0.439 0.150 0.662 0.547
150.320 15 0.439 0.147 0.662 0.544
150.360 15 0.439 0.147 0.661 0.542
150.400 15 0.438 0.144 0.659 0.539
150.440 15 0.436 0.144 0.658 0.539
150.480 15 0.434 0.142 0.656 0.536
150.520 15 0.431 0.142 0.655 0.539
150.560 15 0.430 0.144 0.652 0.542
150.600 15 0.427 0.144 0.650 0.544
150.640 15 0.423 0.150 0.645 0.544
150.680 15 0.420 0.150 0.645 0.547
150.720 15 0.420 0.156 0.641 0.547
150.760 15 0.419 0.158 0.639 0.550
150.800 15 0.419 0.161 0.636 0.547
150.840 15 0.420 0.153 0.641 0.547
150.880 15 0.420 0.153 0.641 0.544
150.920 15 0.422 0.150 0.642 0.542
150.960 15 0.420 0.147 0.642 0.542
151.000 15 0.417 0.122 0.659 0.553
151.040 15 0.419 0.122 0.659 0.553
151.080 15 0.420 0.125 0.661 0.553
151.120 15 0.423 0.125 0.664 0.553
151.160 15 0.427 0.128 0.669 0.558
151.200 15 0.430 0.128 0.673 0.561
151.240 15 0.434 0.133 0.678 0.564
151.280 15 0.438 0.133 0.681 0.567
151.320 15 0.441 0.133 0.684 0.569
151.360 15 0.444 0.139 0.686 0.567
151.400 15 0.444 0.136 0.689 0.569
151.440 15 0.445 0.133 0.694 0.575
151.480 15 0.453 0.133 0.702 0.575
151.520 15 0.444 0.131 0.695 0.575
151.560 15 0.450 0.133 0.698 0.572
151.600 15 0.452 0.133 0.697 0.572
151.640 15 0.450 0.133 0.697 0.569
151.680 15 0.450 0.133 0.695 0.569
151.720 15 0.448 0.133 0.692 0.567
151.760 15 0.447 0.133 0.691 0.564
151.800 15 0.445 0.133 0.689 0.564
151.840 15 0.445 0.131 0.688 0.564
151.880 15 0.445 0.133 0.686 0.561
151.920 15 0.442 0.128 0.686 0.561
151.960 15 0.441 0.128 0.684 0.561
152.000 15 0.439 0.128 0.683 0.561
152.040 15 0.439 0.125 0.683 0.561
152.080 15 0.438 0.125 0.681 0.558
152.120 15 0.438 0.125 0.681 0.558
152.160 15 0.438 0.125 0.681 0.558
152.200 15 0.438 0.125 0.681 0.558
152.240 15 0.438 0.125 0.681 0.558
152.280 15 0.438 0.125 0.681 0.558
152.320 15 0.438 0.125 0.681 0.558
152.360 15 0.438 0.125 0.681 0.558
152.400 15 0.438 0.125 0.680 0.558
152.440 15 0.438 0.125 0.680 0.558
152.480 15 0.431 0.125 0.675 0.558
152.520 15 0.442 0.128 0.686 0.558
152.560 15 0.431 0.128 0.675 0.558
152.600 15 0.439 0.125 0.683 0.561
152.640 15 0.434 0.122 0.678 0.556
152.680 15 0.433 0.119 0.677 0.553
152.720 15 0.433 0.117 0.677 0.550
152.760 15 0.431 0.117 0.675 0.547
152.800 15 0.431 0.117 0.673 0.547
152.840 15 0.428 0.114 0.672 0.547
152.880 15 0.422 0.117 0.664 0.547
152.920 15 0.427 0.117 0.667 0.547
152.960 15 0.419 0.119 0.661 0.550
153.000 15 0.423 0.122 0.666 0.550
153.040 15 0.417 0.122 0.661 0.553
153.080 15 0.423 0.125 0.664 0.553
153.120 15 0.430 0.125 0.672 0.556
153.160 15 0.425 0.125 0.666 0.553
153.200 15 0.419 0.125 0.659 0.553
153.240 15 0.420 0.125 0.661 0.553
153.280 15 0.411 0.122 0.655 0.556
153.320 15 0.412 0.125 0.656 0.558
153.360 15 0.408 0.125 0.650 0.558
153.400 15 0.420 0.125 0.664 0.558
153.440 15 0.411 0.125 0.656 0.558
153.480 15 0.423 0.125 0.669 0.561
153.520 15 0.416 0.122 0.661 0.561
153.560 15 0.419 0.125 0.666 0.564
153.600 15 0.420 0.125 0.667 0.567
153.640 15 0.420 0.128 0.667 0.567
153.680 15 0.422 0.128 0.669 0.567
153.720 15 0.423 0.131 0.669 0.569
153.760 15 0.423 0.133 0.669 0.569
153.800 15 0.425 0.133 0.670 0.569
153.840 15 0.425 0.133 0.670 0.569
153.880 15 0.417 0.131 0.666 0.572
153.920 15 0.423 0.133 0.670 0.572
153.960 15 0.423 0.133 0.670 0.569
154.000 15 0.423 0.133 0.670 0.569
154.040 15 0.430 0.133 0.677 0.569
154.080 15 0.425 0.133 0.670 0.569
154.120 15 0.431 0.133 0.677 0.572
154.160 15 0.425 0.133 0.670 0.569
154.200 15 0.431 0.133 0.677 0.572
154.240 15 0.425 0.133 0.672 0.572
154.280 15 0.425 0.133 0.672 0.572
154.320 15 0.425 0.133 0.672 0.569
154.360 15 0.425 0.133 0.672 0.569
154.400 15 0.427 0.133 0.672 0.569
154.440 15 0.427 0.136 0.672 0.569
154.480 15 0.433 0.133 0.678 0.572
154.520 15 0.427 0.136 0.672 0.572
154.560 15 0.433 0.136 0.678 0.572
154.600 15 0.428 0.136 0.672 0.572
154.640 15 0.433 0.136 0.678 0.572
154.680 15 0.428 0.136 0.673 0.572
154.720 15 0.433 0.133 0.678 0.572
154.760 15 0.422 0.133 0.664 0.564
154.800 15 0.433 0.133 0.677 0.569
154.840 15 0.427 0.133 0.667 0.564
154.880 15 0.428 0.136 0.670 0.567
154.920 15 0.428 0.136 0.672 0.569
154.960 15 0.428 0.136 0.672 0.569
155.000 15 0.428 0.136 0.672 0.572
155.040 15 0.428 0.136 0.672 0.572
155.080 15 0.428 0.136 0.672 0.572
155.120 15 0.433 0.136 0.678 0.572
155.160 15 0.430 0.139 0.672 0.569
155.200 15 0.434 0.136 0.678 0.572
155.240 15 0.427 0.133 0.670 0.564
155.280 15 0.430 0.139 0.672 0.569
155.320 15 0.430 0.139 0.672 0.569
155.360 15 0.430 0.139 0.672 0.569
155.400 15 0.430 0.139 0.672 0.572
155.440 15 0.422 0.136 0.667 0.572
155.480 15 0.433 0.136 0.680 0.575
155.520 15 0.425 0.131 0.672 0.569
155.560 15 0.428 0.136 0.673 0.572
155.600 15 0.430 0.139 0.673 0.572
155.640 15 0.430 0.139 0.673 0.572
155.680 15 0.428 0.139 0.672 0.572
155.720 15 0.430 0.139 0.672 0.572
155.760 15 0.430 0.139 0.672 0.572
162.200 16 0.417 0.383 0.498 0.528
162.240 16 0.416 0.383 0.497 0.528
162.280 16 0.412 0.378 0.495 0.525
162.320 16 0.412 0.372 0.497 0.519
162.360 16 0.409 0.367 0.494 0.517
162.400 16 0.402 0.364 0.484 0.514
162.440 16 0.394 0.361 0.480 0.514
162.480 16 0.389 0.367 0.472 0.514
162.520 16 0.384 0.367 0.467 0.514
162.560 16 0.383 0.364 0.469 0.517
162.600 16 0.383 0.369 0.466 0.517
162.640 16 0.381 0.372 0.461 0.514
162.680 16 0.377 0.378 0.458 0.519
162.720 16 0.372 0.378 0.456 0.528
162.760 16 0.369 0.378 0.450 0.519
162.800 16 0.366 0.378 0.445 0.519
162.840 16 0.361 0.378 0.441 0.519
162.880 16 0.361 0.381 0.439 0.517
162.920 16 0.358 0.378 0.434 0.517
162.960 16 0.359 0.375 0.438 0.517
163.000 16 0.355 0.375 0.436 0.519
163.040 16 0.352 0.375 0.431 0.517
163.080 16 0.344 0.375 0.425 0.519
163.120 16 0.336 0.375 0.417 0.522
163.160 16 0.328 0.375 0.412 0.525
163.200 16 0.325 0.375 0.406 0.522
163.240 16 0.320 0.378 0.402 0.522
163.280 16 0.314 0.381 0.398 0.531
163.320 16 0.314 0.383 0.398 0.533
163.360 16 0.312 0.392 0.395 0.539
163.400 16 0.309 0.400 0.394 0.550
163.440 16 0.305 0.403 0.389 0.556
163.480 16 0.302 0.408 0.386 0.561
163.520 16 0.298 0.414 0.383 0.564
163.560 16 0.295 0.422 0.380 0.572
163.760 17 0.528 0.203 0.733 0.567
163.800 17 0.534 0.197 0.741 0.567
163.840 17 0.533 0.197 0.741 0.567
163.880 17 0.545 0.200 0.752 0.567
163.920 17 0.555 0.194 0.755 0.547
163.960 17 0.561 0.186 0.762 0.547
164.000 17 0.572 0.183 0.773 0.542
164.040 17 0.562 0.175 0.764 0.533
164.080 17 0.572 0.178 0.772 0.533
164.120 17 0.583 0.169 0.783 0.525
164.160 17 0.588 0.167 0.789 0.525
164.200 17 0.600 0.158 0.803 0.519
164.240 17 0.606 0.164 0.809 0.522
164.280 17 0.614 0.164 0.817 0.525
164.320 17 0.619 0.164 0.823 0.525
164.360 17 0.627 0.164 0.833 0.528
164.400 17 0.633 0.156 0.841 0.528
164.440 17 0.644 0.158 0.852 0.525
164.480 17 0.655 0.161 0.859 0.525
164.520 17 0.653 0.158 0.864 0.533
164.560 17 0.667 0.167 0.872 0.531
164.600 17 0.667 0.169 0.875 0.536
164.640 17 0.680 0.172 0.886 0.539
164.680 17 0.681 0.178 0.886 0.542
164.720 17 0.688 0.178 0.894 0.544
164.760 17 0.692 0.181 0.897 0.544
164.800 17 0.695 0.181 0.902 0.547
164.840 17 0.700 0.181 0.906 0.547
164.880 17 0.702 0.181 0.908 0.550
164.920 17 0.713 0.181 0.920 0.553
164.960 17 0.713 0.181 0.920 0.550
165.000 17 0.706 0.183 0.908 0.542
165.040 17 0.719 0.175 0.927 0.544
165.080 17 0.723 0.178 0.931 0.547
165.120 17 0.728 0.181 0.938 0.553
165.160 17 0.731 0.189 0.941 0.558
165.200 17 0.739 0.197 0.947 0.567
165.240 17 0.742 0.203 0.948 0.569
165.280 17 0.744 0.206 0.950 0.572
165.320 17 0.745 0.211 0.950 0.575
165.360 17 0.747 0.214 0.950 0.578
165.400 17 0.745 0.219 0.948 0.578
165.440 17 0.744 0.219 0.947 0.581
165.480 17 0.744 0.222 0.945 0.583
165.520 17 0.744 0.225 0.945 0.583
165.560 17 0.742 0.222 0.944 0.581
165.600 17 0.742 0.222 0.944 0.581
165.640 17 0.741 0.222 0.942 0.581
165.680 17 0.739 0.219 0.942 0.581
165.720 17 0.738 0.219 0.942 0.581
165.760 17 0.738 0.214 0.944 0.581
165.800 17 0.739 0.217 0.942 0.578
165.840 17 0.739 0.217 0.944 0.581
165.880 17 0.741 0.219 0.945 0.583
165.920 17 0.736 0.219 0.944 0.589
165.960 17 0.741 0.225 0.948 0.592
166.000 17 0.752 0.222 0.953 0.581
166.040 17 0.742 0.231 0.942 0.586
166.080 17 0.742 0.231 0.941 0.586
166.120 17 0.744 0.231 0.944 0.586
166.160 17 0.738 0.231 0.938 0.586
166.200 17 0.739 0.231 0.939 0.586
166.240 17 0.734 0.231 0.936 0.589
166.280 17 0.725 0.228 0.927 0.583
166.320 17 0.723 0.228 0.925 0.586
166.360 17 0.719 0.228 0.919 0.583
166.400 17 0.716 0.225 0.914 0.578
166.440 17 0.711 0.222 0.909 0.572
166.480 17 0.708 0.217 0.906 0.569
166.520 17 0.703 0.214 0.902 0.567
166.560 17 0.702 0.211 0.898 0.564
166.600 17 0.698 0.208 0.895 0.561
166.640 17 0.694 0.208 0.894 0.561
166.680 17 0.694 0.206 0.894 0.561
166.720 17 0.691 0.208 0.887 0.558
166.760 17 0.692 0.208 0.889 0.561
166.800 17 0.692 0.211 0.891 0.564
166.840 17 0.692 0.211 0.892 0.567
166.880 17 0.694 0.214 0.895 0.572
166.920 17 0.692 0.214 0.892 0.569
166.960 17 0.697 0.217 0.895 0.572
167.000 17 0.684 0.222 0.886 0.581
167.040 17 0.678 0.222 0.880 0.581
167.080 17 0.681 0.225 0.881 0.583
167.120 18 0.191 0.158 0.433 0.589
167.160 18 0.191 0.161 0.436 0.594
167.200 18 0.181 0.164 0.428 0.600
167.240 18 0.186 0.169 0.431 0.603
167.280 18 0.180 0.172 0.425 0.608
167.320 18 0.184 0.178 0.430 0.608
167.360 18 0.180 0.178 0.423 0.611
167.400 18 0.178 0.178 0.425 0.614
167.440 18 0.181 0.178 0.431 0.619
167.480 18 0.175 0.181 0.422 0.617
167.520 18 0.178 0.181 0.427 0.619
167.560 18 0.170 0.183 0.417 0.619
167.600 18 0.173 0.186 0.422 0.625
167.640 18 0.164 0.192 0.414 0.633
167.680 18 0.164 0.194 0.417 0.642
167.720 18 0.156 0.200 0.408 0.644
167.760 18 0.159 0.206 0.411 0.650
167.800 18 0.153 0.211 0.405 0.656
167.840 18 0.153 0.214 0.405 0.658
167.880 18 0.155 0.217 0.406 0.658
167.920 18 0.156 0.217 0.405 0.658
167.960 18 0.164 0.217 0.412 0.656
168.000 18 0.170 0.211 0.417 0.650
168.040 18 0.184 0.208 0.431 0.644
168.080 18 0.184 0.206 0.428 0.636
168.120 18 0.192 0.206 0.436 0.636
168.160 18 0.191 0.206 0.430 0.628
168.200 18 0.198 0.206 0.438 0.628
168.240 18 0.195 0.203 0.433 0.622
168.280 18 0.200 0.197 0.442 0.628
168.320 18 0.200 0.203 0.434 0.617
168.360 18 0.203 0.194 0.444 0.622
168.400 18 0.203 0.200 0.436 0.611
168.440 18 0.205 0.194 0.445 0.619
168.480 18 0.205 0.194 0.445 0.619
168.520 18 0.211 0.200 0.447 0.617
168.560 18 0.202 0.194 0.444 0.622
168.600 18 0.200 0.200 0.434 0.614
168.640 18 0.203 0.189 0.444 0.614
168.680 18 0.203 0.192 0.436 0.603
168.720 18 0.206 0.181 0.447 0.606
168.760 18 0.206 0.178 0.447 0.603
168.800 18 0.205 0.178 0.447 0.603
168.840 18 0.205 0.178 0.447 0.603
168.880 18 0.205 0.175 0.447 0.603
168.920 18 0.203 0.172 0.447 0.603
168.960 18 0.203 0.172 0.445 0.600
169.000 18 0.203 0.172 0.445 0.600
169.040 18 0.195 0.172 0.442 0.611
169.080 18 0.197 0.178 0.445 0.614
169.120 18 0.198 0.178 0.445 0.617
169.160 18 0.198 0.181 0.445 0.617
169.200 18 0.198 0.181 0.444 0.614
169.240 18 0.197 0.181 0.441 0.611
169.280 18 0.200 0.175 0.448 0.614
169.320 18 0.198 0.178 0.442 0.608
169.360 18 0.203 0.175 0.450 0.611
169.400 18 0.200 0.175 0.444 0.606
169.440 18 0.205 0.172 0.450 0.606
169.480 18 0.206 0.175 0.448 0.606
169.520 18 0.202 0.175 0.444 0.603
169.560 18 0.208 0.175 0.450 0.600
169.600 18 0.203 0.169 0.447 0.597
169.640 18 0.209 0.167 0.450 0.592
169.680 18 0.205 0.161 0.447 0.586
169.720 18 0.214 0.161 0.453 0.583
169.760 18 0.209 0.158 0.450 0.583
169.800 18 0.212 0.161 0.453 0.583
169.840 18 0.214 0.164 0.453 0.583
169.880 18 0.216 0.167 0.452 0.586
169.920 18 0.211 0.169 0.450 0.592
169.960 18 0.216 0.175 0.453 0.594
170.000 18 0.219 0.181 0.453 0.597
170.040 18 0.222 0.183 0.455 0.597
170.080 18 0.222 0.178 0.461 0.600
170.120 18 0.223 0.169 0.464 0.594
170.160 18 0.223 0.164 0.466 0.592
170.200 18 0.222 0.158 0.469 0.594
170.240 18 0.220 0.156 0.469 0.592
170.280 18 0.216 0.156 0.464 0.592
170.320 18 0.217 0.153 0.466 0.594
170.360 18 0.214 0.153 0.464 0.594
170.400 18 0.214 0.156 0.464 0.597
170.440 18 0.211 0.156 0.463 0.600
170.480 18 0.216 0.158 0.466 0.600
170.520 18 0.209 0.158 0.458 0.597
170.560 18 0.212 0.156 0.464 0.600
170.600 18 0.209 0.153 0.461 0.600
170.640 18 0.206 0.150 0.461 0.597
170.680 18 0.205 0.150 0.461 0.600
170.720 18 0.205 0.147 0.463 0.600
170.760 18 0.198 0.147 0.453 0.597
170.800 18 0.200 0.147 0.455 0.597
170.840 18 0.197 0.144 0.456 0.603
170.880 18 0.198 0.150 0.453 0.600
170.920 18 0.195 0.150 0.450 0.600
170.960 18 0.197 0.144 0.458 0.606
171.000 18 0.203 0.172 0.445 0.600
171.040 18 0.189 0.167 0.436 0.603
171.080 18 0.195 0.169 0.445 0.611
171.120 18 0.192 0.178 0.438 0.611
171.160 18 0.197 0.178 0.444 0.617
171.200 18 0.192 0.181 0.441 0.619
171.240 18 0.194 0.183 0.442 0.622
171.280 18 0.195 0.186 0.442 0.622
171.320 18 0.195 0.189 0.438 0.619
171.360 18 0.197 0.181 0.448 0.622
171.400 18 0.191 0.175 0.439 0.617
171.440 18 0.200 0.172 0.447 0.608
171.480 18 0.194 0.169 0.438 0.603
171.520 18 0.195 0.169 0.442 0.606
171.560 18 0.195 0.169 0.442 0.603
171.600 18 0.197 0.172 0.442 0.603
171.640 18 0.200 0.172 0.442 0.600
171.680 18 0.202 0.169 0.445 0.600
171.720 18 0.203 0.172 0.447 0.603
171.760 18 0.205 0.172 0.448 0.603
171.800 18 0.206 0.175 0.450 0.603
171.840 18 0.208 0.175 0.450 0.606
171.880 18 0.212 0.178 0.452 0.603
171.920 18 0.208 0.181 0.445 0.600
171.960 18 0.209 0.175 0.455 0.608
172.000 18 0.203 0.172 0.445 0.600
172.040 18 0.216 0.194 0.433 0.581
172.080 18 0.217 0.192 0.439 0.586
172.120 18 0.214 0.197 0.430 0.581
172.160 18 0.217 0.194 0.436 0.583
172.200 18 0.212 0.200 0.428 0.581
172.240 18 0.214 0.197 0.433 0.583
172.280 18 0.214 0.194 0.431 0.578
172.320 18 0.212 0.189 0.430 0.575
172.360 18 0.216 0.189 0.430 0.567
172.400 18 0.216 0.183 0.433 0.567
172.440 18 0.214 0.183 0.431 0.569
172.480 18 0.214 0.186 0.431 0.569
172.520 18 0.212 0.183 0.428 0.567
172.560 18 0.212 0.183 0.427 0.564
172.600 18 0.211 0.183 0.427 0.564
172.640 18 0.211 0.178 0.425 0.561
172.680 18 0.209 0.178 0.425 0.558
172.720 18 0.208 0.175 0.423 0.556
172.760 18 0.208 0.175 0.422 0.556
172.800 18 0.206 0.172 0.422 0.556
172.840 18 0.205 0.175 0.417 0.553
172.880 18 0.209 0.175 0.425 0.556
172.920 18 0.205 0.175 0.417 0.553
172.960 18 0.206 0.169 0.427 0.558
173.000 18 0.214 0.183 0.416 0.542
173.040 18 0.195 0.153 0.427 0.567
173.080 18 0.194 0.158 0.423 0.567
173.120 18 0.194 0.156 0.425 0.567
173.160 18 0.194 0.156 0.423 0.564
173.200 18 0.192 0.153 0.423 0.564
173.240 18 0.191 0.150 0.425 0.567
173.280 18 0.186 0.150 0.419 0.564
173.320 18 0.183 0.150 0.412 0.561
173.360 18 0.183 0.153 0.417 0.567
173.400 18 0.177 0.153 0.408 0.564
173.440 18 0.177 0.156 0.411 0.569
173.480 18 0.170 0.158 0.402 0.572
173.520 18 0.172 0.158 0.408 0.578
173.560 18 0.167 0.158 0.402 0.575
173.600 18 0.167 0.158 0.400 0.575
173.640 18 0.167 0.164 0.395 0.569
173.680 18 0.170 0.164 0.398 0.569
173.720 18 0.172 0.167 0.398 0.569
173.760 18 0.175 0.169 0.398 0.567
173.800 18 0.177 0.172 0.398 0.567
173.840 18 0.178 0.178 0.400 0.572
173.880 18 0.180 0.183 0.402 0.578
173.920 18 0.181 0.189 0.402 0.583
173.960 18 0.184 0.194 0.400 0.578
174.000 18 0.177 0.172 0.417 0.600
174.040 18 0.192 0.192 0.422 0.600
174.080 18 0.197 0.189 0.423 0.592
174.120 18 0.202 0.181 0.433 0.592
174.160 18 0.202 0.181 0.430 0.583
174.200 18 0.206 0.172 0.439 0.589
174.240 18 0.206 0.175 0.436 0.583
174.280 18 0.203 0.178 0.433 0.586
174.320 18 0.208 0.175 0.444 0.594
174.360 18 0.202 0.183 0.434 0.597
174.400 18 0.208 0.186 0.444 0.603
174.440 18 0.206 0.181 0.445 0.608
174.480 18 0.231 0.217 0.439 0.586
174.520 18 0.237 0.219 0.447 0.592
174.560 18 0.233 0.208 0.450 0.597
174.600 18 0.250 0.222 0.466 0.606
174.640 18 0.244 0.222 0.461 0.608
174.680 18 0.263 0.239 0.475 0.617
174.720 18 0.259 0.244 0.469 0.617
174.760 18 0.266 0.242 0.475 0.614
174.800 18 0.275 0.253 0.478 0.611
174.840 18 0.280 0.253 0.483 0.614
174.880 18 0.283 0.242 0.484 0.600
174.920 18 0.289 0.236 0.492 0.597
174.960 18 0.297 0.228 0.497 0.583
175.000 18 0.303 0.222 0.505 0.581
175.040 18 0.309 0.217 0.511 0.578
175.080 18 0.320 0.214 0.523 0.575
175.120 18 0.328 0.203 0.530 0.561
175.160 18 0.342 0.211 0.537 0.558
175.200 18 0.341 0.206 0.536 0.550
175.240 18 0.350 0.203 0.541 0.542
175.280 18 0.350 0.200 0.539 0.539
175.320 18 0.358 0.200 0.544 0.533
175.360 18 0.358 0.206 0.542 0.531
175.400 18 0.364 0.203 0.547 0.528
175.440 18 0.362 0.203 0.542 0.522
175.480 18 0.361 0.200 0.537 0.517
175.520 18 0.358 0.194 0.536 0.511
175.080 19 0.308 0.225 0.498 0.564
175.120 19 0.314 0.219 0.506 0.561
175.160 19 0.320 0.214 0.512 0.556
175.200 19 0.327 0.211 0.516 0.547
175.240 19 0.333 0.208 0.520 0.542
175.280 19 0.339 0.203 0.527 0.539
175.320 19 0.338 0.200 0.527 0.536
175.360 19 0.339 0.192 0.534 0.539
175.400 19 0.342 0.186 0.545 0.547
175.440 19 0.333 0.183 0.534 0.542
175.480 19 0.336 0.181 0.542 0.544
175.520 19 0.319 0.161 0.539 0.553
175.560 19 0.328 0.164 0.542 0.542
175.600 19 0.312 0.164 0.525 0.542
175.640 19 0.319 0.161 0.531 0.542
175.680 19 0.312 0.161 0.523 0.536
175.720 19 0.314 0.164 0.527 0.542
175.760 19 0.311 0.169 0.517 0.536
175.800 19 0.312 0.172 0.520 0.542
175.840 19 0.308 0.178 0.511 0.539
175.880 19 0.311 0.178 0.514 0.542
175.920 19 0.305 0.181 0.508 0.539
175.960 19 0.305 0.175 0.516 0.550
176.000 19 0.303 0.183 0.505 0.542
176.040 19 0.312 0.178 0.509 0.528
176.080 19 0.311 0.178 0.509 0.531
176.120 19 0.311 0.181 0.506 0.528
176.160 19 0.311 0.178 0.509 0.531
176.200 19 0.308 0.178 0.505 0.528
176.240 19 0.311 0.175 0.511 0.531
176.280 19 0.306 0.178 0.506 0.531
176.320 19 0.308 0.178 0.509 0.536
176.360 19 0.309 0.178 0.511 0.536
176.400 19 0.306 0.181 0.505 0.536
176.440 19 0.311 0.183 0.509 0.536
176.480 19 0.305 0.186 0.503 0.539
176.520 19 0.306 0.189 0.508 0.547
176.560 19 0.300 0.197 0.502 0.553
176.600 19 0.300 0.206 0.503 0.567
176.640 19 0.305 0.214 0.506 0.572
176.680 19 0.302 0.219 0.508 0.583
176.720 19 0.308 0.222 0.514 0.589
176.760 19 0.302 0.228 0.508 0.592
176.800 19 0.303 0.228 0.511 0.597
176.840 19 0.297 0.231 0.503 0.597
176.880 19 0.298 0.231 0.508 0.600
176.920 19 0.294 0.231 0.500 0.600
176.960 19 0.292 0.231 0.502 0.600
177.000 19 0.303 0.222 0.505 0.581
177.040 19 0.292 0.208 0.495 0.572
177.080 19 0.292 0.203 0.495 0.564
177.120 19 0.292 0.197 0.495 0.558
177.160 19 0.289 0.189 0.492 0.550
177.200 19 0.289 0.186 0.491 0.544
177.240 19 0.289 0.183 0.491 0.544
177.280 19 0.287 0.183 0.491 0.542
177.320 19 0.286 0.181 0.487 0.539
177.360 19 0.289 0.178 0.494 0.542
177.400 19 0.287 0.181 0.489 0.539
177.440 19 0.294 0.181 0.495 0.539
177.480 19 0.291 0.178 0.491 0.536
177.520 19 0.295 0.178 0.495 0.533
177.560 19 0.292 0.178 0.491 0.533
177.600 19 0.294 0.175 0.494 0.533
177.640 19 0.297 0.175 0.495 0.531
177.680 19 0.292 0.175 0.492 0.531
177.720 19 0.297 0.175 0.497 0.531
177.760 19 0.295 0.175 0.495 0.531
177.800 19 0.298 0.175 0.497 0.531
177.840 19 0.292 0.175 0.492 0.531
177.880 19 0.295 0.175 0.497 0.536
177.920 19 0.287 0.178 0.491 0.536
177.960 19 0.291 0.181 0.494 0.542
178.000 19 0.281 0.183 0.483 0.542
178.040 19 0.263 0.175 0.481 0.564
178.080 19 0.261 0.175 0.484 0.572
178.120 19 0.255 0.178 0.477 0.569
178.160 19 0.256 0.178 0.480 0.575
178.200 19 0.250 0.181 0.472 0.575
178.240 19 0.252 0.186 0.472 0.575
178.280 19 0.244 0.186 0.466 0.578
178.320 19 0.241 0.192 0.463 0.586
178.360 19 0.236 0.194 0.456 0.586
178.400 19 0.236 0.197 0.456 0.586
178.440 19 0.231 0.194 0.452 0.586
178.480 19 0.230 0.194 0.450 0.586
178.520 19 0.228 0.192 0.447 0.581
178.560 19 0.225 0.186 0.450 0.586
178.600 19 0.227 0.189 0.444 0.575
178.640 19 0.222 0.183 0.445 0.581
178.680 19 0.222 0.189 0.441 0.578
178.720 19 0.222 0.194 0.438 0.575
178.760 19 0.219 0.192 0.434 0.575
178.800 19 0.219 0.186 0.439 0.575
178.840 19 0.219 0.183 0.439 0.572
178.880 19 0.219 0.181 0.439 0.572
178.920 19 0.217 0.178 0.441 0.575
178.960 19 0.217 0.183 0.439 0.575
179.000 19 0.203 0.172 0.445 0.600
179.040 19 0.217 0.189 0.445 0.592
179.080 19 0.216 0.186 0.445 0.592
179.120 19 0.219 0.194 0.441 0.586
179.160 19 0.220 0.197 0.442 0.589
179.200 19 0.219 0.192 0.445 0.592
179.240 19 0.222 0.192 0.448 0.592
179.280 19 0.220 0.194 0.444 0.592
179.320 19 0.222 0.197 0.444 0.589
179.360 19 0.222 0.192 0.445 0.589
179.400 19 0.219 0.186 0.442 0.581
179.440 19 0.223 0.186 0.447 0.581
179.480 19 0.223 0.181 0.448 0.581
179.520 19 0.228 0.178 0.450 0.572
179.560 19 0.228 0.175 0.452 0.572
179.600 19 0.233 0.175 0.456 0.569
179.640 19 0.230 0.175 0.453 0.572
179.680 19 0.237 0.178 0.461 0.572
179.720 19 0.239 0.172 0.464 0.572
179.760 19 0.242 0.172 0.470 0.575
179.800 19 0.245 0.172 0.470 0.572
179.840 19 0.247 0.175 0.475 0.578
179.880 19 0.250 0.178 0.478 0.583
179.920 19 0.252 0.181 0.483 0.589
179.960 19 0.253 0.181 0.486 0.594
180.000 19 0.281 0.222 0.483 0.581
180.040 19 0.286 0.222 0.484 0.578
180.080 19 0.287 0.222 0.487 0.578
180.120 19 0.289 0.225 0.489 0.581
180.160 19 0.289 0.225 0.491 0.583
180.200 19 0.287 0.228 0.489 0.583
180.240 19 0.286 0.228 0.489 0.589
180.280 19 0.286 0.228 0.489 0.586
180.320 19 0.286 0.228 0.487 0.586
180.360 19 0.286 0.225 0.487 0.583
180.400 19 0.286 0.225 0.487 0.583
180.440 19 0.283 0.219 0.486 0.583
180.480 19 0.286 0.217 0.492 0.583
180.520 19 0.284 0.217 0.487 0.578
180.560 19 0.289 0.214 0.494 0.581
180.600 19 0.286 0.217 0.489 0.578
180.640 19 0.287 0.219 0.492 0.581
180.680 19 0.291 0.222 0.494 0.583
180.720 19 0.287 0.222 0.492 0.586
180.760 19 0.294 0.222 0.497 0.583
180.800 19 0.289 0.222 0.494 0.586
180.840 19 0.287 0.219 0.492 0.586
180.880 19 0.284 0.219 0.489 0.583
180.920 19 0.283 0.219 0.487 0.583
180.960 19 0.280 0.219 0.486 0.586
181.000 19 0.281 0.222 0.483 0.581
181.040 19 0.277 0.228 0.473 0.578
181.080 19 0.277 0.228 0.480 0.586
181.120 19 0.272 0.231 0.470 0.583
181.160 19 0.273 0.228 0.477 0.589
181.200 19 0.272 0.228 0.473 0.589
181.240 19 0.269 0.225 0.472 0.586
181.280 19 0.267 0.225 0.470 0.586
181.320 19 0.266 0.222 0.469 0.583
181.360 19 0.264 0.219 0.467 0.581
181.400 19 0.264 0.219 0.466 0.578
181.440 19 0.263 0.219 0.466 0.578
181.480 19 0.256 0.217 0.458 0.578
181.520 19 0.259 0.222 0.459 0.578
181.560 19 0.258 0.219 0.459 0.578
181.600 19 0.258 0.217 0.458 0.575
181.640 19 0.256 0.217 0.459 0.578
181.680 19 0.255 0.214 0.458 0.578
181.720 19 0.253 0.214 0.458 0.575
181.760 19 0.258 0.211 0.463 0.575
181.800 19 0.255 0.206 0.459 0.569
181.840 19 0.259 0.203 0.463 0.564
181.880 19 0.258 0.197 0.459 0.556
181.920 19 0.258 0.189 0.459 0.547
181.960 19 0.263 0.183 0.464 0.542
182.000 20 0.258 0.183 0.459 0.542
195.080 21 0.236 0.342 0.436 0.697
195.120 21 0.223 0.336 0.425 0.692
195.160 21 0.236 0.342 0.434 0.694
195.200 21 0.231 0.342 0.430 0.697
195.240 21 0.234 0.342 0.434 0.697
195.280 21 0.230 0.344 0.428 0.697
195.320 21 0.233 0.347 0.431 0.700
195.360 21 0.227 0.353 0.423 0.703
195.400 21 0.230 0.356 0.427 0.706
195.440 21 0.227 0.358 0.422 0.706
195.480 21 0.227 0.358 0.422 0.706
195.520 21 0.227 0.358 0.423 0.708
195.560 21 0.222 0.358 0.419 0.706
195.600 21 0.228 0.356 0.427 0.708
195.640 21 0.225 0.356 0.423 0.706
195.680 21 0.231 0.356 0.430 0.708
195.720 21 0.228 0.353 0.427 0.706
195.760 21 0.233 0.353 0.433 0.708
195.800 21 0.230 0.353 0.428 0.706
195.840 21 0.233 0.350 0.436 0.708
195.880 21 0.231 0.353 0.428 0.703
195.920 21 0.234 0.344 0.438 0.706
195.960 21 0.230 0.342 0.434 0.703
196.000 21 0.236 0.342 0.438 0.700
196.040 21 0.236 0.333 0.434 0.686
196.080 21 0.237 0.333 0.436 0.683
196.120 21 0.239 0.328 0.438 0.678
196.160 21 0.244 0.328 0.441 0.681
196.200 21 0.241 0.328 0.439 0.681
196.240 21 0.239 0.325 0.441 0.681
196.280 21 0.236 0.322 0.438 0.681
196.320 21 0.245 0.328 0.445 0.683
196.360 21 0.234 0.322 0.436 0.683
196.400 21 0.244 0.328 0.444 0.683
196.440 21 0.239 0.325 0.441 0.683
196.480 21 0.244 0.325 0.447 0.683
196.520 21 0.244 0.331 0.442 0.683
196.560 21 0.241 0.328 0.442 0.686
196.600 21 0.242 0.328 0.444 0.686
196.640 21 0.245 0.331 0.447 0.686
196.680 21 0.241 0.328 0.444 0.686
196.720 21 0.245 0.331 0.447 0.689
196.760 21 0.241 0.331 0.441 0.689
196.800 21 0.245 0.331 0.447 0.689
196.840 21 0.239 0.325 0.441 0.686
196.880 21 0.241 0.322 0.445 0.683
196.920 21 0.236 0.317 0.441 0.681
196.960 21 0.239 0.314 0.444 0.678
197.000 21 0.236 0.303 0.438 0.661
197.040 21 0.225 0.283 0.455 0.689
197.080 21 0.225 0.278 0.453 0.681
197.120 21 0.228 0.275 0.452 0.672
197.160 21 0.230 0.261 0.453 0.658
197.200 21 0.231 0.250 0.456 0.647
197.240 21 0.233 0.239 0.456 0.636
197.280 21 0.237 0.228 0.463 0.625
197.320 21 0.239 0.222 0.459 0.611
197.360 21 0.244 0.214 0.461 0.600
197.400 21 0.242 0.208 0.458 0.592
197.440 21 0.241 0.203 0.456 0.586
197.480 21 0.237 0.197 0.453 0.581
197.520 21 0.236 0.192 0.452 0.575
197.560 21 0.233 0.186 0.450 0.569
197.600 21 0.231 0.186 0.447 0.567
197.640 21 0.230 0.183 0.445 0.567
197.680 21 0.230 0.183 0.448 0.569
197.720 21 0.225 0.186 0.438 0.564
197.760 21 0.231 0.183 0.447 0.567
197.800 21 0.230 0.183 0.442 0.561
197.840 21 0.236 0.183 0.452 0.564
197.880 21 0.236 0.183 0.452 0.564
197.920 21 0.239 0.186 0.452 0.561
197.960 21 0.244 0.181 0.459 0.564
198.000 21 0.230 0.172 0.472 0.600
198.040 21 0.239 0.197 0.452 0.575
198.080 21 0.234 0.200 0.450 0.581
198.120 21 0.225 0.211 0.439 0.592
198.160 21 0.219 0.219 0.431 0.597
198.200 21 0.212 0.228 0.427 0.606
198.240 21 0.209 0.231 0.425 0.611
198.280 21 0.205 0.236 0.422 0.619
198.320 21 0.202 0.236 0.422 0.625
198.360 21 0.200 0.242 0.419 0.631
198.400 21 0.200 0.247 0.417 0.633
198.440 21 0.200 0.247 0.420 0.639
198.480 21 0.194 0.253 0.414 0.642
198.520 21 0.202 0.256 0.422 0.647
198.560 21 0.200 0.261 0.419 0.650
198.600 21 0.197 0.264 0.416 0.653
198.640 21 0.198 0.267 0.419 0.656
198.680 21 0.200 0.269 0.419 0.658
198.720 21 0.200 0.272 0.419 0.661
198.760 21 0.200 0.275 0.420 0.664
198.800 21 0.200 0.278 0.422 0.669
198.840 21 0.200 0.281 0.422 0.672
198.880 21 0.202 0.283 0.423 0.675
198.920 21 0.202 0.286 0.423 0.678
198.960 21 0.203 0.286 0.425 0.681
199.000 21 0.214 0.303 0.416 0.661
199.040 21 0.212 0.297 0.416 0.656
199.080 21 0.211 0.297 0.412 0.656
199.120 21 0.216 0.300 0.417 0.658
199.160 21 0.217 0.297 0.419 0.656
199.200 21 0.220 0.297 0.420 0.653
199.240 21 0.222 0.294 0.423 0.653
199.280 21 0.225 0.292 0.427 0.653
199.320 21 0.227 0.292 0.430 0.650
199.360 21 0.230 0.289 0.433 0.650
199.400 21 0.231 0.289 0.434 0.650
199.440 21 0.234 0.289 0.436 0.647
199.480 21 0.236 0.289 0.438 0.647
199.520 21 0.239 0.289 0.442 0.650
199.560 21 0.237 0.286 0.439 0.647
199.600 21 0.241 0.289 0.444 0.650
199.640 21 0.236 0.292 0.438 0.650
199.680 21 0.237 0.292 0.441 0.653
199.720 21 0.231 0.294 0.433 0.653
199.760 21 0.233 0.297 0.436 0.658
199.800 21 0.227 0.300 0.428 0.661
199.840 21 0.228 0.303 0.431 0.664
199.880 21 0.222 0.308 0.423 0.667
199.920 21 0.223 0.308 0.428 0.672
199.960 21 0.219 0.311 0.419 0.667
200.000 21 0.214 0.303 0.416 0.661
200.040 21 0.223 0.311 0.422 0.664
200.080 21 0.220 0.311 0.419 0.664
200.120 21 0.220 0.311 0.417 0.664
200.160 21 0.219 0.311 0.417 0.664
200.200 21 0.219 0.311 0.416 0.661
200.240 21 0.216 0.308 0.414 0.661
200.280 21 0.219 0.308 0.417 0.661
200.320 21 0.216 0.308 0.414 0.661
200.360 21 0.219 0.308 0.417 0.661
200.400 21 0.216 0.308 0.414 0.661
200.440 21 0.219 0.308 0.417 0.661
200.480 21 0.220 0.311 0.419 0.664
200.520 21 0.220 0.311 0.420 0.664
200.560 21 0.222 0.311 0.420 0.664
200.600 21 0.222 0.311 0.420 0.664
200.640 21 0.223 0.311 0.420 0.661
200.680 21 0.223 0.308 0.420 0.661
200.720 21 0.223 0.311 0.416 0.653
200.760 21 0.231 0.314 0.425 0.658
200.800 21 0.220 0.311 0.416 0.658
200.840 21 0.228 0.311 0.425 0.661
200.880 21 0.225 0.306 0.422 0.658
200.920 21 0.231 0.306 0.428 0.656
200.960 21 0.228 0.303 0.425 0.653
201.000 21 0.236 0.303 0.438 0.661
201.040 21 0.216 0.281 0.441 0.681
201.080 21 0.219 0.275 0.445 0.678
201.120 21 0.216 0.267 0.444 0.672
201.160 21 0.223 0.258 0.452 0.664
201.200 21 0.222 0.258 0.442 0.650
201.240 21 0.220 0.247 0.445 0.644
201.280 21 0.223 0.244 0.444 0.636
201.320 21 0.222 0.236 0.447 0.636
201.360 21 0.225 0.233 0.445 0.625
201.400 21 0.225 0.225 0.448 0.622
201.440 21 0.228 0.225 0.448 0.614
201.480 21 0.231 0.219 0.452 0.614
201.520 21 0.233 0.217 0.455 0.608
201.560 21 0.237 0.214 0.463 0.611
201.600 21 0.234 0.214 0.459 0.614
201.640 21 0.242 0.219 0.464 0.614
201.680 21 0.239 0.225 0.461 0.619
201.720 21 0.242 0.231 0.464 0.622
201.760 21 0.244 0.231 0.464 0.625
201.800 21 0.244 0.233 0.466 0.628
201.840 21 0.245 0.233 0.467 0.628
201.880 21 0.245 0.233 0.469 0.631
201.920 21 0.247 0.233 0.469 0.631
201.960 21 0.248 0.236 0.469 0.628
202.000 21 0.230 0.219 0.472 0.650
202.040 21 0.244 0.219 0.489 0.658
202.080 21 0.231 0.214 0.480 0.656
202.120 21 0.245 0.219 0.491 0.658
202.160 21 0.239 0.228 0.475 0.647
202.200 21 0.247 0.233 0.483 0.650
202.240 21 0.237 0.231 0.473 0.650
202.280 21 0.237 0.228 0.480 0.656
202.320 21 0.231 0.231 0.470 0.653
202.360 21 0.231 0.231 0.470 0.656
202.400 21 0.227 0.231 0.464 0.653
202.440 21 0.225 0.228 0.466 0.656
202.480 21 0.222 0.225 0.464 0.656
202.520 21 0.220 0.225 0.463 0.653
202.560 21 0.219 0.222 0.459 0.653
202.600 21 0.217 0.219 0.459 0.650
202.640 21 0.217 0.219 0.458 0.650
202.680 21 0.216 0.222 0.453 0.644
202.720 21 0.225 0.225 0.461 0.644
202.760 21 0.214 0.219 0.453 0.644
202.800 21 0.222 0.219 0.464 0.650
202.840 21 0.222 0.222 0.464 0.650
202.880 21 0.223 0.217 0.466 0.650
202.920 21 0.220 0.217 0.463 0.650
202.960 21 0.220 0.219 0.463 0.647
203.000 21 0.230 0.219 0.472 0.650
203.040 21 0.217 0.222 0.459 0.653
203.080 21 0.227 0.222 0.472 0.658
203.120 21 0.219 0.222 0.464 0.656
203.160 21 0.223 0.219 0.472 0.661
203.200 21 0.222 0.219 0.469 0.661
203.240 21 0.223 0.219 0.470 0.661
203.280 21 0.225 0.219 0.472 0.658
203.320 21 0.227 0.219 0.475 0.658
203.360 21 0.228 0.219 0.477 0.658
203.400 21 0.230 0.219 0.477 0.658
203.440 21 0.225 0.217 0.475 0.658
203.480 21 0.230 0.217 0.483 0.664
203.520 21 0.222 0.219 0.470 0.658
203.560 21 0.225 0.219 0.472 0.658
203.600 21 0.217 0.217 0.464 0.656
203.640 21 0.219 0.214 0.466 0.650
203.680 21 0.211 0.211 0.458 0.647
203.720 21 0.211 0.206 0.459 0.644
203.760 21 0.206 0.203 0.450 0.636
203.800 21 0.208 0.194 0.455 0.631
203.840 21 0.206 0.192 0.450 0.622
203.880 21 0.206 0.189 0.445 0.611
203.920 21 0.209 0.181 0.453 0.611
203.960 21 0.208 0.178 0.445 0.597
204.000 21 0.203 0.172 0.445 0.600
204.040 21 0.208 0.164 0.456 0.603
204.080 21 0.208 0.167 0.450 0.592
204.120 21 0.216 0.158 0.458 0.586
204.160 21 0.222 0.150 0.464 0.581
204.200 21 0.222 0.144 0.463 0.569
204.240 21 0.231 0.139 0.469 0.558
204.280 21 0.237 0.133 0.475 0.553
204.320 21 0.237 0.133 0.467 0.539
204.360 21 0.244 0.125 0.477 0.536
204.400 21 0.248 0.119 0.478 0.525
206.880 22 0.311 0.244 0.655 0.856
206.920 22 0.297 0.239 0.645 0.858
206.960 22 0.303 0.244 0.652 0.864
207.000 22 0.294 0.247 0.642 0.867
207.040 22 0.263 0.206 0.650 0.892
207.080 22 0.275 0.214 0.655 0.886
207.120 22 0.264 0.208 0.647 0.889
207.160 22 0.270 0.214 0.652 0.892
207.200 22 0.258 0.211 0.641 0.892
207.240 22 0.270 0.208 0.655 0.894
207.280 22 0.267 0.208 0.647 0.883
207.320 22 0.283 0.203 0.658 0.872
207.360 22 0.277 0.189 0.659 0.869
207.400 22 0.291 0.186 0.672 0.864
207.440 22 0.284 0.186 0.667 0.867
207.480 22 0.291 0.203 0.666 0.872
207.520 22 0.280 0.214 0.656 0.883
207.560 22 0.261 0.208 0.641 0.883
207.600 22 0.272 0.211 0.648 0.881
207.640 22 0.263 0.208 0.637 0.875
207.680 22 0.272 0.203 0.648 0.872
207.720 22 0.272 0.192 0.645 0.856
207.760 22 0.273 0.169 0.652 0.844
207.800 22 0.277 0.144 0.656 0.817
207.840 22 0.286 0.125 0.664 0.797
207.880 22 0.287 0.114 0.666 0.786
207.920 22 0.287 0.100 0.659 0.761
207.960 22 0.289 0.092 0.672 0.772
208.000 22 0.259 0.050 0.677 0.792
208.040 22 0.248 0.050 0.666 0.792
208.080 22 0.258 0.053 0.675 0.794
208.120 22 0.247 0.056 0.664 0.797
208.160 22 0.256 0.056 0.672 0.797
208.200 22 0.242 0.053 0.661 0.800
208.240 22 0.250 0.056 0.669 0.800
208.280 22 0.233 0.042 0.664 0.808
208.320 22 0.253 0.044 0.683 0.811
208.360 22 0.230 0.036 0.659 0.800
208.400 22 0.255 0.050 0.681 0.808
208.440 22 0.239 0.042 0.669 0.803
208.480 22 0.255 0.069 0.667 0.803
208.520 22 0.256 0.078 0.667 0.808
208.560 22 0.258 0.083 0.669 0.814
208.600 22 0.255 0.081 0.675 0.831
208.640 22 0.255 0.083 0.678 0.836
208.680 22 0.255 0.086 0.680 0.844
208.720 22 0.258 0.092 0.684 0.850
208.760 22 0.261 0.094 0.689 0.856
208.800 22 0.264 0.094 0.692 0.858
208.840 22 0.266 0.100 0.695 0.861
208.880 22 0.267 0.108 0.697 0.869
208.920 23 0.322 0.267 0.436 0.467
208.960 23 0.323 0.269 0.436 0.469
209.000 23 0.317 0.267 0.434 0.472
209.040 23 0.309 0.261 0.428 0.467
209.080 23 0.311 0.261 0.428 0.467
209.120 23 0.311 0.261 0.430 0.467
209.160 23 0.309 0.261 0.428 0.469
209.200 23 0.312 0.261 0.433 0.472
209.240 23 0.312 0.264 0.433 0.475
209.280 23 0.317 0.264 0.436 0.472
209.320 23 0.316 0.261 0.433 0.469
209.360 23 0.319 0.258 0.438 0.467
209.400 23 0.316 0.258 0.434 0.467
209.440 23 0.317 0.256 0.436 0.467
209.480 23 0.314 0.256 0.433 0.464
209.520 23 0.316 0.256 0.434 0.464
209.560 23 0.316 0.256 0.434 0.464
209.600 23 0.317 0.253 0.436 0.464
209.640 23 0.320 0.253 0.439 0.461
209.680 23 0.320 0.256 0.439 0.461
209.720 23 0.325 0.256 0.444 0.464
209.760 23 0.327 0.258 0.445 0.467
209.800 23 0.328 0.264 0.445 0.469
209.840 23 0.330 0.267 0.447 0.472
209.880 23 0.331 0.269 0.448 0.475
209.920 23 0.333 0.272 0.448 0.475
209.960 23 0.333 0.275 0.450 0.478
210.000 23 0.330 0.267 0.447 0.472
210.040 23 0.330 0.272 0.442 0.469
210.080 23 0.330 0.269 0.447 0.475
210.120 23 0.328 0.272 0.442 0.475
210.160 23 0.328 0.272 0.445 0.478
210.200 23 0.328 0.272 0.445 0.481
210.240 23 0.328 0.275 0.447 0.481
210.280 23 0.328 0.275 0.445 0.481
210.320 23 0.330 0.275 0.447 0.481
210.360 23 0.330 0.275 0.447 0.481
210.400 23 0.334 0.278 0.450 0.481
210.440 23 0.331 0.275 0.448 0.481
210.480 23 0.330 0.278 0.445 0.481
210.520 23 0.331 0.275 0.448 0.481
210.560 23 0.328 0.275 0.444 0.481
210.600 23 0.331 0.278 0.448 0.483
210.640 23 0.330 0.275 0.447 0.481
210.680 23 0.330 0.275 0.447 0.481
210.720 23 0.333 0.275 0.450 0.481
210.760 23 0.331 0.275 0.448 0.478
210.800 23 0.333 0.275 0.450 0.481
210.840 23 0.334 0.275 0.450 0.481
210.880 23 0.336 0.278 0.452 0.483
210.920 23 0.338 0.281 0.453 0.483
210.960 23 0.338 0.281 0.455 0.486
