56.920 0 0.417 0.333 0.472 0.431
56.960 0 0.416 0.333 0.470 0.431
57.000 0 0.417 0.333 0.473 0.431
57.040 0 0.416 0.333 0.472 0.433
57.080 0 0.416 0.333 0.472 0.433
57.120 0 0.416 0.333 0.472 0.433
57.160 0 0.417 0.333 0.470 0.431
57.200 0 0.419 0.333 0.473 0.431
57.240 0 0.416 0.333 0.470 0.431
57.280 0 0.416 0.333 0.472 0.433
57.320 0 0.417 0.333 0.472 0.431
57.360 0 0.419 0.333 0.473 0.431
57.400 0 0.416 0.333 0.470 0.428
57.440 0 0.419 0.333 0.473 0.431
57.480 0 0.417 0.331 0.470 0.428
57.520 0 0.419 0.331 0.473 0.428
57.560 0 0.417 0.331 0.473 0.431
57.600 0 0.417 0.331 0.473 0.431
57.640 0 0.417 0.331 0.473 0.431
57.680 0 0.417 0.331 0.472 0.425
57.720 0 0.419 0.331 0.473 0.428
57.760 0 0.416 0.331 0.470 0.428
57.800 0 0.417 0.328 0.473 0.428
57.840 0 0.417 0.328 0.472 0.425
57.880 0 0.419 0.328 0.475 0.428
57.920 0 0.419 0.328 0.475 0.428
57.960 0 0.419 0.331 0.473 0.425
58.000 0 0.420 0.328 0.477 0.428
58.040 0 0.423 0.328 0.478 0.425
58.080 0 0.422 0.328 0.478 0.428
58.120 0 0.423 0.328 0.480 0.425
58.160 0 0.423 0.325 0.480 0.425
58.200 0 0.425 0.325 0.481 0.425
58.240 0 0.427 0.325 0.481 0.422
58.280 0 0.428 0.325 0.483 0.422
58.320 0 0.428 0.322 0.483 0.422
58.360 0 0.430 0.319 0.486 0.419
58.400 0 0.431 0.319 0.487 0.417
58.440 0 0.433 0.317 0.491 0.417
58.480 0 0.436 0.311 0.492 0.414
58.520 0 0.439 0.308 0.495 0.408
58.560 0 0.442 0.306 0.500 0.406
58.600 0 0.447 0.300 0.503 0.400
58.640 0 0.453 0.294 0.509 0.394
58.680 0 0.459 0.289 0.514 0.389
58.720 0 0.464 0.281 0.520 0.381
58.760 0 0.473 0.272 0.530 0.372
58.800 0 0.481 0.264 0.537 0.364
58.840 0 0.492 0.256 0.548 0.356
58.880 0 0.500 0.244 0.556 0.347
58.920 0 0.509 0.233 0.566 0.336
58.960 0 0.520 0.219 0.578 0.322
59.000 0 0.533 0.206 0.589 0.306
56.920 1 0.519 0.539 0.575 0.639
56.960 1 0.522 0.539 0.578 0.639
57.000 1 0.520 0.539 0.577 0.639
57.040 1 0.519 0.542 0.575 0.642
57.080 1 0.517 0.542 0.573 0.642
57.120 1 0.520 0.542 0.577 0.642
57.160 1 0.519 0.542 0.575 0.642
57.200 1 0.519 0.542 0.577 0.644
57.240 1 0.517 0.542 0.575 0.642
57.280 1 0.519 0.542 0.577 0.644
57.320 1 0.517 0.539 0.575 0.642
57.360 1 0.520 0.539 0.578 0.642
57.400 1 0.517 0.539 0.575 0.642
57.440 1 0.519 0.539 0.577 0.642
57.480 1 0.517 0.539 0.575 0.642
57.520 1 0.519 0.539 0.577 0.639
57.560 1 0.519 0.539 0.575 0.639
57.600 1 0.519 0.539 0.575 0.639
57.640 1 0.519 0.539 0.575 0.639
57.680 1 0.519 0.539 0.575 0.636
57.720 1 0.519 0.536 0.575 0.636
57.760 1 0.519 0.536 0.575 0.636
57.800 1 0.519 0.536 0.575 0.636
57.840 1 0.520 0.536 0.577 0.636
57.880 1 0.520 0.536 0.577 0.636
57.920 1 0.522 0.536 0.577 0.636
57.960 1 0.522 0.536 0.578 0.636
58.000 1 0.520 0.539 0.577 0.639
58.040 1 0.522 0.539 0.578 0.639
58.080 1 0.522 0.539 0.578 0.639
58.120 1 0.523 0.539 0.580 0.639
58.160 1 0.523 0.536 0.580 0.639
58.200 1 0.525 0.536 0.581 0.636
58.240 1 0.527 0.536 0.583 0.636
58.280 1 0.528 0.533 0.584 0.633
58.320 1 0.528 0.533 0.584 0.633
58.360 1 0.531 0.531 0.588 0.631
58.400 1 0.533 0.531 0.589 0.631
58.440 1 0.534 0.528 0.591 0.628
58.480 1 0.536 0.525 0.592 0.625
58.520 1 0.539 0.522 0.595 0.622
58.560 1 0.544 0.517 0.600 0.617
58.600 1 0.548 0.511 0.605 0.614
58.640 1 0.553 0.508 0.609 0.606
58.680 1 0.561 0.503 0.617 0.600
58.720 1 0.569 0.494 0.625 0.597
58.760 1 0.577 0.486 0.633 0.589
58.800 1 0.583 0.478 0.641 0.578
58.840 1 0.591 0.469 0.650 0.572
58.880 1 0.603 0.458 0.661 0.561
58.920 1 0.613 0.444 0.670 0.547
58.960 1 0.623 0.433 0.683 0.536
59.000 1 0.634 0.419 0.692 0.522
59.040 1 0.647 0.403 0.705 0.506
59.080 1 0.661 0.389 0.719 0.494
61.920 2 0.550 0.142 0.752 0.500
61.960 2 0.550 0.142 0.752 0.500
62.000 2 0.550 0.142 0.752 0.500
62.040 2 0.553 0.136 0.758 0.500
62.080 2 0.553 0.136 0.758 0.500
62.120 2 0.553 0.136 0.758 0.500
62.160 2 0.555 0.139 0.758 0.500
62.200 2 0.550 0.136 0.753 0.500
62.240 2 0.548 0.139 0.752 0.497
62.280 2 0.547 0.136 0.747 0.494
62.320 2 0.544 0.136 0.744 0.494
62.360 2 0.542 0.139 0.744 0.494
62.400 2 0.537 0.136 0.739 0.494
62.440 2 0.536 0.131 0.744 0.503
62.480 2 0.528 0.133 0.731 0.494
62.520 2 0.536 0.136 0.739 0.497
62.560 2 0.531 0.139 0.730 0.492
62.600 2 0.533 0.139 0.734 0.497
62.640 2 0.530 0.144 0.728 0.494
62.680 2 0.531 0.144 0.730 0.497
62.720 2 0.531 0.144 0.731 0.500
62.760 2 0.531 0.147 0.731 0.500
62.800 2 0.533 0.147 0.733 0.500
62.840 2 0.536 0.147 0.736 0.500
62.880 2 0.539 0.147 0.738 0.500
62.920 2 0.542 0.147 0.741 0.500
62.960 2 0.547 0.147 0.745 0.500
63.000 2 0.550 0.142 0.752 0.500
63.040 2 0.548 0.161 0.750 0.519
63.080 2 0.550 0.161 0.752 0.519
63.120 2 0.552 0.164 0.753 0.522
63.160 2 0.553 0.164 0.755 0.525
63.200 2 0.553 0.164 0.756 0.525
63.240 2 0.555 0.164 0.756 0.525
63.280 2 0.556 0.167 0.758 0.525
63.320 2 0.556 0.167 0.758 0.525
63.360 2 0.556 0.167 0.759 0.525
63.400 2 0.558 0.167 0.759 0.525
63.440 2 0.558 0.167 0.759 0.525
63.480 2 0.558 0.169 0.759 0.528
63.520 2 0.558 0.172 0.759 0.531
63.560 2 0.559 0.172 0.759 0.531
63.600 2 0.559 0.175 0.759 0.531
63.640 2 0.559 0.175 0.759 0.531
63.680 2 0.558 0.175 0.759 0.531
63.720 2 0.558 0.172 0.759 0.531
63.760 2 0.556 0.172 0.758 0.528
63.800 2 0.556 0.169 0.758 0.528
63.840 2 0.556 0.169 0.756 0.525
63.880 2 0.556 0.167 0.755 0.522
63.920 2 0.555 0.167 0.755 0.522
63.960 2 0.555 0.167 0.753 0.519
64.000 2 0.550 0.183 0.752 0.542
64.040 2 0.552 0.167 0.750 0.519
64.080 2 0.550 0.164 0.748 0.517
64.120 2 0.550 0.164 0.748 0.514
64.160 2 0.550 0.164 0.747 0.514
64.200 2 0.550 0.161 0.747 0.511
64.240 2 0.548 0.161 0.745 0.511
64.280 2 0.545 0.164 0.739 0.508
64.320 2 0.548 0.164 0.742 0.508
64.360 2 0.542 0.164 0.738 0.511
64.400 2 0.550 0.167 0.742 0.508
64.440 2 0.541 0.161 0.736 0.508
64.480 2 0.545 0.164 0.741 0.511
64.520 2 0.544 0.164 0.736 0.506
64.560 2 0.545 0.164 0.742 0.511
64.600 2 0.539 0.161 0.738 0.517
64.640 2 0.542 0.161 0.741 0.517
64.680 2 0.534 0.161 0.736 0.519
64.720 2 0.539 0.164 0.739 0.519
64.760 2 0.533 0.161 0.731 0.517
64.800 2 0.536 0.164 0.736 0.519
64.840 2 0.528 0.161 0.731 0.522
64.880 2 0.528 0.161 0.734 0.525
64.920 2 0.525 0.161 0.728 0.522
64.960 2 0.530 0.161 0.733 0.522
65.000 2 0.527 0.142 0.728 0.500
65.040 2 0.530 0.153 0.731 0.511
65.080 2 0.528 0.153 0.730 0.511
65.120 2 0.528 0.150 0.730 0.508
65.160 2 0.527 0.150 0.728 0.508
65.200 2 0.525 0.150 0.727 0.506
65.240 2 0.528 0.147 0.728 0.506
65.280 2 0.523 0.147 0.725 0.503
65.320 2 0.527 0.142 0.731 0.506
65.360 2 0.520 0.139 0.727 0.506
65.400 2 0.523 0.142 0.730 0.506
65.440 2 0.523 0.142 0.725 0.500
65.480 2 0.523 0.142 0.725 0.497
65.520 2 0.525 0.142 0.722 0.492
65.560 2 0.528 0.142 0.725 0.492
65.600 2 0.522 0.139 0.720 0.489
65.640 2 0.528 0.136 0.728 0.492
65.680 2 0.519 0.133 0.719 0.492
65.720 2 0.527 0.136 0.728 0.494
65.760 2 0.522 0.133 0.722 0.489
65.800 2 0.527 0.131 0.733 0.494
65.840 2 0.520 0.131 0.725 0.494
65.880 2 0.520 0.125 0.728 0.497
65.920 2 0.523 0.128 0.730 0.494
65.960 2 0.520 0.131 0.723 0.492
66.000 2 0.527 0.142 0.728 0.500
66.040 2 0.523 0.136 0.720 0.486
66.080 2 0.527 0.131 0.727 0.489
66.120 2 0.525 0.133 0.722 0.483
66.160 2 0.527 0.128 0.728 0.486
66.200 2 0.522 0.128 0.723 0.483
66.240 2 0.528 0.128 0.727 0.481
66.280 2 0.525 0.125 0.725 0.481
66.320 2 0.523 0.122 0.725 0.481
66.360 2 0.523 0.125 0.722 0.478
66.400 2 0.527 0.128 0.723 0.478
66.440 2 0.525 0.131 0.717 0.472
66.480 2 0.522 0.131 0.720 0.483
66.520 2 0.522 0.133 0.720 0.489
66.560 2 0.522 0.136 0.722 0.492
66.600 2 0.522 0.139 0.722 0.494
66.640 2 0.523 0.139 0.723 0.497
66.680 2 0.525 0.142 0.725 0.497
66.720 2 0.525 0.142 0.727 0.500
66.760 2 0.527 0.144 0.727 0.500
66.800 2 0.528 0.144 0.728 0.500
66.840 2 0.528 0.147 0.728 0.503
66.880 2 0.530 0.147 0.730 0.503
66.920 2 0.531 0.150 0.730 0.503
66.960 2 0.531 0.150 0.731 0.503
67.000 2 0.527 0.142 0.728 0.500
67.040 2 0.523 0.139 0.728 0.503
67.080 2 0.528 0.136 0.736 0.503
67.120 2 0.527 0.136 0.730 0.497
67.160 2 0.531 0.131 0.738 0.497
67.200 2 0.531 0.133 0.731 0.489
67.240 2 0.536 0.128 0.741 0.494
67.280 2 0.533 0.125 0.739 0.492
67.320 2 0.537 0.133 0.741 0.492
67.360 2 0.542 0.133 0.744 0.494
67.400 2 0.536 0.133 0.741 0.494
67.440 2 0.542 0.133 0.745 0.494
67.480 2 0.541 0.139 0.739 0.492
67.520 2 0.542 0.139 0.741 0.494
67.560 2 0.542 0.139 0.741 0.494
67.600 2 0.542 0.142 0.742 0.497
67.640 2 0.539 0.142 0.741 0.500
67.680 2 0.544 0.142 0.745 0.500
67.720 2 0.539 0.139 0.741 0.497
67.760 2 0.544 0.142 0.745 0.500
67.800 2 0.545 0.142 0.748 0.503
67.840 2 0.545 0.142 0.747 0.503
67.880 2 0.544 0.139 0.748 0.503
67.920 2 0.547 0.142 0.748 0.500
67.960 2 0.548 0.144 0.745 0.494
68.000 2 0.550 0.142 0.752 0.500
68.040 2 0.556 0.139 0.758 0.497
68.080 2 0.558 0.139 0.759 0.500
68.120 2 0.558 0.142 0.761 0.500
68.160 2 0.559 0.142 0.762 0.503
68.200 2 0.559 0.142 0.764 0.506
68.240 2 0.559 0.142 0.767 0.508
68.280 2 0.556 0.142 0.764 0.511
68.320 2 0.561 0.142 0.769 0.511
68.360 2 0.561 0.144 0.766 0.508
68.400 2 0.559 0.144 0.766 0.511
68.440 2 0.559 0.144 0.769 0.517
68.480 2 0.558 0.144 0.766 0.517
68.520 2 0.562 0.147 0.769 0.514
68.560 2 0.558 0.150 0.764 0.517
68.600 2 0.561 0.153 0.766 0.514
68.640 2 0.562 0.156 0.766 0.517
68.680 2 0.562 0.156 0.767 0.519
68.720 2 0.562 0.156 0.767 0.519
68.760 2 0.562 0.158 0.769 0.522
68.800 2 0.559 0.153 0.769 0.525
68.840 2 0.564 0.153 0.773 0.525
68.880 2 0.561 0.153 0.769 0.519
68.920 2 0.569 0.153 0.770 0.511
68.960 2 0.566 0.153 0.764 0.508
69.000 2 0.572 0.142 0.773 0.500
69.040 2 0.562 0.153 0.764 0.511
69.080 2 0.556 0.136 0.770 0.517
69.120 2 0.562 0.142 0.772 0.514
69.160 2 0.555 0.131 0.772 0.514
69.200 2 0.564 0.139 0.770 0.508
69.240 2 0.559 0.139 0.766 0.506
69.280 2 0.564 0.139 0.770 0.506
69.320 2 0.562 0.142 0.766 0.503
69.360 2 0.559 0.139 0.767 0.508
69.400 2 0.559 0.142 0.767 0.508
69.440 2 0.556 0.139 0.769 0.519
69.480 2 0.553 0.142 0.764 0.514
69.520 2 0.555 0.142 0.767 0.519
69.560 2 0.553 0.144 0.762 0.517
69.600 2 0.558 0.147 0.767 0.519
69.640 2 0.553 0.153 0.761 0.519
69.680 2 0.559 0.153 0.766 0.519
69.720 2 0.556 0.153 0.762 0.519
69.760 2 0.559 0.156 0.766 0.522
69.800 2 0.555 0.158 0.761 0.522
69.840 2 0.558 0.161 0.762 0.525
69.880 2 0.559 0.161 0.764 0.525
69.920 2 0.555 0.161 0.759 0.525
69.960 2 0.559 0.164 0.764 0.528
70.000 2 0.550 0.183 0.752 0.542
70.040 2 0.555 0.161 0.762 0.531
70.080 2 0.553 0.161 0.761 0.533
70.120 2 0.553 0.164 0.759 0.531
70.160 2 0.555 0.169 0.756 0.528
70.200 2 0.555 0.167 0.761 0.533
70.240 2 0.550 0.169 0.756 0.533
70.280 2 0.555 0.169 0.761 0.533
70.320 2 0.550 0.169 0.755 0.533
70.360 2 0.553 0.169 0.756 0.533
70.400 2 0.552 0.169 0.755 0.531
70.440 2 0.552 0.169 0.755 0.531
70.480 2 0.552 0.167 0.753 0.525
70.520 2 0.552 0.164 0.753 0.522
70.560 2 0.552 0.164 0.752 0.519
70.600 2 0.552 0.164 0.752 0.519
70.640 2 0.550 0.161 0.750 0.517
70.680 2 0.552 0.161 0.753 0.519
70.720 2 0.545 0.161 0.747 0.519
70.760 2 0.548 0.161 0.752 0.522
70.800 2 0.544 0.164 0.742 0.517
70.840 2 0.545 0.161 0.745 0.519
70.880 2 0.542 0.161 0.744 0.519
70.920 2 0.544 0.158 0.748 0.525
70.960 2 0.544 0.161 0.744 0.517
71.000 2 0.550 0.142 0.752 0.500
71.040 2 0.548 0.161 0.748 0.514
71.080 2 0.548 0.161 0.747 0.514
71.120 2 0.548 0.161 0.745 0.514
71.160 2 0.548 0.161 0.745 0.511
71.200 2 0.547 0.161 0.745 0.514
71.240 2 0.547 0.161 0.745 0.517
71.280 2 0.544 0.164 0.744 0.519
71.320 2 0.545 0.164 0.747 0.522
71.360 2 0.541 0.161 0.742 0.519
71.400 2 0.542 0.161 0.747 0.525
71.440 2 0.541 0.164 0.742 0.522
71.480 2 0.542 0.164 0.744 0.525
71.520 2 0.533 0.158 0.739 0.525
71.560 2 0.536 0.158 0.742 0.525
71.600 2 0.530 0.158 0.736 0.522
71.640 2 0.536 0.158 0.741 0.522
71.680 2 0.530 0.158 0.734 0.522
71.720 2 0.536 0.161 0.739 0.522
71.760 2 0.531 0.167 0.730 0.517
71.800 2 0.537 0.167 0.736 0.519
71.840 2 0.530 0.164 0.731 0.522
71.880 2 0.534 0.167 0.734 0.522
71.920 2 0.531 0.164 0.733 0.525
71.960 2 0.533 0.167 0.734 0.522
72.000 2 0.527 0.183 0.728 0.542
72.040 2 0.522 0.186 0.720 0.539
72.080 2 0.522 0.183 0.723 0.542
72.120 2 0.520 0.181 0.722 0.542
72.160 2 0.519 0.181 0.722 0.542
72.200 2 0.519 0.181 0.720 0.539
72.240 2 0.519 0.181 0.720 0.539
72.280 2 0.517 0.175 0.723 0.542
72.320 2 0.516 0.175 0.723 0.544
72.360 2 0.516 0.175 0.725 0.547
72.400 2 0.514 0.175 0.722 0.542
72.440 2 0.520 0.175 0.727 0.542
72.480 2 0.520 0.175 0.723 0.536
72.520 2 0.522 0.178 0.725 0.539
72.560 2 0.525 0.178 0.728 0.539
72.600 2 0.528 0.178 0.730 0.536
72.640 2 0.530 0.175 0.731 0.533
72.680 2 0.533 0.172 0.736 0.536
72.720 2 0.531 0.172 0.733 0.531
72.760 2 0.534 0.172 0.739 0.536
72.800 2 0.533 0.178 0.734 0.533
72.840 2 0.531 0.175 0.736 0.536
72.880 2 0.533 0.181 0.734 0.539
72.920 2 0.530 0.181 0.734 0.542
72.960 2 0.531 0.183 0.731 0.539
73.000 2 0.527 0.183 0.728 0.542
73.040 2 0.544 0.189 0.741 0.536
73.080 2 0.537 0.189 0.733 0.536
73.120 2 0.539 0.183 0.739 0.542
73.160 2 0.539 0.183 0.741 0.542
73.200 2 0.539 0.181 0.744 0.544
73.240 2 0.537 0.181 0.739 0.542
73.280 2 0.541 0.183 0.741 0.542
73.320 2 0.541 0.186 0.742 0.542
73.360 2 0.541 0.186 0.742 0.544
73.400 2 0.542 0.186 0.744 0.544
73.440 2 0.544 0.189 0.745 0.547
73.480 2 0.544 0.189 0.747 0.547
73.520 2 0.545 0.189 0.747 0.547
73.560 2 0.542 0.181 0.752 0.553
73.600 2 0.545 0.186 0.748 0.550
73.640 2 0.547 0.183 0.753 0.550
73.680 2 0.542 0.183 0.747 0.547
73.720 2 0.544 0.181 0.750 0.547
73.760 2 0.547 0.183 0.750 0.544
73.800 2 0.544 0.181 0.748 0.544
73.840 2 0.542 0.181 0.747 0.544
73.880 2 0.545 0.183 0.747 0.542
73.920 2 0.536 0.178 0.744 0.547
73.960 2 0.537 0.181 0.745 0.547
74.000 2 0.550 0.183 0.752 0.542
74.040 2 0.545 0.178 0.755 0.550
74.080 2 0.533 0.172 0.745 0.550
74.120 2 0.545 0.178 0.755 0.553
74.160 2 0.536 0.178 0.744 0.547
74.200 2 0.544 0.181 0.752 0.550
74.240 2 0.536 0.178 0.744 0.547
74.280 2 0.545 0.181 0.752 0.547
74.320 2 0.541 0.178 0.747 0.544
74.360 2 0.545 0.178 0.752 0.544
74.400 2 0.541 0.178 0.745 0.542
74.440 2 0.545 0.178 0.752 0.544
74.480 2 0.541 0.178 0.745 0.542
74.520 2 0.545 0.178 0.752 0.547
74.560 2 0.541 0.178 0.745 0.542
74.600 2 0.542 0.175 0.752 0.547
74.640 2 0.542 0.178 0.747 0.542
74.680 2 0.547 0.178 0.750 0.542
74.720 2 0.548 0.178 0.750 0.536
74.760 2 0.552 0.178 0.755 0.539
74.800 2 0.550 0.181 0.752 0.539
74.840 2 0.555 0.181 0.758 0.542
74.880 2 0.552 0.183 0.755 0.542
74.920 2 0.555 0.183 0.756 0.542
74.960 2 0.558 0.181 0.761 0.542
75.000 2 0.550 0.183 0.752 0.542
75.040 2 0.545 0.181 0.755 0.556
75.080 2 0.542 0.183 0.752 0.556
75.120 2 0.548 0.183 0.758 0.556
75.160 2 0.542 0.183 0.753 0.561
75.200 2 0.547 0.183 0.759 0.561
75.240 2 0.541 0.183 0.753 0.561
75.280 2 0.547 0.183 0.759 0.561
75.320 2 0.542 0.178 0.759 0.564
75.360 2 0.545 0.178 0.758 0.558
75.400 2 0.547 0.178 0.759 0.556
75.440 2 0.544 0.175 0.758 0.556
75.480 2 0.544 0.178 0.755 0.553
75.520 2 0.548 0.178 0.758 0.550
75.560 2 0.541 0.175 0.750 0.550
75.600 2 0.550 0.175 0.759 0.550
75.640 2 0.545 0.181 0.750 0.544
75.680 2 0.553 0.186 0.752 0.539
75.720 2 0.553 0.183 0.753 0.542
75.760 2 0.553 0.186 0.755 0.544
75.800 2 0.555 0.186 0.756 0.544
75.840 2 0.555 0.186 0.758 0.547
75.880 2 0.555 0.183 0.758 0.547
75.920 2 0.556 0.183 0.758 0.544
75.960 2 0.555 0.183 0.756 0.542
76.000 2 0.550 0.183 0.752 0.542
76.040 2 0.542 0.164 0.755 0.542
76.080 2 0.541 0.164 0.755 0.542
76.120 2 0.534 0.161 0.748 0.542
76.160 2 0.534 0.161 0.747 0.542
76.200 2 0.534 0.161 0.747 0.542
76.240 2 0.534 0.161 0.752 0.544
76.280 2 0.531 0.161 0.747 0.544
76.320 2 0.537 0.164 0.750 0.542
76.360 2 0.531 0.164 0.745 0.544
76.400 2 0.534 0.164 0.747 0.542
76.440 2 0.533 0.161 0.747 0.542
76.480 2 0.533 0.158 0.745 0.539
76.520 2 0.536 0.158 0.748 0.533
76.560 2 0.531 0.156 0.742 0.531
76.600 2 0.536 0.156 0.745 0.528
76.640 2 0.534 0.156 0.742 0.525
76.680 2 0.534 0.156 0.741 0.519
76.720 2 0.534 0.156 0.738 0.517
76.760 2 0.533 0.153 0.736 0.514
76.800 2 0.533 0.156 0.733 0.511
76.840 2 0.531 0.153 0.731 0.508
76.880 2 0.530 0.153 0.730 0.506
76.920 2 0.528 0.150 0.728 0.506
76.960 2 0.528 0.147 0.731 0.508
77.000 2 0.527 0.142 0.728 0.500
77.040 2 0.528 0.147 0.731 0.508
77.080 2 0.531 0.150 0.731 0.508
77.120 2 0.530 0.156 0.728 0.508
77.160 2 0.534 0.158 0.733 0.508
77.200 2 0.531 0.158 0.731 0.514
77.240 2 0.528 0.158 0.730 0.519
77.280 2 0.533 0.164 0.736 0.522
77.320 2 0.530 0.164 0.733 0.525
77.360 2 0.537 0.164 0.741 0.525
77.400 2 0.536 0.164 0.738 0.522
77.440 2 0.542 0.164 0.744 0.522
77.480 2 0.541 0.161 0.741 0.517
77.520 2 0.548 0.161 0.747 0.514
77.560 2 0.545 0.164 0.742 0.511
77.600 2 0.550 0.164 0.747 0.517
77.640 2 0.547 0.167 0.747 0.522
77.680 2 0.545 0.167 0.747 0.525
77.720 2 0.544 0.172 0.745 0.531
77.760 2 0.542 0.172 0.745 0.536
77.800 2 0.542 0.175 0.745 0.536
77.840 2 0.542 0.178 0.744 0.536
77.880 2 0.542 0.178 0.742 0.536
77.920 2 0.542 0.175 0.745 0.536
77.960 2 0.541 0.175 0.744 0.536
78.000 2 0.550 0.183 0.752 0.542
78.040 2 0.556 0.172 0.752 0.519
78.080 2 0.556 0.167 0.755 0.519
78.120 2 0.558 0.169 0.753 0.514
78.160 2 0.558 0.164 0.755 0.517
78.200 2 0.558 0.164 0.755 0.514
78.240 2 0.556 0.161 0.756 0.517
78.280 2 0.556 0.161 0.756 0.517
78.320 2 0.558 0.161 0.758 0.517
78.360 2 0.553 0.164 0.750 0.514
78.400 2 0.552 0.161 0.752 0.517
78.440 2 0.552 0.161 0.750 0.514
78.480 2 0.552 0.161 0.747 0.511
78.520 2 0.555 0.161 0.750 0.511
78.560 2 0.550 0.161 0.744 0.506
78.600 2 0.553 0.161 0.750 0.511
78.640 2 0.548 0.161 0.745 0.511
78.680 2 0.552 0.164 0.747 0.511
78.720 2 0.547 0.164 0.744 0.514
78.760 2 0.550 0.167 0.745 0.514
78.800 2 0.547 0.164 0.742 0.514
78.840 2 0.547 0.164 0.747 0.519
78.880 2 0.544 0.161 0.744 0.517
78.920 2 0.545 0.158 0.748 0.522
78.960 2 0.545 0.158 0.748 0.519
79.000 2 0.550 0.142 0.752 0.500
79.040 2 0.545 0.147 0.744 0.500
79.080 2 0.539 0.142 0.742 0.503
79.120 2 0.547 0.144 0.745 0.497
79.160 2 0.541 0.142 0.744 0.503
79.200 2 0.548 0.144 0.747 0.497
79.240 2 0.545 0.142 0.745 0.500
79.280 2 0.544 0.139 0.745 0.500
79.320 2 0.550 0.142 0.752 0.503
79.360 2 0.550 0.144 0.748 0.497
79.400 2 0.550 0.142 0.752 0.500
79.440 2 0.553 0.144 0.752 0.497
79.480 2 0.553 0.142 0.752 0.497
79.520 2 0.556 0.147 0.750 0.492
79.560 2 0.555 0.142 0.753 0.494
79.600 2 0.553 0.142 0.750 0.492
79.640 2 0.558 0.142 0.755 0.492
79.680 2 0.553 0.139 0.752 0.492
79.720 2 0.559 0.142 0.756 0.492
79.760 2 0.556 0.139 0.752 0.489
79.800 2 0.561 0.139 0.758 0.489
79.840 2 0.559 0.136 0.758 0.492
79.880 2 0.559 0.136 0.759 0.494
79.920 2 0.559 0.136 0.759 0.494
79.960 2 0.559 0.139 0.759 0.497
80.000 2 0.550 0.142 0.752 0.500
80.040 2 0.556 0.150 0.758 0.508
80.080 2 0.559 0.153 0.759 0.508
80.120 2 0.559 0.153 0.756 0.503
80.160 2 0.564 0.150 0.766 0.508
80.200 2 0.553 0.147 0.756 0.508
80.240 2 0.558 0.144 0.767 0.514
80.280 2 0.556 0.144 0.759 0.506
80.320 2 0.558 0.142 0.764 0.508
80.360 2 0.555 0.136 0.762 0.506
80.400 2 0.559 0.139 0.766 0.506
80.440 2 0.558 0.133 0.762 0.500
80.480 2 0.564 0.136 0.767 0.497
80.520 2 0.562 0.133 0.764 0.492
80.560 2 0.564 0.133 0.764 0.489
80.600 2 0.562 0.133 0.764 0.492
80.640 2 0.564 0.131 0.767 0.494
80.680 2 0.559 0.128 0.766 0.494
80.720 2 0.567 0.131 0.772 0.494
80.760 2 0.562 0.133 0.762 0.489
80.800 2 0.569 0.133 0.769 0.492
80.840 2 0.566 0.133 0.766 0.492
80.880 2 0.567 0.133 0.767 0.492
80.920 2 0.559 0.131 0.762 0.492
80.960 2 0.562 0.133 0.766 0.492
81.000 2 0.572 0.142 0.773 0.500
81.040 2 0.573 0.133 0.772 0.486
81.080 2 0.573 0.133 0.770 0.481
81.120 2 0.573 0.131 0.767 0.478
81.160 2 0.575 0.131 0.770 0.478
81.200 2 0.572 0.133 0.762 0.472
81.240 2 0.573 0.133 0.767 0.478
81.280 2 0.569 0.139 0.761 0.481
81.320 2 0.570 0.142 0.764 0.489
81.360 2 0.566 0.150 0.764 0.503
81.400 2 0.561 0.158 0.755 0.503
81.440 2 0.562 0.164 0.759 0.511
81.480 2 0.555 0.167 0.753 0.519
81.520 2 0.559 0.172 0.756 0.522
81.560 2 0.552 0.169 0.752 0.525
81.600 2 0.555 0.167 0.752 0.517
81.640 2 0.556 0.161 0.753 0.508
81.680 2 0.558 0.158 0.752 0.500
81.720 2 0.558 0.150 0.755 0.500
81.760 2 0.556 0.150 0.752 0.497
81.800 2 0.559 0.153 0.753 0.497
81.840 2 0.558 0.153 0.753 0.503
81.880 2 0.558 0.158 0.750 0.503
81.920 2 0.556 0.158 0.750 0.506
81.960 2 0.552 0.158 0.747 0.506
82.000 2 0.550 0.142 0.752 0.500
82.040 2 0.548 0.139 0.752 0.500
82.080 2 0.548 0.139 0.750 0.497
82.120 2 0.548 0.139 0.750 0.497
82.160 2 0.548 0.139 0.750 0.497
82.200 2 0.548 0.144 0.741 0.489
82.240 2 0.558 0.147 0.750 0.489
82.280 2 0.552 0.147 0.742 0.486
82.320 2 0.552 0.147 0.748 0.497
82.360 2 0.552 0.144 0.752 0.500
82.400 2 0.559 0.150 0.756 0.500
82.440 2 0.555 0.144 0.755 0.500
82.480 2 0.561 0.147 0.759 0.497
82.520 2 0.558 0.142 0.756 0.494
82.560 2 0.564 0.142 0.759 0.489
82.600 2 0.558 0.139 0.756 0.489
82.640 2 0.558 0.136 0.755 0.489
75.160 3 0.302 0.661 0.369 0.783
75.200 3 0.295 0.653 0.362 0.778
75.240 3 0.287 0.653 0.356 0.778
75.280 3 0.281 0.647 0.350 0.772
75.320 3 0.275 0.642 0.342 0.764
75.360 3 0.270 0.636 0.339 0.758
75.400 3 0.263 0.631 0.333 0.758
75.440 3 0.258 0.628 0.327 0.753
75.480 3 0.255 0.625 0.322 0.747
75.520 3 0.248 0.619 0.319 0.747
75.560 3 0.245 0.617 0.316 0.742
75.600 3 0.244 0.611 0.312 0.739
75.640 3 0.241 0.606 0.309 0.733
75.680 3 0.239 0.603 0.308 0.728
75.720 3 0.236 0.600 0.305 0.725
75.760 3 0.234 0.597 0.303 0.722
75.800 3 0.231 0.594 0.300 0.719
75.840 3 0.230 0.592 0.298 0.719
75.880 3 0.227 0.592 0.295 0.719
75.920 3 0.223 0.592 0.294 0.717
75.960 3 0.222 0.592 0.291 0.717
76.000 3 0.220 0.592 0.287 0.714
76.040 3 0.217 0.589 0.286 0.714
76.080 3 0.217 0.589 0.284 0.711
76.120 3 0.214 0.589 0.281 0.708
76.160 3 0.212 0.586 0.280 0.708
76.200 3 0.211 0.589 0.277 0.708
76.240 3 0.208 0.589 0.273 0.706
76.280 3 0.205 0.589 0.270 0.708
76.320 3 0.202 0.589 0.267 0.711
76.360 3 0.198 0.592 0.263 0.708
76.400 3 0.198 0.592 0.264 0.708
76.440 3 0.195 0.594 0.259 0.711
76.480 3 0.195 0.594 0.261 0.714
76.520 3 0.194 0.594 0.259 0.714
76.560 3 0.192 0.597 0.256 0.714
76.600 3 0.192 0.597 0.256 0.717
76.640 3 0.189 0.600 0.255 0.717
76.680 3 0.194 0.603 0.255 0.714
76.720 3 0.194 0.606 0.255 0.714
76.760 3 0.195 0.603 0.255 0.711
76.800 3 0.197 0.603 0.258 0.711
76.840 3 0.198 0.600 0.259 0.711
76.880 3 0.198 0.600 0.259 0.708
76.920 3 0.198 0.597 0.259 0.708
76.960 3 0.198 0.597 0.259 0.708
77.000 3 0.202 0.606 0.258 0.706
77.040 3 0.202 0.606 0.258 0.706
77.080 3 0.200 0.606 0.256 0.706
77.120 3 0.200 0.606 0.256 0.706
77.160 3 0.197 0.606 0.253 0.706
77.200 3 0.195 0.603 0.252 0.703
77.240 3 0.195 0.603 0.252 0.703
77.280 3 0.194 0.603 0.250 0.703
77.320 3 0.194 0.603 0.250 0.703
77.360 3 0.194 0.600 0.250 0.703
77.400 3 0.192 0.600 0.248 0.703
77.440 3 0.192 0.600 0.248 0.703
77.480 3 0.192 0.603 0.248 0.703
77.520 3 0.191 0.603 0.247 0.703
77.560 3 0.191 0.606 0.247 0.703
77.600 3 0.189 0.606 0.245 0.706
77.640 3 0.189 0.606 0.245 0.706
77.680 3 0.186 0.606 0.242 0.706
77.720 3 0.188 0.608 0.244 0.706
77.760 3 0.184 0.606 0.242 0.708
77.800 3 0.184 0.606 0.241 0.708
77.840 3 0.183 0.608 0.241 0.708
77.880 3 0.183 0.608 0.239 0.708
77.920 3 0.181 0.608 0.237 0.708
77.960 3 0.181 0.608 0.237 0.708
78.000 3 0.183 0.606 0.239 0.706
78.040 3 0.181 0.603 0.237 0.703
78.080 3 0.181 0.606 0.237 0.703
78.120 3 0.181 0.606 0.237 0.703
78.160 3 0.184 0.606 0.241 0.703
78.200 3 0.183 0.603 0.239 0.703
78.240 3 0.184 0.606 0.241 0.706
78.280 3 0.183 0.606 0.239 0.706
78.320 3 0.184 0.606 0.241 0.706
78.360 3 0.183 0.608 0.239 0.706
78.400 3 0.181 0.608 0.236 0.706
78.440 3 0.180 0.608 0.236 0.708
78.480 3 0.177 0.608 0.233 0.708
78.520 3 0.175 0.608 0.231 0.708
78.560 3 0.175 0.608 0.231 0.708
78.600 3 0.173 0.608 0.230 0.711
78.640 3 0.173 0.608 0.231 0.711
78.680 3 0.172 0.611 0.228 0.711
78.720 3 0.173 0.611 0.230 0.711
78.760 3 0.172 0.611 0.228 0.711
78.800 3 0.172 0.611 0.230 0.711
78.840 3 0.170 0.611 0.227 0.711
78.880 3 0.172 0.611 0.228 0.711
78.920 3 0.170 0.611 0.228 0.711
78.960 3 0.172 0.608 0.228 0.711
79.000 3 0.170 0.606 0.227 0.706
79.040 3 0.172 0.606 0.228 0.706
79.080 3 0.172 0.603 0.230 0.706
79.120 3 0.172 0.603 0.228 0.703
79.160 3 0.172 0.603 0.228 0.703
79.200 3 0.173 0.603 0.230 0.703
79.240 3 0.173 0.603 0.230 0.703
79.280 3 0.173 0.603 0.230 0.703
79.320 3 0.175 0.603 0.231 0.703
79.360 3 0.175 0.603 0.231 0.703
79.400 3 0.175 0.603 0.231 0.703
79.440 3 0.175 0.603 0.231 0.703
79.480 3 0.175 0.603 0.231 0.703
79.520 3 0.175 0.603 0.231 0.703
79.560 3 0.177 0.603 0.233 0.703
79.600 3 0.177 0.603 0.233 0.703
79.640 3 0.177 0.603 0.233 0.700
79.680 3 0.177 0.603 0.233 0.700
79.720 3 0.178 0.600 0.233 0.700
79.760 3 0.178 0.600 0.234 0.700
79.800 3 0.180 0.600 0.236 0.697
79.840 3 0.178 0.600 0.234 0.697
79.880 3 0.181 0.600 0.236 0.697
79.920 3 0.180 0.600 0.234 0.697
79.960 3 0.183 0.603 0.237 0.700
80.000 3 0.183 0.606 0.239 0.706
80.040 3 0.181 0.603 0.237 0.703
80.080 3 0.181 0.603 0.237 0.703
80.120 3 0.181 0.603 0.237 0.703
80.160 3 0.183 0.606 0.237 0.703
80.200 3 0.181 0.606 0.236 0.703
80.240 3 0.183 0.603 0.239 0.706
80.280 3 0.181 0.603 0.237 0.706
80.320 3 0.181 0.603 0.237 0.706
80.360 3 0.181 0.603 0.237 0.703
80.400 3 0.181 0.603 0.237 0.703
80.440 3 0.180 0.600 0.237 0.703
80.480 3 0.181 0.600 0.239 0.703
80.520 3 0.181 0.600 0.237 0.700
80.560 3 0.180 0.600 0.237 0.703
80.600 3 0.181 0.600 0.239 0.703
80.640 3 0.180 0.600 0.237 0.700
80.680 3 0.181 0.597 0.237 0.700
80.720 3 0.181 0.600 0.239 0.700
80.760 3 0.181 0.600 0.237 0.700
80.800 3 0.183 0.600 0.239 0.700
80.840 3 0.183 0.600 0.241 0.700
80.880 3 0.181 0.597 0.239 0.697
80.920 3 0.183 0.597 0.241 0.697
80.960 3 0.184 0.597 0.241 0.697
81.000 3 0.183 0.594 0.239 0.694
81.040 3 0.181 0.592 0.244 0.703
81.080 3 0.180 0.594 0.241 0.703
81.120 3 0.181 0.594 0.244 0.703
81.160 3 0.181 0.594 0.241 0.700
81.200 3 0.181 0.594 0.242 0.703
81.240 3 0.181 0.597 0.241 0.703
81.280 3 0.180 0.594 0.242 0.706
81.320 3 0.178 0.597 0.239 0.706
81.360 3 0.180 0.600 0.241 0.708
81.400 3 0.180 0.603 0.241 0.711
81.440 3 0.180 0.603 0.241 0.711
81.480 3 0.178 0.603 0.239 0.711
81.520 3 0.180 0.603 0.241 0.711
81.560 3 0.180 0.603 0.241 0.711
81.600 3 0.180 0.606 0.239 0.711
81.640 3 0.180 0.606 0.239 0.711
81.680 3 0.180 0.606 0.239 0.711
81.720 3 0.180 0.603 0.241 0.711
81.760 3 0.178 0.603 0.239 0.711
81.800 3 0.178 0.603 0.239 0.711
81.840 3 0.180 0.603 0.241 0.711
81.880 3 0.177 0.603 0.237 0.711
81.920 3 0.178 0.606 0.239 0.714
81.960 3 0.178 0.606 0.239 0.717
82.000 3 0.175 0.606 0.242 0.725
82.040 3 0.173 0.606 0.241 0.728
82.080 3 0.177 0.606 0.245 0.728
82.120 3 0.172 0.603 0.241 0.728
82.160 3 0.177 0.606 0.245 0.728
82.200 3 0.173 0.606 0.242 0.725
82.240 3 0.175 0.606 0.242 0.728
82.280 3 0.177 0.608 0.244 0.728
82.320 3 0.177 0.608 0.244 0.728
82.360 3 0.177 0.608 0.244 0.728
82.400 3 0.178 0.608 0.245 0.728
82.440 3 0.178 0.608 0.245 0.728
82.480 3 0.178 0.608 0.245 0.728
82.520 3 0.178 0.608 0.245 0.728
82.560 3 0.177 0.608 0.244 0.728
82.600 3 0.178 0.611 0.245 0.728
82.640 3 0.178 0.611 0.245 0.731
103.000 4 0.045 0.194 0.102 0.294
103.040 4 0.031 0.194 0.087 0.294
103.080 4 0.019 0.192 0.073 0.292
103.120 4 0.002 0.197 0.056 0.297
103.160 4 -0.016 0.203 0.041 0.300
108.560 5 0.327 0.167 0.467 0.417
108.600 5 0.331 0.167 0.472 0.414
108.640 5 0.338 0.169 0.475 0.414
108.680 5 0.339 0.167 0.480 0.417
108.720 5 0.334 0.172 0.473 0.419
108.760 5 0.342 0.178 0.481 0.425
108.800 5 0.338 0.178 0.480 0.431
108.840 5 0.339 0.183 0.481 0.433
108.880 5 0.334 0.183 0.477 0.436
108.920 5 0.334 0.183 0.475 0.433
108.960 5 0.334 0.183 0.475 0.433
109.000 5 0.334 0.181 0.475 0.431
109.040 5 0.325 0.167 0.480 0.442
109.080 5 0.323 0.167 0.478 0.439
109.120 5 0.322 0.164 0.477 0.439
109.160 5 0.319 0.161 0.473 0.436
109.200 5 0.314 0.158 0.472 0.439
109.240 5 0.309 0.156 0.469 0.439
109.280 5 0.305 0.153 0.466 0.442
109.320 5 0.308 0.156 0.469 0.439
109.360 5 0.302 0.156 0.461 0.439
109.400 5 0.305 0.156 0.464 0.439
109.440 5 0.300 0.156 0.459 0.439
109.480 5 0.303 0.158 0.463 0.442
109.520 5 0.298 0.158 0.458 0.442
109.560 5 0.298 0.156 0.459 0.442
109.600 5 0.302 0.161 0.461 0.442
109.640 5 0.295 0.158 0.453 0.439
109.680 5 0.302 0.161 0.461 0.444
109.720 5 0.298 0.158 0.458 0.442
109.760 5 0.300 0.158 0.459 0.442
109.800 5 0.300 0.164 0.458 0.442
109.840 5 0.302 0.161 0.459 0.444
109.880 5 0.297 0.158 0.456 0.442
109.920 5 0.298 0.161 0.456 0.442
109.960 5 0.297 0.161 0.456 0.442
110.000 5 0.289 0.150 0.458 0.450
110.040 5 0.292 0.161 0.461 0.458
110.080 5 0.289 0.164 0.453 0.456
110.120 5 0.295 0.167 0.458 0.453
110.160 5 0.292 0.169 0.450 0.450
110.200 5 0.295 0.167 0.458 0.458
110.240 5 0.292 0.167 0.456 0.458
110.280 5 0.297 0.172 0.461 0.464
110.320 5 0.291 0.169 0.458 0.464
110.360 5 0.292 0.161 0.466 0.469
110.400 5 0.289 0.161 0.459 0.464
110.440 5 0.298 0.164 0.463 0.458
110.480 5 0.292 0.161 0.459 0.458
110.520 5 0.295 0.158 0.467 0.464
110.560 5 0.291 0.158 0.461 0.461
110.600 5 0.297 0.161 0.466 0.461
110.640 5 0.295 0.164 0.464 0.461
110.680 5 0.302 0.167 0.469 0.464
110.720 5 0.300 0.172 0.463 0.461
110.760 5 0.306 0.172 0.470 0.464
110.800 5 0.303 0.169 0.469 0.464
110.840 5 0.303 0.167 0.472 0.467
110.880 5 0.303 0.167 0.472 0.467
110.920 5 0.305 0.167 0.473 0.467
110.960 5 0.305 0.169 0.473 0.469
111.000 5 0.308 0.183 0.477 0.483
111.040 5 0.308 0.183 0.480 0.489
111.080 5 0.308 0.175 0.483 0.489
111.120 5 0.309 0.178 0.481 0.481
111.160 5 0.308 0.167 0.484 0.483
111.200 5 0.306 0.167 0.484 0.483
111.240 5 0.306 0.167 0.486 0.486
111.280 5 0.309 0.172 0.481 0.481
111.320 5 0.309 0.178 0.481 0.483
111.360 5 0.306 0.178 0.481 0.492
111.400 5 0.311 0.183 0.483 0.489
111.440 5 0.309 0.186 0.480 0.489
111.480 5 0.308 0.189 0.473 0.483
111.520 5 0.316 0.194 0.478 0.483
111.560 5 0.312 0.192 0.473 0.481
111.600 5 0.312 0.192 0.475 0.481
111.640 5 0.311 0.186 0.478 0.483
111.680 5 0.308 0.183 0.477 0.483
111.720 5 0.314 0.186 0.478 0.478
111.760 5 0.311 0.181 0.478 0.475
111.800 5 0.311 0.172 0.478 0.469
111.840 5 0.311 0.167 0.478 0.464
111.880 5 0.312 0.164 0.477 0.456
111.920 5 0.314 0.161 0.475 0.447
111.960 5 0.309 0.158 0.470 0.444
112.000 5 0.308 0.150 0.477 0.450
112.040 5 0.302 0.139 0.483 0.464
112.080 5 0.300 0.142 0.478 0.458
112.120 5 0.295 0.136 0.480 0.464
112.160 5 0.295 0.142 0.475 0.461
112.200 5 0.297 0.142 0.478 0.461
112.240 5 0.292 0.142 0.470 0.458
112.280 5 0.295 0.142 0.475 0.461
112.320 5 0.291 0.142 0.469 0.461
112.360 5 0.294 0.142 0.473 0.464
112.400 5 0.289 0.142 0.469 0.461
112.440 5 0.292 0.142 0.473 0.464
112.480 5 0.287 0.142 0.467 0.461
112.520 5 0.289 0.142 0.473 0.467
112.560 5 0.284 0.144 0.466 0.467
112.600 5 0.286 0.142 0.472 0.472
112.640 5 0.281 0.147 0.464 0.472
112.680 5 0.283 0.144 0.470 0.478
112.720 5 0.278 0.150 0.464 0.478
112.760 5 0.278 0.147 0.469 0.486
112.800 5 0.273 0.150 0.461 0.481
112.840 5 0.273 0.147 0.466 0.489
112.880 5 0.270 0.150 0.458 0.483
112.920 5 0.269 0.150 0.458 0.486
112.960 5 0.267 0.147 0.458 0.486
113.000 5 0.258 0.142 0.459 0.500
113.040 5 0.272 0.172 0.450 0.489
113.080 5 0.269 0.169 0.450 0.492
113.120 5 0.267 0.172 0.447 0.489
113.160 5 0.264 0.169 0.447 0.494
113.200 5 0.263 0.167 0.447 0.494
113.240 5 0.261 0.164 0.445 0.492
113.280 5 0.259 0.164 0.445 0.492
113.320 5 0.259 0.161 0.444 0.489
113.360 5 0.259 0.161 0.442 0.489
113.400 5 0.258 0.161 0.441 0.486
113.440 5 0.256 0.164 0.438 0.483
113.480 5 0.255 0.161 0.439 0.489
113.520 5 0.253 0.164 0.436 0.489
113.560 5 0.250 0.158 0.438 0.494
113.600 5 0.248 0.158 0.436 0.492
113.640 5 0.247 0.158 0.436 0.492
113.680 5 0.245 0.156 0.434 0.492
113.720 5 0.245 0.156 0.434 0.492
113.760 5 0.247 0.156 0.438 0.494
113.800 5 0.245 0.156 0.436 0.494
113.840 5 0.245 0.153 0.438 0.494
113.880 5 0.247 0.153 0.439 0.494
113.920 5 0.248 0.153 0.442 0.494
113.960 5 0.252 0.153 0.444 0.497
114.000 5 0.270 0.183 0.439 0.483
114.040 5 0.281 0.189 0.436 0.461
114.080 5 0.280 0.186 0.438 0.467
114.120 5 0.277 0.183 0.436 0.467
114.160 5 0.281 0.183 0.442 0.469
114.200 5 0.275 0.181 0.436 0.467
114.240 5 0.280 0.181 0.441 0.469
114.280 5 0.281 0.183 0.439 0.464
114.320 5 0.281 0.181 0.442 0.467
114.360 5 0.277 0.181 0.436 0.464
114.400 5 0.283 0.181 0.444 0.467
114.440 5 0.277 0.181 0.434 0.461
114.480 5 0.281 0.178 0.444 0.467
114.520 5 0.273 0.181 0.433 0.461
114.560 5 0.280 0.181 0.436 0.458
114.600 5 0.272 0.178 0.428 0.456
114.640 5 0.277 0.178 0.433 0.453
114.680 5 0.273 0.178 0.427 0.450
114.720 5 0.278 0.178 0.430 0.447
114.760 5 0.277 0.178 0.430 0.447
114.800 5 0.281 0.175 0.434 0.447
114.840 5 0.283 0.175 0.436 0.447
114.880 5 0.284 0.175 0.438 0.447
114.920 5 0.291 0.175 0.444 0.447
114.960 5 0.294 0.175 0.447 0.450
115.000 5 0.303 0.181 0.444 0.431
115.040 5 0.294 0.172 0.450 0.450
115.080 5 0.297 0.178 0.455 0.456
115.120 5 0.297 0.178 0.455 0.458
115.160 5 0.297 0.178 0.458 0.461
115.200 5 0.298 0.175 0.461 0.464
115.240 5 0.302 0.175 0.459 0.456
115.280 5 0.302 0.172 0.461 0.456
115.320 5 0.305 0.175 0.461 0.453
115.360 5 0.305 0.172 0.464 0.453
115.400 5 0.306 0.172 0.464 0.456
115.440 5 0.308 0.172 0.469 0.458
115.480 5 0.312 0.167 0.473 0.456
115.520 5 0.319 0.172 0.478 0.456
115.560 5 0.320 0.175 0.478 0.456
115.600 5 0.328 0.178 0.486 0.458
115.640 5 0.331 0.183 0.487 0.458
115.680 5 0.334 0.186 0.489 0.461
115.720 5 0.334 0.186 0.489 0.461
115.760 5 0.334 0.186 0.491 0.464
115.800 5 0.333 0.189 0.487 0.464
115.840 5 0.328 0.186 0.487 0.467
115.880 5 0.327 0.189 0.484 0.467
115.920 5 0.325 0.189 0.483 0.469
115.960 5 0.319 0.192 0.478 0.475
116.000 5 0.308 0.183 0.477 0.483
116.040 5 0.298 0.175 0.483 0.503
116.080 5 0.297 0.183 0.478 0.506
116.120 5 0.294 0.192 0.477 0.517
116.160 5 0.291 0.197 0.475 0.522
116.200 5 0.286 0.203 0.470 0.531
116.240 5 0.289 0.208 0.470 0.531
116.280 5 0.283 0.206 0.464 0.528
116.320 5 0.283 0.206 0.463 0.528
116.360 5 0.281 0.206 0.463 0.528
116.400 5 0.278 0.203 0.461 0.525
116.440 5 0.286 0.203 0.467 0.528
116.480 5 0.278 0.200 0.461 0.528
116.520 5 0.284 0.203 0.467 0.525
116.560 5 0.281 0.200 0.466 0.525
116.600 5 0.287 0.200 0.472 0.525
116.640 5 0.286 0.194 0.470 0.522
116.680 5 0.292 0.197 0.477 0.525
116.720 5 0.297 0.200 0.481 0.525
116.760 5 0.298 0.203 0.480 0.525
116.800 5 0.305 0.203 0.487 0.528
116.840 5 0.306 0.203 0.491 0.531
116.880 5 0.306 0.200 0.492 0.533
116.920 5 0.309 0.200 0.494 0.531
116.960 5 0.308 0.197 0.495 0.531
117.000 5 0.303 0.183 0.505 0.542
117.040 5 0.312 0.194 0.502 0.531
117.080 5 0.312 0.192 0.502 0.528
117.120 5 0.312 0.189 0.505 0.528
117.160 5 0.314 0.189 0.503 0.522
117.200 5 0.317 0.186 0.503 0.519
117.240 5 0.317 0.183 0.503 0.514
117.280 5 0.317 0.178 0.503 0.508
117.320 5 0.320 0.172 0.505 0.503
117.360 5 0.317 0.164 0.505 0.497
117.400 5 0.316 0.158 0.505 0.494
117.440 5 0.316 0.156 0.505 0.492
117.480 5 0.314 0.153 0.503 0.489
117.520 5 0.314 0.150 0.503 0.486
117.560 5 0.316 0.150 0.505 0.486
117.600 5 0.314 0.153 0.500 0.483
117.640 5 0.314 0.153 0.503 0.486
117.680 5 0.311 0.158 0.494 0.483
117.720 5 0.312 0.156 0.498 0.486
117.760 5 0.308 0.161 0.489 0.483
117.800 5 0.308 0.161 0.494 0.492
117.840 5 0.305 0.164 0.486 0.489
117.880 5 0.305 0.164 0.489 0.494
117.920 5 0.300 0.169 0.481 0.492
117.960 5 0.302 0.167 0.487 0.497
118.000 5 0.308 0.183 0.477 0.483
118.040 5 0.306 0.175 0.475 0.475
118.080 5 0.306 0.178 0.472 0.472
118.120 5 0.305 0.178 0.473 0.478
118.160 5 0.305 0.181 0.472 0.475
118.200 5 0.303 0.178 0.472 0.481
118.240 5 0.305 0.183 0.470 0.478
118.280 5 0.303 0.181 0.470 0.481
118.320 5 0.303 0.183 0.469 0.478
118.360 5 0.300 0.183 0.469 0.483
118.400 5 0.302 0.186 0.467 0.481
118.440 5 0.298 0.186 0.469 0.486
118.480 5 0.298 0.189 0.466 0.486
118.520 5 0.297 0.186 0.467 0.492
118.560 5 0.297 0.192 0.464 0.492
118.600 5 0.294 0.189 0.467 0.497
118.640 5 0.292 0.197 0.464 0.500
118.680 5 0.289 0.197 0.466 0.511
118.720 5 0.287 0.203 0.464 0.517
118.760 5 0.286 0.203 0.464 0.519
118.800 5 0.286 0.203 0.464 0.519
118.840 5 0.286 0.203 0.463 0.517
118.880 5 0.284 0.197 0.463 0.514
118.920 5 0.284 0.192 0.464 0.511
118.960 5 0.287 0.192 0.461 0.500
119.000 5 0.289 0.183 0.458 0.483
119.040 5 0.287 0.178 0.459 0.481
119.080 5 0.283 0.175 0.455 0.481
119.120 5 0.289 0.186 0.456 0.483
119.160 5 0.292 0.194 0.458 0.489
119.200 5 0.292 0.200 0.458 0.494
119.240 5 0.287 0.203 0.453 0.500
119.280 5 0.291 0.206 0.456 0.500
119.320 5 0.287 0.200 0.455 0.497
119.360 5 0.292 0.197 0.456 0.489
119.400 5 0.291 0.194 0.455 0.486
119.440 5 0.294 0.192 0.458 0.483
119.480 5 0.292 0.186 0.461 0.486
119.520 5 0.294 0.186 0.464 0.489
119.560 5 0.294 0.186 0.466 0.492
119.600 5 0.297 0.192 0.469 0.497
119.640 5 0.298 0.197 0.470 0.503
119.680 5 0.300 0.197 0.472 0.506
119.720 5 0.302 0.197 0.473 0.503
119.760 5 0.303 0.192 0.477 0.497
119.800 5 0.305 0.186 0.478 0.494
119.840 5 0.309 0.186 0.477 0.486
119.880 5 0.308 0.186 0.475 0.483
119.920 5 0.306 0.183 0.478 0.486
119.960 5 0.308 0.183 0.478 0.486
120.000 5 0.308 0.183 0.477 0.483
120.040 5 0.312 0.186 0.478 0.478
120.080 5 0.314 0.189 0.475 0.472
120.120 5 0.319 0.186 0.484 0.478
120.160 5 0.309 0.181 0.477 0.478
120.200 5 0.317 0.178 0.486 0.478
120.240 5 0.314 0.178 0.481 0.475
120.280 5 0.312 0.181 0.481 0.478
120.320 5 0.314 0.186 0.480 0.481
120.360 5 0.312 0.186 0.477 0.478
120.400 5 0.316 0.183 0.484 0.483
120.440 5 0.308 0.178 0.480 0.483
120.480 5 0.306 0.172 0.483 0.486
120.520 5 0.308 0.181 0.478 0.481
120.560 5 0.308 0.178 0.478 0.481
120.600 5 0.303 0.172 0.478 0.483
120.640 5 0.309 0.181 0.477 0.478
120.680 5 0.311 0.183 0.477 0.475
120.720 5 0.306 0.178 0.477 0.481
120.760 5 0.302 0.175 0.477 0.486
120.800 5 0.308 0.183 0.477 0.481
120.840 5 0.305 0.181 0.475 0.486
120.880 5 0.305 0.183 0.475 0.489
120.920 5 0.309 0.189 0.475 0.483
120.960 5 0.305 0.186 0.473 0.486
121.000 5 0.308 0.183 0.477 0.483
121.040 5 0.305 0.203 0.475 0.506
121.080 5 0.303 0.197 0.473 0.500
121.120 5 0.302 0.194 0.473 0.497
121.160 5 0.302 0.192 0.470 0.492
121.200 5 0.300 0.189 0.469 0.489
121.240 5 0.298 0.189 0.467 0.486
121.280 5 0.297 0.189 0.466 0.486
121.320 5 0.295 0.192 0.463 0.489
121.360 5 0.294 0.200 0.459 0.494
121.400 5 0.289 0.203 0.456 0.500
121.440 5 0.291 0.211 0.456 0.506
121.480 5 0.289 0.211 0.455 0.508
121.520 5 0.291 0.208 0.456 0.506
121.560 5 0.289 0.206 0.455 0.500
121.600 5 0.287 0.200 0.453 0.494
121.640 5 0.292 0.197 0.458 0.492
121.680 5 0.292 0.197 0.458 0.494
121.720 5 0.297 0.197 0.464 0.494
121.760 5 0.300 0.200 0.467 0.497
121.800 5 0.303 0.203 0.470 0.497
121.840 5 0.305 0.203 0.470 0.494
121.880 5 0.306 0.194 0.473 0.494
121.920 5 0.308 0.192 0.478 0.494
121.960 5 0.311 0.189 0.480 0.492
122.000 5 0.308 0.217 0.477 0.517
122.040 5 0.302 0.183 0.484 0.508
122.080 5 0.308 0.183 0.489 0.503
122.120 5 0.305 0.181 0.486 0.500
122.160 5 0.309 0.175 0.495 0.506
122.200 5 0.305 0.181 0.487 0.506
122.240 5 0.303 0.183 0.486 0.511
122.280 5 0.300 0.181 0.486 0.511
122.320 5 0.297 0.175 0.486 0.511
122.360 5 0.292 0.167 0.486 0.511
122.400 5 0.294 0.167 0.486 0.511
122.440 5 0.295 0.167 0.491 0.514
122.480 5 0.295 0.167 0.489 0.511
122.520 5 0.302 0.167 0.500 0.517
122.560 5 0.297 0.164 0.494 0.514
122.600 5 0.302 0.164 0.500 0.517
122.640 5 0.302 0.167 0.498 0.517
122.680 5 0.300 0.167 0.495 0.517
122.720 5 0.303 0.167 0.502 0.517
122.760 5 0.298 0.164 0.497 0.517
122.800 5 0.300 0.161 0.500 0.517
122.840 5 0.297 0.156 0.505 0.522
122.880 5 0.295 0.156 0.502 0.522
122.920 5 0.305 0.161 0.505 0.519
122.960 5 0.303 0.164 0.502 0.519
123.000 5 0.303 0.142 0.505 0.500
123.040 5 0.300 0.153 0.491 0.489
123.080 5 0.297 0.147 0.487 0.486
123.120 5 0.295 0.144 0.487 0.486
123.160 5 0.297 0.144 0.489 0.486
123.200 5 0.298 0.147 0.492 0.492
123.240 5 0.300 0.150 0.495 0.497
123.280 5 0.303 0.156 0.498 0.503
123.320 5 0.305 0.158 0.500 0.503
123.360 5 0.308 0.158 0.502 0.503
123.400 5 0.303 0.158 0.495 0.500
123.440 5 0.308 0.158 0.498 0.497
123.480 5 0.305 0.153 0.497 0.492
123.520 5 0.305 0.150 0.495 0.489
123.560 5 0.302 0.147 0.494 0.486
123.600 5 0.298 0.144 0.491 0.486
123.640 5 0.295 0.142 0.487 0.483
123.680 5 0.292 0.136 0.484 0.478
123.720 5 0.291 0.133 0.480 0.469
123.760 5 0.289 0.131 0.477 0.464
123.800 5 0.287 0.131 0.473 0.461
123.840 5 0.286 0.131 0.472 0.458
123.880 5 0.287 0.133 0.467 0.456
123.920 5 0.286 0.131 0.469 0.458
123.960 5 0.286 0.133 0.470 0.458
124.000 5 0.289 0.150 0.458 0.450
124.040 5 0.286 0.144 0.469 0.469
124.080 5 0.286 0.144 0.469 0.472
124.120 5 0.286 0.144 0.469 0.472
124.160 5 0.286 0.144 0.469 0.469
124.200 5 0.287 0.147 0.470 0.472
124.240 5 0.287 0.147 0.470 0.469
124.280 5 0.289 0.147 0.470 0.469
124.320 5 0.289 0.147 0.470 0.469
124.360 5 0.289 0.147 0.470 0.469
124.400 5 0.289 0.150 0.470 0.472
124.440 5 0.289 0.150 0.470 0.472
124.480 5 0.289 0.150 0.472 0.475
124.520 5 0.289 0.150 0.472 0.475
124.560 5 0.289 0.150 0.473 0.478
124.600 5 0.284 0.142 0.477 0.483
124.640 5 0.289 0.144 0.478 0.481
124.680 5 0.289 0.147 0.478 0.481
124.720 5 0.284 0.144 0.477 0.486
124.760 5 0.283 0.142 0.478 0.489
124.800 5 0.289 0.144 0.478 0.483
124.840 5 0.287 0.147 0.473 0.478
124.880 5 0.287 0.144 0.478 0.483
124.920 5 0.284 0.144 0.472 0.481
124.960 5 0.286 0.144 0.478 0.486
125.000 5 0.281 0.142 0.483 0.500
125.040 5 0.280 0.133 0.480 0.489
125.080 5 0.280 0.133 0.480 0.489
125.120 5 0.278 0.133 0.478 0.489
125.160 5 0.277 0.133 0.475 0.486
125.200 5 0.280 0.133 0.480 0.489
125.240 5 0.275 0.131 0.473 0.486
125.280 5 0.277 0.128 0.477 0.483
125.320 5 0.277 0.128 0.475 0.483
125.360 5 0.277 0.128 0.475 0.481
125.400 5 0.277 0.125 0.473 0.478
125.440 5 0.277 0.125 0.472 0.475
125.480 5 0.275 0.125 0.470 0.475
125.520 5 0.269 0.119 0.472 0.481
125.560 5 0.269 0.125 0.469 0.481
125.600 5 0.267 0.125 0.469 0.483
125.640 5 0.266 0.125 0.469 0.483
125.680 5 0.264 0.125 0.466 0.483
125.720 5 0.272 0.128 0.472 0.483
125.760 5 0.270 0.128 0.469 0.481
125.800 5 0.277 0.125 0.477 0.481
125.840 5 0.275 0.125 0.473 0.478
125.880 5 0.280 0.119 0.481 0.478
125.920 5 0.278 0.114 0.480 0.472
125.960 5 0.284 0.111 0.487 0.472
126.000 5 0.281 0.103 0.483 0.461
126.040 5 0.283 0.106 0.483 0.461
126.080 5 0.277 0.103 0.478 0.461
126.120 5 0.278 0.103 0.483 0.464
126.160 5 0.275 0.106 0.475 0.461
126.200 5 0.272 0.106 0.470 0.458
126.240 5 0.266 0.106 0.466 0.458
126.280 5 0.261 0.106 0.459 0.456
126.320 5 0.259 0.108 0.455 0.456
126.360 5 0.256 0.111 0.453 0.458
126.400 5 0.255 0.111 0.452 0.461
126.440 5 0.258 0.108 0.458 0.464
126.480 5 0.264 0.108 0.463 0.464
126.520 5 0.267 0.106 0.469 0.464
126.560 5 0.273 0.106 0.475 0.467
126.600 5 0.277 0.108 0.478 0.467
126.640 5 0.284 0.108 0.487 0.467
126.680 5 0.286 0.111 0.489 0.469
126.720 5 0.292 0.108 0.497 0.475
126.760 5 0.294 0.108 0.502 0.475
126.800 5 0.295 0.103 0.506 0.478
126.840 5 0.295 0.103 0.503 0.472
126.880 5 0.292 0.100 0.502 0.472
126.920 5 0.289 0.100 0.498 0.469
126.960 5 0.284 0.100 0.491 0.467
127.000 5 0.281 0.103 0.483 0.461
127.040 5 0.284 0.111 0.475 0.450
127.080 5 0.281 0.111 0.472 0.447
127.120 5 0.275 0.108 0.466 0.447
127.160 5 0.277 0.108 0.469 0.447
127.200 5 0.273 0.106 0.464 0.447
127.240 5 0.281 0.108 0.469 0.444
127.280 5 0.280 0.108 0.470 0.444
127.320 5 0.283 0.106 0.473 0.447
127.360 5 0.286 0.108 0.477 0.447
127.400 5 0.297 0.114 0.483 0.444
127.440 5 0.297 0.114 0.486 0.450
127.480 5 0.303 0.117 0.492 0.453
127.520 5 0.306 0.119 0.494 0.453
127.560 5 0.305 0.122 0.489 0.447
127.600 5 0.306 0.122 0.491 0.450
127.640 5 0.300 0.125 0.481 0.447
127.680 5 0.298 0.125 0.478 0.444
127.720 5 0.294 0.128 0.473 0.447
127.760 5 0.292 0.125 0.472 0.444
127.800 5 0.294 0.128 0.472 0.442
127.840 5 0.297 0.128 0.473 0.444
127.880 5 0.298 0.133 0.475 0.447
127.920 5 0.302 0.136 0.478 0.450
127.960 5 0.303 0.142 0.478 0.453
128.000 5 0.308 0.150 0.477 0.450
128.040 5 0.297 0.147 0.480 0.475
128.080 5 0.298 0.144 0.487 0.481
128.120 5 0.292 0.144 0.480 0.478
128.160 5 0.295 0.144 0.483 0.478
128.200 5 0.291 0.144 0.475 0.472
128.240 5 0.289 0.147 0.472 0.472
128.280 5 0.280 0.144 0.463 0.469
128.320 5 0.272 0.139 0.455 0.464
128.360 5 0.272 0.136 0.458 0.467
128.400 5 0.277 0.133 0.467 0.469
128.440 5 0.284 0.133 0.477 0.472
128.480 5 0.291 0.133 0.483 0.475
128.520 5 0.295 0.133 0.489 0.478
128.560 5 0.298 0.133 0.491 0.475
128.600 5 0.295 0.131 0.489 0.472
128.640 5 0.295 0.128 0.491 0.478
128.680 5 0.295 0.131 0.489 0.475
128.720 5 0.297 0.133 0.491 0.475
128.760 5 0.302 0.136 0.492 0.478
128.800 5 0.305 0.142 0.495 0.481
128.840 5 0.305 0.142 0.495 0.481
128.880 5 0.311 0.147 0.495 0.475
128.920 5 0.303 0.144 0.491 0.475
128.960 5 0.308 0.142 0.495 0.475
129.000 5 0.303 0.142 0.505 0.500
129.040 5 0.320 0.164 0.494 0.469
129.080 5 0.316 0.164 0.487 0.469
129.120 5 0.316 0.164 0.491 0.472
129.160 5 0.316 0.161 0.491 0.472
129.200 5 0.314 0.164 0.487 0.472
129.240 5 0.319 0.167 0.489 0.472
129.280 5 0.314 0.161 0.489 0.469
129.320 5 0.320 0.161 0.492 0.467
129.360 5 0.316 0.161 0.486 0.464
129.400 5 0.319 0.164 0.489 0.467
129.440 5 0.314 0.164 0.483 0.464
129.480 5 0.308 0.158 0.478 0.461
129.520 5 0.308 0.156 0.477 0.456
129.560 5 0.303 0.153 0.470 0.450
129.600 5 0.308 0.150 0.472 0.444
129.640 5 0.306 0.147 0.470 0.442
129.680 5 0.305 0.147 0.470 0.439
129.720 5 0.305 0.144 0.470 0.439
129.760 5 0.305 0.144 0.472 0.439
129.800 5 0.305 0.147 0.473 0.444
129.840 5 0.308 0.153 0.475 0.453
129.880 5 0.303 0.158 0.470 0.456
129.920 5 0.305 0.161 0.473 0.461
129.960 5 0.303 0.161 0.473 0.464
130.000 5 0.319 0.181 0.459 0.431
130.040 5 0.306 0.167 0.461 0.442
130.080 5 0.306 0.164 0.464 0.444
130.120 5 0.303 0.161 0.463 0.442
130.160 5 0.305 0.158 0.466 0.444
130.200 5 0.303 0.161 0.463 0.444
130.240 5 0.298 0.158 0.461 0.447
130.280 5 0.305 0.156 0.469 0.447
130.320 5 0.300 0.158 0.463 0.447
130.360 5 0.306 0.161 0.467 0.447
130.400 5 0.306 0.167 0.464 0.447
130.440 5 0.303 0.167 0.464 0.453
130.480 5 0.303 0.169 0.461 0.450
130.520 5 0.300 0.169 0.458 0.450
130.560 5 0.298 0.167 0.456 0.447
130.600 5 0.295 0.164 0.455 0.447
130.640 5 0.297 0.161 0.458 0.447
130.680 5 0.294 0.156 0.455 0.442
130.720 5 0.297 0.158 0.456 0.442
130.760 5 0.298 0.161 0.456 0.442
130.800 5 0.297 0.158 0.458 0.444
130.840 5 0.295 0.158 0.456 0.444
130.880 5 0.302 0.161 0.461 0.444
130.920 5 0.300 0.164 0.456 0.442
130.960 5 0.297 0.161 0.458 0.444
131.000 5 0.289 0.150 0.458 0.450
131.040 5 0.289 0.150 0.458 0.450
131.080 5 0.289 0.150 0.458 0.450
131.120 5 0.280 0.142 0.458 0.458
131.160 5 0.287 0.150 0.458 0.453
131.200 5 0.287 0.150 0.456 0.450
131.240 5 0.278 0.142 0.455 0.458
131.280 5 0.284 0.150 0.456 0.453
141.520 6 0.494 0.361 0.548 0.458
141.560 6 0.497 0.356 0.552 0.453
141.600 6 0.502 0.350 0.556 0.447
141.640 6 0.505 0.344 0.559 0.442
141.680 6 0.508 0.336 0.562 0.433
141.720 6 0.512 0.328 0.566 0.425
141.760 6 0.517 0.325 0.570 0.419
141.800 6 0.522 0.322 0.575 0.417
141.840 6 0.527 0.325 0.578 0.417
141.880 6 0.530 0.328 0.583 0.422
141.920 6 0.530 0.331 0.584 0.431
141.960 6 0.534 0.339 0.591 0.436
142.000 6 0.539 0.339 0.595 0.439
142.040 6 0.544 0.336 0.602 0.439
142.080 6 0.552 0.336 0.609 0.439
142.120 6 0.555 0.331 0.614 0.436
142.160 6 0.561 0.328 0.620 0.431
142.200 6 0.564 0.325 0.623 0.431
142.240 6 0.567 0.322 0.627 0.428
142.280 6 0.567 0.322 0.627 0.431
142.320 6 0.570 0.325 0.630 0.431
142.360 6 0.573 0.325 0.631 0.428
142.400 6 0.575 0.325 0.633 0.428
142.440 6 0.575 0.331 0.631 0.428
142.480 6 0.581 0.333 0.636 0.431
142.520 6 0.580 0.336 0.636 0.436
142.560 6 0.580 0.344 0.636 0.444
142.600 6 0.578 0.356 0.634 0.456
142.640 6 0.575 0.364 0.631 0.464
142.680 6 0.572 0.375 0.628 0.475
142.720 6 0.570 0.386 0.627 0.486
142.760 6 0.572 0.397 0.627 0.497
142.800 6 0.577 0.400 0.631 0.497
142.840 6 0.581 0.403 0.634 0.497
142.880 6 0.583 0.397 0.637 0.494
142.920 6 0.588 0.392 0.642 0.489
142.840 7 0.517 0.158 0.572 0.256
142.880 7 0.512 0.156 0.566 0.250
142.920 7 0.511 0.147 0.566 0.244
142.960 7 0.512 0.142 0.569 0.242
143.000 7 0.514 0.139 0.570 0.239
143.040 7 0.516 0.133 0.572 0.233
143.080 7 0.512 0.131 0.567 0.228
143.120 7 0.512 0.128 0.567 0.228
143.160 7 0.506 0.125 0.562 0.225
143.200 7 0.503 0.122 0.558 0.219
143.240 7 0.495 0.122 0.550 0.219
143.280 7 0.487 0.122 0.544 0.219
143.320 7 0.480 0.125 0.536 0.225
143.360 7 0.470 0.128 0.527 0.228
143.400 7 0.463 0.131 0.519 0.231
143.440 7 0.456 0.133 0.511 0.231
143.480 7 0.453 0.136 0.508 0.233
143.520 7 0.450 0.142 0.505 0.236
143.560 7 0.448 0.142 0.502 0.236
150.240 8 0.292 0.181 0.484 0.522
150.280 8 0.295 0.175 0.491 0.522
150.320 8 0.292 0.175 0.486 0.517
150.360 8 0.297 0.169 0.494 0.522
150.400 8 0.297 0.169 0.495 0.522
150.440 8 0.297 0.169 0.497 0.525
150.480 8 0.297 0.169 0.498 0.528
150.520 8 0.297 0.172 0.498 0.531
150.560 8 0.298 0.178 0.498 0.533
150.600 8 0.298 0.181 0.500 0.536
150.640 8 0.302 0.181 0.500 0.536
150.680 8 0.311 0.192 0.500 0.528
150.720 8 0.298 0.186 0.492 0.531
150.760 8 0.309 0.189 0.505 0.536
150.800 8 0.298 0.186 0.492 0.533
150.840 8 0.300 0.181 0.502 0.539
150.880 8 0.300 0.181 0.503 0.542
150.920 8 0.302 0.181 0.505 0.542
150.960 8 0.303 0.183 0.505 0.542
151.000 8 0.303 0.183 0.505 0.542
151.040 8 0.305 0.169 0.509 0.531
151.080 8 0.303 0.172 0.502 0.525
151.120 8 0.308 0.178 0.502 0.525
151.160 8 0.306 0.169 0.505 0.525
151.200 8 0.303 0.172 0.500 0.522
151.240 8 0.311 0.178 0.505 0.519
151.280 8 0.306 0.169 0.505 0.522
151.320 8 0.305 0.167 0.505 0.525
151.360 8 0.303 0.167 0.505 0.525
151.400 8 0.300 0.164 0.502 0.522
151.440 8 0.305 0.164 0.508 0.525
151.480 8 0.300 0.167 0.498 0.519
151.520 8 0.308 0.169 0.508 0.522
151.560 8 0.303 0.167 0.498 0.514
151.600 8 0.314 0.172 0.506 0.514
151.640 8 0.303 0.169 0.497 0.514
151.680 8 0.305 0.164 0.505 0.519
151.720 8 0.303 0.161 0.505 0.519
151.760 8 0.303 0.161 0.505 0.519
151.800 8 0.302 0.161 0.505 0.519
151.840 8 0.300 0.161 0.500 0.517
151.880 8 0.305 0.164 0.503 0.517
151.920 8 0.302 0.158 0.502 0.514
151.960 8 0.303 0.158 0.505 0.517
152.000 8 0.303 0.142 0.505 0.500
152.040 8 0.303 0.156 0.500 0.503
152.080 8 0.303 0.153 0.500 0.503
152.120 8 0.305 0.150 0.500 0.500
152.160 8 0.303 0.147 0.502 0.500
152.200 8 0.303 0.144 0.503 0.500
152.240 8 0.303 0.144 0.506 0.503
152.280 8 0.300 0.147 0.500 0.503
152.320 8 0.302 0.144 0.505 0.506
152.360 8 0.297 0.144 0.498 0.503
152.400 8 0.295 0.144 0.500 0.506
152.440 8 0.298 0.142 0.503 0.506
152.480 8 0.295 0.144 0.497 0.503
152.520 8 0.300 0.139 0.503 0.500
152.560 8 0.298 0.139 0.498 0.494
152.600 8 0.305 0.133 0.505 0.489
152.640 8 0.303 0.133 0.498 0.478
152.680 8 0.311 0.131 0.508 0.478
152.720 8 0.305 0.128 0.500 0.475
152.760 8 0.306 0.122 0.509 0.481
152.800 8 0.303 0.122 0.506 0.481
152.840 8 0.305 0.125 0.508 0.486
152.880 8 0.306 0.128 0.509 0.489
152.920 8 0.306 0.128 0.509 0.489
152.960 8 0.305 0.131 0.506 0.489
153.000 8 0.303 0.142 0.505 0.500
153.040 8 0.305 0.142 0.506 0.497
153.080 8 0.302 0.142 0.506 0.503
153.120 8 0.300 0.147 0.505 0.511
153.160 8 0.298 0.153 0.505 0.519
153.200 8 0.297 0.158 0.505 0.528
153.240 8 0.297 0.161 0.505 0.533
153.280 8 0.295 0.164 0.505 0.536
153.320 8 0.294 0.164 0.503 0.536
153.360 8 0.292 0.164 0.503 0.539
153.400 8 0.291 0.164 0.500 0.539
153.440 8 0.287 0.164 0.500 0.539
153.480 8 0.287 0.164 0.498 0.542
153.520 8 0.286 0.164 0.498 0.544
153.560 8 0.284 0.167 0.497 0.544
153.600 8 0.281 0.167 0.497 0.547
153.640 8 0.283 0.169 0.494 0.547
153.680 8 0.278 0.169 0.492 0.550
153.720 8 0.283 0.172 0.494 0.547
153.760 8 0.281 0.167 0.491 0.542
153.800 8 0.280 0.161 0.489 0.533
153.840 8 0.278 0.156 0.487 0.525
153.880 8 0.278 0.150 0.484 0.517
153.920 8 0.278 0.147 0.483 0.511
153.960 8 0.278 0.144 0.481 0.506
154.000 8 0.281 0.142 0.483 0.500
154.040 8 0.281 0.144 0.483 0.503
154.080 8 0.281 0.147 0.478 0.497
154.120 8 0.278 0.150 0.475 0.503
154.160 8 0.275 0.150 0.473 0.506
154.200 8 0.272 0.156 0.470 0.508
154.240 8 0.270 0.156 0.470 0.514
154.280 8 0.269 0.158 0.472 0.519
154.320 8 0.269 0.156 0.477 0.525
154.360 8 0.266 0.158 0.473 0.525
154.400 8 0.272 0.158 0.480 0.528
154.440 8 0.270 0.161 0.477 0.528
154.480 8 0.278 0.161 0.484 0.528
154.520 8 0.273 0.156 0.481 0.525
154.560 8 0.280 0.156 0.486 0.525
154.600 8 0.273 0.150 0.484 0.525
154.640 8 0.280 0.150 0.489 0.522
154.680 8 0.277 0.150 0.486 0.522
154.720 8 0.277 0.150 0.486 0.522
154.760 8 0.278 0.150 0.486 0.522
154.800 8 0.278 0.150 0.486 0.519
154.840 8 0.277 0.147 0.484 0.517
154.880 8 0.277 0.142 0.484 0.511
154.920 8 0.277 0.139 0.484 0.506
154.960 8 0.277 0.136 0.483 0.503
155.000 8 0.281 0.142 0.483 0.500
155.040 8 0.281 0.131 0.481 0.489
155.080 8 0.280 0.133 0.481 0.489
155.120 8 0.278 0.133 0.480 0.494
155.160 8 0.277 0.139 0.478 0.497
155.200 8 0.275 0.144 0.478 0.503
155.240 8 0.275 0.144 0.480 0.508
155.280 8 0.277 0.147 0.481 0.514
155.320 8 0.277 0.150 0.483 0.517
155.360 8 0.280 0.153 0.486 0.519
155.400 8 0.277 0.153 0.483 0.519
155.440 8 0.284 0.158 0.486 0.517
155.480 8 0.280 0.158 0.480 0.514
155.520 8 0.283 0.158 0.481 0.514
155.560 8 0.284 0.156 0.483 0.508
155.600 8 0.280 0.153 0.478 0.506
155.640 8 0.281 0.153 0.481 0.506
155.680 8 0.281 0.150 0.481 0.506
155.720 8 0.278 0.147 0.483 0.511
155.760 8 0.280 0.153 0.481 0.511
155.800 8 0.275 0.150 0.480 0.514
155.840 8 0.280 0.156 0.481 0.514
155.880 8 0.281 0.153 0.484 0.514
155.920 8 0.283 0.158 0.480 0.508
155.960 8 0.280 0.158 0.477 0.508
156.000 8 0.281 0.142 0.483 0.500
156.040 8 0.277 0.125 0.492 0.508
156.080 8 0.278 0.128 0.489 0.506
156.120 8 0.280 0.131 0.491 0.506
156.160 8 0.281 0.131 0.492 0.506
156.200 8 0.281 0.131 0.494 0.508
156.240 8 0.281 0.131 0.494 0.508
156.280 8 0.283 0.131 0.494 0.506
156.320 8 0.283 0.131 0.494 0.506
156.360 8 0.283 0.131 0.494 0.506
156.400 8 0.281 0.125 0.498 0.511
156.440 8 0.277 0.125 0.494 0.511
156.480 8 0.281 0.131 0.492 0.506
156.520 8 0.283 0.125 0.497 0.508
156.560 8 0.278 0.125 0.494 0.508
156.600 8 0.281 0.128 0.495 0.508
156.640 8 0.278 0.125 0.492 0.508
156.680 8 0.283 0.131 0.494 0.503
156.720 8 0.281 0.125 0.491 0.497
156.760 8 0.280 0.122 0.487 0.494
156.800 8 0.278 0.119 0.486 0.489
156.840 8 0.277 0.114 0.484 0.483
156.880 8 0.278 0.111 0.484 0.478
156.920 8 0.278 0.108 0.483 0.475
156.960 8 0.280 0.108 0.481 0.467
157.000 8 0.281 0.103 0.483 0.461
157.040 8 0.289 0.114 0.486 0.464
157.080 8 0.289 0.117 0.487 0.467
157.120 8 0.291 0.117 0.487 0.469
157.160 8 0.291 0.119 0.489 0.472
157.200 8 0.292 0.122 0.491 0.478
157.240 8 0.294 0.125 0.492 0.478
157.280 8 0.295 0.128 0.494 0.481
157.320 8 0.297 0.133 0.495 0.486
157.360 8 0.300 0.136 0.498 0.486
157.400 8 0.303 0.139 0.500 0.489
157.440 8 0.305 0.139 0.503 0.492
157.480 8 0.306 0.142 0.505 0.494
157.520 8 0.308 0.144 0.508 0.497
157.560 8 0.309 0.144 0.509 0.500
157.600 8 0.311 0.147 0.509 0.503
157.640 8 0.308 0.144 0.509 0.503
157.680 8 0.312 0.139 0.517 0.503
157.720 8 0.311 0.136 0.512 0.497
157.760 8 0.316 0.131 0.520 0.494
157.800 8 0.314 0.128 0.516 0.489
157.840 8 0.319 0.128 0.525 0.492
157.880 8 0.317 0.125 0.523 0.492
157.920 8 0.316 0.119 0.528 0.497
157.960 8 0.316 0.122 0.527 0.494
158.000 8 0.325 0.142 0.527 0.500
158.040 8 0.323 0.147 0.519 0.494
158.080 8 0.323 0.144 0.525 0.503
158.120 8 0.320 0.147 0.520 0.503
158.160 8 0.330 0.150 0.528 0.500
158.200 8 0.327 0.150 0.517 0.492
158.240 8 0.325 0.147 0.525 0.503
158.280 8 0.325 0.147 0.527 0.506
158.320 8 0.327 0.147 0.528 0.506
158.360 8 0.327 0.147 0.530 0.508
163.320 9 0.264 0.142 0.450 0.472
163.360 9 0.261 0.144 0.445 0.472
163.400 9 0.261 0.144 0.444 0.469
163.440 9 0.263 0.147 0.444 0.469
163.480 9 0.263 0.147 0.444 0.472
163.520 9 0.263 0.150 0.444 0.472
163.560 9 0.264 0.156 0.447 0.478
163.600 9 0.259 0.153 0.441 0.475
163.640 9 0.263 0.150 0.445 0.475
163.680 9 0.261 0.147 0.442 0.469
163.720 9 0.266 0.142 0.450 0.467
163.760 9 0.264 0.136 0.450 0.467
163.800 9 0.269 0.131 0.458 0.464
163.840 9 0.275 0.133 0.463 0.469
163.880 9 0.277 0.133 0.469 0.475
163.920 9 0.277 0.131 0.475 0.483
163.960 9 0.278 0.136 0.478 0.492
164.000 9 0.281 0.142 0.483 0.500
164.040 9 0.287 0.172 0.486 0.525
164.080 9 0.286 0.178 0.484 0.531
164.120 9 0.291 0.181 0.489 0.533
164.160 9 0.286 0.181 0.484 0.533
164.200 9 0.286 0.178 0.489 0.539
164.240 9 0.280 0.178 0.483 0.536
164.280 9 0.283 0.178 0.484 0.533
164.320 9 0.277 0.172 0.477 0.531
164.360 9 0.281 0.172 0.478 0.525
164.400 9 0.275 0.169 0.473 0.522
164.440 9 0.277 0.164 0.478 0.522
164.480 9 0.278 0.167 0.472 0.514
164.520 9 0.278 0.161 0.475 0.514
164.560 9 0.275 0.161 0.472 0.511
164.600 9 0.280 0.158 0.478 0.511
164.640 9 0.277 0.156 0.473 0.506
164.680 9 0.281 0.158 0.477 0.506
164.720 9 0.280 0.156 0.472 0.497
164.760 9 0.286 0.158 0.475 0.494
164.800 9 0.281 0.156 0.472 0.492
164.840 9 0.284 0.150 0.477 0.492
164.880 9 0.284 0.153 0.472 0.486
164.920 9 0.283 0.153 0.470 0.483
164.960 9 0.283 0.150 0.472 0.486
165.000 9 0.289 0.183 0.458 0.483
165.040 9 0.287 0.167 0.461 0.478
165.080 9 0.287 0.167 0.463 0.475
165.120 9 0.292 0.167 0.467 0.475
165.160 9 0.286 0.164 0.461 0.475
165.200 9 0.294 0.164 0.470 0.475
165.240 9 0.291 0.161 0.466 0.475
165.280 9 0.295 0.164 0.473 0.481
165.320 9 0.294 0.167 0.473 0.486
165.360 9 0.298 0.178 0.480 0.500
165.400 9 0.298 0.183 0.480 0.506
165.440 9 0.305 0.189 0.486 0.514
165.480 9 0.303 0.192 0.484 0.517
165.520 9 0.308 0.197 0.489 0.519
165.560 9 0.298 0.194 0.483 0.522
165.600 9 0.302 0.194 0.487 0.522
165.640 9 0.297 0.194 0.481 0.522
165.680 9 0.298 0.192 0.483 0.519
165.720 9 0.292 0.186 0.477 0.514
165.760 9 0.295 0.183 0.478 0.508
165.800 9 0.289 0.178 0.472 0.503
165.840 9 0.291 0.175 0.473 0.500
165.880 9 0.286 0.172 0.469 0.497
165.920 9 0.286 0.169 0.472 0.500
165.960 9 0.280 0.164 0.470 0.503
166.000 9 0.281 0.142 0.483 0.500
166.040 9 0.281 0.136 0.483 0.494
166.080 9 0.280 0.136 0.481 0.494
166.120 9 0.283 0.136 0.483 0.494
166.160 9 0.289 0.142 0.484 0.492
166.200 9 0.284 0.142 0.481 0.492
166.240 9 0.291 0.139 0.489 0.492
166.280 9 0.287 0.139 0.486 0.489
166.320 9 0.294 0.136 0.492 0.489
166.360 9 0.291 0.133 0.489 0.486
166.400 9 0.295 0.133 0.494 0.486
166.440 9 0.291 0.131 0.491 0.489
166.480 9 0.295 0.136 0.497 0.494
166.520 9 0.291 0.136 0.491 0.492
166.560 9 0.294 0.136 0.494 0.494
166.600 9 0.294 0.139 0.492 0.492
166.640 9 0.289 0.139 0.489 0.492
166.680 9 0.291 0.139 0.489 0.492
166.720 9 0.287 0.136 0.491 0.494
166.760 9 0.287 0.139 0.487 0.492
166.800 9 0.286 0.136 0.489 0.497
166.840 9 0.286 0.142 0.486 0.494
166.880 9 0.286 0.142 0.486 0.497
166.920 9 0.286 0.144 0.484 0.497
166.960 9 0.286 0.147 0.484 0.500
167.000 9 0.281 0.142 0.483 0.500
167.040 9 0.283 0.142 0.480 0.492
167.080 9 0.289 0.147 0.483 0.492
167.120 9 0.286 0.150 0.480 0.492
167.160 9 0.286 0.144 0.484 0.497
167.200 9 0.286 0.144 0.486 0.500
167.240 9 0.286 0.144 0.487 0.503
167.280 9 0.287 0.144 0.487 0.503
167.320 9 0.287 0.144 0.489 0.503
167.360 9 0.287 0.142 0.492 0.506
167.400 9 0.291 0.144 0.492 0.503
167.440 9 0.291 0.144 0.494 0.506
167.480 9 0.291 0.147 0.495 0.511
167.520 9 0.292 0.153 0.497 0.514
167.560 9 0.292 0.158 0.497 0.519
167.600 9 0.292 0.161 0.497 0.525
167.640 9 0.292 0.167 0.497 0.531
167.680 9 0.292 0.172 0.495 0.536
167.720 9 0.292 0.178 0.495 0.539
167.760 9 0.294 0.183 0.497 0.544
167.800 9 0.294 0.189 0.497 0.550
167.840 9 0.295 0.192 0.498 0.553
167.880 9 0.295 0.194 0.498 0.556
167.920 9 0.297 0.194 0.500 0.556
167.960 9 0.298 0.194 0.502 0.556
168.000 9 0.300 0.192 0.503 0.553
168.040 9 0.302 0.189 0.505 0.550
168.080 9 0.305 0.189 0.506 0.547
168.120 9 0.306 0.183 0.508 0.544
168.160 9 0.306 0.178 0.509 0.539
168.200 9 0.306 0.172 0.511 0.533
168.240 9 0.308 0.164 0.511 0.528
168.280 9 0.309 0.158 0.509 0.514
168.320 9 0.311 0.153 0.509 0.508
168.360 9 0.316 0.150 0.508 0.494
168.400 9 0.314 0.142 0.511 0.489
168.440 9 0.316 0.136 0.509 0.483
168.480 9 0.316 0.131 0.512 0.481
168.520 9 0.317 0.131 0.511 0.475
168.560 9 0.316 0.125 0.516 0.478
168.600 9 0.317 0.128 0.516 0.483
168.640 9 0.319 0.133 0.519 0.489
168.680 9 0.320 0.139 0.520 0.494
168.720 9 0.320 0.142 0.522 0.500
168.760 9 0.322 0.147 0.525 0.506
168.800 9 0.323 0.147 0.525 0.506
168.840 9 0.322 0.139 0.530 0.511
168.880 9 0.322 0.136 0.533 0.514
168.920 9 0.316 0.136 0.528 0.514
168.960 9 0.319 0.136 0.531 0.514
169.000 9 0.325 0.142 0.527 0.500
169.040 9 0.323 0.153 0.528 0.514
169.080 9 0.328 0.156 0.530 0.517
169.120 9 0.323 0.153 0.528 0.514
169.160 9 0.320 0.147 0.530 0.519
169.200 9 0.317 0.144 0.528 0.519
169.240 9 0.322 0.147 0.533 0.522
169.280 9 0.319 0.150 0.525 0.517
169.320 9 0.320 0.147 0.533 0.525
169.360 9 0.317 0.156 0.523 0.522
169.400 9 0.320 0.156 0.530 0.528
169.440 9 0.316 0.158 0.523 0.528
169.480 9 0.320 0.161 0.525 0.525
169.520 9 0.319 0.153 0.525 0.519
169.560 9 0.317 0.150 0.525 0.517
169.600 9 0.320 0.150 0.522 0.508
169.640 9 0.320 0.142 0.525 0.506
169.680 9 0.323 0.142 0.523 0.497
169.720 9 0.322 0.136 0.525 0.494
169.760 9 0.323 0.136 0.523 0.494
169.800 9 0.320 0.133 0.522 0.492
169.840 9 0.327 0.133 0.527 0.489
169.880 9 0.322 0.133 0.523 0.489
169.920 9 0.328 0.131 0.528 0.489
169.960 9 0.325 0.131 0.525 0.486
170.000 9 0.325 0.142 0.527 0.500
170.040 9 0.322 0.139 0.522 0.494
170.080 9 0.322 0.136 0.522 0.489
170.120 9 0.322 0.136 0.520 0.486
170.160 9 0.320 0.133 0.519 0.486
170.200 9 0.320 0.133 0.517 0.483
170.240 9 0.322 0.133 0.519 0.483
170.280 9 0.317 0.136 0.509 0.478
170.320 9 0.323 0.139 0.516 0.481
170.360 9 0.316 0.142 0.508 0.481
170.400 9 0.320 0.142 0.514 0.486
170.440 9 0.312 0.147 0.505 0.489
170.480 9 0.308 0.144 0.506 0.497
170.520 9 0.309 0.147 0.512 0.508
170.560 9 0.308 0.150 0.508 0.503
170.600 9 0.312 0.147 0.514 0.506
170.640 9 0.309 0.144 0.511 0.503
170.680 9 0.312 0.142 0.511 0.494
170.720 9 0.306 0.136 0.506 0.492
170.760 9 0.306 0.128 0.508 0.486
170.800 9 0.309 0.131 0.511 0.489
170.840 9 0.305 0.133 0.505 0.489
170.880 9 0.309 0.136 0.509 0.492
170.920 9 0.303 0.139 0.505 0.494
170.960 9 0.308 0.142 0.509 0.500
171.000 9 0.303 0.142 0.505 0.500
171.040 9 0.312 0.161 0.500 0.494
171.080 9 0.314 0.161 0.502 0.494
171.120 9 0.314 0.164 0.503 0.497
171.160 9 0.311 0.161 0.500 0.497
171.200 9 0.319 0.164 0.502 0.492
171.240 9 0.314 0.164 0.497 0.489
171.280 9 0.317 0.164 0.500 0.489
171.320 9 0.314 0.161 0.498 0.489
171.360 9 0.312 0.161 0.498 0.489
171.400 9 0.312 0.158 0.497 0.489
171.440 9 0.311 0.158 0.497 0.489
171.480 9 0.311 0.158 0.495 0.489
171.520 9 0.309 0.158 0.494 0.486
171.560 9 0.309 0.158 0.495 0.489
171.600 9 0.306 0.158 0.491 0.486
171.640 9 0.306 0.158 0.491 0.486
171.680 9 0.306 0.158 0.489 0.483
171.720 9 0.305 0.156 0.487 0.481
171.760 9 0.303 0.153 0.486 0.478
171.800 9 0.302 0.147 0.486 0.475
171.840 9 0.302 0.144 0.484 0.469
171.880 9 0.298 0.136 0.483 0.464
171.920 9 0.302 0.136 0.484 0.461
171.960 9 0.298 0.136 0.478 0.458
172.000 9 0.308 0.150 0.477 0.450
172.040 9 0.300 0.133 0.484 0.458
172.080 9 0.302 0.136 0.486 0.464
172.120 9 0.303 0.139 0.487 0.469
172.160 9 0.303 0.144 0.491 0.475
172.200 9 0.305 0.147 0.492 0.481
172.240 9 0.302 0.136 0.495 0.481
172.280 9 0.305 0.133 0.495 0.469
172.320 9 0.306 0.128 0.492 0.458
172.360 9 0.309 0.128 0.495 0.456
172.400 9 0.308 0.133 0.486 0.453
172.440 9 0.308 0.136 0.491 0.461
172.480 9 0.303 0.139 0.487 0.469
172.520 9 0.308 0.144 0.492 0.472
172.560 9 0.305 0.150 0.489 0.478
172.600 9 0.306 0.147 0.491 0.478
172.640 9 0.311 0.150 0.495 0.478
172.680 9 0.302 0.144 0.487 0.478
172.720 9 0.306 0.144 0.494 0.478
172.760 9 0.305 0.144 0.492 0.478
172.800 9 0.306 0.147 0.494 0.481
172.840 9 0.308 0.153 0.495 0.486
172.880 9 0.309 0.158 0.495 0.492
172.920 9 0.309 0.164 0.497 0.494
172.960 9 0.309 0.167 0.494 0.492
173.000 9 0.303 0.142 0.505 0.500
173.040 9 0.302 0.133 0.511 0.506
173.080 9 0.300 0.139 0.500 0.494
173.120 9 0.306 0.142 0.505 0.494
173.160 9 0.303 0.147 0.502 0.497
173.200 9 0.312 0.153 0.508 0.500
173.240 9 0.306 0.153 0.502 0.500
173.280 9 0.306 0.144 0.511 0.508
173.320 9 0.311 0.147 0.508 0.500
173.360 9 0.309 0.142 0.511 0.500
173.400 9 0.312 0.142 0.509 0.494
173.440 9 0.311 0.139 0.512 0.500
173.480 9 0.311 0.142 0.514 0.500
173.520 9 0.312 0.144 0.516 0.506
173.560 9 0.312 0.147 0.517 0.508
173.600 9 0.314 0.150 0.517 0.511
173.640 9 0.314 0.153 0.516 0.511
173.680 9 0.319 0.147 0.520 0.508
173.720 9 0.314 0.144 0.516 0.503
173.760 9 0.317 0.136 0.517 0.494
173.800 9 0.308 0.131 0.511 0.492
173.840 9 0.308 0.128 0.514 0.492
173.880 9 0.303 0.122 0.509 0.492
173.920 9 0.302 0.128 0.508 0.497
173.960 9 0.298 0.131 0.508 0.503
174.000 9 0.303 0.142 0.505 0.500
174.040 9 0.312 0.175 0.492 0.494
174.080 9 0.314 0.178 0.492 0.497
174.120 9 0.314 0.178 0.495 0.500
174.160 9 0.316 0.172 0.494 0.492
174.200 9 0.320 0.167 0.500 0.483
174.240 9 0.322 0.161 0.498 0.478
174.280 9 0.327 0.156 0.503 0.469
174.320 9 0.325 0.150 0.502 0.464
174.360 9 0.330 0.147 0.505 0.458
174.400 9 0.333 0.147 0.506 0.456
174.440 9 0.330 0.142 0.506 0.458
174.480 9 0.330 0.147 0.503 0.458
174.520 9 0.327 0.147 0.506 0.467
174.560 9 0.327 0.150 0.506 0.472
174.600 9 0.328 0.158 0.508 0.475
174.640 9 0.325 0.161 0.505 0.481
174.680 9 0.325 0.156 0.509 0.483
174.720 9 0.328 0.156 0.512 0.481
174.760 9 0.325 0.153 0.505 0.475
174.800 9 0.331 0.158 0.508 0.472
174.840 9 0.327 0.153 0.506 0.475
174.880 9 0.327 0.158 0.505 0.478
174.920 9 0.323 0.158 0.506 0.483
174.960 9 0.320 0.161 0.506 0.492
175.000 9 0.327 0.183 0.495 0.483
175.040 9 0.325 0.189 0.487 0.478
175.080 9 0.323 0.183 0.494 0.486
175.120 9 0.322 0.183 0.492 0.483
175.160 9 0.322 0.183 0.492 0.483
175.200 9 0.322 0.181 0.492 0.483
175.240 9 0.330 0.186 0.492 0.478
175.280 9 0.323 0.181 0.492 0.483
175.320 9 0.323 0.181 0.494 0.483
175.360 10 0.830 0.128 0.897 0.244
175.400 10 0.830 0.128 0.895 0.244
175.440 10 0.831 0.128 0.897 0.244
175.480 10 0.830 0.131 0.895 0.247
175.520 10 0.831 0.131 0.897 0.247
175.560 10 0.830 0.133 0.897 0.250
175.600 10 0.827 0.133 0.892 0.250
175.640 10 0.830 0.133 0.895 0.250
175.680 10 0.828 0.133 0.894 0.250
175.720 10 0.830 0.133 0.895 0.250
175.760 10 0.828 0.133 0.894 0.250
175.800 10 0.828 0.133 0.894 0.250
175.840 10 0.828 0.133 0.894 0.253
175.880 10 0.828 0.136 0.894 0.253
175.920 10 0.828 0.136 0.895 0.256
175.960 10 0.828 0.139 0.895 0.256
176.000 10 0.828 0.139 0.895 0.258
176.040 10 0.828 0.144 0.895 0.264
176.080 10 0.827 0.142 0.895 0.264
176.120 10 0.828 0.144 0.895 0.264
176.160 10 0.827 0.144 0.894 0.264
176.200 10 0.830 0.144 0.897 0.264
176.240 10 0.827 0.144 0.895 0.264
176.280 10 0.828 0.144 0.897 0.267
176.320 10 0.825 0.144 0.894 0.267
176.360 10 0.828 0.144 0.897 0.267
176.400 10 0.825 0.147 0.892 0.267
176.440 10 0.828 0.144 0.897 0.267
176.480 10 0.825 0.147 0.894 0.267
176.520 10 0.827 0.144 0.895 0.267
176.560 10 0.825 0.144 0.894 0.269
176.600 10 0.823 0.144 0.892 0.267
176.640 10 0.823 0.144 0.892 0.267
176.680 10 0.822 0.144 0.891 0.267
176.720 10 0.823 0.147 0.891 0.267
176.760 10 0.822 0.144 0.891 0.267
176.800 10 0.822 0.144 0.891 0.264
176.840 10 0.820 0.142 0.889 0.264
176.880 10 0.822 0.139 0.891 0.261
176.920 10 0.820 0.136 0.889 0.258
176.960 10 0.822 0.136 0.891 0.256
177.000 10 0.820 0.139 0.887 0.258
177.040 10 0.820 0.136 0.887 0.256
177.080 10 0.822 0.133 0.889 0.253
177.120 10 0.819 0.133 0.886 0.250
177.160 10 0.820 0.128 0.887 0.250
177.200 10 0.817 0.128 0.886 0.247
177.240 10 0.819 0.122 0.886 0.244
177.280 10 0.816 0.122 0.884 0.244
177.320 10 0.817 0.122 0.884 0.242
177.360 10 0.816 0.122 0.883 0.242
177.400 10 0.816 0.119 0.883 0.239
177.440 10 0.816 0.122 0.883 0.239
177.480 10 0.814 0.119 0.881 0.239
177.520 10 0.814 0.119 0.881 0.239
177.560 10 0.816 0.122 0.881 0.239
177.600 10 0.814 0.119 0.881 0.239
177.640 10 0.814 0.119 0.881 0.239
177.680 10 0.812 0.119 0.881 0.239
177.720 10 0.812 0.119 0.880 0.239
177.760 10 0.812 0.117 0.880 0.236
177.800 10 0.812 0.117 0.880 0.236
177.840 10 0.812 0.117 0.880 0.236
177.880 10 0.812 0.117 0.880 0.236
177.920 10 0.811 0.117 0.880 0.236
177.960 10 0.811 0.117 0.878 0.236
178.000 10 0.812 0.114 0.880 0.233
178.040 10 0.811 0.117 0.878 0.233
178.080 10 0.812 0.117 0.880 0.236
178.120 10 0.811 0.117 0.878 0.236
178.160 10 0.812 0.119 0.878 0.239
178.200 10 0.809 0.119 0.877 0.239
178.240 10 0.811 0.122 0.878 0.242
178.280 10 0.808 0.122 0.877 0.242
178.320 10 0.809 0.125 0.877 0.244
178.360 10 0.806 0.122 0.875 0.244
178.400 10 0.806 0.122 0.875 0.244
178.440 10 0.806 0.122 0.873 0.242
178.480 10 0.802 0.122 0.870 0.242
178.520 10 0.798 0.122 0.867 0.242
178.560 10 0.794 0.119 0.861 0.239
178.600 10 0.789 0.117 0.858 0.239
178.640 10 0.783 0.114 0.852 0.239
178.680 10 0.780 0.117 0.847 0.239
178.720 10 0.778 0.117 0.845 0.239
178.760 10 0.778 0.119 0.845 0.239
178.800 10 0.777 0.119 0.844 0.239
178.840 10 0.778 0.119 0.844 0.239
178.880 10 0.775 0.119 0.842 0.242
178.920 10 0.777 0.122 0.842 0.242
178.960 10 0.778 0.125 0.844 0.244
179.000 10 0.775 0.125 0.842 0.247
179.040 10 0.773 0.125 0.841 0.250
179.080 10 0.775 0.128 0.842 0.250
179.120 10 0.773 0.128 0.841 0.250
179.160 10 0.773 0.131 0.841 0.253
175.560 11 0.555 0.164 0.613 0.267
175.600 11 0.558 0.164 0.614 0.264
175.640 11 0.559 0.164 0.616 0.264
175.680 11 0.561 0.164 0.616 0.264
175.720 11 0.561 0.164 0.616 0.264
175.760 11 0.561 0.164 0.617 0.264
175.800 11 0.561 0.167 0.616 0.264
175.840 11 0.561 0.167 0.616 0.264
175.880 11 0.559 0.169 0.614 0.267
175.920 11 0.559 0.169 0.616 0.272
175.960 11 0.558 0.172 0.614 0.272
176.000 11 0.558 0.172 0.614 0.272
176.040 11 0.556 0.164 0.614 0.267
176.080 11 0.556 0.164 0.616 0.267
176.120 11 0.558 0.164 0.616 0.267
176.160 11 0.558 0.164 0.616 0.267
176.200 11 0.558 0.164 0.616 0.267
176.240 11 0.558 0.164 0.616 0.267
176.280 11 0.556 0.167 0.614 0.269
176.320 11 0.556 0.167 0.614 0.269
176.360 11 0.555 0.167 0.613 0.269
176.400 11 0.555 0.167 0.613 0.269
176.440 11 0.553 0.167 0.611 0.269
176.480 11 0.552 0.169 0.608 0.269
176.520 11 0.550 0.169 0.606 0.269
176.560 11 0.548 0.172 0.605 0.272
176.600 11 0.547 0.175 0.602 0.275
176.640 11 0.545 0.181 0.600 0.278
176.680 11 0.544 0.183 0.598 0.278
176.720 11 0.544 0.183 0.598 0.281
176.760 11 0.542 0.183 0.597 0.281
176.800 11 0.542 0.183 0.597 0.281
176.840 11 0.541 0.183 0.595 0.281
176.880 11 0.541 0.183 0.595 0.278
176.920 11 0.541 0.181 0.595 0.278
176.960 11 0.541 0.181 0.595 0.278
177.000 11 0.539 0.172 0.595 0.272
177.040 11 0.541 0.172 0.597 0.272
177.080 11 0.537 0.172 0.594 0.272
177.120 11 0.539 0.169 0.595 0.269
177.160 11 0.536 0.167 0.592 0.267
177.200 11 0.539 0.164 0.595 0.264
177.240 11 0.536 0.164 0.592 0.264
177.280 11 0.537 0.161 0.594 0.258
177.320 11 0.537 0.161 0.592 0.258
177.360 11 0.536 0.158 0.592 0.258
177.400 11 0.536 0.158 0.592 0.256
177.440 11 0.536 0.158 0.591 0.256
177.480 11 0.534 0.158 0.591 0.256
177.520 11 0.534 0.158 0.591 0.256
177.560 11 0.534 0.158 0.589 0.256
177.600 11 0.534 0.158 0.589 0.256
177.640 11 0.534 0.156 0.589 0.256
177.680 11 0.534 0.156 0.589 0.253
177.720 11 0.533 0.156 0.588 0.253
177.760 11 0.533 0.153 0.588 0.253
177.800 11 0.530 0.153 0.584 0.250
177.840 11 0.525 0.147 0.580 0.244
179.200 12 0.620 0.306 0.722 0.486
179.240 12 0.620 0.306 0.722 0.486
179.280 12 0.617 0.308 0.719 0.489
179.320 12 0.620 0.311 0.720 0.492
179.360 12 0.617 0.311 0.719 0.492
179.400 12 0.619 0.314 0.719 0.492
179.440 12 0.616 0.314 0.716 0.492
179.480 12 0.616 0.317 0.716 0.494
179.520 12 0.613 0.319 0.713 0.500
179.560 12 0.614 0.322 0.714 0.500
179.600 12 0.611 0.325 0.711 0.503
179.640 12 0.613 0.328 0.713 0.506
179.680 12 0.611 0.331 0.709 0.506
179.720 12 0.611 0.331 0.709 0.506
179.760 12 0.611 0.333 0.709 0.508
179.800 12 0.613 0.336 0.709 0.508
179.840 12 0.613 0.336 0.711 0.508
179.880 12 0.616 0.336 0.713 0.508
179.920 12 0.617 0.342 0.709 0.506
179.960 12 0.620 0.339 0.711 0.503
180.000 12 0.620 0.336 0.717 0.508
180.040 12 0.622 0.328 0.717 0.500
180.080 12 0.623 0.331 0.717 0.497
180.120 12 0.623 0.328 0.720 0.497
180.160 12 0.627 0.328 0.720 0.497
180.200 12 0.625 0.331 0.720 0.497
180.240 12 0.627 0.328 0.720 0.497
180.280 12 0.627 0.328 0.722 0.497
180.320 12 0.628 0.328 0.722 0.497
180.360 12 0.627 0.328 0.722 0.497
180.400 12 0.628 0.328 0.723 0.500
180.440 12 0.625 0.328 0.722 0.500
180.480 12 0.627 0.331 0.723 0.503
180.520 12 0.623 0.333 0.720 0.506
180.560 12 0.625 0.333 0.723 0.508
180.600 12 0.622 0.339 0.720 0.514
180.640 12 0.625 0.339 0.723 0.514
180.680 12 0.622 0.342 0.722 0.519
180.720 12 0.625 0.347 0.725 0.525
180.760 12 0.622 0.350 0.722 0.528
180.800 12 0.622 0.353 0.722 0.533
180.840 12 0.620 0.358 0.720 0.536
180.880 12 0.620 0.361 0.720 0.539
180.920 12 0.620 0.364 0.720 0.542
180.960 12 0.620 0.361 0.720 0.539
181.000 12 0.620 0.356 0.717 0.528
181.040 12 0.620 0.356 0.717 0.528
181.080 12 0.620 0.353 0.717 0.525
181.120 13 0.384 0.217 0.573 0.553
181.160 13 0.383 0.211 0.572 0.547
181.200 13 0.381 0.208 0.570 0.542
181.240 13 0.378 0.203 0.567 0.539
181.280 13 0.384 0.206 0.572 0.539
181.320 13 0.384 0.203 0.572 0.539
181.360 13 0.391 0.206 0.578 0.539
181.400 13 0.398 0.206 0.588 0.542
181.440 13 0.405 0.203 0.594 0.539
181.480 13 0.405 0.203 0.595 0.539
181.520 13 0.414 0.200 0.606 0.542
181.560 13 0.408 0.200 0.600 0.539
181.600 13 0.417 0.200 0.609 0.542
181.640 13 0.414 0.206 0.603 0.542
181.680 13 0.416 0.208 0.605 0.547
181.720 13 0.417 0.214 0.608 0.553
181.760 13 0.420 0.217 0.611 0.556
181.800 13 0.423 0.222 0.616 0.564
181.840 13 0.425 0.228 0.617 0.572
181.880 13 0.434 0.236 0.627 0.578
181.920 13 0.438 0.233 0.631 0.581
181.960 13 0.431 0.225 0.633 0.583
182.000 13 0.438 0.222 0.639 0.581
182.040 13 0.431 0.211 0.642 0.586
182.080 13 0.430 0.206 0.645 0.592
182.120 13 0.431 0.203 0.652 0.594
182.160 13 0.430 0.206 0.647 0.592
182.200 13 0.427 0.203 0.653 0.606
182.240 13 0.425 0.203 0.656 0.614
182.280 13 0.422 0.208 0.653 0.619
182.320 13 0.422 0.208 0.658 0.628
182.360 13 0.420 0.211 0.659 0.636
182.400 13 0.416 0.211 0.661 0.647
182.440 13 0.412 0.214 0.662 0.658
182.480 13 0.411 0.214 0.666 0.667
182.520 13 0.411 0.214 0.672 0.678
182.560 13 0.414 0.214 0.677 0.681
182.600 13 0.419 0.211 0.688 0.692
182.640 13 0.422 0.208 0.698 0.700
182.680 13 0.430 0.206 0.711 0.706
182.720 13 0.433 0.200 0.725 0.719
182.760 13 0.441 0.200 0.736 0.725
182.800 13 0.444 0.197 0.750 0.742
182.840 13 0.452 0.200 0.759 0.747
182.880 13 0.456 0.200 0.769 0.758
182.920 13 0.458 0.197 0.778 0.767
182.960 13 0.459 0.194 0.786 0.778
183.000 13 0.448 0.178 0.797 0.797
183.040 13 0.455 0.183 0.795 0.786
183.080 13 0.445 0.169 0.795 0.792
183.120 13 0.453 0.161 0.811 0.794
183.160 13 0.442 0.147 0.809 0.800
183.200 13 0.450 0.139 0.823 0.803
183.240 13 0.442 0.136 0.817 0.800
183.280 13 0.428 0.136 0.817 0.825
183.320 13 0.425 0.136 0.823 0.844
183.360 13 0.406 0.150 0.808 0.864
183.400 13 0.392 0.144 0.808 0.883
183.440 13 0.372 0.156 0.791 0.897
183.480 13 0.366 0.156 0.787 0.903
183.520 13 0.358 0.150 0.786 0.908
183.560 13 0.355 0.150 0.784 0.911
183.600 13 0.355 0.147 0.789 0.919
183.640 13 0.358 0.144 0.795 0.919
183.680 13 0.367 0.144 0.806 0.925
183.720 13 0.361 0.142 0.803 0.922
183.760 13 0.364 0.144 0.800 0.917
183.800 13 0.348 0.164 0.781 0.933
183.840 13 0.325 0.172 0.756 0.939
183.880 13 0.297 0.175 0.727 0.939
183.920 13 0.266 0.172 0.700 0.942
183.960 13 0.239 0.158 0.669 0.919
184.000 13 0.212 0.133 0.631 0.875
184.040 13 0.195 0.142 0.609 0.878
184.080 13 0.183 0.108 0.600 0.850
184.120 13 0.158 0.075 0.577 0.819
184.160 13 0.150 0.050 0.572 0.797
184.200 13 0.128 0.036 0.548 0.781
184.240 13 0.130 0.033 0.548 0.778
184.280 13 0.117 0.036 0.533 0.775
184.320 13 0.123 0.036 0.539 0.772
184.360 13 0.122 0.028 0.536 0.764
184.400 13 0.139 0.019 0.556 0.758
184.440 13 0.141 0.019 0.558 0.758
184.480 13 0.164 0.019 0.581 0.761
184.520 13 0.178 0.033 0.591 0.764
184.560 13 0.197 0.047 0.614 0.789
184.600 13 0.212 0.064 0.631 0.808
184.640 13 0.228 0.078 0.647 0.819
184.680 13 0.244 0.089 0.661 0.828
184.720 13 0.250 0.097 0.667 0.836
184.760 13 0.258 0.106 0.673 0.844
184.800 13 0.267 0.108 0.686 0.853
184.840 13 0.277 0.111 0.695 0.853
184.880 13 0.281 0.106 0.703 0.856
184.920 13 0.289 0.106 0.708 0.847
184.960 13 0.295 0.106 0.708 0.836
185.000 13 0.306 0.133 0.723 0.875
185.040 13 0.323 0.128 0.731 0.853
185.080 13 0.303 0.111 0.716 0.844
185.120 13 0.316 0.092 0.730 0.831
185.160 13 0.311 0.092 0.722 0.822
185.200 13 0.303 0.078 0.722 0.822
185.240 13 0.294 0.078 0.711 0.819
185.280 13 0.316 0.086 0.733 0.831
185.320 13 0.302 0.097 0.722 0.844
185.360 13 0.323 0.106 0.747 0.858
185.400 13 0.311 0.114 0.731 0.864
185.440 13 0.295 0.117 0.722 0.875
185.480 13 0.281 0.119 0.708 0.878
185.520 13 0.267 0.122 0.694 0.881
185.560 13 0.252 0.122 0.681 0.886
185.600 14 0.616 0.364 0.716 0.542
185.640 14 0.614 0.364 0.713 0.539
185.680 14 0.614 0.364 0.716 0.542
185.720 14 0.611 0.364 0.713 0.544
185.760 14 0.611 0.367 0.713 0.544
185.800 14 0.611 0.369 0.708 0.544
185.840 14 0.611 0.369 0.709 0.544
185.880 14 0.609 0.372 0.706 0.544
185.920 14 0.609 0.372 0.706 0.544
185.960 14 0.613 0.375 0.708 0.544
186.000 14 0.609 0.375 0.706 0.547
186.040 14 0.611 0.381 0.705 0.547
186.080 14 0.613 0.383 0.706 0.550
186.120 14 0.611 0.383 0.705 0.550
186.160 14 0.613 0.383 0.706 0.550
186.200 14 0.611 0.383 0.705 0.550
186.240 14 0.609 0.383 0.705 0.553
186.280 14 0.606 0.383 0.702 0.553
186.320 14 0.608 0.386 0.703 0.556
186.360 14 0.608 0.389 0.702 0.556
186.400 14 0.611 0.389 0.708 0.561
186.440 14 0.609 0.389 0.708 0.561
186.480 14 0.611 0.386 0.711 0.564
186.520 14 0.616 0.386 0.716 0.564
186.560 14 0.617 0.386 0.717 0.567
186.600 14 0.622 0.386 0.723 0.567
186.640 14 0.619 0.389 0.720 0.569
186.680 14 0.627 0.386 0.730 0.569
186.720 14 0.623 0.386 0.727 0.569
186.760 14 0.627 0.389 0.730 0.569
186.800 14 0.631 0.389 0.733 0.567
186.840 14 0.633 0.389 0.734 0.569
186.880 14 0.633 0.389 0.734 0.569
186.920 14 0.636 0.389 0.738 0.569
186.960 14 0.639 0.389 0.738 0.567
187.000 14 0.642 0.394 0.739 0.567
187.040 14 0.645 0.394 0.742 0.567
187.080 14 0.650 0.394 0.745 0.564
187.120 14 0.652 0.392 0.750 0.567
187.160 14 0.655 0.392 0.752 0.564
187.200 14 0.656 0.392 0.753 0.564
187.240 14 0.656 0.389 0.755 0.564
187.280 14 0.656 0.392 0.756 0.567
187.320 14 0.656 0.392 0.753 0.564
187.360 14 0.658 0.392 0.755 0.564
187.400 14 0.658 0.389 0.756 0.564
187.440 14 0.659 0.389 0.758 0.564
187.480 14 0.659 0.386 0.758 0.564
187.520 14 0.659 0.386 0.758 0.561
187.560 14 0.658 0.386 0.756 0.558
187.600 14 0.656 0.383 0.755 0.558
187.640 14 0.655 0.383 0.753 0.556
187.680 14 0.655 0.381 0.752 0.556
187.720 14 0.655 0.381 0.752 0.553
187.760 14 0.655 0.378 0.752 0.553
187.800 14 0.656 0.378 0.753 0.550
187.840 14 0.656 0.378 0.753 0.550
187.880 14 0.659 0.378 0.755 0.550
187.920 14 0.659 0.378 0.755 0.550
187.960 14 0.659 0.378 0.756 0.547
188.000 14 0.664 0.375 0.761 0.547
188.040 14 0.666 0.375 0.766 0.553
188.080 14 0.667 0.375 0.764 0.547
188.120 14 0.670 0.375 0.767 0.547
188.160 14 0.675 0.375 0.769 0.539
188.200 14 0.680 0.375 0.775 0.544
188.240 14 0.683 0.369 0.778 0.536
188.280 14 0.689 0.367 0.783 0.536
188.320 14 0.694 0.364 0.789 0.533
189.120 15 0.358 0.117 0.528 0.419
189.160 15 0.378 0.111 0.550 0.417
189.200 15 0.395 0.114 0.567 0.419
189.240 15 0.416 0.111 0.589 0.417
189.280 15 0.441 0.108 0.613 0.414
189.320 15 0.463 0.106 0.634 0.411
189.360 15 0.483 0.103 0.655 0.406
189.400 15 0.505 0.106 0.675 0.411
189.440 15 0.525 0.103 0.697 0.406
189.480 15 0.545 0.106 0.717 0.411
189.520 15 0.567 0.108 0.739 0.414
189.560 15 0.588 0.106 0.759 0.411
189.600 15 0.608 0.106 0.783 0.417
189.640 15 0.627 0.103 0.798 0.411
189.680 15 0.642 0.106 0.817 0.417
189.720 15 0.661 0.111 0.834 0.419
189.760 15 0.670 0.108 0.842 0.414
189.800 15 0.684 0.119 0.855 0.422
189.840 15 0.695 0.125 0.864 0.425
189.880 15 0.708 0.128 0.877 0.428
189.920 15 0.714 0.136 0.884 0.436
189.960 15 0.709 0.139 0.878 0.442
190.000 15 0.700 0.150 0.869 0.450
190.040 15 0.688 0.161 0.855 0.458
190.080 15 0.673 0.150 0.842 0.450
196.120 16 0.467 0.150 0.680 0.528
196.160 16 0.470 0.150 0.684 0.531
196.200 16 0.466 0.153 0.675 0.525
196.240 16 0.464 0.153 0.675 0.525
196.280 16 0.464 0.153 0.675 0.525
196.320 16 0.469 0.153 0.678 0.525
196.360 16 0.463 0.153 0.672 0.528
196.400 16 0.467 0.156 0.677 0.528
196.440 16 0.463 0.164 0.667 0.525
196.480 16 0.467 0.167 0.666 0.522
196.520 16 0.458 0.167 0.656 0.519
196.560 16 0.464 0.164 0.664 0.519
196.600 16 0.455 0.161 0.655 0.519
196.640 16 0.458 0.156 0.662 0.519
196.680 16 0.455 0.156 0.656 0.514
196.720 16 0.459 0.150 0.662 0.514
196.760 16 0.459 0.147 0.659 0.503
196.800 16 0.466 0.150 0.667 0.508
196.840 16 0.456 0.150 0.656 0.506
196.880 16 0.459 0.147 0.664 0.508
196.920 16 0.459 0.144 0.662 0.506
196.960 16 0.461 0.144 0.662 0.503
197.000 16 0.459 0.142 0.661 0.500
197.040 16 0.448 0.111 0.666 0.494
197.080 16 0.448 0.111 0.666 0.497
197.120 16 0.441 0.106 0.659 0.497
197.160 16 0.442 0.111 0.659 0.497
197.200 16 0.438 0.111 0.655 0.494
197.240 16 0.434 0.111 0.652 0.494
197.280 16 0.434 0.111 0.648 0.492
197.320 16 0.427 0.117 0.642 0.497
197.360 16 0.419 0.117 0.637 0.503
197.400 16 0.416 0.119 0.634 0.511
197.440 16 0.408 0.125 0.631 0.522
197.480 16 0.402 0.131 0.627 0.533
197.520 16 0.394 0.139 0.620 0.539
197.560 16 0.381 0.106 0.631 0.547
197.600 16 0.375 0.108 0.622 0.547
197.640 16 0.373 0.106 0.620 0.544
197.680 16 0.372 0.097 0.620 0.539
197.720 16 0.366 0.086 0.620 0.539
197.760 16 0.375 0.089 0.628 0.539
197.800 16 0.372 0.094 0.619 0.533
197.840 16 0.366 0.092 0.614 0.533
197.880 16 0.373 0.097 0.619 0.531
197.920 16 0.383 0.083 0.625 0.517
197.960 16 0.380 0.069 0.628 0.511
198.000 16 0.391 0.075 0.633 0.506
198.040 16 0.408 0.106 0.628 0.497
198.080 16 0.409 0.108 0.630 0.497
198.120 16 0.411 0.111 0.630 0.500
198.160 16 0.411 0.111 0.630 0.497
198.200 16 0.414 0.111 0.633 0.500
198.240 16 0.417 0.111 0.634 0.500
198.280 16 0.419 0.111 0.636 0.500
198.320 16 0.416 0.108 0.634 0.497
198.360 16 0.427 0.114 0.644 0.497
198.400 16 0.419 0.111 0.637 0.500
198.440 16 0.422 0.108 0.641 0.500
198.480 16 0.425 0.111 0.644 0.500
198.520 16 0.422 0.108 0.642 0.500
198.560 16 0.427 0.111 0.645 0.500
198.600 16 0.420 0.106 0.644 0.503
198.640 16 0.422 0.108 0.644 0.503
198.680 16 0.422 0.108 0.645 0.506
198.720 16 0.422 0.108 0.648 0.511
198.760 16 0.419 0.108 0.644 0.508
198.800 16 0.423 0.108 0.648 0.508
198.840 16 0.422 0.108 0.645 0.506
198.880 16 0.422 0.108 0.645 0.506
198.920 16 0.422 0.108 0.645 0.506
198.960 16 0.422 0.111 0.645 0.506
199.000 16 0.438 0.142 0.639 0.500
199.040 16 0.434 0.131 0.637 0.489
199.080 16 0.434 0.128 0.634 0.486
199.120 16 0.436 0.131 0.639 0.489
199.160 16 0.433 0.128 0.637 0.492
199.200 16 0.433 0.128 0.639 0.494
199.240 16 0.431 0.128 0.634 0.492
199.280 16 0.434 0.125 0.641 0.489
199.320 16 0.431 0.122 0.636 0.486
199.360 16 0.438 0.117 0.644 0.483
199.400 16 0.434 0.114 0.642 0.481
199.440 16 0.444 0.111 0.647 0.475
199.480 16 0.444 0.108 0.645 0.467
199.520 16 0.450 0.108 0.653 0.469
199.560 16 0.450 0.108 0.653 0.467
199.600 16 0.452 0.111 0.650 0.464
199.640 16 0.456 0.108 0.659 0.469
199.680 16 0.456 0.108 0.658 0.467
199.720 16 0.458 0.111 0.659 0.469
199.760 16 0.459 0.111 0.661 0.469
199.800 16 0.461 0.111 0.661 0.469
199.840 16 0.461 0.111 0.662 0.469
199.880 16 0.461 0.111 0.662 0.469
199.920 16 0.461 0.111 0.662 0.469
199.960 16 0.461 0.114 0.664 0.472
200.000 16 0.459 0.103 0.661 0.461
200.040 16 0.464 0.119 0.666 0.478
200.080 16 0.466 0.119 0.669 0.481
200.120 16 0.463 0.125 0.662 0.478
200.160 16 0.463 0.122 0.669 0.486
200.200 16 0.461 0.122 0.664 0.483
200.240 16 0.466 0.122 0.669 0.483
200.280 16 0.463 0.125 0.661 0.481
200.320 16 0.463 0.122 0.664 0.481
200.360 16 0.463 0.122 0.664 0.483
200.400 16 0.463 0.122 0.667 0.486
200.440 16 0.459 0.122 0.659 0.481
200.480 16 0.463 0.122 0.666 0.483
200.520 16 0.458 0.125 0.658 0.481
200.560 16 0.458 0.122 0.661 0.483
200.600 16 0.456 0.125 0.656 0.481
200.640 16 0.459 0.125 0.659 0.483
200.680 16 0.456 0.122 0.659 0.481
200.720 16 0.458 0.119 0.662 0.483
200.760 16 0.455 0.125 0.655 0.481
200.800 16 0.458 0.122 0.661 0.486
200.840 16 0.453 0.128 0.655 0.483
200.880 16 0.455 0.122 0.661 0.489
200.920 16 0.455 0.125 0.656 0.483
200.960 16 0.455 0.125 0.656 0.486
201.000 16 0.459 0.142 0.661 0.500
201.040 16 0.456 0.139 0.652 0.483
201.080 16 0.459 0.133 0.658 0.489
201.120 16 0.461 0.133 0.661 0.489
201.160 16 0.456 0.136 0.656 0.492
201.200 16 0.456 0.133 0.659 0.494
201.240 16 0.456 0.133 0.661 0.497
201.280 16 0.455 0.133 0.659 0.497
201.320 16 0.459 0.131 0.667 0.500
201.360 16 0.461 0.133 0.662 0.489
201.400 16 0.467 0.131 0.670 0.492
201.440 16 0.466 0.131 0.667 0.489
201.480 16 0.467 0.131 0.670 0.492
201.520 16 0.467 0.133 0.669 0.492
201.560 16 0.466 0.133 0.669 0.494
201.600 16 0.466 0.139 0.667 0.497
201.640 16 0.464 0.139 0.669 0.503
201.680 16 0.464 0.142 0.667 0.506
201.720 16 0.463 0.144 0.667 0.508
201.760 16 0.463 0.150 0.666 0.508
201.800 16 0.463 0.150 0.664 0.511
201.840 16 0.463 0.153 0.662 0.511
201.880 16 0.461 0.153 0.662 0.511
201.920 16 0.461 0.153 0.662 0.511
201.960 16 0.461 0.153 0.662 0.511
202.000 16 0.459 0.142 0.661 0.500
202.040 16 0.456 0.133 0.662 0.500
202.080 16 0.458 0.133 0.661 0.494
202.120 16 0.458 0.128 0.662 0.492
202.160 16 0.459 0.125 0.664 0.489
202.200 16 0.463 0.122 0.664 0.483
202.240 16 0.463 0.117 0.666 0.481
202.280 16 0.466 0.119 0.667 0.478
202.320 16 0.464 0.119 0.662 0.472
202.360 16 0.470 0.122 0.667 0.472
202.400 16 0.470 0.125 0.662 0.469
202.440 16 0.466 0.125 0.664 0.478
202.480 16 0.470 0.128 0.667 0.481
202.520 16 0.469 0.136 0.667 0.492
202.560 16 0.466 0.142 0.666 0.497
202.600 16 0.467 0.153 0.664 0.503
202.640 16 0.472 0.153 0.669 0.503
202.680 16 0.470 0.153 0.667 0.500
202.720 16 0.469 0.150 0.664 0.497
202.760 16 0.473 0.147 0.669 0.494
202.800 16 0.470 0.144 0.667 0.494
202.840 16 0.469 0.147 0.666 0.494
202.880 16 0.466 0.150 0.662 0.500
202.920 16 0.466 0.156 0.659 0.500
202.960 16 0.464 0.156 0.658 0.500
203.000 16 0.459 0.142 0.661 0.500
203.040 16 0.463 0.153 0.666 0.514
203.080 16 0.461 0.153 0.661 0.508
203.120 16 0.464 0.161 0.661 0.511
203.160 16 0.467 0.167 0.662 0.514
203.200 16 0.464 0.164 0.662 0.517
203.240 16 0.459 0.161 0.659 0.517
203.280 16 0.466 0.158 0.670 0.525
203.320 16 0.459 0.158 0.664 0.522
203.360 16 0.464 0.158 0.672 0.525
203.400 16 0.456 0.156 0.664 0.525
203.440 16 0.464 0.158 0.672 0.528
203.480 16 0.456 0.158 0.662 0.525
203.520 16 0.463 0.161 0.667 0.525
203.560 16 0.455 0.156 0.662 0.525
203.600 16 0.461 0.161 0.666 0.525
203.640 16 0.456 0.161 0.661 0.525
203.680 16 0.461 0.164 0.664 0.525
203.720 16 0.458 0.169 0.656 0.522
203.760 16 0.452 0.158 0.661 0.531
203.800 16 0.458 0.161 0.667 0.533
203.840 16 0.452 0.161 0.661 0.533
203.880 16 0.458 0.167 0.666 0.536
203.920 16 0.453 0.164 0.659 0.531
203.960 16 0.461 0.164 0.667 0.533
204.000 16 0.459 0.183 0.661 0.542
204.040 16 0.464 0.186 0.666 0.544
204.080 16 0.463 0.186 0.666 0.547
204.120 16 0.463 0.189 0.664 0.547
204.160 16 0.461 0.189 0.662 0.550
204.200 16 0.461 0.192 0.662 0.550
204.240 16 0.461 0.194 0.662 0.553
204.280 16 0.461 0.194 0.662 0.553
204.320 16 0.461 0.194 0.662 0.556
204.360 16 0.459 0.197 0.662 0.558
204.400 16 0.461 0.200 0.664 0.561
204.440 16 0.455 0.194 0.662 0.564
204.480 16 0.459 0.200 0.664 0.564
204.520 16 0.455 0.200 0.659 0.564
204.560 16 0.458 0.203 0.662 0.569
204.600 16 0.455 0.203 0.659 0.567
204.640 16 0.459 0.206 0.664 0.567
204.680 16 0.456 0.208 0.656 0.564
204.720 16 0.459 0.206 0.662 0.567
204.760 16 0.456 0.211 0.655 0.561
204.800 16 0.458 0.208 0.661 0.567
204.840 16 0.456 0.214 0.653 0.567
204.880 16 0.456 0.214 0.658 0.572
204.920 16 0.455 0.217 0.655 0.572
204.960 16 0.456 0.222 0.655 0.575
205.000 16 0.459 0.222 0.661 0.581
205.040 16 0.456 0.217 0.656 0.572
205.080 16 0.456 0.214 0.661 0.578
205.120 16 0.452 0.219 0.653 0.575
205.160 16 0.452 0.217 0.656 0.583
205.200 16 0.447 0.219 0.648 0.578
205.240 16 0.447 0.219 0.652 0.581
205.280 16 0.445 0.219 0.647 0.578
205.320 16 0.444 0.219 0.645 0.578
205.360 16 0.441 0.219 0.644 0.581
205.400 16 0.441 0.219 0.642 0.578
205.440 16 0.441 0.222 0.642 0.578
205.480 16 0.439 0.222 0.641 0.581
205.520 16 0.439 0.222 0.641 0.581
205.560 16 0.439 0.222 0.639 0.581
205.600 16 0.436 0.225 0.634 0.578
205.640 16 0.439 0.222 0.642 0.583
205.680 16 0.431 0.222 0.634 0.583
205.720 16 0.439 0.222 0.642 0.583
205.760 16 0.434 0.225 0.634 0.578
205.800 16 0.439 0.225 0.641 0.583
205.840 16 0.439 0.225 0.641 0.583
205.880 16 0.436 0.225 0.639 0.583
205.920 16 0.439 0.225 0.641 0.583
205.960 16 0.441 0.225 0.644 0.586
206.000 16 0.438 0.222 0.639 0.581
206.040 16 0.439 0.231 0.636 0.581
206.080 16 0.441 0.233 0.637 0.583
206.120 16 0.434 0.233 0.631 0.583
206.160 16 0.430 0.228 0.628 0.578
206.200 16 0.425 0.217 0.625 0.572
206.240 16 0.419 0.206 0.620 0.564
206.280 16 0.412 0.200 0.614 0.558
206.320 16 0.408 0.203 0.608 0.558
206.360 16 0.406 0.217 0.605 0.569
206.400 16 0.408 0.225 0.606 0.578
206.440 16 0.408 0.225 0.606 0.578
206.480 16 0.408 0.219 0.606 0.572
206.520 16 0.409 0.217 0.608 0.569
206.560 16 0.411 0.217 0.608 0.569
206.600 16 0.411 0.219 0.609 0.575
206.640 16 0.411 0.222 0.609 0.578
206.680 16 0.411 0.225 0.611 0.578
206.720 16 0.411 0.219 0.613 0.581
206.760 16 0.412 0.222 0.613 0.578
206.800 16 0.412 0.222 0.614 0.581
206.840 16 0.408 0.219 0.611 0.581
206.880 16 0.412 0.219 0.614 0.578
206.920 16 0.409 0.222 0.611 0.581
206.960 16 0.411 0.222 0.614 0.581
207.000 16 0.416 0.222 0.617 0.581
207.040 16 0.417 0.225 0.616 0.578
207.080 16 0.414 0.225 0.614 0.581
207.120 16 0.417 0.225 0.616 0.581
207.160 16 0.416 0.225 0.614 0.581
207.200 16 0.417 0.225 0.617 0.581
207.240 16 0.416 0.225 0.614 0.581
207.280 16 0.417 0.225 0.617 0.581
207.320 16 0.417 0.225 0.617 0.581
207.360 16 0.414 0.225 0.614 0.581
207.400 16 0.416 0.222 0.617 0.581
207.440 16 0.414 0.222 0.617 0.583
207.480 16 0.414 0.219 0.617 0.583
207.520 16 0.412 0.219 0.617 0.581
207.560 16 0.412 0.217 0.617 0.581
207.600 16 0.412 0.214 0.617 0.581
207.640 16 0.411 0.211 0.619 0.581
207.680 16 0.409 0.217 0.619 0.586
207.720 16 0.408 0.228 0.619 0.603
207.760 16 0.408 0.247 0.619 0.619
207.800 16 0.408 0.250 0.620 0.628
207.840 16 0.409 0.242 0.622 0.617
207.880 16 0.411 0.231 0.616 0.597
207.920 16 0.412 0.222 0.617 0.583
207.960 16 0.414 0.217 0.617 0.578
208.000 16 0.416 0.222 0.617 0.581
208.040 16 0.403 0.211 0.620 0.597
208.080 16 0.406 0.206 0.628 0.600
208.120 16 0.405 0.206 0.622 0.592
208.160 16 0.409 0.203 0.630 0.592
208.200 16 0.408 0.203 0.628 0.592
208.240 16 0.408 0.206 0.628 0.594
208.280 16 0.412 0.211 0.630 0.594
208.320 16 0.408 0.211 0.623 0.594
208.360 16 0.412 0.211 0.625 0.589
208.400 16 0.412 0.211 0.628 0.594
208.440 16 0.408 0.208 0.627 0.597
208.480 16 0.411 0.211 0.625 0.592
208.520 16 0.411 0.211 0.627 0.594
208.560 16 0.408 0.208 0.623 0.592
208.600 16 0.406 0.208 0.627 0.597
208.640 16 0.406 0.208 0.627 0.597
208.680 16 0.406 0.208 0.627 0.597
208.720 16 0.406 0.208 0.627 0.597
208.760 16 0.406 0.206 0.627 0.597
208.800 16 0.405 0.206 0.627 0.594
208.840 16 0.405 0.200 0.627 0.594
208.880 16 0.403 0.197 0.627 0.592
208.920 16 0.403 0.194 0.625 0.589
208.960 16 0.402 0.189 0.625 0.586
209.000 16 0.391 0.172 0.633 0.600
209.040 16 0.398 0.183 0.623 0.583
209.080 16 0.391 0.186 0.617 0.586
209.120 16 0.397 0.194 0.619 0.589
209.160 16 0.391 0.203 0.616 0.600
209.200 16 0.394 0.219 0.617 0.614
209.240 16 0.391 0.228 0.614 0.625
209.280 16 0.392 0.242 0.613 0.633
209.320 16 0.389 0.247 0.608 0.636
209.360 16 0.384 0.239 0.605 0.628
209.400 16 0.380 0.225 0.598 0.611
209.440 16 0.381 0.211 0.598 0.594
209.480 16 0.380 0.200 0.597 0.583
209.520 16 0.388 0.197 0.608 0.586
209.560 16 0.380 0.203 0.600 0.594
209.600 16 0.388 0.211 0.606 0.597
209.640 16 0.388 0.214 0.603 0.597
209.680 16 0.388 0.206 0.606 0.597
209.720 16 0.389 0.203 0.608 0.592
209.760 16 0.383 0.197 0.609 0.594
209.800 16 0.386 0.200 0.611 0.597
209.840 16 0.383 0.203 0.608 0.603
209.880 16 0.389 0.206 0.613 0.603
209.920 16 0.384 0.208 0.606 0.600
209.960 16 0.392 0.208 0.613 0.600
210.000 16 0.392 0.222 0.594 0.581
210.040 16 0.402 0.222 0.608 0.586
210.080 16 0.400 0.225 0.600 0.581
210.120 16 0.402 0.225 0.603 0.581
210.160 16 0.405 0.228 0.602 0.578
210.200 16 0.405 0.222 0.605 0.581
210.240 16 0.406 0.225 0.605 0.578
210.280 16 0.405 0.222 0.606 0.581
210.320 16 0.405 0.222 0.606 0.581
210.360 16 0.406 0.222 0.608 0.581
210.400 16 0.409 0.222 0.611 0.581
210.440 16 0.406 0.222 0.609 0.581
210.480 16 0.409 0.222 0.611 0.581
210.520 16 0.408 0.222 0.609 0.581
210.560 16 0.408 0.222 0.609 0.581
210.600 16 0.408 0.222 0.609 0.581
210.640 16 0.408 0.222 0.609 0.581
210.680 16 0.408 0.222 0.609 0.581
210.720 16 0.408 0.222 0.609 0.581
210.760 16 0.408 0.222 0.609 0.581
210.800 16 0.408 0.222 0.609 0.581
210.840 16 0.409 0.222 0.611 0.581
210.880 16 0.408 0.222 0.606 0.578
210.920 16 0.408 0.222 0.609 0.581
210.960 16 0.408 0.222 0.606 0.578
211.000 16 0.416 0.222 0.617 0.581
211.040 16 0.406 0.225 0.609 0.586
211.080 16 0.408 0.231 0.608 0.586
211.120 16 0.406 0.231 0.606 0.586
211.160 16 0.406 0.231 0.606 0.586
211.200 16 0.405 0.228 0.605 0.583
211.240 16 0.402 0.225 0.603 0.581
211.280 16 0.400 0.219 0.600 0.575
211.320 16 0.398 0.217 0.598 0.572
211.360 16 0.398 0.217 0.597 0.569
211.400 16 0.397 0.217 0.597 0.569
211.440 16 0.397 0.217 0.595 0.569
211.480 16 0.395 0.217 0.594 0.572
211.520 16 0.394 0.214 0.592 0.569
211.560 16 0.395 0.214 0.597 0.572
211.600 16 0.392 0.214 0.594 0.572
211.640 16 0.388 0.211 0.594 0.575
211.680 16 0.388 0.214 0.591 0.578
211.720 16 0.384 0.217 0.588 0.578
211.760 16 0.383 0.219 0.586 0.581
211.800 16 0.386 0.222 0.588 0.581
211.840 16 0.392 0.222 0.594 0.581
211.880 16 0.400 0.228 0.600 0.581
211.920 16 0.403 0.228 0.602 0.581
211.960 16 0.402 0.225 0.602 0.578
212.000 16 0.392 0.222 0.594 0.581
212.040 16 0.397 0.219 0.598 0.578
212.080 16 0.392 0.217 0.597 0.578
212.120 16 0.394 0.217 0.598 0.581
212.160 16 0.395 0.225 0.598 0.586
212.200 16 0.397 0.239 0.594 0.586
212.240 16 0.403 0.244 0.602 0.597
212.280 16 0.402 0.242 0.600 0.594
212.320 16 0.400 0.236 0.598 0.589
212.360 16 0.398 0.231 0.598 0.586
212.400 16 0.394 0.231 0.594 0.586
212.440 16 0.398 0.236 0.598 0.592
212.480 16 0.394 0.242 0.592 0.594
212.520 16 0.403 0.244 0.602 0.597
212.560 16 0.395 0.242 0.595 0.594
212.600 16 0.398 0.244 0.598 0.597
212.640 16 0.400 0.244 0.598 0.600
212.680 16 0.400 0.247 0.598 0.597
212.720 16 0.402 0.247 0.598 0.597
212.760 16 0.402 0.247 0.597 0.597
