24.640 0 0.072 0.433 0.309 0.856
24.680 0 0.064 0.436 0.302 0.858
24.720 0 0.062 0.436 0.308 0.869
24.760 0 0.053 0.436 0.303 0.881
24.800 0 0.055 0.444 0.303 0.883
24.840 0 0.058 0.450 0.302 0.886
24.880 0 0.059 0.456 0.305 0.889
24.920 0 0.062 0.458 0.306 0.892
24.960 0 0.059 0.456 0.305 0.889
25.000 0 0.069 0.458 0.311 0.889
25.040 0 0.044 0.425 0.312 0.903
25.080 0 0.045 0.417 0.317 0.897
25.120 0 0.053 0.411 0.325 0.894
25.160 0 0.066 0.403 0.336 0.881
25.200 0 0.072 0.400 0.344 0.883
25.240 0 0.083 0.403 0.353 0.883
25.280 0 0.091 0.392 0.364 0.878
25.320 0 0.102 0.389 0.375 0.872
25.360 0 0.114 0.386 0.388 0.869
25.400 0 0.125 0.386 0.397 0.869
25.440 0 0.139 0.392 0.412 0.875
25.480 0 0.156 0.397 0.428 0.881
25.520 0 0.170 0.394 0.444 0.881
25.560 0 0.188 0.392 0.458 0.872
25.600 0 0.202 0.392 0.473 0.872
25.640 0 0.217 0.378 0.487 0.856
25.680 0 0.233 0.372 0.502 0.850
25.720 0 0.250 0.369 0.516 0.842
25.760 0 0.267 0.361 0.533 0.831
25.800 0 0.286 0.347 0.548 0.814
25.840 0 0.302 0.342 0.561 0.803
25.880 0 0.314 0.328 0.572 0.783
25.920 0 0.325 0.314 0.581 0.767
25.960 0 0.336 0.308 0.592 0.761
26.000 0 0.308 0.264 0.598 0.778
26.040 0 0.334 0.256 0.608 0.742
26.080 0 0.339 0.258 0.606 0.733
26.120 0 0.334 0.258 0.602 0.733
26.160 0 0.342 0.267 0.609 0.739
26.200 0 0.342 0.278 0.609 0.750
26.240 0 0.348 0.294 0.609 0.756
26.280 0 0.353 0.303 0.614 0.767
26.320 0 0.356 0.314 0.616 0.775
26.360 0 0.359 0.322 0.619 0.781
26.400 0 0.361 0.331 0.620 0.789
26.440 0 0.361 0.342 0.616 0.794
26.480 0 0.358 0.347 0.613 0.800
26.520 0 0.350 0.353 0.605 0.803
26.560 0 0.342 0.356 0.597 0.806
26.600 0 0.334 0.356 0.588 0.806
26.640 0 0.322 0.353 0.575 0.803
26.680 0 0.309 0.350 0.564 0.800
26.720 0 0.302 0.344 0.555 0.794
26.760 0 0.287 0.342 0.542 0.792
26.800 0 0.277 0.339 0.530 0.786
26.840 0 0.267 0.336 0.522 0.786
26.880 0 0.252 0.336 0.508 0.789
26.920 0 0.239 0.331 0.497 0.789
26.960 0 0.225 0.333 0.483 0.789
27.000 0 0.214 0.333 0.472 0.789
27.040 0 0.209 0.331 0.470 0.789
27.080 0 0.195 0.328 0.456 0.789
27.120 0 0.191 0.322 0.453 0.789
27.160 0 0.178 0.322 0.442 0.789
27.200 0 0.166 0.325 0.428 0.789
27.240 0 0.158 0.328 0.419 0.792
27.280 0 0.142 0.333 0.405 0.797
27.320 0 0.134 0.336 0.397 0.803
27.360 0 0.127 0.344 0.388 0.808
27.400 0 0.116 0.342 0.378 0.806
27.440 0 0.113 0.342 0.375 0.808
27.480 0 0.108 0.339 0.372 0.808
27.520 0 0.105 0.333 0.370 0.806
27.560 0 0.102 0.331 0.370 0.808
27.600 0 0.097 0.328 0.367 0.808
27.640 0 0.097 0.328 0.369 0.808
27.680 0 0.106 0.325 0.377 0.803
27.720 0 0.100 0.311 0.375 0.800
27.760 0 0.105 0.303 0.380 0.789
27.800 0 0.103 0.289 0.380 0.778
27.840 0 0.113 0.278 0.389 0.769
27.880 0 0.114 0.269 0.389 0.758
27.920 0 0.120 0.256 0.395 0.747
27.960 0 0.120 0.256 0.397 0.747
28.000 0 0.122 0.258 0.398 0.753
28.040 0 0.119 0.267 0.398 0.761
28.080 0 0.117 0.275 0.395 0.767
28.120 0 0.117 0.281 0.394 0.772
28.160 0 0.114 0.283 0.392 0.778
28.200 0 0.114 0.283 0.391 0.775
28.240 0 0.117 0.281 0.395 0.775
28.280 0 0.114 0.281 0.394 0.778
28.320 0 0.108 0.286 0.384 0.775
28.360 0 0.109 0.292 0.386 0.781
28.400 0 0.100 0.294 0.377 0.786
28.440 0 0.089 0.303 0.366 0.794
28.480 0 0.091 0.308 0.366 0.800
28.520 0 0.083 0.314 0.358 0.803
28.560 0 0.091 0.314 0.366 0.803
28.600 0 0.087 0.311 0.364 0.800
28.640 0 0.097 0.308 0.372 0.797
28.680 0 0.100 0.303 0.375 0.792
28.720 0 0.103 0.297 0.381 0.792
28.760 0 0.111 0.294 0.389 0.789
28.800 0 0.119 0.292 0.398 0.786
28.840 0 0.127 0.292 0.408 0.786
28.880 0 0.139 0.294 0.419 0.789
28.920 0 0.148 0.294 0.428 0.789
28.960 0 0.156 0.292 0.442 0.800
29.000 0 0.203 0.314 0.445 0.744
29.040 0 0.208 0.319 0.448 0.750
29.080 0 0.227 0.322 0.467 0.747
29.120 0 0.228 0.331 0.469 0.756
29.160 0 0.242 0.339 0.480 0.761
29.200 0 0.252 0.350 0.487 0.772
29.240 0 0.259 0.364 0.495 0.783
29.280 0 0.273 0.378 0.508 0.794
29.320 0 0.277 0.386 0.509 0.803
29.360 0 0.291 0.397 0.519 0.803
29.400 0 0.291 0.400 0.517 0.803
29.440 0 0.297 0.403 0.520 0.803
29.480 0 0.298 0.400 0.522 0.797
29.520 0 0.298 0.394 0.522 0.792
29.560 0 0.297 0.386 0.522 0.786
29.600 0 0.294 0.375 0.520 0.781
29.640 0 0.291 0.369 0.517 0.772
29.680 0 0.287 0.364 0.516 0.769
29.720 0 0.283 0.358 0.511 0.764
29.760 0 0.278 0.353 0.508 0.761
29.800 0 0.275 0.350 0.505 0.758
29.840 0 0.269 0.347 0.500 0.758
29.880 0 0.266 0.347 0.495 0.756
29.920 0 0.261 0.344 0.492 0.756
29.960 0 0.256 0.342 0.487 0.753
30.000 0 0.252 0.339 0.484 0.753
30.040 0 0.247 0.336 0.480 0.750
30.080 0 0.247 0.336 0.478 0.750
30.120 0 0.239 0.336 0.470 0.750
30.160 0 0.236 0.339 0.469 0.753
30.200 0 0.230 0.344 0.461 0.758
30.240 0 0.223 0.353 0.453 0.761
30.280 0 0.216 0.353 0.448 0.769
30.320 0 0.216 0.356 0.450 0.775
30.360 0 0.208 0.358 0.444 0.778
30.400 0 0.211 0.364 0.445 0.781
30.440 0 0.205 0.364 0.438 0.778
30.480 0 0.216 0.367 0.450 0.781
30.520 0 0.208 0.364 0.444 0.783
30.560 0 0.208 0.367 0.442 0.783
30.600 0 0.206 0.364 0.441 0.781
30.640 0 0.205 0.361 0.439 0.778
30.680 0 0.203 0.356 0.439 0.775
30.720 0 0.202 0.350 0.438 0.772
30.760 0 0.203 0.347 0.438 0.764
30.800 0 0.206 0.344 0.441 0.761
30.840 0 0.209 0.344 0.442 0.756
30.880 0 0.212 0.342 0.445 0.756
30.920 0 0.216 0.339 0.447 0.750
30.960 0 0.217 0.336 0.452 0.750
31.000 0 0.220 0.333 0.453 0.747
31.040 0 0.223 0.328 0.456 0.742
31.080 0 0.230 0.328 0.466 0.744
31.120 0 0.233 0.328 0.467 0.744
31.160 0 0.233 0.331 0.467 0.744
31.200 0 0.241 0.331 0.473 0.744
31.240 0 0.237 0.328 0.472 0.742
31.280 0 0.245 0.325 0.480 0.739
31.320 0 0.242 0.322 0.477 0.736
31.360 0 0.250 0.319 0.483 0.736
31.400 0 0.245 0.319 0.478 0.736
31.440 0 0.250 0.319 0.484 0.736
31.480 0 0.248 0.319 0.481 0.736
31.520 0 0.247 0.319 0.480 0.736
31.560 0 0.252 0.319 0.486 0.736
31.600 0 0.247 0.317 0.481 0.733
31.640 0 0.252 0.314 0.487 0.733
31.680 0 0.248 0.311 0.484 0.731
31.720 0 0.255 0.308 0.491 0.731
31.760 0 0.255 0.308 0.492 0.731
31.800 0 0.253 0.311 0.486 0.728
31.840 0 0.261 0.314 0.494 0.728
31.880 0 0.258 0.317 0.491 0.731
31.920 0 0.264 0.322 0.497 0.736
31.960 0 0.263 0.322 0.494 0.733
32.000 0 0.256 0.314 0.498 0.744
32.040 0 0.250 0.322 0.492 0.750
32.080 0 0.244 0.319 0.486 0.750
32.120 0 0.245 0.317 0.492 0.756
32.160 0 0.248 0.319 0.489 0.747
32.200 0 0.245 0.319 0.484 0.747
32.240 0 0.244 0.325 0.480 0.744
32.280 0 0.241 0.322 0.478 0.744
32.320 0 0.237 0.325 0.473 0.744
32.360 0 0.239 0.325 0.477 0.747
32.400 0 0.239 0.319 0.480 0.744
32.440 0 0.233 0.317 0.473 0.744
32.480 0 0.236 0.311 0.478 0.742
32.520 0 0.230 0.308 0.472 0.739
32.560 0 0.231 0.308 0.477 0.742
32.600 0 0.227 0.311 0.467 0.742
32.640 0 0.231 0.311 0.473 0.742
32.680 0 0.230 0.314 0.470 0.742
32.720 0 0.236 0.314 0.475 0.739
32.760 0 0.236 0.311 0.481 0.744
32.800 0 0.236 0.303 0.486 0.747
32.840 0 0.239 0.306 0.484 0.739
32.880 0 0.237 0.300 0.483 0.733
32.920 0 0.241 0.300 0.486 0.736
32.960 0 0.234 0.300 0.481 0.739
33.000 0 0.230 0.314 0.472 0.744
33.040 0 0.230 0.319 0.472 0.750
33.080 0 0.220 0.319 0.469 0.764
33.120 0 0.225 0.331 0.469 0.761
33.160 0 0.222 0.336 0.456 0.753
33.200 0 0.223 0.333 0.461 0.756
33.240 0 0.228 0.333 0.466 0.756
33.280 0 0.220 0.339 0.452 0.750
52.240 1 0.847 0.386 0.925 0.531
52.280 1 0.852 0.386 0.930 0.531
52.320 1 0.855 0.386 0.934 0.531
52.360 1 0.859 0.386 0.939 0.528
52.400 1 0.863 0.389 0.941 0.528
52.440 1 0.866 0.386 0.944 0.528
52.480 1 0.870 0.386 0.947 0.528
52.520 1 0.872 0.381 0.950 0.522
52.560 1 0.875 0.378 0.953 0.522
52.600 1 0.877 0.375 0.956 0.517
52.640 1 0.880 0.372 0.959 0.517
52.680 1 0.880 0.372 0.959 0.517
52.720 1 0.880 0.372 0.958 0.514
52.760 1 0.884 0.369 0.964 0.514
52.800 1 0.884 0.369 0.963 0.511
52.840 1 0.889 0.369 0.967 0.514
52.880 1 0.884 0.367 0.970 0.522
52.920 1 0.892 0.369 0.973 0.517
52.960 1 0.891 0.372 0.970 0.517
53.000 1 0.895 0.375 0.975 0.519
63.000 2 0.670 0.367 0.738 0.486
120.280 3 0.188 0.136 0.306 0.344
120.320 3 0.184 0.139 0.302 0.347
120.360 3 0.191 0.142 0.308 0.350
120.400 3 0.192 0.147 0.309 0.356
120.440 3 0.202 0.142 0.319 0.347
120.480 3 0.211 0.142 0.328 0.350
120.520 3 0.217 0.136 0.334 0.342
120.560 3 0.228 0.136 0.342 0.342
120.600 3 0.234 0.131 0.348 0.333
120.640 3 0.237 0.128 0.353 0.333
120.680 3 0.242 0.125 0.356 0.328
120.720 3 0.244 0.117 0.356 0.317
120.760 3 0.242 0.106 0.355 0.308
120.800 3 0.245 0.103 0.359 0.306
120.840 3 0.247 0.103 0.362 0.306
120.880 3 0.248 0.106 0.364 0.308
120.920 3 0.258 0.111 0.373 0.317
120.960 3 0.259 0.122 0.375 0.325
121.000 3 0.258 0.131 0.373 0.336
121.040 3 0.266 0.136 0.381 0.342
121.080 3 0.263 0.136 0.378 0.342
121.120 3 0.267 0.136 0.383 0.344
121.160 3 0.263 0.139 0.380 0.347
121.200 3 0.269 0.142 0.386 0.353
121.240 3 0.266 0.147 0.383 0.356
121.280 3 0.267 0.150 0.384 0.361
121.320 3 0.263 0.147 0.381 0.358
121.360 3 0.259 0.144 0.377 0.353
121.400 3 0.255 0.133 0.372 0.342
121.440 3 0.255 0.122 0.373 0.333
121.480 3 0.252 0.122 0.367 0.325
121.520 3 0.245 0.117 0.361 0.322
121.560 3 0.245 0.119 0.359 0.319
121.600 3 0.242 0.125 0.355 0.325
121.640 3 0.241 0.131 0.355 0.333
121.680 3 0.237 0.133 0.355 0.344
121.720 3 0.236 0.136 0.355 0.347
121.760 3 0.237 0.139 0.359 0.356
121.800 3 0.237 0.144 0.358 0.361
121.840 3 0.236 0.153 0.353 0.361
121.880 3 0.231 0.156 0.348 0.364
121.920 3 0.230 0.156 0.347 0.364
121.960 3 0.228 0.156 0.344 0.361
122.000 3 0.227 0.150 0.344 0.358
122.040 3 0.230 0.150 0.342 0.350
122.080 3 0.223 0.144 0.336 0.344
122.120 3 0.223 0.142 0.342 0.353
122.160 3 0.225 0.153 0.338 0.353
122.200 3 0.234 0.158 0.345 0.358
122.240 3 0.233 0.167 0.345 0.364
122.280 3 0.245 0.172 0.355 0.364
122.320 3 0.255 0.178 0.362 0.369
122.360 3 0.264 0.181 0.370 0.369
122.400 3 0.272 0.183 0.378 0.372
122.440 3 0.280 0.186 0.386 0.375
122.480 3 0.286 0.189 0.392 0.375
122.520 3 0.292 0.186 0.398 0.375
122.560 3 0.295 0.178 0.402 0.367
122.600 3 0.300 0.172 0.405 0.361
122.640 3 0.303 0.167 0.408 0.353
122.680 3 0.309 0.161 0.414 0.347
122.720 3 0.317 0.158 0.422 0.344
122.760 3 0.323 0.156 0.428 0.342
122.800 3 0.328 0.161 0.433 0.347
122.840 3 0.327 0.167 0.431 0.353
122.880 3 0.327 0.172 0.430 0.356
122.920 3 0.323 0.178 0.427 0.361
122.960 3 0.320 0.186 0.422 0.369
134.160 4 0.848 0.506 0.931 0.650
134.200 4 0.845 0.506 0.928 0.650
134.240 4 0.845 0.506 0.927 0.650
134.280 4 0.842 0.506 0.925 0.650
134.320 4 0.841 0.508 0.923 0.653
134.360 4 0.836 0.506 0.919 0.650
134.400 4 0.834 0.506 0.917 0.650
134.440 4 0.831 0.506 0.914 0.650
134.480 4 0.831 0.506 0.912 0.647
134.520 4 0.827 0.503 0.909 0.644
134.560 4 0.825 0.500 0.908 0.644
134.600 4 0.825 0.500 0.906 0.642
134.640 4 0.823 0.497 0.905 0.642
134.680 4 0.822 0.497 0.903 0.642
134.720 4 0.820 0.497 0.903 0.642
134.760 4 0.819 0.494 0.902 0.639
134.800 4 0.817 0.494 0.900 0.639
134.840 4 0.816 0.492 0.898 0.636
134.880 4 0.816 0.492 0.897 0.633
134.920 4 0.814 0.489 0.897 0.633
134.960 4 0.814 0.489 0.895 0.631
135.000 4 0.814 0.489 0.895 0.631
135.040 4 0.814 0.489 0.895 0.633
135.080 4 0.814 0.489 0.895 0.633
135.120 4 0.814 0.489 0.894 0.631
135.160 4 0.814 0.492 0.894 0.633
135.200 4 0.817 0.492 0.895 0.633
135.240 4 0.816 0.492 0.895 0.633
135.280 4 0.819 0.492 0.897 0.633
135.320 4 0.817 0.492 0.897 0.633
135.360 4 0.819 0.492 0.898 0.633
135.400 4 0.819 0.492 0.898 0.633
135.440 4 0.817 0.492 0.897 0.633
135.480 4 0.819 0.494 0.898 0.633
135.520 4 0.817 0.494 0.895 0.636
135.560 4 0.819 0.494 0.897 0.636
135.600 4 0.816 0.497 0.895 0.639
135.640 4 0.817 0.497 0.897 0.639
135.680 4 0.816 0.500 0.894 0.639
135.720 4 0.817 0.500 0.897 0.642
135.760 4 0.814 0.500 0.894 0.642
135.800 4 0.817 0.503 0.897 0.642
135.840 4 0.812 0.500 0.894 0.642
135.880 4 0.817 0.503 0.897 0.644
135.920 4 0.814 0.503 0.894 0.642
135.960 4 0.819 0.500 0.900 0.644
136.000 4 0.823 0.503 0.903 0.647
136.040 4 0.831 0.506 0.911 0.647
136.080 4 0.841 0.508 0.920 0.653
136.120 4 0.839 0.500 0.930 0.658
136.160 4 0.845 0.497 0.936 0.661
136.200 4 0.853 0.503 0.944 0.664
136.240 4 0.856 0.506 0.947 0.667
136.280 4 0.861 0.508 0.950 0.667
136.320 4 0.861 0.508 0.952 0.667
136.360 4 0.863 0.508 0.952 0.669
136.400 4 0.864 0.511 0.953 0.669
136.440 4 0.861 0.511 0.952 0.669
136.480 4 0.861 0.511 0.952 0.672
136.520 4 0.859 0.514 0.948 0.675
136.560 4 0.858 0.517 0.947 0.675
136.600 4 0.855 0.517 0.945 0.678
136.640 4 0.852 0.519 0.942 0.681
136.680 4 0.848 0.519 0.939 0.681
136.720 4 0.845 0.522 0.936 0.681
136.760 4 0.842 0.522 0.933 0.681
136.800 4 0.839 0.522 0.928 0.681
136.840 4 0.836 0.525 0.925 0.681
136.880 4 0.834 0.522 0.922 0.681
136.920 4 0.830 0.522 0.917 0.681
136.960 4 0.828 0.522 0.917 0.678
137.000 4 0.814 0.508 0.912 0.681
137.040 4 0.808 0.508 0.908 0.681
137.080 4 0.808 0.506 0.906 0.681
137.120 4 0.802 0.506 0.902 0.681
137.160 4 0.802 0.506 0.900 0.681
137.200 4 0.798 0.506 0.897 0.681
137.240 4 0.795 0.508 0.895 0.683
137.280 4 0.795 0.511 0.894 0.683
137.320 4 0.792 0.514 0.891 0.686
137.360 4 0.789 0.514 0.889 0.689
137.400 4 0.791 0.517 0.889 0.689
137.440 4 0.786 0.514 0.886 0.689
137.480 4 0.783 0.517 0.883 0.692
137.520 4 0.784 0.517 0.883 0.689
137.560 4 0.783 0.517 0.881 0.689
137.600 4 0.780 0.517 0.878 0.689
137.640 4 0.777 0.517 0.875 0.692
137.680 4 0.777 0.517 0.875 0.689
137.720 4 0.770 0.517 0.869 0.689
135.640 5 0.325 0.147 0.467 0.400
135.680 5 0.317 0.153 0.458 0.403
135.720 5 0.306 0.150 0.448 0.406
135.760 5 0.306 0.156 0.448 0.408
135.800 5 0.298 0.156 0.441 0.408
135.840 5 0.302 0.156 0.444 0.408
135.880 5 0.300 0.153 0.445 0.408
135.920 5 0.298 0.150 0.444 0.408
135.960 5 0.295 0.147 0.442 0.406
136.000 5 0.303 0.153 0.444 0.403
136.040 5 0.312 0.158 0.447 0.397
136.080 5 0.319 0.167 0.448 0.397
136.120 5 0.327 0.167 0.458 0.397
136.160 5 0.331 0.169 0.463 0.403
136.200 5 0.344 0.175 0.470 0.403
136.240 5 0.348 0.178 0.478 0.406
136.280 5 0.358 0.181 0.486 0.408
136.320 5 0.361 0.186 0.486 0.408
136.360 5 0.367 0.189 0.492 0.411
136.400 5 0.367 0.194 0.491 0.414
136.440 5 0.372 0.200 0.494 0.417
136.480 5 0.370 0.203 0.492 0.422
136.520 5 0.373 0.208 0.497 0.428
136.560 5 0.372 0.211 0.495 0.431
136.600 5 0.378 0.217 0.502 0.436
136.640 5 0.378 0.219 0.502 0.439
136.680 5 0.386 0.222 0.509 0.444
136.720 5 0.386 0.225 0.511 0.447
136.760 5 0.394 0.228 0.519 0.450
136.800 5 0.395 0.231 0.519 0.450
136.840 5 0.400 0.231 0.523 0.450
136.880 5 0.400 0.231 0.523 0.450
136.920 5 0.403 0.231 0.527 0.450
136.960 5 0.403 0.233 0.525 0.450
137.000 5 0.408 0.242 0.525 0.450
137.040 5 0.408 0.242 0.525 0.450
137.080 5 0.406 0.242 0.523 0.450
137.120 5 0.405 0.239 0.522 0.447
137.160 5 0.403 0.236 0.520 0.444
137.200 5 0.403 0.236 0.519 0.444
137.240 5 0.398 0.236 0.514 0.442
137.280 5 0.402 0.239 0.517 0.444
137.320 5 0.408 0.244 0.522 0.447
137.360 5 0.408 0.250 0.523 0.453
136.240 6 0.142 0.464 0.322 0.783
136.280 6 0.148 0.461 0.328 0.781
136.320 6 0.150 0.458 0.331 0.781
136.360 6 0.152 0.461 0.334 0.786
136.400 6 0.152 0.461 0.334 0.786
136.440 6 0.152 0.458 0.334 0.786
136.480 6 0.150 0.458 0.334 0.786
136.520 6 0.147 0.456 0.333 0.783
136.560 6 0.153 0.456 0.339 0.783
136.600 6 0.147 0.458 0.333 0.786
136.640 6 0.147 0.461 0.334 0.794
136.680 6 0.138 0.464 0.331 0.806
136.720 6 0.147 0.467 0.342 0.814
136.760 6 0.142 0.472 0.338 0.822
136.800 6 0.150 0.475 0.348 0.831
136.840 6 0.150 0.481 0.350 0.839
136.880 6 0.158 0.486 0.361 0.847
136.920 6 0.161 0.492 0.364 0.853
136.960 6 0.166 0.497 0.369 0.858
137.000 6 0.169 0.500 0.370 0.858
137.040 6 0.172 0.503 0.372 0.858
137.080 6 0.173 0.506 0.372 0.861
137.120 6 0.173 0.506 0.373 0.861
137.160 6 0.175 0.508 0.373 0.861
137.200 6 0.177 0.508 0.375 0.861
137.240 6 0.180 0.511 0.377 0.861
137.280 6 0.181 0.514 0.378 0.864
137.320 6 0.177 0.514 0.373 0.867
137.360 6 0.178 0.517 0.377 0.867
137.400 6 0.178 0.517 0.375 0.867
137.440 6 0.177 0.517 0.375 0.867
137.480 6 0.177 0.514 0.373 0.867
137.520 6 0.177 0.514 0.373 0.867
137.560 6 0.181 0.514 0.378 0.864
137.600 6 0.177 0.514 0.373 0.861
137.640 6 0.177 0.511 0.373 0.858
137.680 6 0.175 0.508 0.372 0.858
137.720 6 0.175 0.508 0.372 0.856
142.160 7 0.263 0.417 0.503 0.839
142.200 7 0.263 0.417 0.503 0.839
142.240 7 0.263 0.417 0.503 0.839
142.280 7 0.263 0.417 0.502 0.839
142.320 7 0.263 0.417 0.502 0.839
142.360 7 0.261 0.414 0.500 0.839
142.400 7 0.259 0.414 0.500 0.839
142.440 7 0.256 0.408 0.509 0.856
142.480 7 0.253 0.411 0.497 0.844
142.520 7 0.266 0.414 0.508 0.842
142.560 7 0.259 0.414 0.500 0.839
142.600 7 0.259 0.414 0.500 0.839
142.640 7 0.259 0.414 0.500 0.839
142.680 7 0.259 0.414 0.498 0.839
142.720 7 0.259 0.414 0.498 0.836
142.760 7 0.259 0.414 0.498 0.836
142.800 7 0.258 0.414 0.498 0.836
142.840 7 0.258 0.414 0.498 0.839
142.880 7 0.256 0.414 0.498 0.839
142.920 7 0.256 0.411 0.498 0.839
142.960 7 0.256 0.411 0.498 0.839
143.000 7 0.256 0.411 0.498 0.839
143.040 7 0.250 0.403 0.491 0.831
143.080 7 0.252 0.406 0.492 0.831
143.120 7 0.247 0.403 0.489 0.831
143.160 7 0.245 0.403 0.486 0.831
143.200 7 0.248 0.406 0.489 0.831
143.240 7 0.245 0.406 0.484 0.828
143.280 7 0.247 0.408 0.487 0.833
143.320 7 0.250 0.411 0.491 0.836
143.360 7 0.252 0.414 0.494 0.842
143.400 7 0.255 0.419 0.497 0.847
143.440 7 0.256 0.425 0.498 0.850
143.480 7 0.252 0.425 0.495 0.856
143.520 7 0.255 0.431 0.500 0.864
143.560 7 0.252 0.433 0.495 0.864
143.600 7 0.253 0.436 0.498 0.869
143.640 7 0.250 0.436 0.491 0.864
143.680 7 0.255 0.439 0.492 0.861
143.720 7 0.252 0.439 0.492 0.861
143.760 7 0.250 0.436 0.491 0.864
143.800 7 0.248 0.436 0.489 0.861
143.840 7 0.245 0.433 0.487 0.858
143.880 7 0.244 0.431 0.484 0.856
143.920 7 0.242 0.425 0.483 0.850
143.960 7 0.241 0.422 0.481 0.847
144.000 7 0.230 0.411 0.472 0.839
144.040 7 0.234 0.406 0.472 0.828
144.080 7 0.231 0.403 0.469 0.825
144.120 7 0.228 0.400 0.466 0.822
144.160 7 0.225 0.394 0.464 0.817
144.200 7 0.223 0.386 0.463 0.811
144.240 7 0.230 0.386 0.463 0.800
144.280 7 0.234 0.367 0.469 0.783
144.320 7 0.239 0.353 0.475 0.769
144.360 7 0.245 0.342 0.483 0.761
144.400 7 0.248 0.339 0.486 0.758
144.440 7 0.247 0.333 0.484 0.753
144.480 7 0.245 0.333 0.481 0.753
144.520 7 0.239 0.333 0.477 0.753
144.560 7 0.244 0.333 0.478 0.750
144.600 7 0.241 0.331 0.477 0.747
144.640 7 0.244 0.325 0.481 0.747
144.680 7 0.236 0.322 0.473 0.744
144.720 7 0.236 0.319 0.477 0.744
144.760 7 0.227 0.319 0.464 0.742
144.800 7 0.228 0.314 0.466 0.736
144.840 7 0.222 0.314 0.461 0.736
144.880 7 0.228 0.314 0.467 0.736
144.920 7 0.225 0.317 0.464 0.742
144.960 7 0.228 0.319 0.469 0.744
145.000 7 0.230 0.314 0.472 0.744
145.040 7 0.225 0.319 0.464 0.742
145.080 7 0.230 0.317 0.470 0.744
145.120 7 0.225 0.322 0.463 0.742
145.160 7 0.228 0.319 0.469 0.747
145.200 7 0.223 0.319 0.463 0.747
145.240 7 0.228 0.319 0.467 0.747
145.280 7 0.222 0.322 0.461 0.747
145.320 7 0.233 0.331 0.467 0.747
145.360 7 0.228 0.319 0.469 0.747
145.400 7 0.228 0.319 0.469 0.747
145.440 7 0.228 0.319 0.469 0.747
145.480 7 0.227 0.319 0.469 0.747
145.520 7 0.227 0.319 0.467 0.747
145.560 7 0.227 0.319 0.467 0.747
145.600 7 0.227 0.319 0.467 0.747
145.640 7 0.227 0.319 0.467 0.747
145.680 7 0.227 0.319 0.467 0.747
145.720 7 0.219 0.317 0.463 0.747
145.760 7 0.228 0.319 0.475 0.756
145.800 7 0.220 0.331 0.466 0.767
145.840 7 0.227 0.333 0.469 0.764
145.880 7 0.231 0.331 0.477 0.767
145.920 7 0.219 0.325 0.466 0.764
145.960 7 0.227 0.319 0.475 0.761
146.000 7 0.223 0.319 0.470 0.758
146.040 7 0.217 0.322 0.466 0.761
146.080 7 0.228 0.322 0.477 0.764
146.120 7 0.225 0.322 0.470 0.761
146.160 7 0.223 0.317 0.470 0.756
146.200 7 0.223 0.311 0.472 0.753
146.240 7 0.223 0.308 0.470 0.750
146.280 7 0.217 0.311 0.464 0.753
146.320 7 0.230 0.319 0.477 0.758
146.360 7 0.222 0.328 0.467 0.764
146.400 7 0.230 0.325 0.477 0.764
146.440 7 0.217 0.317 0.466 0.758
146.480 7 0.223 0.314 0.475 0.761
146.520 7 0.217 0.314 0.466 0.758
146.560 7 0.230 0.322 0.478 0.764
146.600 7 0.223 0.319 0.469 0.756
146.640 7 0.227 0.322 0.470 0.756
146.680 7 0.227 0.319 0.469 0.753
146.720 7 0.219 0.319 0.464 0.753
146.760 7 0.225 0.319 0.469 0.753
146.800 7 0.230 0.319 0.477 0.756
146.840 7 0.219 0.317 0.464 0.756
146.880 7 0.225 0.317 0.475 0.761
146.920 7 0.223 0.317 0.469 0.753
146.960 7 0.217 0.317 0.463 0.753
147.000 7 0.223 0.319 0.467 0.753
147.040 7 0.223 0.319 0.467 0.753
147.080 7 0.225 0.322 0.467 0.753
147.120 7 0.225 0.322 0.467 0.753
147.160 7 0.225 0.322 0.467 0.753
147.200 7 0.225 0.322 0.469 0.753
147.240 7 0.225 0.322 0.469 0.753
147.280 7 0.227 0.322 0.469 0.756
147.320 7 0.227 0.322 0.470 0.756
147.360 7 0.231 0.319 0.478 0.758
147.400 7 0.227 0.319 0.472 0.756
147.440 7 0.227 0.319 0.472 0.756
147.480 7 0.233 0.319 0.480 0.758
147.520 7 0.222 0.319 0.469 0.758
147.560 7 0.228 0.322 0.477 0.764
147.600 7 0.228 0.319 0.473 0.756
147.640 7 0.228 0.319 0.473 0.756
147.680 7 0.228 0.319 0.473 0.756
147.720 7 0.228 0.319 0.473 0.756
147.760 7 0.228 0.319 0.473 0.756
147.800 7 0.228 0.322 0.473 0.756
147.840 7 0.228 0.322 0.472 0.756
147.880 7 0.228 0.322 0.472 0.756
147.920 7 0.222 0.319 0.467 0.756
147.960 7 0.233 0.322 0.478 0.758
148.000 7 0.225 0.317 0.470 0.756
148.040 7 0.228 0.325 0.472 0.758
148.080 7 0.230 0.328 0.472 0.758
148.120 7 0.230 0.331 0.472 0.761
148.160 7 0.231 0.331 0.473 0.761
148.200 7 0.231 0.333 0.473 0.764
148.240 7 0.233 0.336 0.475 0.767
148.280 7 0.234 0.339 0.475 0.769
148.320 7 0.234 0.342 0.477 0.769
148.360 7 0.236 0.344 0.477 0.772
148.400 7 0.236 0.347 0.478 0.775
148.440 7 0.237 0.347 0.478 0.778
148.480 7 0.239 0.350 0.480 0.778
148.520 7 0.239 0.350 0.480 0.778
148.560 7 0.241 0.350 0.480 0.778
148.600 7 0.241 0.350 0.481 0.778
148.640 7 0.241 0.350 0.481 0.778
148.680 7 0.242 0.353 0.481 0.778
148.720 7 0.242 0.353 0.481 0.781
148.760 7 0.242 0.353 0.483 0.781
148.800 7 0.244 0.356 0.483 0.781
148.840 7 0.244 0.356 0.484 0.781
148.880 7 0.252 0.356 0.489 0.781
148.920 7 0.247 0.356 0.486 0.781
148.960 7 0.247 0.356 0.487 0.781
149.000 7 0.248 0.356 0.487 0.781
149.040 7 0.248 0.356 0.489 0.781
149.080 7 0.250 0.356 0.489 0.781
149.120 7 0.258 0.358 0.495 0.781
149.160 7 0.253 0.358 0.491 0.781
149.200 7 0.253 0.358 0.492 0.781
149.240 7 0.253 0.358 0.492 0.781
149.280 7 0.255 0.358 0.492 0.783
149.320 7 0.255 0.358 0.492 0.783
149.360 7 0.255 0.361 0.492 0.783
149.400 7 0.250 0.364 0.486 0.783
149.440 7 0.252 0.364 0.491 0.789
149.480 7 0.245 0.369 0.481 0.792
149.520 7 0.237 0.378 0.473 0.797
149.560 7 0.230 0.383 0.466 0.800
149.600 7 0.225 0.386 0.459 0.803
149.640 7 0.230 0.389 0.463 0.803
