35.400 0 0.523 0.303 0.725 0.661
35.440 0 0.527 0.300 0.731 0.664
35.480 0 0.530 0.300 0.736 0.667
35.520 0 0.533 0.300 0.739 0.667
35.560 0 0.534 0.300 0.741 0.667
35.600 0 0.536 0.303 0.744 0.669
35.640 0 0.534 0.303 0.739 0.667
35.680 0 0.539 0.303 0.745 0.667
35.720 0 0.537 0.303 0.741 0.664
35.760 0 0.545 0.303 0.745 0.658
35.800 0 0.539 0.300 0.742 0.661
35.840 0 0.547 0.303 0.748 0.658
35.880 0 0.547 0.303 0.748 0.661
35.920 0 0.548 0.300 0.756 0.672
35.960 0 0.541 0.294 0.750 0.667
36.000 0 0.550 0.303 0.752 0.661
36.040 0 0.542 0.297 0.742 0.650
36.080 0 0.544 0.297 0.742 0.650
36.120 0 0.541 0.297 0.739 0.650
36.160 0 0.541 0.297 0.739 0.650
36.200 0 0.541 0.297 0.739 0.647
36.240 0 0.541 0.297 0.738 0.647
36.280 0 0.539 0.297 0.736 0.647
36.320 0 0.537 0.294 0.736 0.647
36.360 0 0.537 0.297 0.734 0.647
36.400 0 0.534 0.297 0.731 0.647
36.440 0 0.541 0.297 0.739 0.650
36.480 0 0.534 0.297 0.731 0.647
36.520 0 0.541 0.297 0.738 0.647
36.560 0 0.537 0.297 0.734 0.647
36.600 0 0.544 0.297 0.741 0.650
36.640 0 0.541 0.297 0.738 0.647
36.680 0 0.545 0.294 0.744 0.650
36.720 0 0.541 0.294 0.741 0.650
36.760 0 0.547 0.294 0.745 0.650
36.800 0 0.542 0.294 0.741 0.647
36.840 0 0.548 0.292 0.747 0.647
36.880 0 0.545 0.292 0.744 0.647
36.920 0 0.550 0.292 0.750 0.647
36.960 0 0.545 0.292 0.745 0.647
37.000 0 0.552 0.292 0.752 0.647
37.040 0 0.550 0.292 0.750 0.644
37.080 0 0.552 0.289 0.753 0.647
37.120 0 0.553 0.289 0.755 0.647
37.160 0 0.556 0.289 0.759 0.647
37.200 0 0.553 0.286 0.756 0.647
37.240 0 0.561 0.289 0.762 0.647
37.280 0 0.559 0.289 0.761 0.647
37.320 0 0.562 0.289 0.766 0.647
37.360 0 0.561 0.289 0.764 0.647
37.400 0 0.564 0.289 0.767 0.647
37.440 0 0.559 0.289 0.762 0.647
37.480 0 0.564 0.286 0.767 0.647
37.520 0 0.561 0.286 0.764 0.647
37.560 0 0.566 0.286 0.769 0.647
37.600 0 0.562 0.286 0.764 0.647
37.640 0 0.567 0.286 0.769 0.647
37.680 0 0.564 0.286 0.766 0.644
37.720 0 0.569 0.286 0.770 0.644
37.760 0 0.566 0.286 0.767 0.642
37.800 0 0.570 0.286 0.772 0.642
37.840 0 0.569 0.286 0.769 0.642
37.880 0 0.570 0.286 0.772 0.642
37.920 0 0.569 0.286 0.770 0.644
37.960 0 0.575 0.286 0.777 0.642
38.000 0 0.575 0.286 0.775 0.642
38.040 0 0.575 0.286 0.777 0.644
38.080 0 0.578 0.286 0.780 0.644
38.120 0 0.578 0.289 0.781 0.647
38.160 0 0.578 0.286 0.783 0.650
38.200 0 0.580 0.289 0.786 0.653
38.240 0 0.578 0.289 0.783 0.653
38.280 0 0.583 0.289 0.787 0.653
38.320 0 0.577 0.289 0.781 0.653
38.360 0 0.578 0.292 0.783 0.653
38.400 0 0.577 0.292 0.780 0.653
38.440 0 0.578 0.292 0.783 0.653
38.480 0 0.578 0.289 0.781 0.653
38.520 0 0.578 0.289 0.781 0.653
38.560 0 0.578 0.289 0.781 0.653
38.600 0 0.578 0.289 0.781 0.650
38.640 0 0.578 0.289 0.781 0.653
38.680 0 0.575 0.292 0.778 0.653
38.720 0 0.577 0.292 0.781 0.653
38.760 0 0.575 0.292 0.778 0.653
38.800 0 0.577 0.292 0.780 0.653
38.840 0 0.575 0.286 0.780 0.653
38.880 0 0.578 0.289 0.783 0.653
38.920 0 0.573 0.289 0.778 0.653
38.960 0 0.578 0.292 0.781 0.653
39.000 0 0.575 0.289 0.780 0.653
39.040 0 0.580 0.289 0.784 0.653
39.080 0 0.575 0.286 0.781 0.653
39.120 0 0.581 0.286 0.787 0.653
39.160 0 0.580 0.286 0.786 0.653
39.200 0 0.580 0.286 0.787 0.656
39.240 0 0.578 0.286 0.784 0.653
39.280 0 0.583 0.286 0.789 0.653
39.320 0 0.578 0.289 0.783 0.650
39.360 0 0.583 0.292 0.786 0.653
39.400 0 0.578 0.294 0.780 0.653
39.440 0 0.580 0.294 0.783 0.653
39.480 0 0.580 0.294 0.783 0.656
39.520 0 0.580 0.294 0.783 0.656
39.560 0 0.581 0.297 0.783 0.656
39.600 0 0.578 0.294 0.780 0.653
39.640 0 0.583 0.294 0.786 0.653
39.680 0 0.578 0.294 0.780 0.653
39.720 0 0.581 0.292 0.784 0.653
39.760 0 0.580 0.292 0.781 0.650
39.800 0 0.580 0.289 0.781 0.650
39.840 0 0.580 0.289 0.781 0.650
39.880 0 0.580 0.289 0.781 0.650
39.920 0 0.580 0.292 0.783 0.650
39.960 0 0.580 0.292 0.783 0.653
40.000 0 0.581 0.292 0.784 0.656
40.040 0 0.581 0.292 0.786 0.656
40.080 0 0.583 0.292 0.787 0.656
40.120 0 0.581 0.292 0.787 0.658
40.160 0 0.583 0.292 0.791 0.658
40.200 0 0.581 0.294 0.787 0.658
40.240 0 0.580 0.294 0.784 0.661
40.280 0 0.583 0.297 0.789 0.664
40.320 0 0.580 0.300 0.783 0.661
40.360 0 0.580 0.300 0.784 0.664
40.400 0 0.580 0.300 0.784 0.664
40.440 0 0.580 0.297 0.784 0.664
40.480 0 0.580 0.297 0.784 0.664
40.520 0 0.580 0.297 0.784 0.661
40.560 0 0.580 0.297 0.783 0.661
40.600 0 0.581 0.297 0.787 0.664
40.640 0 0.575 0.297 0.781 0.664
40.680 0 0.578 0.297 0.784 0.664
40.720 0 0.577 0.297 0.781 0.661
40.760 0 0.580 0.294 0.786 0.664
40.800 0 0.575 0.297 0.780 0.661
40.840 0 0.581 0.297 0.784 0.661
40.880 0 0.578 0.297 0.781 0.661
40.920 0 0.580 0.303 0.784 0.664
40.960 0 0.583 0.306 0.786 0.669
41.000 0 0.572 0.303 0.773 0.661
41.040 0 0.566 0.300 0.770 0.664
41.080 0 0.572 0.303 0.772 0.661
41.120 0 0.572 0.303 0.772 0.658
41.160 0 0.570 0.303 0.772 0.658
41.200 0 0.570 0.303 0.770 0.658
41.240 0 0.564 0.300 0.766 0.658
41.280 0 0.569 0.300 0.770 0.658
41.320 0 0.567 0.300 0.769 0.656
41.360 0 0.566 0.300 0.766 0.656
41.400 0 0.562 0.297 0.762 0.653
41.440 0 0.559 0.294 0.761 0.650
41.480 0 0.556 0.292 0.758 0.650
41.520 0 0.555 0.292 0.755 0.647
41.560 0 0.553 0.292 0.753 0.647
41.600 0 0.552 0.292 0.750 0.644
41.640 0 0.550 0.292 0.748 0.644
41.680 0 0.548 0.292 0.747 0.642
41.720 0 0.548 0.289 0.747 0.642
41.760 0 0.548 0.289 0.745 0.642
41.800 0 0.548 0.289 0.747 0.642
41.840 0 0.550 0.292 0.748 0.642
41.880 0 0.556 0.289 0.755 0.642
41.920 0 0.553 0.286 0.752 0.642
41.960 0 0.559 0.283 0.759 0.639
42.000 0 0.556 0.283 0.756 0.639
42.040 0 0.556 0.283 0.756 0.639
42.080 0 0.556 0.283 0.756 0.636
42.120 0 0.558 0.283 0.756 0.639
42.160 0 0.553 0.283 0.752 0.639
42.200 0 0.559 0.289 0.756 0.639
42.240 0 0.558 0.286 0.753 0.636
42.280 0 0.556 0.286 0.753 0.636
42.320 0 0.556 0.283 0.753 0.633
42.360 0 0.553 0.289 0.745 0.631
42.400 0 0.555 0.283 0.753 0.636
42.440 0 0.550 0.286 0.747 0.636
42.480 0 0.553 0.286 0.750 0.636
42.520 0 0.548 0.286 0.745 0.636
42.560 0 0.553 0.286 0.750 0.636
42.600 0 0.558 0.289 0.753 0.636
42.640 0 0.553 0.286 0.750 0.636
42.680 0 0.548 0.286 0.744 0.636
42.720 0 0.553 0.286 0.748 0.636
42.760 0 0.558 0.289 0.755 0.636
42.800 0 0.553 0.286 0.750 0.636
42.840 0 0.559 0.286 0.755 0.636
42.880 0 0.555 0.286 0.752 0.636
42.920 0 0.550 0.286 0.745 0.633
42.960 0 0.555 0.289 0.748 0.633
43.000 0 0.559 0.289 0.755 0.636
43.040 0 0.555 0.289 0.748 0.633
43.080 0 0.555 0.289 0.748 0.633
43.120 0 0.553 0.289 0.747 0.631
43.160 0 0.552 0.289 0.745 0.631
43.200 0 0.548 0.286 0.744 0.633
43.240 0 0.547 0.286 0.741 0.631
43.280 0 0.544 0.286 0.738 0.631
43.320 0 0.541 0.286 0.734 0.631
43.360 0 0.539 0.283 0.733 0.628
43.400 0 0.537 0.283 0.730 0.628
43.440 0 0.536 0.283 0.728 0.625
43.480 0 0.534 0.283 0.727 0.625
43.520 0 0.533 0.283 0.725 0.625
43.560 0 0.528 0.283 0.720 0.625
43.600 0 0.531 0.283 0.723 0.628
43.640 0 0.525 0.286 0.719 0.628
43.680 0 0.530 0.289 0.722 0.631
43.720 0 0.525 0.289 0.717 0.631
43.760 0 0.528 0.289 0.722 0.633
43.800 0 0.528 0.289 0.722 0.633
43.840 0 0.523 0.289 0.717 0.633
43.880 0 0.527 0.289 0.720 0.633
43.920 0 0.522 0.289 0.716 0.633
43.960 0 0.527 0.289 0.720 0.636
44.000 0 0.527 0.289 0.720 0.636
44.040 0 0.522 0.292 0.716 0.633
44.080 0 0.525 0.292 0.719 0.636
44.120 0 0.520 0.292 0.714 0.636
44.160 0 0.525 0.292 0.719 0.636
44.200 0 0.519 0.292 0.714 0.636
44.240 0 0.523 0.292 0.719 0.636
44.280 0 0.519 0.292 0.714 0.636
44.320 0 0.522 0.292 0.717 0.636
44.360 0 0.517 0.292 0.713 0.636
58.920 1 0.606 0.311 0.730 0.533
58.960 1 0.606 0.314 0.731 0.533
59.000 1 0.606 0.314 0.730 0.533
59.040 1 0.611 0.314 0.734 0.533
59.080 1 0.609 0.311 0.734 0.533
59.120 1 0.614 0.308 0.738 0.531
59.160 1 0.613 0.303 0.739 0.528
59.200 1 0.613 0.294 0.741 0.522
59.240 1 0.613 0.286 0.742 0.517
59.280 1 0.617 0.278 0.747 0.508
59.320 1 0.614 0.272 0.747 0.508
59.360 1 0.619 0.267 0.752 0.506
59.400 1 0.616 0.261 0.750 0.503
59.440 1 0.619 0.261 0.755 0.503
59.480 1 0.620 0.261 0.756 0.503
59.520 1 0.620 0.261 0.758 0.506
59.560 1 0.622 0.261 0.758 0.506
59.600 1 0.619 0.261 0.756 0.506
59.640 1 0.623 0.258 0.759 0.500
59.680 1 0.630 0.258 0.764 0.497
59.720 1 0.628 0.256 0.762 0.494
59.760 1 0.633 0.253 0.769 0.492
59.800 1 0.631 0.247 0.767 0.489
59.840 1 0.634 0.244 0.772 0.489
59.880 1 0.642 0.244 0.780 0.486
59.920 1 0.650 0.242 0.787 0.486
59.960 1 0.655 0.239 0.792 0.483
60.000 1 0.661 0.236 0.802 0.486
60.040 1 0.666 0.236 0.806 0.486
60.080 1 0.670 0.236 0.811 0.486
60.120 1 0.666 0.239 0.806 0.486
60.160 1 0.672 0.244 0.808 0.489
60.200 1 0.669 0.250 0.808 0.497
60.240 1 0.677 0.256 0.816 0.503
60.280 1 0.669 0.261 0.808 0.506
60.320 1 0.678 0.264 0.814 0.506
60.360 1 0.673 0.267 0.805 0.503
60.400 1 0.675 0.269 0.808 0.506
60.440 1 0.672 0.272 0.802 0.506
60.480 1 0.667 0.272 0.798 0.506
60.520 1 0.664 0.272 0.795 0.508
60.560 1 0.659 0.275 0.792 0.508
60.600 1 0.655 0.272 0.789 0.511
60.640 1 0.650 0.275 0.784 0.511
60.680 1 0.645 0.275 0.780 0.511
60.720 1 0.637 0.275 0.773 0.517
60.760 1 0.637 0.278 0.773 0.519
60.800 1 0.634 0.281 0.769 0.522
60.840 1 0.634 0.281 0.770 0.522
60.880 1 0.630 0.281 0.766 0.519
60.920 1 0.630 0.278 0.764 0.517
60.960 1 0.628 0.275 0.762 0.514
61.000 1 0.628 0.272 0.762 0.511
61.040 1 0.631 0.269 0.767 0.508
61.080 1 0.630 0.264 0.766 0.508
61.120 1 0.634 0.261 0.770 0.506
61.160 1 0.633 0.253 0.772 0.500
61.200 1 0.637 0.247 0.777 0.497
61.240 1 0.634 0.242 0.777 0.494
61.280 1 0.637 0.236 0.781 0.494
61.320 1 0.642 0.233 0.787 0.492
61.360 1 0.645 0.231 0.792 0.492
61.400 1 0.639 0.231 0.787 0.492
61.440 1 0.647 0.228 0.797 0.497
61.480 1 0.644 0.225 0.795 0.494
61.520 1 0.647 0.219 0.802 0.492
61.560 1 0.645 0.214 0.800 0.489
61.600 1 0.648 0.208 0.806 0.489
61.640 1 0.645 0.208 0.803 0.489
61.680 1 0.648 0.206 0.808 0.489
61.720 1 0.644 0.206 0.803 0.492
61.760 1 0.652 0.208 0.812 0.494
61.800 1 0.648 0.206 0.809 0.492
61.840 1 0.648 0.206 0.811 0.492
61.880 1 0.650 0.206 0.812 0.494
61.920 1 0.652 0.203 0.814 0.494
61.960 1 0.656 0.203 0.820 0.497
62.000 1 0.653 0.203 0.817 0.497
62.040 1 0.655 0.203 0.820 0.497
62.080 1 0.655 0.203 0.822 0.497
62.120 1 0.656 0.203 0.823 0.500
62.160 1 0.652 0.203 0.819 0.500
62.200 1 0.656 0.206 0.822 0.503
62.240 1 0.658 0.211 0.823 0.506
62.280 1 0.658 0.217 0.823 0.511
62.320 1 0.659 0.222 0.825 0.517
62.360 1 0.659 0.228 0.827 0.522
62.400 1 0.659 0.231 0.827 0.528
62.440 1 0.661 0.236 0.828 0.533
62.480 1 0.661 0.236 0.828 0.533
62.520 1 0.662 0.239 0.830 0.536
62.560 1 0.664 0.239 0.831 0.536
62.600 1 0.666 0.242 0.833 0.539
62.640 1 0.672 0.242 0.838 0.536
62.680 1 0.669 0.236 0.836 0.536
62.720 1 0.675 0.236 0.841 0.531
62.760 1 0.672 0.231 0.841 0.531
62.800 1 0.678 0.233 0.845 0.531
62.840 1 0.675 0.231 0.844 0.531
62.880 1 0.681 0.233 0.848 0.531
62.920 1 0.678 0.231 0.847 0.531
62.960 1 0.684 0.231 0.852 0.528
63.000 1 0.681 0.231 0.850 0.531
63.040 1 0.683 0.231 0.852 0.531
63.080 1 0.683 0.231 0.853 0.531
63.120 1 0.684 0.231 0.855 0.533
63.160 1 0.691 0.233 0.859 0.531
63.200 1 0.688 0.231 0.858 0.531
63.240 1 0.692 0.228 0.861 0.528
63.280 1 0.689 0.225 0.859 0.528
63.320 1 0.695 0.225 0.864 0.525
63.360 1 0.691 0.222 0.861 0.525
63.400 1 0.691 0.219 0.861 0.522
63.440 1 0.694 0.219 0.866 0.522
63.480 1 0.691 0.217 0.861 0.519
63.520 1 0.689 0.214 0.861 0.517
63.560 1 0.684 0.214 0.855 0.517
63.600 1 0.688 0.214 0.858 0.519
63.640 1 0.683 0.217 0.853 0.519
63.680 1 0.692 0.217 0.863 0.519
63.720 1 0.683 0.217 0.852 0.517
63.760 1 0.692 0.217 0.863 0.519
63.800 1 0.688 0.217 0.859 0.522
63.840 1 0.688 0.214 0.859 0.522
63.880 1 0.689 0.217 0.861 0.525
63.920 2 0.453 0.428 0.509 0.528
63.960 2 0.452 0.433 0.508 0.533
64.000 2 0.452 0.439 0.508 0.539
64.040 2 0.450 0.442 0.506 0.544
64.080 2 0.450 0.447 0.508 0.550
64.120 2 0.456 0.453 0.512 0.553
64.160 2 0.458 0.453 0.514 0.556
64.200 2 0.461 0.456 0.517 0.556
64.240 2 0.464 0.458 0.522 0.558
64.280 2 0.463 0.458 0.519 0.558
64.320 2 0.464 0.458 0.520 0.558
64.360 2 0.467 0.458 0.523 0.558
64.400 2 0.469 0.458 0.525 0.558
64.440 2 0.469 0.456 0.525 0.558
64.480 2 0.472 0.456 0.528 0.558
64.520 2 0.470 0.458 0.525 0.556
64.560 2 0.473 0.458 0.530 0.556
64.600 2 0.473 0.458 0.530 0.558
64.640 2 0.473 0.456 0.531 0.558
64.680 2 0.475 0.458 0.531 0.558
64.720 2 0.475 0.458 0.530 0.558
64.760 2 0.475 0.458 0.530 0.558
64.800 2 0.472 0.458 0.530 0.558
64.840 2 0.470 0.458 0.528 0.561
64.880 2 0.469 0.458 0.527 0.561
64.920 2 0.469 0.458 0.525 0.561
64.960 2 0.467 0.461 0.523 0.561
65.000 2 0.464 0.461 0.520 0.561
65.040 2 0.466 0.461 0.522 0.564
65.080 2 0.466 0.464 0.522 0.564
65.120 2 0.463 0.464 0.519 0.564
65.160 2 0.461 0.467 0.517 0.567
65.200 2 0.459 0.467 0.516 0.567
65.240 2 0.456 0.469 0.512 0.569
65.280 2 0.455 0.469 0.511 0.569
65.320 2 0.452 0.472 0.508 0.572
65.360 2 0.450 0.472 0.506 0.575
65.400 2 0.447 0.475 0.505 0.575
65.440 2 0.445 0.478 0.502 0.578
65.480 2 0.444 0.478 0.502 0.581
65.520 2 0.442 0.478 0.500 0.581
65.560 2 0.442 0.481 0.498 0.583
65.600 2 0.439 0.483 0.495 0.583
65.640 2 0.438 0.486 0.494 0.583
65.680 2 0.436 0.486 0.492 0.586
65.720 2 0.436 0.489 0.491 0.586
65.760 2 0.433 0.489 0.487 0.586
65.800 2 0.431 0.489 0.484 0.586
65.840 2 0.428 0.492 0.483 0.586
65.880 2 0.427 0.492 0.481 0.589
65.920 2 0.427 0.494 0.481 0.592
65.960 2 0.423 0.494 0.480 0.592
66.000 2 0.427 0.494 0.483 0.594
66.040 2 0.425 0.492 0.481 0.592
66.080 2 0.425 0.492 0.481 0.592
66.120 2 0.425 0.494 0.481 0.592
66.160 2 0.425 0.494 0.481 0.594
66.200 2 0.425 0.494 0.481 0.594
66.240 2 0.425 0.494 0.481 0.594
66.280 2 0.425 0.494 0.481 0.594
66.320 2 0.427 0.494 0.483 0.594
66.360 2 0.428 0.494 0.484 0.594
66.400 2 0.430 0.494 0.486 0.594
66.440 2 0.431 0.494 0.487 0.594
66.480 2 0.433 0.494 0.489 0.594
66.520 2 0.434 0.492 0.491 0.592
66.560 2 0.438 0.492 0.492 0.592
66.600 2 0.438 0.492 0.495 0.592
66.640 2 0.441 0.492 0.497 0.592
66.680 2 0.441 0.489 0.497 0.592
66.720 2 0.442 0.489 0.498 0.589
66.760 2 0.442 0.489 0.498 0.589
66.800 2 0.444 0.489 0.498 0.589
66.840 2 0.444 0.489 0.500 0.589
66.880 2 0.445 0.489 0.500 0.589
66.920 2 0.445 0.486 0.502 0.586
66.960 2 0.447 0.486 0.502 0.586
67.000 2 0.445 0.483 0.502 0.583
67.040 2 0.447 0.483 0.503 0.586
67.080 2 0.447 0.483 0.503 0.586
67.120 2 0.448 0.483 0.505 0.583
67.160 2 0.448 0.481 0.505 0.583
67.200 2 0.450 0.481 0.506 0.583
67.240 2 0.448 0.481 0.506 0.583
67.280 2 0.452 0.481 0.508 0.581
67.320 2 0.452 0.478 0.508 0.581
67.360 2 0.453 0.481 0.511 0.581
67.400 2 0.455 0.478 0.511 0.578
67.440 2 0.456 0.478 0.512 0.578
67.480 2 0.456 0.475 0.512 0.578
67.520 2 0.458 0.475 0.516 0.575
67.560 2 0.459 0.475 0.516 0.575
67.600 2 0.459 0.472 0.517 0.575
67.640 2 0.463 0.472 0.519 0.572
67.680 2 0.463 0.469 0.520 0.572
67.720 2 0.464 0.469 0.520 0.569
67.760 2 0.466 0.469 0.522 0.569
67.800 2 0.467 0.469 0.523 0.569
67.840 2 0.469 0.469 0.525 0.569
67.880 2 0.470 0.469 0.527 0.569
67.920 2 0.469 0.469 0.525 0.569
67.960 2 0.470 0.469 0.527 0.569
68.000 2 0.470 0.472 0.527 0.572
68.040 2 0.469 0.472 0.525 0.575
68.080 2 0.470 0.475 0.527 0.575
68.120 2 0.467 0.475 0.525 0.575
68.160 2 0.469 0.475 0.525 0.578
68.200 2 0.467 0.475 0.523 0.578
68.240 2 0.466 0.478 0.523 0.581
68.280 2 0.464 0.481 0.522 0.583
68.320 2 0.463 0.481 0.520 0.583
68.360 2 0.461 0.486 0.517 0.583
68.400 2 0.459 0.486 0.516 0.586
68.440 2 0.458 0.489 0.514 0.586
68.480 2 0.456 0.489 0.512 0.589
68.520 2 0.456 0.489 0.512 0.589
68.560 2 0.452 0.492 0.508 0.592
70.960 3 0.067 0.872 0.148 1.017
71.000 3 0.067 0.872 0.148 1.017
71.040 3 0.075 0.878 0.145 1.003
71.080 3 0.075 0.878 0.145 1.003
71.120 3 0.077 0.878 0.147 1.006
71.160 3 0.077 0.878 0.148 1.006
71.200 3 0.077 0.878 0.148 1.006
71.240 3 0.078 0.878 0.150 1.006
71.280 3 0.078 0.878 0.150 1.006
71.320 3 0.081 0.881 0.152 1.003
71.360 3 0.081 0.881 0.152 1.006
71.400 3 0.080 0.881 0.150 1.006
71.440 3 0.083 0.881 0.152 1.006
71.480 3 0.081 0.881 0.152 1.006
71.520 3 0.083 0.881 0.153 1.006
71.560 3 0.081 0.881 0.152 1.006
71.600 3 0.083 0.881 0.152 1.006
71.640 3 0.081 0.881 0.150 1.006
71.680 3 0.081 0.883 0.152 1.006
71.720 3 0.081 0.881 0.153 1.006
71.760 3 0.081 0.878 0.153 1.006
71.800 3 0.081 0.878 0.152 1.006
71.840 3 0.081 0.878 0.153 1.006
71.880 3 0.080 0.875 0.153 1.006
71.920 3 0.081 0.872 0.155 1.006
71.960 3 0.080 0.872 0.153 1.003
72.000 3 0.086 0.872 0.153 0.992
72.040 3 0.083 0.867 0.153 0.992
72.080 3 0.083 0.864 0.155 0.992
72.120 3 0.083 0.864 0.155 0.992
72.160 3 0.081 0.864 0.153 0.992
72.200 3 0.084 0.864 0.156 0.992
72.240 3 0.080 0.861 0.153 0.992
72.280 3 0.084 0.864 0.156 0.992
72.320 3 0.083 0.864 0.155 0.992
72.360 3 0.083 0.864 0.155 0.992
72.400 3 0.081 0.867 0.153 0.992
72.440 3 0.081 0.867 0.152 0.992
72.480 3 0.083 0.867 0.153 0.992
72.520 3 0.081 0.867 0.152 0.994
72.560 3 0.080 0.867 0.152 0.992
72.600 3 0.080 0.867 0.150 0.992
72.640 3 0.081 0.867 0.150 0.992
72.680 3 0.078 0.867 0.147 0.992
72.720 3 0.080 0.869 0.148 0.989
72.760 3 0.080 0.869 0.147 0.989
72.800 3 0.080 0.869 0.147 0.989
72.840 3 0.080 0.869 0.148 0.992
72.880 3 0.080 0.872 0.147 0.992
72.920 3 0.080 0.872 0.147 0.992
72.960 3 0.080 0.875 0.145 0.992
73.000 3 0.078 0.872 0.145 0.992
73.040 3 0.077 0.872 0.145 0.994
73.080 3 0.077 0.875 0.145 0.994
73.120 3 0.077 0.875 0.144 0.994
73.160 3 0.078 0.875 0.144 0.994
73.200 3 0.075 0.875 0.142 0.994
73.240 3 0.078 0.875 0.145 0.994
73.280 3 0.077 0.875 0.144 0.994
73.320 3 0.077 0.875 0.144 0.992
73.360 3 0.078 0.875 0.145 0.992
73.400 3 0.078 0.875 0.144 0.992
73.440 3 0.080 0.875 0.145 0.992
73.480 3 0.078 0.875 0.144 0.992
73.520 3 0.080 0.872 0.145 0.989
73.560 3 0.078 0.872 0.145 0.992
73.600 3 0.077 0.872 0.144 0.992
73.640 3 0.078 0.872 0.144 0.989
73.680 3 0.080 0.872 0.147 0.992
73.720 3 0.077 0.869 0.144 0.992
73.760 3 0.078 0.872 0.145 0.992
73.800 3 0.078 0.872 0.147 0.992
73.840 3 0.078 0.872 0.144 0.992
73.880 3 0.080 0.872 0.147 0.992
73.920 3 0.077 0.872 0.144 0.992
73.960 3 0.078 0.869 0.147 0.992
74.000 3 0.078 0.872 0.145 0.992
74.040 3 0.075 0.872 0.152 1.006
74.080 3 0.075 0.872 0.150 1.006
74.120 3 0.077 0.872 0.150 1.003
74.160 3 0.077 0.872 0.150 1.003
74.200 3 0.077 0.872 0.152 1.006
74.240 3 0.075 0.872 0.150 1.003
74.280 3 0.077 0.872 0.150 1.003
74.320 3 0.077 0.872 0.150 1.006
74.360 3 0.077 0.872 0.152 1.006
74.400 3 0.075 0.872 0.150 1.006
74.440 3 0.077 0.872 0.150 1.003
74.480 3 0.078 0.872 0.152 1.006
74.520 3 0.075 0.872 0.148 1.006
74.560 3 0.080 0.875 0.153 1.006
74.600 3 0.075 0.872 0.148 1.003
74.640 3 0.078 0.875 0.150 1.003
74.680 3 0.077 0.872 0.152 1.006
74.720 3 0.078 0.872 0.153 1.006
74.760 3 0.077 0.872 0.152 1.006
74.800 3 0.077 0.872 0.150 1.006
74.840 3 0.078 0.872 0.152 1.003
74.880 3 0.077 0.872 0.152 1.006
74.920 3 0.080 0.875 0.152 1.003
74.960 3 0.077 0.872 0.150 1.003
75.000 3 0.075 0.872 0.156 1.017
75.040 3 0.075 0.872 0.156 1.017
75.080 3 0.075 0.872 0.156 1.017
75.120 3 0.075 0.872 0.156 1.017
75.160 3 0.075 0.872 0.156 1.017
75.200 3 0.075 0.872 0.156 1.017
75.240 3 0.075 0.872 0.156 1.017
75.280 3 0.075 0.872 0.156 1.017
75.320 3 0.075 0.872 0.156 1.017
75.360 3 0.075 0.872 0.156 1.017
75.400 3 0.075 0.872 0.156 1.017
75.440 3 0.075 0.872 0.155 1.017
75.480 3 0.077 0.875 0.156 1.017
75.520 3 0.075 0.872 0.156 1.017
75.560 3 0.077 0.875 0.156 1.017
75.600 3 0.075 0.872 0.155 1.017
75.640 3 0.077 0.875 0.156 1.017
75.680 3 0.075 0.872 0.155 1.014
75.720 3 0.077 0.875 0.156 1.017
75.760 3 0.075 0.875 0.155 1.014
75.800 3 0.077 0.875 0.156 1.017
75.840 3 0.077 0.875 0.155 1.014
75.880 3 0.075 0.872 0.156 1.017
75.920 3 0.075 0.875 0.155 1.017
75.960 3 0.077 0.875 0.156 1.017
76.000 3 0.075 0.872 0.156 1.017
76.040 3 0.075 0.872 0.156 1.017
76.080 3 0.075 0.872 0.156 1.017
76.120 3 0.075 0.869 0.159 1.019
76.160 3 0.072 0.867 0.156 1.019
76.200 3 0.075 0.872 0.156 1.017
76.240 3 0.075 0.869 0.159 1.019
76.280 3 0.072 0.867 0.158 1.019
76.320 3 0.075 0.872 0.156 1.017
76.360 3 0.075 0.872 0.156 1.017
76.400 3 0.075 0.872 0.156 1.017
76.440 3 0.075 0.872 0.156 1.017
76.480 3 0.075 0.872 0.156 1.017
76.520 3 0.075 0.872 0.156 1.017
76.560 3 0.075 0.872 0.156 1.017
76.600 3 0.075 0.872 0.156 1.017
76.640 3 0.075 0.872 0.156 1.017
76.680 3 0.075 0.872 0.156 1.017
82.760 4 0.225 0.181 0.464 0.608
82.800 4 0.228 0.186 0.469 0.614
82.840 4 0.234 0.194 0.470 0.611
82.880 4 0.233 0.197 0.473 0.622
82.920 4 0.231 0.200 0.477 0.636
82.960 4 0.237 0.211 0.480 0.642
83.000 4 0.230 0.219 0.472 0.650
83.040 4 0.223 0.222 0.466 0.650
83.080 4 0.230 0.225 0.470 0.653
83.120 4 0.231 0.228 0.470 0.653
83.160 4 0.239 0.225 0.478 0.653
83.200 4 0.239 0.225 0.475 0.644
83.240 4 0.253 0.211 0.487 0.628
83.280 4 0.256 0.214 0.491 0.628
83.320 4 0.264 0.208 0.498 0.622
83.360 4 0.278 0.194 0.511 0.608
83.400 4 0.289 0.178 0.525 0.597
83.440 4 0.302 0.172 0.539 0.594
83.480 4 0.314 0.169 0.553 0.594
83.520 4 0.319 0.175 0.558 0.597
83.560 4 0.333 0.181 0.570 0.600
83.600 4 0.336 0.189 0.569 0.600
83.640 4 0.347 0.192 0.578 0.606
83.680 4 0.339 0.194 0.573 0.611
83.720 4 0.352 0.197 0.584 0.614
83.760 4 0.345 0.203 0.575 0.614
83.800 4 0.347 0.203 0.578 0.614
83.840 4 0.339 0.206 0.570 0.614
83.880 4 0.344 0.206 0.573 0.614
83.920 4 0.342 0.208 0.570 0.611
83.960 4 0.342 0.208 0.569 0.611
84.000 4 0.334 0.206 0.564 0.611
84.040 4 0.341 0.206 0.573 0.617
84.080 4 0.339 0.203 0.569 0.611
84.120 4 0.345 0.200 0.575 0.606
84.160 4 0.342 0.197 0.572 0.603
84.200 4 0.348 0.192 0.578 0.597
84.240 4 0.344 0.186 0.575 0.597
84.280 4 0.350 0.189 0.580 0.597
84.320 4 0.341 0.189 0.572 0.597
84.360 4 0.345 0.192 0.577 0.600
84.400 4 0.350 0.194 0.580 0.603
84.440 4 0.353 0.203 0.583 0.611
84.480 4 0.355 0.211 0.583 0.617
86.160 5 0.245 0.186 0.508 0.650
86.200 5 0.261 0.183 0.522 0.644
86.240 5 0.258 0.175 0.525 0.644
86.280 5 0.267 0.169 0.533 0.639
86.320 5 0.266 0.169 0.527 0.633
86.360 5 0.272 0.161 0.537 0.631
86.400 5 0.270 0.161 0.533 0.625
86.440 5 0.278 0.158 0.537 0.619
86.480 5 0.272 0.158 0.533 0.617
86.520 5 0.278 0.158 0.539 0.617
86.560 5 0.281 0.161 0.539 0.617
86.600 5 0.284 0.164 0.539 0.617
86.640 5 0.287 0.169 0.539 0.614
86.680 5 0.284 0.172 0.534 0.611
86.720 5 0.292 0.172 0.539 0.608
86.760 5 0.292 0.169 0.539 0.606
86.800 5 0.292 0.172 0.536 0.603
86.840 5 0.291 0.172 0.533 0.603
86.880 5 0.289 0.172 0.531 0.600
86.920 5 0.287 0.172 0.530 0.600
86.960 5 0.286 0.167 0.537 0.611
87.000 5 0.283 0.172 0.525 0.600
87.040 5 0.284 0.167 0.514 0.572
87.080 5 0.283 0.161 0.517 0.575
87.120 5 0.281 0.161 0.516 0.575
87.160 5 0.280 0.158 0.516 0.575
87.200 5 0.278 0.156 0.514 0.572
87.240 5 0.278 0.153 0.512 0.569
87.280 5 0.277 0.150 0.512 0.567
87.320 5 0.273 0.144 0.511 0.564
87.360 5 0.272 0.142 0.509 0.561
87.400 5 0.269 0.139 0.508 0.558
87.440 5 0.267 0.133 0.506 0.556
87.480 5 0.266 0.131 0.505 0.556
87.520 5 0.263 0.128 0.505 0.553
87.560 5 0.261 0.122 0.505 0.553
87.600 5 0.258 0.119 0.503 0.553
87.640 5 0.266 0.119 0.508 0.544
87.680 5 0.261 0.111 0.506 0.544
87.720 5 0.269 0.108 0.514 0.542
87.760 5 0.263 0.111 0.505 0.539
87.800 5 0.277 0.117 0.517 0.542
87.840 5 0.269 0.122 0.508 0.544
87.880 5 0.277 0.125 0.517 0.550
87.920 5 0.270 0.128 0.512 0.556
87.960 5 0.272 0.131 0.517 0.564
88.000 5 0.266 0.139 0.511 0.572
88.040 5 0.263 0.147 0.509 0.581
88.080 5 0.261 0.156 0.505 0.586
88.120 5 0.258 0.161 0.503 0.597
88.160 5 0.263 0.158 0.508 0.592
88.200 5 0.252 0.161 0.502 0.603
88.240 5 0.245 0.172 0.492 0.608
88.280 5 0.237 0.169 0.484 0.606
88.320 5 0.223 0.167 0.470 0.606
88.360 5 0.209 0.172 0.456 0.608
88.400 5 0.203 0.169 0.453 0.611
88.440 5 0.189 0.167 0.442 0.614
88.480 5 0.184 0.169 0.436 0.611
88.520 5 0.181 0.167 0.433 0.611
88.560 5 0.177 0.164 0.431 0.611
88.600 5 0.186 0.164 0.439 0.611
88.640 5 0.175 0.167 0.425 0.606
88.680 5 0.183 0.167 0.430 0.606
88.720 5 0.180 0.169 0.423 0.600
88.760 5 0.188 0.167 0.433 0.600
88.800 5 0.183 0.164 0.430 0.597
88.840 5 0.192 0.164 0.438 0.594
88.880 5 0.195 0.164 0.439 0.597
88.920 5 0.198 0.167 0.442 0.597
88.960 5 0.200 0.169 0.444 0.597
89.000 5 0.203 0.172 0.445 0.600
89.040 5 0.205 0.175 0.448 0.603
89.080 5 0.209 0.178 0.452 0.603
89.120 5 0.214 0.181 0.455 0.606
89.160 5 0.217 0.183 0.456 0.606
89.200 5 0.222 0.181 0.467 0.614
89.240 5 0.230 0.181 0.473 0.611
89.280 5 0.233 0.183 0.477 0.614
89.320 5 0.252 0.186 0.495 0.617
89.680 5 0.264 0.189 0.503 0.614
89.720 5 0.250 0.183 0.492 0.611
89.760 5 0.236 0.181 0.478 0.608
89.800 5 0.234 0.178 0.475 0.603
89.840 5 0.214 0.175 0.458 0.606
89.880 5 0.220 0.175 0.464 0.603
89.920 5 0.212 0.175 0.452 0.597
89.960 5 0.206 0.172 0.448 0.600
90.000 5 0.203 0.172 0.445 0.600
90.040 5 0.197 0.153 0.463 0.622
90.080 5 0.195 0.156 0.459 0.622
90.120 5 0.195 0.156 0.459 0.622
90.160 5 0.194 0.156 0.456 0.622
90.200 5 0.191 0.153 0.455 0.622
90.240 5 0.189 0.153 0.455 0.625
90.280 5 0.189 0.153 0.453 0.622
90.320 5 0.189 0.153 0.453 0.622
90.360 5 0.184 0.153 0.452 0.625
90.400 5 0.189 0.153 0.458 0.625
90.440 5 0.186 0.153 0.453 0.625
90.480 5 0.194 0.158 0.459 0.628
90.520 5 0.195 0.161 0.461 0.631
90.560 5 0.211 0.164 0.473 0.631
90.600 5 0.208 0.150 0.491 0.653
90.640 5 0.222 0.156 0.503 0.653
90.680 5 0.227 0.156 0.506 0.656
90.720 5 0.231 0.161 0.511 0.658
90.760 5 0.222 0.158 0.503 0.656
90.800 5 0.234 0.158 0.516 0.656
90.840 5 0.223 0.156 0.508 0.661
90.880 5 0.223 0.153 0.508 0.661
90.920 5 0.208 0.147 0.497 0.661
90.960 5 0.194 0.147 0.483 0.664
91.000 5 0.180 0.147 0.470 0.664
91.040 5 0.170 0.139 0.456 0.644
91.080 5 0.166 0.131 0.455 0.644
91.120 5 0.166 0.139 0.448 0.639
91.160 5 0.164 0.142 0.447 0.644
91.200 5 0.164 0.147 0.444 0.644
91.240 5 0.163 0.150 0.442 0.644
91.280 5 0.159 0.147 0.439 0.644
91.320 5 0.156 0.144 0.438 0.642
91.360 5 0.155 0.142 0.434 0.639
91.400 5 0.155 0.142 0.434 0.636
91.440 5 0.152 0.139 0.433 0.636
91.480 5 0.159 0.139 0.441 0.636
91.520 5 0.159 0.139 0.439 0.636
91.560 5 0.163 0.139 0.442 0.636
91.600 5 0.167 0.142 0.445 0.636
91.640 5 0.172 0.144 0.448 0.633
91.680 5 0.172 0.133 0.456 0.636
91.720 5 0.180 0.131 0.467 0.639
91.760 5 0.186 0.133 0.470 0.636
91.800 5 0.189 0.133 0.475 0.639
91.840 5 0.202 0.133 0.491 0.644
91.880 5 0.209 0.139 0.498 0.650
91.920 5 0.219 0.144 0.508 0.656
91.960 5 0.228 0.153 0.514 0.661
92.000 5 0.236 0.164 0.517 0.661
92.040 5 0.245 0.167 0.527 0.664
92.080 5 0.239 0.167 0.523 0.669
92.120 5 0.250 0.164 0.537 0.675
92.160 5 0.248 0.161 0.534 0.669
92.200 5 0.258 0.161 0.544 0.669
92.240 5 0.255 0.164 0.539 0.667
92.280 5 0.258 0.167 0.542 0.669
92.320 5 0.259 0.169 0.539 0.664
92.360 5 0.259 0.169 0.533 0.656
92.400 5 0.255 0.167 0.530 0.653
92.440 5 0.253 0.164 0.523 0.644
92.480 5 0.250 0.161 0.519 0.639
92.520 5 0.247 0.161 0.516 0.636
92.560 5 0.245 0.161 0.512 0.636
92.600 5 0.244 0.164 0.509 0.631
92.640 5 0.242 0.164 0.505 0.628
92.680 5 0.245 0.161 0.509 0.631
92.720 5 0.239 0.161 0.503 0.628
92.760 5 0.242 0.161 0.506 0.628
92.800 5 0.242 0.158 0.506 0.628
92.840 5 0.244 0.158 0.508 0.628
92.880 5 0.250 0.161 0.512 0.625
92.920 5 0.245 0.161 0.509 0.628
92.960 5 0.253 0.164 0.517 0.631
93.000 5 0.256 0.172 0.498 0.600
93.040 5 0.261 0.189 0.495 0.603
93.080 5 0.258 0.186 0.495 0.608
93.120 5 0.256 0.189 0.495 0.611
93.160 5 0.252 0.189 0.494 0.617
93.200 5 0.248 0.197 0.489 0.622
93.240 5 0.245 0.203 0.484 0.625
93.280 5 0.237 0.206 0.480 0.631
93.320 5 0.230 0.206 0.473 0.636
93.360 5 0.236 0.239 0.464 0.639
93.400 5 0.223 0.242 0.452 0.644
93.440 5 0.214 0.250 0.445 0.658
93.480 5 0.202 0.244 0.433 0.653
93.520 5 0.197 0.239 0.431 0.653
93.560 5 0.186 0.233 0.417 0.644
93.600 5 0.181 0.219 0.420 0.642
93.640 5 0.170 0.214 0.405 0.631
93.680 5 0.175 0.211 0.411 0.625
93.720 5 0.173 0.206 0.409 0.622
93.760 5 0.181 0.206 0.417 0.622
93.800 5 0.194 0.192 0.430 0.608
93.840 5 0.197 0.189 0.436 0.611
93.880 5 0.208 0.169 0.453 0.603
93.920 5 0.217 0.164 0.459 0.592
93.960 5 0.231 0.167 0.486 0.617
94.000 5 0.256 0.172 0.498 0.600
94.040 5 0.273 0.167 0.512 0.589
94.080 5 0.291 0.175 0.527 0.594
94.120 5 0.306 0.181 0.542 0.597
94.160 5 0.320 0.183 0.556 0.600
94.200 5 0.334 0.183 0.567 0.597
94.240 5 0.347 0.181 0.581 0.594
94.280 5 0.358 0.175 0.591 0.586
94.320 5 0.364 0.167 0.600 0.583
94.360 5 0.372 0.158 0.608 0.575
94.400 5 0.381 0.150 0.614 0.564
94.440 5 0.388 0.147 0.620 0.558
94.480 5 0.400 0.144 0.628 0.550
94.520 5 0.405 0.144 0.631 0.542
94.560 5 0.414 0.142 0.639 0.539
94.600 5 0.417 0.139 0.641 0.536
94.640 5 0.423 0.142 0.648 0.539
94.680 5 0.428 0.142 0.655 0.539
94.720 5 0.428 0.139 0.655 0.542
94.760 5 0.428 0.142 0.655 0.542
94.800 5 0.423 0.142 0.650 0.544
94.840 5 0.425 0.144 0.652 0.544
94.880 5 0.414 0.144 0.637 0.539
94.920 5 0.406 0.142 0.633 0.542
94.960 5 0.400 0.139 0.623 0.539
95.000 5 0.388 0.133 0.613 0.531
95.040 5 0.383 0.128 0.608 0.525
95.080 5 0.369 0.119 0.594 0.517
95.120 5 0.373 0.111 0.597 0.508
95.160 5 0.366 0.106 0.589 0.500
95.200 5 0.369 0.103 0.591 0.497
95.240 5 0.362 0.100 0.584 0.494
95.280 5 0.366 0.100 0.588 0.492
95.320 5 0.362 0.097 0.584 0.492
95.360 5 0.362 0.100 0.588 0.497
95.400 5 0.353 0.103 0.581 0.506
95.440 5 0.355 0.106 0.583 0.508
95.480 5 0.347 0.106 0.575 0.511
95.520 5 0.344 0.108 0.573 0.514
95.560 5 0.336 0.108 0.569 0.519
95.600 5 0.330 0.108 0.564 0.525
95.640 5 0.322 0.108 0.559 0.528
95.680 5 0.312 0.108 0.550 0.531
95.720 5 0.312 0.108 0.548 0.525
95.760 5 0.303 0.103 0.542 0.528
95.800 5 0.294 0.100 0.536 0.528
95.840 5 0.292 0.097 0.533 0.525
95.880 5 0.289 0.094 0.530 0.522
95.920 5 0.286 0.092 0.527 0.519
95.960 5 0.281 0.086 0.523 0.514
96.000 5 0.283 0.075 0.525 0.506
96.040 5 0.272 0.067 0.519 0.506
96.080 5 0.264 0.067 0.516 0.517
96.120 5 0.269 0.078 0.511 0.511
96.160 5 0.259 0.075 0.506 0.514
96.200 5 0.248 0.078 0.500 0.525
96.240 5 0.239 0.081 0.497 0.539
96.280 5 0.230 0.086 0.494 0.556
96.320 5 0.223 0.094 0.487 0.564
96.360 5 0.220 0.106 0.484 0.572
96.400 5 0.211 0.111 0.477 0.581
96.440 5 0.200 0.106 0.473 0.592
96.480 5 0.200 0.103 0.478 0.594
96.520 5 0.202 0.103 0.473 0.589
96.560 5 0.191 0.097 0.469 0.592
96.600 5 0.198 0.103 0.472 0.589
96.640 5 0.205 0.100 0.480 0.592
96.680 5 0.202 0.103 0.473 0.586
96.720 5 0.203 0.106 0.473 0.586
96.760 5 0.203 0.106 0.473 0.586
96.800 5 0.205 0.108 0.473 0.583
96.840 5 0.208 0.114 0.472 0.583
96.880 5 0.211 0.117 0.472 0.583
96.920 5 0.220 0.128 0.472 0.578
96.960 5 0.234 0.133 0.481 0.575
97.000 5 0.237 0.139 0.486 0.581
97.520 5 0.272 0.194 0.516 0.625
97.560 5 0.273 0.194 0.519 0.628
97.600 5 0.267 0.197 0.512 0.631
97.640 5 0.267 0.197 0.511 0.631
97.680 5 0.266 0.200 0.506 0.625
97.720 5 0.270 0.197 0.512 0.622
97.760 5 0.266 0.192 0.508 0.619
97.800 5 0.272 0.186 0.514 0.614
97.840 5 0.273 0.186 0.512 0.608
97.880 5 0.269 0.178 0.509 0.606
97.920 5 0.277 0.175 0.517 0.603
97.960 5 0.270 0.161 0.520 0.603
98.000 5 0.283 0.172 0.525 0.600
98.040 5 0.287 0.172 0.530 0.600
98.080 5 0.292 0.175 0.536 0.603
98.120 5 0.305 0.178 0.548 0.606
98.160 5 0.303 0.178 0.550 0.614
98.200 5 0.314 0.178 0.566 0.622
98.160 6 0.300 0.153 0.555 0.606
98.200 6 0.305 0.158 0.558 0.608
98.240 6 0.319 0.167 0.573 0.619
98.280 6 0.322 0.175 0.575 0.625
98.320 6 0.334 0.178 0.589 0.633
98.360 6 0.339 0.186 0.591 0.633
98.400 6 0.344 0.192 0.591 0.633
98.440 6 0.347 0.197 0.595 0.636
98.480 6 0.339 0.203 0.586 0.642
98.520 6 0.352 0.211 0.598 0.650
98.560 6 0.339 0.214 0.584 0.647
98.600 6 0.348 0.214 0.589 0.642
98.640 6 0.331 0.214 0.578 0.650
98.680 6 0.325 0.206 0.575 0.650
98.720 6 0.305 0.194 0.566 0.658
98.760 6 0.297 0.200 0.556 0.658
98.800 6 0.287 0.206 0.537 0.647
98.840 6 0.292 0.214 0.534 0.644
98.880 6 0.284 0.211 0.530 0.650
98.920 6 0.292 0.222 0.530 0.644
98.960 6 0.283 0.219 0.527 0.650
99.000 6 0.283 0.219 0.525 0.650
99.040 6 0.280 0.225 0.517 0.647
99.080 6 0.277 0.219 0.514 0.644
99.120 6 0.273 0.217 0.511 0.642
99.160 6 0.269 0.211 0.508 0.636
99.200 6 0.267 0.208 0.505 0.633
99.240 6 0.261 0.208 0.497 0.628
99.280 6 0.250 0.200 0.491 0.631
99.320 6 0.250 0.200 0.487 0.622
99.360 6 0.242 0.192 0.481 0.619
99.400 6 0.233 0.183 0.472 0.608
99.440 6 0.227 0.178 0.466 0.603
99.480 6 0.216 0.167 0.456 0.592
99.520 6 0.212 0.158 0.455 0.589
99.560 6 0.202 0.153 0.439 0.578
99.600 6 0.197 0.150 0.434 0.572
99.640 6 0.195 0.147 0.430 0.564
99.680 6 0.194 0.144 0.427 0.561
99.720 6 0.191 0.142 0.427 0.561
99.760 6 0.189 0.139 0.425 0.561
99.800 6 0.188 0.139 0.425 0.561
99.840 6 0.188 0.139 0.425 0.564
99.880 6 0.188 0.144 0.427 0.569
99.920 6 0.184 0.139 0.423 0.567
99.960 6 0.192 0.139 0.430 0.558
100.000 6 0.202 0.144 0.433 0.556
100.040 6 0.214 0.144 0.444 0.553
100.080 6 0.214 0.147 0.445 0.558
100.120 6 0.223 0.147 0.458 0.561
100.160 6 0.227 0.147 0.463 0.567
100.200 6 0.231 0.150 0.466 0.569
100.240 6 0.234 0.150 0.470 0.569
100.280 6 0.237 0.158 0.469 0.567
100.320 6 0.248 0.156 0.483 0.572
100.360 6 0.248 0.158 0.486 0.578
100.400 6 0.261 0.156 0.500 0.581
100.440 6 0.264 0.158 0.502 0.581
100.480 6 0.275 0.161 0.511 0.581
100.520 6 0.281 0.161 0.516 0.581
100.560 6 0.286 0.161 0.520 0.578
100.600 6 0.291 0.161 0.525 0.578
100.640 6 0.295 0.161 0.530 0.581
100.680 6 0.298 0.164 0.534 0.581
100.720 6 0.303 0.164 0.539 0.583
100.760 6 0.305 0.164 0.542 0.586
100.800 6 0.308 0.167 0.544 0.589
100.840 6 0.309 0.169 0.547 0.592
100.880 6 0.309 0.169 0.548 0.597
100.920 6 0.309 0.169 0.550 0.597
100.960 6 0.309 0.169 0.552 0.600
101.000 6 0.311 0.172 0.552 0.600
101.040 6 0.312 0.150 0.548 0.569
101.080 6 0.314 0.153 0.550 0.572
101.120 6 0.314 0.153 0.547 0.569
101.160 6 0.323 0.158 0.550 0.564
101.200 6 0.319 0.150 0.550 0.564
101.240 6 0.322 0.150 0.555 0.567
101.280 6 0.317 0.156 0.553 0.575
101.320 6 0.323 0.161 0.559 0.581
101.360 6 0.317 0.169 0.552 0.586
101.400 6 0.320 0.178 0.552 0.589
101.440 6 0.311 0.178 0.544 0.592
101.480 6 0.308 0.178 0.539 0.592
101.520 6 0.300 0.178 0.533 0.592
101.560 6 0.292 0.175 0.525 0.592
101.600 6 0.283 0.175 0.517 0.592
101.640 6 0.277 0.175 0.509 0.589
101.680 6 0.264 0.175 0.500 0.594
101.720 6 0.258 0.172 0.492 0.589
101.760 6 0.250 0.175 0.483 0.589
101.800 6 0.248 0.175 0.480 0.586
101.840 6 0.242 0.172 0.473 0.583
101.880 6 0.239 0.167 0.472 0.578
101.920 6 0.231 0.153 0.469 0.575
101.960 6 0.239 0.153 0.477 0.575
102.000 6 0.230 0.122 0.472 0.553
102.040 6 0.227 0.136 0.480 0.589
102.080 6 0.230 0.144 0.481 0.592
102.120 6 0.223 0.153 0.472 0.597
102.160 6 0.227 0.164 0.470 0.600
102.200 6 0.220 0.175 0.463 0.606
102.240 6 0.214 0.181 0.455 0.608
102.280 6 0.206 0.183 0.447 0.614
102.320 6 0.198 0.189 0.439 0.614
102.360 6 0.186 0.192 0.425 0.619
102.400 6 0.173 0.194 0.434 0.661
102.440 6 0.161 0.197 0.419 0.658
102.480 6 0.145 0.197 0.405 0.661
102.520 6 0.134 0.197 0.398 0.667
102.560 6 0.127 0.197 0.389 0.669
102.600 6 0.120 0.203 0.380 0.667
102.640 6 0.108 0.208 0.362 0.667
102.680 6 0.111 0.217 0.362 0.664
102.720 6 0.105 0.217 0.355 0.667
102.760 6 0.103 0.219 0.352 0.664
102.800 6 0.111 0.217 0.361 0.667
102.840 6 0.113 0.222 0.362 0.667
102.880 6 0.133 0.217 0.381 0.661
102.920 6 0.150 0.219 0.389 0.647
102.960 6 0.163 0.222 0.405 0.656
103.000 6 0.177 0.219 0.417 0.650
103.040 6 0.192 0.231 0.419 0.636
103.080 6 0.209 0.231 0.438 0.639
103.120 6 0.225 0.228 0.453 0.633
103.160 6 0.241 0.225 0.467 0.628
103.200 6 0.252 0.219 0.480 0.625
103.240 6 0.266 0.222 0.492 0.625
103.280 6 0.278 0.217 0.505 0.619
103.320 6 0.291 0.214 0.517 0.617
103.360 6 0.303 0.214 0.530 0.614
103.400 6 0.319 0.211 0.544 0.608
103.440 6 0.323 0.208 0.552 0.614
103.480 6 0.333 0.200 0.564 0.611
103.520 6 0.342 0.197 0.573 0.608
103.560 6 0.353 0.189 0.583 0.597
103.600 6 0.361 0.183 0.595 0.600
103.640 6 0.369 0.175 0.605 0.594
103.680 6 0.377 0.172 0.613 0.592
103.720 6 0.384 0.172 0.619 0.589
103.760 6 0.381 0.167 0.617 0.586
103.800 6 0.391 0.164 0.630 0.589
103.840 6 0.381 0.164 0.620 0.589
103.880 6 0.388 0.169 0.628 0.594
103.920 6 0.380 0.167 0.616 0.589
103.960 6 0.375 0.169 0.609 0.586
104.000 6 0.364 0.172 0.606 0.600
104.040 6 0.358 0.172 0.595 0.592
104.080 6 0.350 0.178 0.589 0.600
104.120 6 0.358 0.181 0.594 0.594
104.160 6 0.336 0.169 0.589 0.614
104.200 6 0.338 0.169 0.583 0.606
104.240 6 0.320 0.158 0.572 0.606
104.280 6 0.327 0.175 0.569 0.603
104.320 6 0.317 0.178 0.552 0.592
104.360 6 0.316 0.175 0.553 0.597
104.400 6 0.311 0.175 0.550 0.597
104.440 6 0.308 0.172 0.547 0.594
104.480 6 0.302 0.167 0.542 0.592
104.520 6 0.287 0.161 0.533 0.592
104.560 6 0.280 0.161 0.523 0.592
104.600 6 0.272 0.161 0.516 0.592
104.640 6 0.263 0.164 0.508 0.597
104.680 6 0.270 0.183 0.503 0.594
104.720 6 0.261 0.181 0.498 0.600
104.760 6 0.252 0.183 0.491 0.603
104.800 6 0.239 0.181 0.481 0.608
104.840 6 0.233 0.178 0.478 0.608
104.880 6 0.228 0.178 0.470 0.606
104.920 6 0.223 0.175 0.467 0.603
104.960 6 0.220 0.172 0.464 0.600
105.000 6 0.230 0.172 0.472 0.600
105.040 6 0.228 0.172 0.470 0.600
105.080 6 0.223 0.167 0.467 0.597
105.120 6 0.219 0.161 0.463 0.592
105.160 6 0.209 0.156 0.456 0.592
105.200 6 0.209 0.161 0.456 0.597
105.240 6 0.202 0.164 0.448 0.600
105.280 6 0.205 0.164 0.453 0.603
105.320 6 0.198 0.169 0.445 0.606
105.360 6 0.205 0.169 0.456 0.614
105.400 6 0.205 0.169 0.452 0.606
105.440 6 0.214 0.169 0.456 0.597
105.480 6 0.211 0.164 0.453 0.592
105.520 6 0.217 0.153 0.464 0.586
105.560 6 0.225 0.147 0.472 0.583
105.600 6 0.225 0.133 0.483 0.589
105.640 6 0.223 0.131 0.486 0.594
105.680 6 0.228 0.131 0.491 0.594
105.720 6 0.233 0.119 0.503 0.600
105.520 7 0.198 0.108 0.483 0.614
105.560 7 0.194 0.100 0.483 0.614
105.600 7 0.202 0.092 0.492 0.608
105.640 7 0.214 0.092 0.512 0.619
105.680 7 0.206 0.089 0.505 0.622
105.720 7 0.206 0.072 0.520 0.633
105.760 7 0.217 0.069 0.530 0.622
105.800 7 0.216 0.064 0.527 0.617
105.840 7 0.228 0.064 0.536 0.614
105.880 7 0.233 0.069 0.537 0.611
105.920 7 0.236 0.072 0.536 0.608
105.960 7 0.241 0.083 0.536 0.608
106.000 7 0.244 0.092 0.534 0.608
106.040 7 0.250 0.114 0.525 0.600
106.080 7 0.248 0.122 0.520 0.606
106.120 7 0.252 0.125 0.523 0.606
106.160 7 0.255 0.128 0.525 0.606
106.200 7 0.252 0.133 0.516 0.603
106.240 7 0.253 0.133 0.519 0.603
106.280 7 0.256 0.133 0.519 0.597
106.320 7 0.259 0.131 0.520 0.594
106.360 7 0.256 0.128 0.517 0.592
106.400 7 0.258 0.125 0.519 0.586
106.440 7 0.258 0.119 0.522 0.586
106.480 7 0.261 0.119 0.522 0.583
106.520 7 0.259 0.114 0.527 0.583
106.560 7 0.258 0.114 0.522 0.581
106.600 7 0.263 0.106 0.531 0.583
106.640 7 0.258 0.106 0.525 0.578
106.680 7 0.264 0.103 0.533 0.578
106.720 7 0.259 0.100 0.530 0.578
106.760 7 0.266 0.100 0.534 0.578
106.800 7 0.267 0.100 0.537 0.578
106.840 7 0.273 0.100 0.542 0.578
106.880 7 0.267 0.103 0.536 0.578
106.920 7 0.275 0.106 0.541 0.578
106.960 7 0.269 0.106 0.536 0.575
107.000 7 0.264 0.100 0.534 0.581
107.040 7 0.259 0.094 0.531 0.578
107.080 7 0.253 0.086 0.528 0.572
107.120 7 0.248 0.083 0.525 0.572
107.160 7 0.244 0.083 0.519 0.569
107.200 7 0.253 0.086 0.527 0.572
107.240 7 0.252 0.092 0.523 0.575
107.280 7 0.261 0.094 0.534 0.581
107.320 7 0.266 0.103 0.534 0.581
107.360 7 0.278 0.103 0.550 0.583
107.400 7 0.281 0.108 0.550 0.586
107.440 7 0.295 0.111 0.566 0.589
107.480 7 0.302 0.117 0.569 0.592
107.520 7 0.316 0.119 0.583 0.594
107.560 7 0.323 0.128 0.592 0.603
107.600 7 0.336 0.133 0.603 0.608
107.640 7 0.344 0.142 0.609 0.611
107.680 7 0.350 0.144 0.614 0.614
107.720 7 0.358 0.147 0.622 0.614
107.760 7 0.355 0.150 0.617 0.617
107.800 7 0.366 0.156 0.625 0.617
107.840 7 0.355 0.158 0.611 0.614
107.880 7 0.356 0.161 0.611 0.614
107.920 7 0.342 0.161 0.598 0.614
107.960 7 0.342 0.161 0.595 0.611
108.000 7 0.338 0.172 0.580 0.600
108.040 7 0.328 0.147 0.575 0.586
108.080 7 0.320 0.147 0.566 0.583
108.120 7 0.323 0.147 0.567 0.581
108.160 7 0.325 0.147 0.570 0.583
108.200 7 0.319 0.153 0.564 0.589
108.240 7 0.322 0.161 0.566 0.592
108.280 7 0.311 0.161 0.555 0.594
108.320 7 0.308 0.158 0.552 0.592
108.360 7 0.302 0.153 0.548 0.589
108.400 7 0.295 0.147 0.542 0.586
108.440 7 0.287 0.139 0.536 0.581
108.480 7 0.280 0.136 0.528 0.578
108.520 7 0.273 0.136 0.520 0.572
108.560 7 0.267 0.136 0.512 0.569
108.600 7 0.263 0.136 0.506 0.567
108.640 7 0.258 0.136 0.500 0.567
108.680 7 0.253 0.136 0.495 0.567
108.720 7 0.248 0.139 0.489 0.567
108.760 7 0.242 0.139 0.483 0.564
108.800 7 0.234 0.136 0.473 0.561
108.840 7 0.237 0.136 0.477 0.561
108.880 7 0.231 0.139 0.470 0.561
108.920 7 0.237 0.139 0.475 0.558
108.960 7 0.237 0.142 0.472 0.558
109.000 7 0.230 0.122 0.472 0.553
109.040 7 0.231 0.139 0.477 0.572
109.080 7 0.236 0.142 0.478 0.572
109.120 7 0.239 0.142 0.481 0.572
109.160 7 0.245 0.144 0.484 0.572
109.200 7 0.248 0.144 0.491 0.572
109.240 7 0.256 0.147 0.497 0.575
109.280 7 0.263 0.147 0.505 0.578
109.320 7 0.269 0.147 0.511 0.578
109.360 7 0.277 0.144 0.520 0.578
109.400 7 0.283 0.136 0.528 0.575
109.440 7 0.292 0.136 0.539 0.572
109.480 7 0.292 0.136 0.537 0.572
109.520 7 0.302 0.139 0.547 0.572
109.560 7 0.303 0.139 0.550 0.578
109.600 7 0.305 0.139 0.555 0.581
109.640 7 0.314 0.139 0.564 0.583
109.680 7 0.312 0.139 0.564 0.586
109.720 7 0.320 0.142 0.572 0.589
109.760 7 0.317 0.142 0.569 0.589
109.800 7 0.325 0.142 0.578 0.589
109.840 7 0.323 0.142 0.577 0.589
109.880 7 0.333 0.144 0.584 0.594
109.920 7 0.331 0.153 0.583 0.600
109.960 7 0.339 0.158 0.591 0.606
110.000 7 0.336 0.169 0.586 0.614
110.040 7 0.342 0.175 0.594 0.619
110.080 7 0.339 0.178 0.592 0.625
110.120 7 0.336 0.178 0.591 0.628
110.160 7 0.338 0.178 0.592 0.631
110.200 7 0.327 0.178 0.580 0.628
110.240 7 0.323 0.175 0.577 0.625
110.280 7 0.314 0.178 0.567 0.625
110.320 7 0.303 0.175 0.556 0.625
110.360 7 0.294 0.178 0.547 0.628
110.400 7 0.286 0.181 0.539 0.631
110.440 7 0.277 0.183 0.531 0.636
110.480 7 0.275 0.192 0.525 0.636
110.520 7 0.273 0.197 0.522 0.639
110.560 7 0.264 0.200 0.514 0.644
110.600 7 0.263 0.203 0.511 0.644
110.640 7 0.259 0.203 0.508 0.647
110.680 7 0.256 0.203 0.506 0.647
110.720 7 0.253 0.200 0.503 0.644
110.760 7 0.252 0.197 0.502 0.642
110.800 7 0.248 0.192 0.500 0.639
110.840 7 0.247 0.189 0.497 0.633
110.880 7 0.242 0.183 0.494 0.631
110.920 7 0.239 0.183 0.489 0.628
110.960 7 0.234 0.181 0.486 0.625
111.000 7 0.231 0.178 0.481 0.619
111.040 7 0.227 0.175 0.477 0.619
111.080 7 0.222 0.172 0.473 0.617
111.120 7 0.219 0.169 0.470 0.619
111.160 7 0.209 0.167 0.463 0.614
111.200 7 0.212 0.161 0.464 0.608
111.240 7 0.208 0.158 0.458 0.603
111.280 7 0.212 0.150 0.466 0.600
111.320 7 0.211 0.150 0.463 0.594
111.360 7 0.208 0.147 0.461 0.594
111.400 7 0.205 0.144 0.458 0.594
111.440 7 0.203 0.147 0.456 0.594
111.480 7 0.194 0.144 0.445 0.592
111.520 7 0.189 0.144 0.441 0.592
111.560 7 0.186 0.142 0.438 0.589
111.600 7 0.178 0.150 0.428 0.594
111.640 7 0.169 0.156 0.420 0.603
111.680 7 0.159 0.161 0.412 0.611
111.720 7 0.152 0.169 0.405 0.617
111.760 7 0.144 0.178 0.395 0.625
111.800 7 0.133 0.186 0.383 0.631
111.840 7 0.125 0.197 0.372 0.636
111.880 7 0.113 0.203 0.361 0.644
111.920 7 0.106 0.208 0.352 0.644
111.960 7 0.103 0.206 0.350 0.644
112.000 7 0.095 0.219 0.338 0.650
112.040 7 0.105 0.228 0.334 0.633
112.080 7 0.105 0.222 0.331 0.625
112.120 7 0.105 0.214 0.328 0.611
112.160 7 0.108 0.200 0.333 0.600
112.200 7 0.108 0.189 0.336 0.594
112.240 7 0.111 0.186 0.339 0.592
112.280 7 0.120 0.183 0.348 0.589
112.320 7 0.128 0.175 0.356 0.581
112.360 7 0.138 0.172 0.372 0.583
112.400 7 0.150 0.164 0.380 0.572
112.440 7 0.158 0.158 0.384 0.561
112.480 7 0.170 0.156 0.398 0.558
112.520 7 0.177 0.156 0.406 0.558
112.560 7 0.184 0.156 0.412 0.558
112.600 7 0.197 0.158 0.427 0.564
112.640 7 0.198 0.164 0.428 0.569
112.680 7 0.208 0.164 0.445 0.581
112.720 7 0.212 0.172 0.445 0.583
112.760 7 0.220 0.172 0.459 0.594
112.800 7 0.225 0.181 0.463 0.600
112.840 7 0.228 0.183 0.466 0.600
112.880 7 0.231 0.183 0.466 0.600
112.920 7 0.223 0.175 0.467 0.608
112.960 7 0.231 0.178 0.470 0.600
113.000 7 0.230 0.172 0.472 0.600
113.040 7 0.228 0.169 0.472 0.600
113.080 7 0.227 0.164 0.472 0.600
113.120 7 0.225 0.161 0.472 0.597
113.160 7 0.223 0.158 0.472 0.594
113.200 7 0.222 0.153 0.470 0.592
113.240 7 0.220 0.150 0.467 0.586
113.280 7 0.220 0.147 0.466 0.581
113.320 7 0.223 0.147 0.463 0.572
113.360 7 0.222 0.147 0.464 0.572
113.400 7 0.222 0.147 0.463 0.572
113.440 7 0.219 0.156 0.455 0.572
113.480 7 0.223 0.158 0.458 0.572
113.520 7 0.225 0.164 0.458 0.572
113.560 7 0.231 0.161 0.466 0.572
113.600 7 0.223 0.158 0.459 0.575
113.640 7 0.234 0.161 0.470 0.578
113.680 7 0.228 0.161 0.464 0.581
113.720 7 0.241 0.161 0.478 0.581
113.760 7 0.241 0.161 0.483 0.586
113.800 7 0.253 0.158 0.498 0.592
113.840 7 0.259 0.153 0.514 0.600
113.880 7 0.278 0.164 0.519 0.589
113.920 7 0.289 0.167 0.531 0.594
113.960 7 0.287 0.169 0.530 0.597
114.000 7 0.295 0.172 0.536 0.597
114.040 7 0.292 0.175 0.533 0.600
114.080 7 0.294 0.175 0.536 0.603
114.120 7 0.294 0.175 0.537 0.606
114.160 7 0.295 0.178 0.539 0.608
114.200 7 0.297 0.178 0.541 0.611
114.240 7 0.300 0.181 0.542 0.611
114.280 7 0.298 0.183 0.537 0.608
114.320 7 0.298 0.181 0.542 0.611
114.360 7 0.294 0.178 0.539 0.611
114.400 7 0.300 0.172 0.545 0.608
114.440 7 0.291 0.169 0.537 0.606
114.480 7 0.297 0.161 0.547 0.603
114.520 7 0.294 0.167 0.537 0.597
114.560 7 0.302 0.164 0.548 0.603
114.600 7 0.295 0.164 0.542 0.600
114.640 7 0.302 0.161 0.545 0.594
114.680 7 0.309 0.158 0.552 0.586
114.720 7 0.308 0.158 0.550 0.589
114.760 7 0.319 0.161 0.562 0.594
114.800 7 0.309 0.164 0.558 0.606
114.840 7 0.306 0.169 0.555 0.611
114.880 7 0.298 0.172 0.547 0.611
114.920 7 0.300 0.172 0.548 0.611
114.960 7 0.297 0.172 0.547 0.611
115.000 7 0.311 0.172 0.552 0.600
115.040 7 0.306 0.175 0.550 0.606
115.080 7 0.308 0.169 0.555 0.606
115.120 7 0.314 0.167 0.558 0.597
115.160 7 0.317 0.161 0.561 0.592
115.200 7 0.323 0.156 0.569 0.586
115.240 7 0.322 0.156 0.567 0.589
115.280 7 0.330 0.156 0.575 0.592
115.320 7 0.325 0.158 0.572 0.594
115.360 7 0.323 0.158 0.575 0.603
115.400 7 0.322 0.161 0.575 0.608
115.440 7 0.322 0.164 0.572 0.608
115.480 7 0.323 0.167 0.573 0.608
115.520 7 0.328 0.169 0.573 0.606
115.560 7 0.331 0.169 0.580 0.608
115.600 7 0.331 0.169 0.577 0.606
115.640 7 0.333 0.175 0.577 0.606
115.680 7 0.336 0.178 0.577 0.606
115.720 7 0.339 0.178 0.581 0.606
115.760 7 0.336 0.169 0.581 0.606
115.800 7 0.345 0.172 0.588 0.600
115.840 7 0.342 0.167 0.586 0.603
115.880 7 0.352 0.169 0.595 0.600
115.920 7 0.344 0.169 0.583 0.594
115.960 7 0.350 0.172 0.589 0.597
116.000 7 0.338 0.172 0.580 0.600
116.040 7 0.331 0.175 0.570 0.594
116.080 7 0.333 0.169 0.578 0.603
116.120 7 0.328 0.164 0.578 0.606
116.160 7 0.322 0.156 0.577 0.606
116.200 7 0.319 0.158 0.569 0.597
116.240 7 0.314 0.153 0.564 0.594
116.280 7 0.308 0.147 0.559 0.594
116.320 7 0.303 0.144 0.556 0.592
116.360 7 0.298 0.139 0.555 0.592
120.080 8 0.798 0.094 0.902 0.278
120.120 8 0.798 0.094 0.902 0.278
120.160 8 0.798 0.094 0.903 0.278
120.200 8 0.800 0.094 0.903 0.278
120.240 8 0.798 0.094 0.903 0.278
120.280 8 0.800 0.094 0.903 0.281
120.320 8 0.800 0.094 0.905 0.281
120.360 8 0.798 0.097 0.902 0.281
120.400 8 0.797 0.097 0.900 0.278
120.440 8 0.797 0.097 0.898 0.278
120.480 8 0.797 0.094 0.898 0.278
120.520 8 0.795 0.092 0.898 0.275
120.560 8 0.795 0.092 0.898 0.275
120.600 8 0.794 0.092 0.897 0.275
120.640 8 0.794 0.089 0.898 0.275
120.680 8 0.792 0.089 0.897 0.275
120.720 8 0.792 0.089 0.897 0.275
120.760 8 0.791 0.086 0.895 0.272
120.800 8 0.794 0.086 0.900 0.272
120.840 8 0.789 0.083 0.895 0.272
120.880 8 0.792 0.081 0.897 0.269
120.920 8 0.789 0.081 0.895 0.269
120.960 8 0.792 0.081 0.897 0.267
121.000 8 0.791 0.078 0.895 0.267
121.040 8 0.794 0.075 0.900 0.264
121.080 8 0.792 0.075 0.898 0.264
121.120 8 0.797 0.075 0.903 0.264
121.160 8 0.795 0.078 0.900 0.264
121.200 8 0.797 0.078 0.902 0.264
121.240 8 0.792 0.081 0.897 0.267
121.280 8 0.794 0.083 0.897 0.269
121.320 8 0.791 0.083 0.894 0.267
121.360 8 0.789 0.083 0.892 0.267
121.400 8 0.786 0.083 0.891 0.267
121.440 8 0.784 0.083 0.889 0.267
121.480 8 0.786 0.083 0.889 0.267
121.520 8 0.783 0.083 0.886 0.267
121.560 8 0.780 0.086 0.883 0.267
121.600 8 0.780 0.086 0.883 0.269
121.640 8 0.777 0.092 0.878 0.272
121.680 8 0.775 0.094 0.875 0.269
121.720 8 0.777 0.097 0.873 0.269
121.760 8 0.772 0.100 0.869 0.272
121.800 8 0.772 0.103 0.869 0.272
121.840 8 0.769 0.103 0.867 0.275
121.880 8 0.766 0.103 0.863 0.275
121.920 8 0.769 0.106 0.864 0.275
121.960 8 0.761 0.103 0.864 0.283
122.000 8 0.761 0.106 0.858 0.278
122.040 8 0.758 0.114 0.856 0.286
122.080 8 0.756 0.114 0.855 0.289
122.120 8 0.753 0.117 0.850 0.289
122.160 8 0.752 0.117 0.847 0.289
122.200 8 0.750 0.119 0.845 0.289
122.240 8 0.750 0.122 0.844 0.289
122.280 8 0.745 0.122 0.839 0.289
122.320 8 0.744 0.122 0.838 0.289
122.360 8 0.742 0.122 0.836 0.289
122.400 8 0.741 0.122 0.834 0.289
122.440 8 0.739 0.125 0.830 0.286
122.480 8 0.738 0.125 0.828 0.286
122.520 8 0.738 0.125 0.828 0.286
122.560 8 0.734 0.125 0.825 0.286
122.600 8 0.736 0.122 0.827 0.283
122.640 8 0.736 0.122 0.827 0.283
122.680 8 0.734 0.119 0.825 0.281
122.720 8 0.736 0.119 0.827 0.281
122.760 8 0.734 0.119 0.825 0.281
122.800 8 0.736 0.119 0.828 0.281
122.840 8 0.736 0.119 0.827 0.281
122.880 8 0.734 0.119 0.827 0.283
122.920 8 0.733 0.119 0.825 0.283
122.960 8 0.731 0.119 0.825 0.289
123.000 8 0.728 0.125 0.825 0.297
123.040 8 0.725 0.117 0.822 0.286
123.080 8 0.727 0.117 0.823 0.289
123.120 8 0.723 0.119 0.820 0.292
123.160 8 0.725 0.122 0.820 0.292
123.200 8 0.722 0.122 0.817 0.292
123.240 8 0.723 0.122 0.819 0.294
123.280 8 0.720 0.125 0.816 0.294
123.320 8 0.720 0.125 0.817 0.300
123.360 8 0.717 0.128 0.814 0.300
123.400 8 0.719 0.128 0.816 0.300
123.440 8 0.717 0.128 0.814 0.300
123.480 8 0.719 0.128 0.814 0.297
123.520 8 0.720 0.125 0.816 0.294
123.560 8 0.720 0.125 0.816 0.294
123.600 8 0.722 0.125 0.817 0.292
123.640 8 0.723 0.125 0.817 0.289
123.680 8 0.723 0.122 0.817 0.289
123.720 8 0.723 0.122 0.817 0.289
123.760 8 0.723 0.122 0.817 0.289
123.800 8 0.722 0.122 0.816 0.289
123.840 8 0.722 0.122 0.816 0.289
123.880 8 0.722 0.119 0.816 0.286
123.920 8 0.720 0.119 0.814 0.286
123.960 8 0.720 0.119 0.814 0.286
124.000 8 0.717 0.106 0.814 0.278
124.040 8 0.716 0.106 0.811 0.275
124.080 8 0.717 0.106 0.814 0.278
124.120 8 0.717 0.106 0.814 0.278
124.160 8 0.717 0.108 0.814 0.281
124.200 8 0.716 0.106 0.814 0.281
124.240 8 0.714 0.108 0.811 0.281
124.280 8 0.719 0.108 0.817 0.281
124.320 8 0.716 0.108 0.814 0.283
124.360 8 0.720 0.108 0.819 0.286
124.400 8 0.719 0.114 0.817 0.289
124.440 8 0.727 0.117 0.825 0.292
124.480 8 0.728 0.122 0.825 0.292
124.520 8 0.733 0.122 0.830 0.294
124.560 8 0.734 0.125 0.830 0.294
124.600 8 0.736 0.128 0.831 0.294
124.640 8 0.738 0.128 0.831 0.294
124.680 8 0.734 0.125 0.830 0.297
124.720 8 0.736 0.128 0.831 0.297
124.760 8 0.734 0.128 0.830 0.297
124.800 8 0.736 0.128 0.831 0.297
124.840 8 0.736 0.128 0.831 0.297
124.880 8 0.733 0.128 0.828 0.297
124.920 8 0.736 0.131 0.831 0.297
124.960 8 0.733 0.131 0.828 0.300
125.000 8 0.738 0.133 0.833 0.300
125.040 8 0.734 0.133 0.830 0.300
125.080 8 0.736 0.133 0.830 0.300
125.120 8 0.734 0.131 0.830 0.297
125.160 8 0.736 0.125 0.831 0.294
125.200 8 0.733 0.119 0.828 0.292
125.240 8 0.733 0.117 0.828 0.289
125.280 8 0.734 0.114 0.831 0.283
125.320 8 0.734 0.111 0.830 0.281
125.360 8 0.736 0.111 0.833 0.281
125.400 8 0.734 0.108 0.831 0.281
125.440 8 0.738 0.108 0.834 0.281
130.800 9 0.502 0.269 0.744 0.700
130.840 9 0.502 0.269 0.744 0.700
130.880 9 0.500 0.267 0.744 0.700
130.920 9 0.500 0.267 0.742 0.697
130.960 9 0.498 0.267 0.741 0.697
131.000 9 0.498 0.267 0.741 0.697
131.040 9 0.498 0.258 0.734 0.678
131.080 9 0.502 0.258 0.736 0.678
131.120 9 0.498 0.258 0.731 0.672
131.160 9 0.500 0.258 0.736 0.681
131.200 9 0.494 0.261 0.730 0.681
131.240 9 0.497 0.258 0.739 0.689
131.280 9 0.494 0.261 0.731 0.686
131.320 9 0.492 0.261 0.730 0.686
131.360 9 0.492 0.261 0.730 0.686
131.400 9 0.491 0.264 0.728 0.689
131.440 9 0.489 0.267 0.728 0.692
131.480 9 0.487 0.269 0.727 0.694
131.520 9 0.486 0.269 0.725 0.697
131.560 9 0.486 0.275 0.725 0.700
131.600 9 0.483 0.275 0.723 0.703
131.640 9 0.481 0.283 0.719 0.706
131.680 9 0.478 0.286 0.717 0.711
131.720 9 0.475 0.292 0.713 0.717
131.760 9 0.469 0.297 0.705 0.719
131.800 9 0.463 0.314 0.695 0.728
131.840 9 0.459 0.328 0.692 0.744
131.880 9 0.458 0.344 0.688 0.756
131.920 9 0.452 0.361 0.683 0.772
131.960 9 0.453 0.375 0.686 0.789
132.000 9 0.445 0.361 0.686 0.792
132.040 9 0.442 0.372 0.678 0.797
132.080 9 0.452 0.375 0.692 0.806
132.120 9 0.441 0.394 0.675 0.817
132.160 9 0.453 0.397 0.689 0.817
132.200 9 0.436 0.403 0.680 0.839
132.240 9 0.441 0.403 0.684 0.842
132.280 9 0.439 0.414 0.675 0.839
132.320 9 0.450 0.419 0.684 0.839
132.360 9 0.444 0.414 0.683 0.842
132.400 9 0.453 0.417 0.688 0.836
132.440 9 0.450 0.414 0.689 0.839
132.480 9 0.453 0.411 0.695 0.842
132.520 9 0.464 0.411 0.706 0.842
132.560 9 0.467 0.411 0.706 0.842
132.600 9 0.478 0.414 0.719 0.842
132.640 9 0.473 0.417 0.711 0.839
132.680 9 0.487 0.417 0.723 0.839
132.720 9 0.483 0.419 0.717 0.839
132.760 9 0.497 0.422 0.728 0.839
132.800 9 0.494 0.419 0.728 0.836
132.840 9 0.502 0.419 0.731 0.833
132.880 9 0.495 0.417 0.728 0.833
132.920 9 0.495 0.417 0.727 0.833
132.960 9 0.494 0.417 0.725 0.831
133.000 9 0.492 0.414 0.725 0.831
133.040 9 0.492 0.414 0.723 0.831
133.080 9 0.491 0.414 0.723 0.828
133.120 9 0.489 0.414 0.722 0.828
133.160 9 0.494 0.411 0.727 0.828
133.200 9 0.491 0.411 0.722 0.825
133.240 9 0.494 0.408 0.728 0.825
133.280 9 0.489 0.403 0.722 0.817
133.320 9 0.489 0.394 0.720 0.811
133.360 9 0.495 0.389 0.730 0.808
133.400 9 0.489 0.375 0.723 0.792
133.440 9 0.495 0.364 0.733 0.786
133.480 9 0.491 0.353 0.725 0.772
133.520 9 0.497 0.342 0.734 0.767
133.560 9 0.498 0.331 0.733 0.750
133.600 9 0.502 0.319 0.736 0.742
133.640 9 0.503 0.306 0.739 0.728
133.680 9 0.506 0.294 0.741 0.714
133.720 9 0.514 0.281 0.750 0.703
133.760 9 0.522 0.264 0.756 0.686
133.800 9 0.534 0.253 0.769 0.672
133.840 9 0.544 0.231 0.777 0.647
133.880 9 0.556 0.217 0.789 0.633
131.880 10 0.331 0.342 0.625 0.867
131.920 10 0.328 0.358 0.617 0.875
131.960 10 0.317 0.361 0.608 0.878
132.000 10 0.308 0.378 0.598 0.894
132.040 10 0.300 0.386 0.586 0.894
132.080 10 0.306 0.392 0.588 0.892
132.120 10 0.297 0.378 0.589 0.897
132.160 10 0.303 0.375 0.597 0.897
132.200 10 0.289 0.369 0.583 0.894
132.240 10 0.295 0.367 0.597 0.900
132.280 10 0.291 0.361 0.595 0.903
132.320 10 0.302 0.367 0.600 0.897
132.360 10 0.294 0.364 0.595 0.900
132.400 10 0.294 0.364 0.595 0.900
132.440 10 0.297 0.369 0.592 0.894
132.480 10 0.298 0.369 0.592 0.894
132.520 10 0.298 0.369 0.592 0.894
132.560 10 0.309 0.375 0.598 0.889
132.600 10 0.297 0.364 0.597 0.897
132.640 10 0.297 0.364 0.598 0.900
132.680 10 0.308 0.372 0.602 0.894
132.720 10 0.295 0.372 0.588 0.892
132.760 10 0.306 0.381 0.597 0.894
132.800 10 0.300 0.367 0.597 0.894
132.840 10 0.300 0.367 0.600 0.900
132.880 10 0.300 0.367 0.600 0.900
132.920 10 0.300 0.367 0.600 0.897
132.960 10 0.311 0.369 0.605 0.894
133.000 10 0.305 0.369 0.600 0.894
133.040 10 0.316 0.372 0.606 0.889
133.080 10 0.309 0.367 0.603 0.889
133.120 10 0.320 0.369 0.611 0.886
133.160 10 0.320 0.367 0.609 0.881
133.200 10 0.328 0.367 0.620 0.883
133.240 10 0.327 0.358 0.620 0.881
133.280 10 0.333 0.356 0.628 0.881
133.320 10 0.330 0.347 0.625 0.875
