8.880 0 0.425 0.333 0.522 0.506
8.920 0 0.417 0.331 0.514 0.506
8.960 0 0.409 0.333 0.508 0.508
9.000 0 0.405 0.336 0.502 0.508
9.040 0 0.402 0.339 0.498 0.511
9.080 0 0.397 0.339 0.492 0.508
9.120 0 0.395 0.339 0.495 0.514
9.160 0 0.392 0.342 0.491 0.519
9.200 0 0.389 0.344 0.489 0.522
9.240 0 0.389 0.347 0.491 0.525
9.280 0 0.384 0.347 0.487 0.528
9.320 0 0.381 0.347 0.483 0.528
9.360 0 0.378 0.347 0.480 0.525
9.400 0 0.372 0.344 0.475 0.525
9.440 0 0.367 0.344 0.469 0.528
9.480 0 0.361 0.347 0.464 0.528
9.520 0 0.353 0.347 0.456 0.531
9.560 0 0.345 0.350 0.448 0.533
9.600 0 0.334 0.353 0.438 0.536
9.640 0 0.323 0.353 0.428 0.539
9.680 0 0.314 0.353 0.420 0.542
9.760 1 0.398 0.308 0.498 0.483
9.800 1 0.394 0.308 0.492 0.486
9.840 1 0.391 0.317 0.489 0.492
9.880 1 0.386 0.322 0.483 0.494
9.920 1 0.381 0.331 0.477 0.500
9.960 1 0.375 0.333 0.472 0.506
10.000 1 0.372 0.336 0.469 0.508
10.040 1 0.366 0.336 0.466 0.514
10.760 2 0.500 0.417 0.562 0.533
10.800 2 0.508 0.422 0.572 0.539
10.840 2 0.522 0.422 0.586 0.542
10.880 2 0.533 0.419 0.597 0.539
10.920 2 0.541 0.414 0.606 0.536
10.960 2 0.544 0.403 0.613 0.528
11.000 2 0.550 0.392 0.617 0.514
11.040 2 0.555 0.381 0.622 0.500
11.080 2 0.558 0.369 0.627 0.492
11.120 2 0.562 0.364 0.633 0.492
11.160 2 0.569 0.364 0.637 0.492
11.200 2 0.573 0.375 0.644 0.503
11.240 2 0.580 0.389 0.650 0.517
11.280 2 0.589 0.406 0.659 0.536
11.320 2 0.594 0.419 0.666 0.550
11.360 2 0.603 0.428 0.675 0.558
11.400 2 0.609 0.425 0.683 0.558
11.440 2 0.613 0.419 0.688 0.556
11.480 2 0.617 0.408 0.692 0.544
11.520 2 0.622 0.397 0.698 0.536
11.560 2 0.628 0.381 0.706 0.525
11.600 2 0.639 0.369 0.719 0.514
11.640 2 0.648 0.358 0.728 0.503
11.680 2 0.661 0.358 0.739 0.506
11.720 2 0.672 0.367 0.752 0.511
11.760 2 0.684 0.383 0.764 0.528
14.400 3 0.494 0.256 0.572 0.392
14.440 3 0.495 0.253 0.575 0.392
14.480 3 0.497 0.250 0.577 0.392
14.520 3 0.500 0.247 0.580 0.389
14.560 3 0.503 0.247 0.581 0.386
14.600 3 0.498 0.244 0.578 0.383
14.640 3 0.503 0.242 0.583 0.383
14.680 3 0.502 0.242 0.580 0.383
14.720 3 0.505 0.244 0.584 0.383
14.760 3 0.503 0.244 0.583 0.386
14.800 3 0.503 0.244 0.583 0.389
14.840 3 0.500 0.247 0.581 0.392
14.880 3 0.502 0.250 0.581 0.392
14.920 3 0.500 0.250 0.580 0.392
14.960 3 0.498 0.247 0.580 0.392
15.000 3 0.498 0.247 0.580 0.392
15.040 3 0.497 0.250 0.575 0.386
15.080 3 0.497 0.247 0.578 0.392
15.120 3 0.495 0.250 0.575 0.392
15.160 3 0.494 0.250 0.575 0.392
15.200 3 0.492 0.247 0.575 0.394
15.240 3 0.489 0.244 0.570 0.389
15.280 3 0.491 0.242 0.573 0.389
15.320 3 0.487 0.236 0.570 0.386
15.360 3 0.483 0.233 0.566 0.383
15.400 3 0.483 0.228 0.570 0.383
15.440 3 0.480 0.222 0.567 0.378
15.480 3 0.481 0.219 0.567 0.372
15.520 3 0.481 0.214 0.567 0.369
16.520 4 0.200 0.044 0.452 0.492
16.560 4 0.200 0.117 0.456 0.572
16.600 4 0.208 0.158 0.467 0.622
16.640 4 0.216 0.200 0.475 0.658
16.680 4 0.219 0.236 0.478 0.697
16.720 4 0.222 0.261 0.481 0.722
16.760 4 0.228 0.289 0.470 0.722
16.800 4 0.225 0.306 0.467 0.739
16.840 4 0.225 0.317 0.469 0.747
16.880 4 0.227 0.317 0.469 0.747
16.920 4 0.223 0.317 0.461 0.742
16.960 4 0.228 0.314 0.472 0.744
17.000 4 0.230 0.314 0.472 0.744
17.040 4 0.236 0.306 0.481 0.744
17.080 4 0.234 0.303 0.478 0.733
17.120 4 0.245 0.300 0.484 0.725
17.160 4 0.242 0.289 0.484 0.719
17.200 4 0.250 0.283 0.483 0.697
17.240 4 0.253 0.269 0.495 0.700
17.280 4 0.256 0.261 0.508 0.706
17.320 4 0.258 0.267 0.502 0.700
17.360 4 0.259 0.269 0.503 0.703
17.400 4 0.263 0.275 0.506 0.708
17.440 4 0.263 0.281 0.506 0.714
17.480 4 0.252 0.281 0.503 0.728
17.520 4 0.259 0.292 0.503 0.725
17.560 4 0.252 0.292 0.495 0.725
17.600 4 0.256 0.286 0.508 0.733
17.640 4 0.242 0.283 0.494 0.731
17.680 5 0.677 0.250 0.733 0.350
17.720 5 0.678 0.253 0.733 0.350
17.760 5 0.675 0.250 0.731 0.350
17.800 5 0.678 0.250 0.734 0.350
17.840 5 0.677 0.250 0.733 0.350
17.880 5 0.677 0.250 0.733 0.350
17.920 5 0.677 0.250 0.733 0.350
17.960 5 0.677 0.250 0.733 0.350
18.000 5 0.677 0.250 0.733 0.350
18.040 5 0.675 0.250 0.731 0.350
18.080 5 0.678 0.250 0.734 0.350
18.120 5 0.678 0.253 0.733 0.350
18.160 5 0.677 0.250 0.733 0.350
18.200 5 0.677 0.250 0.733 0.350
18.240 5 0.677 0.250 0.733 0.350
18.280 5 0.677 0.250 0.733 0.350
18.320 5 0.677 0.250 0.733 0.350
18.360 5 0.678 0.247 0.734 0.350
18.400 5 0.673 0.244 0.733 0.350
18.440 5 0.677 0.244 0.734 0.347
18.480 5 0.677 0.244 0.733 0.347
18.520 5 0.678 0.244 0.734 0.344
18.560 5 0.677 0.242 0.734 0.344
18.600 5 0.678 0.239 0.736 0.344
18.640 5 0.680 0.236 0.738 0.339
21.400 6 0.373 0.150 0.542 0.450
21.440 6 0.372 0.150 0.541 0.450
21.480 6 0.366 0.156 0.534 0.456
21.520 6 0.359 0.153 0.530 0.456
21.560 6 0.350 0.150 0.520 0.453
21.600 6 0.355 0.147 0.525 0.450
21.640 6 0.345 0.150 0.516 0.450
21.680 6 0.342 0.144 0.514 0.450
21.720 6 0.338 0.150 0.506 0.453
21.760 6 0.333 0.144 0.505 0.453
21.800 6 0.330 0.153 0.497 0.450
21.840 6 0.323 0.142 0.498 0.453
21.880 6 0.320 0.150 0.489 0.450
21.920 6 0.320 0.150 0.489 0.450
21.960 6 0.316 0.150 0.484 0.450
22.000 6 0.308 0.150 0.477 0.450
26.480 7 0.267 0.153 0.369 0.333
26.520 7 0.264 0.153 0.364 0.331
26.560 7 0.267 0.150 0.367 0.328
26.600 7 0.267 0.147 0.367 0.325
26.640 7 0.270 0.144 0.370 0.322
26.680 7 0.277 0.139 0.375 0.314
26.720 7 0.281 0.133 0.381 0.308
26.760 7 0.286 0.128 0.384 0.303
26.800 7 0.291 0.122 0.389 0.297
26.840 7 0.297 0.117 0.395 0.289
26.880 7 0.302 0.106 0.400 0.281
26.920 7 0.308 0.103 0.405 0.272
26.960 7 0.314 0.092 0.409 0.264
27.000 7 0.319 0.086 0.416 0.258
27.040 7 0.323 0.081 0.422 0.253
27.080 7 0.328 0.072 0.428 0.250
27.120 7 0.334 0.067 0.433 0.244
27.160 7 0.339 0.056 0.439 0.233
27.200 7 0.342 0.050 0.442 0.228
27.240 7 0.348 0.044 0.448 0.222
27.280 7 0.350 0.036 0.452 0.217
27.320 7 0.355 0.036 0.455 0.214
27.360 7 0.359 0.031 0.461 0.208
31.560 8 0.116 -0.136 0.520 0.664
31.600 8 0.128 -0.122 0.523 0.661
31.640 8 0.127 -0.125 0.527 0.667
31.680 8 0.134 -0.136 0.537 0.661
31.720 8 0.147 -0.142 0.547 0.647
31.760 8 0.158 -0.156 0.558 0.633
31.800 8 0.167 -0.172 0.569 0.622
31.840 8 0.178 -0.181 0.581 0.619
31.880 8 0.198 -0.175 0.603 0.622
31.920 8 0.209 -0.156 0.614 0.644
31.960 8 0.223 -0.128 0.630 0.675
32.000 8 0.212 -0.117 0.631 0.711
32.040 8 0.214 -0.100 0.636 0.731
32.080 8 0.216 -0.086 0.637 0.747
32.120 8 0.217 -0.075 0.641 0.764
32.160 8 0.217 -0.064 0.642 0.772
32.200 8 0.200 -0.081 0.639 0.789
32.240 8 0.219 -0.072 0.650 0.781
32.280 8 0.222 -0.097 0.656 0.761
32.320 8 0.234 -0.117 0.653 0.711
32.360 8 0.241 -0.144 0.655 0.675
32.400 8 0.247 -0.178 0.659 0.636
32.800 8 0.186 -0.269 0.684 0.717
32.840 8 0.178 -0.239 0.680 0.753
32.880 8 0.173 -0.206 0.675 0.786
32.920 8 0.169 -0.169 0.667 0.817
32.960 8 0.184 -0.133 0.661 0.808
33.000 8 0.144 -0.139 0.645 0.853
33.040 8 0.120 -0.136 0.620 0.853
33.080 8 0.120 -0.142 0.616 0.836
33.120 8 0.097 -0.158 0.584 0.806
33.160 8 0.089 -0.178 0.575 0.783
33.200 8 0.072 -0.200 0.556 0.758
33.240 8 0.047 -0.228 0.528 0.722
33.280 8 0.042 -0.219 0.516 0.714
33.320 8 0.019 -0.219 0.489 0.708
33.360 8 0.008 -0.208 0.472 0.708
33.400 8 0.009 -0.200 0.470 0.711
33.440 8 -0.013 -0.206 0.452 0.714
33.480 8 -0.006 -0.217 0.469 0.725
33.520 8 -0.031 -0.222 0.441 0.714
33.560 8 -0.017 -0.194 0.445 0.719
33.600 8 -0.005 -0.164 0.444 0.722
36.200 9 0.420 0.178 0.611 0.519
36.240 9 0.403 0.167 0.598 0.514
36.280 9 0.392 0.181 0.586 0.525
36.320 9 0.384 0.181 0.573 0.517
36.360 9 0.373 0.178 0.566 0.519
36.400 9 0.364 0.175 0.555 0.514
36.440 9 0.353 0.175 0.544 0.517
36.480 9 0.352 0.172 0.545 0.517
36.520 9 0.341 0.169 0.536 0.517
36.560 9 0.345 0.164 0.544 0.517
36.600 9 0.342 0.161 0.541 0.514
36.640 9 0.347 0.161 0.547 0.517
36.680 9 0.348 0.161 0.548 0.519
36.720 9 0.347 0.164 0.550 0.522
36.760 9 0.350 0.167 0.553 0.528
36.800 9 0.344 0.172 0.545 0.531
36.840 9 0.344 0.178 0.545 0.539
36.880 9 0.339 0.181 0.541 0.539
36.920 9 0.330 0.181 0.531 0.539
36.960 9 0.330 0.178 0.536 0.542
37.000 9 0.325 0.183 0.527 0.542
37.040 9 0.312 0.200 0.525 0.578
37.080 9 0.311 0.214 0.520 0.586
37.120 9 0.302 0.217 0.511 0.589
37.160 9 0.303 0.219 0.508 0.583
37.200 9 0.295 0.219 0.498 0.578
37.240 9 0.292 0.217 0.497 0.578
37.280 9 0.283 0.208 0.484 0.569
37.320 9 0.281 0.203 0.483 0.561
37.360 9 0.272 0.197 0.472 0.553
37.400 9 0.269 0.186 0.473 0.547
37.440 9 0.267 0.175 0.470 0.539
37.480 9 0.270 0.167 0.475 0.531
37.520 9 0.273 0.164 0.478 0.525
37.560 9 0.284 0.164 0.491 0.528
37.600 9 0.289 0.167 0.494 0.531
37.640 9 0.302 0.172 0.506 0.536
37.680 9 0.312 0.178 0.517 0.542
37.720 9 0.325 0.189 0.527 0.547
37.760 9 0.336 0.192 0.537 0.550
37.800 9 0.347 0.192 0.548 0.550
37.840 9 0.358 0.197 0.558 0.550
37.880 9 0.366 0.206 0.562 0.556
37.920 9 0.370 0.208 0.570 0.561
37.960 9 0.373 0.214 0.570 0.564
38.000 9 0.370 0.222 0.572 0.581
38.040 9 0.370 0.231 0.577 0.594
38.080 9 0.370 0.233 0.577 0.600
38.120 9 0.369 0.236 0.573 0.600
38.160 9 0.366 0.242 0.569 0.603
38.200 9 0.361 0.242 0.564 0.603
38.240 9 0.356 0.236 0.558 0.597
38.280 9 0.353 0.225 0.556 0.586
38.320 9 0.359 0.225 0.559 0.578
38.360 9 0.366 0.214 0.562 0.564
38.400 9 0.361 0.206 0.564 0.564
38.440 9 0.367 0.206 0.566 0.561
38.480 9 0.373 0.208 0.572 0.561
38.520 9 0.375 0.203 0.573 0.556
38.560 9 0.381 0.200 0.584 0.564
38.600 9 0.383 0.197 0.591 0.567
38.640 9 0.388 0.200 0.598 0.572
38.680 9 0.386 0.206 0.595 0.581
38.720 9 0.389 0.214 0.602 0.589
38.760 9 0.391 0.219 0.602 0.592
38.800 9 0.392 0.217 0.600 0.586
38.840 9 0.392 0.214 0.598 0.578
38.880 9 0.392 0.214 0.595 0.572
38.920 9 0.392 0.214 0.594 0.572
38.960 9 0.392 0.211 0.594 0.572
39.000 9 0.392 0.222 0.594 0.581
39.040 9 0.392 0.214 0.594 0.569
39.080 9 0.395 0.219 0.595 0.575
39.120 9 0.389 0.225 0.591 0.581
39.160 9 0.392 0.231 0.591 0.583
39.200 9 0.384 0.228 0.586 0.586
39.240 9 0.388 0.233 0.586 0.586
39.280 9 0.383 0.233 0.580 0.583
39.320 9 0.386 0.233 0.581 0.581
39.360 9 0.383 0.231 0.578 0.581
39.400 9 0.384 0.233 0.580 0.581
39.440 9 0.388 0.233 0.583 0.583
39.480 9 0.392 0.236 0.589 0.586
39.520 9 0.398 0.242 0.595 0.589
39.560 9 0.406 0.242 0.603 0.594
39.600 9 0.411 0.242 0.609 0.594
39.640 9 0.417 0.242 0.614 0.592
39.680 9 0.420 0.239 0.617 0.589
39.720 9 0.422 0.239 0.619 0.589
39.760 9 0.427 0.236 0.623 0.586
39.800 9 0.420 0.236 0.617 0.586
39.840 9 0.422 0.236 0.619 0.586
39.880 9 0.408 0.231 0.609 0.589
39.920 9 0.406 0.228 0.608 0.586
39.960 9 0.394 0.231 0.594 0.586
40.000 9 0.392 0.222 0.594 0.581
40.040 9 0.389 0.233 0.572 0.561
40.080 9 0.380 0.239 0.564 0.567
40.120 9 0.372 0.242 0.556 0.569
40.160 9 0.364 0.239 0.550 0.569
40.200 9 0.361 0.236 0.545 0.567
40.240 9 0.358 0.236 0.542 0.564
40.280 9 0.355 0.233 0.539 0.561
40.320 9 0.353 0.231 0.536 0.558
40.360 9 0.350 0.228 0.536 0.558
40.400 9 0.353 0.225 0.539 0.556
40.440 9 0.350 0.219 0.537 0.556
40.480 9 0.356 0.214 0.544 0.553
40.520 9 0.364 0.217 0.552 0.550
40.560 9 0.372 0.219 0.558 0.553
40.600 9 0.380 0.228 0.566 0.558
40.640 9 0.381 0.233 0.569 0.569
40.680 9 0.386 0.244 0.573 0.578
40.720 9 0.391 0.250 0.578 0.586
40.760 9 0.392 0.253 0.581 0.589
40.800 9 0.397 0.253 0.584 0.589
40.840 9 0.395 0.244 0.586 0.583
40.880 9 0.402 0.242 0.594 0.583
40.920 9 0.406 0.236 0.595 0.575
40.960 9 0.409 0.239 0.598 0.575
41.000 9 0.420 0.250 0.588 0.550
41.040 9 0.417 0.256 0.600 0.583
41.080 9 0.417 0.256 0.602 0.586
41.120 9 0.420 0.256 0.606 0.586
41.160 9 0.419 0.256 0.602 0.583
41.200 9 0.423 0.256 0.608 0.583
41.240 9 0.423 0.256 0.606 0.583
41.280 9 0.422 0.253 0.606 0.581
41.320 9 0.419 0.250 0.605 0.581
41.360 9 0.417 0.250 0.602 0.581
41.400 9 0.416 0.247 0.602 0.578
41.440 9 0.416 0.244 0.600 0.575
41.480 9 0.416 0.242 0.602 0.575
41.520 9 0.416 0.239 0.602 0.572
41.560 9 0.414 0.242 0.600 0.572
41.600 9 0.419 0.242 0.605 0.575
41.640 9 0.416 0.244 0.602 0.575
41.680 9 0.416 0.247 0.600 0.578
41.720 9 0.414 0.250 0.598 0.581
41.760 9 0.412 0.256 0.598 0.586
41.800 9 0.411 0.258 0.595 0.589
41.840 9 0.405 0.264 0.589 0.592
41.880 9 0.403 0.264 0.588 0.594
41.920 9 0.402 0.267 0.584 0.592
41.960 9 0.398 0.261 0.583 0.592
42.000 9 0.392 0.261 0.594 0.619
42.040 9 0.397 0.264 0.578 0.586
42.080 9 0.395 0.264 0.577 0.586
42.120 9 0.394 0.261 0.573 0.583
42.160 9 0.391 0.258 0.572 0.583
42.200 9 0.388 0.258 0.569 0.581
42.240 9 0.384 0.256 0.566 0.578
42.280 9 0.383 0.253 0.564 0.578
42.320 9 0.381 0.250 0.564 0.578
42.360 9 0.380 0.253 0.562 0.581
42.400 9 0.381 0.253 0.569 0.589
42.440 9 0.391 0.247 0.575 0.578
42.480 9 0.403 0.236 0.588 0.567
42.520 9 0.412 0.231 0.598 0.564
42.560 9 0.420 0.222 0.606 0.553
42.600 9 0.427 0.217 0.613 0.550
42.640 9 0.434 0.211 0.620 0.544
42.680 9 0.431 0.206 0.619 0.542
42.720 9 0.430 0.206 0.622 0.547
42.760 9 0.430 0.208 0.619 0.547
42.800 9 0.427 0.211 0.616 0.550
42.840 9 0.427 0.217 0.614 0.553
42.880 9 0.420 0.217 0.609 0.550
42.920 9 0.419 0.214 0.608 0.550
42.960 9 0.416 0.211 0.605 0.550
43.000 9 0.420 0.217 0.588 0.517
43.040 9 0.411 0.206 0.598 0.539
43.080 9 0.409 0.211 0.594 0.542
43.120 9 0.408 0.217 0.592 0.544
43.160 9 0.400 0.217 0.586 0.547
43.200 9 0.397 0.217 0.581 0.544
43.240 9 0.398 0.217 0.581 0.542
43.280 9 0.392 0.217 0.575 0.542
43.320 9 0.389 0.211 0.575 0.539
43.360 9 0.386 0.203 0.573 0.536
43.400 9 0.386 0.197 0.572 0.531
43.440 9 0.386 0.192 0.575 0.528
43.480 9 0.388 0.189 0.578 0.528
43.520 9 0.391 0.192 0.581 0.531
43.560 9 0.395 0.194 0.586 0.536
43.600 9 0.402 0.194 0.592 0.536
43.640 9 0.400 0.200 0.589 0.539
43.680 9 0.406 0.206 0.597 0.544
43.720 9 0.405 0.211 0.594 0.550
43.760 9 0.403 0.217 0.591 0.553
43.800 9 0.405 0.219 0.592 0.556
43.840 9 0.405 0.222 0.592 0.558
43.880 9 0.403 0.225 0.591 0.558
43.920 9 0.402 0.231 0.589 0.564
43.960 9 0.398 0.231 0.586 0.564
44.000 9 0.392 0.222 0.594 0.581
44.040 9 0.381 0.225 0.583 0.581
44.080 9 0.380 0.219 0.584 0.583
44.120 9 0.372 0.219 0.575 0.583
44.160 9 0.366 0.222 0.569 0.583
44.200 9 0.359 0.222 0.562 0.583
44.240 9 0.355 0.219 0.561 0.586
44.280 9 0.355 0.219 0.562 0.586
44.320 9 0.356 0.217 0.562 0.583
44.360 9 0.356 0.217 0.561 0.578
44.400 9 0.353 0.211 0.556 0.572
44.440 9 0.350 0.206 0.553 0.567
44.480 9 0.348 0.203 0.552 0.561
44.520 9 0.348 0.203 0.552 0.561
44.560 9 0.348 0.203 0.548 0.561
44.600 9 0.347 0.206 0.547 0.561
44.640 9 0.347 0.203 0.548 0.561
44.680 9 0.344 0.208 0.542 0.558
44.720 9 0.348 0.208 0.547 0.558
44.760 9 0.347 0.211 0.544 0.561
44.800 9 0.355 0.211 0.552 0.561
44.840 9 0.356 0.214 0.552 0.561
44.880 9 0.362 0.211 0.562 0.567
44.920 9 0.364 0.214 0.564 0.569
44.960 9 0.369 0.219 0.569 0.572
45.000 9 0.370 0.222 0.572 0.581
45.040 9 0.378 0.214 0.577 0.564
45.080 9 0.383 0.214 0.580 0.564
45.120 9 0.388 0.217 0.581 0.561
45.160 9 0.389 0.211 0.586 0.561
45.200 9 0.389 0.203 0.591 0.561
45.240 9 0.394 0.206 0.594 0.561
45.280 9 0.389 0.208 0.586 0.558
45.320 9 0.391 0.206 0.591 0.561
45.360 9 0.384 0.197 0.589 0.561
45.400 9 0.388 0.200 0.591 0.561
45.440 9 0.388 0.200 0.591 0.561
45.480 9 0.388 0.208 0.588 0.564
45.520 9 0.383 0.211 0.584 0.567
45.560 9 0.375 0.222 0.578 0.581
45.600 9 0.369 0.219 0.575 0.586
45.640 9 0.367 0.228 0.570 0.586
45.680 9 0.362 0.231 0.567 0.594
45.720 9 0.358 0.233 0.564 0.600
45.760 9 0.353 0.239 0.556 0.600
45.800 9 0.350 0.239 0.555 0.603
45.840 9 0.347 0.239 0.550 0.600
45.880 9 0.348 0.242 0.550 0.600
45.920 9 0.347 0.242 0.548 0.597
45.960 9 0.347 0.239 0.547 0.594
46.000 9 0.348 0.222 0.550 0.581
46.040 9 0.348 0.219 0.550 0.581
46.080 9 0.352 0.217 0.555 0.578
46.120 9 0.348 0.214 0.552 0.575
46.160 9 0.348 0.206 0.559 0.581
46.200 9 0.348 0.208 0.553 0.572
46.240 9 0.352 0.203 0.564 0.581
46.280 9 0.352 0.200 0.562 0.575
46.320 9 0.356 0.200 0.572 0.583
59.880 10 0.886 0.081 0.953 0.200
59.920 10 0.873 0.081 0.941 0.200
59.960 10 0.861 0.083 0.928 0.200
60.000 10 0.850 0.086 0.917 0.206
60.040 10 0.841 0.092 0.908 0.208
60.080 10 0.834 0.092 0.900 0.211
60.120 10 0.830 0.092 0.895 0.208
60.160 10 0.825 0.094 0.891 0.211
60.200 10 0.822 0.094 0.887 0.211
60.240 10 0.817 0.097 0.883 0.214
60.280 10 0.814 0.097 0.878 0.214
60.320 10 0.816 0.094 0.881 0.211
60.360 10 0.817 0.089 0.883 0.206
60.400 10 0.822 0.086 0.887 0.203
60.440 10 0.827 0.086 0.892 0.203
60.480 10 0.831 0.081 0.897 0.197
60.520 10 0.838 0.078 0.903 0.194
60.560 10 0.844 0.069 0.911 0.189
60.760 11 0.609 0.408 0.686 0.547
60.800 11 0.606 0.397 0.684 0.536
60.840 11 0.603 0.381 0.681 0.519
60.880 11 0.600 0.361 0.680 0.506
60.920 11 0.597 0.344 0.678 0.489
60.960 11 0.592 0.325 0.673 0.469
61.000 11 0.589 0.311 0.670 0.456
61.040 11 0.588 0.297 0.667 0.442
61.080 11 0.584 0.286 0.664 0.428
61.120 11 0.584 0.278 0.662 0.417
61.160 11 0.578 0.278 0.656 0.414
61.200 11 0.573 0.278 0.652 0.417
62.880 12 0.487 0.106 0.841 0.731
62.920 12 0.500 0.108 0.848 0.731
62.960 12 0.517 0.108 0.867 0.731
63.000 12 0.525 0.108 0.873 0.728
63.040 12 0.511 0.061 0.898 0.747
63.080 12 0.516 0.067 0.902 0.753
63.120 12 0.523 0.069 0.909 0.756
63.160 12 0.534 0.072 0.923 0.761
63.200 12 0.531 0.069 0.928 0.772
63.240 12 0.552 0.069 0.948 0.775
63.280 12 0.545 0.072 0.945 0.783
63.320 12 0.559 0.072 0.963 0.789
63.360 12 0.556 0.078 0.958 0.792
63.400 12 0.572 0.083 0.970 0.789
63.440 12 0.566 0.089 0.958 0.783
63.480 12 0.577 0.086 0.978 0.797
63.520 12 0.561 0.083 0.961 0.792
63.560 12 0.570 0.089 0.967 0.792
63.600 12 0.564 0.097 0.953 0.789
63.640 12 0.569 0.097 0.961 0.794
63.680 12 0.566 0.103 0.950 0.786
63.720 12 0.561 0.100 0.952 0.792
63.760 12 0.564 0.108 0.944 0.786
63.800 12 0.564 0.111 0.942 0.781
63.840 12 0.566 0.114 0.936 0.769
63.880 12 0.577 0.114 0.947 0.772
63.920 12 0.559 0.106 0.934 0.769
63.960 12 0.564 0.094 0.955 0.789
64.000 12 0.537 0.050 0.956 0.792
64.040 12 0.556 0.089 0.961 0.806
64.080 12 0.561 0.092 0.973 0.822
64.120 12 0.550 0.103 0.961 0.831
64.160 12 0.556 0.108 0.970 0.842
64.200 12 0.544 0.108 0.959 0.844
64.240 12 0.548 0.108 0.966 0.847
64.280 12 0.541 0.108 0.958 0.847
64.320 12 0.536 0.103 0.956 0.850
64.360 12 0.530 0.094 0.953 0.847
64.400 12 0.523 0.086 0.948 0.839
64.440 12 0.517 0.078 0.942 0.833
64.480 12 0.514 0.078 0.938 0.828
64.520 12 0.511 0.075 0.931 0.819
64.560 12 0.509 0.072 0.925 0.811
64.600 12 0.503 0.067 0.920 0.808
64.640 12 0.498 0.064 0.914 0.800
64.680 12 0.484 0.064 0.897 0.797
64.720 12 0.487 0.061 0.900 0.794
64.760 12 0.475 0.058 0.887 0.792
64.800 12 0.477 0.050 0.895 0.794
64.840 12 0.466 0.050 0.884 0.792
64.880 12 0.469 0.047 0.889 0.792
64.920 12 0.450 0.042 0.869 0.786
64.960 12 0.447 0.039 0.866 0.781
65.000 12 0.445 0.050 0.863 0.792
68.320 13 0.280 0.117 0.555 0.606
68.360 13 0.291 0.111 0.575 0.617
68.400 13 0.281 0.108 0.569 0.619
68.440 13 0.297 0.111 0.586 0.625
68.480 13 0.291 0.122 0.577 0.628
68.520 13 0.306 0.125 0.594 0.636
68.560 13 0.298 0.128 0.586 0.639
68.600 13 0.314 0.136 0.597 0.636
68.640 13 0.302 0.131 0.589 0.639
68.680 13 0.312 0.128 0.608 0.656
68.720 13 0.297 0.122 0.592 0.647
68.760 13 0.302 0.111 0.608 0.656
68.800 13 0.287 0.114 0.588 0.650
68.840 13 0.294 0.111 0.595 0.647
68.880 13 0.283 0.111 0.578 0.636
68.920 13 0.278 0.106 0.573 0.628
68.960 13 0.277 0.097 0.569 0.619
69.000 13 0.277 0.092 0.567 0.608
69.040 13 0.287 0.097 0.575 0.606
69.080 13 0.292 0.097 0.577 0.603
69.120 13 0.298 0.097 0.586 0.608
69.160 13 0.305 0.097 0.595 0.611
69.200 13 0.309 0.100 0.597 0.611
69.240 13 0.320 0.100 0.609 0.614
69.280 13 0.317 0.106 0.603 0.611
69.320 13 0.333 0.103 0.617 0.608
69.360 13 0.338 0.114 0.616 0.608
69.400 13 0.348 0.114 0.631 0.614
69.440 13 0.359 0.108 0.639 0.606
69.480 13 0.372 0.108 0.652 0.606
69.520 13 0.375 0.108 0.658 0.608
69.560 13 0.389 0.108 0.677 0.617
69.600 13 0.394 0.114 0.680 0.625
69.640 13 0.408 0.117 0.698 0.631
69.680 13 0.411 0.122 0.700 0.633
69.720 13 0.427 0.125 0.716 0.639
69.760 13 0.425 0.128 0.714 0.642
69.800 13 0.434 0.125 0.725 0.642
69.840 13 0.431 0.128 0.722 0.644
69.880 13 0.434 0.131 0.727 0.653
69.920 13 0.431 0.131 0.720 0.647
69.960 13 0.439 0.136 0.727 0.650
70.000 13 0.438 0.147 0.728 0.664
70.040 13 0.431 0.156 0.717 0.664
70.080 13 0.434 0.153 0.722 0.664
70.120 13 0.425 0.153 0.713 0.664
70.160 13 0.430 0.161 0.714 0.667
70.200 13 0.422 0.167 0.708 0.675
70.240 13 0.427 0.172 0.709 0.672
70.280 13 0.416 0.175 0.702 0.683
70.320 13 0.398 0.178 0.688 0.692
70.360 13 0.383 0.178 0.672 0.692
70.400 13 0.369 0.178 0.653 0.683
70.440 13 0.356 0.189 0.634 0.686
70.480 13 0.327 0.183 0.608 0.681
70.520 13 0.286 0.164 0.567 0.664
70.600 13 0.223 0.136 0.530 0.681
70.640 13 0.197 0.144 0.508 0.697
70.680 13 0.175 0.150 0.494 0.717
70.720 13 0.164 0.161 0.484 0.731
70.760 13 0.155 0.169 0.459 0.708
70.800 13 0.150 0.169 0.453 0.708
70.840 13 0.153 0.172 0.456 0.711
70.880 13 0.147 0.183 0.442 0.708
70.920 13 0.148 0.186 0.450 0.722
70.960 13 0.145 0.203 0.438 0.722
71.000 13 0.147 0.206 0.438 0.722
71.040 13 0.152 0.197 0.452 0.731
71.080 13 0.152 0.200 0.444 0.719
71.120 13 0.156 0.181 0.459 0.719
71.160 13 0.164 0.172 0.472 0.717
71.200 13 0.170 0.164 0.481 0.717
71.240 13 0.163 0.158 0.467 0.700
71.280 13 0.166 0.161 0.472 0.706
71.320 13 0.175 0.167 0.481 0.711
71.360 13 0.180 0.172 0.487 0.717
71.400 13 0.186 0.172 0.494 0.719
71.440 13 0.197 0.178 0.500 0.719
71.480 13 0.202 0.175 0.508 0.719
71.520 13 0.216 0.175 0.522 0.719
71.560 13 0.225 0.172 0.530 0.714
71.600 13 0.230 0.172 0.536 0.717
71.640 13 0.233 0.172 0.539 0.717
71.680 13 0.234 0.178 0.541 0.722
71.720 13 0.239 0.192 0.539 0.725
71.760 13 0.241 0.203 0.537 0.733
71.800 13 0.241 0.211 0.537 0.736
71.840 13 0.241 0.211 0.542 0.747
71.880 13 0.241 0.217 0.534 0.739
71.920 13 0.244 0.211 0.541 0.739
71.960 13 0.245 0.208 0.542 0.736
72.000 13 0.244 0.206 0.534 0.722
72.040 13 0.247 0.197 0.541 0.719
72.080 13 0.244 0.194 0.537 0.714
72.120 13 0.245 0.189 0.541 0.717
72.160 13 0.252 0.194 0.537 0.706
72.200 13 0.248 0.197 0.531 0.700
72.240 13 0.245 0.197 0.530 0.703
72.280 13 0.241 0.200 0.527 0.711
72.320 13 0.237 0.206 0.525 0.717
72.360 13 0.237 0.211 0.522 0.717
72.400 13 0.234 0.214 0.519 0.719
72.440 13 0.241 0.217 0.525 0.725
72.480 13 0.234 0.219 0.522 0.728
72.520 13 0.236 0.219 0.527 0.736
72.560 13 0.236 0.219 0.528 0.736
72.600 13 0.241 0.219 0.530 0.733
72.640 13 0.244 0.217 0.531 0.728
72.680 13 0.248 0.214 0.534 0.722
72.720 13 0.252 0.208 0.539 0.722
72.760 13 0.253 0.200 0.547 0.722
72.800 13 0.259 0.208 0.548 0.719
72.840 13 0.263 0.208 0.552 0.722
72.880 13 0.266 0.208 0.555 0.722
72.920 13 0.272 0.208 0.562 0.725
72.960 13 0.269 0.206 0.559 0.722
73.000 13 0.277 0.206 0.567 0.722
73.040 13 0.278 0.211 0.564 0.722
73.080 13 0.284 0.214 0.569 0.722
73.120 13 0.280 0.217 0.566 0.722
73.160 13 0.277 0.219 0.561 0.725
73.200 13 0.273 0.225 0.558 0.731
73.240 13 0.261 0.225 0.548 0.739
73.280 13 0.250 0.228 0.541 0.747
73.320 13 0.237 0.231 0.533 0.756
73.360 13 0.222 0.228 0.522 0.758
73.400 13 0.217 0.225 0.516 0.758
73.440 13 0.203 0.225 0.503 0.756
73.480 13 0.200 0.225 0.495 0.753
73.520 13 0.186 0.225 0.480 0.747
73.560 13 0.172 0.225 0.464 0.742
73.600 13 0.166 0.219 0.461 0.742
73.640 13 0.150 0.214 0.447 0.742
73.680 13 0.150 0.211 0.447 0.739
73.720 13 0.142 0.208 0.434 0.731
73.760 13 0.144 0.208 0.438 0.728
73.800 13 0.142 0.208 0.433 0.725
73.840 13 0.142 0.206 0.438 0.733
73.880 13 0.139 0.208 0.431 0.728
73.920 13 0.150 0.211 0.436 0.722
73.960 13 0.148 0.208 0.433 0.714
74.000 13 0.147 0.206 0.438 0.722
74.040 13 0.148 0.197 0.455 0.742
74.080 13 0.161 0.197 0.463 0.736
74.120 13 0.163 0.203 0.458 0.728
74.160 13 0.167 0.194 0.472 0.733
74.200 13 0.155 0.189 0.464 0.739
74.240 13 0.163 0.197 0.466 0.736
74.280 13 0.166 0.186 0.478 0.744
74.320 13 0.155 0.183 0.469 0.739
74.360 13 0.167 0.197 0.469 0.733
74.400 13 0.184 0.194 0.486 0.731
74.440 13 0.192 0.183 0.497 0.725
74.480 13 0.209 0.181 0.514 0.722
74.520 13 0.225 0.181 0.533 0.728
74.560 13 0.231 0.186 0.536 0.725
74.600 13 0.245 0.186 0.553 0.733
71.880 14 0.931 0.619 1.011 0.761
71.920 14 0.931 0.619 1.012 0.767
71.960 14 0.927 0.619 1.008 0.764
72.000 14 0.925 0.619 1.006 0.764
72.040 14 0.927 0.619 1.009 0.764
72.080 14 0.925 0.619 1.006 0.767
72.120 14 0.923 0.619 1.005 0.764
72.160 14 0.927 0.622 1.006 0.764
72.200 14 0.923 0.619 1.003 0.764
72.240 14 0.925 0.619 1.005 0.761
72.280 14 0.925 0.619 1.005 0.761
72.320 14 0.927 0.619 1.006 0.761
72.360 14 0.923 0.619 1.005 0.761
72.400 14 0.923 0.619 1.005 0.761
72.440 14 0.923 0.619 1.003 0.761
72.480 14 0.922 0.617 1.003 0.758
72.520 14 0.927 0.619 1.005 0.758
72.560 14 0.923 0.619 1.003 0.758
72.600 14 0.927 0.622 1.003 0.758
72.640 14 0.922 0.619 0.998 0.758
72.680 14 0.925 0.619 1.003 0.758
72.720 14 0.920 0.617 1.000 0.758
72.760 14 0.922 0.617 1.003 0.761
72.800 14 0.922 0.617 1.000 0.756
72.840 14 0.925 0.617 1.005 0.758
72.880 14 0.923 0.617 1.003 0.758
72.920 14 0.927 0.622 1.003 0.758
72.960 14 0.920 0.619 1.000 0.758
73.000 14 0.922 0.617 1.003 0.761
73.040 14 0.925 0.617 1.005 0.758
73.080 14 0.928 0.614 1.008 0.756
73.120 14 0.927 0.614 1.006 0.756
73.160 14 0.927 0.614 1.008 0.758
73.200 14 0.927 0.617 1.008 0.761
73.240 14 0.925 0.619 1.005 0.761
73.280 14 0.925 0.619 1.006 0.764
73.320 14 0.927 0.619 1.006 0.764
73.360 14 0.928 0.619 1.009 0.764
73.400 14 0.928 0.619 1.008 0.761
73.440 14 0.931 0.619 1.011 0.761
73.480 14 0.927 0.619 1.006 0.761
73.520 14 0.930 0.619 1.008 0.761
73.560 14 0.925 0.619 1.003 0.758
73.600 14 0.925 0.622 1.003 0.761
73.640 14 0.928 0.622 1.006 0.761
73.680 14 0.927 0.622 1.003 0.761
73.720 14 0.930 0.622 1.008 0.761
73.760 14 0.927 0.622 1.005 0.761
74.440 15 0.217 0.183 0.497 0.683
74.480 15 0.233 0.189 0.514 0.689
74.520 15 0.250 0.183 0.541 0.700
74.560 15 0.256 0.189 0.545 0.703
74.600 15 0.269 0.189 0.562 0.711
74.640 15 0.273 0.194 0.569 0.719
74.680 15 0.277 0.203 0.570 0.725
74.720 15 0.278 0.203 0.572 0.725
74.760 15 0.280 0.206 0.572 0.725
74.800 15 0.281 0.208 0.572 0.725
74.840 15 0.284 0.211 0.572 0.725
74.880 15 0.287 0.217 0.567 0.714
74.920 15 0.292 0.208 0.581 0.722
74.960 15 0.295 0.214 0.580 0.719
75.000 15 0.308 0.206 0.598 0.722
75.040 15 0.312 0.214 0.600 0.725
75.080 15 0.322 0.222 0.609 0.733
75.120 15 0.338 0.231 0.619 0.728
75.160 15 0.334 0.222 0.625 0.739
75.200 15 0.344 0.225 0.634 0.742
75.240 15 0.339 0.214 0.636 0.742
75.280 15 0.350 0.208 0.650 0.742
75.320 15 0.336 0.203 0.636 0.739
75.360 15 0.347 0.200 0.645 0.731
75.400 15 0.338 0.206 0.628 0.725
75.440 15 0.328 0.203 0.622 0.725
75.480 15 0.314 0.197 0.611 0.725
75.520 15 0.302 0.194 0.603 0.733
75.560 15 0.287 0.194 0.589 0.731
75.600 15 0.281 0.194 0.583 0.728
75.640 15 0.269 0.189 0.577 0.736
75.680 15 0.261 0.194 0.566 0.736
75.720 15 0.263 0.197 0.562 0.731
75.760 15 0.255 0.200 0.552 0.728
75.800 15 0.250 0.200 0.544 0.725
75.840 15 0.247 0.200 0.541 0.722
75.880 15 0.244 0.200 0.537 0.719
75.920 15 0.245 0.197 0.536 0.717
75.960 15 0.253 0.200 0.536 0.703
76.000 15 0.244 0.206 0.534 0.722
76.040 15 0.242 0.194 0.537 0.719
76.080 15 0.250 0.200 0.537 0.711
76.120 15 0.255 0.200 0.542 0.711
76.160 15 0.256 0.206 0.544 0.717
76.200 15 0.258 0.211 0.545 0.722
76.240 15 0.259 0.211 0.548 0.725
76.280 15 0.263 0.214 0.550 0.725
76.320 15 0.269 0.222 0.553 0.731
76.360 15 0.273 0.225 0.558 0.731
76.400 15 0.280 0.228 0.564 0.733
76.440 15 0.281 0.228 0.567 0.736
76.480 15 0.269 0.228 0.553 0.733
76.520 15 0.273 0.217 0.559 0.725
76.560 15 0.283 0.211 0.569 0.719
76.600 15 0.294 0.192 0.578 0.700
76.640 15 0.286 0.194 0.570 0.703
76.680 15 0.278 0.208 0.566 0.719
76.720 15 0.284 0.203 0.573 0.714
76.760 15 0.294 0.175 0.577 0.681
76.800 15 0.306 0.158 0.589 0.661
76.840 15 0.303 0.164 0.588 0.669
76.880 15 0.305 0.164 0.595 0.681
76.920 15 0.302 0.161 0.591 0.675
76.960 15 0.305 0.150 0.594 0.667
77.000 15 0.308 0.147 0.598 0.664
77.040 15 0.314 0.156 0.603 0.669
77.080 15 0.319 0.169 0.609 0.683
77.120 15 0.323 0.175 0.613 0.692
77.160 15 0.328 0.183 0.616 0.697
77.200 15 0.333 0.194 0.619 0.706
77.240 15 0.331 0.206 0.620 0.719
77.280 15 0.355 0.222 0.642 0.736
77.320 15 0.359 0.231 0.642 0.733
77.360 15 0.373 0.233 0.659 0.742
77.400 15 0.378 0.242 0.658 0.739
77.440 15 0.392 0.244 0.670 0.739
77.480 15 0.398 0.253 0.672 0.739
77.520 15 0.427 0.269 0.698 0.753
77.560 15 0.448 0.275 0.719 0.758
77.880 15 0.566 0.250 0.863 0.772
77.920 15 0.570 0.253 0.869 0.781
77.960 15 0.588 0.258 0.881 0.778
78.000 15 0.598 0.264 0.889 0.778
78.040 15 0.609 0.267 0.897 0.775
78.080 15 0.608 0.264 0.897 0.775
78.120 15 0.620 0.258 0.916 0.781
78.160 15 0.636 0.267 0.927 0.781
78.200 15 0.644 0.275 0.931 0.783
78.240 15 0.662 0.281 0.944 0.778
79.600 16 0.348 0.339 0.450 0.519
79.640 16 0.350 0.336 0.450 0.514
79.680 16 0.355 0.331 0.453 0.503
79.720 16 0.358 0.325 0.456 0.500
79.760 16 0.359 0.322 0.458 0.500
79.800 16 0.362 0.322 0.461 0.497
79.840 16 0.364 0.319 0.463 0.494
79.880 16 0.369 0.319 0.466 0.492
79.920 16 0.369 0.317 0.464 0.486
79.960 16 0.370 0.317 0.467 0.489
80.000 16 0.372 0.317 0.469 0.489
80.040 16 0.383 0.328 0.469 0.483
80.080 16 0.383 0.331 0.470 0.486
80.120 16 0.388 0.331 0.473 0.486
80.160 16 0.389 0.331 0.475 0.486
80.200 16 0.392 0.331 0.478 0.486
80.240 16 0.392 0.331 0.478 0.486
80.280 16 0.398 0.333 0.483 0.483
80.320 16 0.402 0.333 0.486 0.486
80.360 16 0.406 0.336 0.492 0.489
80.400 16 0.409 0.336 0.495 0.492
80.440 16 0.414 0.339 0.498 0.492
80.480 16 0.419 0.339 0.503 0.492
80.520 16 0.422 0.336 0.508 0.492
80.560 16 0.425 0.336 0.509 0.486
80.600 16 0.430 0.336 0.516 0.489
80.640 16 0.430 0.336 0.514 0.489
80.680 16 0.433 0.333 0.520 0.489
80.720 16 0.434 0.336 0.519 0.489
80.760 16 0.436 0.336 0.522 0.489
80.800 16 0.438 0.336 0.522 0.489
80.840 16 0.439 0.339 0.523 0.489
80.880 16 0.439 0.339 0.523 0.489
80.920 16 0.441 0.339 0.523 0.489
80.960 16 0.439 0.339 0.522 0.489
81.000 16 0.445 0.344 0.525 0.489
81.040 16 0.436 0.336 0.528 0.503
81.080 16 0.438 0.336 0.528 0.500
81.120 16 0.442 0.339 0.531 0.500
81.160 16 0.442 0.339 0.531 0.497
81.200 16 0.445 0.339 0.533 0.497
81.240 16 0.447 0.339 0.536 0.497
81.280 16 0.450 0.336 0.539 0.494
81.320 16 0.450 0.336 0.539 0.494
81.360 16 0.452 0.333 0.541 0.494
81.400 16 0.450 0.336 0.537 0.494
81.440 16 0.450 0.336 0.537 0.494
81.480 16 0.450 0.336 0.537 0.494
81.520 16 0.450 0.336 0.539 0.492
81.560 16 0.452 0.333 0.539 0.492
81.600 16 0.452 0.336 0.537 0.489
81.640 16 0.452 0.336 0.536 0.489
81.680 16 0.452 0.336 0.537 0.489
81.720 16 0.450 0.333 0.537 0.492
81.760 16 0.450 0.333 0.537 0.492
81.800 16 0.448 0.333 0.536 0.489
81.840 16 0.448 0.333 0.534 0.489
81.880 16 0.447 0.333 0.534 0.492
81.920 16 0.447 0.336 0.533 0.492
81.960 16 0.445 0.336 0.534 0.497
82.000 16 0.438 0.336 0.534 0.508
82.040 16 0.444 0.342 0.531 0.497
82.080 16 0.444 0.344 0.531 0.500
82.120 16 0.444 0.347 0.531 0.503
82.160 16 0.442 0.350 0.531 0.506
82.200 16 0.444 0.353 0.531 0.508
82.240 16 0.445 0.356 0.531 0.508
82.280 16 0.445 0.356 0.531 0.508
82.320 16 0.444 0.356 0.531 0.508
82.360 16 0.447 0.356 0.534 0.511
82.400 16 0.445 0.356 0.533 0.511
82.440 16 0.445 0.356 0.534 0.511
82.480 16 0.444 0.356 0.531 0.511
82.520 16 0.444 0.356 0.531 0.511
82.560 16 0.441 0.356 0.528 0.511
82.600 16 0.438 0.356 0.527 0.514
82.640 16 0.439 0.356 0.527 0.514
82.680 16 0.436 0.356 0.525 0.514
82.720 16 0.438 0.353 0.528 0.514
82.760 16 0.438 0.350 0.528 0.514
82.800 16 0.439 0.350 0.530 0.511
82.840 16 0.439 0.350 0.530 0.511
82.880 16 0.441 0.350 0.531 0.511
82.920 16 0.441 0.353 0.530 0.511
82.960 16 0.441 0.353 0.531 0.514
83.000 16 0.445 0.361 0.525 0.503
83.040 16 0.445 0.361 0.525 0.503
83.080 16 0.447 0.364 0.525 0.503
83.120 16 0.447 0.364 0.527 0.506
83.160 16 0.448 0.364 0.528 0.506
83.200 16 0.448 0.364 0.528 0.506
83.240 16 0.450 0.364 0.530 0.508
83.280 16 0.452 0.361 0.534 0.508
83.320 16 0.453 0.361 0.537 0.508
83.360 16 0.455 0.361 0.536 0.508
83.400 16 0.456 0.361 0.537 0.508
83.440 16 0.456 0.364 0.539 0.511
83.480 16 0.458 0.367 0.541 0.514
92.600 17 0.669 0.536 0.838 0.833
92.640 17 0.669 0.533 0.838 0.831
92.680 17 0.667 0.528 0.836 0.825
92.720 17 0.664 0.525 0.833 0.822
92.760 17 0.659 0.517 0.831 0.819
92.800 17 0.655 0.525 0.825 0.822
92.840 17 0.652 0.531 0.817 0.825
92.880 17 0.650 0.533 0.819 0.833
92.920 17 0.645 0.544 0.812 0.836
92.960 17 0.645 0.542 0.819 0.847
93.000 17 0.644 0.550 0.812 0.847
93.040 17 0.647 0.564 0.798 0.833
93.080 17 0.647 0.567 0.802 0.842
93.120 17 0.648 0.578 0.800 0.847
93.160 17 0.648 0.581 0.802 0.853
93.200 17 0.650 0.583 0.803 0.856
93.240 17 0.648 0.583 0.803 0.856
93.280 17 0.653 0.583 0.806 0.856
93.320 17 0.655 0.581 0.808 0.853
93.360 17 0.655 0.575 0.808 0.847
93.400 17 0.659 0.581 0.812 0.850
93.440 17 0.658 0.586 0.811 0.856
93.480 17 0.664 0.594 0.817 0.867
93.520 17 0.661 0.600 0.817 0.875
93.560 17 0.661 0.603 0.816 0.878
93.600 17 0.655 0.617 0.805 0.883
93.640 17 0.652 0.611 0.803 0.883
93.680 17 0.642 0.608 0.795 0.883
93.720 17 0.637 0.619 0.787 0.883
93.760 17 0.634 0.625 0.784 0.892
93.800 17 0.631 0.639 0.781 0.903
93.840 17 0.628 0.642 0.777 0.906
93.880 17 0.627 0.644 0.777 0.911
93.920 17 0.620 0.644 0.770 0.908
93.960 17 0.614 0.642 0.767 0.914
94.000 17 0.614 0.650 0.755 0.900
94.040 17 0.609 0.650 0.747 0.897
94.080 17 0.613 0.650 0.752 0.897
94.120 17 0.605 0.650 0.744 0.894
94.160 17 0.609 0.644 0.748 0.894
94.200 17 0.613 0.644 0.755 0.894
94.240 17 0.608 0.644 0.748 0.894
94.280 17 0.613 0.639 0.755 0.889
94.320 17 0.608 0.633 0.748 0.881
94.360 17 0.605 0.625 0.744 0.872
94.400 17 0.602 0.622 0.742 0.869
94.440 17 0.598 0.625 0.736 0.872
94.480 17 0.600 0.631 0.739 0.878
94.520 17 0.598 0.639 0.731 0.875
94.560 17 0.595 0.653 0.731 0.897
94.600 17 0.592 0.667 0.731 0.911
94.640 17 0.592 0.681 0.730 0.925
94.680 17 0.584 0.686 0.722 0.931
94.720 17 0.589 0.686 0.727 0.931
94.760 17 0.588 0.681 0.727 0.925
94.800 17 0.592 0.678 0.731 0.922
94.840 17 0.597 0.672 0.736 0.917
94.880 17 0.600 0.667 0.739 0.914
94.920 17 0.597 0.669 0.736 0.919
94.960 17 0.606 0.675 0.748 0.925
95.000 17 0.609 0.675 0.750 0.928
95.040 17 0.614 0.675 0.755 0.925
95.080 17 0.611 0.669 0.752 0.922
95.120 17 0.616 0.669 0.755 0.917
92.600 18 0.300 0.183 0.497 0.533
92.640 18 0.308 0.181 0.509 0.539
92.680 18 0.303 0.186 0.503 0.542
92.720 18 0.292 0.197 0.492 0.553
92.760 18 0.281 0.200 0.481 0.556
92.800 18 0.266 0.200 0.473 0.567
92.840 18 0.261 0.219 0.456 0.567
92.880 18 0.250 0.217 0.445 0.564
92.920 18 0.242 0.217 0.441 0.567
92.960 18 0.234 0.214 0.436 0.572
93.000 18 0.236 0.222 0.438 0.581
93.040 18 0.231 0.208 0.453 0.603
93.080 18 0.236 0.225 0.459 0.622
93.120 18 0.247 0.247 0.469 0.639
93.160 18 0.248 0.267 0.467 0.656
93.200 18 0.247 0.283 0.466 0.672
93.240 18 0.241 0.292 0.461 0.683
93.280 18 0.241 0.300 0.459 0.689
93.320 18 0.234 0.297 0.455 0.689
93.360 18 0.239 0.289 0.461 0.683
93.400 18 0.241 0.281 0.464 0.678
93.440 18 0.250 0.281 0.470 0.672
93.480 18 0.259 0.272 0.480 0.661
93.520 18 0.270 0.269 0.491 0.661
93.560 18 0.277 0.261 0.498 0.656
93.600 18 0.273 0.256 0.497 0.653
93.640 18 0.270 0.256 0.497 0.658
93.680 18 0.267 0.256 0.494 0.658
93.720 18 0.266 0.272 0.489 0.669
93.760 18 0.261 0.294 0.486 0.694
93.800 18 0.256 0.311 0.480 0.711
93.840 18 0.247 0.317 0.470 0.717
93.880 18 0.255 0.317 0.478 0.714
93.920 18 0.248 0.308 0.472 0.706
93.960 18 0.259 0.303 0.481 0.700
94.000 18 0.256 0.267 0.498 0.697
94.040 18 0.261 0.247 0.511 0.692
94.080 18 0.272 0.242 0.520 0.686
94.120 18 0.286 0.233 0.536 0.678
94.160 18 0.300 0.233 0.548 0.675
94.200 18 0.309 0.242 0.558 0.683
94.240 18 0.308 0.256 0.555 0.694
94.280 18 0.311 0.264 0.556 0.700
94.320 18 0.302 0.267 0.544 0.697
94.360 18 0.306 0.264 0.548 0.694
94.400 18 0.292 0.269 0.534 0.697
94.440 18 0.286 0.267 0.525 0.694
94.480 18 0.281 0.267 0.520 0.694
94.520 18 0.287 0.269 0.525 0.692
94.560 18 0.284 0.272 0.522 0.694
94.600 18 0.287 0.272 0.523 0.692
94.640 18 0.291 0.267 0.525 0.686
94.680 18 0.284 0.261 0.520 0.681
94.720 18 0.289 0.256 0.527 0.678
94.760 18 0.286 0.253 0.525 0.678
94.800 18 0.292 0.256 0.531 0.681
94.840 18 0.287 0.258 0.527 0.686
94.880 18 0.287 0.264 0.531 0.700
94.920 18 0.284 0.283 0.525 0.711
94.960 18 0.286 0.308 0.525 0.733
95.000 18 0.283 0.314 0.525 0.744
95.040 18 0.280 0.328 0.514 0.744
95.080 18 0.283 0.325 0.527 0.758
95.120 18 0.286 0.314 0.528 0.744
95.160 18 0.284 0.308 0.525 0.736
95.200 19 0.195 0.211 0.442 0.650
95.240 19 0.189 0.208 0.441 0.653
95.280 19 0.200 0.208 0.453 0.656
95.320 19 0.192 0.208 0.436 0.642
95.360 19 0.202 0.206 0.455 0.656
95.400 19 0.195 0.211 0.444 0.653
95.440 19 0.195 0.214 0.450 0.664
95.480 19 0.186 0.217 0.441 0.669
95.520 19 0.200 0.222 0.453 0.672
95.560 19 0.197 0.239 0.441 0.675
95.600 19 0.195 0.239 0.450 0.692
95.640 19 0.192 0.247 0.438 0.683
95.680 19 0.191 0.244 0.436 0.681
95.720 19 0.192 0.239 0.442 0.686
95.760 19 0.188 0.247 0.431 0.683
95.800 19 0.189 0.253 0.433 0.686
95.840 19 0.192 0.261 0.434 0.692
95.880 19 0.197 0.269 0.439 0.697
95.920 19 0.198 0.272 0.441 0.700
95.960 19 0.195 0.269 0.436 0.697
96.000 19 0.203 0.267 0.445 0.697
96.040 19 0.206 0.258 0.456 0.703
96.080 19 0.197 0.264 0.438 0.694
96.120 19 0.200 0.261 0.450 0.706
96.160 19 0.202 0.261 0.445 0.694
96.200 19 0.205 0.247 0.456 0.694
96.240 19 0.200 0.256 0.434 0.672
96.280 19 0.198 0.239 0.450 0.683
96.320 19 0.195 0.239 0.444 0.678
96.360 19 0.202 0.222 0.456 0.675
96.400 19 0.208 0.217 0.466 0.678
96.440 19 0.214 0.211 0.473 0.672
96.480 19 0.214 0.225 0.456 0.656
96.520 19 0.219 0.219 0.475 0.675
96.560 19 0.219 0.236 0.463 0.669
96.600 19 0.225 0.208 0.483 0.669
96.640 19 0.212 0.217 0.467 0.669
96.680 19 0.220 0.214 0.477 0.667
96.720 19 0.214 0.206 0.464 0.650
96.760 19 0.208 0.197 0.458 0.642
96.800 19 0.203 0.192 0.452 0.633
96.840 19 0.198 0.189 0.448 0.631
96.880 19 0.194 0.192 0.438 0.625
96.920 19 0.192 0.192 0.441 0.633
96.960 19 0.186 0.194 0.430 0.631
97.000 19 0.186 0.194 0.436 0.636
97.040 19 0.192 0.194 0.442 0.636
97.080 19 0.186 0.203 0.431 0.639
97.120 19 0.186 0.214 0.427 0.642
97.160 19 0.184 0.217 0.430 0.656
97.200 19 0.177 0.219 0.422 0.653
97.240 19 0.181 0.211 0.430 0.656
97.280 19 0.169 0.211 0.414 0.650
97.320 19 0.167 0.208 0.412 0.642
97.360 19 0.166 0.197 0.411 0.636
97.400 19 0.167 0.186 0.416 0.631
97.440 19 0.166 0.183 0.412 0.622
97.480 19 0.159 0.186 0.405 0.622
97.520 19 0.169 0.183 0.419 0.628
97.560 19 0.161 0.189 0.409 0.628
97.600 19 0.172 0.183 0.425 0.633
97.640 19 0.175 0.169 0.428 0.619
97.680 19 0.183 0.158 0.438 0.611
97.720 19 0.186 0.147 0.441 0.603
97.760 19 0.188 0.139 0.442 0.592
100.960 20 0.381 0.267 0.627 0.703
101.000 20 0.391 0.267 0.633 0.697
101.040 20 0.397 0.289 0.637 0.717
101.080 20 0.394 0.286 0.634 0.714
101.120 20 0.398 0.281 0.639 0.708
101.160 20 0.397 0.278 0.636 0.703
101.200 20 0.398 0.278 0.634 0.697
101.240 20 0.398 0.275 0.633 0.694
101.280 20 0.397 0.275 0.633 0.692
101.320 20 0.397 0.275 0.631 0.689
101.360 20 0.395 0.269 0.630 0.686
101.400 20 0.394 0.267 0.628 0.683
101.440 20 0.394 0.264 0.625 0.678
101.480 20 0.392 0.261 0.623 0.672
101.520 20 0.391 0.258 0.620 0.667
101.560 20 0.389 0.256 0.620 0.667
101.600 20 0.389 0.256 0.620 0.664
101.640 20 0.388 0.250 0.619 0.661
101.680 20 0.389 0.253 0.619 0.658
101.720 20 0.392 0.250 0.622 0.658
101.760 20 0.386 0.250 0.616 0.658
101.800 20 0.389 0.250 0.620 0.661
101.840 20 0.383 0.250 0.616 0.661
101.880 20 0.380 0.247 0.613 0.664
101.920 20 0.373 0.253 0.603 0.661
101.960 20 0.373 0.247 0.609 0.669
102.000 20 0.364 0.267 0.606 0.697
102.040 20 0.356 0.258 0.594 0.681
102.080 20 0.353 0.256 0.592 0.683
102.120 20 0.355 0.258 0.594 0.686
102.160 20 0.353 0.261 0.588 0.678
102.200 20 0.353 0.261 0.592 0.686
102.240 20 0.352 0.261 0.591 0.689
102.280 20 0.356 0.256 0.600 0.692
102.320 20 0.353 0.258 0.595 0.686
102.360 20 0.358 0.258 0.598 0.686
102.400 20 0.358 0.256 0.602 0.689
102.440 20 0.359 0.256 0.605 0.692
102.480 20 0.361 0.258 0.608 0.697
102.520 20 0.364 0.258 0.611 0.697
102.560 20 0.367 0.258 0.613 0.697
102.600 20 0.373 0.258 0.619 0.697
102.640 20 0.383 0.261 0.631 0.703
102.680 20 0.383 0.258 0.628 0.697
102.720 20 0.394 0.256 0.639 0.697
102.760 20 0.400 0.247 0.650 0.694
102.800 20 0.411 0.244 0.659 0.689
102.840 20 0.423 0.242 0.675 0.689
102.880 20 0.434 0.236 0.683 0.678
102.920 20 0.444 0.233 0.694 0.678
102.960 20 0.442 0.231 0.692 0.675
103.000 20 0.445 0.219 0.686 0.650
103.040 20 0.455 0.211 0.692 0.639
103.080 20 0.452 0.211 0.689 0.636
103.120 20 0.453 0.206 0.694 0.633
103.160 20 0.452 0.206 0.688 0.628
103.200 20 0.456 0.197 0.695 0.625
103.240 20 0.453 0.197 0.691 0.622
103.280 20 0.459 0.194 0.700 0.625
103.320 20 0.458 0.194 0.697 0.622
103.360 20 0.459 0.197 0.698 0.625
103.400 20 0.459 0.200 0.698 0.625
103.440 20 0.461 0.200 0.698 0.628
103.480 20 0.461 0.203 0.698 0.628
103.520 20 0.459 0.206 0.697 0.631
103.560 20 0.456 0.208 0.694 0.633
103.600 20 0.455 0.211 0.692 0.636
103.640 20 0.452 0.214 0.689 0.639
103.680 20 0.448 0.217 0.688 0.644
103.720 20 0.447 0.222 0.684 0.647
103.760 20 0.444 0.222 0.684 0.653
103.800 20 0.447 0.228 0.684 0.650
103.840 20 0.444 0.228 0.680 0.650
103.880 20 0.448 0.228 0.686 0.653
103.920 20 0.441 0.225 0.683 0.658
103.960 20 0.444 0.222 0.689 0.661
104.000 20 0.445 0.219 0.686 0.650
104.040 20 0.423 0.211 0.688 0.683
104.080 20 0.420 0.211 0.683 0.681
104.120 20 0.425 0.214 0.686 0.681
104.160 20 0.416 0.214 0.672 0.675
104.200 20 0.422 0.214 0.678 0.675
104.240 20 0.414 0.214 0.670 0.672
104.280 20 0.417 0.211 0.672 0.669
104.320 20 0.408 0.211 0.664 0.669
104.360 20 0.411 0.211 0.666 0.667
104.400 20 0.403 0.214 0.656 0.667
104.440 20 0.406 0.211 0.661 0.667
104.480 20 0.400 0.211 0.653 0.664
104.520 20 0.403 0.208 0.658 0.664
104.560 20 0.397 0.211 0.648 0.661
104.600 20 0.397 0.211 0.650 0.664
104.640 20 0.402 0.211 0.655 0.664
104.680 20 0.397 0.211 0.652 0.667
104.720 20 0.397 0.211 0.655 0.672
104.760 20 0.394 0.214 0.652 0.675
104.800 20 0.398 0.214 0.658 0.678
104.840 20 0.395 0.217 0.656 0.683
104.880 20 0.394 0.217 0.653 0.681
104.920 20 0.398 0.217 0.661 0.686
104.960 20 0.391 0.214 0.655 0.686
105.000 20 0.373 0.206 0.662 0.722
105.040 20 0.370 0.194 0.670 0.733
105.080 20 0.370 0.197 0.672 0.736
105.120 20 0.375 0.203 0.672 0.733
105.160 20 0.369 0.200 0.669 0.736
105.200 20 0.372 0.208 0.669 0.739
105.240 20 0.373 0.211 0.669 0.739
105.280 20 0.380 0.222 0.669 0.739
105.320 20 0.372 0.214 0.664 0.736
105.360 20 0.380 0.214 0.672 0.736
105.400 20 0.375 0.214 0.667 0.733
105.440 20 0.378 0.211 0.670 0.733
105.480 20 0.380 0.208 0.669 0.728
105.520 20 0.378 0.206 0.669 0.725
105.560 20 0.377 0.203 0.669 0.725
105.600 20 0.377 0.203 0.667 0.725
105.640 20 0.375 0.200 0.666 0.719
105.680 20 0.373 0.200 0.662 0.717
105.720 20 0.372 0.200 0.659 0.711
105.760 20 0.372 0.200 0.652 0.700
105.800 20 0.375 0.200 0.658 0.706
105.840 20 0.372 0.203 0.653 0.706
105.880 20 0.372 0.206 0.656 0.711
105.920 20 0.366 0.206 0.645 0.706
105.960 20 0.375 0.208 0.655 0.708
106.000 20 0.373 0.206 0.662 0.722
106.040 20 0.378 0.228 0.652 0.714
106.080 20 0.383 0.231 0.656 0.719
106.120 20 0.375 0.233 0.648 0.722
106.160 20 0.378 0.236 0.652 0.725
106.200 20 0.377 0.236 0.656 0.736
106.240 20 0.372 0.231 0.662 0.750
106.280 20 0.373 0.233 0.669 0.758
106.320 20 0.370 0.247 0.658 0.758
106.360 20 0.377 0.253 0.666 0.764
106.400 20 0.370 0.253 0.662 0.775
106.440 20 0.373 0.253 0.666 0.775
106.480 20 0.372 0.247 0.669 0.778
106.520 20 0.372 0.244 0.670 0.775
106.560 20 0.369 0.244 0.666 0.772
106.600 20 0.373 0.244 0.670 0.772
106.640 20 0.372 0.244 0.673 0.781
106.680 20 0.369 0.244 0.667 0.775
106.720 20 0.377 0.244 0.675 0.775
106.760 20 0.370 0.247 0.667 0.778
106.800 20 0.377 0.247 0.677 0.783
106.840 20 0.372 0.247 0.669 0.778
106.880 20 0.370 0.247 0.669 0.778
106.920 20 0.370 0.250 0.666 0.778
106.960 20 0.369 0.250 0.664 0.778
107.000 20 0.373 0.264 0.662 0.778
107.040 20 0.377 0.267 0.644 0.744
107.080 20 0.381 0.269 0.648 0.744
107.120 20 0.372 0.267 0.642 0.744
107.160 20 0.381 0.267 0.650 0.744
107.200 20 0.375 0.272 0.634 0.733
107.240 20 0.381 0.278 0.639 0.733
107.280 20 0.373 0.272 0.639 0.744
107.320 20 0.377 0.275 0.644 0.750
107.360 20 0.369 0.278 0.636 0.750
107.400 20 0.375 0.278 0.641 0.753
107.440 20 0.369 0.281 0.633 0.750
107.480 20 0.373 0.283 0.637 0.750
107.520 20 0.370 0.283 0.636 0.756
107.560 20 0.370 0.286 0.634 0.753
107.600 20 0.367 0.283 0.633 0.756
107.640 20 0.370 0.283 0.637 0.758
107.680 20 0.375 0.283 0.642 0.758
107.720 20 0.370 0.281 0.637 0.756
107.760 20 0.380 0.281 0.647 0.753
107.800 20 0.377 0.275 0.644 0.750
107.840 20 0.384 0.272 0.652 0.747
107.880 20 0.378 0.269 0.645 0.744
107.920 20 0.386 0.267 0.652 0.742
107.960 20 0.378 0.261 0.645 0.736
108.000 20 0.391 0.267 0.633 0.697
108.040 20 0.394 0.261 0.641 0.703
108.080 20 0.392 0.264 0.637 0.700
108.120 20 0.392 0.264 0.634 0.694
108.160 20 0.391 0.264 0.631 0.692
108.200 20 0.389 0.264 0.628 0.692
108.240 20 0.388 0.267 0.625 0.689
108.280 20 0.386 0.267 0.620 0.686
108.320 20 0.383 0.264 0.617 0.683
108.360 20 0.380 0.264 0.614 0.681
108.400 20 0.380 0.264 0.614 0.681
108.440 20 0.372 0.261 0.606 0.681
108.480 20 0.370 0.264 0.603 0.681
108.520 20 0.366 0.267 0.600 0.686
108.560 20 0.359 0.267 0.591 0.678
108.600 20 0.355 0.267 0.588 0.681
108.640 20 0.347 0.264 0.581 0.683
108.680 20 0.338 0.261 0.573 0.683
108.720 20 0.338 0.261 0.572 0.681
108.760 20 0.327 0.261 0.561 0.681
108.800 20 0.327 0.264 0.562 0.686
108.840 20 0.317 0.261 0.552 0.681
108.880 20 0.312 0.264 0.548 0.686
108.920 20 0.311 0.267 0.545 0.686
108.960 20 0.308 0.269 0.547 0.692
109.000 20 0.311 0.267 0.552 0.697
109.040 20 0.312 0.264 0.552 0.692
109.080 20 0.309 0.267 0.548 0.692
109.120 20 0.309 0.267 0.550 0.697
109.160 20 0.311 0.269 0.552 0.700
109.200 20 0.312 0.269 0.555 0.703
109.240 20 0.316 0.269 0.558 0.706
109.280 20 0.320 0.272 0.561 0.703
109.320 20 0.327 0.267 0.567 0.700
109.360 20 0.330 0.267 0.572 0.700
109.400 20 0.338 0.269 0.578 0.697
109.440 20 0.339 0.264 0.581 0.694
109.480 20 0.348 0.264 0.591 0.694
109.520 20 0.352 0.261 0.595 0.694
109.560 20 0.362 0.264 0.605 0.694
109.600 20 0.364 0.258 0.608 0.692
109.640 20 0.372 0.253 0.616 0.689
109.680 20 0.381 0.258 0.622 0.689
109.720 20 0.378 0.258 0.620 0.689
109.760 20 0.386 0.258 0.628 0.692
109.800 20 0.383 0.264 0.627 0.697
109.840 20 0.389 0.264 0.633 0.700
109.880 20 0.386 0.267 0.630 0.703
109.920 20 0.389 0.269 0.633 0.703
109.960 20 0.388 0.267 0.631 0.703
110.000 20 0.391 0.267 0.633 0.697
110.040 20 0.389 0.264 0.631 0.694
110.080 20 0.389 0.261 0.633 0.694
110.120 20 0.388 0.258 0.633 0.694
110.160 20 0.388 0.258 0.633 0.694
110.200 20 0.386 0.256 0.631 0.692
110.240 20 0.386 0.256 0.631 0.692
110.280 20 0.384 0.261 0.628 0.694
110.320 20 0.391 0.264 0.634 0.697
110.360 20 0.388 0.264 0.631 0.697
110.400 20 0.388 0.267 0.634 0.703
110.440 20 0.389 0.267 0.636 0.706
110.480 20 0.389 0.267 0.636 0.706
110.520 20 0.391 0.272 0.633 0.700
110.560 20 0.388 0.269 0.633 0.706
110.600 20 0.386 0.272 0.633 0.708
110.640 20 0.384 0.275 0.630 0.711
110.680 20 0.381 0.278 0.628 0.717
110.720 20 0.380 0.281 0.625 0.717
110.760 20 0.377 0.281 0.622 0.717
110.800 20 0.375 0.281 0.619 0.714
110.840 20 0.372 0.278 0.616 0.711
110.880 20 0.369 0.275 0.614 0.711
110.920 20 0.367 0.275 0.613 0.708
110.960 20 0.367 0.272 0.609 0.703
111.000 20 0.364 0.267 0.606 0.697
111.040 20 0.377 0.289 0.600 0.689
111.080 20 0.373 0.286 0.597 0.686
111.120 20 0.381 0.286 0.603 0.681
111.160 20 0.380 0.283 0.602 0.681
111.200 20 0.386 0.281 0.609 0.678
111.240 20 0.384 0.278 0.606 0.675
111.280 20 0.392 0.275 0.614 0.672
111.320 20 0.389 0.272 0.613 0.669
111.360 20 0.395 0.272 0.620 0.669
111.400 20 0.394 0.269 0.619 0.672
111.440 20 0.402 0.272 0.627 0.672
111.480 20 0.398 0.267 0.630 0.678
111.520 20 0.408 0.269 0.639 0.681
111.560 20 0.409 0.264 0.642 0.681
111.600 20 0.414 0.258 0.652 0.686
111.640 20 0.422 0.253 0.658 0.675
111.680 20 0.431 0.256 0.670 0.681
111.720 20 0.436 0.253 0.673 0.675
111.760 20 0.441 0.250 0.681 0.681
111.800 20 0.445 0.250 0.689 0.683
111.840 20 0.442 0.247 0.688 0.683
111.880 20 0.447 0.247 0.692 0.686
111.920 20 0.447 0.247 0.692 0.686
111.960 20 0.444 0.247 0.692 0.689
112.000 20 0.445 0.267 0.686 0.697
112.040 20 0.430 0.258 0.678 0.700
112.080 20 0.422 0.258 0.670 0.706
112.120 20 0.419 0.258 0.669 0.706
112.160 20 0.412 0.261 0.662 0.703
112.200 20 0.409 0.264 0.658 0.706
112.240 20 0.400 0.261 0.650 0.706
112.280 20 0.398 0.261 0.648 0.708
112.320 20 0.395 0.258 0.645 0.706
112.360 20 0.391 0.258 0.641 0.703
112.400 20 0.389 0.258 0.636 0.697
112.440 20 0.388 0.258 0.631 0.694
112.480 20 0.375 0.258 0.619 0.692
112.520 20 0.380 0.256 0.620 0.686
112.560 20 0.373 0.256 0.613 0.681
112.600 20 0.377 0.253 0.614 0.675
112.640 20 0.369 0.250 0.606 0.672
112.680 20 0.373 0.250 0.608 0.669
112.720 20 0.366 0.250 0.598 0.667
112.760 20 0.367 0.250 0.603 0.669
112.800 20 0.366 0.247 0.597 0.664
112.840 20 0.372 0.244 0.603 0.658
112.880 20 0.370 0.244 0.598 0.653
112.920 20 0.377 0.242 0.606 0.650
112.960 20 0.372 0.236 0.602 0.647
113.000 20 0.364 0.219 0.606 0.650
113.040 20 0.373 0.222 0.614 0.650
113.080 20 0.370 0.222 0.611 0.650
113.120 20 0.373 0.217 0.616 0.647
113.160 20 0.369 0.214 0.613 0.647
113.200 20 0.370 0.211 0.616 0.647
113.240 20 0.370 0.206 0.617 0.642
113.280 20 0.380 0.208 0.625 0.642
113.320 20 0.378 0.208 0.623 0.644
113.360 20 0.383 0.208 0.631 0.650
113.400 20 0.380 0.208 0.628 0.650
113.440 20 0.381 0.208 0.633 0.656
113.480 20 0.381 0.214 0.634 0.664
113.520 20 0.383 0.217 0.637 0.669
113.560 20 0.384 0.222 0.641 0.678
113.600 20 0.386 0.222 0.647 0.686
113.640 20 0.388 0.228 0.650 0.694
113.680 20 0.392 0.233 0.655 0.697
113.720 20 0.397 0.236 0.659 0.700
113.760 20 0.402 0.239 0.664 0.703
113.800 20 0.406 0.242 0.667 0.706
113.840 20 0.408 0.244 0.667 0.706
113.880 20 0.414 0.250 0.666 0.700
113.920 20 0.405 0.247 0.659 0.700
113.960 20 0.406 0.250 0.662 0.706
114.000 20 0.417 0.267 0.659 0.697
114.040 20 0.419 0.264 0.659 0.692
114.080 20 0.420 0.267 0.661 0.694
114.120 20 0.420 0.264 0.661 0.694
114.160 20 0.417 0.264 0.659 0.694
114.200 20 0.417 0.264 0.658 0.694
114.240 20 0.420 0.267 0.661 0.694
114.280 20 0.420 0.267 0.662 0.697
114.320 20 0.417 0.264 0.662 0.700
114.360 20 0.414 0.267 0.655 0.694
114.400 20 0.403 0.264 0.647 0.697
114.440 20 0.409 0.261 0.655 0.697
114.480 20 0.403 0.267 0.641 0.689
114.520 20 0.395 0.267 0.634 0.692
114.560 20 0.388 0.267 0.627 0.692
114.600 20 0.377 0.264 0.620 0.697
114.640 20 0.369 0.267 0.613 0.700
114.680 20 0.359 0.267 0.606 0.706
114.720 20 0.353 0.275 0.597 0.708
114.760 20 0.347 0.283 0.589 0.714
114.800 20 0.336 0.289 0.578 0.719
114.840 20 0.333 0.289 0.577 0.725
114.880 20 0.331 0.289 0.573 0.719
114.920 20 0.333 0.283 0.577 0.717
114.960 20 0.336 0.278 0.580 0.711
115.000 20 0.338 0.267 0.580 0.697
115.040 20 0.345 0.261 0.588 0.694
115.080 20 0.344 0.258 0.584 0.686
115.120 20 0.352 0.256 0.592 0.683
115.160 20 0.359 0.256 0.600 0.683
115.200 20 0.367 0.256 0.606 0.683
115.240 20 0.375 0.258 0.614 0.681
115.280 20 0.389 0.261 0.627 0.686
115.320 20 0.402 0.256 0.641 0.681
115.360 20 0.409 0.256 0.648 0.681
115.400 20 0.419 0.256 0.655 0.672
115.440 20 0.431 0.242 0.669 0.667
115.480 20 0.444 0.236 0.683 0.661
115.520 20 0.459 0.233 0.694 0.653
115.560 20 0.475 0.236 0.705 0.647
115.040 20 0.312 0.242 0.586 0.728
115.080 20 0.312 0.236 0.586 0.722
115.120 20 0.319 0.231 0.597 0.725
115.160 20 0.319 0.231 0.597 0.725
115.200 20 0.327 0.225 0.608 0.728
115.240 20 0.336 0.222 0.619 0.728
115.280 20 0.345 0.219 0.628 0.722
115.320 20 0.361 0.225 0.642 0.725
115.360 20 0.372 0.225 0.652 0.722
115.400 20 0.381 0.222 0.661 0.719
115.440 20 0.389 0.217 0.670 0.717
115.480 20 0.398 0.214 0.680 0.714
115.520 20 0.412 0.200 0.698 0.708
115.560 20 0.425 0.197 0.703 0.692
115.600 20 0.439 0.197 0.720 0.697
115.640 20 0.434 0.186 0.719 0.692
115.680 20 0.442 0.178 0.731 0.692
115.720 20 0.441 0.175 0.731 0.692
115.760 20 0.439 0.175 0.728 0.689
115.800 20 0.441 0.178 0.731 0.694
115.840 20 0.431 0.178 0.725 0.700
115.880 20 0.423 0.183 0.714 0.700
115.920 20 0.427 0.194 0.711 0.700
115.960 20 0.416 0.200 0.705 0.714
116.000 20 0.405 0.206 0.695 0.722
116.040 20 0.394 0.211 0.686 0.728
116.080 20 0.384 0.214 0.678 0.736
116.120 20 0.373 0.219 0.667 0.742
116.160 20 0.359 0.211 0.662 0.750
116.200 20 0.339 0.214 0.648 0.764
116.200 20 0.367 0.247 0.642 0.736
116.240 20 0.350 0.239 0.628 0.733
116.280 20 0.336 0.233 0.611 0.725
116.320 20 0.333 0.228 0.608 0.717
116.360 20 0.325 0.214 0.605 0.711
116.400 20 0.327 0.194 0.608 0.692
116.440 20 0.320 0.178 0.598 0.672
116.480 20 0.317 0.175 0.592 0.664
116.520 20 0.316 0.172 0.592 0.661
116.560 20 0.306 0.164 0.589 0.667
116.600 20 0.316 0.164 0.597 0.664
116.640 20 0.312 0.158 0.598 0.667
116.680 20 0.309 0.156 0.597 0.669
116.720 20 0.308 0.153 0.597 0.669
116.760 20 0.300 0.150 0.594 0.672
116.800 20 0.309 0.150 0.598 0.667
116.840 20 0.306 0.147 0.592 0.658
116.880 20 0.312 0.147 0.605 0.667
116.920 20 0.308 0.150 0.594 0.658
116.960 20 0.309 0.150 0.595 0.661
117.000 20 0.308 0.147 0.598 0.664
117.040 20 0.316 0.147 0.611 0.669
117.080 20 0.317 0.147 0.617 0.683
117.120 20 0.323 0.161 0.627 0.697
117.160 20 0.327 0.172 0.630 0.711
117.200 20 0.344 0.192 0.642 0.722
117.240 20 0.370 0.217 0.659 0.728
117.280 20 0.394 0.231 0.680 0.739
117.320 20 0.398 0.236 0.683 0.742
117.360 20 0.405 0.231 0.697 0.750
117.400 20 0.402 0.228 0.691 0.742
117.440 20 0.402 0.225 0.691 0.739
117.480 20 0.388 0.222 0.677 0.736
117.520 20 0.395 0.219 0.684 0.736
117.560 20 0.403 0.217 0.697 0.739
117.600 20 0.394 0.203 0.694 0.736
117.640 20 0.403 0.194 0.703 0.728
117.680 20 0.388 0.189 0.684 0.717
117.720 20 0.402 0.194 0.689 0.703
117.760 20 0.403 0.194 0.688 0.700
117.800 20 0.405 0.178 0.705 0.711
117.840 20 0.403 0.175 0.700 0.706
117.880 20 0.406 0.178 0.700 0.703
117.920 20 0.395 0.181 0.691 0.703
117.960 20 0.412 0.189 0.708 0.714
118.000 20 0.405 0.206 0.695 0.722
118.040 20 0.394 0.217 0.694 0.750
118.080 20 0.395 0.225 0.688 0.744
118.120 20 0.395 0.217 0.694 0.747
118.160 20 0.392 0.211 0.691 0.742
118.200 20 0.391 0.208 0.688 0.739
118.240 20 0.386 0.208 0.686 0.742
118.280 20 0.380 0.206 0.683 0.744
118.320 20 0.373 0.206 0.677 0.744
118.360 20 0.373 0.206 0.678 0.747
118.400 20 0.364 0.206 0.670 0.747
118.440 20 0.355 0.203 0.661 0.747
118.480 20 0.355 0.203 0.662 0.750
118.520 20 0.345 0.208 0.652 0.753
118.560 20 0.347 0.208 0.656 0.758
118.600 20 0.336 0.211 0.647 0.764
118.640 20 0.339 0.217 0.647 0.764
118.680 20 0.333 0.217 0.639 0.761
118.720 20 0.333 0.219 0.634 0.756
118.760 20 0.331 0.217 0.631 0.753
118.800 20 0.331 0.214 0.628 0.744
118.840 20 0.331 0.211 0.627 0.739
118.880 20 0.330 0.203 0.628 0.736
118.920 20 0.331 0.200 0.631 0.733
118.960 20 0.334 0.194 0.634 0.728
119.000 20 0.341 0.206 0.631 0.722
119.040 20 0.347 0.203 0.642 0.725
119.080 20 0.344 0.203 0.634 0.719
119.120 20 0.355 0.206 0.641 0.714
119.160 20 0.348 0.200 0.634 0.711
119.200 20 0.345 0.194 0.637 0.714
119.240 20 0.344 0.189 0.639 0.714
119.280 20 0.336 0.189 0.633 0.717
119.320 20 0.350 0.192 0.645 0.717
119.360 20 0.345 0.197 0.630 0.703
119.400 20 0.347 0.197 0.639 0.717
119.440 20 0.350 0.200 0.642 0.719
119.480 20 0.352 0.200 0.644 0.719
119.520 20 0.361 0.200 0.653 0.719
119.560 20 0.359 0.200 0.647 0.711
119.600 20 0.369 0.200 0.656 0.711
119.640 20 0.364 0.194 0.655 0.714
119.680 20 0.373 0.194 0.666 0.717
119.720 20 0.369 0.192 0.662 0.714
119.760 20 0.370 0.192 0.666 0.717
119.800 20 0.370 0.189 0.670 0.722
119.840 20 0.370 0.189 0.673 0.728
119.880 20 0.370 0.189 0.677 0.733
119.920 20 0.372 0.189 0.681 0.739
122.280 21 0.542 0.256 0.675 0.492
122.320 21 0.547 0.256 0.680 0.492
122.360 21 0.553 0.256 0.688 0.492
122.400 21 0.556 0.256 0.691 0.494
122.440 21 0.556 0.256 0.692 0.494
122.480 21 0.559 0.256 0.692 0.494
122.520 21 0.555 0.256 0.689 0.494
122.560 21 0.553 0.256 0.689 0.494
122.600 21 0.553 0.250 0.692 0.500
122.640 21 0.548 0.250 0.689 0.500
122.680 21 0.550 0.253 0.689 0.500
122.720 21 0.548 0.253 0.691 0.506
122.760 21 0.544 0.256 0.688 0.511
122.800 21 0.544 0.261 0.688 0.517
122.840 21 0.539 0.264 0.683 0.519
122.880 21 0.539 0.264 0.680 0.517
122.920 21 0.539 0.264 0.680 0.514
122.960 21 0.536 0.264 0.678 0.514
123.000 21 0.536 0.264 0.677 0.514
123.040 21 0.525 0.250 0.669 0.506
123.080 21 0.523 0.250 0.666 0.503
123.120 21 0.519 0.250 0.661 0.506
123.160 21 0.516 0.247 0.661 0.506
123.200 21 0.509 0.247 0.653 0.503
123.240 21 0.508 0.244 0.652 0.500
123.280 21 0.500 0.244 0.644 0.503
123.320 21 0.500 0.244 0.642 0.500
123.360 21 0.494 0.247 0.636 0.503
123.400 21 0.494 0.250 0.630 0.494
123.440 21 0.487 0.250 0.623 0.494
123.480 21 0.489 0.250 0.625 0.492
123.520 21 0.484 0.247 0.620 0.492
123.560 21 0.486 0.247 0.620 0.489
123.600 21 0.483 0.247 0.617 0.489
123.640 21 0.481 0.247 0.617 0.492
123.680 21 0.481 0.247 0.617 0.492
123.720 21 0.481 0.250 0.619 0.494
123.760 21 0.483 0.250 0.620 0.494
123.800 21 0.484 0.250 0.622 0.497
123.840 21 0.486 0.250 0.625 0.497
123.880 21 0.491 0.250 0.630 0.497
123.920 21 0.491 0.250 0.630 0.500
123.960 21 0.495 0.247 0.636 0.500
124.000 21 0.491 0.236 0.630 0.486
124.040 21 0.500 0.247 0.641 0.500
124.080 21 0.500 0.244 0.647 0.506
124.120 21 0.503 0.247 0.645 0.503
124.160 21 0.505 0.250 0.647 0.503
124.200 21 0.509 0.250 0.650 0.503
124.240 21 0.509 0.253 0.650 0.503
124.280 21 0.512 0.253 0.652 0.503
124.320 21 0.514 0.250 0.655 0.500
124.360 21 0.516 0.250 0.656 0.500
124.400 21 0.516 0.244 0.658 0.497
124.440 21 0.517 0.242 0.658 0.489
124.480 21 0.519 0.239 0.656 0.486
124.520 21 0.520 0.239 0.658 0.486
124.560 21 0.517 0.242 0.653 0.486
124.600 21 0.519 0.247 0.655 0.489
124.640 21 0.516 0.253 0.650 0.494
124.680 21 0.512 0.253 0.648 0.494
124.720 21 0.511 0.253 0.645 0.492
124.760 21 0.509 0.250 0.644 0.492
124.800 21 0.509 0.253 0.642 0.489
124.840 21 0.506 0.250 0.642 0.494
124.880 21 0.505 0.253 0.641 0.497
124.920 21 0.500 0.250 0.641 0.500
124.960 21 0.498 0.250 0.639 0.503
125.000 21 0.505 0.264 0.645 0.514
125.040 21 0.497 0.253 0.636 0.503
125.080 21 0.500 0.253 0.641 0.503
125.120 21 0.497 0.258 0.631 0.497
125.160 21 0.498 0.261 0.633 0.503
125.200 21 0.495 0.267 0.628 0.503
125.240 21 0.497 0.267 0.628 0.503
125.280 21 0.494 0.272 0.623 0.503
125.320 21 0.495 0.275 0.623 0.506
125.360 21 0.489 0.275 0.617 0.506
125.400 21 0.494 0.278 0.622 0.506
125.440 21 0.489 0.278 0.616 0.506
125.480 21 0.495 0.283 0.620 0.506
125.520 21 0.487 0.281 0.616 0.508
125.560 21 0.495 0.281 0.620 0.508
125.600 21 0.491 0.283 0.617 0.508
125.640 21 0.495 0.283 0.620 0.508
125.680 21 0.494 0.286 0.619 0.511
125.720 21 0.497 0.286 0.623 0.511
125.760 21 0.492 0.283 0.620 0.511
125.800 21 0.497 0.286 0.622 0.511
125.840 21 0.497 0.286 0.623 0.511
125.880 21 0.497 0.286 0.623 0.508
125.920 21 0.502 0.286 0.627 0.508
125.960 21 0.502 0.286 0.625 0.508
126.000 21 0.491 0.264 0.630 0.514
126.040 21 0.492 0.267 0.631 0.514
126.080 21 0.492 0.267 0.631 0.514
126.120 21 0.494 0.261 0.637 0.522
126.160 21 0.492 0.261 0.634 0.517
126.200 21 0.492 0.258 0.634 0.517
126.240 21 0.492 0.258 0.634 0.514
126.280 21 0.492 0.258 0.634 0.511
126.320 21 0.492 0.253 0.641 0.517
126.360 21 0.491 0.256 0.631 0.511
126.400 21 0.492 0.258 0.634 0.514
126.440 21 0.494 0.258 0.636 0.514
126.480 21 0.494 0.258 0.636 0.514
126.520 21 0.494 0.258 0.636 0.517
126.560 21 0.497 0.258 0.642 0.517
126.600 21 0.495 0.247 0.644 0.517
126.640 21 0.505 0.244 0.652 0.508
126.680 21 0.520 0.247 0.664 0.500
126.720 21 0.525 0.239 0.669 0.494
126.760 21 0.523 0.236 0.667 0.492
126.800 21 0.527 0.233 0.670 0.489
126.840 21 0.519 0.236 0.662 0.489
126.880 21 0.516 0.236 0.659 0.489
126.920 21 0.509 0.236 0.652 0.489
126.960 21 0.506 0.236 0.647 0.486
127.000 21 0.505 0.236 0.645 0.486
127.040 21 0.505 0.236 0.645 0.486
127.080 21 0.508 0.233 0.650 0.486
127.120 21 0.505 0.231 0.648 0.486
127.160 21 0.505 0.231 0.648 0.486
127.200 21 0.505 0.231 0.648 0.486
127.240 21 0.505 0.231 0.648 0.486
127.280 21 0.502 0.231 0.645 0.486
127.320 21 0.502 0.233 0.637 0.478
127.360 21 0.495 0.233 0.634 0.478
127.400 21 0.494 0.231 0.633 0.481
127.440 21 0.483 0.225 0.628 0.483
127.480 21 0.484 0.228 0.630 0.486
127.520 21 0.477 0.222 0.627 0.486
127.560 21 0.480 0.225 0.625 0.486
127.600 21 0.473 0.225 0.622 0.489
127.640 21 0.477 0.228 0.622 0.489
127.680 21 0.470 0.231 0.619 0.492
127.720 21 0.473 0.231 0.622 0.494
127.760 21 0.469 0.231 0.617 0.497
127.800 21 0.472 0.233 0.620 0.500
139.760 22 0.175 0.331 0.270 0.500
139.800 22 0.163 0.333 0.259 0.508
139.840 22 0.152 0.342 0.247 0.511
139.880 22 0.142 0.347 0.237 0.517
139.920 22 0.134 0.350 0.230 0.519
139.960 22 0.128 0.356 0.223 0.525
140.000 22 0.123 0.356 0.220 0.528
145.640 23 0.372 0.244 0.639 0.719
145.680 23 0.372 0.244 0.639 0.717
145.720 23 0.372 0.244 0.637 0.717
145.760 23 0.380 0.253 0.639 0.717
145.800 23 0.370 0.250 0.631 0.714
145.840 23 0.370 0.253 0.631 0.717
145.880 23 0.361 0.258 0.617 0.711
145.920 23 0.367 0.264 0.616 0.706
145.960 23 0.355 0.264 0.602 0.703
146.000 23 0.364 0.267 0.606 0.697
146.040 23 0.359 0.256 0.617 0.711
146.080 23 0.361 0.253 0.620 0.714
146.120 23 0.359 0.250 0.620 0.717
146.160 23 0.355 0.253 0.617 0.719
146.200 23 0.352 0.253 0.613 0.717
146.240 23 0.353 0.250 0.614 0.717
146.280 23 0.356 0.253 0.616 0.714
146.320 23 0.348 0.256 0.606 0.714
146.360 23 0.348 0.256 0.606 0.714
146.400 23 0.345 0.253 0.603 0.711
146.440 23 0.352 0.256 0.603 0.706
146.480 23 0.347 0.258 0.594 0.697
146.520 23 0.350 0.258 0.595 0.694
146.560 23 0.345 0.267 0.584 0.689
146.600 23 0.347 0.267 0.583 0.689
146.640 23 0.353 0.267 0.592 0.692
146.680 23 0.347 0.267 0.586 0.692
146.720 23 0.352 0.267 0.589 0.686
146.760 23 0.334 0.250 0.575 0.681
146.800 23 0.328 0.242 0.570 0.669
146.840 23 0.330 0.228 0.573 0.658
146.880 23 0.330 0.219 0.572 0.650
146.920 23 0.328 0.214 0.573 0.650
146.960 23 0.330 0.211 0.578 0.650
147.000 23 0.338 0.219 0.580 0.650
147.040 23 0.345 0.214 0.588 0.647
147.080 23 0.364 0.208 0.608 0.642
147.120 23 0.383 0.206 0.627 0.639
147.160 23 0.400 0.217 0.636 0.636
147.200 23 0.409 0.217 0.642 0.631
147.240 23 0.419 0.219 0.648 0.628
147.280 23 0.425 0.217 0.655 0.625
147.320 23 0.422 0.211 0.652 0.619
147.360 23 0.422 0.208 0.650 0.614
147.400 23 0.417 0.208 0.645 0.611
147.440 23 0.411 0.206 0.637 0.611
147.480 23 0.405 0.211 0.631 0.614
147.520 23 0.400 0.214 0.625 0.614
147.560 23 0.394 0.211 0.623 0.617
147.600 23 0.377 0.206 0.606 0.614
147.640 23 0.367 0.206 0.598 0.617
147.680 23 0.372 0.203 0.605 0.617
147.720 23 0.358 0.197 0.592 0.614
147.760 23 0.355 0.200 0.592 0.625
147.800 23 0.356 0.200 0.595 0.625
147.840 23 0.362 0.194 0.600 0.617
147.880 23 0.362 0.189 0.600 0.608
147.840 24 0.322 0.178 0.600 0.672
147.880 24 0.327 0.164 0.608 0.664
147.920 24 0.327 0.161 0.606 0.658
147.960 24 0.338 0.158 0.616 0.656
148.000 24 0.341 0.147 0.631 0.664
148.040 24 0.342 0.133 0.645 0.669
148.080 24 0.327 0.122 0.633 0.669
148.120 24 0.339 0.119 0.655 0.683
148.160 24 0.345 0.136 0.637 0.658
148.200 24 0.348 0.142 0.642 0.661
148.240 24 0.352 0.144 0.645 0.667
148.280 24 0.355 0.150 0.650 0.672
148.320 24 0.359 0.156 0.653 0.678
148.360 24 0.362 0.158 0.659 0.683
148.400 24 0.367 0.161 0.664 0.692
148.440 24 0.369 0.169 0.666 0.697
148.480 24 0.358 0.178 0.656 0.706
148.520 24 0.362 0.186 0.659 0.711
150.960 25 0.361 0.172 0.603 0.600
151.000 25 0.364 0.172 0.606 0.600
151.040 25 0.366 0.175 0.609 0.606
151.080 25 0.369 0.183 0.613 0.614
151.120 25 0.366 0.200 0.611 0.633
