15.800 0 0.306 0.222 0.547 0.653
15.840 0 0.306 0.225 0.548 0.656
15.880 0 0.306 0.233 0.539 0.650
15.920 0 0.309 0.225 0.550 0.656
15.960 0 0.305 0.222 0.545 0.653
16.000 0 0.311 0.219 0.552 0.650
16.040 0 0.295 0.203 0.561 0.675
16.080 0 0.297 0.194 0.566 0.672
16.120 0 0.295 0.194 0.561 0.667
16.160 0 0.295 0.192 0.561 0.667
16.200 0 0.295 0.192 0.561 0.667
16.240 0 0.291 0.189 0.558 0.667
16.280 0 0.291 0.183 0.564 0.669
16.320 0 0.295 0.186 0.567 0.672
16.360 0 0.291 0.192 0.558 0.669
16.400 0 0.297 0.192 0.564 0.669
16.440 0 0.294 0.200 0.555 0.667
16.480 0 0.294 0.197 0.559 0.669
16.520 0 0.295 0.200 0.561 0.672
16.560 0 0.295 0.200 0.561 0.672
16.600 0 0.295 0.200 0.561 0.672
16.640 0 0.297 0.203 0.562 0.675
16.680 0 0.298 0.206 0.564 0.681
16.720 0 0.302 0.214 0.569 0.689
16.760 0 0.306 0.219 0.572 0.694
16.800 0 0.306 0.219 0.572 0.694
16.840 0 0.312 0.217 0.583 0.697
16.880 0 0.311 0.217 0.578 0.694
16.920 0 0.319 0.217 0.588 0.697
16.960 0 0.316 0.217 0.584 0.692
17.000 0 0.308 0.206 0.598 0.722
17.040 0 0.314 0.219 0.602 0.731
17.080 0 0.322 0.222 0.608 0.733
17.120 0 0.325 0.222 0.611 0.733
17.160 0 0.328 0.219 0.614 0.731
17.200 0 0.333 0.222 0.616 0.728
17.240 0 0.333 0.217 0.622 0.731
17.280 0 0.336 0.219 0.622 0.728
17.320 0 0.334 0.217 0.620 0.728
17.360 0 0.341 0.222 0.625 0.728
17.400 0 0.339 0.208 0.630 0.725
17.440 0 0.344 0.208 0.631 0.719
17.480 0 0.345 0.200 0.636 0.717
17.520 0 0.348 0.194 0.639 0.711
17.560 0 0.350 0.189 0.641 0.706
17.600 0 0.352 0.183 0.642 0.700
17.640 0 0.352 0.178 0.642 0.694
17.680 0 0.352 0.175 0.642 0.692
17.720 0 0.350 0.169 0.641 0.689
17.760 0 0.353 0.169 0.642 0.686
17.800 0 0.350 0.167 0.641 0.686
17.840 0 0.348 0.167 0.639 0.686
17.880 0 0.350 0.172 0.642 0.694
17.920 0 0.353 0.181 0.647 0.706
17.960 0 0.358 0.189 0.650 0.711
18.000 0 0.373 0.206 0.662 0.722
18.040 0 0.388 0.200 0.681 0.728
18.080 0 0.402 0.194 0.698 0.728
18.120 0 0.420 0.206 0.714 0.731
18.160 0 0.452 0.197 0.753 0.736
22.320 1 0.223 0.092 0.497 0.581
22.360 1 0.209 0.094 0.481 0.578
22.400 1 0.203 0.089 0.478 0.578
22.440 1 0.189 0.092 0.461 0.575
22.480 1 0.191 0.092 0.461 0.575
22.520 1 0.180 0.094 0.445 0.564
22.560 1 0.186 0.089 0.456 0.569
22.600 1 0.183 0.086 0.456 0.572
22.640 1 0.195 0.083 0.473 0.578
22.680 1 0.189 0.089 0.463 0.575
22.720 1 0.197 0.086 0.480 0.589
22.760 1 0.188 0.089 0.470 0.592
22.800 1 0.189 0.089 0.478 0.600
22.840 1 0.181 0.092 0.469 0.603
22.880 1 0.186 0.092 0.475 0.606
22.920 1 0.177 0.097 0.456 0.592
22.960 1 0.186 0.092 0.478 0.608
23.000 1 0.180 0.092 0.470 0.608
23.040 1 0.192 0.108 0.483 0.625
23.080 1 0.186 0.111 0.475 0.628
23.120 1 0.178 0.114 0.463 0.617
23.160 1 0.173 0.122 0.459 0.631
23.200 1 0.164 0.125 0.453 0.642
23.240 1 0.155 0.131 0.445 0.644
23.280 1 0.147 0.133 0.436 0.644
23.320 1 0.139 0.136 0.428 0.647
23.360 1 0.131 0.136 0.419 0.650
23.400 1 0.125 0.144 0.411 0.653
23.440 1 0.116 0.142 0.403 0.650
23.480 1 0.117 0.144 0.402 0.650
23.520 1 0.109 0.147 0.394 0.650
23.560 1 0.109 0.150 0.397 0.661
23.600 1 0.100 0.142 0.391 0.658
23.640 1 0.089 0.131 0.388 0.664
23.680 1 0.080 0.125 0.378 0.656
23.720 1 0.062 0.117 0.362 0.650
23.760 1 0.052 0.114 0.353 0.647
23.800 1 0.044 0.111 0.345 0.650
23.840 1 0.027 0.108 0.330 0.647
23.880 1 0.028 0.114 0.331 0.650
23.920 1 0.027 0.128 0.319 0.647
23.960 1 0.030 0.122 0.327 0.650
24.000 1 0.050 0.147 0.341 0.664
24.040 1 0.061 0.161 0.334 0.650
24.080 1 0.070 0.153 0.348 0.647
24.120 1 0.077 0.150 0.362 0.658
24.160 1 0.091 0.142 0.381 0.658
24.200 1 0.105 0.144 0.392 0.656
24.240 1 0.122 0.144 0.408 0.656
24.280 1 0.125 0.147 0.414 0.661
24.320 1 0.139 0.147 0.433 0.669
24.360 1 0.138 0.150 0.431 0.672
24.400 1 0.148 0.153 0.439 0.672
24.440 1 0.145 0.153 0.434 0.669
24.480 1 0.148 0.158 0.434 0.667
24.520 1 0.150 0.158 0.436 0.667
24.560 1 0.139 0.156 0.428 0.669
24.600 1 0.142 0.156 0.430 0.669
24.640 1 0.141 0.153 0.430 0.667
24.680 1 0.138 0.150 0.427 0.664
24.720 1 0.136 0.150 0.423 0.664
24.760 1 0.134 0.150 0.422 0.664
24.800 1 0.133 0.150 0.422 0.664
24.840 1 0.130 0.150 0.420 0.669
24.880 1 0.128 0.147 0.420 0.669
24.920 1 0.122 0.147 0.416 0.669
24.960 1 0.128 0.147 0.420 0.669
25.000 1 0.116 0.147 0.405 0.664
25.040 1 0.105 0.153 0.400 0.678
25.080 1 0.108 0.158 0.397 0.672
25.120 1 0.113 0.161 0.402 0.675
25.160 1 0.111 0.161 0.395 0.669
25.200 1 0.114 0.161 0.397 0.667
25.240 1 0.117 0.158 0.402 0.664
25.280 1 0.123 0.158 0.405 0.658
25.320 1 0.127 0.153 0.411 0.658
25.360 1 0.133 0.147 0.419 0.658
25.400 1 0.139 0.142 0.427 0.653
25.440 1 0.147 0.139 0.436 0.653
25.480 1 0.155 0.142 0.438 0.647
25.520 1 0.159 0.136 0.452 0.658
25.560 1 0.164 0.139 0.447 0.644
25.600 1 0.173 0.142 0.456 0.644
25.640 1 0.170 0.139 0.452 0.642
25.680 1 0.178 0.136 0.463 0.642
25.720 1 0.177 0.139 0.455 0.636
25.760 1 0.184 0.136 0.466 0.639
25.800 1 0.183 0.136 0.464 0.639
25.840 1 0.177 0.136 0.464 0.647
25.880 1 0.184 0.139 0.472 0.653
25.920 1 0.180 0.139 0.466 0.650
25.960 1 0.186 0.139 0.477 0.653
26.000 1 0.180 0.147 0.470 0.664
26.040 1 0.194 0.161 0.464 0.642
26.080 1 0.195 0.164 0.467 0.647
26.120 1 0.188 0.169 0.458 0.647
26.160 1 0.191 0.178 0.458 0.653
26.200 1 0.177 0.169 0.450 0.653
26.240 1 0.169 0.169 0.445 0.658
26.280 1 0.170 0.167 0.448 0.661
26.320 1 0.158 0.161 0.439 0.658
26.360 1 0.161 0.161 0.442 0.658
26.400 1 0.153 0.161 0.436 0.661
26.440 1 0.158 0.167 0.434 0.656
26.480 1 0.148 0.164 0.425 0.656
26.520 1 0.152 0.164 0.428 0.656
26.560 1 0.139 0.161 0.420 0.658
26.600 1 0.142 0.164 0.423 0.661
26.640 1 0.134 0.167 0.412 0.661
26.680 1 0.141 0.169 0.416 0.656
26.720 1 0.130 0.172 0.397 0.647
26.760 1 0.141 0.175 0.403 0.639
26.800 1 0.127 0.167 0.391 0.636
26.840 1 0.136 0.167 0.398 0.633
26.880 1 0.127 0.161 0.394 0.633
26.920 1 0.134 0.161 0.400 0.631
26.960 1 0.130 0.158 0.395 0.628
27.000 1 0.148 0.172 0.391 0.600
27.040 1 0.145 0.139 0.411 0.611
27.080 1 0.155 0.144 0.420 0.614
27.120 1 0.156 0.133 0.427 0.614
27.160 1 0.166 0.133 0.434 0.611
27.200 1 0.170 0.133 0.439 0.608
27.240 1 0.172 0.131 0.444 0.611
27.280 1 0.178 0.131 0.450 0.611
27.320 1 0.175 0.133 0.445 0.611
27.360 1 0.184 0.136 0.453 0.611
27.400 1 0.180 0.136 0.450 0.614
27.440 1 0.188 0.139 0.456 0.617
27.480 1 0.181 0.147 0.447 0.614
27.520 1 0.184 0.147 0.453 0.625
27.560 1 0.180 0.156 0.445 0.625
27.600 1 0.188 0.156 0.455 0.631
27.640 1 0.180 0.164 0.445 0.633
27.680 1 0.192 0.164 0.459 0.636
27.720 1 0.184 0.164 0.452 0.639
27.760 1 0.186 0.169 0.455 0.644
27.800 1 0.178 0.175 0.445 0.647
27.840 1 0.172 0.175 0.442 0.653
27.880 1 0.166 0.181 0.434 0.658
27.920 1 0.156 0.175 0.427 0.656
27.960 1 0.155 0.178 0.423 0.656
28.000 1 0.147 0.147 0.438 0.664
28.040 1 0.134 0.119 0.422 0.633
28.080 1 0.134 0.125 0.420 0.633
28.120 1 0.134 0.125 0.422 0.636
28.160 1 0.136 0.125 0.425 0.636
28.200 1 0.136 0.125 0.425 0.639
28.240 1 0.138 0.125 0.427 0.639
28.280 1 0.139 0.125 0.428 0.642
28.320 1 0.141 0.125 0.431 0.642
28.360 1 0.144 0.125 0.433 0.639
28.400 1 0.148 0.128 0.433 0.633
28.440 1 0.152 0.125 0.436 0.633
28.480 1 0.155 0.125 0.439 0.631
28.520 1 0.156 0.122 0.442 0.631
28.560 1 0.155 0.122 0.441 0.628
28.600 1 0.158 0.119 0.444 0.628
28.640 1 0.152 0.122 0.433 0.622
28.680 1 0.158 0.122 0.441 0.628
28.720 1 0.145 0.111 0.433 0.622
28.760 1 0.164 0.119 0.445 0.622
28.800 1 0.150 0.117 0.436 0.625
28.840 1 0.166 0.114 0.452 0.625
28.880 1 0.159 0.119 0.444 0.625
28.920 1 0.177 0.114 0.464 0.628
28.960 1 0.180 0.122 0.467 0.633
29.000 1 0.180 0.092 0.470 0.608
29.040 1 0.186 0.089 0.481 0.614
29.080 1 0.191 0.092 0.486 0.617
29.120 1 0.197 0.089 0.491 0.614
29.160 1 0.211 0.092 0.506 0.617
29.200 1 0.202 0.089 0.497 0.617
29.240 1 0.212 0.086 0.516 0.622
29.280 1 0.202 0.083 0.503 0.619
29.320 1 0.205 0.089 0.503 0.619
29.360 1 0.208 0.092 0.503 0.617
29.400 1 0.206 0.092 0.502 0.614
29.440 1 0.208 0.092 0.503 0.617
29.480 1 0.209 0.094 0.508 0.622
29.520 1 0.211 0.100 0.511 0.631
29.560 1 0.212 0.094 0.514 0.631
29.600 1 0.209 0.092 0.511 0.628
29.640 1 0.214 0.086 0.514 0.619
29.680 1 0.216 0.089 0.508 0.608
29.720 1 0.217 0.083 0.509 0.603
29.760 1 0.216 0.078 0.506 0.594
29.800 1 0.212 0.072 0.506 0.594
29.840 1 0.216 0.072 0.508 0.592
29.880 1 0.212 0.072 0.509 0.597
29.920 1 0.214 0.083 0.505 0.597
29.960 1 0.212 0.086 0.502 0.603
30.000 1 0.211 0.092 0.502 0.608
30.040 1 0.209 0.083 0.506 0.611
30.080 1 0.208 0.083 0.505 0.611
30.120 1 0.206 0.083 0.503 0.611
30.160 1 0.205 0.083 0.502 0.611
30.200 1 0.203 0.083 0.500 0.611
30.240 1 0.200 0.083 0.495 0.608
30.280 1 0.197 0.083 0.492 0.608
30.320 1 0.195 0.083 0.491 0.608
30.360 1 0.181 0.083 0.477 0.608
30.400 1 0.177 0.083 0.470 0.606
30.440 1 0.163 0.078 0.459 0.606
30.480 1 0.155 0.092 0.447 0.611
30.520 1 0.152 0.092 0.442 0.608
30.560 1 0.150 0.092 0.441 0.608
30.600 1 0.148 0.089 0.438 0.606
30.640 1 0.147 0.089 0.436 0.603
30.680 1 0.148 0.089 0.438 0.603
30.720 1 0.141 0.089 0.428 0.600
30.760 1 0.144 0.092 0.434 0.606
30.800 1 0.136 0.094 0.427 0.611
30.840 1 0.142 0.097 0.430 0.608
30.880 1 0.136 0.100 0.422 0.606
30.920 1 0.144 0.097 0.433 0.611
30.960 1 0.142 0.097 0.427 0.603
31.000 1 0.147 0.092 0.438 0.608
31.040 1 0.148 0.139 0.430 0.642
31.080 1 0.150 0.139 0.431 0.644
31.120 1 0.148 0.142 0.434 0.650
31.160 1 0.150 0.144 0.439 0.661
31.200 1 0.150 0.147 0.444 0.669
31.240 1 0.145 0.147 0.442 0.675
31.280 1 0.144 0.144 0.442 0.675
31.320 1 0.142 0.142 0.439 0.669
31.360 1 0.142 0.136 0.431 0.653
31.400 1 0.144 0.131 0.431 0.642
31.440 1 0.145 0.122 0.430 0.631
31.480 1 0.145 0.117 0.430 0.622
31.520 1 0.142 0.114 0.425 0.617
31.560 1 0.150 0.111 0.433 0.617
31.600 1 0.145 0.111 0.425 0.611
31.640 1 0.150 0.117 0.427 0.608
31.680 1 0.145 0.122 0.411 0.597
31.720 1 0.147 0.122 0.411 0.594
31.760 1 0.141 0.122 0.403 0.592
31.800 1 0.141 0.122 0.403 0.592
31.840 1 0.134 0.122 0.398 0.592
31.880 1 0.138 0.122 0.400 0.592
31.920 1 0.133 0.122 0.395 0.592
31.960 1 0.136 0.122 0.397 0.592
32.000 1 0.116 0.147 0.405 0.664
32.040 1 0.116 0.114 0.398 0.619
32.080 1 0.114 0.111 0.398 0.619
32.120 1 0.113 0.108 0.400 0.619
32.160 1 0.111 0.103 0.402 0.622
32.200 1 0.111 0.103 0.402 0.619
32.240 1 0.106 0.100 0.400 0.622
32.280 1 0.114 0.100 0.408 0.625
32.320 1 0.106 0.092 0.408 0.628
32.360 1 0.113 0.100 0.409 0.628
32.400 1 0.116 0.103 0.411 0.628
32.440 1 0.119 0.103 0.416 0.631
32.480 1 0.125 0.097 0.430 0.642
32.520 1 0.134 0.106 0.438 0.644
32.560 1 0.153 0.103 0.458 0.647
32.600 1 0.166 0.103 0.473 0.653
32.640 1 0.177 0.106 0.484 0.656
32.680 1 0.183 0.106 0.492 0.658
32.720 1 0.188 0.108 0.497 0.661
32.760 1 0.191 0.111 0.500 0.664
32.800 1 0.194 0.117 0.503 0.669
32.840 1 0.198 0.125 0.508 0.675
32.880 1 0.197 0.131 0.502 0.672
32.920 1 0.203 0.125 0.511 0.675
32.960 1 0.200 0.122 0.503 0.664
33.000 1 0.211 0.092 0.502 0.608
33.040 1 0.209 0.081 0.508 0.611
33.080 1 0.200 0.075 0.502 0.611
33.120 1 0.203 0.075 0.506 0.614
33.160 1 0.195 0.075 0.500 0.617
33.200 1 0.195 0.081 0.494 0.611
33.240 1 0.186 0.089 0.481 0.614
33.280 1 0.181 0.092 0.478 0.619
33.320 1 0.181 0.097 0.473 0.617
33.360 1 0.177 0.094 0.470 0.617
33.400 1 0.173 0.092 0.467 0.614
33.440 1 0.172 0.092 0.464 0.611
33.480 1 0.172 0.092 0.463 0.608
33.520 1 0.172 0.094 0.463 0.611
33.560 1 0.173 0.097 0.463 0.611
33.600 1 0.177 0.103 0.466 0.617
33.640 1 0.177 0.103 0.464 0.617
33.680 1 0.186 0.097 0.472 0.606
33.720 1 0.183 0.094 0.466 0.597
33.760 1 0.191 0.089 0.472 0.589
33.800 1 0.189 0.092 0.466 0.583
33.840 1 0.192 0.094 0.467 0.583
33.880 1 0.189 0.086 0.470 0.586
33.920 1 0.188 0.086 0.467 0.586
33.960 1 0.188 0.094 0.467 0.592
34.000 1 0.180 0.092 0.470 0.608
34.040 1 0.177 0.114 0.461 0.619
34.080 1 0.183 0.108 0.473 0.625
34.120 1 0.183 0.108 0.469 0.614
34.160 1 0.191 0.097 0.478 0.606
34.200 1 0.198 0.097 0.486 0.611
34.240 1 0.202 0.103 0.491 0.614
34.280 1 0.212 0.100 0.502 0.614
34.320 1 0.209 0.108 0.498 0.622
34.360 1 0.217 0.117 0.505 0.628
34.400 1 0.208 0.117 0.495 0.631
34.440 1 0.205 0.117 0.492 0.628
34.480 1 0.188 0.106 0.477 0.619
34.520 1 0.184 0.100 0.473 0.617
34.560 1 0.175 0.094 0.464 0.608
34.600 1 0.173 0.094 0.458 0.600
34.640 1 0.173 0.094 0.458 0.597
34.680 1 0.169 0.092 0.453 0.597
34.720 1 0.181 0.100 0.459 0.594
34.760 1 0.172 0.100 0.453 0.600
34.800 1 0.181 0.108 0.459 0.606
34.840 1 0.170 0.114 0.455 0.617
34.880 1 0.172 0.117 0.456 0.619
34.920 1 0.164 0.108 0.447 0.614
34.960 1 0.152 0.092 0.438 0.600
35.000 1 0.147 0.092 0.438 0.608
35.040 1 0.156 0.089 0.428 0.572
35.080 1 0.153 0.069 0.436 0.572
35.120 1 0.158 0.072 0.436 0.567
35.160 1 0.159 0.072 0.441 0.572
35.200 1 0.161 0.078 0.445 0.581
35.240 1 0.163 0.081 0.452 0.594
35.280 1 0.167 0.092 0.452 0.597
35.320 1 0.163 0.100 0.439 0.592
35.360 1 0.172 0.100 0.448 0.589
35.400 1 0.163 0.100 0.431 0.578
35.440 1 0.172 0.097 0.439 0.572
35.480 1 0.159 0.094 0.425 0.564
35.520 1 0.170 0.094 0.430 0.558
35.560 1 0.158 0.094 0.417 0.556
35.600 1 0.164 0.097 0.423 0.558
35.640 1 0.153 0.097 0.412 0.558
35.680 1 0.156 0.094 0.417 0.556
35.720 1 0.150 0.092 0.409 0.553
35.760 1 0.155 0.094 0.411 0.547
35.800 1 0.150 0.094 0.403 0.544
35.840 1 0.145 0.094 0.403 0.550
35.880 1 0.141 0.089 0.405 0.561
35.920 1 0.142 0.103 0.400 0.561
35.960 1 0.142 0.111 0.397 0.564
36.000 1 0.148 0.122 0.391 0.553
36.040 1 0.156 0.136 0.400 0.567
36.080 1 0.155 0.139 0.398 0.569
36.120 1 0.153 0.139 0.397 0.569
36.160 1 0.152 0.142 0.395 0.575
36.200 1 0.150 0.142 0.397 0.583
36.240 1 0.150 0.150 0.394 0.583
36.280 1 0.142 0.147 0.389 0.583
36.320 1 0.141 0.144 0.389 0.581
36.360 1 0.128 0.139 0.375 0.578
36.400 1 0.130 0.133 0.378 0.575
36.440 1 0.128 0.131 0.375 0.569
36.480 1 0.136 0.131 0.383 0.569
36.520 1 0.141 0.131 0.391 0.572
36.560 1 0.138 0.133 0.388 0.575
36.600 1 0.148 0.136 0.395 0.575
36.640 1 0.147 0.144 0.391 0.578
36.680 1 0.161 0.147 0.403 0.575
36.720 1 0.159 0.150 0.402 0.578
36.760 1 0.170 0.150 0.414 0.583
36.800 1 0.167 0.153 0.412 0.586
36.840 1 0.173 0.153 0.419 0.589
36.880 1 0.170 0.153 0.417 0.592
36.920 1 0.181 0.156 0.427 0.589
36.960 1 0.189 0.158 0.434 0.594
37.000 1 0.203 0.172 0.445 0.600
37.040 1 0.183 0.147 0.442 0.606
37.080 1 0.186 0.147 0.444 0.606
37.120 1 0.178 0.139 0.442 0.608
37.160 1 0.183 0.147 0.442 0.608
37.200 1 0.183 0.144 0.445 0.608
37.240 1 0.181 0.144 0.442 0.608
37.280 1 0.186 0.144 0.450 0.611
37.320 1 0.180 0.142 0.439 0.606
37.360 1 0.191 0.150 0.447 0.606
37.400 1 0.183 0.147 0.441 0.603
37.440 1 0.181 0.147 0.438 0.603
37.480 1 0.180 0.144 0.436 0.600
37.520 1 0.172 0.142 0.430 0.600
37.560 1 0.178 0.142 0.438 0.603
37.600 1 0.170 0.144 0.430 0.603
37.640 1 0.173 0.144 0.433 0.603
37.680 1 0.175 0.144 0.433 0.600
37.720 1 0.186 0.139 0.445 0.600
37.760 1 0.197 0.133 0.458 0.594
37.800 1 0.214 0.122 0.477 0.586
37.840 1 0.231 0.114 0.494 0.581
37.880 1 0.233 0.114 0.503 0.592
37.920 1 0.236 0.117 0.505 0.592
37.960 1 0.236 0.117 0.505 0.594
38.000 1 0.211 0.092 0.502 0.608
38.040 1 0.205 0.100 0.487 0.603
38.080 1 0.195 0.100 0.483 0.611
38.120 1 0.189 0.103 0.472 0.606
38.160 1 0.170 0.094 0.461 0.611
38.200 1 0.155 0.089 0.444 0.603
38.240 1 0.139 0.083 0.428 0.597
38.280 1 0.123 0.083 0.411 0.594
38.320 1 0.109 0.081 0.394 0.586
38.360 1 0.091 0.069 0.383 0.589
38.400 1 0.091 0.069 0.378 0.581
38.800 1 0.138 0.117 0.397 0.575
38.840 1 0.147 0.111 0.414 0.586
38.880 1 0.166 0.103 0.438 0.586
38.920 1 0.166 0.100 0.444 0.594
38.960 1 0.177 0.092 0.466 0.606
39.000 1 0.180 0.092 0.470 0.608
39.040 1 0.181 0.092 0.473 0.608
39.080 1 0.183 0.092 0.477 0.614
39.120 1 0.183 0.089 0.480 0.617
39.160 1 0.183 0.089 0.483 0.622
39.200 1 0.183 0.089 0.487 0.631
49.400 2 0.634 0.325 0.689 0.422
49.440 2 0.636 0.325 0.691 0.422
49.480 2 0.637 0.322 0.692 0.422
49.520 2 0.637 0.322 0.692 0.419
49.560 2 0.639 0.322 0.694 0.419
49.600 2 0.639 0.322 0.695 0.419
49.640 2 0.639 0.319 0.694 0.419
49.680 2 0.639 0.319 0.695 0.417
49.720 2 0.639 0.319 0.695 0.417
49.760 2 0.641 0.319 0.695 0.419
49.800 2 0.637 0.319 0.694 0.419
49.840 2 0.639 0.319 0.695 0.419
49.880 2 0.641 0.319 0.697 0.419
49.920 2 0.639 0.319 0.695 0.419
49.960 2 0.641 0.319 0.697 0.419
50.000 2 0.641 0.319 0.697 0.419
50.040 2 0.642 0.319 0.697 0.419
50.080 2 0.639 0.319 0.695 0.419
50.120 2 0.641 0.319 0.697 0.419
50.160 2 0.642 0.322 0.698 0.419
50.200 2 0.639 0.319 0.695 0.419
50.240 2 0.639 0.319 0.697 0.419
50.280 2 0.637 0.319 0.695 0.422
50.320 2 0.636 0.322 0.694 0.422
50.360 2 0.633 0.319 0.691 0.422
50.400 2 0.630 0.319 0.688 0.419
50.440 2 0.628 0.319 0.683 0.417
50.480 2 0.625 0.317 0.680 0.417
50.520 2 0.625 0.317 0.680 0.414
50.560 2 0.620 0.314 0.675 0.414
50.600 2 0.619 0.314 0.675 0.414
50.640 2 0.616 0.314 0.672 0.414
50.680 2 0.616 0.311 0.672 0.414
50.720 2 0.611 0.311 0.667 0.414
50.760 2 0.611 0.308 0.667 0.411
50.800 2 0.611 0.308 0.667 0.408
50.840 2 0.608 0.308 0.664 0.408
50.880 2 0.606 0.306 0.664 0.408
50.920 2 0.605 0.306 0.661 0.406
50.960 2 0.605 0.306 0.661 0.406
51.000 2 0.602 0.306 0.658 0.406
51.040 2 0.598 0.306 0.655 0.403
51.080 2 0.600 0.303 0.656 0.403
51.120 2 0.597 0.303 0.653 0.403
51.160 2 0.595 0.303 0.652 0.403
51.200 2 0.594 0.306 0.650 0.406
51.240 2 0.591 0.308 0.650 0.411
51.280 2 0.589 0.308 0.648 0.414
51.320 2 0.586 0.311 0.645 0.414
51.360 2 0.583 0.308 0.639 0.411
51.400 2 0.580 0.308 0.636 0.411
51.440 2 0.572 0.306 0.631 0.411
51.480 2 0.567 0.303 0.627 0.408
51.520 2 0.564 0.306 0.623 0.408
51.560 2 0.558 0.303 0.619 0.408
51.600 2 0.553 0.303 0.614 0.411
51.640 2 0.547 0.306 0.608 0.411
51.680 2 0.542 0.306 0.602 0.411
51.720 2 0.536 0.308 0.595 0.414
51.840 2 0.514 0.311 0.573 0.414
51.880 2 0.506 0.311 0.562 0.411
51.920 2 0.497 0.308 0.555 0.411
51.960 2 0.489 0.306 0.547 0.408
52.000 2 0.483 0.306 0.539 0.406
52.040 2 0.477 0.306 0.533 0.403
52.080 2 0.469 0.306 0.525 0.403
52.120 2 0.463 0.300 0.519 0.400
52.160 2 0.456 0.297 0.512 0.397
52.200 2 0.450 0.294 0.505 0.392
52.240 2 0.445 0.289 0.502 0.389
52.280 2 0.442 0.286 0.498 0.386
52.320 2 0.438 0.286 0.494 0.386
52.360 2 0.434 0.286 0.491 0.386
52.400 2 0.428 0.286 0.484 0.386
52.440 2 0.419 0.286 0.477 0.386
52.480 2 0.411 0.286 0.469 0.389
52.520 2 0.405 0.286 0.463 0.389
52.560 2 0.402 0.289 0.459 0.392
52.600 2 0.398 0.289 0.456 0.389
52.640 2 0.400 0.289 0.456 0.389
52.680 2 0.400 0.289 0.456 0.389
52.720 2 0.403 0.289 0.461 0.392
52.760 2 0.408 0.289 0.466 0.392
52.800 2 0.411 0.286 0.470 0.389
52.840 2 0.414 0.286 0.473 0.389
52.880 2 0.417 0.289 0.475 0.392
52.920 2 0.419 0.292 0.477 0.394
52.960 2 0.423 0.292 0.480 0.392
53.000 2 0.427 0.294 0.483 0.394
51.120 3 0.631 0.281 0.691 0.386
51.160 3 0.633 0.281 0.691 0.386
51.200 3 0.634 0.286 0.692 0.389
51.240 3 0.634 0.289 0.692 0.392
51.280 3 0.634 0.289 0.694 0.394
51.320 3 0.634 0.289 0.692 0.394
51.360 3 0.636 0.289 0.694 0.394
51.400 3 0.634 0.289 0.694 0.392
51.440 3 0.634 0.289 0.692 0.392
51.480 3 0.636 0.289 0.694 0.392
51.520 3 0.633 0.286 0.691 0.389
51.560 3 0.636 0.289 0.692 0.389
51.600 3 0.633 0.286 0.691 0.389
51.640 3 0.634 0.289 0.692 0.389
51.680 3 0.634 0.286 0.691 0.389
51.720 3 0.636 0.286 0.694 0.389
51.760 3 0.636 0.286 0.692 0.389
51.800 3 0.637 0.286 0.694 0.389
51.840 3 0.637 0.286 0.694 0.386
51.880 3 0.639 0.286 0.695 0.386
51.920 3 0.637 0.286 0.695 0.386
51.960 3 0.637 0.283 0.694 0.383
52.000 3 0.639 0.283 0.695 0.383
52.040 3 0.644 0.283 0.695 0.378
52.080 3 0.642 0.283 0.695 0.378
52.120 3 0.641 0.281 0.695 0.375
52.160 3 0.641 0.275 0.694 0.369
52.200 3 0.639 0.269 0.694 0.364
52.240 3 0.639 0.261 0.694 0.356
52.280 3 0.639 0.258 0.694 0.353
52.320 3 0.639 0.256 0.694 0.350
52.360 3 0.637 0.256 0.691 0.350
52.400 3 0.633 0.256 0.688 0.353
52.440 3 0.628 0.258 0.683 0.356
52.480 3 0.622 0.258 0.677 0.356
52.520 3 0.617 0.261 0.672 0.358
52.560 3 0.613 0.261 0.667 0.358
52.600 3 0.611 0.261 0.664 0.358
52.640 3 0.611 0.264 0.664 0.358
52.680 3 0.608 0.264 0.662 0.358
52.720 3 0.613 0.264 0.666 0.358
52.760 3 0.616 0.267 0.669 0.361
52.800 3 0.617 0.264 0.672 0.361
52.840 3 0.617 0.264 0.672 0.361
52.880 3 0.619 0.267 0.672 0.364
52.920 3 0.619 0.269 0.672 0.364
52.960 3 0.617 0.269 0.670 0.367
53.000 3 0.620 0.272 0.677 0.372
53.040 4 0.569 0.278 0.823 0.731
53.080 4 0.562 0.278 0.817 0.728
53.120 4 0.566 0.275 0.823 0.733
53.160 4 0.559 0.278 0.812 0.728
53.200 4 0.558 0.281 0.814 0.736
53.240 4 0.552 0.281 0.805 0.733
53.280 4 0.550 0.275 0.806 0.733
53.320 4 0.539 0.275 0.792 0.725
53.360 4 0.537 0.272 0.789 0.719
53.400 4 0.523 0.272 0.775 0.719
53.440 4 0.522 0.269 0.772 0.714
53.480 4 0.508 0.267 0.758 0.708
53.520 4 0.505 0.261 0.755 0.706
53.560 4 0.492 0.256 0.741 0.700
53.600 4 0.487 0.244 0.742 0.697
53.640 4 0.478 0.250 0.734 0.703
53.680 4 0.469 0.253 0.716 0.692
53.720 4 0.461 0.256 0.708 0.697
53.760 4 0.459 0.261 0.714 0.714
53.800 4 0.452 0.267 0.694 0.697
53.840 4 0.442 0.267 0.688 0.706
53.880 4 0.450 0.267 0.695 0.706
53.920 4 0.450 0.267 0.695 0.700
53.960 4 0.459 0.269 0.700 0.697
54.000 4 0.472 0.267 0.714 0.697
54.040 4 0.484 0.269 0.727 0.700
54.080 4 0.483 0.267 0.727 0.700
54.120 4 0.497 0.267 0.739 0.700
54.160 4 0.497 0.269 0.742 0.706
54.200 4 0.502 0.272 0.747 0.708
54.240 4 0.503 0.269 0.750 0.711
54.280 4 0.494 0.267 0.744 0.711
54.320 4 0.492 0.267 0.745 0.717
54.360 4 0.477 0.264 0.734 0.722
54.400 4 0.463 0.269 0.719 0.725
54.440 4 0.447 0.264 0.706 0.725
54.480 4 0.434 0.278 0.689 0.728
54.520 4 0.436 0.278 0.688 0.725
54.560 4 0.430 0.275 0.683 0.725
54.600 4 0.425 0.272 0.678 0.725
58.600 5 0.425 0.144 0.725 0.678
58.640 5 0.427 0.142 0.722 0.667
58.680 5 0.441 0.131 0.728 0.644
58.720 5 0.458 0.142 0.742 0.644
58.760 5 0.447 0.136 0.734 0.650
58.800 5 0.445 0.131 0.744 0.658
58.840 5 0.434 0.128 0.736 0.664
58.880 5 0.438 0.136 0.741 0.675
58.920 5 0.436 0.147 0.722 0.656
58.960 5 0.448 0.150 0.736 0.661
59.000 5 0.438 0.147 0.728 0.664
59.040 5 0.434 0.142 0.727 0.661
59.080 5 0.442 0.150 0.728 0.661
59.120 5 0.433 0.147 0.723 0.664
59.160 5 0.438 0.144 0.731 0.667
59.200 5 0.438 0.144 0.733 0.669
59.240 5 0.445 0.142 0.742 0.669
59.280 5 0.453 0.144 0.748 0.672
59.320 5 0.459 0.144 0.759 0.681
59.360 5 0.469 0.144 0.769 0.681
59.400 5 0.478 0.142 0.781 0.683
59.440 5 0.487 0.147 0.786 0.681
59.480 5 0.491 0.150 0.791 0.686
59.520 5 0.492 0.150 0.794 0.686
59.560 5 0.494 0.150 0.797 0.686
59.600 5 0.495 0.153 0.795 0.686
59.640 5 0.491 0.147 0.794 0.686
59.680 5 0.487 0.142 0.791 0.683
59.720 5 0.480 0.147 0.783 0.686
59.760 5 0.481 0.150 0.780 0.681
59.800 5 0.477 0.161 0.767 0.681
59.840 5 0.470 0.153 0.766 0.681
59.880 5 0.466 0.153 0.762 0.678
59.920 5 0.464 0.150 0.758 0.675
59.960 5 0.463 0.147 0.756 0.672
60.000 5 0.470 0.147 0.759 0.664
60.040 5 0.469 0.150 0.761 0.672
60.080 5 0.470 0.153 0.761 0.669
60.120 5 0.477 0.156 0.761 0.664
60.160 5 0.486 0.153 0.772 0.664
60.200 5 0.492 0.147 0.784 0.669
60.240 5 0.508 0.142 0.802 0.667
60.280 5 0.522 0.133 0.820 0.664
60.320 5 0.528 0.133 0.830 0.669
60.360 5 0.527 0.131 0.830 0.672
60.400 5 0.536 0.133 0.838 0.669
60.440 5 0.531 0.131 0.834 0.672
60.480 5 0.533 0.133 0.833 0.669
60.520 5 0.523 0.131 0.825 0.669
60.560 5 0.528 0.133 0.828 0.667
60.600 5 0.525 0.131 0.825 0.667
60.640 5 0.523 0.131 0.823 0.667
60.680 5 0.520 0.128 0.822 0.667
60.720 5 0.525 0.128 0.825 0.664
60.760 5 0.520 0.131 0.819 0.664
60.800 5 0.514 0.131 0.809 0.661
60.840 5 0.509 0.133 0.802 0.656
60.880 5 0.495 0.139 0.789 0.664
60.920 5 0.484 0.136 0.780 0.664
60.960 5 0.472 0.139 0.766 0.664
61.000 5 0.470 0.147 0.759 0.664
61.040 5 0.470 0.147 0.756 0.661
61.080 5 0.470 0.147 0.756 0.658
61.120 5 0.467 0.153 0.745 0.653
61.160 5 0.480 0.153 0.761 0.656
61.200 5 0.470 0.156 0.752 0.661
61.240 5 0.484 0.156 0.769 0.661
61.280 5 0.475 0.153 0.761 0.667
61.320 5 0.492 0.156 0.777 0.664
61.360 5 0.483 0.158 0.766 0.661
61.400 5 0.500 0.164 0.780 0.664
61.440 5 0.484 0.156 0.766 0.658
61.480 5 0.487 0.153 0.773 0.664
61.520 5 0.484 0.153 0.770 0.664
61.560 6 0.506 0.211 0.734 0.619
61.600 6 0.508 0.208 0.733 0.608
61.640 6 0.505 0.197 0.733 0.603
61.680 6 0.503 0.194 0.731 0.603
61.720 6 0.506 0.194 0.738 0.606
61.760 6 0.494 0.192 0.733 0.617
61.800 6 0.498 0.203 0.731 0.617
61.840 6 0.489 0.203 0.727 0.625
61.880 6 0.491 0.208 0.728 0.631
61.920 6 0.495 0.217 0.731 0.636
61.960 6 0.497 0.217 0.738 0.644
62.000 6 0.498 0.219 0.741 0.650
62.040 6 0.505 0.217 0.744 0.642
62.080 6 0.506 0.219 0.747 0.650
62.120 6 0.506 0.222 0.750 0.656
62.160 6 0.508 0.222 0.752 0.658
62.200 6 0.511 0.225 0.752 0.653
62.240 6 0.509 0.219 0.755 0.653
62.280 6 0.509 0.214 0.756 0.653
62.320 6 0.512 0.217 0.755 0.647
62.360 6 0.512 0.217 0.756 0.650
62.400 6 0.509 0.214 0.752 0.644
62.440 6 0.512 0.206 0.762 0.650
62.480 6 0.505 0.203 0.756 0.650
62.520 6 0.509 0.203 0.762 0.653
62.560 6 0.506 0.203 0.758 0.650
62.600 6 0.508 0.208 0.759 0.653
62.640 6 0.502 0.203 0.755 0.656
62.680 6 0.500 0.211 0.753 0.658
62.720 6 0.498 0.217 0.750 0.661
62.760 6 0.495 0.217 0.748 0.667
62.800 6 0.494 0.222 0.745 0.667
62.840 6 0.494 0.225 0.744 0.667
62.880 6 0.494 0.228 0.741 0.667
62.920 6 0.492 0.228 0.741 0.667
62.960 6 0.494 0.228 0.739 0.667
63.000 6 0.498 0.219 0.741 0.650
63.040 6 0.494 0.222 0.738 0.656
63.080 6 0.495 0.222 0.738 0.653
63.120 6 0.497 0.219 0.739 0.650
63.160 6 0.498 0.219 0.739 0.650
63.200 6 0.498 0.217 0.741 0.647
63.240 6 0.502 0.217 0.741 0.644
63.280 6 0.498 0.217 0.739 0.644
63.320 6 0.505 0.222 0.739 0.639
63.360 6 0.500 0.217 0.739 0.639
63.400 6 0.506 0.222 0.741 0.636
63.440 6 0.502 0.214 0.739 0.639
63.480 6 0.509 0.219 0.744 0.639
63.520 6 0.502 0.214 0.739 0.636
63.560 6 0.506 0.217 0.741 0.636
63.600 6 0.503 0.211 0.742 0.636
63.640 6 0.503 0.208 0.742 0.636
63.680 6 0.503 0.208 0.742 0.633
63.720 6 0.503 0.211 0.741 0.633
63.760 6 0.502 0.208 0.741 0.636
63.800 6 0.497 0.208 0.736 0.636
63.840 6 0.502 0.214 0.739 0.636
63.880 6 0.498 0.211 0.738 0.636
63.920 6 0.495 0.208 0.736 0.633
63.960 6 0.494 0.208 0.733 0.633
64.000 6 0.492 0.208 0.733 0.633
64.040 6 0.487 0.206 0.728 0.636
64.080 6 0.495 0.208 0.736 0.636
64.120 6 0.483 0.203 0.728 0.642
64.160 6 0.491 0.214 0.730 0.642
64.200 6 0.484 0.217 0.725 0.644
64.240 6 0.489 0.222 0.723 0.642
64.280 6 0.489 0.214 0.727 0.633
64.320 6 0.487 0.208 0.720 0.622
64.360 6 0.495 0.203 0.733 0.625
64.400 6 0.489 0.208 0.725 0.625
64.440 6 0.503 0.208 0.744 0.633
64.480 6 0.503 0.208 0.745 0.639
64.520 6 0.511 0.211 0.752 0.642
64.560 6 0.505 0.217 0.744 0.644
64.600 6 0.506 0.219 0.748 0.650
64.640 6 0.500 0.219 0.739 0.647
64.680 6 0.503 0.222 0.742 0.647
64.720 6 0.498 0.219 0.742 0.653
64.760 6 0.498 0.219 0.742 0.653
64.800 6 0.498 0.219 0.742 0.653
64.840 6 0.498 0.222 0.742 0.656
64.880 6 0.497 0.214 0.747 0.658
64.920 6 0.500 0.219 0.744 0.653
64.960 6 0.495 0.211 0.744 0.653
65.000 6 0.498 0.219 0.741 0.650
65.040 6 0.497 0.206 0.738 0.631
65.080 6 0.497 0.208 0.733 0.625
65.120 6 0.497 0.200 0.742 0.633
65.160 6 0.492 0.197 0.738 0.633
65.200 6 0.497 0.192 0.745 0.631
65.240 6 0.495 0.192 0.739 0.622
65.280 6 0.498 0.192 0.745 0.628
65.320 6 0.495 0.192 0.741 0.625
65.360 6 0.497 0.192 0.744 0.631
65.400 6 0.492 0.192 0.739 0.628
65.440 6 0.498 0.192 0.745 0.628
65.480 6 0.494 0.194 0.736 0.625
65.520 6 0.497 0.192 0.744 0.628
65.560 6 0.495 0.194 0.739 0.628
65.600 6 0.492 0.192 0.739 0.628
65.640 6 0.498 0.192 0.745 0.628
65.680 6 0.489 0.189 0.738 0.628
65.720 6 0.502 0.194 0.745 0.628
65.760 6 0.492 0.192 0.736 0.622
65.800 6 0.503 0.194 0.745 0.625
65.840 6 0.494 0.192 0.738 0.622
65.880 6 0.505 0.194 0.747 0.625
65.920 6 0.495 0.192 0.739 0.622
65.960 6 0.506 0.192 0.748 0.622
66.000 6 0.498 0.172 0.741 0.600
66.040 6 0.500 0.172 0.738 0.592
66.080 6 0.502 0.158 0.745 0.586
66.120 6 0.491 0.150 0.731 0.575
66.160 6 0.498 0.144 0.741 0.572
66.200 6 0.487 0.147 0.730 0.575
66.240 6 0.489 0.147 0.739 0.589
66.280 6 0.477 0.147 0.730 0.594
66.320 6 0.486 0.156 0.736 0.597
66.360 6 0.478 0.158 0.730 0.600
66.400 6 0.484 0.161 0.734 0.603
66.440 6 0.484 0.167 0.731 0.606
66.480 6 0.481 0.167 0.731 0.611
66.520 6 0.481 0.172 0.730 0.611
66.560 6 0.480 0.175 0.728 0.614
66.600 6 0.480 0.178 0.727 0.617
66.640 6 0.478 0.181 0.727 0.617
66.680 6 0.478 0.181 0.727 0.619
66.720 6 0.477 0.181 0.723 0.617
66.760 6 0.483 0.175 0.731 0.614
66.800 6 0.491 0.172 0.738 0.608
66.840 6 0.494 0.167 0.741 0.603
66.880 6 0.494 0.158 0.745 0.603
66.920 6 0.492 0.156 0.744 0.600
66.960 6 0.491 0.156 0.742 0.600
67.000 6 0.498 0.172 0.741 0.600
67.040 6 0.498 0.175 0.741 0.603
67.080 6 0.498 0.178 0.742 0.606
67.120 6 0.498 0.178 0.744 0.614
67.160 6 0.498 0.183 0.744 0.617
67.200 6 0.491 0.186 0.739 0.625
67.240 6 0.497 0.194 0.742 0.628
67.280 6 0.487 0.197 0.736 0.636
67.320 6 0.492 0.200 0.742 0.642
67.360 6 0.483 0.200 0.738 0.650
67.400 6 0.487 0.203 0.741 0.650
67.440 6 0.489 0.206 0.739 0.647
67.480 6 0.487 0.203 0.738 0.644
67.520 6 0.487 0.200 0.738 0.644
67.560 6 0.492 0.197 0.745 0.644
67.600 6 0.489 0.197 0.739 0.642
67.640 6 0.489 0.200 0.741 0.642
67.680 6 0.491 0.200 0.741 0.642
67.720 6 0.491 0.200 0.741 0.644
67.760 6 0.492 0.203 0.742 0.644
67.800 6 0.494 0.203 0.744 0.644
67.840 6 0.494 0.206 0.745 0.647
67.880 6 0.495 0.206 0.747 0.647
77.720 7 0.334 0.547 0.391 0.647
77.760 7 0.334 0.547 0.392 0.647
77.800 7 0.336 0.547 0.392 0.647
77.840 7 0.339 0.547 0.395 0.647
77.880 7 0.342 0.550 0.398 0.650
77.920 7 0.345 0.550 0.402 0.650
77.960 7 0.348 0.550 0.405 0.650
78.000 7 0.352 0.550 0.408 0.650
78.040 7 0.356 0.553 0.412 0.653
78.080 7 0.361 0.553 0.417 0.653
78.120 7 0.364 0.553 0.420 0.653
78.160 7 0.369 0.553 0.425 0.650
78.200 7 0.373 0.553 0.430 0.653
78.240 7 0.378 0.553 0.434 0.653
78.280 7 0.383 0.553 0.439 0.653
78.320 7 0.388 0.553 0.444 0.650
78.360 7 0.395 0.553 0.450 0.653
78.400 7 0.402 0.553 0.458 0.653
78.440 7 0.408 0.553 0.464 0.653
78.480 7 0.416 0.556 0.472 0.656
78.520 7 0.423 0.556 0.480 0.656
78.560 7 0.431 0.556 0.487 0.656
78.600 7 0.439 0.556 0.495 0.656
78.640 7 0.448 0.556 0.503 0.656
78.680 7 0.456 0.558 0.512 0.656
78.720 7 0.466 0.558 0.522 0.658
78.760 7 0.475 0.558 0.531 0.658
78.800 7 0.484 0.561 0.541 0.661
78.840 7 0.494 0.561 0.550 0.661
78.880 7 0.505 0.561 0.561 0.664
78.920 7 0.514 0.564 0.570 0.664
78.960 7 0.523 0.567 0.580 0.667
79.000 7 0.533 0.572 0.589 0.672
79.040 7 0.541 0.572 0.597 0.672
79.080 7 0.550 0.572 0.606 0.672
79.120 7 0.558 0.575 0.614 0.675
79.160 7 0.567 0.575 0.623 0.675
79.200 7 0.575 0.575 0.631 0.672
79.240 7 0.584 0.575 0.641 0.675
79.280 7 0.592 0.575 0.648 0.672
79.320 7 0.602 0.575 0.658 0.675
79.360 7 0.613 0.575 0.669 0.672
79.400 7 0.622 0.575 0.678 0.675
79.440 7 0.631 0.575 0.688 0.675
79.480 7 0.642 0.578 0.698 0.678
79.520 7 0.652 0.578 0.708 0.678
79.560 7 0.661 0.581 0.717 0.678
79.600 7 0.672 0.581 0.728 0.678
79.640 7 0.683 0.583 0.738 0.681
79.680 7 0.694 0.581 0.748 0.678
79.720 7 0.703 0.583 0.758 0.681
79.760 7 0.714 0.583 0.769 0.681
79.800 7 0.725 0.586 0.780 0.681
79.840 7 0.734 0.586 0.789 0.683
79.880 7 0.745 0.586 0.802 0.683
79.920 7 0.755 0.586 0.811 0.686
79.960 7 0.766 0.586 0.822 0.683
80.000 7 0.777 0.583 0.833 0.683
80.040 7 0.787 0.583 0.844 0.683
80.080 7 0.798 0.583 0.858 0.689
80.120 7 0.811 0.583 0.870 0.686
80.160 7 0.823 0.578 0.883 0.683
80.200 7 0.836 0.581 0.895 0.686
80.240 7 0.848 0.581 0.908 0.683
80.280 7 0.861 0.581 0.922 0.686
80.320 7 0.873 0.578 0.933 0.683
80.360 7 0.887 0.575 0.947 0.681
80.400 7 0.900 0.575 0.958 0.678
80.440 7 0.914 0.575 0.972 0.678
80.480 7 0.925 0.569 0.984 0.675
80.520 7 0.941 0.569 0.998 0.672
80.560 7 0.953 0.567 1.011 0.669
80.520 8 0.144 0.700 0.211 0.819
80.560 8 0.156 0.697 0.223 0.814
80.600 8 0.170 0.697 0.239 0.817
80.640 8 0.183 0.697 0.252 0.817
80.680 8 0.194 0.694 0.263 0.814
80.720 8 0.206 0.694 0.275 0.817
80.760 8 0.217 0.694 0.286 0.814
80.800 8 0.230 0.700 0.297 0.817
80.840 8 0.239 0.697 0.308 0.817
80.880 8 0.250 0.697 0.319 0.819
80.920 8 0.259 0.700 0.330 0.819
80.960 8 0.269 0.700 0.339 0.822
81.000 8 0.280 0.700 0.348 0.819
81.040 8 0.291 0.697 0.356 0.814
81.080 8 0.300 0.700 0.366 0.817
81.120 8 0.309 0.697 0.375 0.814
81.160 8 0.319 0.700 0.384 0.817
81.200 8 0.328 0.694 0.397 0.817
81.240 8 0.336 0.697 0.405 0.817
81.280 8 0.345 0.700 0.412 0.819
81.320 8 0.355 0.703 0.422 0.819
81.360 8 0.362 0.706 0.431 0.825
81.400 8 0.370 0.706 0.439 0.825
81.440 8 0.380 0.708 0.447 0.828
81.480 8 0.388 0.708 0.456 0.828
81.520 8 0.397 0.708 0.464 0.828
81.560 8 0.405 0.708 0.473 0.828
81.600 8 0.412 0.708 0.480 0.828
81.640 8 0.420 0.706 0.487 0.825
81.680 8 0.428 0.708 0.495 0.828
81.720 8 0.434 0.706 0.503 0.825
81.760 8 0.442 0.706 0.511 0.825
81.800 8 0.450 0.706 0.517 0.822
81.840 8 0.456 0.706 0.523 0.825
81.880 8 0.463 0.703 0.531 0.822
81.920 8 0.469 0.703 0.537 0.822
81.960 8 0.477 0.703 0.544 0.822
82.000 8 0.483 0.700 0.550 0.819
82.040 8 0.489 0.697 0.556 0.817
82.080 8 0.495 0.697 0.562 0.814
82.120 8 0.502 0.694 0.569 0.814
82.160 8 0.508 0.694 0.573 0.814
82.200 8 0.512 0.692 0.580 0.811
82.240 8 0.519 0.692 0.584 0.811
82.280 8 0.523 0.692 0.591 0.811
82.320 8 0.528 0.692 0.595 0.814
82.360 8 0.533 0.694 0.602 0.814
82.400 8 0.537 0.697 0.605 0.817
82.440 8 0.544 0.697 0.609 0.817
82.480 8 0.547 0.703 0.613 0.817
82.520 8 0.552 0.703 0.619 0.822
82.560 8 0.556 0.706 0.623 0.825
82.600 8 0.561 0.706 0.628 0.825
82.640 8 0.566 0.706 0.633 0.825
82.680 8 0.569 0.703 0.634 0.822
82.720 8 0.573 0.703 0.641 0.822
82.760 8 0.578 0.703 0.645 0.822
82.800 8 0.581 0.703 0.648 0.822
82.840 8 0.584 0.700 0.653 0.822
82.880 8 0.588 0.700 0.656 0.822
82.920 8 0.591 0.700 0.659 0.825
82.960 8 0.592 0.700 0.662 0.825
83.000 8 0.595 0.700 0.662 0.819
83.040 8 0.597 0.697 0.666 0.819
83.080 8 0.598 0.700 0.666 0.819
83.120 8 0.602 0.700 0.670 0.822
83.160 8 0.602 0.697 0.669 0.819
83.200 8 0.603 0.697 0.672 0.819
83.240 8 0.603 0.697 0.672 0.819
83.280 8 0.605 0.697 0.673 0.817
83.320 8 0.603 0.697 0.669 0.817
83.360 8 0.606 0.697 0.672 0.817
83.400 8 0.603 0.697 0.669 0.817
83.440 8 0.606 0.700 0.670 0.817
83.480 8 0.602 0.700 0.669 0.817
83.520 8 0.603 0.697 0.672 0.819
83.560 8 0.602 0.700 0.669 0.817
83.600 8 0.603 0.700 0.670 0.819
83.640 8 0.603 0.700 0.670 0.819
83.680 8 0.606 0.700 0.673 0.819
83.720 8 0.605 0.700 0.672 0.819
83.760 8 0.605 0.700 0.672 0.819
83.800 8 0.605 0.700 0.672 0.819
83.840 8 0.603 0.700 0.669 0.819
83.880 8 0.603 0.700 0.670 0.819
80.720 9 -0.025 0.242 0.058 0.386
80.760 9 -0.013 0.244 0.069 0.389
80.800 9 -0.002 0.247 0.078 0.389
80.840 9 0.009 0.244 0.089 0.386
80.880 9 0.019 0.244 0.100 0.392
80.920 9 0.028 0.247 0.109 0.392
80.960 9 0.039 0.244 0.120 0.392
81.000 9 0.048 0.247 0.130 0.392
81.040 9 0.052 0.239 0.142 0.397
81.080 9 0.061 0.242 0.150 0.397
81.120 9 0.069 0.242 0.159 0.397
81.160 9 0.078 0.242 0.167 0.397
81.200 9 0.087 0.242 0.177 0.397
81.240 9 0.095 0.242 0.184 0.400
81.280 9 0.103 0.242 0.192 0.400
81.320 9 0.111 0.242 0.200 0.400
81.360 9 0.119 0.244 0.209 0.403
81.400 9 0.127 0.250 0.216 0.406
81.440 9 0.134 0.247 0.225 0.406
81.480 9 0.142 0.250 0.231 0.406
81.520 9 0.150 0.253 0.239 0.408
81.560 9 0.158 0.250 0.247 0.408
81.600 9 0.166 0.253 0.255 0.408
81.640 9 0.172 0.250 0.259 0.406
81.680 9 0.180 0.253 0.267 0.408
81.720 9 0.184 0.253 0.273 0.408
81.760 9 0.192 0.253 0.280 0.408
81.800 9 0.197 0.250 0.286 0.406
81.840 9 0.203 0.250 0.292 0.406
81.880 9 0.211 0.250 0.298 0.406
81.920 9 0.216 0.247 0.305 0.403
81.960 9 0.222 0.250 0.309 0.406
82.000 9 0.220 0.242 0.319 0.414
82.040 9 0.233 0.244 0.322 0.403
82.080 9 0.237 0.242 0.328 0.403
82.120 9 0.244 0.244 0.333 0.400
82.160 9 0.247 0.242 0.338 0.400
82.200 9 0.253 0.242 0.341 0.397
82.240 9 0.258 0.239 0.347 0.397
82.280 9 0.263 0.239 0.353 0.394
82.320 9 0.267 0.239 0.356 0.397
82.360 9 0.270 0.239 0.361 0.397
82.400 9 0.275 0.242 0.367 0.400
82.440 9 0.280 0.244 0.369 0.400
82.480 9 0.284 0.244 0.373 0.403
82.520 9 0.287 0.247 0.378 0.406
82.560 9 0.292 0.247 0.381 0.406
82.600 9 0.295 0.247 0.386 0.406
82.640 9 0.300 0.250 0.389 0.406
82.680 9 0.303 0.247 0.392 0.406
82.720 9 0.309 0.244 0.400 0.406
82.760 9 0.312 0.244 0.402 0.406
82.800 9 0.314 0.244 0.405 0.406
82.840 9 0.319 0.242 0.411 0.403
82.880 9 0.322 0.242 0.412 0.403
82.920 9 0.323 0.242 0.416 0.406
82.960 9 0.327 0.242 0.419 0.403
83.000 9 0.336 0.247 0.417 0.392
83.040 9 0.339 0.250 0.419 0.392
83.080 9 0.342 0.250 0.420 0.389
83.120 9 0.341 0.247 0.422 0.392
83.160 9 0.344 0.250 0.423 0.389
83.200 9 0.344 0.244 0.425 0.389
83.240 9 0.345 0.244 0.428 0.392
83.280 9 0.344 0.244 0.427 0.389
83.320 9 0.345 0.242 0.428 0.392
83.360 9 0.345 0.244 0.427 0.389
83.400 9 0.347 0.244 0.428 0.389
83.440 9 0.345 0.244 0.427 0.389
83.480 9 0.344 0.244 0.423 0.386
83.520 9 0.345 0.244 0.425 0.386
83.560 9 0.344 0.247 0.422 0.386
83.600 9 0.348 0.247 0.425 0.386
83.640 9 0.345 0.247 0.423 0.386
83.680 9 0.350 0.250 0.427 0.386
83.720 9 0.347 0.250 0.423 0.386
83.760 9 0.347 0.247 0.427 0.389
83.800 9 0.347 0.247 0.428 0.392
83.840 9 0.344 0.250 0.423 0.389
83.880 9 0.345 0.250 0.425 0.392
83.920 10 0.419 0.117 0.661 0.547
83.960 10 0.425 0.122 0.666 0.550
84.000 10 0.417 0.122 0.659 0.553
84.040 10 0.417 0.142 0.653 0.556
84.080 10 0.417 0.136 0.658 0.567
84.120 10 0.416 0.139 0.659 0.569
84.160 10 0.416 0.142 0.659 0.572
84.200 10 0.417 0.142 0.662 0.578
84.240 10 0.419 0.142 0.667 0.581
84.280 10 0.422 0.142 0.672 0.586
84.320 10 0.427 0.144 0.677 0.586
84.360 10 0.430 0.144 0.681 0.592
84.400 10 0.430 0.147 0.681 0.592
84.440 10 0.430 0.150 0.680 0.594
84.480 10 0.427 0.150 0.677 0.594
84.520 10 0.423 0.153 0.673 0.597
84.560 10 0.419 0.150 0.672 0.600
84.600 10 0.417 0.150 0.670 0.597
84.640 10 0.411 0.147 0.667 0.600
84.680 10 0.417 0.150 0.672 0.600
84.720 10 0.411 0.150 0.664 0.597
84.760 10 0.412 0.150 0.666 0.597
84.800 10 0.409 0.147 0.666 0.603
84.840 10 0.411 0.150 0.664 0.597
84.880 10 0.408 0.147 0.666 0.606
84.920 10 0.409 0.153 0.664 0.603
84.960 10 0.414 0.153 0.667 0.600
85.000 10 0.417 0.172 0.659 0.600
85.040 10 0.414 0.181 0.652 0.600
85.080 10 0.414 0.178 0.655 0.600
85.120 10 0.417 0.175 0.656 0.600
85.160 10 0.419 0.175 0.659 0.597
85.200 10 0.420 0.172 0.664 0.600
85.240 10 0.425 0.169 0.667 0.600
85.280 10 0.431 0.175 0.672 0.600
85.320 10 0.436 0.164 0.683 0.600
85.360 10 0.441 0.161 0.688 0.597
85.400 10 0.456 0.169 0.700 0.600
85.440 10 0.459 0.167 0.705 0.600
85.480 10 0.466 0.167 0.711 0.600
85.520 10 0.463 0.169 0.706 0.600
85.560 10 0.467 0.169 0.714 0.606
85.600 10 0.459 0.169 0.708 0.606
85.640 10 0.463 0.169 0.713 0.611
85.680 10 0.458 0.175 0.700 0.603
85.720 10 0.461 0.175 0.702 0.600
85.760 10 0.453 0.175 0.692 0.597
85.800 10 0.450 0.172 0.692 0.597
85.840 10 0.442 0.169 0.686 0.600
85.880 10 0.436 0.169 0.677 0.594
85.920 10 0.430 0.169 0.672 0.597
85.960 10 0.434 0.175 0.670 0.592
86.000 10 0.417 0.172 0.659 0.600
86.040 10 0.417 0.153 0.664 0.592
86.080 10 0.414 0.150 0.661 0.589
86.120 10 0.417 0.144 0.670 0.592
86.160 10 0.417 0.144 0.666 0.586
86.200 10 0.417 0.150 0.662 0.583
86.240 10 0.417 0.156 0.658 0.581
86.280 10 0.417 0.147 0.664 0.586
86.320 10 0.416 0.153 0.659 0.583
86.360 10 0.416 0.153 0.658 0.581
86.400 10 0.411 0.150 0.653 0.581
86.440 10 0.416 0.156 0.655 0.578
86.480 10 0.416 0.156 0.650 0.569
86.520 10 0.416 0.153 0.648 0.567
86.560 10 0.414 0.153 0.645 0.564
86.600 10 0.414 0.153 0.645 0.561
86.640 10 0.412 0.150 0.645 0.561
86.680 10 0.416 0.150 0.647 0.558
86.720 10 0.414 0.144 0.648 0.561
86.760 10 0.416 0.144 0.648 0.556
86.800 10 0.412 0.133 0.653 0.561
86.840 10 0.417 0.136 0.652 0.553
86.880 10 0.417 0.131 0.661 0.561
86.920 10 0.417 0.139 0.645 0.544
86.960 10 0.420 0.139 0.658 0.558
87.000 10 0.417 0.122 0.659 0.553
87.040 10 0.422 0.156 0.650 0.558
87.080 10 0.416 0.150 0.652 0.569
87.120 10 0.411 0.144 0.653 0.575
87.160 10 0.412 0.150 0.650 0.575
87.200 10 0.409 0.150 0.650 0.578
87.240 10 0.409 0.153 0.648 0.578
87.280 10 0.405 0.150 0.647 0.583
87.320 10 0.408 0.153 0.650 0.583
87.360 10 0.405 0.153 0.647 0.583
87.400 10 0.411 0.158 0.650 0.581
87.440 10 0.403 0.156 0.645 0.583
87.480 10 0.405 0.156 0.644 0.583
87.520 10 0.405 0.156 0.641 0.578
87.560 10 0.403 0.156 0.639 0.575
87.600 10 0.412 0.156 0.648 0.578
87.640 10 0.402 0.150 0.644 0.581
87.680 10 0.416 0.156 0.656 0.583
87.720 10 0.409 0.164 0.647 0.586
87.760 10 0.416 0.167 0.655 0.592
87.800 10 0.409 0.172 0.650 0.600
87.840 10 0.411 0.178 0.655 0.611
87.880 10 0.408 0.186 0.650 0.617
87.920 10 0.411 0.186 0.661 0.631
87.960 10 0.406 0.192 0.656 0.636
88.000 10 0.417 0.219 0.659 0.650
88.040 10 0.417 0.197 0.656 0.619
88.080 10 0.419 0.197 0.659 0.625
88.120 10 0.419 0.203 0.658 0.625
88.160 10 0.414 0.200 0.656 0.631
88.200 10 0.406 0.206 0.648 0.636
88.240 10 0.406 0.206 0.652 0.639
88.280 10 0.400 0.208 0.645 0.644
88.320 10 0.403 0.211 0.648 0.647
88.360 10 0.397 0.217 0.637 0.642
88.400 10 0.395 0.219 0.631 0.639
88.440 10 0.398 0.219 0.631 0.633
88.480 10 0.392 0.217 0.622 0.625
88.520 10 0.397 0.214 0.625 0.617
88.560 10 0.394 0.203 0.625 0.614
88.600 10 0.398 0.197 0.636 0.619
88.640 10 0.408 0.197 0.642 0.611
88.680 10 0.417 0.192 0.653 0.608
88.720 10 0.425 0.189 0.661 0.606
88.760 10 0.434 0.189 0.667 0.603
88.800 10 0.423 0.189 0.656 0.600
88.840 10 0.423 0.192 0.659 0.611
88.880 10 0.416 0.194 0.652 0.614
88.920 10 0.408 0.200 0.647 0.622
88.960 10 0.402 0.203 0.641 0.625
89.000 10 0.391 0.172 0.633 0.600
89.040 10 0.378 0.164 0.630 0.608
89.080 10 0.389 0.181 0.625 0.597
89.120 10 0.391 0.169 0.639 0.608
89.160 10 0.391 0.172 0.636 0.603
89.200 10 0.392 0.169 0.639 0.606
89.240 10 0.403 0.178 0.639 0.597
89.280 10 0.391 0.175 0.636 0.608
89.320 10 0.403 0.183 0.636 0.594
89.360 10 0.391 0.172 0.633 0.597
89.400 10 0.391 0.172 0.637 0.608
89.440 10 0.391 0.186 0.622 0.597
89.480 10 0.391 0.181 0.631 0.606
89.520 10 0.402 0.189 0.636 0.600
89.560 10 0.392 0.189 0.623 0.600
89.600 10 0.403 0.197 0.628 0.597
89.640 10 0.391 0.175 0.636 0.608
89.680 10 0.392 0.161 0.648 0.614
89.720 10 0.389 0.178 0.642 0.628
89.760 10 0.388 0.172 0.647 0.628
89.800 10 0.391 0.164 0.650 0.619
89.840 10 0.394 0.158 0.655 0.617
89.880 10 0.397 0.156 0.655 0.611
89.920 10 0.405 0.147 0.664 0.606
89.960 10 0.403 0.142 0.662 0.600
90.000 10 0.417 0.172 0.659 0.600
90.040 10 0.436 0.161 0.672 0.578
90.080 10 0.438 0.158 0.672 0.572
90.120 10 0.442 0.156 0.675 0.569
90.160 10 0.441 0.150 0.677 0.567
90.200 10 0.441 0.147 0.677 0.564
90.240 10 0.441 0.147 0.673 0.561
90.280 10 0.444 0.147 0.678 0.564
90.320 10 0.439 0.150 0.669 0.558
90.360 10 0.442 0.150 0.675 0.561
90.400 10 0.439 0.158 0.664 0.558
90.440 10 0.441 0.156 0.670 0.561
90.480 10 0.439 0.153 0.666 0.553
90.520 10 0.439 0.147 0.664 0.547
90.560 10 0.439 0.142 0.662 0.539
90.600 10 0.439 0.139 0.662 0.533
90.640 10 0.438 0.133 0.661 0.528
90.680 10 0.439 0.133 0.666 0.533
90.720 10 0.439 0.136 0.661 0.531
90.760 10 0.439 0.144 0.656 0.528
90.800 10 0.439 0.139 0.666 0.542
90.840 10 0.438 0.150 0.655 0.533
90.880 10 0.438 0.142 0.659 0.536
90.920 10 0.438 0.147 0.653 0.528
90.960 10 0.438 0.142 0.658 0.531
91.000 10 0.459 0.142 0.661 0.500
91.040 10 0.461 0.161 0.667 0.528
91.080 10 0.458 0.161 0.664 0.531
91.120 10 0.463 0.164 0.670 0.533
91.160 10 0.459 0.167 0.664 0.531
91.200 10 0.467 0.167 0.672 0.531
91.240 10 0.459 0.167 0.662 0.528
91.280 10 0.467 0.164 0.670 0.525
91.320 10 0.461 0.158 0.664 0.519
91.360 10 0.466 0.158 0.673 0.525
91.400 10 0.463 0.158 0.669 0.522
91.440 10 0.463 0.161 0.667 0.522
91.480 10 0.461 0.164 0.667 0.528
91.520 10 0.461 0.167 0.666 0.528
91.560 10 0.459 0.167 0.664 0.528
91.600 10 0.461 0.164 0.666 0.525
91.640 10 0.456 0.161 0.659 0.519
91.680 10 0.459 0.161 0.662 0.522
91.720 10 0.455 0.164 0.653 0.517
91.760 10 0.459 0.167 0.659 0.522
91.800 10 0.452 0.161 0.653 0.519
91.840 10 0.456 0.164 0.656 0.519
91.880 10 0.459 0.164 0.659 0.519
91.920 10 0.456 0.164 0.656 0.517
91.960 10 0.455 0.161 0.656 0.522
92.000 10 0.459 0.183 0.661 0.542
92.040 10 0.464 0.175 0.658 0.519
92.080 10 0.463 0.172 0.659 0.522
92.120 10 0.459 0.172 0.656 0.522
92.160 10 0.463 0.172 0.661 0.528
92.200 10 0.459 0.175 0.659 0.531
92.240 10 0.459 0.178 0.661 0.536
92.280 10 0.461 0.178 0.664 0.539
92.320 10 0.456 0.181 0.659 0.542
92.360 10 0.459 0.183 0.664 0.547
92.400 10 0.453 0.189 0.658 0.553
92.440 10 0.456 0.194 0.662 0.558
92.480 10 0.450 0.197 0.655 0.561
92.520 10 0.453 0.197 0.659 0.564
92.560 10 0.447 0.197 0.653 0.564
92.600 10 0.452 0.197 0.655 0.558
92.640 10 0.447 0.194 0.647 0.553
92.680 10 0.448 0.192 0.650 0.547
92.720 10 0.444 0.189 0.644 0.544
92.760 10 0.444 0.183 0.648 0.547
92.800 10 0.441 0.186 0.644 0.547
92.840 10 0.442 0.189 0.645 0.550
92.880 10 0.441 0.189 0.647 0.553
92.920 10 0.442 0.194 0.645 0.553
92.960 10 0.439 0.192 0.647 0.561
93.000 10 0.438 0.183 0.639 0.542
93.040 10 0.425 0.167 0.644 0.556
93.080 10 0.427 0.164 0.650 0.564
93.120 10 0.423 0.172 0.642 0.561
93.160 10 0.423 0.172 0.647 0.572
93.200 10 0.423 0.175 0.648 0.575
93.240 10 0.423 0.175 0.650 0.581
93.280 10 0.423 0.178 0.652 0.583
93.320 10 0.425 0.172 0.655 0.581
93.360 10 0.427 0.167 0.658 0.578
93.400 10 0.428 0.164 0.659 0.572
93.440 10 0.431 0.158 0.661 0.567
93.480 10 0.434 0.156 0.662 0.561
93.520 10 0.434 0.150 0.664 0.561
93.560 10 0.434 0.142 0.669 0.561
93.600 10 0.438 0.142 0.670 0.556
93.640 10 0.441 0.139 0.673 0.553
93.680 10 0.441 0.133 0.678 0.556
93.720 10 0.442 0.128 0.681 0.556
93.760 10 0.445 0.131 0.681 0.550
93.800 10 0.448 0.131 0.683 0.547
93.840 10 0.445 0.119 0.689 0.556
93.880 10 0.448 0.125 0.686 0.547
93.920 10 0.445 0.117 0.689 0.553
93.960 10 0.445 0.119 0.691 0.556
94.000 10 0.445 0.122 0.686 0.553
94.040 10 0.441 0.125 0.681 0.553
94.080 10 0.442 0.122 0.683 0.553
94.120 10 0.441 0.122 0.681 0.547
94.160 10 0.441 0.119 0.678 0.544
94.200 10 0.439 0.119 0.675 0.539
94.240 10 0.442 0.122 0.675 0.539
94.280 10 0.438 0.128 0.667 0.536
94.320 10 0.441 0.131 0.670 0.539
94.360 10 0.436 0.136 0.662 0.539
94.400 10 0.444 0.147 0.662 0.539
94.440 10 0.436 0.153 0.656 0.544
94.480 10 0.439 0.156 0.661 0.550
94.520 10 0.430 0.153 0.655 0.553
94.560 10 0.431 0.150 0.656 0.553
94.600 10 0.430 0.150 0.655 0.550
94.640 10 0.430 0.150 0.653 0.547
94.680 10 0.428 0.147 0.652 0.544
94.720 10 0.430 0.142 0.658 0.550
94.760 10 0.427 0.147 0.650 0.544
94.800 10 0.430 0.144 0.656 0.550
94.840 10 0.427 0.150 0.648 0.547
94.880 10 0.430 0.150 0.655 0.553
94.920 10 0.425 0.156 0.647 0.553
94.960 10 0.427 0.158 0.650 0.556
95.000 10 0.438 0.183 0.639 0.542
95.040 10 0.438 0.183 0.637 0.539
95.080 10 0.438 0.186 0.634 0.536
95.120 10 0.441 0.181 0.642 0.539
95.160 10 0.438 0.181 0.634 0.531
95.200 10 0.441 0.169 0.645 0.533
95.240 10 0.438 0.169 0.637 0.525
95.280 10 0.439 0.156 0.653 0.536
95.320 10 0.438 0.164 0.642 0.528
95.360 10 0.439 0.167 0.644 0.531
95.400 10 0.439 0.169 0.644 0.533
95.440 10 0.441 0.169 0.645 0.536
95.480 10 0.441 0.172 0.647 0.539
95.520 10 0.439 0.172 0.647 0.544
95.560 10 0.441 0.178 0.645 0.542
95.600 10 0.442 0.186 0.642 0.542
95.640 10 0.439 0.183 0.642 0.544
95.680 10 0.438 0.175 0.648 0.550
95.720 10 0.439 0.181 0.641 0.539
95.760 10 0.439 0.178 0.644 0.539
95.800 10 0.438 0.178 0.641 0.539
95.840 10 0.441 0.175 0.647 0.544
95.880 10 0.438 0.183 0.639 0.542
95.920 10 0.439 0.178 0.647 0.550
95.960 10 0.438 0.186 0.637 0.542
96.000 10 0.438 0.183 0.639 0.542
96.040 10 0.441 0.192 0.641 0.547
96.080 10 0.439 0.189 0.639 0.544
96.120 10 0.441 0.183 0.645 0.547
96.160 10 0.442 0.189 0.639 0.539
96.200 10 0.442 0.189 0.641 0.544
96.240 10 0.444 0.192 0.642 0.544
96.280 10 0.441 0.197 0.636 0.544
96.320 10 0.444 0.200 0.641 0.550
96.360 10 0.441 0.200 0.639 0.553
96.400 10 0.439 0.200 0.642 0.558
96.440 10 0.441 0.200 0.644 0.561
96.480 10 0.442 0.200 0.642 0.558
96.520 10 0.441 0.200 0.639 0.553
96.560 10 0.442 0.197 0.645 0.556
96.600 10 0.442 0.197 0.641 0.550
96.640 10 0.445 0.194 0.645 0.550
96.680 10 0.444 0.186 0.648 0.553
96.720 10 0.445 0.186 0.650 0.550
96.760 10 0.444 0.181 0.655 0.553
96.800 10 0.444 0.175 0.658 0.556
96.840 10 0.445 0.172 0.659 0.553
96.880 10 0.445 0.167 0.662 0.553
96.920 10 0.447 0.167 0.662 0.550
96.960 10 0.450 0.169 0.661 0.544
97.000 10 0.459 0.183 0.661 0.542
97.040 10 0.464 0.172 0.664 0.528
97.080 10 0.464 0.172 0.659 0.522
97.120 10 0.470 0.172 0.666 0.517
97.160 10 0.469 0.167 0.664 0.514
97.200 10 0.473 0.161 0.670 0.511
97.240 10 0.469 0.158 0.667 0.511
97.280 10 0.475 0.158 0.672 0.511
97.320 10 0.469 0.158 0.666 0.511
97.360 10 0.470 0.158 0.669 0.508
97.400 10 0.469 0.153 0.667 0.508
97.440 10 0.467 0.150 0.666 0.503
97.480 10 0.466 0.144 0.666 0.500
97.520 10 0.464 0.142 0.664 0.497
97.560 10 0.463 0.139 0.664 0.497
97.600 10 0.463 0.142 0.661 0.494
97.640 10 0.459 0.142 0.661 0.497
97.680 10 0.459 0.144 0.656 0.497
97.720 10 0.456 0.150 0.655 0.503
97.760 10 0.453 0.158 0.650 0.508
97.800 10 0.453 0.172 0.645 0.517
97.840 10 0.445 0.181 0.639 0.525
97.880 10 0.444 0.194 0.636 0.536
97.920 10 0.442 0.197 0.639 0.544
97.960 10 0.444 0.203 0.633 0.542
98.000 10 0.438 0.183 0.639 0.542
98.040 10 0.428 0.175 0.633 0.536
98.080 10 0.427 0.167 0.634 0.539
98.120 10 0.428 0.167 0.634 0.536
98.160 10 0.427 0.167 0.633 0.533
98.200 10 0.428 0.161 0.642 0.539
98.240 10 0.428 0.164 0.636 0.533
98.280 10 0.427 0.167 0.636 0.539
98.320 10 0.433 0.175 0.642 0.544
98.360 10 0.428 0.169 0.641 0.547
98.400 10 0.425 0.161 0.647 0.556
98.440 10 0.428 0.156 0.650 0.550
98.480 10 0.423 0.142 0.655 0.556
98.520 10 0.427 0.144 0.655 0.550
98.560 10 0.423 0.144 0.652 0.547
98.600 10 0.428 0.144 0.653 0.547
98.640 10 0.428 0.142 0.656 0.550
98.680 10 0.430 0.147 0.652 0.542
98.720 10 0.430 0.147 0.652 0.542
98.760 10 0.428 0.144 0.650 0.539
98.800 10 0.428 0.139 0.658 0.547
98.840 10 0.425 0.136 0.655 0.544
98.880 10 0.428 0.139 0.655 0.542
98.920 10 0.428 0.136 0.658 0.547
98.960 10 0.430 0.136 0.662 0.550
99.000 10 0.417 0.122 0.659 0.553
99.040 10 0.433 0.139 0.661 0.544
99.080 10 0.427 0.136 0.652 0.536
99.120 10 0.430 0.133 0.652 0.528
99.160 10 0.425 0.133 0.644 0.519
99.200 10 0.428 0.131 0.645 0.517
99.240 10 0.423 0.131 0.641 0.519
99.280 10 0.428 0.133 0.645 0.522
99.320 10 0.422 0.139 0.639 0.525
99.360 10 0.427 0.144 0.642 0.528
99.400 10 0.420 0.144 0.637 0.531
99.440 10 0.427 0.147 0.644 0.536
99.480 10 0.419 0.144 0.639 0.533
99.520 10 0.422 0.142 0.644 0.536
99.560 10 0.427 0.144 0.645 0.533
99.600 10 0.422 0.144 0.639 0.531
99.640 10 0.423 0.144 0.641 0.531
99.680 10 0.428 0.144 0.641 0.525
99.720 10 0.428 0.142 0.644 0.525
99.760 10 0.430 0.142 0.645 0.525
99.800 10 0.431 0.136 0.650 0.525
99.840 10 0.433 0.131 0.652 0.519
99.880 10 0.436 0.128 0.656 0.517
99.920 10 0.439 0.125 0.658 0.514
99.960 10 0.441 0.119 0.661 0.514
100.000 10 0.459 0.142 0.661 0.500
100.040 10 0.458 0.150 0.659 0.508
100.080 10 0.459 0.147 0.662 0.508
100.120 10 0.459 0.144 0.664 0.508
100.160 10 0.461 0.142 0.666 0.506
100.200 10 0.463 0.139 0.667 0.503
100.240 10 0.463 0.131 0.670 0.497
100.280 10 0.466 0.125 0.670 0.489
100.320 10 0.467 0.122 0.673 0.486
100.360 10 0.470 0.119 0.675 0.486
100.400 10 0.473 0.122 0.678 0.483
100.440 10 0.470 0.125 0.672 0.483
100.480 10 0.472 0.128 0.673 0.486
100.520 10 0.473 0.131 0.673 0.489
100.560 10 0.473 0.133 0.673 0.489
100.600 10 0.473 0.133 0.675 0.492
100.640 10 0.472 0.133 0.677 0.497
100.680 10 0.470 0.136 0.673 0.500
100.720 10 0.467 0.136 0.675 0.503
100.760 10 0.469 0.139 0.672 0.500
100.800 10 0.467 0.136 0.670 0.497
100.840 10 0.467 0.133 0.670 0.494
100.880 10 0.467 0.131 0.669 0.492
100.920 10 0.464 0.131 0.666 0.489
100.960 10 0.464 0.131 0.669 0.494
101.000 10 0.459 0.142 0.661 0.500
101.040 10 0.466 0.144 0.659 0.489
101.080 10 0.466 0.150 0.661 0.497
101.120 10 0.458 0.153 0.655 0.500
101.160 10 0.459 0.153 0.656 0.503
101.200 10 0.455 0.153 0.648 0.497
101.240 10 0.458 0.153 0.650 0.494
101.280 10 0.450 0.150 0.644 0.492
101.320 10 0.455 0.150 0.644 0.489
101.360 10 0.448 0.147 0.639 0.486
101.400 10 0.441 0.147 0.633 0.486
101.440 10 0.441 0.147 0.634 0.492
101.480 10 0.433 0.147 0.625 0.489
101.520 10 0.438 0.147 0.631 0.489
101.560 10 0.434 0.144 0.628 0.489
101.600 10 0.436 0.142 0.631 0.492
101.640 10 0.434 0.142 0.633 0.494
101.680 10 0.434 0.147 0.631 0.500
101.720 10 0.431 0.150 0.631 0.506
101.760 10 0.431 0.156 0.628 0.506
101.800 10 0.430 0.158 0.628 0.511
101.840 10 0.428 0.161 0.625 0.511
101.880 10 0.428 0.158 0.627 0.511
101.920 10 0.430 0.158 0.625 0.506
101.960 10 0.430 0.153 0.628 0.506
102.000 10 0.438 0.142 0.639 0.500
102.040 10 0.425 0.128 0.637 0.506
102.080 10 0.428 0.125 0.641 0.503
102.120 10 0.431 0.128 0.641 0.497
102.160 10 0.436 0.125 0.644 0.494
102.200 10 0.438 0.122 0.645 0.492
102.240 10 0.439 0.119 0.648 0.492
102.280 10 0.444 0.122 0.650 0.489
102.320 10 0.439 0.122 0.645 0.489
102.360 10 0.441 0.122 0.647 0.489
102.400 10 0.441 0.117 0.652 0.492
102.440 10 0.439 0.122 0.644 0.489
102.480 10 0.439 0.122 0.645 0.489
102.520 10 0.439 0.125 0.642 0.489
102.560 10 0.436 0.128 0.639 0.486
102.600 10 0.433 0.125 0.637 0.489
102.640 10 0.439 0.125 0.642 0.489
102.680 10 0.438 0.128 0.642 0.489
102.720 10 0.436 0.131 0.641 0.494
102.760 10 0.434 0.133 0.642 0.503
102.800 10 0.428 0.142 0.637 0.514
102.840 10 0.428 0.147 0.639 0.522
102.880 10 0.427 0.164 0.631 0.528
102.920 10 0.423 0.172 0.630 0.539
102.960 10 0.425 0.175 0.636 0.550
103.000 10 0.416 0.183 0.617 0.542
103.040 10 0.416 0.183 0.617 0.542
103.080 10 0.416 0.192 0.608 0.533
103.120 10 0.423 0.192 0.617 0.536
103.160 10 0.417 0.192 0.611 0.536
103.200 10 0.417 0.186 0.619 0.544
103.240 10 0.417 0.186 0.622 0.550
103.280 10 0.417 0.186 0.623 0.550
103.320 10 0.419 0.175 0.633 0.558
103.360 10 0.417 0.181 0.625 0.550
103.400 10 0.417 0.172 0.636 0.561
103.440 10 0.419 0.181 0.628 0.553
103.480 10 0.416 0.186 0.620 0.547
103.520 10 0.419 0.183 0.625 0.550
103.560 10 0.419 0.183 0.625 0.553
103.600 10 0.420 0.175 0.636 0.558
103.640 10 0.417 0.175 0.631 0.553
103.680 10 0.419 0.164 0.641 0.558
103.720 10 0.416 0.161 0.636 0.553
103.760 10 0.420 0.156 0.642 0.553
118.800 11 0.342 0.028 0.395 0.125
118.840 11 0.350 0.028 0.405 0.122
118.880 11 0.362 0.025 0.419 0.122
118.920 11 0.375 0.025 0.430 0.122
118.960 11 0.384 0.019 0.441 0.119
119.000 11 0.395 0.017 0.452 0.117
119.040 11 0.406 0.017 0.463 0.117
119.080 11 0.417 0.017 0.472 0.114
119.120 11 0.430 0.017 0.484 0.114
119.160 11 0.441 0.019 0.495 0.117
119.200 11 0.452 0.022 0.506 0.122
119.240 11 0.463 0.025 0.519 0.125
119.280 11 0.473 0.031 0.530 0.131
119.320 11 0.487 0.033 0.544 0.133
119.360 11 0.500 0.039 0.556 0.136
119.400 11 0.512 0.039 0.569 0.139
119.440 11 0.525 0.039 0.581 0.139
119.480 11 0.537 0.036 0.594 0.136
119.520 11 0.550 0.033 0.606 0.131
119.560 11 0.562 0.028 0.619 0.128
119.600 11 0.573 0.022 0.630 0.122
119.640 11 0.586 0.019 0.642 0.119
119.680 11 0.598 0.014 0.655 0.114
119.720 11 0.609 0.011 0.666 0.111
119.760 11 0.620 0.011 0.677 0.111
119.800 11 0.633 0.011 0.689 0.111
119.840 11 0.647 0.011 0.703 0.114
119.880 11 0.658 0.017 0.716 0.117
119.920 11 0.672 0.019 0.730 0.122
119.960 11 0.686 0.025 0.744 0.125
120.000 11 0.702 0.028 0.758 0.128
120.040 11 0.716 0.028 0.773 0.131
120.080 11 0.730 0.025 0.786 0.125
120.120 11 0.742 0.025 0.798 0.125
120.160 11 0.755 0.022 0.811 0.122
120.200 11 0.767 0.022 0.823 0.122
120.240 11 0.778 0.017 0.834 0.119
