61.040 0 0.497 0.089 0.588 0.250
61.080 0 0.494 0.092 0.586 0.253
61.120 0 0.492 0.092 0.583 0.253
61.160 0 0.489 0.094 0.580 0.256
61.200 0 0.484 0.092 0.577 0.256
61.240 0 0.486 0.092 0.578 0.258
61.280 0 0.483 0.094 0.577 0.258
61.320 0 0.484 0.094 0.578 0.258
61.360 0 0.483 0.097 0.575 0.261
61.400 0 0.483 0.097 0.575 0.261
61.440 0 0.486 0.103 0.575 0.261
61.480 0 0.483 0.103 0.573 0.264
61.520 0 0.484 0.106 0.573 0.264
61.560 0 0.481 0.108 0.570 0.267
61.600 0 0.486 0.111 0.575 0.267
61.640 0 0.480 0.108 0.570 0.269
61.680 0 0.484 0.111 0.575 0.272
61.720 0 0.478 0.108 0.570 0.272
61.760 0 0.480 0.106 0.575 0.275
61.800 0 0.483 0.111 0.575 0.272
61.840 0 0.480 0.111 0.570 0.272
61.880 0 0.484 0.111 0.577 0.275
61.920 0 0.480 0.111 0.572 0.272
61.960 0 0.480 0.106 0.577 0.278
62.000 0 0.480 0.106 0.577 0.278
62.040 0 0.477 0.106 0.578 0.286
62.080 0 0.475 0.103 0.578 0.286
62.120 0 0.477 0.106 0.578 0.283
62.160 0 0.473 0.103 0.575 0.283
62.200 0 0.477 0.106 0.578 0.283
62.240 0 0.477 0.106 0.577 0.283
62.280 0 0.477 0.106 0.578 0.286
62.320 0 0.478 0.108 0.578 0.286
62.360 0 0.480 0.108 0.580 0.286
62.400 0 0.481 0.111 0.581 0.286
62.440 0 0.483 0.111 0.581 0.289
62.480 0 0.483 0.111 0.583 0.289
62.520 0 0.484 0.114 0.583 0.289
62.560 0 0.486 0.117 0.583 0.289
62.600 0 0.486 0.117 0.583 0.289
62.640 0 0.487 0.117 0.584 0.289
62.680 0 0.487 0.119 0.584 0.289
62.720 0 0.491 0.119 0.586 0.289
62.760 0 0.489 0.119 0.586 0.292
62.800 0 0.491 0.119 0.588 0.292
62.840 0 0.491 0.122 0.588 0.292
62.880 0 0.491 0.122 0.588 0.292
62.920 0 0.492 0.122 0.588 0.294
62.960 0 0.492 0.122 0.588 0.294
63.000 0 0.491 0.125 0.588 0.297
63.040 0 0.484 0.119 0.589 0.306
63.080 0 0.489 0.125 0.588 0.300
63.120 0 0.491 0.122 0.592 0.303
63.160 0 0.484 0.119 0.588 0.303
63.200 0 0.489 0.119 0.592 0.303
63.240 0 0.484 0.119 0.586 0.300
63.280 0 0.489 0.122 0.592 0.303
63.320 0 0.484 0.119 0.588 0.306
63.360 0 0.487 0.122 0.591 0.306
63.400 0 0.487 0.125 0.586 0.300
63.440 0 0.487 0.125 0.586 0.300
63.480 0 0.487 0.125 0.584 0.300
63.520 0 0.487 0.128 0.584 0.300
63.560 0 0.483 0.122 0.584 0.303
63.600 0 0.486 0.125 0.586 0.300
63.640 0 0.483 0.122 0.584 0.303
63.680 0 0.486 0.125 0.588 0.306
63.720 0 0.486 0.125 0.584 0.300
69.560 1 0.402 0.017 0.458 0.119
69.600 1 0.402 0.019 0.458 0.119
69.640 1 0.402 0.022 0.456 0.122
69.680 1 0.398 0.025 0.455 0.122
69.720 1 0.400 0.025 0.456 0.125
69.760 1 0.398 0.025 0.455 0.125
69.800 1 0.398 0.025 0.453 0.125
69.840 1 0.397 0.025 0.453 0.125
69.880 1 0.397 0.025 0.453 0.125
69.920 1 0.398 0.025 0.455 0.125
69.960 1 0.397 0.025 0.453 0.125
70.000 1 0.398 0.025 0.455 0.125
70.040 1 0.397 0.025 0.453 0.125
70.080 1 0.397 0.028 0.453 0.125
70.120 1 0.398 0.028 0.453 0.128
70.160 1 0.397 0.031 0.453 0.128
70.200 1 0.397 0.031 0.453 0.131
70.240 1 0.395 0.033 0.452 0.131
70.280 1 0.397 0.033 0.453 0.133
70.320 1 0.395 0.033 0.450 0.133
70.360 1 0.395 0.036 0.452 0.133
70.400 1 0.394 0.036 0.450 0.136
70.440 1 0.395 0.039 0.450 0.136
70.480 1 0.394 0.039 0.448 0.139
70.520 1 0.394 0.042 0.448 0.139
70.560 1 0.392 0.044 0.447 0.142
70.600 1 0.392 0.044 0.447 0.142
70.640 1 0.392 0.044 0.448 0.144
70.680 1 0.392 0.044 0.447 0.144
70.720 1 0.392 0.044 0.448 0.144
70.760 1 0.391 0.044 0.447 0.144
70.800 1 0.391 0.044 0.447 0.144
70.840 1 0.391 0.044 0.447 0.144
70.880 1 0.392 0.044 0.448 0.144
70.920 1 0.391 0.047 0.447 0.144
70.960 1 0.392 0.047 0.447 0.144
71.000 1 0.391 0.047 0.445 0.147
71.040 1 0.391 0.047 0.445 0.147
71.080 1 0.389 0.050 0.445 0.147
71.120 1 0.391 0.050 0.445 0.147
71.160 1 0.389 0.050 0.444 0.147
71.200 1 0.389 0.050 0.445 0.147
71.240 1 0.388 0.050 0.444 0.150
71.280 1 0.388 0.050 0.444 0.150
71.320 1 0.388 0.050 0.444 0.150
71.360 1 0.386 0.050 0.442 0.150
71.400 1 0.388 0.050 0.444 0.150
71.440 1 0.386 0.050 0.442 0.150
71.480 1 0.388 0.050 0.442 0.150
71.520 1 0.386 0.050 0.441 0.150
71.560 1 0.386 0.050 0.442 0.150
71.600 1 0.384 0.050 0.441 0.150
71.640 1 0.384 0.050 0.441 0.150
71.680 1 0.386 0.050 0.442 0.150
71.720 1 0.384 0.050 0.441 0.150
71.760 1 0.384 0.050 0.441 0.150
71.800 1 0.384 0.050 0.441 0.150
71.840 1 0.384 0.050 0.439 0.147
71.880 1 0.386 0.050 0.441 0.150
71.920 1 0.384 0.050 0.439 0.150
71.960 1 0.384 0.050 0.441 0.150
72.000 1 0.383 0.050 0.439 0.150
72.040 1 0.381 0.050 0.438 0.150
72.080 1 0.380 0.050 0.434 0.150
80.360 2 0.222 0.053 0.294 0.181
80.400 2 0.220 0.050 0.294 0.181
80.440 2 0.219 0.047 0.292 0.178
80.480 2 0.219 0.047 0.291 0.175
80.520 2 0.214 0.044 0.286 0.172
80.560 2 0.212 0.044 0.284 0.172
80.600 2 0.209 0.042 0.281 0.169
80.640 2 0.208 0.039 0.280 0.169
80.680 2 0.205 0.039 0.277 0.167
80.720 2 0.203 0.036 0.275 0.164
80.760 2 0.203 0.033 0.275 0.164
80.800 2 0.202 0.033 0.273 0.161
80.840 2 0.202 0.033 0.273 0.161
80.880 2 0.200 0.031 0.272 0.161
80.920 2 0.200 0.033 0.270 0.158
80.960 2 0.200 0.033 0.270 0.161
81.000 2 0.197 0.033 0.269 0.161
81.040 2 0.195 0.033 0.267 0.161
81.080 2 0.195 0.033 0.267 0.161
81.120 2 0.194 0.033 0.266 0.161
81.160 2 0.195 0.033 0.266 0.161
81.200 2 0.192 0.036 0.264 0.161
81.240 2 0.194 0.036 0.264 0.161
81.280 2 0.192 0.036 0.263 0.161
81.320 2 0.192 0.036 0.263 0.161
81.360 2 0.191 0.036 0.261 0.161
81.400 2 0.192 0.039 0.263 0.161
81.440 2 0.191 0.039 0.261 0.164
81.480 2 0.191 0.039 0.261 0.164
81.520 2 0.189 0.039 0.259 0.164
81.560 2 0.192 0.042 0.261 0.164
81.600 2 0.191 0.042 0.259 0.164
81.640 2 0.192 0.042 0.261 0.167
81.680 2 0.191 0.044 0.259 0.164
81.720 2 0.192 0.044 0.261 0.167
81.760 2 0.191 0.044 0.259 0.167
81.800 2 0.189 0.044 0.261 0.169
81.840 2 0.188 0.044 0.258 0.169
81.880 2 0.192 0.044 0.261 0.169
81.920 2 0.191 0.047 0.258 0.167
81.960 2 0.191 0.044 0.261 0.169
82.000 2 0.191 0.047 0.258 0.167
82.040 2 0.191 0.047 0.258 0.167
82.080 2 0.191 0.047 0.258 0.167
82.120 2 0.192 0.050 0.259 0.169
82.160 2 0.194 0.050 0.259 0.169
82.200 2 0.197 0.053 0.264 0.172
82.240 2 0.198 0.056 0.264 0.172
82.280 2 0.202 0.058 0.269 0.178
82.320 2 0.205 0.061 0.272 0.181
82.360 2 0.209 0.064 0.277 0.183
82.680 2 0.211 0.067 0.277 0.183
82.720 2 0.211 0.058 0.277 0.175
82.760 2 0.206 0.050 0.272 0.169
82.800 2 0.206 0.044 0.272 0.161
82.840 2 0.203 0.039 0.270 0.158
82.880 2 0.202 0.036 0.269 0.156
82.920 2 0.200 0.036 0.267 0.153
82.960 2 0.200 0.033 0.267 0.153
83.000 2 0.198 0.033 0.266 0.153
83.040 2 0.194 0.028 0.266 0.156
83.080 2 0.192 0.028 0.264 0.156
83.120 2 0.191 0.033 0.259 0.153
83.160 2 0.191 0.033 0.259 0.153
83.200 2 0.188 0.033 0.255 0.153
83.240 2 0.186 0.033 0.253 0.153
83.280 2 0.186 0.033 0.253 0.153
83.320 2 0.183 0.033 0.252 0.153
83.360 2 0.184 0.036 0.252 0.156
83.400 2 0.183 0.039 0.248 0.156
83.440 2 0.183 0.039 0.250 0.158
83.480 2 0.183 0.039 0.250 0.158
83.520 2 0.184 0.042 0.252 0.161
83.560 2 0.184 0.042 0.252 0.161
83.600 2 0.186 0.042 0.253 0.161
83.640 2 0.184 0.039 0.252 0.161
83.680 2 0.184 0.039 0.252 0.161
83.720 2 0.186 0.039 0.255 0.161
83.760 2 0.184 0.039 0.253 0.161
89.040 3 0.492 0.153 0.755 0.622
89.080 3 0.492 0.156 0.753 0.619
89.120 3 0.494 0.156 0.750 0.614
89.160 3 0.502 0.156 0.759 0.617
89.200 3 0.487 0.147 0.748 0.614
89.240 3 0.502 0.150 0.764 0.619
89.280 3 0.492 0.150 0.756 0.619
89.320 3 0.505 0.147 0.770 0.622
89.360 3 0.495 0.153 0.762 0.628
89.400 3 0.500 0.158 0.767 0.633
89.440 3 0.484 0.156 0.755 0.639
89.480 3 0.489 0.142 0.767 0.639
89.520 3 0.475 0.133 0.755 0.633
89.560 3 0.486 0.131 0.762 0.625
89.600 3 0.473 0.125 0.750 0.619
89.640 3 0.487 0.133 0.761 0.619
89.680 3 0.469 0.128 0.748 0.625
89.720 3 0.483 0.133 0.762 0.633
89.760 3 0.472 0.133 0.759 0.650
89.800 3 0.473 0.139 0.767 0.661
89.840 3 0.470 0.147 0.758 0.661
89.880 3 0.470 0.147 0.759 0.664
89.920 3 0.470 0.147 0.759 0.664
89.960 3 0.470 0.147 0.759 0.664
90.000 3 0.470 0.147 0.759 0.664
90.040 3 0.475 0.136 0.758 0.639
90.080 3 0.466 0.139 0.747 0.639
90.120 3 0.475 0.144 0.753 0.642
90.160 3 0.477 0.156 0.753 0.650
90.200 3 0.472 0.172 0.752 0.672
90.240 3 0.484 0.178 0.770 0.689
90.280 3 0.480 0.178 0.766 0.689
90.320 3 0.481 0.167 0.772 0.686
90.360 3 0.473 0.158 0.766 0.678
90.400 3 0.477 0.147 0.770 0.672
90.440 3 0.467 0.139 0.761 0.664
90.480 3 0.470 0.131 0.766 0.656
90.520 3 0.461 0.125 0.756 0.650
90.560 3 0.466 0.125 0.761 0.650
90.600 3 0.458 0.119 0.753 0.647
90.640 3 0.456 0.119 0.755 0.650
90.680 3 0.456 0.128 0.752 0.653
90.720 3 0.452 0.131 0.752 0.667
90.760 3 0.448 0.142 0.748 0.675
90.800 3 0.445 0.147 0.747 0.686
90.840 3 0.442 0.150 0.744 0.686
90.880 3 0.441 0.153 0.742 0.689
90.920 3 0.442 0.158 0.739 0.686
90.960 3 0.438 0.158 0.734 0.686
91.000 3 0.438 0.147 0.728 0.664
91.040 3 0.434 0.167 0.722 0.678
91.080 3 0.441 0.169 0.727 0.678
91.120 3 0.433 0.169 0.720 0.681
91.160 3 0.441 0.175 0.723 0.678
91.200 3 0.431 0.172 0.717 0.681
91.240 3 0.439 0.172 0.725 0.681
91.280 3 0.431 0.172 0.716 0.681
91.320 3 0.442 0.192 0.723 0.689
91.360 3 0.433 0.197 0.714 0.697
91.400 3 0.430 0.222 0.722 0.742
91.440 3 0.431 0.233 0.722 0.747
91.480 3 0.433 0.225 0.723 0.744
91.520 3 0.436 0.219 0.725 0.733
91.560 3 0.436 0.222 0.723 0.733
91.600 3 0.436 0.233 0.722 0.742
91.640 3 0.441 0.258 0.723 0.761
91.680 3 0.438 0.278 0.719 0.778
91.720 3 0.445 0.278 0.723 0.775
91.760 3 0.442 0.261 0.720 0.758
91.800 3 0.445 0.244 0.722 0.736
91.840 3 0.442 0.225 0.720 0.719
91.880 3 0.441 0.203 0.725 0.708
91.920 3 0.441 0.183 0.730 0.697
91.960 3 0.434 0.175 0.733 0.706
92.000 3 0.438 0.206 0.728 0.722
92.040 3 0.445 0.228 0.723 0.722
92.080 3 0.448 0.244 0.719 0.722
92.120 3 0.448 0.242 0.717 0.717
92.160 3 0.447 0.225 0.720 0.711
92.200 3 0.444 0.217 0.717 0.700
92.240 3 0.452 0.217 0.725 0.703
92.280 3 0.445 0.222 0.713 0.697
92.320 3 0.453 0.228 0.719 0.700
92.360 3 0.447 0.228 0.711 0.697
92.400 3 0.444 0.225 0.711 0.697
92.440 3 0.452 0.225 0.719 0.700
92.480 3 0.442 0.222 0.711 0.700
92.520 3 0.453 0.225 0.719 0.697
92.560 3 0.445 0.219 0.713 0.692
92.600 3 0.450 0.211 0.720 0.692
92.640 3 0.445 0.211 0.716 0.689
92.680 3 0.455 0.208 0.727 0.692
92.720 3 0.448 0.211 0.717 0.686
92.760 3 0.448 0.208 0.719 0.689
92.800 3 0.456 0.194 0.723 0.667
92.840 3 0.455 0.172 0.720 0.644
92.880 3 0.461 0.161 0.727 0.633
92.920 3 0.458 0.156 0.719 0.617
92.960 3 0.463 0.156 0.725 0.619
93.000 3 0.472 0.172 0.714 0.600
93.040 3 0.463 0.147 0.736 0.633
93.080 3 0.458 0.164 0.733 0.650
93.120 3 0.453 0.175 0.731 0.669
93.160 3 0.450 0.197 0.730 0.694
93.200 3 0.448 0.214 0.728 0.711
93.240 3 0.439 0.228 0.717 0.722
93.280 3 0.452 0.225 0.727 0.714
93.320 3 0.448 0.214 0.725 0.703
93.360 3 0.455 0.203 0.731 0.694
93.400 3 0.459 0.192 0.733 0.678
93.440 3 0.461 0.183 0.730 0.661
93.480 3 0.467 0.172 0.736 0.650
93.520 3 0.467 0.164 0.734 0.642
93.560 3 0.469 0.161 0.736 0.636
93.600 3 0.473 0.169 0.731 0.628
93.640 3 0.472 0.164 0.736 0.631
93.680 3 0.472 0.161 0.734 0.628
93.720 3 0.470 0.158 0.731 0.622
93.760 3 0.473 0.158 0.739 0.631
93.800 3 0.466 0.153 0.731 0.628
93.840 3 0.475 0.153 0.738 0.622
93.880 3 0.470 0.156 0.734 0.625
93.920 3 0.475 0.164 0.738 0.631
93.960 3 0.473 0.172 0.738 0.642
94.000 3 0.470 0.147 0.759 0.664
94.040 3 0.483 0.169 0.748 0.644
94.080 3 0.481 0.164 0.752 0.644
94.120 3 0.480 0.178 0.750 0.661
94.160 3 0.477 0.189 0.748 0.672
94.200 3 0.480 0.192 0.755 0.681
94.240 3 0.475 0.186 0.753 0.681
94.280 3 0.480 0.186 0.756 0.681
94.320 3 0.469 0.181 0.745 0.675
94.360 3 0.481 0.186 0.758 0.681
94.400 3 0.473 0.186 0.752 0.681
94.440 3 0.477 0.192 0.755 0.689
94.480 3 0.473 0.203 0.753 0.700
94.520 3 0.473 0.217 0.748 0.706
94.560 3 0.481 0.214 0.755 0.697
94.600 3 0.475 0.200 0.748 0.686
94.640 3 0.484 0.192 0.759 0.683
94.680 3 0.478 0.189 0.758 0.689
94.720 3 0.480 0.189 0.759 0.689
94.760 3 0.477 0.186 0.758 0.689
94.800 3 0.473 0.186 0.756 0.692
94.840 3 0.481 0.186 0.764 0.689
94.880 3 0.473 0.183 0.758 0.692
94.920 3 0.481 0.181 0.767 0.692
94.960 3 0.473 0.181 0.759 0.689
95.000 3 0.498 0.219 0.741 0.650
95.040 3 0.494 0.219 0.736 0.650
95.080 3 0.497 0.219 0.739 0.650
95.120 3 0.500 0.222 0.744 0.656
95.160 3 0.494 0.219 0.741 0.658
95.200 3 0.500 0.222 0.742 0.653
95.240 3 0.495 0.222 0.736 0.653
95.280 3 0.498 0.219 0.745 0.658
95.320 3 0.492 0.206 0.739 0.644
95.360 3 0.497 0.183 0.744 0.625
95.400 3 0.491 0.172 0.739 0.614
95.440 3 0.502 0.172 0.750 0.614
95.480 3 0.497 0.189 0.744 0.628
95.520 3 0.497 0.211 0.744 0.650
95.560 3 0.498 0.222 0.739 0.650
95.600 3 0.500 0.231 0.741 0.656
95.640 3 0.502 0.236 0.742 0.664
95.680 3 0.503 0.244 0.742 0.672
95.720 3 0.498 0.244 0.739 0.672
95.760 3 0.497 0.231 0.739 0.661
95.800 3 0.503 0.222 0.745 0.656
95.840 3 0.498 0.219 0.742 0.653
95.880 3 0.502 0.219 0.744 0.650
95.920 3 0.500 0.222 0.741 0.647
95.960 3 0.505 0.222 0.745 0.647
96.000 3 0.498 0.219 0.741 0.650
96.040 3 0.505 0.219 0.747 0.650
96.080 3 0.491 0.217 0.738 0.653
96.120 3 0.503 0.217 0.753 0.661
96.160 3 0.489 0.214 0.739 0.656
96.200 3 0.502 0.217 0.753 0.664
96.240 3 0.497 0.208 0.744 0.647
96.280 3 0.498 0.203 0.742 0.639
96.320 3 0.503 0.197 0.748 0.633
96.360 3 0.498 0.194 0.742 0.625
96.400 3 0.505 0.186 0.748 0.619
96.440 3 0.503 0.167 0.748 0.603
96.480 3 0.500 0.131 0.747 0.569
96.680 3 0.516 0.119 0.745 0.528
96.720 3 0.514 0.150 0.742 0.558
96.760 3 0.512 0.194 0.739 0.594
96.800 3 0.511 0.225 0.736 0.625
96.840 3 0.514 0.258 0.738 0.656
96.880 3 0.505 0.261 0.733 0.667
96.920 3 0.495 0.250 0.728 0.661
96.960 3 0.498 0.228 0.741 0.658
97.000 3 0.498 0.219 0.741 0.650
97.040 3 0.498 0.217 0.741 0.647
97.080 3 0.503 0.206 0.748 0.642
97.120 3 0.491 0.194 0.738 0.633
97.160 3 0.498 0.192 0.745 0.631
97.200 3 0.480 0.186 0.736 0.642
97.240 3 0.491 0.189 0.742 0.636
97.280 3 0.480 0.186 0.730 0.631
111.400 4 0.384 0.117 0.456 0.244
111.440 4 0.386 0.117 0.458 0.244
111.480 4 0.388 0.117 0.459 0.244
111.520 4 0.384 0.117 0.456 0.244
111.560 4 0.386 0.117 0.458 0.244
111.600 4 0.384 0.117 0.456 0.244
111.640 4 0.386 0.117 0.458 0.244
111.680 4 0.386 0.117 0.458 0.244
111.720 4 0.389 0.117 0.461 0.244
111.760 4 0.388 0.117 0.459 0.244
111.800 4 0.389 0.117 0.461 0.244
111.840 4 0.388 0.117 0.458 0.244
111.880 4 0.388 0.117 0.458 0.244
111.920 4 0.388 0.117 0.458 0.244
111.960 4 0.388 0.117 0.459 0.244
112.000 4 0.388 0.119 0.458 0.244
112.040 4 0.389 0.119 0.458 0.244
112.080 4 0.389 0.119 0.459 0.244
112.120 4 0.389 0.122 0.459 0.244
112.160 4 0.391 0.122 0.459 0.244
112.200 4 0.391 0.122 0.459 0.244
112.240 4 0.391 0.125 0.459 0.244
112.280 4 0.391 0.125 0.459 0.247
112.320 4 0.394 0.128 0.459 0.247
112.360 4 0.391 0.125 0.458 0.247
112.400 4 0.392 0.125 0.459 0.247
112.440 4 0.391 0.128 0.458 0.247
112.480 4 0.392 0.128 0.459 0.244
112.520 4 0.392 0.125 0.459 0.244
112.560 4 0.394 0.125 0.461 0.244
112.600 4 0.392 0.128 0.458 0.244
112.640 4 0.394 0.128 0.459 0.244
112.680 4 0.391 0.128 0.458 0.247
112.720 4 0.394 0.131 0.461 0.247
112.760 4 0.392 0.131 0.458 0.247
112.800 4 0.392 0.128 0.458 0.247
112.840 4 0.386 0.131 0.455 0.253
112.880 4 0.386 0.131 0.453 0.253
112.920 4 0.383 0.136 0.450 0.256
112.960 4 0.380 0.136 0.448 0.258
113.000 4 0.378 0.139 0.445 0.258
113.040 4 0.378 0.139 0.445 0.258
113.080 4 0.380 0.139 0.448 0.261
113.120 4 0.380 0.136 0.447 0.258
113.160 4 0.383 0.133 0.452 0.253
113.200 4 0.383 0.131 0.452 0.253
113.240 4 0.386 0.128 0.453 0.250
113.280 4 0.388 0.128 0.456 0.247
111.400 5 0.752 0.053 0.833 0.197
111.440 5 0.752 0.053 0.833 0.197
111.480 5 0.755 0.056 0.834 0.197
111.520 5 0.752 0.056 0.833 0.197
111.560 5 0.755 0.056 0.834 0.197
111.600 5 0.752 0.056 0.833 0.197
111.640 5 0.753 0.056 0.833 0.197
111.680 5 0.752 0.056 0.833 0.200
111.720 5 0.752 0.056 0.833 0.200
111.760 5 0.753 0.058 0.833 0.200
111.800 5 0.750 0.056 0.831 0.200
111.840 5 0.750 0.056 0.831 0.200
111.880 5 0.750 0.056 0.831 0.200
111.920 5 0.750 0.056 0.831 0.200
111.960 5 0.750 0.056 0.831 0.200
112.000 5 0.750 0.056 0.831 0.200
112.040 5 0.752 0.056 0.833 0.200
112.080 5 0.748 0.056 0.830 0.200
112.120 5 0.752 0.056 0.831 0.197
112.160 5 0.748 0.056 0.828 0.200
112.200 5 0.753 0.056 0.833 0.200
112.240 5 0.748 0.056 0.828 0.194
112.280 5 0.753 0.058 0.831 0.197
112.320 5 0.752 0.058 0.828 0.194
112.360 5 0.750 0.056 0.831 0.200
112.400 5 0.750 0.056 0.831 0.200
112.440 5 0.750 0.056 0.831 0.200
112.480 5 0.750 0.056 0.831 0.200
112.520 5 0.750 0.056 0.831 0.200
112.560 5 0.750 0.056 0.831 0.200
112.600 5 0.750 0.056 0.831 0.200
112.640 5 0.750 0.056 0.831 0.200
112.680 5 0.750 0.056 0.831 0.200
112.720 5 0.750 0.056 0.831 0.200
112.760 5 0.750 0.056 0.831 0.200
112.800 5 0.750 0.056 0.831 0.200
112.840 5 0.750 0.056 0.831 0.200
112.880 5 0.750 0.056 0.831 0.200
112.920 5 0.750 0.056 0.831 0.200
112.960 5 0.750 0.056 0.831 0.200
113.000 5 0.750 0.056 0.831 0.200
113.040 5 0.750 0.056 0.831 0.200
113.080 5 0.750 0.056 0.831 0.200
113.120 5 0.750 0.056 0.831 0.200
113.160 5 0.750 0.056 0.831 0.200
113.200 5 0.750 0.056 0.831 0.200
113.240 5 0.750 0.056 0.831 0.200
113.280 5 0.750 0.056 0.831 0.200
113.320 5 0.750 0.056 0.831 0.200
113.360 5 0.750 0.056 0.831 0.200
113.400 5 0.750 0.056 0.831 0.200
113.440 5 0.750 0.056 0.831 0.200
113.480 5 0.750 0.056 0.831 0.200
113.520 5 0.750 0.056 0.831 0.200
113.560 5 0.750 0.056 0.831 0.200
113.600 5 0.750 0.056 0.831 0.200
113.640 5 0.750 0.056 0.831 0.200
113.680 5 0.750 0.056 0.831 0.200
113.720 5 0.750 0.056 0.831 0.200
113.760 5 0.750 0.056 0.831 0.200
113.800 5 0.750 0.056 0.831 0.200
113.840 5 0.750 0.056 0.831 0.200
113.880 5 0.750 0.056 0.831 0.200
113.920 5 0.750 0.056 0.831 0.200
113.960 5 0.750 0.056 0.831 0.200
114.000 5 0.750 0.056 0.831 0.200
114.040 5 0.750 0.056 0.831 0.200
114.080 5 0.750 0.056 0.831 0.200
114.120 5 0.750 0.056 0.831 0.200
114.160 5 0.750 0.056 0.831 0.200
114.200 5 0.750 0.056 0.831 0.200
114.240 5 0.750 0.056 0.831 0.200
114.280 5 0.750 0.056 0.831 0.200
114.320 5 0.752 0.056 0.833 0.200
114.360 5 0.750 0.056 0.831 0.200
114.400 5 0.752 0.056 0.833 0.200
114.440 5 0.748 0.056 0.830 0.200
114.480 5 0.752 0.058 0.831 0.200
114.520 5 0.750 0.056 0.831 0.200
114.560 5 0.750 0.056 0.831 0.200
114.600 5 0.750 0.056 0.831 0.200
114.640 5 0.750 0.056 0.831 0.200
114.680 5 0.750 0.056 0.831 0.200
114.720 5 0.750 0.056 0.831 0.200
114.760 5 0.750 0.056 0.831 0.200
114.800 5 0.750 0.056 0.831 0.200
114.840 5 0.750 0.056 0.831 0.200
114.880 5 0.748 0.056 0.830 0.200
114.920 5 0.750 0.056 0.831 0.200
114.960 5 0.750 0.056 0.831 0.200
115.000 5 0.750 0.056 0.831 0.200
115.040 5 0.750 0.056 0.831 0.200
115.080 5 0.750 0.056 0.831 0.200
115.120 5 0.750 0.056 0.831 0.200
115.160 5 0.750 0.056 0.831 0.200
115.200 5 0.750 0.056 0.831 0.200
115.240 5 0.750 0.056 0.831 0.200
115.280 5 0.750 0.056 0.831 0.200
115.320 5 0.750 0.056 0.831 0.200
115.360 5 0.752 0.056 0.833 0.200
115.400 5 0.748 0.056 0.830 0.200
115.440 5 0.752 0.058 0.831 0.200
115.480 5 0.750 0.056 0.831 0.200
115.520 5 0.752 0.053 0.833 0.200
115.560 5 0.747 0.053 0.830 0.197
115.600 5 0.750 0.053 0.833 0.197
115.640 5 0.750 0.050 0.831 0.194
115.680 5 0.753 0.050 0.834 0.194
115.720 5 0.752 0.050 0.834 0.194
115.760 5 0.756 0.050 0.838 0.194
115.800 5 0.758 0.053 0.839 0.194
115.840 5 0.764 0.053 0.845 0.197
115.880 5 0.769 0.056 0.848 0.200
116.960 6 0.569 0.197 0.869 0.731
117.000 6 0.567 0.206 0.856 0.722
117.040 6 0.573 0.244 0.842 0.722
117.080 6 0.580 0.244 0.848 0.722
117.120 6 0.573 0.244 0.841 0.722
117.160 6 0.577 0.244 0.844 0.722
117.200 6 0.572 0.244 0.841 0.725
117.240 6 0.577 0.247 0.844 0.722
117.280 6 0.577 0.247 0.844 0.722
117.320 6 0.577 0.247 0.844 0.725
117.360 6 0.577 0.247 0.844 0.725
117.400 6 0.577 0.247 0.844 0.725
117.440 6 0.577 0.247 0.845 0.728
117.480 6 0.578 0.247 0.848 0.731
117.520 6 0.572 0.242 0.848 0.736
117.560 6 0.580 0.242 0.858 0.736
117.600 6 0.577 0.239 0.852 0.731
117.640 6 0.586 0.236 0.859 0.725
117.680 6 0.584 0.236 0.858 0.725
117.720 6 0.597 0.242 0.872 0.733
117.760 6 0.602 0.250 0.877 0.742
117.800 6 0.613 0.250 0.887 0.742
117.840 6 0.625 0.233 0.894 0.711
117.880 6 0.628 0.228 0.897 0.706
117.920 6 0.642 0.233 0.902 0.697
117.960 6 0.642 0.233 0.903 0.697
118.000 6 0.659 0.267 0.902 0.697
118.040 6 0.664 0.250 0.898 0.667
118.080 6 0.659 0.236 0.895 0.656
118.120 6 0.650 0.225 0.889 0.653
118.160 6 0.647 0.231 0.886 0.656
118.200 6 0.645 0.239 0.881 0.661
118.240 6 0.634 0.239 0.872 0.661
118.280 6 0.634 0.231 0.870 0.650
118.320 6 0.634 0.225 0.867 0.642
118.360 6 0.631 0.222 0.867 0.642
118.400 6 0.627 0.228 0.866 0.653
118.440 6 0.619 0.233 0.859 0.661
118.480 6 0.608 0.233 0.848 0.661
118.520 6 0.616 0.231 0.859 0.664
118.560 6 0.606 0.222 0.850 0.656
118.600 6 0.614 0.219 0.863 0.661
118.640 6 0.605 0.219 0.852 0.658
118.680 6 0.609 0.228 0.850 0.658
118.720 6 0.603 0.228 0.847 0.661
118.760 6 0.603 0.228 0.845 0.658
118.800 6 0.606 0.231 0.847 0.658
118.840 6 0.606 0.231 0.847 0.658
118.880 6 0.606 0.228 0.852 0.661
118.920 6 0.606 0.231 0.847 0.658
118.960 6 0.603 0.228 0.845 0.661
119.000 6 0.606 0.219 0.848 0.650
119.040 6 0.609 0.211 0.848 0.633
119.080 6 0.606 0.208 0.838 0.619
119.120 6 0.609 0.206 0.839 0.611
119.160 6 0.605 0.203 0.836 0.611
119.200 6 0.613 0.211 0.841 0.617
119.240 6 0.609 0.217 0.839 0.625
119.280 6 0.608 0.222 0.836 0.628
119.320 6 0.606 0.228 0.834 0.633
119.360 6 0.605 0.225 0.834 0.633
119.400 6 0.611 0.211 0.842 0.622
119.440 6 0.617 0.206 0.847 0.614
119.480 6 0.609 0.197 0.839 0.606
119.520 6 0.611 0.203 0.841 0.611
119.560 6 0.608 0.219 0.838 0.625
119.600 6 0.620 0.228 0.848 0.636
119.640 6 0.619 0.222 0.850 0.631
119.680 6 0.620 0.211 0.853 0.625
119.720 6 0.619 0.208 0.853 0.628
119.760 6 0.616 0.219 0.852 0.639
119.800 6 0.614 0.242 0.852 0.664
119.840 6 0.608 0.275 0.847 0.700
119.880 6 0.600 0.281 0.845 0.717
119.920 6 0.608 0.272 0.848 0.703
119.960 6 0.609 0.244 0.852 0.672
120.000 6 0.606 0.219 0.848 0.650
120.040 6 0.609 0.219 0.847 0.642
120.080 6 0.613 0.219 0.852 0.644
120.120 6 0.608 0.222 0.844 0.642
120.160 6 0.598 0.233 0.836 0.656
120.200 6 0.602 0.256 0.839 0.678
120.240 6 0.595 0.267 0.830 0.681
120.280 6 0.598 0.256 0.828 0.664
120.320 6 0.603 0.244 0.836 0.658
120.360 6 0.597 0.242 0.830 0.658
120.400 6 0.602 0.244 0.834 0.658
120.440 6 0.597 0.236 0.831 0.653
120.480 6 0.600 0.225 0.838 0.644
120.520 6 0.605 0.219 0.844 0.647
120.560 6 0.594 0.214 0.838 0.647
120.600 6 0.595 0.211 0.838 0.644
120.640 6 0.591 0.203 0.828 0.625
120.680 6 0.602 0.200 0.839 0.622
120.720 6 0.594 0.203 0.831 0.625
120.760 6 0.605 0.208 0.844 0.631
120.800 6 0.597 0.208 0.838 0.636
120.840 6 0.602 0.214 0.838 0.633
120.880 6 0.611 0.219 0.845 0.636
120.920 6 0.606 0.214 0.845 0.639
120.960 6 0.611 0.211 0.853 0.642
121.000 6 0.606 0.219 0.848 0.650
121.040 6 0.614 0.211 0.853 0.639
121.080 6 0.616 0.219 0.855 0.644
121.120 6 0.619 0.225 0.855 0.644
121.160 6 0.620 0.225 0.856 0.642
121.200 6 0.622 0.217 0.859 0.639
121.240 6 0.627 0.219 0.861 0.636
121.280 6 0.628 0.219 0.861 0.633
121.320 6 0.620 0.231 0.853 0.647
121.360 6 0.611 0.239 0.847 0.658
121.400 6 0.608 0.250 0.839 0.661
121.440 6 0.616 0.250 0.852 0.667
121.480 6 0.613 0.244 0.847 0.664
121.520 6 0.609 0.242 0.848 0.667
121.560 6 0.600 0.250 0.838 0.672
121.600 6 0.605 0.258 0.841 0.678
121.640 6 0.600 0.256 0.839 0.681
121.680 6 0.606 0.256 0.845 0.681
121.720 6 0.598 0.256 0.836 0.678
121.760 6 0.589 0.267 0.825 0.686
121.800 6 0.583 0.267 0.819 0.683
121.840 6 0.575 0.264 0.809 0.683
121.880 6 0.575 0.256 0.814 0.681
121.920 6 0.566 0.256 0.805 0.681
121.960 6 0.553 0.267 0.795 0.697
122.000 6 0.552 0.267 0.794 0.697
122.040 6 0.542 0.272 0.795 0.722
122.080 6 0.541 0.283 0.792 0.731
122.120 6 0.537 0.286 0.791 0.733
122.160 6 0.534 0.289 0.787 0.736
122.200 6 0.528 0.289 0.784 0.744
122.240 6 0.522 0.294 0.784 0.758
122.280 6 0.516 0.294 0.777 0.758
122.320 6 0.525 0.286 0.786 0.753
122.360 6 0.534 0.269 0.794 0.728
122.400 6 0.544 0.258 0.802 0.717
122.440 6 0.547 0.236 0.805 0.692
122.480 6 0.559 0.228 0.814 0.681
122.520 6 0.573 0.222 0.828 0.672
122.560 6 0.584 0.197 0.841 0.650
122.600 6 0.602 0.172 0.858 0.625
122.640 6 0.614 0.158 0.867 0.608
122.680 6 0.617 0.150 0.872 0.600
122.720 6 0.622 0.156 0.872 0.603
122.760 6 0.622 0.169 0.872 0.614
122.800 6 0.630 0.169 0.880 0.611
122.840 6 0.633 0.156 0.886 0.603
122.880 6 0.644 0.156 0.892 0.597
122.920 6 0.637 0.161 0.878 0.586
122.960 6 0.639 0.172 0.875 0.592
123.000 6 0.633 0.172 0.875 0.600
123.040 6 0.630 0.169 0.872 0.597
123.080 6 0.628 0.169 0.870 0.597
123.120 6 0.623 0.181 0.858 0.592
123.160 6 0.619 0.189 0.850 0.600
123.200 6 0.614 0.200 0.842 0.603
123.240 6 0.616 0.206 0.842 0.606
123.280 6 0.609 0.208 0.833 0.600
123.320 6 0.603 0.214 0.827 0.608
123.360 6 0.600 0.225 0.819 0.611
123.400 6 0.594 0.231 0.811 0.614
123.440 6 0.591 0.250 0.809 0.636
123.480 6 0.584 0.264 0.802 0.647
123.520 6 0.573 0.272 0.795 0.667
123.560 6 0.562 0.283 0.783 0.675
123.600 6 0.550 0.281 0.770 0.672
123.640 6 0.544 0.303 0.762 0.692
123.680 6 0.533 0.319 0.750 0.703
123.720 6 0.522 0.331 0.736 0.711
123.760 6 0.509 0.344 0.723 0.722
123.360 7 0.673 0.247 0.889 0.628
123.400 7 0.662 0.253 0.878 0.633
123.440 7 0.655 0.264 0.870 0.647
123.480 7 0.650 0.283 0.870 0.672
123.520 7 0.642 0.292 0.863 0.681
123.560 7 0.634 0.294 0.856 0.686
123.600 7 0.620 0.289 0.845 0.686
123.640 7 0.606 0.300 0.834 0.703
123.680 7 0.597 0.311 0.828 0.719
123.720 7 0.584 0.325 0.816 0.733
123.760 7 0.577 0.339 0.806 0.744
123.800 7 0.564 0.353 0.794 0.758
123.840 7 0.559 0.369 0.784 0.769
123.880 7 0.553 0.378 0.786 0.789
123.920 7 0.547 0.403 0.777 0.808
123.960 7 0.539 0.411 0.769 0.817
124.000 7 0.525 0.411 0.767 0.839
124.040 7 0.512 0.408 0.762 0.850
124.080 7 0.522 0.417 0.764 0.844
124.120 7 0.523 0.417 0.764 0.842
124.160 7 0.527 0.408 0.778 0.853
124.200 7 0.527 0.411 0.772 0.842
124.240 7 0.534 0.417 0.780 0.847
124.280 7 0.542 0.406 0.789 0.842
124.320 7 0.541 0.400 0.786 0.836
124.360 7 0.550 0.392 0.792 0.819
124.400 7 0.555 0.381 0.800 0.817
124.440 7 0.556 0.372 0.803 0.808
124.480 7 0.558 0.358 0.806 0.797
124.520 7 0.559 0.347 0.809 0.789
124.560 7 0.555 0.339 0.805 0.781
124.600 7 0.561 0.331 0.812 0.775
124.640 7 0.558 0.328 0.808 0.769
124.680 7 0.564 0.319 0.817 0.764
124.720 7 0.559 0.311 0.814 0.758
124.760 7 0.569 0.303 0.822 0.750
124.800 7 0.566 0.297 0.817 0.742
124.840 7 0.573 0.289 0.825 0.731
124.880 7 0.562 0.281 0.812 0.719
