5.840 0 0.219 0.097 0.633 0.831
5.880 0 0.205 0.092 0.622 0.831
5.920 0 0.208 0.100 0.623 0.839
5.960 0 0.222 0.128 0.630 0.850
6.000 0 0.212 0.133 0.631 0.875
6.040 0 0.198 0.125 0.636 0.900
6.080 0 0.202 0.153 0.630 0.911
6.120 0 0.217 0.147 0.661 0.933
6.160 0 0.216 0.153 0.630 0.886
6.200 0 0.214 0.139 0.628 0.872
6.240 0 0.223 0.133 0.630 0.850
6.280 0 0.208 0.108 0.620 0.839
6.320 0 0.205 0.097 0.619 0.831
6.360 0 0.205 0.094 0.619 0.828
6.400 0 0.203 0.097 0.619 0.833
6.440 0 0.205 0.106 0.622 0.844
6.480 0 0.194 0.106 0.623 0.867
6.520 0 0.197 0.139 0.619 0.889
6.560 0 0.200 0.167 0.613 0.897
6.600 0 0.208 0.172 0.619 0.900
6.640 0 0.212 0.139 0.623 0.867
6.680 0 0.211 0.072 0.616 0.789
6.720 0 0.184 -0.006 0.597 0.722
6.760 0 0.169 -0.133 0.584 0.606
23.360 1 0.094 0.728 0.150 0.828
23.400 1 0.095 0.728 0.152 0.828
23.440 1 0.095 0.728 0.152 0.828
23.480 1 0.097 0.728 0.150 0.822
23.520 1 0.097 0.731 0.152 0.825
23.560 1 0.094 0.728 0.148 0.825
23.600 1 0.095 0.725 0.155 0.831
23.640 1 0.095 0.728 0.152 0.828
23.680 1 0.095 0.728 0.152 0.828
23.720 1 0.095 0.728 0.152 0.828
23.760 1 0.095 0.728 0.152 0.828
23.800 1 0.095 0.728 0.152 0.828
23.840 1 0.095 0.728 0.152 0.828
23.880 1 0.095 0.728 0.152 0.828
23.920 1 0.095 0.728 0.152 0.828
23.960 1 0.095 0.728 0.152 0.828
24.000 1 0.095 0.728 0.152 0.828
24.040 1 0.095 0.725 0.153 0.831
24.080 1 0.094 0.728 0.152 0.828
24.120 1 0.095 0.728 0.152 0.828
24.160 1 0.095 0.725 0.153 0.831
24.200 1 0.094 0.725 0.152 0.828
24.240 1 0.095 0.728 0.152 0.828
24.280 1 0.095 0.728 0.152 0.828
24.320 1 0.095 0.728 0.152 0.828
24.360 1 0.095 0.728 0.152 0.828
24.400 1 0.095 0.728 0.152 0.828
24.440 1 0.094 0.728 0.152 0.828
24.480 1 0.094 0.728 0.148 0.828
24.520 1 0.095 0.728 0.153 0.831
24.560 1 0.094 0.728 0.148 0.828
24.600 1 0.095 0.728 0.152 0.828
24.640 1 0.094 0.728 0.152 0.831
24.680 1 0.092 0.728 0.150 0.828
24.720 1 0.094 0.728 0.152 0.831
24.760 1 0.094 0.728 0.152 0.831
24.800 1 0.092 0.728 0.148 0.828
24.840 1 0.095 0.728 0.153 0.831
24.880 1 0.092 0.728 0.148 0.828
24.920 1 0.094 0.728 0.152 0.831
24.960 1 0.092 0.725 0.152 0.831
25.000 1 0.092 0.728 0.148 0.828
25.040 1 0.095 0.728 0.152 0.828
25.080 1 0.094 0.728 0.148 0.825
25.120 1 0.095 0.731 0.148 0.825
25.160 1 0.095 0.728 0.152 0.828
25.200 1 0.092 0.728 0.148 0.828
25.240 1 0.094 0.728 0.152 0.831
25.280 1 0.092 0.725 0.152 0.831
25.320 1 0.092 0.728 0.148 0.828
25.360 1 0.095 0.728 0.152 0.828
25.400 1 0.094 0.728 0.148 0.825
25.440 1 0.095 0.731 0.148 0.825
25.480 1 0.095 0.731 0.148 0.825
25.520 1 0.095 0.731 0.148 0.825
25.560 1 0.095 0.731 0.148 0.825
25.600 1 0.095 0.731 0.148 0.825
25.640 1 0.095 0.731 0.148 0.825
25.680 1 0.095 0.731 0.148 0.825
25.720 1 0.095 0.731 0.148 0.825
25.760 1 0.095 0.731 0.148 0.825
25.800 1 0.095 0.731 0.148 0.825
25.840 1 0.095 0.731 0.148 0.825
25.880 1 0.095 0.731 0.148 0.825
25.920 1 0.095 0.731 0.148 0.825
25.960 1 0.095 0.731 0.148 0.825
26.000 1 0.095 0.731 0.148 0.825
26.040 1 0.095 0.731 0.148 0.825
26.080 1 0.095 0.731 0.148 0.825
26.120 1 0.095 0.731 0.148 0.825
26.160 1 0.095 0.731 0.148 0.825
26.200 1 0.095 0.731 0.148 0.825
26.240 1 0.095 0.731 0.148 0.825
26.280 1 0.095 0.731 0.148 0.825
26.320 1 0.095 0.731 0.148 0.825
26.360 1 0.095 0.731 0.148 0.825
26.400 1 0.095 0.731 0.148 0.825
26.440 1 0.095 0.731 0.148 0.825
26.480 1 0.095 0.731 0.148 0.825
26.520 1 0.095 0.731 0.148 0.825
26.560 1 0.095 0.731 0.148 0.825
26.600 1 0.095 0.731 0.148 0.825
26.640 1 0.095 0.731 0.148 0.825
26.680 1 0.095 0.731 0.148 0.825
26.720 1 0.095 0.731 0.148 0.825
26.760 1 0.095 0.731 0.148 0.825
26.800 1 0.095 0.731 0.148 0.825
26.840 1 0.095 0.733 0.145 0.822
26.880 1 0.097 0.731 0.148 0.822
27.560 1 0.084 0.731 0.166 0.872
27.600 1 0.084 0.728 0.166 0.872
27.640 1 0.083 0.728 0.164 0.875
27.680 1 0.084 0.728 0.166 0.872
27.720 1 0.084 0.728 0.166 0.872
27.760 1 0.084 0.728 0.166 0.872
27.800 1 0.084 0.728 0.166 0.872
27.840 1 0.084 0.728 0.166 0.872
27.880 1 0.084 0.728 0.166 0.872
27.920 1 0.084 0.728 0.166 0.872
27.960 1 0.084 0.728 0.166 0.872
28.000 1 0.084 0.728 0.166 0.872
28.040 1 0.084 0.728 0.166 0.872
28.080 1 0.084 0.731 0.166 0.872
28.120 1 0.084 0.728 0.166 0.872
28.160 1 0.084 0.728 0.166 0.872
28.200 1 0.084 0.731 0.166 0.872
28.240 1 0.084 0.731 0.166 0.872
28.280 1 0.084 0.731 0.166 0.872
28.320 1 0.084 0.731 0.166 0.872
28.360 1 0.084 0.731 0.166 0.872
28.400 1 0.084 0.731 0.166 0.872
28.440 1 0.084 0.731 0.166 0.872
28.480 1 0.084 0.731 0.166 0.872
28.520 1 0.086 0.728 0.169 0.875
28.560 1 0.084 0.731 0.166 0.872
28.600 1 0.086 0.728 0.169 0.875
28.640 1 0.084 0.731 0.166 0.872
28.680 1 0.086 0.728 0.169 0.875
28.720 1 0.084 0.731 0.166 0.872
28.760 1 0.086 0.728 0.167 0.875
28.800 1 0.084 0.731 0.166 0.875
28.840 1 0.084 0.731 0.166 0.875
28.880 1 0.084 0.731 0.166 0.875
28.920 1 0.084 0.728 0.166 0.875
28.960 1 0.084 0.728 0.166 0.872
29.000 1 0.084 0.728 0.166 0.875
29.040 1 0.084 0.728 0.166 0.875
29.080 1 0.084 0.728 0.166 0.875
29.120 1 0.084 0.728 0.166 0.875
29.160 1 0.081 0.725 0.166 0.875
29.200 1 0.084 0.728 0.169 0.875
29.240 1 0.083 0.728 0.166 0.875
29.280 1 0.083 0.728 0.169 0.878
29.320 1 0.081 0.728 0.164 0.875
29.360 1 0.086 0.728 0.169 0.878
29.400 1 0.081 0.728 0.164 0.875
29.440 1 0.084 0.725 0.169 0.878
29.480 1 0.078 0.722 0.166 0.875
29.520 1 0.084 0.728 0.169 0.875
29.560 1 0.081 0.728 0.164 0.875
29.600 1 0.084 0.728 0.166 0.872
29.640 1 0.084 0.728 0.169 0.875
29.680 1 0.084 0.728 0.166 0.875
29.720 1 0.084 0.728 0.169 0.875
29.760 1 0.083 0.728 0.166 0.875
29.800 1 0.084 0.728 0.169 0.875
29.840 1 0.083 0.728 0.166 0.875
29.880 1 0.081 0.728 0.164 0.875
29.920 1 0.084 0.728 0.166 0.872
29.960 1 0.081 0.728 0.164 0.872
30.000 1 0.084 0.728 0.166 0.872
30.040 1 0.081 0.728 0.164 0.872
30.080 1 0.084 0.728 0.166 0.872
30.120 1 0.081 0.728 0.164 0.875
30.160 1 0.084 0.728 0.166 0.872
30.200 1 0.084 0.728 0.166 0.872
30.240 1 0.084 0.728 0.166 0.872
30.280 1 0.084 0.728 0.166 0.872
30.320 1 0.084 0.728 0.166 0.872
30.360 1 0.084 0.728 0.166 0.872
30.400 1 0.084 0.728 0.166 0.872
30.440 1 0.084 0.728 0.166 0.872
30.480 1 0.084 0.728 0.166 0.872
30.520 1 0.084 0.728 0.166 0.872
30.560 1 0.084 0.728 0.166 0.872
30.600 1 0.084 0.728 0.166 0.872
30.640 1 0.084 0.728 0.166 0.872
30.680 1 0.084 0.728 0.166 0.872
30.720 1 0.084 0.728 0.166 0.872
30.760 1 0.084 0.728 0.166 0.872
30.800 1 0.084 0.728 0.166 0.872
30.840 1 0.084 0.728 0.166 0.872
30.880 1 0.084 0.728 0.166 0.872
30.920 1 0.084 0.728 0.166 0.872
30.960 1 0.084 0.728 0.166 0.872
31.000 1 0.084 0.728 0.166 0.872
31.040 1 0.084 0.728 0.166 0.872
31.080 1 0.084 0.728 0.166 0.872
31.120 1 0.084 0.728 0.166 0.872
31.160 1 0.084 0.728 0.166 0.872
31.200 1 0.084 0.728 0.166 0.872
31.240 1 0.084 0.728 0.166 0.872
31.280 1 0.084 0.728 0.166 0.872
31.320 1 0.084 0.728 0.166 0.872
31.360 1 0.084 0.728 0.166 0.872
31.400 1 0.084 0.728 0.166 0.872
31.440 1 0.084 0.728 0.166 0.872
31.480 1 0.084 0.728 0.166 0.872
31.520 1 0.084 0.728 0.166 0.872
31.560 1 0.084 0.728 0.166 0.872
31.600 1 0.084 0.728 0.166 0.872
31.640 1 0.084 0.728 0.166 0.872
31.680 1 0.084 0.728 0.166 0.872
31.720 1 0.084 0.728 0.166 0.872
31.760 1 0.084 0.728 0.166 0.872
31.800 1 0.084 0.728 0.166 0.872
31.840 1 0.084 0.728 0.166 0.872
31.880 1 0.084 0.728 0.166 0.872
31.920 1 0.084 0.728 0.166 0.872
31.960 1 0.084 0.728 0.166 0.872
32.000 1 0.084 0.728 0.166 0.872
32.040 1 0.084 0.728 0.166 0.872
32.080 1 0.084 0.728 0.166 0.872
32.120 1 0.084 0.728 0.166 0.872
32.160 1 0.084 0.728 0.166 0.872
32.200 1 0.084 0.728 0.166 0.872
32.240 1 0.084 0.728 0.166 0.872
32.280 1 0.084 0.728 0.166 0.872
32.320 1 0.084 0.728 0.166 0.872
32.360 1 0.087 0.736 0.161 0.864
32.400 1 0.091 0.736 0.164 0.867
32.440 1 0.084 0.731 0.161 0.867
32.480 1 0.084 0.728 0.166 0.872
32.520 1 0.087 0.733 0.161 0.864
32.560 1 0.091 0.736 0.164 0.867
32.600 1 0.084 0.731 0.161 0.867
32.640 1 0.084 0.728 0.166 0.872
32.680 1 0.084 0.728 0.166 0.872
32.720 1 0.084 0.728 0.166 0.872
32.760 1 0.084 0.728 0.166 0.872
32.800 1 0.084 0.728 0.166 0.872
32.840 1 0.084 0.728 0.166 0.872
32.880 1 0.084 0.728 0.166 0.872
32.920 1 0.084 0.728 0.166 0.872
32.960 1 0.084 0.728 0.166 0.872
33.000 1 0.084 0.728 0.166 0.872
33.040 1 0.084 0.731 0.163 0.869
33.080 1 0.089 0.733 0.164 0.869
33.120 1 0.084 0.728 0.166 0.872
33.160 1 0.084 0.728 0.166 0.872
33.200 1 0.084 0.728 0.166 0.872
33.240 1 0.084 0.728 0.166 0.872
33.280 1 0.084 0.731 0.161 0.869
33.320 1 0.087 0.733 0.164 0.869
33.360 1 0.086 0.731 0.163 0.867
33.400 1 0.084 0.728 0.166 0.872
33.440 1 0.084 0.733 0.161 0.869
33.480 1 0.087 0.733 0.164 0.869
33.520 1 0.086 0.731 0.163 0.867
23.560 2 0.881 0.442 0.936 0.539
23.600 2 0.878 0.439 0.933 0.536
23.640 2 0.878 0.442 0.933 0.539
23.680 2 0.873 0.439 0.928 0.539
23.720 2 0.875 0.439 0.930 0.536
23.760 2 0.873 0.439 0.928 0.536
23.800 2 0.875 0.439 0.930 0.539
23.840 2 0.872 0.439 0.928 0.539
23.880 2 0.872 0.439 0.928 0.539
23.920 2 0.872 0.439 0.927 0.539
23.960 2 0.872 0.439 0.928 0.539
24.000 2 0.870 0.439 0.927 0.539
24.040 2 0.867 0.436 0.925 0.539
24.080 2 0.869 0.439 0.927 0.539
24.120 2 0.867 0.436 0.925 0.542
24.160 2 0.869 0.439 0.925 0.539
24.200 2 0.870 0.439 0.927 0.539
24.240 2 0.869 0.439 0.925 0.539
24.280 2 0.870 0.436 0.928 0.536
24.320 2 0.872 0.431 0.930 0.533
26.120 3 0.953 0.456 1.012 0.558
26.160 3 0.950 0.456 1.008 0.558
26.200 3 0.952 0.456 1.009 0.558
26.240 3 0.948 0.453 1.006 0.558
26.280 3 0.950 0.453 1.009 0.558
26.320 3 0.948 0.456 1.006 0.558
26.360 3 0.948 0.456 1.006 0.558
26.400 3 0.948 0.456 1.006 0.558
26.440 3 0.948 0.456 1.006 0.556
26.480 3 0.950 0.453 1.008 0.556
26.520 3 0.948 0.453 1.006 0.553
26.560 3 0.950 0.450 1.008 0.553
26.600 3 0.950 0.450 1.006 0.553
26.640 3 0.952 0.450 1.009 0.553
26.680 3 0.952 0.453 1.009 0.553
26.720 3 0.952 0.453 1.009 0.553
26.760 3 0.952 0.453 1.008 0.553
26.800 3 0.953 0.453 1.009 0.553
26.840 3 0.950 0.453 1.006 0.553
26.880 3 0.952 0.453 1.008 0.553
26.920 3 0.948 0.453 1.005 0.553
26.960 3 0.950 0.453 1.006 0.550
27.000 3 0.948 0.453 1.005 0.553
27.040 3 0.947 0.453 1.003 0.550
27.080 3 0.947 0.453 1.003 0.553
27.120 3 0.944 0.453 1.000 0.553
27.160 3 0.944 0.453 1.000 0.553
27.200 3 0.942 0.453 0.997 0.550
27.240 3 0.941 0.450 0.997 0.550
27.280 3 0.939 0.450 0.994 0.550
27.320 3 0.938 0.450 0.994 0.550
27.360 3 0.936 0.450 0.992 0.550
27.400 3 0.934 0.450 0.991 0.550
27.440 3 0.931 0.453 0.988 0.550
27.480 3 0.933 0.453 0.989 0.550
27.520 3 0.931 0.453 0.988 0.550
27.560 3 0.930 0.453 0.986 0.550
27.600 3 0.930 0.453 0.984 0.550
27.640 3 0.930 0.453 0.984 0.550
27.680 3 0.928 0.453 0.983 0.550
27.720 3 0.928 0.453 0.984 0.553
27.760 3 0.927 0.453 0.983 0.550
27.800 3 0.928 0.453 0.983 0.553
27.840 3 0.925 0.453 0.981 0.553
27.880 3 0.925 0.453 0.981 0.553
27.920 3 0.925 0.453 0.980 0.553
27.960 3 0.925 0.453 0.980 0.550
28.000 3 0.925 0.453 0.980 0.550
28.040 3 0.925 0.453 0.981 0.550
28.080 3 0.923 0.453 0.978 0.550
28.120 3 0.923 0.453 0.980 0.550
28.160 3 0.923 0.453 0.978 0.550
28.200 3 0.923 0.450 0.980 0.550
28.240 3 0.923 0.450 0.978 0.550
28.280 3 0.925 0.450 0.981 0.550
28.320 3 0.925 0.450 0.981 0.550
28.360 3 0.925 0.450 0.983 0.550
28.400 3 0.925 0.450 0.981 0.550
28.440 3 0.927 0.450 0.983 0.550
28.480 3 0.927 0.450 0.984 0.550
28.520 3 0.927 0.450 0.983 0.550
28.560 3 0.928 0.450 0.984 0.550
28.600 3 0.927 0.450 0.983 0.550
28.640 3 0.928 0.450 0.984 0.550
28.680 3 0.930 0.453 0.984 0.550
28.720 3 0.930 0.453 0.983 0.547
28.760 3 0.931 0.453 0.986 0.550
28.800 3 0.931 0.453 0.984 0.547
28.840 3 0.931 0.453 0.988 0.550
28.880 3 0.931 0.453 0.986 0.547
28.920 3 0.933 0.450 0.988 0.550
28.960 3 0.933 0.453 0.986 0.547
29.000 3 0.933 0.450 0.989 0.550
29.040 3 0.933 0.447 0.992 0.553
29.080 3 0.934 0.450 0.991 0.550
29.120 3 0.934 0.450 0.991 0.550
29.160 3 0.936 0.450 0.992 0.550
29.200 3 0.938 0.450 0.992 0.550
29.240 3 0.939 0.450 0.995 0.550
29.280 3 0.939 0.450 0.995 0.550
29.320 3 0.941 0.450 0.997 0.550
29.360 3 0.942 0.450 0.997 0.550
29.400 3 0.944 0.450 0.998 0.550
29.440 3 0.944 0.453 0.997 0.547
29.480 3 0.945 0.453 0.998 0.547
29.520 3 0.944 0.450 0.997 0.547
29.560 3 0.945 0.450 1.000 0.547
29.600 3 0.945 0.450 0.998 0.547
29.640 3 0.947 0.453 1.000 0.547
29.680 3 0.945 0.453 0.998 0.547
29.720 3 0.947 0.453 1.000 0.547
29.760 3 0.947 0.453 1.000 0.547
29.800 3 0.947 0.456 1.000 0.550
29.840 3 0.947 0.456 1.000 0.550
29.880 3 0.947 0.456 1.000 0.550
40.440 4 0.023 0.711 0.103 0.856
40.480 4 0.023 0.711 0.103 0.856
40.520 4 0.023 0.711 0.105 0.856
40.560 4 0.022 0.711 0.103 0.856
40.600 4 0.022 0.711 0.102 0.856
40.640 4 0.022 0.711 0.102 0.856
40.680 4 0.020 0.711 0.102 0.856
40.720 4 0.020 0.708 0.105 0.861
40.760 4 0.019 0.711 0.100 0.856
40.800 4 0.022 0.717 0.098 0.853
40.840 4 0.017 0.711 0.098 0.856
40.880 4 0.020 0.717 0.095 0.853
40.920 4 0.014 0.711 0.095 0.856
40.960 4 0.017 0.717 0.095 0.853
41.000 4 0.013 0.711 0.094 0.856
41.040 4 0.013 0.711 0.094 0.856
41.080 4 0.011 0.711 0.092 0.856
41.120 4 0.011 0.711 0.092 0.856
41.160 4 0.011 0.711 0.092 0.856
41.200 4 0.009 0.714 0.087 0.853
41.240 4 0.009 0.711 0.091 0.856
41.280 4 0.009 0.706 0.095 0.858
41.320 4 0.005 0.706 0.091 0.858
41.360 4 0.009 0.711 0.091 0.856
41.400 4 0.009 0.711 0.091 0.856
41.440 4 0.008 0.714 0.086 0.853
41.480 4 0.008 0.711 0.089 0.856
41.520 4 0.008 0.714 0.086 0.850
41.560 4 0.013 0.714 0.089 0.850
41.600 4 0.011 0.714 0.086 0.847
41.640 4 0.008 0.711 0.089 0.856
41.680 4 0.008 0.711 0.089 0.856
41.720 4 0.013 0.714 0.089 0.850
41.760 4 0.009 0.711 0.091 0.856
41.800 4 0.009 0.711 0.091 0.856
41.840 4 0.009 0.711 0.091 0.856
41.880 4 0.009 0.714 0.086 0.850
41.920 4 0.014 0.717 0.089 0.850
41.960 4 0.011 0.717 0.086 0.850
42.000 4 0.013 0.714 0.089 0.853
42.040 4 0.009 0.711 0.091 0.856
42.080 4 0.009 0.714 0.086 0.850
42.120 4 0.013 0.714 0.089 0.850
42.160 4 0.011 0.714 0.087 0.850
42.200 4 0.009 0.711 0.091 0.856
42.240 4 0.009 0.711 0.091 0.856
42.280 4 0.009 0.711 0.091 0.856
42.320 4 0.009 0.714 0.086 0.853
42.360 4 0.016 0.719 0.089 0.850
42.400 4 0.011 0.717 0.086 0.850
42.440 4 0.013 0.717 0.089 0.853
42.480 4 0.009 0.711 0.091 0.856
42.520 4 0.009 0.711 0.091 0.856
42.560 4 0.014 0.714 0.091 0.853
42.600 4 0.011 0.711 0.091 0.856
42.640 4 0.009 0.711 0.091 0.856
42.680 4 0.009 0.711 0.091 0.856
42.720 4 0.009 0.711 0.091 0.856
42.760 4 0.009 0.711 0.091 0.856
42.800 4 0.014 0.714 0.091 0.853
42.840 4 0.011 0.717 0.087 0.853
42.880 4 0.013 0.717 0.091 0.853
42.920 4 0.009 0.711 0.091 0.856
42.960 4 0.014 0.717 0.091 0.853
43.000 4 0.011 0.711 0.091 0.856
43.040 4 0.009 0.714 0.087 0.853
43.080 4 0.014 0.717 0.091 0.853
43.120 4 0.013 0.717 0.086 0.847
43.160 4 0.011 0.711 0.091 0.856
43.200 4 0.009 0.717 0.087 0.853
43.240 4 0.014 0.717 0.091 0.853
43.280 4 0.013 0.717 0.086 0.847
43.320 4 0.011 0.711 0.091 0.856
43.360 4 0.009 0.717 0.087 0.853
43.400 4 0.016 0.717 0.091 0.850
43.440 4 0.011 0.714 0.087 0.850
43.480 4 0.014 0.717 0.091 0.853
43.520 4 0.011 0.714 0.091 0.856
43.560 4 0.009 0.711 0.091 0.856
43.600 4 0.009 0.711 0.091 0.856
43.640 4 0.009 0.711 0.091 0.856
43.680 4 0.009 0.711 0.091 0.856
43.720 4 0.009 0.711 0.091 0.856
43.760 4 0.009 0.711 0.091 0.856
43.800 4 0.009 0.711 0.091 0.856
43.840 4 0.014 0.717 0.091 0.853
43.880 4 0.011 0.714 0.091 0.856
43.920 4 0.009 0.717 0.087 0.853
43.960 4 0.014 0.717 0.091 0.853
44.000 4 0.009 0.714 0.086 0.850
44.040 4 0.014 0.717 0.091 0.853
44.080 4 0.013 0.717 0.087 0.850
44.120 4 0.009 0.711 0.091 0.856
44.160 4 0.009 0.717 0.087 0.853
44.200 4 0.014 0.717 0.091 0.853
44.240 4 0.011 0.717 0.087 0.853
44.280 4 0.009 0.711 0.091 0.856
44.320 4 0.009 0.711 0.091 0.858
44.360 4 0.009 0.711 0.091 0.858
44.400 4 0.014 0.717 0.091 0.853
44.440 4 0.011 0.711 0.091 0.856
44.480 4 0.009 0.717 0.087 0.853
44.520 4 0.014 0.717 0.091 0.853
44.560 4 0.009 0.714 0.087 0.853
44.600 4 0.014 0.717 0.091 0.853
44.640 4 0.009 0.714 0.087 0.853
44.680 4 0.014 0.717 0.091 0.853
44.720 4 0.013 0.717 0.087 0.850
44.760 4 0.011 0.711 0.092 0.856
44.800 4 0.016 0.717 0.092 0.853
44.840 4 0.011 0.717 0.087 0.853
44.880 4 0.011 0.711 0.092 0.856
44.920 4 0.011 0.717 0.087 0.853
44.960 4 0.017 0.719 0.091 0.853
45.000 4 0.011 0.717 0.087 0.853
45.040 4 0.013 0.717 0.091 0.853
45.080 4 0.011 0.711 0.092 0.856
45.120 4 0.011 0.717 0.087 0.853
45.160 4 0.016 0.719 0.091 0.853
45.200 4 0.011 0.717 0.087 0.853
45.240 4 0.014 0.717 0.091 0.853
45.280 4 0.011 0.711 0.092 0.856
45.320 4 0.011 0.717 0.087 0.853
45.360 4 0.017 0.719 0.091 0.853
45.400 4 0.013 0.717 0.087 0.850
45.440 4 0.014 0.717 0.091 0.853
45.480 4 0.011 0.711 0.092 0.856
45.520 4 0.011 0.711 0.092 0.856
45.560 4 0.011 0.711 0.092 0.856
45.600 4 0.016 0.717 0.092 0.853
45.640 4 0.013 0.711 0.092 0.856
45.680 4 0.013 0.717 0.089 0.853
45.720 5 0.698 0.175 0.805 0.361
45.760 5 0.698 0.181 0.803 0.364
45.800 5 0.695 0.183 0.800 0.369
45.840 5 0.697 0.189 0.800 0.369
45.880 5 0.694 0.194 0.795 0.372
45.920 5 0.695 0.194 0.798 0.375
45.960 5 0.695 0.200 0.794 0.375
46.000 5 0.695 0.203 0.794 0.375
46.040 5 0.695 0.203 0.794 0.375
46.080 5 0.702 0.206 0.795 0.369
46.120 5 0.698 0.200 0.795 0.372
46.160 5 0.697 0.197 0.795 0.369
46.200 5 0.697 0.194 0.795 0.367
46.240 5 0.697 0.194 0.794 0.364
46.280 5 0.698 0.189 0.795 0.356
46.320 5 0.698 0.178 0.797 0.353
46.360 5 0.697 0.167 0.795 0.342
46.400 5 0.694 0.158 0.792 0.336
46.440 5 0.695 0.150 0.794 0.325
46.480 5 0.700 0.144 0.800 0.319
46.520 5 0.703 0.139 0.803 0.314
46.560 5 0.709 0.142 0.808 0.317
46.600 5 0.708 0.139 0.808 0.317
46.640 5 0.709 0.136 0.811 0.317
46.680 5 0.703 0.136 0.806 0.317
46.720 5 0.703 0.133 0.805 0.314
46.760 5 0.697 0.139 0.798 0.319
46.800 5 0.697 0.139 0.800 0.322
46.840 5 0.694 0.144 0.795 0.325
46.880 5 0.691 0.147 0.792 0.328
46.920 5 0.689 0.153 0.787 0.331
46.960 5 0.688 0.161 0.787 0.336
47.000 5 0.686 0.164 0.783 0.336
47.040 5 0.684 0.167 0.783 0.342
47.080 5 0.691 0.169 0.787 0.344
47.120 5 0.688 0.169 0.784 0.344
47.160 5 0.692 0.169 0.789 0.344
47.200 5 0.689 0.172 0.786 0.344
47.240 5 0.694 0.172 0.791 0.344
47.280 5 0.691 0.172 0.787 0.344
47.320 5 0.695 0.172 0.792 0.344
47.360 5 0.692 0.172 0.789 0.344
47.400 5 0.694 0.172 0.791 0.344
47.440 5 0.691 0.172 0.787 0.344
47.480 5 0.691 0.172 0.787 0.344
47.520 5 0.689 0.175 0.786 0.344
47.560 5 0.691 0.172 0.787 0.347
47.600 5 0.691 0.175 0.787 0.347
47.640 5 0.691 0.175 0.789 0.347
47.680 5 0.691 0.175 0.789 0.350
47.720 5 0.689 0.172 0.789 0.350
47.760 5 0.691 0.172 0.789 0.350
47.800 5 0.689 0.172 0.789 0.350
47.840 5 0.688 0.169 0.787 0.347
47.880 5 0.688 0.169 0.787 0.347
47.920 5 0.688 0.167 0.787 0.344
47.960 5 0.688 0.164 0.787 0.342
48.000 5 0.689 0.164 0.789 0.342
48.040 5 0.688 0.161 0.787 0.339
48.080 5 0.688 0.161 0.786 0.336
61.080 6 0.509 0.181 0.606 0.353
61.120 6 0.506 0.178 0.606 0.356
61.160 6 0.511 0.178 0.608 0.353
61.200 6 0.508 0.178 0.608 0.353
61.240 6 0.512 0.178 0.609 0.350
61.280 6 0.514 0.181 0.611 0.353
61.320 6 0.511 0.178 0.608 0.350
61.360 6 0.512 0.181 0.609 0.350
61.400 6 0.514 0.181 0.609 0.350
61.440 6 0.514 0.181 0.611 0.350
61.480 6 0.514 0.181 0.611 0.350
61.520 6 0.514 0.178 0.611 0.353
61.560 6 0.514 0.181 0.613 0.356
61.600 6 0.509 0.175 0.611 0.356
61.640 6 0.514 0.175 0.616 0.356
61.680 6 0.509 0.175 0.609 0.353
61.720 6 0.514 0.178 0.616 0.356
61.760 6 0.514 0.181 0.611 0.353
61.800 6 0.514 0.181 0.611 0.353
61.840 6 0.517 0.183 0.611 0.350
61.880 6 0.514 0.183 0.609 0.353
61.920 6 0.514 0.183 0.609 0.353
61.960 6 0.517 0.186 0.609 0.353
62.000 6 0.512 0.183 0.609 0.356
62.040 6 0.509 0.181 0.608 0.356
62.080 6 0.511 0.181 0.608 0.353
62.120 6 0.511 0.181 0.608 0.353
62.160 6 0.509 0.181 0.606 0.353
62.200 6 0.508 0.181 0.606 0.356
62.240 6 0.508 0.181 0.605 0.356
62.280 6 0.506 0.181 0.606 0.356
62.320 6 0.508 0.181 0.605 0.356
62.360 6 0.508 0.181 0.606 0.356
62.400 6 0.506 0.181 0.605 0.356
62.440 6 0.508 0.181 0.606 0.358
62.480 6 0.505 0.181 0.603 0.358
62.520 6 0.509 0.183 0.606 0.358
62.560 6 0.505 0.181 0.603 0.358
62.600 6 0.506 0.183 0.606 0.358
62.640 6 0.505 0.183 0.602 0.356
62.680 6 0.508 0.183 0.606 0.358
62.720 6 0.503 0.183 0.602 0.356
62.760 6 0.505 0.183 0.603 0.358
62.800 6 0.503 0.183 0.602 0.356
62.840 6 0.506 0.183 0.603 0.358
62.880 6 0.503 0.181 0.602 0.358
62.920 6 0.503 0.183 0.603 0.358
62.960 6 0.502 0.183 0.600 0.358
63.000 6 0.502 0.183 0.598 0.356
63.040 6 0.498 0.175 0.598 0.356
63.080 6 0.497 0.172 0.598 0.353
63.120 6 0.498 0.169 0.602 0.356
63.160 6 0.495 0.172 0.597 0.356
63.200 6 0.495 0.172 0.598 0.356
63.240 6 0.492 0.172 0.597 0.358
63.280 6 0.494 0.175 0.597 0.358
63.320 6 0.491 0.175 0.595 0.361
63.360 6 0.492 0.172 0.597 0.361
63.400 6 0.491 0.169 0.595 0.356
63.440 6 0.489 0.167 0.594 0.353
63.480 6 0.487 0.164 0.594 0.353
63.520 6 0.487 0.161 0.592 0.350
63.560 6 0.486 0.161 0.591 0.350
63.600 6 0.486 0.161 0.591 0.350
63.640 6 0.486 0.161 0.591 0.347
63.680 6 0.487 0.161 0.594 0.347
63.720 6 0.489 0.161 0.595 0.350
63.760 6 0.489 0.158 0.595 0.350
63.800 6 0.489 0.158 0.595 0.350
63.840 6 0.489 0.161 0.595 0.350
63.880 6 0.489 0.161 0.597 0.353
63.920 6 0.491 0.161 0.597 0.353
63.960 6 0.492 0.161 0.598 0.353
64.000 6 0.486 0.150 0.602 0.358
64.040 6 0.491 0.161 0.597 0.353
64.080 6 0.489 0.164 0.595 0.356
64.120 6 0.491 0.161 0.600 0.358
64.160 6 0.492 0.164 0.597 0.350
64.200 6 0.497 0.164 0.598 0.347
64.240 6 0.494 0.161 0.597 0.347
64.280 6 0.494 0.158 0.600 0.347
64.320 6 0.497 0.161 0.600 0.344
64.360 6 0.495 0.161 0.597 0.344
64.400 6 0.494 0.158 0.598 0.347
64.440 6 0.494 0.158 0.598 0.347
64.480 6 0.494 0.158 0.597 0.344
64.520 6 0.495 0.158 0.600 0.344
64.560 6 0.495 0.156 0.598 0.342
64.600 6 0.495 0.158 0.598 0.342
64.640 6 0.495 0.156 0.600 0.344
64.680 6 0.491 0.153 0.598 0.344
64.720 6 0.494 0.156 0.600 0.344
64.760 6 0.497 0.156 0.602 0.344
64.800 6 0.494 0.153 0.603 0.347
64.840 6 0.492 0.153 0.602 0.347
64.880 6 0.495 0.153 0.605 0.347
64.920 6 0.497 0.156 0.602 0.344
64.960 6 0.497 0.156 0.603 0.344
65.000 6 0.502 0.164 0.598 0.336
65.040 6 0.506 0.181 0.595 0.339
65.080 6 0.505 0.181 0.594 0.336
65.120 6 0.505 0.178 0.595 0.339
65.160 6 0.505 0.181 0.595 0.339
65.200 6 0.505 0.181 0.592 0.339
65.240 6 0.506 0.181 0.595 0.342
65.280 6 0.505 0.181 0.595 0.342
65.320 6 0.503 0.178 0.595 0.342
65.360 6 0.506 0.178 0.597 0.339
65.400 6 0.503 0.175 0.597 0.339
65.440 6 0.505 0.175 0.600 0.342
65.480 6 0.503 0.175 0.597 0.342
65.520 6 0.505 0.175 0.597 0.342
65.560 6 0.503 0.181 0.592 0.339
65.600 6 0.503 0.178 0.594 0.342
65.640 6 0.503 0.175 0.597 0.342
65.680 6 0.503 0.175 0.595 0.339
65.720 6 0.503 0.178 0.595 0.339
65.760 6 0.503 0.175 0.597 0.342
65.800 6 0.502 0.172 0.597 0.342
65.840 6 0.500 0.175 0.595 0.344
65.880 6 0.500 0.172 0.597 0.347
65.920 6 0.500 0.172 0.598 0.347
65.960 6 0.502 0.172 0.598 0.344
66.000 6 0.502 0.183 0.598 0.356
66.040 6 0.502 0.175 0.606 0.361
66.080 6 0.502 0.178 0.606 0.364
66.120 6 0.502 0.175 0.608 0.364
66.160 6 0.498 0.172 0.606 0.367
66.200 6 0.502 0.175 0.609 0.364
66.240 6 0.500 0.172 0.608 0.367
66.280 6 0.502 0.178 0.609 0.367
66.320 6 0.502 0.178 0.609 0.369
66.360 6 0.502 0.178 0.611 0.372
66.400 6 0.502 0.175 0.614 0.375
66.440 6 0.500 0.175 0.611 0.375
66.480 6 0.503 0.178 0.614 0.375
66.520 6 0.502 0.183 0.609 0.372
66.560 6 0.503 0.183 0.611 0.375
66.600 6 0.500 0.181 0.611 0.378
66.640 6 0.502 0.181 0.613 0.378
66.680 6 0.502 0.186 0.608 0.375
66.720 6 0.502 0.186 0.609 0.378
66.760 6 0.503 0.189 0.608 0.375
66.800 6 0.502 0.186 0.609 0.378
66.840 6 0.500 0.186 0.608 0.378
66.880 6 0.500 0.186 0.608 0.378
66.920 6 0.498 0.183 0.608 0.378
66.960 6 0.498 0.183 0.608 0.378
67.000 6 0.498 0.172 0.616 0.381
67.040 6 0.495 0.175 0.613 0.383
67.080 6 0.495 0.172 0.614 0.383
67.120 6 0.492 0.169 0.617 0.389
67.160 6 0.495 0.172 0.614 0.383
67.200 6 0.494 0.169 0.617 0.386
67.240 6 0.497 0.169 0.614 0.381
67.280 6 0.494 0.164 0.617 0.383
67.320 6 0.497 0.169 0.616 0.378
67.360 6 0.495 0.167 0.616 0.381
67.400 6 0.497 0.169 0.616 0.378
67.440 6 0.497 0.167 0.619 0.383
67.480 6 0.495 0.167 0.616 0.381
67.520 6 0.498 0.169 0.616 0.381
67.560 6 0.497 0.167 0.617 0.381
67.600 6 0.500 0.167 0.620 0.381
67.640 6 0.494 0.164 0.617 0.383
67.680 6 0.500 0.167 0.620 0.381
67.720 6 0.498 0.167 0.617 0.378
67.760 6 0.502 0.172 0.614 0.375
67.800 6 0.502 0.169 0.617 0.378
67.840 6 0.502 0.169 0.620 0.381
67.880 6 0.498 0.169 0.616 0.378
67.920 6 0.503 0.172 0.619 0.378
67.960 6 0.505 0.172 0.619 0.375
68.000 6 0.498 0.172 0.616 0.381
68.040 6 0.500 0.169 0.617 0.378
68.080 6 0.500 0.172 0.617 0.378
68.120 6 0.502 0.172 0.617 0.378
68.160 6 0.497 0.169 0.617 0.383
68.200 6 0.498 0.172 0.617 0.381
68.240 6 0.497 0.169 0.616 0.383
68.280 6 0.498 0.172 0.614 0.378
68.320 6 0.500 0.175 0.616 0.378
68.360 6 0.495 0.172 0.614 0.383
68.400 6 0.500 0.175 0.616 0.381
68.440 6 0.497 0.172 0.614 0.383
68.480 6 0.497 0.172 0.614 0.383
68.520 6 0.494 0.172 0.614 0.386
68.560 6 0.497 0.172 0.614 0.383
68.600 6 0.497 0.172 0.614 0.383
68.640 6 0.497 0.172 0.614 0.383
68.680 6 0.497 0.172 0.614 0.383
68.720 6 0.497 0.172 0.614 0.383
68.760 6 0.497 0.175 0.614 0.383
68.800 6 0.497 0.172 0.614 0.383
68.840 6 0.497 0.172 0.614 0.383
68.880 6 0.497 0.175 0.614 0.383
68.920 6 0.497 0.175 0.614 0.383
68.960 6 0.497 0.175 0.614 0.383
69.000 6 0.498 0.172 0.616 0.381
69.040 6 0.502 0.186 0.609 0.375
69.080 6 0.502 0.186 0.608 0.375
69.120 6 0.505 0.189 0.608 0.372
69.160 6 0.502 0.189 0.605 0.372
69.200 6 0.502 0.186 0.608 0.375
69.240 6 0.503 0.192 0.605 0.372
69.280 6 0.503 0.189 0.606 0.372
69.320 6 0.500 0.186 0.606 0.372
69.360 6 0.502 0.186 0.608 0.378
69.400 6 0.500 0.189 0.605 0.375
69.440 6 0.503 0.189 0.609 0.378
69.480 6 0.498 0.186 0.608 0.381
69.520 6 0.498 0.186 0.609 0.383
69.560 6 0.494 0.183 0.608 0.383
69.600 6 0.498 0.186 0.608 0.381
69.640 6 0.497 0.186 0.606 0.383
69.680 6 0.503 0.189 0.609 0.381
69.720 6 0.495 0.186 0.605 0.381
69.760 6 0.498 0.186 0.609 0.383
69.800 6 0.502 0.189 0.606 0.378
69.840 6 0.498 0.189 0.606 0.381
69.880 6 0.495 0.183 0.608 0.383
69.920 6 0.498 0.189 0.606 0.381
69.960 6 0.497 0.189 0.606 0.381
70.000 6 0.502 0.203 0.598 0.375
70.040 6 0.498 0.192 0.598 0.367
70.080 6 0.500 0.192 0.598 0.369
70.120 6 0.500 0.194 0.598 0.369
70.160 6 0.500 0.194 0.598 0.369
70.200 6 0.500 0.194 0.598 0.369
70.240 6 0.500 0.194 0.598 0.369
70.280 6 0.500 0.194 0.598 0.369
70.320 6 0.500 0.194 0.598 0.369
70.360 6 0.498 0.194 0.595 0.367
70.400 6 0.500 0.194 0.600 0.369
70.440 6 0.500 0.194 0.597 0.367
70.480 6 0.503 0.197 0.598 0.367
70.520 6 0.500 0.197 0.595 0.364
70.560 6 0.503 0.197 0.597 0.367
70.600 6 0.502 0.194 0.598 0.367
70.640 6 0.503 0.194 0.597 0.364
70.680 6 0.502 0.194 0.598 0.364
70.720 6 0.503 0.194 0.598 0.364
70.760 6 0.503 0.192 0.598 0.364
70.800 6 0.503 0.192 0.600 0.364
70.840 6 0.503 0.192 0.598 0.361
70.880 6 0.503 0.194 0.598 0.364
70.920 6 0.503 0.194 0.598 0.364
70.960 6 0.503 0.194 0.598 0.364
71.000 6 0.502 0.183 0.598 0.356
71.040 6 0.502 0.183 0.598 0.356
71.080 6 0.502 0.183 0.598 0.356
71.120 6 0.502 0.183 0.598 0.356
71.160 6 0.502 0.186 0.597 0.356
71.200 6 0.503 0.186 0.598 0.356
71.240 6 0.503 0.183 0.602 0.358
71.280 6 0.503 0.186 0.598 0.356
71.320 6 0.506 0.186 0.602 0.356
71.360 6 0.505 0.186 0.600 0.353
71.400 6 0.508 0.186 0.602 0.353
71.440 6 0.508 0.183 0.602 0.353
71.480 6 0.511 0.183 0.605 0.353
71.520 6 0.509 0.181 0.605 0.350
71.560 6 0.511 0.178 0.608 0.350
71.600 6 0.511 0.178 0.608 0.350
71.640 6 0.511 0.178 0.608 0.350
71.680 6 0.511 0.178 0.608 0.350
71.720 6 0.512 0.181 0.608 0.350
71.760 6 0.516 0.181 0.609 0.347
71.800 6 0.514 0.181 0.609 0.347
71.840 6 0.517 0.178 0.613 0.347
71.880 6 0.516 0.175 0.611 0.344
71.920 6 0.516 0.175 0.611 0.344
71.960 6 0.516 0.175 0.609 0.344
72.000 6 0.516 0.175 0.609 0.342
72.040 6 0.512 0.175 0.606 0.342
72.080 6 0.514 0.175 0.609 0.344
72.120 6 0.511 0.178 0.606 0.344
72.160 6 0.512 0.178 0.609 0.347
72.200 6 0.509 0.178 0.606 0.350
72.240 6 0.511 0.178 0.609 0.353
72.280 6 0.511 0.178 0.609 0.353
72.320 6 0.509 0.175 0.609 0.353
72.360 6 0.509 0.175 0.609 0.353
72.400 6 0.509 0.175 0.611 0.356
72.440 6 0.509 0.175 0.611 0.356
72.480 6 0.509 0.175 0.611 0.356
72.520 6 0.511 0.175 0.613 0.356
72.560 6 0.509 0.175 0.613 0.356
72.600 6 0.509 0.175 0.613 0.356
72.640 6 0.509 0.175 0.613 0.356
72.680 6 0.509 0.175 0.613 0.356
72.720 6 0.509 0.175 0.611 0.356
72.760 6 0.509 0.172 0.611 0.353
72.800 6 0.509 0.172 0.611 0.353
72.840 6 0.509 0.172 0.611 0.353
72.880 6 0.509 0.172 0.611 0.353
72.920 6 0.506 0.172 0.609 0.356
72.960 6 0.509 0.175 0.611 0.356
73.000 6 0.509 0.175 0.611 0.356
73.040 6 0.509 0.175 0.611 0.356
73.080 6 0.509 0.175 0.611 0.356
73.120 6 0.511 0.175 0.611 0.356
73.160 6 0.511 0.175 0.611 0.356
73.200 6 0.509 0.175 0.611 0.356
73.240 6 0.506 0.172 0.609 0.358
73.280 6 0.509 0.178 0.609 0.356
73.320 6 0.509 0.178 0.609 0.356
73.360 6 0.509 0.178 0.611 0.358
73.400 6 0.511 0.178 0.613 0.358
73.440 6 0.514 0.178 0.614 0.356
73.480 6 0.512 0.175 0.613 0.356
73.520 6 0.517 0.178 0.614 0.350
73.560 6 0.514 0.172 0.614 0.350
73.600 6 0.519 0.172 0.616 0.344
73.640 6 0.517 0.167 0.616 0.344
73.680 6 0.520 0.167 0.617 0.339
73.720 6 0.517 0.167 0.611 0.336
73.760 6 0.517 0.167 0.613 0.336
73.800 6 0.512 0.172 0.606 0.342
73.840 6 0.509 0.172 0.603 0.342
73.880 6 0.506 0.172 0.600 0.342
73.920 6 0.500 0.178 0.595 0.347
73.960 6 0.497 0.181 0.592 0.347
73.800 7 0.517 0.167 0.620 0.350
73.840 7 0.512 0.169 0.614 0.350
73.880 7 0.509 0.172 0.611 0.350
73.920 7 0.506 0.172 0.608 0.353
73.960 7 0.503 0.178 0.603 0.356
74.000 7 0.502 0.183 0.598 0.356
74.040 7 0.500 0.186 0.598 0.358
74.080 7 0.502 0.186 0.600 0.361
74.120 7 0.500 0.189 0.600 0.364
74.160 7 0.500 0.189 0.598 0.364
74.200 7 0.498 0.192 0.598 0.367
74.240 7 0.498 0.192 0.597 0.369
74.280 7 0.497 0.192 0.597 0.369
74.320 7 0.497 0.189 0.598 0.369
74.360 7 0.497 0.186 0.597 0.364
74.400 7 0.498 0.186 0.598 0.364
74.440 7 0.495 0.186 0.595 0.364
74.480 7 0.498 0.186 0.598 0.364
74.520 7 0.497 0.186 0.595 0.364
74.560 7 0.500 0.186 0.600 0.364
74.600 7 0.497 0.183 0.598 0.364
74.640 7 0.500 0.183 0.600 0.361
74.680 7 0.500 0.183 0.598 0.361
74.720 7 0.498 0.181 0.598 0.358
74.760 7 0.500 0.181 0.600 0.361
74.800 7 0.498 0.181 0.598 0.358
74.840 7 0.502 0.181 0.600 0.356
74.880 7 0.500 0.181 0.598 0.356
74.920 7 0.500 0.181 0.598 0.356
74.960 7 0.498 0.181 0.597 0.356
75.000 7 0.502 0.183 0.598 0.356
75.040 7 0.500 0.183 0.597 0.356
75.080 7 0.500 0.181 0.597 0.356
75.120 7 0.498 0.181 0.597 0.356
75.160 7 0.498 0.183 0.595 0.356
75.200 7 0.495 0.181 0.595 0.356
75.240 7 0.498 0.183 0.595 0.356
75.280 7 0.497 0.181 0.594 0.353
75.320 7 0.498 0.181 0.595 0.356
75.360 7 0.495 0.181 0.592 0.356
75.400 7 0.497 0.183 0.595 0.356
75.440 7 0.495 0.183 0.592 0.356
75.480 7 0.495 0.183 0.594 0.356
75.520 7 0.495 0.183 0.592 0.353
75.560 7 0.495 0.181 0.592 0.353
75.600 7 0.497 0.181 0.594 0.353
75.640 7 0.494 0.181 0.592 0.353
75.680 7 0.494 0.181 0.591 0.353
75.720 7 0.494 0.183 0.591 0.353
75.760 7 0.494 0.183 0.588 0.353
75.800 7 0.495 0.186 0.589 0.353
75.840 7 0.494 0.183 0.589 0.353
75.880 7 0.494 0.183 0.589 0.353
75.920 7 0.492 0.183 0.589 0.356
75.960 7 0.494 0.183 0.591 0.356
76.000 7 0.491 0.183 0.588 0.356
76.040 7 0.491 0.183 0.586 0.353
76.080 7 0.491 0.183 0.586 0.353
76.120 7 0.489 0.183 0.584 0.353
76.160 7 0.491 0.183 0.586 0.353
76.200 7 0.489 0.183 0.584 0.353
76.240 7 0.489 0.183 0.584 0.353
76.280 7 0.487 0.181 0.584 0.353
76.320 7 0.487 0.183 0.584 0.353
76.360 7 0.487 0.181 0.583 0.353
76.400 7 0.486 0.183 0.583 0.353
76.440 7 0.484 0.181 0.581 0.353
76.480 7 0.484 0.183 0.581 0.356
76.520 7 0.483 0.181 0.581 0.356
76.560 7 0.484 0.183 0.581 0.356
76.600 7 0.481 0.181 0.583 0.358
76.640 7 0.481 0.183 0.581 0.358
76.680 7 0.481 0.183 0.580 0.358
76.720 7 0.478 0.178 0.580 0.361
76.760 7 0.480 0.181 0.583 0.361
76.800 7 0.478 0.181 0.580 0.361
76.840 7 0.480 0.181 0.581 0.361
76.880 7 0.477 0.181 0.578 0.361
76.920 7 0.480 0.181 0.581 0.361
76.960 7 0.477 0.181 0.578 0.361
77.000 7 0.480 0.183 0.577 0.356
77.040 7 0.480 0.183 0.578 0.358
77.080 7 0.480 0.183 0.578 0.358
77.120 7 0.480 0.183 0.578 0.358
77.160 7 0.480 0.183 0.578 0.358
77.200 7 0.480 0.183 0.578 0.358
77.240 7 0.480 0.183 0.578 0.358
77.280 7 0.478 0.181 0.577 0.358
77.320 7 0.478 0.181 0.578 0.358
77.360 7 0.478 0.183 0.578 0.358
77.400 7 0.478 0.183 0.577 0.358
77.440 7 0.480 0.183 0.577 0.356
77.480 7 0.481 0.183 0.578 0.356
77.520 7 0.480 0.183 0.577 0.356
77.560 7 0.481 0.183 0.578 0.356
77.600 7 0.481 0.183 0.578 0.356
77.640 7 0.480 0.183 0.580 0.358
77.680 7 0.481 0.183 0.580 0.358
77.720 7 0.481 0.183 0.580 0.361
77.760 7 0.481 0.183 0.581 0.361
77.800 7 0.481 0.183 0.580 0.361
77.840 7 0.486 0.186 0.581 0.358
77.880 7 0.484 0.183 0.581 0.356
77.920 7 0.489 0.186 0.584 0.356
77.960 7 0.487 0.183 0.584 0.356
78.000 7 0.491 0.183 0.588 0.356
78.040 7 0.489 0.169 0.594 0.356
78.080 7 0.487 0.169 0.592 0.356
78.120 7 0.492 0.169 0.595 0.353
78.160 7 0.491 0.169 0.594 0.353
78.200 7 0.494 0.169 0.597 0.353
78.240 7 0.492 0.167 0.595 0.353
78.280 7 0.494 0.169 0.597 0.353
78.320 7 0.495 0.169 0.597 0.353
78.360 7 0.494 0.169 0.595 0.353
78.400 7 0.497 0.172 0.597 0.350
78.440 7 0.494 0.169 0.595 0.353
78.480 7 0.495 0.169 0.597 0.353
78.520 7 0.495 0.169 0.598 0.353
78.560 7 0.494 0.169 0.597 0.353
78.600 7 0.492 0.167 0.597 0.353
78.640 7 0.494 0.169 0.597 0.353
78.680 7 0.492 0.167 0.595 0.353
78.720 7 0.492 0.167 0.597 0.356
78.760 7 0.491 0.164 0.597 0.356
78.800 7 0.491 0.164 0.597 0.356
78.840 7 0.491 0.164 0.597 0.353
78.880 7 0.491 0.164 0.597 0.353
78.920 7 0.489 0.164 0.595 0.353
78.960 7 0.489 0.164 0.597 0.356
79.000 7 0.486 0.150 0.602 0.358
79.040 7 0.491 0.164 0.598 0.358
79.080 7 0.491 0.167 0.595 0.356
79.120 7 0.491 0.169 0.592 0.353
79.160 7 0.492 0.169 0.595 0.356
79.200 7 0.491 0.167 0.595 0.356
79.240 7 0.491 0.167 0.595 0.356
79.280 7 0.489 0.167 0.595 0.356
79.320 7 0.489 0.167 0.595 0.356
79.360 7 0.489 0.164 0.594 0.353
79.400 7 0.491 0.164 0.595 0.353
79.440 7 0.487 0.164 0.594 0.353
79.480 7 0.489 0.161 0.595 0.353
79.520 7 0.487 0.161 0.595 0.353
79.560 7 0.486 0.158 0.595 0.356
79.600 7 0.487 0.158 0.597 0.353
79.640 7 0.486 0.158 0.592 0.350
79.680 7 0.486 0.156 0.594 0.350
79.720 7 0.484 0.156 0.591 0.347
79.760 7 0.486 0.153 0.592 0.344
79.800 7 0.484 0.153 0.591 0.342
79.840 7 0.484 0.150 0.591 0.342
79.880 7 0.484 0.144 0.594 0.342
79.920 7 0.484 0.144 0.594 0.342
79.960 7 0.484 0.144 0.597 0.344
80.000 7 0.491 0.164 0.588 0.336
80.040 7 0.491 0.164 0.588 0.336
80.080 7 0.492 0.167 0.588 0.336
80.120 7 0.492 0.167 0.588 0.339
80.160 7 0.492 0.169 0.589 0.342
80.200 7 0.492 0.169 0.589 0.344
80.240 7 0.492 0.172 0.591 0.344
106.680 8 0.498 0.275 0.556 0.378
106.720 8 0.497 0.281 0.553 0.381
106.760 8 0.494 0.289 0.552 0.392
106.800 8 0.494 0.297 0.552 0.400
106.840 8 0.491 0.308 0.547 0.408
106.880 8 0.491 0.314 0.547 0.414
106.920 8 0.487 0.314 0.544 0.414
106.960 8 0.484 0.311 0.539 0.408
107.000 8 0.483 0.306 0.539 0.406
107.040 8 0.481 0.297 0.536 0.394
107.080 8 0.481 0.286 0.537 0.386
107.120 8 0.483 0.281 0.537 0.378
107.160 8 0.483 0.278 0.539 0.375
107.200 8 0.486 0.278 0.544 0.378
107.240 8 0.487 0.283 0.544 0.386
107.280 8 0.489 0.294 0.545 0.394
107.320 8 0.492 0.300 0.550 0.403
107.360 8 0.495 0.308 0.553 0.408
107.400 8 0.498 0.311 0.556 0.411
107.440 8 0.502 0.306 0.558 0.408
107.480 8 0.503 0.303 0.559 0.403
107.520 8 0.503 0.294 0.559 0.394
107.560 8 0.503 0.281 0.561 0.386
107.600 8 0.502 0.272 0.559 0.375
107.640 8 0.502 0.269 0.559 0.372
107.680 8 0.502 0.267 0.559 0.369
107.720 8 0.500 0.272 0.558 0.375
107.760 8 0.500 0.283 0.558 0.386
107.800 8 0.500 0.292 0.558 0.394
107.840 8 0.498 0.303 0.556 0.406
107.880 8 0.498 0.306 0.556 0.411
107.920 8 0.495 0.308 0.555 0.414
107.960 8 0.494 0.306 0.553 0.411
108.000 8 0.495 0.306 0.552 0.406
108.040 8 0.498 0.300 0.555 0.400
108.080 8 0.500 0.294 0.556 0.392
108.120 8 0.503 0.289 0.558 0.389
108.160 8 0.505 0.286 0.561 0.386
108.200 8 0.508 0.292 0.564 0.389
108.240 8 0.509 0.297 0.566 0.397
108.280 8 0.511 0.306 0.567 0.406
108.320 8 0.514 0.317 0.570 0.414
108.360 8 0.516 0.322 0.572 0.422
108.400 8 0.517 0.325 0.575 0.428
108.440 8 0.520 0.325 0.577 0.425
108.480 8 0.522 0.319 0.578 0.419
108.520 8 0.522 0.314 0.578 0.414
108.560 8 0.522 0.306 0.578 0.406
108.600 8 0.522 0.294 0.578 0.394
108.640 8 0.522 0.289 0.578 0.389
108.680 8 0.519 0.286 0.575 0.386
108.720 8 0.517 0.292 0.573 0.392
108.760 8 0.517 0.297 0.573 0.400
108.800 8 0.514 0.306 0.573 0.408
108.840 8 0.512 0.314 0.570 0.417
108.880 8 0.511 0.319 0.567 0.422
108.920 8 0.506 0.317 0.564 0.419
108.960 8 0.506 0.314 0.564 0.414
109.000 8 0.508 0.306 0.564 0.406
109.040 8 0.505 0.294 0.566 0.400
109.080 8 0.505 0.283 0.566 0.392
109.120 8 0.506 0.272 0.567 0.381
109.160 8 0.508 0.269 0.569 0.378
109.200 8 0.509 0.269 0.570 0.381
109.240 8 0.511 0.275 0.572 0.386
109.280 8 0.512 0.286 0.573 0.394
109.320 8 0.514 0.294 0.575 0.403
109.360 8 0.517 0.300 0.578 0.411
109.400 8 0.519 0.303 0.581 0.414
109.440 8 0.522 0.300 0.583 0.411
109.480 8 0.522 0.294 0.584 0.406
109.520 8 0.522 0.286 0.584 0.397
109.560 8 0.522 0.278 0.583 0.386
109.600 8 0.520 0.264 0.583 0.375
109.640 8 0.520 0.258 0.581 0.369
109.680 8 0.517 0.258 0.578 0.369
109.720 8 0.514 0.264 0.577 0.372
109.760 8 0.512 0.272 0.573 0.381
109.800 8 0.509 0.281 0.570 0.392
109.840 8 0.506 0.292 0.567 0.400
109.880 8 0.505 0.297 0.566 0.406
109.920 8 0.502 0.300 0.562 0.408
109.960 8 0.497 0.294 0.558 0.403
110.000 8 0.491 0.286 0.558 0.406
110.040 8 0.487 0.278 0.556 0.397
110.080 8 0.487 0.264 0.555 0.383
110.120 8 0.487 0.258 0.555 0.378
110.160 8 0.487 0.253 0.555 0.372
110.200 8 0.484 0.258 0.552 0.378
110.240 8 0.486 0.261 0.553 0.383
110.280 8 0.486 0.272 0.553 0.392
110.320 8 0.486 0.283 0.555 0.406
110.360 8 0.487 0.292 0.556 0.414
110.400 8 0.486 0.294 0.555 0.417
110.440 8 0.487 0.297 0.556 0.419
110.480 8 0.487 0.294 0.556 0.417
110.520 8 0.484 0.289 0.555 0.414
110.560 8 0.483 0.281 0.555 0.406
110.600 8 0.480 0.272 0.550 0.400
110.640 8 0.475 0.269 0.545 0.394
110.680 8 0.470 0.269 0.542 0.394
110.720 8 0.467 0.275 0.537 0.403
110.760 8 0.466 0.281 0.534 0.406
110.800 8 0.463 0.294 0.533 0.417
110.840 8 0.459 0.303 0.530 0.428
110.880 9 0.452 0.392 0.620 0.694
110.920 9 0.455 0.378 0.620 0.675
110.960 9 0.456 0.361 0.623 0.658
111.000 9 0.458 0.350 0.625 0.650
111.040 9 0.464 0.347 0.631 0.647
111.080 9 0.473 0.350 0.639 0.647
111.120 9 0.477 0.358 0.647 0.664
111.160 9 0.484 0.375 0.658 0.683
111.200 9 0.495 0.394 0.669 0.703
111.240 9 0.506 0.411 0.680 0.722
111.280 9 0.516 0.408 0.689 0.719
111.320 9 0.525 0.389 0.700 0.703
111.360 9 0.534 0.356 0.709 0.672
111.400 9 0.536 0.331 0.713 0.647
111.440 9 0.533 0.300 0.709 0.617
111.480 9 0.530 0.264 0.709 0.589
111.520 9 0.512 0.211 0.722 0.583
111.560 9 0.511 0.189 0.719 0.561
111.600 9 0.502 0.181 0.709 0.553
111.640 9 0.491 0.189 0.697 0.558
111.680 9 0.483 0.203 0.691 0.572
111.720 9 0.467 0.228 0.673 0.594
111.760 9 0.447 0.250 0.655 0.619
111.800 9 0.427 0.258 0.631 0.625
111.840 9 0.408 0.269 0.609 0.633
111.880 9 0.388 0.264 0.591 0.628
111.920 9 0.367 0.247 0.566 0.603
111.960 9 0.356 0.228 0.550 0.572
112.000 9 0.348 0.183 0.550 0.542
112.040 9 0.345 0.156 0.548 0.514
112.080 9 0.341 0.147 0.544 0.508
112.120 9 0.341 0.147 0.545 0.511
112.160 9 0.342 0.167 0.548 0.533
112.200 9 0.345 0.194 0.552 0.561
112.240 9 0.352 0.222 0.558 0.592
112.280 9 0.358 0.250 0.566 0.619
112.320 9 0.370 0.261 0.581 0.633
112.360 9 0.375 0.261 0.586 0.639
112.400 9 0.381 0.247 0.594 0.625
112.440 9 0.383 0.233 0.597 0.614
112.480 9 0.386 0.206 0.600 0.583
112.520 9 0.383 0.172 0.598 0.556
112.560 9 0.384 0.153 0.600 0.536
112.600 9 0.378 0.150 0.605 0.553
112.640 9 0.386 0.161 0.614 0.567
112.680 9 0.386 0.183 0.623 0.603
112.720 9 0.395 0.231 0.630 0.650
112.760 9 0.395 0.269 0.634 0.694
112.800 9 0.395 0.300 0.641 0.739
112.840 9 0.392 0.322 0.637 0.758
112.880 9 0.386 0.322 0.628 0.756
112.920 9 0.389 0.317 0.627 0.739
112.960 9 0.391 0.289 0.631 0.719
113.000 9 0.391 0.267 0.633 0.697
113.040 9 0.403 0.225 0.648 0.661
113.080 9 0.416 0.189 0.664 0.631
113.120 9 0.434 0.181 0.684 0.628
113.160 9 0.452 0.183 0.705 0.636
113.200 9 0.470 0.206 0.727 0.661
113.240 9 0.491 0.244 0.747 0.703
113.280 9 0.509 0.281 0.769 0.739
113.320 9 0.531 0.303 0.792 0.767
113.360 9 0.552 0.308 0.814 0.775
113.400 9 0.570 0.303 0.831 0.769
113.440 9 0.581 0.278 0.842 0.742
113.480 9 0.588 0.244 0.853 0.714
113.520 9 0.592 0.192 0.861 0.669
113.560 9 0.591 0.153 0.863 0.636
113.600 9 0.591 0.125 0.863 0.611
113.640 9 0.583 0.119 0.859 0.608
113.680 9 0.578 0.131 0.858 0.628
113.720 9 0.575 0.158 0.855 0.656
113.760 9 0.564 0.206 0.847 0.708
113.800 9 0.553 0.244 0.839 0.750
113.840 9 0.544 0.269 0.830 0.781
113.880 9 0.527 0.272 0.816 0.786
113.920 9 0.512 0.256 0.805 0.775
113.960 9 0.505 0.239 0.797 0.761
114.000 9 0.502 0.206 0.792 0.722
114.040 9 0.505 0.161 0.792 0.675
114.080 9 0.508 0.128 0.797 0.642
114.120 9 0.514 0.106 0.809 0.628
114.160 9 0.517 0.108 0.814 0.633
114.200 9 0.530 0.122 0.833 0.661
114.240 9 0.534 0.156 0.844 0.706
114.280 9 0.545 0.206 0.853 0.753
114.320 9 0.555 0.250 0.866 0.800
114.360 9 0.555 0.286 0.864 0.836
114.400 9 0.569 0.289 0.877 0.839
114.440 9 0.561 0.281 0.872 0.833
114.480 9 0.559 0.256 0.870 0.808
114.520 9 0.541 0.217 0.858 0.781
114.560 9 0.520 0.164 0.841 0.733
114.600 9 0.514 0.119 0.831 0.683
114.640 9 0.477 0.089 0.798 0.661
114.680 9 0.447 0.081 0.777 0.667
114.720 9 0.423 0.103 0.756 0.694
114.760 9 0.400 0.139 0.736 0.736
114.800 9 0.362 0.214 0.698 0.808
114.840 9 0.330 0.272 0.666 0.869
114.880 9 0.294 0.311 0.633 0.911
114.920 9 0.252 0.314 0.592 0.919
114.960 9 0.216 0.300 0.559 0.908
115.000 9 0.177 0.247 0.525 0.867
115.040 9 0.148 0.194 0.500 0.819
115.080 9 0.130 0.133 0.481 0.756
115.120 9 0.117 0.069 0.469 0.694
115.160 9 0.105 0.019 0.459 0.650
115.200 9 0.081 0.008 0.442 0.650
115.240 9 0.072 0.022 0.428 0.653
115.280 9 0.077 0.072 0.431 0.700
115.320 9 0.070 0.117 0.430 0.756
115.360 9 0.058 0.178 0.419 0.819
115.400 9 0.048 0.217 0.405 0.853
115.440 9 0.027 0.222 0.386 0.861
115.480 9 -0.005 0.208 0.361 0.861
115.520 9 -0.033 0.189 0.333 0.839
115.560 9 -0.083 0.131 0.281 0.781
116.280 10 0.286 0.189 0.577 0.706
116.320 10 0.291 0.186 0.584 0.708
116.360 10 0.283 0.186 0.577 0.711
116.400 10 0.289 0.189 0.584 0.714
116.440 10 0.284 0.197 0.573 0.711
116.480 10 0.284 0.200 0.577 0.719
116.520 10 0.275 0.203 0.569 0.725
116.560 10 0.289 0.208 0.581 0.728
116.600 10 0.286 0.217 0.569 0.719
116.640 10 0.284 0.217 0.567 0.719
116.680 10 0.283 0.217 0.567 0.722
116.720 10 0.280 0.211 0.567 0.722
116.760 10 0.278 0.206 0.567 0.719
116.800 10 0.277 0.203 0.567 0.719
116.840 10 0.273 0.194 0.578 0.736
116.880 10 0.266 0.194 0.567 0.731
116.920 10 0.280 0.197 0.581 0.733
116.960 10 0.278 0.208 0.567 0.722
117.000 10 0.277 0.206 0.567 0.722
117.040 10 0.278 0.225 0.550 0.711
117.080 10 0.277 0.222 0.550 0.711
117.120 10 0.280 0.217 0.561 0.717
117.160 10 0.267 0.211 0.550 0.717
117.200 10 0.275 0.214 0.558 0.717
117.240 10 0.266 0.208 0.550 0.714
117.280 10 0.270 0.206 0.555 0.711
117.320 10 0.267 0.206 0.548 0.706
117.360 10 0.266 0.206 0.545 0.703
117.400 10 0.264 0.206 0.542 0.700
117.440 10 0.264 0.206 0.542 0.700
117.480 10 0.259 0.206 0.537 0.700
117.520 10 0.261 0.206 0.539 0.703
117.560 10 0.252 0.206 0.531 0.703
117.600 10 0.256 0.208 0.534 0.703
117.640 10 0.250 0.214 0.527 0.706
117.680 10 0.255 0.222 0.530 0.711
117.720 10 0.248 0.228 0.520 0.711
117.760 10 0.256 0.231 0.530 0.717
117.800 10 0.250 0.231 0.522 0.714
117.840 10 0.253 0.228 0.528 0.717
117.880 10 0.252 0.225 0.523 0.708
117.920 10 0.255 0.219 0.527 0.703
117.960 10 0.250 0.219 0.519 0.697
118.000 10 0.253 0.219 0.520 0.694
118.040 10 0.248 0.219 0.519 0.700
118.080 10 0.253 0.219 0.525 0.703
118.120 10 0.248 0.225 0.519 0.706
118.160 10 0.252 0.231 0.520 0.706
118.200 10 0.252 0.231 0.520 0.708
118.240 10 0.253 0.233 0.519 0.706
118.280 10 0.252 0.231 0.519 0.706
118.320 10 0.252 0.228 0.517 0.703
118.360 10 0.252 0.228 0.517 0.700
118.400 10 0.253 0.219 0.520 0.694
118.440 10 0.255 0.219 0.522 0.694
118.480 10 0.258 0.222 0.523 0.697
118.520 10 0.261 0.228 0.527 0.700
118.560 10 0.263 0.233 0.528 0.706
118.600 10 0.266 0.239 0.530 0.708
118.640 10 0.267 0.242 0.533 0.714
118.680 10 0.269 0.247 0.534 0.719
118.720 10 0.266 0.247 0.531 0.719
118.760 10 0.273 0.247 0.539 0.717
118.800 10 0.269 0.242 0.536 0.714
118.840 10 0.278 0.239 0.544 0.711
118.880 10 0.275 0.242 0.539 0.711
118.920 10 0.284 0.247 0.547 0.714
118.960 10 0.278 0.247 0.541 0.714
119.000 10 0.286 0.250 0.547 0.717
119.040 10 0.280 0.250 0.544 0.717
119.080 10 0.280 0.250 0.542 0.717
119.120 10 0.284 0.250 0.548 0.719
119.160 10 0.283 0.247 0.547 0.717
119.200 10 0.283 0.247 0.547 0.717
119.240 10 0.283 0.244 0.547 0.714
119.280 10 0.283 0.244 0.547 0.714
119.320 10 0.281 0.244 0.545 0.714
119.360 10 0.280 0.242 0.545 0.714
119.400 10 0.278 0.242 0.545 0.714
119.440 10 0.275 0.239 0.542 0.717
119.480 10 0.272 0.236 0.541 0.714
119.520 10 0.267 0.231 0.537 0.711
119.560 10 0.270 0.233 0.542 0.714
119.600 10 0.264 0.236 0.531 0.711
119.640 10 0.269 0.239 0.536 0.711
119.680 10 0.266 0.233 0.534 0.711
119.720 10 0.264 0.231 0.534 0.708
119.760 10 0.264 0.225 0.534 0.706
119.800 10 0.263 0.222 0.533 0.703
119.840 10 0.261 0.219 0.533 0.700
119.880 10 0.258 0.214 0.531 0.697
119.920 10 0.266 0.214 0.539 0.700
119.960 10 0.259 0.217 0.528 0.694
120.000 10 0.266 0.217 0.536 0.694
120.040 10 0.264 0.217 0.533 0.694
120.080 10 0.264 0.219 0.533 0.697
120.120 10 0.264 0.222 0.533 0.700
120.160 10 0.266 0.225 0.534 0.700
120.200 10 0.269 0.228 0.534 0.703
120.240 10 0.270 0.233 0.536 0.708
120.280 10 0.272 0.239 0.537 0.711
120.320 10 0.275 0.236 0.541 0.708
120.360 10 0.270 0.236 0.536 0.706
120.400 10 0.273 0.236 0.537 0.706
120.440 10 0.275 0.239 0.539 0.708
120.480 10 0.275 0.239 0.539 0.708
120.520 10 0.273 0.242 0.537 0.711
120.560 10 0.272 0.242 0.537 0.711
120.600 10 0.272 0.244 0.534 0.714
120.640 10 0.270 0.250 0.533 0.717
120.680 10 0.269 0.247 0.533 0.717
120.720 10 0.266 0.242 0.530 0.711
120.760 10 0.269 0.236 0.533 0.706
120.800 10 0.269 0.236 0.534 0.708
120.840 10 0.270 0.239 0.536 0.714
120.880 10 0.272 0.247 0.537 0.717
120.920 10 0.275 0.256 0.537 0.722
120.960 10 0.273 0.256 0.536 0.722
121.000 10 0.277 0.250 0.537 0.717
121.040 10 0.277 0.244 0.537 0.708
121.080 10 0.277 0.236 0.539 0.703
121.120 10 0.277 0.236 0.539 0.703
121.160 10 0.284 0.239 0.550 0.708
121.200 10 0.277 0.239 0.539 0.708
121.240 10 0.284 0.244 0.548 0.714
121.280 10 0.278 0.244 0.541 0.711
121.320 10 0.284 0.244 0.545 0.708
121.360 10 0.281 0.244 0.541 0.706
121.400 10 0.283 0.244 0.544 0.708
121.440 10 0.280 0.244 0.539 0.706
121.480 10 0.275 0.244 0.534 0.706
121.520 10 0.278 0.244 0.539 0.708
121.560 10 0.277 0.242 0.536 0.706
121.600 10 0.275 0.239 0.536 0.703
121.640 10 0.272 0.236 0.534 0.703
121.680 10 0.275 0.236 0.537 0.703
121.720 10 0.273 0.236 0.534 0.703
121.760 10 0.272 0.236 0.534 0.703
121.800 10 0.273 0.239 0.536 0.703
121.840 10 0.273 0.242 0.536 0.706
121.880 10 0.277 0.244 0.537 0.711
121.920 10 0.278 0.253 0.537 0.714
121.960 10 0.281 0.261 0.537 0.717
122.000 10 0.283 0.264 0.537 0.719
122.040 10 0.284 0.264 0.539 0.717
122.080 10 0.284 0.264 0.541 0.719
122.120 10 0.286 0.264 0.541 0.717
122.160 10 0.286 0.264 0.542 0.719
122.200 10 0.284 0.261 0.542 0.719
122.240 10 0.283 0.256 0.542 0.717
122.280 10 0.281 0.250 0.542 0.714
122.320 10 0.275 0.242 0.541 0.714
122.360 10 0.280 0.239 0.544 0.711
122.400 10 0.273 0.239 0.537 0.708
122.440 10 0.277 0.239 0.541 0.708
122.480 10 0.273 0.239 0.537 0.711
122.520 10 0.277 0.247 0.541 0.717
122.560 10 0.278 0.261 0.542 0.731
122.600 10 0.273 0.272 0.536 0.739
122.640 10 0.278 0.272 0.537 0.733
122.680 10 0.273 0.264 0.531 0.722
122.720 10 0.280 0.261 0.536 0.714
122.760 10 0.277 0.258 0.531 0.711
122.800 10 0.283 0.261 0.537 0.714
122.840 10 0.278 0.256 0.536 0.714
122.880 10 0.286 0.261 0.539 0.711
122.920 10 0.280 0.253 0.536 0.711
122.960 10 0.283 0.250 0.542 0.708
123.000 10 0.283 0.267 0.525 0.697
123.040 10 0.272 0.239 0.530 0.694
123.080 10 0.270 0.236 0.527 0.692
123.120 10 0.275 0.236 0.530 0.689
123.160 10 0.270 0.231 0.531 0.694
123.200 10 0.270 0.233 0.528 0.692
123.240 10 0.278 0.236 0.536 0.694
123.280 10 0.275 0.236 0.533 0.697
123.320 10 0.283 0.239 0.542 0.700
123.360 10 0.278 0.236 0.539 0.703
123.400 10 0.286 0.244 0.547 0.708
123.440 10 0.284 0.256 0.544 0.717
123.480 10 0.291 0.264 0.550 0.725
123.520 10 0.297 0.256 0.559 0.722
123.560 10 0.297 0.253 0.558 0.717
123.600 10 0.305 0.247 0.569 0.717
123.640 10 0.308 0.244 0.570 0.711
123.680 10 0.309 0.242 0.575 0.714
123.720 10 0.312 0.242 0.578 0.711
123.760 10 0.314 0.239 0.581 0.711
123.800 10 0.316 0.239 0.583 0.714
123.840 10 0.320 0.244 0.586 0.717
123.880 10 0.320 0.247 0.584 0.714
123.920 10 0.320 0.239 0.589 0.714
123.960 10 0.323 0.236 0.591 0.714
124.000 10 0.308 0.206 0.598 0.722
124.040 10 0.316 0.206 0.605 0.722
124.080 10 0.309 0.203 0.598 0.719
124.120 10 0.309 0.206 0.598 0.719
124.160 10 0.308 0.214 0.586 0.708
124.200 10 0.314 0.214 0.597 0.714
124.240 10 0.309 0.208 0.597 0.719
124.280 10 0.308 0.214 0.584 0.708
124.320 10 0.312 0.211 0.598 0.719
124.360 10 0.308 0.206 0.597 0.719
124.400 10 0.305 0.214 0.584 0.711
124.440 10 0.308 0.206 0.598 0.719
124.480 10 0.305 0.214 0.583 0.708
124.520 10 0.308 0.211 0.588 0.711
124.560 10 0.302 0.211 0.581 0.711
124.600 10 0.303 0.211 0.586 0.714
124.640 10 0.302 0.211 0.589 0.719
124.680 10 0.295 0.211 0.578 0.717
124.720 10 0.298 0.211 0.583 0.719
124.760 10 0.289 0.211 0.573 0.717
124.800 10 0.292 0.211 0.578 0.719
124.840 10 0.284 0.214 0.566 0.714
124.880 10 0.286 0.211 0.570 0.719
124.920 10 0.283 0.208 0.570 0.719
124.960 10 0.281 0.206 0.569 0.717
125.000 10 0.280 0.203 0.567 0.714
125.040 10 0.277 0.200 0.564 0.711
125.080 10 0.277 0.200 0.562 0.708
125.120 10 0.275 0.200 0.558 0.706
125.160 10 0.272 0.200 0.555 0.703
125.200 10 0.270 0.197 0.552 0.700
125.240 10 0.261 0.200 0.542 0.700
125.280 10 0.261 0.197 0.547 0.703
151.000 11 0.234 0.150 0.402 0.450
151.040 11 0.233 0.150 0.400 0.450
151.080 11 0.233 0.150 0.402 0.450
151.120 11 0.234 0.150 0.402 0.450
151.160 11 0.236 0.153 0.403 0.450
151.200 11 0.236 0.150 0.405 0.453
151.240 11 0.239 0.147 0.411 0.456
151.280 11 0.237 0.147 0.411 0.453
151.320 11 0.244 0.147 0.416 0.456
151.360 11 0.244 0.147 0.416 0.456
151.400 11 0.245 0.147 0.417 0.456
151.440 11 0.247 0.147 0.419 0.456
151.480 11 0.248 0.150 0.419 0.453
151.520 11 0.248 0.144 0.423 0.456
151.560 11 0.248 0.144 0.425 0.458
151.600 11 0.247 0.142 0.423 0.458
151.640 11 0.252 0.147 0.425 0.458
151.680 11 0.248 0.144 0.422 0.456
151.720 11 0.255 0.147 0.428 0.456
151.760 11 0.253 0.150 0.423 0.456
151.800 11 0.253 0.144 0.430 0.461
151.840 11 0.248 0.144 0.423 0.458
151.880 11 0.252 0.144 0.425 0.458
151.920 11 0.253 0.147 0.423 0.453
151.960 11 0.250 0.144 0.423 0.456
152.000 11 0.252 0.150 0.420 0.450
152.040 11 0.259 0.172 0.416 0.450
152.080 11 0.259 0.172 0.414 0.450
152.120 11 0.258 0.175 0.411 0.444
152.160 11 0.263 0.178 0.414 0.444
152.200 11 0.259 0.175 0.412 0.447
152.240 11 0.264 0.172 0.417 0.442
152.280 11 0.261 0.167 0.416 0.439
152.320 11 0.266 0.164 0.422 0.439
152.360 11 0.264 0.164 0.417 0.436
152.400 11 0.269 0.164 0.422 0.436
152.440 11 0.267 0.161 0.420 0.436
152.480 11 0.272 0.158 0.427 0.433
152.520 11 0.275 0.158 0.431 0.433
152.560 11 0.275 0.158 0.430 0.433
152.600 11 0.278 0.156 0.434 0.433
152.640 11 0.277 0.153 0.434 0.433
152.680 11 0.272 0.156 0.430 0.436
152.720 11 0.272 0.156 0.430 0.436
152.760 11 0.275 0.156 0.431 0.436
152.800 11 0.272 0.158 0.427 0.433
152.840 11 0.273 0.158 0.428 0.433
152.880 11 0.272 0.161 0.422 0.431
152.920 11 0.270 0.158 0.423 0.431
152.960 11 0.266 0.156 0.420 0.431
153.000 11 0.272 0.181 0.412 0.431
153.040 11 0.263 0.158 0.417 0.433
153.080 11 0.263 0.161 0.414 0.431
153.120 11 0.261 0.161 0.414 0.433
153.160 11 0.261 0.164 0.412 0.431
153.200 11 0.259 0.161 0.412 0.433
153.240 11 0.258 0.164 0.409 0.431
153.280 11 0.261 0.164 0.411 0.431
153.320 11 0.259 0.161 0.411 0.433
153.360 11 0.259 0.164 0.411 0.433
153.400 11 0.259 0.164 0.411 0.433
153.440 11 0.261 0.164 0.412 0.436
153.480 11 0.258 0.164 0.411 0.436
153.520 11 0.261 0.167 0.412 0.436
153.560 11 0.264 0.169 0.412 0.433
153.600 11 0.261 0.169 0.409 0.433
153.640 11 0.266 0.169 0.414 0.431
153.680 11 0.263 0.172 0.408 0.428
153.720 11 0.266 0.172 0.414 0.436
153.760 11 0.261 0.169 0.411 0.436
153.800 11 0.263 0.167 0.416 0.442
153.840 11 0.264 0.169 0.416 0.439
153.880 11 0.259 0.169 0.414 0.442
153.920 11 0.261 0.169 0.416 0.444
153.960 11 0.263 0.175 0.412 0.442
154.000 11 0.252 0.150 0.420 0.450
154.040 11 0.248 0.153 0.417 0.453
154.080 11 0.248 0.150 0.419 0.456
154.120 11 0.248 0.150 0.419 0.456
154.160 11 0.248 0.150 0.419 0.456
154.200 11 0.250 0.150 0.417 0.450
154.240 11 0.250 0.147 0.419 0.447
154.280 11 0.250 0.144 0.419 0.444
154.320 11 0.250 0.144 0.417 0.444
154.360 11 0.248 0.142 0.416 0.442
154.400 11 0.250 0.142 0.417 0.442
154.440 11 0.247 0.144 0.411 0.439
154.480 11 0.248 0.147 0.414 0.442
154.520 11 0.244 0.147 0.408 0.439
154.560 11 0.248 0.147 0.411 0.439
154.600 11 0.242 0.147 0.405 0.439
154.640 11 0.242 0.144 0.409 0.444
154.680 11 0.233 0.144 0.402 0.442
154.720 11 0.239 0.144 0.406 0.442
154.760 11 0.236 0.147 0.400 0.442
154.800 11 0.237 0.144 0.406 0.447
154.840 11 0.234 0.147 0.400 0.442
154.880 11 0.237 0.147 0.403 0.444
154.920 11 0.236 0.150 0.400 0.444
154.960 11 0.236 0.150 0.400 0.444
155.000 11 0.234 0.150 0.402 0.450
155.040 11 0.236 0.158 0.403 0.458
155.080 11 0.236 0.158 0.403 0.458
155.120 11 0.236 0.161 0.403 0.458
155.160 11 0.239 0.164 0.403 0.456
155.200 11 0.236 0.167 0.398 0.458
155.240 11 0.241 0.164 0.405 0.461
155.280 11 0.237 0.167 0.400 0.458
155.320 11 0.234 0.161 0.403 0.464
155.360 11 0.234 0.158 0.402 0.458
155.400 11 0.234 0.156 0.402 0.456
155.440 11 0.234 0.153 0.400 0.450
155.480 11 0.234 0.153 0.400 0.447
155.520 11 0.234 0.150 0.400 0.447
155.560 11 0.234 0.147 0.400 0.444
155.600 11 0.233 0.144 0.400 0.444
155.640 11 0.233 0.139 0.405 0.447
155.680 11 0.230 0.139 0.400 0.447
155.720 11 0.233 0.139 0.405 0.447
155.760 11 0.233 0.142 0.402 0.442
155.800 11 0.233 0.142 0.402 0.442
155.840 11 0.233 0.142 0.400 0.442
155.880 11 0.233 0.136 0.403 0.444
155.920 11 0.228 0.136 0.400 0.444
155.960 11 0.231 0.142 0.400 0.442
156.000 11 0.234 0.150 0.402 0.450
156.040 11 0.247 0.169 0.395 0.436
156.080 11 0.245 0.169 0.395 0.436
156.120 11 0.245 0.172 0.391 0.433
156.160 11 0.248 0.172 0.395 0.436
156.200 11 0.247 0.172 0.394 0.436
156.240 11 0.245 0.172 0.395 0.442
156.280 11 0.244 0.172 0.394 0.442
156.320 11 0.248 0.175 0.398 0.442
156.360 11 0.242 0.175 0.394 0.444
156.400 11 0.247 0.175 0.398 0.450
156.440 11 0.242 0.178 0.395 0.450
156.480 11 0.244 0.178 0.397 0.453
156.520 11 0.241 0.178 0.398 0.458
156.560 11 0.242 0.178 0.397 0.456
156.600 11 0.241 0.181 0.395 0.458
156.640 11 0.242 0.181 0.398 0.458
156.680 11 0.244 0.178 0.400 0.458
156.720 11 0.242 0.181 0.395 0.456
156.760 11 0.248 0.183 0.400 0.453
156.800 11 0.248 0.186 0.397 0.450
156.840 11 0.248 0.186 0.400 0.456
156.880 11 0.248 0.189 0.400 0.458
156.920 11 0.248 0.189 0.400 0.461
156.960 11 0.250 0.192 0.402 0.464
157.000 11 0.256 0.208 0.397 0.458
157.040 11 0.252 0.186 0.406 0.464
157.080 11 0.250 0.186 0.405 0.461
157.120 11 0.255 0.189 0.408 0.461
157.160 11 0.250 0.189 0.402 0.458
157.200 11 0.258 0.192 0.406 0.456
157.240 11 0.253 0.189 0.403 0.456
157.280 11 0.253 0.186 0.406 0.458
157.320 11 0.255 0.183 0.408 0.456
157.360 11 0.255 0.181 0.409 0.458
157.400 11 0.255 0.183 0.406 0.453
157.440 11 0.258 0.183 0.414 0.458
157.480 11 0.252 0.181 0.408 0.456
157.520 11 0.256 0.181 0.411 0.456
157.560 11 0.255 0.178 0.411 0.458
157.600 11 0.261 0.183 0.414 0.453
157.640 11 0.258 0.183 0.409 0.453
157.680 11 0.261 0.183 0.412 0.453
157.720 11 0.258 0.181 0.414 0.456
157.760 11 0.258 0.181 0.414 0.458
157.800 11 0.258 0.181 0.414 0.458
157.840 11 0.258 0.178 0.414 0.458
157.880 11 0.256 0.178 0.414 0.456
157.920 11 0.256 0.175 0.414 0.453
157.960 11 0.256 0.172 0.412 0.453
158.000 11 0.252 0.150 0.420 0.450
158.040 11 0.244 0.153 0.416 0.461
158.080 11 0.245 0.153 0.420 0.464
158.120 11 0.244 0.156 0.416 0.461
158.160 11 0.241 0.150 0.419 0.469
158.200 11 0.242 0.156 0.416 0.464
158.240 11 0.239 0.153 0.417 0.472
158.280 11 0.241 0.161 0.412 0.469
158.320 11 0.236 0.158 0.416 0.475
158.360 11 0.237 0.167 0.411 0.475
158.400 11 0.236 0.167 0.411 0.481
158.440 11 0.236 0.172 0.408 0.478
158.480 11 0.234 0.169 0.406 0.478
158.520 11 0.236 0.169 0.409 0.481
158.560 11 0.236 0.172 0.406 0.475
158.600 11 0.234 0.172 0.405 0.478
158.640 11 0.237 0.172 0.409 0.478
158.680 11 0.234 0.172 0.406 0.478
158.720 11 0.237 0.178 0.403 0.472
158.760 11 0.242 0.175 0.409 0.475
158.800 11 0.233 0.172 0.402 0.475
158.840 11 0.237 0.172 0.412 0.483
158.880 11 0.237 0.175 0.406 0.478
158.920 11 0.237 0.175 0.406 0.475
158.960 11 0.236 0.169 0.409 0.481
159.000 11 0.234 0.183 0.402 0.483
159.040 11 0.241 0.178 0.405 0.475
159.080 11 0.245 0.183 0.405 0.469
159.120 11 0.242 0.183 0.403 0.469
159.160 11 0.242 0.186 0.398 0.467
159.200 11 0.247 0.189 0.402 0.467
159.240 11 0.244 0.189 0.398 0.467
159.280 11 0.244 0.186 0.403 0.472
159.320 11 0.244 0.186 0.403 0.472
159.360 11 0.244 0.186 0.402 0.469
159.400 11 0.239 0.189 0.397 0.472
159.440 11 0.241 0.189 0.398 0.475
159.480 11 0.236 0.189 0.395 0.475
159.520 11 0.239 0.192 0.398 0.478
159.560 11 0.234 0.189 0.398 0.483
159.600 11 0.234 0.192 0.400 0.486
159.640 11 0.234 0.194 0.400 0.489
159.680 11 0.234 0.194 0.400 0.492
159.720 11 0.234 0.194 0.400 0.492
159.760 11 0.236 0.194 0.400 0.492
159.800 11 0.237 0.194 0.402 0.489
159.840 11 0.236 0.192 0.402 0.489
159.880 11 0.234 0.189 0.400 0.486
159.920 11 0.234 0.189 0.400 0.486
159.960 11 0.233 0.192 0.397 0.486
160.000 11 0.234 0.183 0.402 0.483
160.040 11 0.241 0.197 0.395 0.475
160.080 11 0.244 0.203 0.394 0.469
160.120 11 0.242 0.197 0.398 0.475
160.160 11 0.244 0.194 0.403 0.478
160.200 11 0.244 0.197 0.400 0.475
160.240 11 0.242 0.192 0.403 0.478
160.280 11 0.247 0.197 0.400 0.472
160.320 11 0.248 0.197 0.403 0.472
160.360 11 0.248 0.194 0.403 0.472
160.400 11 0.248 0.192 0.408 0.475
160.440 11 0.250 0.194 0.405 0.469
160.480 11 0.250 0.192 0.408 0.472
160.520 11 0.245 0.192 0.403 0.472
160.560 11 0.252 0.194 0.406 0.472
160.600 11 0.252 0.194 0.406 0.469
160.640 11 0.252 0.192 0.406 0.469
160.680 11 0.252 0.192 0.406 0.469
160.720 11 0.252 0.192 0.406 0.469
160.760 11 0.255 0.194 0.406 0.467
160.800 11 0.252 0.194 0.405 0.467
160.840 11 0.253 0.197 0.403 0.467
160.880 11 0.252 0.194 0.406 0.467
160.920 11 0.255 0.194 0.406 0.467
160.960 11 0.250 0.192 0.405 0.467
161.000 11 0.256 0.208 0.397 0.458
161.040 11 0.248 0.208 0.391 0.461
161.080 11 0.253 0.208 0.395 0.461
161.120 11 0.245 0.206 0.389 0.461
161.160 11 0.253 0.208 0.395 0.461
161.200 11 0.245 0.206 0.391 0.464
161.240 11 0.250 0.208 0.394 0.464
161.280 11 0.245 0.206 0.391 0.464
161.320 11 0.248 0.206 0.394 0.464
161.360 11 0.250 0.208 0.394 0.461
161.400 11 0.250 0.206 0.395 0.464
161.440 11 0.252 0.208 0.395 0.461
161.480 11 0.252 0.206 0.397 0.464
161.520 11 0.253 0.206 0.397 0.461
161.560 11 0.253 0.206 0.398 0.464
161.600 11 0.252 0.206 0.397 0.464
161.640 11 0.256 0.206 0.400 0.461
161.680 11 0.256 0.206 0.400 0.461
161.720 11 0.255 0.208 0.398 0.461
161.760 11 0.259 0.208 0.403 0.461
161.800 11 0.259 0.208 0.400 0.458
161.840 11 0.259 0.208 0.402 0.461
161.880 11 0.261 0.208 0.402 0.458
161.920 11 0.261 0.208 0.403 0.458
161.960 11 0.259 0.208 0.402 0.458
162.000 11 0.256 0.208 0.397 0.458
162.040 11 0.258 0.214 0.397 0.461
162.080 11 0.256 0.211 0.398 0.464
162.120 11 0.253 0.211 0.395 0.464
162.160 11 0.258 0.211 0.398 0.464
162.200 11 0.255 0.214 0.394 0.461
162.240 11 0.258 0.214 0.397 0.458
162.280 11 0.256 0.211 0.395 0.458
162.320 11 0.258 0.211 0.397 0.456
162.360 11 0.255 0.208 0.395 0.456
162.400 11 0.253 0.206 0.394 0.458
162.440 11 0.252 0.206 0.394 0.456
162.480 11 0.250 0.203 0.392 0.456
162.520 11 0.250 0.203 0.392 0.453
162.560 11 0.248 0.200 0.391 0.453
162.600 11 0.248 0.200 0.389 0.453
162.640 11 0.247 0.197 0.391 0.453
162.680 11 0.245 0.197 0.389 0.450
162.720 11 0.250 0.197 0.392 0.447
162.760 11 0.250 0.197 0.392 0.450
162.800 11 0.252 0.197 0.391 0.447
162.840 11 0.253 0.200 0.392 0.447
162.880 11 0.255 0.203 0.392 0.447
162.920 11 0.256 0.206 0.394 0.450
162.960 11 0.256 0.208 0.392 0.450
163.000 11 0.256 0.208 0.397 0.458
163.040 11 0.247 0.178 0.406 0.461
163.080 11 0.244 0.175 0.403 0.461
163.120 11 0.245 0.178 0.403 0.458
163.160 11 0.250 0.178 0.406 0.458
163.200 11 0.248 0.178 0.405 0.458
163.240 11 0.252 0.178 0.408 0.458
163.280 11 0.248 0.175 0.408 0.461
163.320 11 0.248 0.175 0.408 0.461
163.360 11 0.248 0.175 0.408 0.461
163.400 11 0.247 0.178 0.405 0.458
163.440 11 0.252 0.181 0.408 0.458
163.480 11 0.248 0.178 0.405 0.458
163.520 11 0.250 0.178 0.405 0.456
163.560 11 0.252 0.178 0.406 0.453
163.600 11 0.247 0.175 0.402 0.450
163.640 11 0.252 0.172 0.408 0.453
163.680 11 0.245 0.169 0.403 0.453
163.720 11 0.248 0.172 0.406 0.453
163.760 11 0.250 0.175 0.403 0.450
163.800 11 0.248 0.175 0.402 0.450
163.840 11 0.247 0.175 0.400 0.450
163.880 11 0.245 0.175 0.398 0.450
163.920 11 0.244 0.175 0.398 0.447
163.960 11 0.245 0.175 0.395 0.447
164.000 11 0.234 0.150 0.402 0.450
164.040 11 0.239 0.158 0.398 0.444
164.080 11 0.239 0.158 0.398 0.444
164.120 11 0.234 0.153 0.398 0.444
164.160 11 0.239 0.153 0.398 0.439
164.200 11 0.237 0.153 0.402 0.444
164.240 11 0.233 0.156 0.394 0.442
164.280 11 0.239 0.153 0.402 0.444
164.320 11 0.237 0.156 0.395 0.439
164.360 11 0.237 0.153 0.402 0.447
164.400 11 0.233 0.156 0.394 0.444
164.440 11 0.236 0.153 0.402 0.450
164.480 11 0.237 0.153 0.402 0.447
164.520 11 0.233 0.153 0.397 0.447
164.560 11 0.237 0.156 0.400 0.447
164.600 11 0.239 0.158 0.397 0.442
164.640 11 0.233 0.153 0.397 0.447
164.680 11 0.234 0.150 0.402 0.450
164.720 11 0.241 0.156 0.398 0.442
164.760 11 0.241 0.153 0.402 0.444
164.800 11 0.234 0.153 0.398 0.444
164.840 11 0.236 0.150 0.402 0.447
164.880 11 0.236 0.150 0.402 0.447
164.920 11 0.239 0.153 0.402 0.444
164.960 11 0.234 0.150 0.400 0.447
165.000 11 0.234 0.150 0.402 0.450
165.040 11 0.234 0.150 0.402 0.450
165.080 11 0.234 0.150 0.402 0.450
165.120 11 0.233 0.150 0.400 0.450
165.160 11 0.233 0.150 0.400 0.450
165.200 11 0.233 0.150 0.400 0.450
165.240 11 0.233 0.150 0.400 0.450
165.280 11 0.231 0.150 0.398 0.450
165.320 11 0.231 0.150 0.398 0.450
165.360 11 0.231 0.147 0.398 0.450
165.400 11 0.230 0.147 0.398 0.450
165.440 11 0.233 0.153 0.395 0.444
165.480 11 0.233 0.153 0.397 0.447
165.520 11 0.228 0.150 0.394 0.447
165.560 11 0.233 0.153 0.397 0.447
165.600 11 0.230 0.153 0.391 0.442
165.640 11 0.233 0.153 0.397 0.447
165.680 11 0.228 0.150 0.392 0.447
165.720 11 0.233 0.153 0.397 0.447
165.760 11 0.230 0.150 0.394 0.447
165.800 11 0.231 0.150 0.397 0.447
165.840 11 0.230 0.147 0.398 0.450
165.880 11 0.231 0.147 0.398 0.450
165.920 11 0.231 0.150 0.400 0.450
165.960 11 0.230 0.150 0.398 0.450
166.000 11 0.234 0.150 0.402 0.450
166.040 11 0.237 0.153 0.405 0.450
166.080 11 0.241 0.156 0.406 0.450
166.120 11 0.236 0.150 0.405 0.453
166.160 11 0.239 0.150 0.406 0.453
166.200 11 0.241 0.150 0.409 0.453
166.240 11 0.237 0.153 0.405 0.453
166.280 11 0.237 0.150 0.408 0.456
166.320 11 0.239 0.153 0.406 0.453
166.360 11 0.239 0.150 0.408 0.453
166.400 11 0.234 0.142 0.408 0.453
166.440 11 0.239 0.144 0.409 0.453
166.480 11 0.234 0.147 0.405 0.453
166.520 11 0.237 0.147 0.408 0.456
166.560 11 0.234 0.150 0.405 0.453
166.600 11 0.236 0.150 0.408 0.456
166.640 11 0.233 0.142 0.406 0.453
166.680 11 0.236 0.144 0.408 0.453
166.720 11 0.233 0.144 0.405 0.453
166.760 11 0.233 0.144 0.403 0.453
166.800 11 0.233 0.147 0.402 0.450
166.840 11 0.236 0.150 0.403 0.450
166.880 11 0.233 0.150 0.398 0.447
166.920 11 0.236 0.150 0.400 0.447
166.960 11 0.236 0.150 0.402 0.447
167.000 11 0.234 0.150 0.402 0.450
167.040 11 0.241 0.153 0.406 0.450
167.080 11 0.236 0.150 0.402 0.447
167.120 11 0.242 0.156 0.405 0.447
167.160 11 0.239 0.150 0.405 0.447
167.200 11 0.239 0.153 0.402 0.444
167.240 11 0.242 0.153 0.405 0.444
167.280 11 0.239 0.150 0.405 0.447
167.320 11 0.236 0.147 0.405 0.450
167.360 11 0.241 0.153 0.408 0.450
167.400 11 0.234 0.153 0.400 0.447
167.440 11 0.239 0.153 0.406 0.453
167.480 11 0.237 0.156 0.398 0.447
167.520 11 0.237 0.153 0.402 0.450
167.560 11 0.236 0.153 0.403 0.450
167.600 11 0.236 0.153 0.402 0.450
167.640 11 0.231 0.147 0.400 0.453
167.680 11 0.234 0.150 0.405 0.456
167.720 11 0.231 0.153 0.398 0.456
167.760 11 0.233 0.153 0.403 0.458
167.800 11 0.233 0.153 0.400 0.453
167.840 11 0.231 0.150 0.400 0.453
167.880 11 0.231 0.150 0.400 0.453
167.920 11 0.230 0.150 0.398 0.453
167.960 11 0.230 0.147 0.398 0.453
168.000 11 0.234 0.150 0.402 0.450
168.040 11 0.234 0.172 0.391 0.453
168.080 11 0.234 0.175 0.389 0.450
168.120 11 0.237 0.178 0.391 0.450
168.160 11 0.236 0.175 0.391 0.453
168.200 11 0.234 0.178 0.391 0.456
168.240 11 0.228 0.175 0.389 0.461
168.280 11 0.234 0.178 0.392 0.461
168.320 11 0.234 0.178 0.389 0.456
168.360 11 0.234 0.178 0.391 0.456
168.400 11 0.233 0.175 0.392 0.458
168.440 11 0.231 0.175 0.389 0.458
168.480 11 0.236 0.178 0.394 0.458
168.520 11 0.231 0.178 0.389 0.458
168.560 11 0.236 0.178 0.394 0.458
168.600 11 0.234 0.181 0.391 0.458
168.640 11 0.236 0.178 0.394 0.461
168.680 11 0.234 0.181 0.391 0.458
168.720 11 0.233 0.181 0.391 0.461
168.760 11 0.236 0.183 0.391 0.458
168.800 11 0.234 0.181 0.391 0.458
168.840 11 0.242 0.186 0.392 0.453
168.880 11 0.239 0.183 0.392 0.456
168.920 11 0.241 0.189 0.388 0.453
168.960 11 0.242 0.189 0.389 0.453
169.000 11 0.241 0.208 0.381 0.458
169.040 11 0.242 0.206 0.388 0.464
