0 0
1 1
2 1
3 0
4 4
5 1
6 6
7 7
8 8
9 9
10 10
11 11
12 12
13 1
14 14
15 14
16 16
17 17
18 0
19 1
20 1
21 21
22 22
23 0
24 1
25 1
26 1
27 0
28 1
29 29
30 30
31 31
32 32
33 0
34 34
35 35
36 0
37 1
38 0
39 39
40 1
41 41
42 0
43 0
44 44
45 1
46 44
47 47
48 44
49 1
50 50
51 1
52 1
53 1
54 1
55 0
56 1
57 0
58 1
59 1
60 1
61 1
62 0
63 1
64 34
65 65
66 1
67 34
68 1
69 69
70 70
71 71
72 72
73 73
74 69
75 75
76 76
77 69
78 78
79 79
80 79
81 81
82 82
83 83
84 84
85 82
86 86
87 87
88 69
89 89
90 90
91 76
92 92
93 93
94 94
95 95
96 96
97 97
98 34
99 99
100 1
101 99
102 1
103 99
104 34
105 99
106 34
107 107
108 34
109 99
110 110
111 1
112 99
113 99
114 0
115 99
116 99
117 1
118 118
119 119
120 99
121 1
122 122
123 34
124 99
125 125
126 99
127 99
128 128
129 125
130 99
131 1
132 125
133 1
134 1
135 135
136 99
137 34
138 99
139 139
140 1
141 139
142 142
143 143
144 144
145 99
146 146
147 147
148 99
149 34
150 1
151 99
152 34
153 153
154 99
155 155
156 156
157 1
158 158
159 159
160 146
161 34
162 0
163 99
164 34
165 1
166 99
167 34
168 1
169 99
170 170
171 34
172 172
173 173
174 34
175 173
176 176
177 173
178 0
179 173
180 180
181 173
182 173
183 1
184 184
185 185
186 186
187 180
188 173
189 180
190 190
191 1
192 192
193 173
194 180
195 195
196 196
197 173
198 198
199 173
200 173
201 173
202 173
203 180
204 173
205 173
206 180
207 207
208 208
209 208
210 173
211 173
212 173
213 173
214 173
215 215
216 208
217 173
218 215
219 219
220 173
221 180
222 222
223 208
224 173
225 225
226 180
227 173
228 228
229 229
230 180
231 208
232 173
233 233
234 207
235 173
236 236
237 237
238 237
239 237
240 240
241 173
242 242
243 192
244 180
245 173
246 246
247 247
248 248
249 173
250 250
251 32
252 173
253 253
254 180
255 255
256 256
257 173
258 173
259 0
260 34
261 261
262 1
263 263
264 264
265 265
266 266
267 267
268 268
269 269
270 270
271 271
272 272
273 273
274 274
275 275
276 276
277 1
278 278
279 279
280 280
281 281
282 1
283 283
284 0
285 285
286 0
287 287
288 288
289 289
290 290
291 291
292 292
293 293
294 1
295 0
296 0
297 297
298 298
299 299
300 300
301 301
302 300
303 303
304 304
305 305
306 306
307 0
308 0
309 309
310 310
311 311
312 312
313 313
314 314
315 315
316 316
317 315
318 318
319 319
320 303
321 321
322 322
323 323
324 324
325 325
326 326
327 327
328 305
329 329
330 330
331 331
332 0
333 333
334 1
335 335
336 305
337 303
338 303
339 339
340 340
341 0
342 342
343 303
344 315
345 345
346 315
347 347
348 315
349 349
350 350
351 351
352 315
353 353
354 0
355 355
356 315
357 357
358 315
359 84
360 315
361 361
362 84
363 322
364 364
365 365
366 315
367 350
368 0
369 369
370 1
371 315
372 315
373 350
374 315
375 375
376 315
377 315
378 378
379 379
380 303
381 381
382 315
383 315
384 303
385 350
386 303
387 387
388 303
389 389
390 389
391 303
392 303
393 303
394 389
395 350
396 303
397 303
398 303
399 315
400 1
401 401
402 402
403 403
404 404
405 405
406 1
407 403
408 305
409 0
410 410
411 0
412 412
413 322
414 414
415 322
416 1
417 417
418 305
419 0
420 420
421 421
422 315
423 389
424 424
425 315
426 315
427 427
428 428
429 429
430 430
431 315
432 315
433 315
434 434
435 305
436 436
437 0
438 438
439 305
440 440
441 379
442 0
443 1
444 438
445 445
446 379
447 447
448 0
449 449
450 405
451 0
452 420
453 445
454 312
455 379
456 456
457 1
458 458
459 459
460 460
461 461
462 462
463 459
464 464
465 458
466 1
467 467
468 458
469 459
470 470
471 458
472 1
473 473
474 474
475 1
476 476
477 477
478 478
479 458
480 480
481 481
482 474
483 483
484 484
485 485
486 486
487 487
488 488
489 484
490 490
491 491
492 1
493 493
494 490
495 486
496 496
497 497
498 486
499 487
500 491
501 490
502 1
503 493
504 353
505 505
506 506
507 458
508 300
509 509
510 458
511 0
512 512
513 513
514 514
515 515
516 516
517 517
518 518
519 519
520 520
521 521
522 522
523 523
524 522
525 525
526 526
527 527
528 528
529 529
530 530
531 459
532 532
533 533
534 534
535 535
536 522
537 537
538 537
539 539
540 540
541 541
542 542
543 543
544 544
545 545
546 546
547 547
548 548
549 549
550 550
551 551
552 552
553 553
554 554
555 555
556 556
557 557
558 555
559 559
560 560
561 561
562 562
563 562
564 564
565 565
566 566
567 567
568 568
569 569
570 570
571 571
572 572
573 573
574 574
575 575
576 576
577 577
578 578
579 579
580 580
581 581
582 582
583 583
584 584
585 585
586 586
587 587
588 588
589 589
590 590
591 591
592 592
593 593
594 594
595 595
596 596
597 597
598 598
599 599
600 600
601 601
602 602
603 603
604 604
605 605
606 606
607 607
608 608
609 609
610 608
611 607
612 612
613 613
614 614
615 615
616 616
617 617
618 618
619 619
620 620
621 621
622 622
623 623
624 624
625 625
626 626
627 627
628 628
629 271
630 630
631 631
632 632
633 633
634 634
635 635
636 636
637 633
638 634
639 639
640 640
641 641
642 559
643 561
644 644
645 645
646 646
647 647
648 648
649 649
650 650
651 651
652 652
653 653
654 654
655 655
656 656
657 657
658 658
659 659
660 660
661 661
662 662
663 663
664 664
665 665
666 666
667 663
668 664
669 666
670 663
671 664
672 663
673 666
674 664
675 675
676 663
677 665
678 664
679 679
680 680
681 681
682 682
683 683
684 684
685 685
686 686
687 687
688 688
689 689
690 690
691 691
692 692
693 693
694 694
695 695
696 696
697 697
698 698
699 699
700 700
701 701
702 702
703 703
704 704
705 705
706 706
708 708
709 709
710 710
711 711
712 712
713 713
714 712
715 715
716 716
717 716
718 718
719 718
720 720
721 721
722 722
723 723
724 724
725 724
726 726
727 727
728 728
729 729
730 730
731 731
732 732
733 733
734 734
735 735
736 736
737 737
738 738
739 739
740 740
741 741
742 742
743 743
744 744
745 745
746 746
747 747
748 748
749 749
750 750
751 751
752 752
753 753
754 754
755 755
756 756
757 757
758 758
759 759
760 760
761 761
762 762
763 763
764 764
765 765
766 766
767 767
768 768
769 769
770 770
771 771
772 772
773 773
774 774
775 775
776 776
777 775
778 778
779 779
780 780
781 781
782 782
783 783
784 784
785 785
786 786
787 787
788 788
789 789
790 790
791 791
792 792
793 793
794 794
795 795
796 796
797 797
798 798
799 799
800 800
801 801
802 802
803 803
804 804
805 805
806 806
807 807
809 809
810 810
811 811
812 812
813 813
814 814
815 815
816 816
817 817
818 818
819 819
820 820
821 821
822 822
823 823
824 824
825 825
826 826
827 827
828 828
