0 0
1 1
2 2
3 3
4 4
5 5
6 6
7 7
8 4
9 4
10 2
11 3
12 12
13 3
14 2
15 7
16 2
17 3
18 18
19 19
20 3
21 2
22 3
23 2
24 3
25 25
26 26
27 7
28 2
29 3
30 2
31 7
32 3
33 33
34 18
35 2
36 3
37 2
38 3
39 39
40 3
41 2
42 4
43 33
44 44
45 4
46 7
47 3
48 2
49 7
50 6
51 5
52 52
53 53
54 6
55 5
56 6
57 5
58 53
59 6
60 5
61 6
62 5
63 53
64 7
65 5
66 6
67 4
68 5
69 52
70 7
71 18
72 3
73 2
74 7
75 18
76 2
77 3
78 53
79 2
80 3
81 3
82 2
83 83
84 84
85 2
86 3
87 87
88 88
89 7
90 2
91 3
92 4
93 4
94 94
95 3
96 2
97 7
98 5
99 6
100 94
101 33
102 4
103 3
104 2
105 4
106 33
107 88
108 108
109 4
110 7
111 3
112 2
113 83
114 3
115 2
116 3
117 2
118 87
119 119
120 120
121 108
122 3
123 2
124 124
125 125
126 3
127 2
128 7
129 7
130 130
131 87
132 132
133 7
134 3
135 2
136 4
137 18
138 83
139 3
140 3
141 2
142 2
143 3
144 7
145 5
146 52
147 7
148 3
149 2
150 120
151 53
152 2
153 3
154 4
155 6
156 5
157 4
158 6
159 5
160 108
161 4
162 108
163 52
164 5
165 7
166 2
167 3
168 7
169 2
170 3
171 2
172 3
173 3
174 2
175 7
176 2
177 3
178 7
179 179
180 6
181 5
182 182
183 183
184 52
185 5
186 186
187 3
188 2
189 189
190 2
191 3
192 192
193 6
194 5
195 52
196 4
197 5
198 6
199 52
200 5
201 6
202 202
203 108
204 7
205 18
206 6
207 5
208 7
209 209
210 7
211 2
212 3
213 7
214 2
215 215
216 5
217 4
218 218
219 219
220 5
221 7
222 4
223 223
224 186
225 225
226 225
227 7
228 228
229 229
230 230
231 231
232 232
233 233
234 234
235 235
236 236
237 237
238 238
239 239
240 240
241 7
242 242
243 3
244 186
245 3
246 4
247 186
248 248
249 7
250 3
251 242
252 4
253 253
254 3
255 242
256 3
257 248
258 3
259 242
260 7
261 3
262 242
263 88
264 94
265 3
266 242
267 7
268 268
269 4
270 270
271 4
272 242
273 3
274 248
275 4
276 4
277 277
278 242
279 3
280 7
281 3
282 3
283 283
284 284
285 285
286 286
287 286
288 288
289 286
290 288
291 286
292 292
293 293
294 294
295 295
296 296
297 297
298 298
299 299
300 300
301 301
302 302
303 303
304 304
305 305
306 306
307 307
308 306
309 309
310 310
311 311
312 312
313 313
314 314
315 315
316 316
317 317
318 318
319 319
320 320
321 321
322 322
323 323
324 324
325 325
326 326
327 327
328 328
329 329
330 330
331 331
332 331
333 331
334 334
335 335
336 336
337 337
338 338
339 339
340 340
341 341
342 342
343 343
344 344
345 345
346 346
347 347
348 348
349 349
350 350
351 351
352 352
353 353
354 354
355 355
356 356
357 357
358 358
359 359
360 352
361 361
362 362
363 363
364 364
365 365
366 361
367 367
368 368
369 369
370 370
371 371
372 356
373 373
374 374
375 371
376 292
377 377
378 292
379 379
380 371
381 292
382 382
383 368
384 361
385 368
386 370
387 368
388 388
389 371
390 368
391 371
392 370
393 374
394 371
395 374
396 371
397 397
398 371
399 399
400 400
401 292
402 402
403 388
404 404
405 292
406 364
407 388
408 364
409 371
410 364
411 371
412 364
413 292
414 368
415 292
416 416
417 417
418 368
419 419
420 368
421 421
422 368
423 423
424 424
425 371
426 374
427 427
428 428
429 374
430 292
431 431
432 404
433 368
434 388
435 292
436 404
437 361
438 368
439 292
440 388
441 292
442 292
443 361
444 292
445 292
446 446
447 292
448 368
449 292
450 404
451 446
452 292
453 382
454 364
455 361
456 388
457 457
458 292
459 404
460 364
461 368
462 292
463 368
464 361
465 431
466 466
467 467
468 468
469 352
470 371
471 373
472 371
473 473
474 474
475 373
476 373
477 374
478 478
479 479
480 480
481 481
482 352
483 369
484 370
485 369
486 368
487 487
488 369
489 367
490 490
491 370
492 369
493 368
494 368
495 369
496 369
497 370
498 369
499 487
500 368
501 370
502 367
503 503
504 370
505 505
506 505
507 367
508 361
509 371
510 510
511 371
512 505
513 371
514 370
515 369
516 369
517 361
518 367
519 361
520 361
521 352
522 522
523 523
524 524
525 525
526 523
527 363
528 523
529 529
530 363
531 531
532 532
533 363
534 534
535 523
536 524
537 531
538 363
539 539
540 363
541 371
542 468
543 481
544 352
545 371
546 367
547 371
548 370
549 367
550 371
551 551
552 371
553 553
554 368
555 555
556 556
557 367
558 361
559 371
560 361
561 561
562 369
563 505
564 368
565 505
566 340
567 567
568 352
569 524
570 364
571 524
572 572
573 361
574 574
575 575
576 373
577 577
578 374
579 374
580 373
581 539
582 361
583 553
584 584
585 585
586 371
587 371
588 523
589 524
590 590
591 591
592 524
593 524
594 594
595 595
596 371
597 523
598 598
599 523
600 600
601 523
602 371
603 603
604 371
605 605
606 370
607 367
608 367
609 370
610 367
611 487
612 369
613 368
614 369
615 370
616 367
617 368
618 367
619 373
620 620
621 374
622 622
623 373
624 624
625 292
626 371
627 627
628 524
629 292
630 371
631 524
632 371
633 524
634 524
635 371
636 292
637 637
638 524
639 292
640 369
641 367
642 371
643 367
644 644
645 371
646 369
647 373
648 474
649 373
650 650
651 371
652 474
653 373
654 373
655 292
656 292
657 373
658 292
659 292
660 660
661 627
662 367
663 292
664 431
665 367
666 371
667 367
668 369
669 474
670 371
671 373
672 371
673 373
674 292
675 675
676 369
677 524
678 678
679 524
680 371
681 468
682 292
683 627
684 292
685 361
686 371
687 373
688 524
689 371
690 524
691 371
692 524
693 431
694 369
695 695
696 468
697 697
698 352
699 371
700 352
701 373
702 374
703 424
704 373
705 374
706 374
707 373
708 373
709 709
710 374
711 711
712 712
713 374
714 404
715 715
716 373
717 374
718 374
719 719
720 720
721 374
722 374
723 723
724 724
725 361
726 726
727 373
728 728
729 374
730 730
731 374
732 373
733 374
734 373
735 373
736 374
737 424
738 373
739 373
740 374
741 373
742 361
743 373
744 361
745 361
746 373
747 356
748 487
749 361
750 368
751 368
752 370
753 340
754 370
755 367
756 370
757 367
758 370
759 371
760 370
761 371
762 370
763 340
764 367
765 369
766 340
767 370
768 367
769 769
770 340
771 367
772 367
773 370
774 370
775 370
776 367
777 368
778 371
779 370
780 367
781 369
782 370
783 369
784 368
785 487
786 369
787 369
788 370
789 367
790 369
791 368
792 371
793 369
794 367
795 368
796 371
797 361
798 369
799 799
800 371
801 726
802 369
803 370
804 369
805 487
806 367
807 369
808 371
809 368
810 367
811 811
812 369
813 367
814 361
815 369
816 352
817 481
818 468
819 819
820 524
821 371
822 531
823 823
824 824
825 524
826 364
827 363
828 371
829 829
830 830
831 819
832 363
833 603
834 371
835 603
836 836
837 837
838 523
839 839
840 531
841 371
842 352
843 369
844 370
845 352
846 468
847 847
848 848
849 368
850 367
851 851
852 852
853 851
854 371
855 855
856 856
857 857
858 368
859 371
860 367
861 370
862 371
863 370
864 340
865 367
866 369
867 367
868 370
869 370
870 367
871 368
872 523
873 873
874 523
875 875
876 371
877 877
878 878
879 524
880 880
881 424
882 373
883 374
884 468
885 885
886 886
887 887
888 888
889 889
890 890
891 891
892 892
893 893
894 894
895 895
896 896
897 897
898 898
899 899
900 900
901 901
902 902
903 903
904 904
905 905
906 905
907 907
908 908
909 909
910 910
911 911
912 912
913 913
914 352
915 371
916 916
917 917
918 918
919 371
920 523
921 918
922 524
923 916
924 522
925 925
926 926
927 481
928 468
929 352
930 531
931 370
932 367
933 370
934 934
935 340
936 367
937 361
938 370
939 369
940 940
941 373
942 942
943 374
944 523
945 945
946 374
947 947
948 373
949 374
950 950
951 951
952 371
953 953
954 371
955 374
956 371
957 404
958 958
959 404
960 361
961 953
962 371
963 361
964 964
965 965
966 953
967 371
968 474
969 374
970 373
971 374
972 953
973 371
974 974
975 374
976 953
977 977
978 978
979 979
980 404
981 627
982 404
983 373
984 361
985 985
986 986
987 356
988 988
989 989
990 363
991 370
992 992
993 468
994 994
995 370
996 369
997 997
998 985
999 988
1000 404
1001 373
1002 356
1003 994
1004 985
1005 1005
1006 1006
1007 370
1008 1008
1009 404
1010 1010
1011 1011
1012 367
1013 979
1014 994
1015 978
1016 404
1017 1017
1018 1018
1019 1019
1020 1020
1021 1021
1022 1022
1023 1023
1024 1024
1025 1025
1026 1026
1027 1027
1028 1028
1029 1029
1030 1030
1031 1031
1032 1031
1033 1033
1034 1034
1035 1035
1036 1036
1037 1037
1038 1038
1039 1039
1040 1040
1041 1041
1042 1042
1043 1043
1044 1044
1045 312
1046 313
1047 315
1048 1048
1049 316
1050 317
1051 1051
1052 1052
1053 1053
1054 1054
1055 1055
1056 1056
1057 1056
1058 1058
1059 1059
1060 1060
1061 1061
1062 1062
1063 1063
1064 1064
1065 1065
1066 1066
1067 1067
1068 1068
1069 1069
1070 1070
1071 1071
1072 1072
1073 1073
1074 1074
1075 1075
1076 1074
1077 1077
1078 1078
1079 1079
1080 1080
1081 1081
1082 1081
