0 0
1 1
2 2
3 3
4 3
5 5
6 6
7 5
8 6
9 5
10 6
11 5
12 6
13 5
14 6
15 5
16 6
17 5
18 18
19 5
20 20
21 21
22 22
23 21
24 24
25 25
26 21
27 27
28 21
29 29
30 30
31 29
32 21
33 27
34 34
35 30
36 21
37 30
38 29
39 29
40 40
41 41
42 42
43 43
44 44
45 45
46 46
47 43
48 29
49 29
50 45
51 43
52 52
53 43
54 29
55 55
56 56
57 45
58 29
59 45
60 60
61 29
62 29
63 43
64 29
65 65
66 66
67 60
68 68
69 29
70 40
71 71
72 29
73 45
74 74
75 75
76 76
77 77
78 42
79 43
80 40
81 81
82 82
83 81
84 84
85 85
86 85
87 82
88 88
89 60
90 82
91 91
92 82
93 60
94 94
95 60
96 96
97 42
98 43
99 42
100 43
101 42
102 43
103 42
104 43
105 42
106 106
107 107
108 42
109 43
110 42
111 74
112 43
113 113
114 43
115 40
116 116
117 40
118 118
119 42
120 120
121 121
122 122
123 123
124 42
125 21
126 126
127 121
128 128
129 42
130 118
131 42
132 132
133 42
134 134
135 135
136 136
137 137
138 5
139 21
140 140
141 141
142 21
143 140
144 121
145 145
146 21
147 5
148 21
149 149
150 42
151 149
152 21
153 153
154 154
155 155
156 156
157 42
158 40
160 160
161 161
162 162
163 45
164 164
165 165
166 166
167 167
168 45
169 169
170 40
171 45
172 172
173 173
174 45
175 45
176 176
177 166
178 178
179 45
180 176
181 45
182 182
183 183
184 45
185 45
186 45
187 176
188 176
189 178
190 169
191 45
192 45
193 43
194 29
195 43
196 21
197 43
198 29
199 199
200 43
201 29
202 149
203 203
204 149
205 43
206 21
207 207
208 149
209 209
210 43
211 43
212 43
213 213
214 29
215 43
216 43
217 217
218 218
219 219
220 218
221 43
222 218
223 43
224 218
225 43
226 218
227 43
228 228
229 229
230 230
231 45
232 232
233 233
234 234
235 42
236 45
237 42
238 172
239 239
240 45
241 241
242 239
243 172
244 178
245 245
246 172
247 247
248 45
249 172
250 45
251 239
252 45
253 172
254 239
255 40
256 40
257 257
258 178
259 259
260 260
261 261
262 262
263 178
264 264
265 29
266 262
267 178
268 260
269 178
270 262
271 271
272 264
273 260
274 178
275 275
276 276
277 178
278 271
279 276
280 178
281 264
282 271
283 178
284 284
285 155
286 286
287 149
288 288
289 289
290 290
291 291
292 292
293 293
294 294
295 292
296 296
297 297
298 298
299 299
300 300
301 301
302 302
303 303
304 304
305 305
306 306
307 43
308 43
309 43
310 218
311 311
312 43
313 218
314 43
315 1
316 43
317 1
318 318
319 178
320 320
321 321
322 322
323 323
324 324
325 178
326 178
327 21
328 178
329 178
330 330
331 331
332 332
333 333
334 334
335 335
336 336
337 337
338 338
339 339
340 340
341 341
342 342
343 343
344 344
345 345
346 346
347 347
348 348
349 349
350 350
351 351
352 352
353 353
354 354
355 355
356 356
357 357
358 358
359 359
360 360
361 361
362 362
363 363
364 364
365 365
366 366
367 367
368 368
369 369
370 370
371 371
372 372
373 373
374 374
375 375
376 376
377 377
378 378
379 379
380 380
381 381
382 382
383 383
384 384
385 385
386 386
387 387
388 388
389 382
390 390
391 391
392 392
393 393
394 394
395 395
396 396
397 397
398 398
399 399
400 400
401 401
402 402
403 403
404 404
405 401
406 382
407 407
408 408
409 399
410 382
411 407
412 412
413 413
414 399
415 398
416 416
417 399
418 418
419 408
420 398
421 408
422 422
423 423
424 424
425 382
426 426
427 374
428 374
429 429
430 430
431 375
432 432
433 433
434 374
435 432
436 375
437 433
438 382
439 384
440 374
441 433
442 442
443 384
444 385
445 384
446 385
447 384
448 382
449 374
450 433
451 451
452 374
453 380
454 454
455 455
456 382
457 457
458 458
459 382
460 382
461 461
462 382
463 387
464 464
465 465
466 466
467 467
468 468
469 469
470 470
471 384
472 472
473 376
474 470
475 376
476 476
477 470
478 478
479 479
480 480
481 470
482 378
483 483
484 484
485 378
486 486
487 487
488 488
489 470
490 374
491 480
492 470
493 380
494 470
495 374
496 470
497 497
498 384
499 470
500 487
501 501
502 470
503 374
504 504
505 380
506 378
507 507
508 382
509 509
510 385
511 509
512 374
513 386
514 382
515 380
516 385
517 382
518 518
519 374
520 384
521 385
522 522
523 518
524 384
525 525
526 382
527 527
528 374
529 380
530 530
531 387
532 476
533 382
534 384
535 382
536 387
537 380
538 374
539 539
540 540
541 541
542 542
543 388
544 544
545 545
546 388
547 547
548 384
549 388
550 384
551 388
552 552
553 390
554 388
555 374
556 556
557 388
558 558
559 388
560 384
561 552
562 384
563 552
564 374
565 380
566 566
567 387
568 388
569 382
570 570
571 382
572 388
573 382
574 387
575 382
576 387
577 577
578 578
579 382
580 388
581 382
582 388
583 382
584 584
585 387
586 586
587 388
588 388
589 390
590 590
591 591
592 390
593 384
594 594
595 591
596 596
597 590
598 598
599 590
600 384
601 390
602 384
603 590
604 384
605 590
606 384
607 607
608 545
609 390
610 384
611 390
612 384
613 390
614 384
615 390
616 384
617 390
618 384
619 390
620 384
621 390
622 384
623 390
624 384
625 390
626 384
627 390
628 384
629 390
630 384
631 390
632 384
633 607
634 374
635 384
636 390
637 384
638 390
639 384
640 640
641 641
642 642
643 380
644 570
645 645
646 387
647 388
648 648
649 388
650 385
651 388
652 385
653 388
654 385
655 388
656 385
657 657
658 658
659 390
660 378
661 661
662 662
663 470
664 384
665 470
666 384
667 377
668 384
669 470
670 374
671 470
672 672
673 673
674 674
675 675
676 676
677 374
678 678
679 390
680 388
681 681
682 607
683 683
684 684
685 685
686 686
687 687
688 688
689 689
690 690
691 691
692 692
693 693
694 694
695 695
696 696
697 697
698 698
699 699
700 700
701 701
702 702
703 703
704 704
705 705
706 706
707 707
708 708
709 685
710 710
711 711
712 711
713 711
714 714
715 715
716 716
717 717
718 718
719 719
720 711
721 721
722 722
723 711
724 724
725 725
726 711
727 727
728 728
729 729
730 728
731 731
732 732
733 733
734 734
735 735
736 735
737 737
738 735
739 739
740 740
741 741
742 742
743 743
745 745
746 746
747 747
748 748
749 749
750 750
751 751
752 752
753 753
754 754
755 755
756 756
757 757
758 758
759 759
760 760
761 761
762 762
763 763
764 764
765 765
766 763
767 767
768 768
769 769
770 770
771 771
772 772
773 771
774 772
775 772
776 772
777 772
778 772
779 772
780 771
781 771
782 782
783 783
784 782
785 771
786 786
787 772
788 786
789 789
790 790
791 772
792 772
793 793
794 772
795 795
796 771
797 797
798 771
799 771
800 771
801 771
802 772
803 772
804 804
805 805
806 806
807 807
808 808
809 809
810 810
811 811
812 812
813 812
814 814
815 815
816 816
817 817
818 818
819 819
820 820
821 821
822 822
823 823
824 824
825 823
826 826
827 827
828 828
829 829
830 830
831 831
832 832
833 830
834 834
835 835
836 835
837 835
838 838
839 839
840 840
841 841
842 842
843 843
844 844
845 845
846 846
847 847
848 848
849 849
850 850
851 851
852 852
853 691
854 854
855 855
856 856
857 857
858 858
859 685
860 860
861 695
862 697
863 685
864 864
865 865
866 701
867 867
868 868
869 869
870 685
871 871
872 872
873 873
874 705
875 875
876 876
877 877
878 878
879 879
880 685
881 881
882 882
883 883
884 884
885 885
886 882
887 887
888 888
889 889
890 695
891 891
892 685
893 893
894 894
895 895
896 896
897 897
898 898
899 899
900 900
901 901
902 902
903 903
904 705
905 905
906 906
907 907
908 908
909 705
910 901
911 911
912 912
913 705
914 907
915 875
916 901
917 917
918 918
919 919
920 920
921 921
922 922
923 875
924 907
925 912
926 926
927 927
928 928
929 685
930 930
931 691
932 932
933 933
934 926
935 935
936 936
937 685
938 691
939 930
940 940
941 941
942 942
943 875
944 944
945 945
946 946
947 947
948 948
949 691
950 950
951 685
952 875
953 941
954 954
955 930
956 691
957 685
958 930
959 691
960 960
961 961
962 962
963 963
964 964
965 963
966 705
967 967
968 901
969 969
970 685
971 930
972 691
973 973
974 974
975 975
976 976
977 977
978 978
979 979
980 980
981 981
982 982
983 983
984 975
985 975
986 986
987 987
988 975
989 989
990 990
991 990
992 992
993 990
994 994
995 995
996 695
997 977
1000 1000
998 998
999 999
1001 1001
1002 1002
1003 1003
1004 975
1005 1003
1006 975
1007 1007
1008 698
1009 961
1010 979
1011 1011
1012 1012
1013 1013
1014 1014
1015 1015
1016 1016
1017 1017
1018 1018
1019 1019
1020 1020
1021 695
1022 1022
1023 1015
1024 698
1025 1025
1026 1017
1027 1027
1028 1028
1029 1017
1030 1030
1031 1031
1032 1032
1033 1017
1034 1034
1035 1035
1036 1036
1037 1017
1038 1030
1039 1017
1040 1040
1041 1040
1042 1017
1043 1043
1044 1044
1045 1017
1046 1046
1047 1047
1048 1048
1049 1040
1050 1047
1051 1046
1052 698
1053 1046
1054 1054
1055 1055
1056 1040
1057 1057
1058 1058
1059 1059
1060 1040
1061 1046
1062 1040
1063 1017
1064 901
1065 1017
1066 1066
1067 1067
1068 1017
1069 1069
1070 1070
1071 1071
1072 1072
1073 1066
1074 1046
1075 1075
1076 1076
1077 1077
1078 1017
1079 1079
1080 1080
1081 1081
1082 1082
1083 1075
1084 1084
1085 1085
1086 1046
