471.120 475.200 11778 11880 ivan 15.611
476.160 490.560 11904 12264 oll_il_la_il 7.497
475.920 490.560 11898 12264 cout_appel_local_selon_operateur 116.233
475.680 490.560 11892 12264 www_francez_fr 67.103
973.200 976.800 24330 24420 ivan 11.611
1010.400 1011.840 25260 25296 le_test_amante 14.624
1018.800 1024.560 25470 25614 comment_ca_va_bien 87.976
1089.840 1093.200 27246 27330 beruvrl 29.043
1090.080 1093.440 27252 27336 zoobeauval_com 21.307
1238.160 1243.680 30954 31092 tha_azur 45.132
1274.400 1276.800 31860 31920 beruvhl 15.580
1274.400 1276.800 31860 31920 zoobeauvalcom 15.343
1274.400 1276.800 31860 31920 thalazur 12.183
1290.480 1292.400 32262 32310 il_dl_ibu 4.981
1380.480 1382.640 34512 34566 uiic_iu_lll_il 4.899
1380.240 1382.640 34506 34566 sony_music_entertainment_jal_production 56.985
1380.240 1383.600 34506 34590 realisation_carole_mathieucastelli 34.139
1380.240 1383.600 34506 34590 pour_makam_production 38.571
1414.800 1416.000 35370 35400 made_in_france_fabriquee_en_france 40.122
1414.800 1421.040 35370 35526 sans_condition_de_reprise 106.337
1414.320 1421.040 35358 35526 conditions_sur_tovotafr 79.048
1439.280 1442.160 35982 36054 iso 5.394
1443.360 1445.760 36084 36144 de_sensibilite_dentaire 53.248
1448.400 1451.280 36210 36282 teste_miquement_dans_le_traitement_de_la_sensubnlnte_dentaire_chez_u 69.655
1453.440 1454.640 36336 36366 dents 26.598
1452.000 1457.280 36300 36432 sensodyne 71.618
1456.560 1458.720 36414 36468 aide_a_garder_des_gencives_saines_avec_un_brossage_deux_fois_par_jour 56.946
1459.680 1463.040 36492 36576 soin_complet 36.258
1459.440 1463.040 36486 36576 oouruweorotecuon_rvtue 8.459
1459.440 1463.040 36486 36576 soulage_ey_proyece_les_dents_sensibles 41.332
1459.440 1463.040 36486 36576 fortran 11.971
1464.240 1477.440 36606 36936 taux_bruts_exprimes_avant_prelevements_sociaux_et_fiscaux_conditions_completes_sur_ivwxnupsabanquefr 79.114
1474.560 1477.440 36864 36936 investi_dans_l_economie_reelle 39.478
1474.560 1477.440 36864 36936 par_un_investissement_dans_l_activite_automobile 50.097
1477.680 1479.120 36942 36978 banque_de_l_economie_reelle 24.232
1474.560 1479.120 36864 36978 psabanquefr 40.209
1507.920 1510.080 37698 37752 peuceot 35.534
1517.040 1518.240 37926 37956 des_ilisations 15.200
1528.080 1529.280 38202 38232 musee_des_civilisations 40.150
1529.520 1530.960 38238 38274 nos_remerciemenis_a_nos_parienaires 35.479
1548.480 1550.400 38712 38760 orbe 17.290
1552.320 1562.640 38808 39066 nouveau 123.449
1564.560 1568.160 39114 39204 aian 3.452
1566.240 1568.160 39156 39204 restez_connectes 31.534
1566.720 1568.160 39168 39204 anv_zli_l_tyal 3.375
1591.440 1594.080 39786 39852 avance_vos_frais 41.582
1591.440 1594.080 39786 39852 avance_vos_frais_de_sant 25.443
1591.680 1594.080 39792 39852 uedi_da_ul 14.681
1595.280 1599.120 39882 39978 wwwcreditmutuelfr 32.153
1600.560 1603.440 40014 40086 uihubjemctement 11.000
1612.320 1614.960 40308 40374 impressionniste 39.779
1612.800 1614.960 40320 40374 unvwnormandieimpressionnisieir 20.933
1625.040 1627.440 40626 40686 appel_gratuit_depuis_un_poste_fixe 53.661
1628.160 1631.040 40704 40776 la_reference_qualite_prix 54.175
1632.240 1636.320 40806 40908 vudlikji 14.618
1653.360 1657.920 41334 41448 etablissement_francais_du_sang 83.648
1661.520 1662.960 41538 41574 recueillis_par_an 35.218
1661.760 1662.960 41544 41574 wwwdondusangnet 11.209
1666.560 1669.200 41664 41730 david 25.144
1669.440 1680.960 41736 42024 idurs 25.464
1669.440 1680.960 41736 42024 sermenai 55.710
1683.600 1686.240 42090 42156 obordeaux 10.778
1686.960 1695.840 42174 42396 nante 43.259
1687.200 1695.840 42180 42396 d_poitiers 26.008
1686.960 1695.840 42174 42396 lue 6.240
1686.960 1695.840 42174 42396 niort 37.367
1689.600 1695.840 42240 42396 cause 85.992
1689.600 1695.840 42240 42396 un_pl_en 82.265
1696.560 1702.800 42414 42570 sais 26.727
1696.560 1702.800 42414 42570 rand 27.852
1696.320 1702.800 42408 42570 limoges 83.303
1698.960 1702.800 42474 42570 implique 51.115
1703.520 1710.720 42588 42768 rouen 27.262
1703.520 1714.080 42588 42852 avranches 95.111
1711.200 1714.080 42780 42852 caen 42.592
1697.280 1714.080 42432 42852 emacs_e 8.247
1703.280 1714.080 42582 42852 chartres 59.962
1703.280 1714.080 42582 42852 ga_caen 31.311
1714.800 1719.600 42870 42990 legrand 43.098
1714.800 1719.600 42870 42990 paris 44.106
1729.920 1734.960 43248 43374 en_temps_bill 28.889
1739.760 1746.240 43494 43656 inedit 85.252
1752.480 1754.160 43812 43854 decouvrez_des_extraits_video_en_avantpremiere 30.907
1754.880 1758.960 43872 43974 decouvrez_des_extraits_video_en_avantpremiere 59.663
1762.800 1768.080 44070 44202 closer 71.066
1769.280 1771.200 44232 44280 en_version_originale_soustitres 28.669
1769.040 1771.200 44226 44280 ce_programme_est_disponible 40.349
1793.760 1796.160 44844 44904 logishotelscom 28.961
1802.880 1804.320 45072 45108 entreprise_et_commerce 46.294
1804.800 1841.040 45120 46026 tele 305.225
1804.800 1841.280 45120 46032 matin 451.625
1841.040 1844.640 46026 46116 presente_par_william_leymergie 38.227
1842.480 1845.600 46062 46140 tele 21.228
1842.720 1847.280 46068 46182 matin 21.629
1857.600 1861.920 46440 46548 william_leymergie 42.760
1849.920 1863.120 46248 46578 matin 138.622
1849.440 1863.120 46236 46578 tele 145.228
1867.680 1909.200 46692 47730 tele 465.228
1913.760 1932.240 47844 48306 tele 184.228
1940.880 1948.080 48522 48702 tele 72.228
1956.000 1957.440 48900 48936 nathalie 12.616
1956.000 1957.440 48900 48936 soustitrage_teletexte 38.670
1951.680 1957.680 48792 48942 tele 65.228
1957.920 1959.360 48948 48984 sophie_gastrin 32.519
2006.640 2008.080 50166 50202 smemichelini 12.043
2024.880 2027.280 50622 50682 jouelestours_indreetloire 35.972
2024.640 2027.760 50616 50694 anne_guilleepee 49.598
2081.760 2084.160 52044 52104 kaboul_afghanistan 42.358
2128.320 2131.680 53208 53292 ministre_allemand_de_la_defense 69.326
2128.320 2131.920 53208 53298 thomas_de_maiziere 63.552
2158.320 2161.440 53958 54036 reportage 41.579
2158.320 2161.440 53958 54036 a_boutet_t_henkel_p_malacarnet 58.804
2169.840 2173.920 54246 54348 envoye_special_a_magdebourg_allemagne 65.841
2169.600 2174.160 54240 54354 arnaud_boutet 66.307
2183.760 2185.200 54594 54630 heart_hospital 25.398
2188.560 2190.000 54714 54750 tshwane_metro_police 22.318
2190.480 2192.880 54762 54822 hearthospital 22.187
1962.720 2203.680 49068 55092 tele 2044.230
2208.960 2211.600 55224 55290 eivi_lui 5.972
2208.720 2217.360 55218 55434 memoires 104.351
2208.720 2217.360 55218 55434 teo 59.479
2208.960 2217.360 55224 55434 journal 75.609
2208.960 2217.360 55224 55434 sport 109.949
2208.960 2217.360 55224 55434 point_route 120.100
2208.720 2217.600 55218 55440 videorama 116.178
2222.640 2230.800 55566 55770 teo 76.479
2235.840 2245.440 55896 56136 eivi_lui 10.972
2205.600 2245.920 55140 56148 tele 311.222
2222.640 2246.640 55566 56166 point_route 299.021
2222.640 2246.640 55566 56166 journal 180.623
2222.640 2246.640 55566 56166 sport 295.949
2231.520 2246.880 55788 56172 teo 99.479
2222.640 2246.880 55566 56172 memoires 270.525
2222.640 2246.880 55566 56172 videorama 295.144
2288.160 2292.480 57204 57312 ued_inuudihicd_hanqhided 13.566
2287.920 2292.480 57198 57312 aeronautioues_et_patiales 46.167
2293.920 2295.600 57348 57390 sophie_pignal 20.375
2320.080 2326.800 58002 58170 diplome_dwngenieur 55.541
2328.000 2329.200 58200 58230 martini 3.765
2333.040 2334.720 58326 58368 cantons 7.566
2332.560 2334.720 58314 58368 mwdudon_m 6.386
2340.480 2342.880 58512 58572 oualite 22.613
2340.720 2342.880 58518 58572 controle_de_gestion 30.429
2344.080 2349.840 58602 58746 ingenieur_conception_produit 65.179
2343.840 2349.840 58596 58746 ingenieur_electronique 62.711
2343.840 2349.840 58596 58746 ingenieur_logiciel 32.752
2357.280 2360.880 58932 59022 ingenie_etude 18.868
2357.520 2360.880 58938 59022 ingenieur_electronique 42.913
2361.840 2364.240 59046 59106 bobinier 21.400
2375.040 2378.160 59376 59454 recrutements 38.848
2379.120 2381.760 59478 59544 ingenieur_materiaux 31.087
2379.600 2381.760 59490 59544 inbtni_h_tiuul 7.320
2382.720 2384.640 59568 59616 ingenieur_rialisation 26.284
2385.360 2387.040 59634 59676 rojeteur 18.617
2388.000 2391.360 59700 59784 chef_de_projet 28.101
2387.760 2391.360 59694 59784 i_tlhnilitn_ain_i_tnanlt 11.525
2461.200 2462.880 61530 61572 g_nouant_i_li 4.854
2461.200 2462.880 61530 61572 inconnunu_incluant 13.692
1866.240 2482.800 46656 62070 matin 7184.630
2247.360 2482.800 56184 62070 tele 2835.230
2483.520 2490.960 62088 62274 itltmatin 11.094
2491.680 2504.880 62292 62622 matin 162.623
2512.560 2517.120 62814 62928 matn 14.446
2515.680 2517.120 62892 62928 hele 3.278
2491.680 2519.040 62292 62976 tele 250.224
2526.960 2528.640 63174 63216 matin 20.629
2526.960 2532.240 63174 63306 gregoire_tournon 75.066
2530.080 2533.440 63252 63336 min 7.030
2530.080 2534.160 63252 63354 matin 32.629
2521.200 2574.240 63030 64356 tele 552.228
2506.320 2587.200 62658 64680 matin 885.627
2575.920 2587.440 64398 64686 tele 88.228
2590.560 2592.000 64764 64800 tele 18.228
2594.160 2597.760 64854 64944 tele 45.228
2596.560 2598.960 64914 64974 lavant_l 4.501
2603.280 2605.440 65082 65136 images_canal 25.039
2596.560 2606.400 64914 65160 tum_radio 26.818
2596.800 2606.400 64920 65160 vldu_uldld 8.198
2599.200 2612.160 64980 65304 tele 138.228
2615.280 2618.160 65382 65454 tele 11.774
2621.040 2624.640 65526 65616 tele 19.728
2636.400 2639.760 65910 65994 matin 42.629
2633.040 2639.760 65826 65994 tele 71.228
2636.160 2639.760 65904 65994 ele 15.078
2643.360 2648.160 66084 66204 icle 14.877
2643.360 2648.160 66084 66204 matin 33.629
2644.560 2648.160 66114 66204 hele 9.278
2649.600 2650.800 66240 66270 hele 10.278
2588.640 2651.520 64716 66288 matin 656.622
2643.120 2651.520 66078 66288 tele 72.157
2652.240 2655.840 66306 66396 ieile 8.900
2656.560 2663.760 66414 66594 ele 16.078
2656.560 2665.200 66414 66630 matin 47.629
2657.280 2676.240 66432 66906 tele 167.228
2677.920 2692.320 66948 67308 ofer 77.901
2677.920 2697.120 66948 67428 tele 231.228
2657.280 2713.680 66432 67842 matin 686.619
2700.720 2713.680 67518 67842 tele 110.228
2715.360 2716.800 67884 67920 nealem_ati_nu 5.513
2717.520 2720.400 67938 68010 itele 17.550
2717.280 2720.400 67932 68010 matin 16.629
2722.080 2727.120 68052 68178 matin 25.629
2722.080 2727.120 68052 68178 iel 4.689
2723.280 2727.120 68082 68178 itci 3.405
2718.240 2731.680 67956 68292 tele 143.228
2718.240 2731.680 67956 68292 matin 133.629
2736.720 2737.920 68418 68448 min 5.030
2736.720 2737.920 68418 68448 tele 4.228
2736.480 2738.160 68412 68454 matin 19.629
2736.720 2741.280 68418 68532 matin 42.629
2745.120 2747.760 68628 68694 images_tls 47.617
2751.120 2755.920 68778 68898 eib_a_pierre_loborellenicolas_peschicr 25.707
2742.240 2765.280 68556 69132 matin 272.626
2732.400 2779.680 68310 69492 tele 425.216
2766.720 2780.160 69168 69504 matin 164.623
2783.520 2786.160 69588 69654 images_sport 46.094
2787.840 2790.240 69696 69756 alexandra_lacrabere 19.707
2783.040 2799.600 69576 69990 matin 183.629
2781.600 2799.600 69540 69990 tele 193.228
2801.280 2803.680 70032 70092 matin 11.629
2801.280 2808.720 70032 70218 tele 27.228
2807.280 2814.000 70182 70350 paul 33.102
2805.600 2814.000 70140 70350 matin 64.629
2807.520 2814.000 70188 70350 a_jiionme_inikio 28.001
2807.040 2814.000 70176 70350 philippe_le_guayi_l 29.100
2807.520 2814.000 70188 70350 male 15.102
2807.520 2814.000 70188 70350 amesante 14.772
2807.280 2814.000 70182 70350 il_y_q_un_nouveau_dealer_e_fi 20.359
2849.760 2850.960 71244 71274 paulette 6.954
2850.720 2853.360 71268 71334 dvd_et_bluray_gaumont 21.919
2850.000 2853.840 71250 71346 paulette 12.510
2811.120 2857.200 70278 71430 tele 267.225
2817.360 2862.960 70434 71574 matin 557.629
2858.640 2862.960 71466 71574 tele 34.228
2899.200 2901.840 72480 72546 dvd_wuld_snde_vndeo 10.314
2897.040 2902.320 72426 72558 u_falun_mucha_cheminn 9.009
2897.040 2902.320 72426 72558 maniement_lmn_imam 14.814
2898.000 2902.320 72450 72558 martial 4.304
2898.000 2902.320 72450 72558 mandar 15.309
2897.040 2902.560 72426 72564 paul_mon_l_avenir_ou_oluurv 11.854
2897.040 2902.560 72426 72564 inhumain 5.705
2863.680 2933.760 71592 73344 tele 497.224
2957.040 2958.720 73926 73968 il_bllulllm_il_nus 5.242
2956.560 2959.440 73914 73986 dvd_et_bluray_pathe 23.701
2953.920 2959.680 73848 73992 a_bicyclette 28.581
2953.920 2959.680 73848 73992 phll_ippi_l_f_guay 6.944
2864.400 2978.880 71610 74472 matin 1409.630
2939.760 2978.880 73494 74472 tele 290.228
2995.200 2997.120 74880 74928 eiviflu 3.598
2998.080 2999.520 74952 74988 point_out 9.366
3002.640 3006.000 75066 75150 wlijeieu 4.180
2998.560 3006.000 74964 75150 jou_dnal 4.674
2995.200 3006.000 74880 75150 memoires 40.105
2997.120 3006.000 74928 75150 emijeieu 5.044
3000.960 3006.000 75024 75150 oint_route 8.670
2999.280 3006.000 74982 75150 orama 15.673
3001.920 3006.000 75048 75150 oint_route 9.670
2979.600 3009.600 74490 75240 tele 110.228
2988.000 3013.440 74700 75336 matin 151.629
3021.360 3023.040 75534 75576 frederick_gersal 35.195
3017.040 3024.960 75426 75624 matin 43.507
3018.720 3024.960 75468 75624 tele 57.228
3032.400 3042.480 75810 76062 iejle 25.927
3043.920 3046.080 76098 76152 tele 30.228
3026.640 3047.520 75666 76188 matin 59.542
3048.480 3050.640 76212 76266 tele 15.228
3051.600 3054.000 76290 76350 tele 3.228
3055.440 3057.600 76386 76440 matin 10.629
3064.080 3068.640 76602 76716 matin 60.629
3064.320 3068.640 76608 76716 tele 33.228
3073.680 3075.600 76842 76890 matin 25.629
3076.320 3078.960 76908 76974 matin 12.629
3088.320 3091.920 77208 77298 tele 10.228
3084.000 3093.120 77100 77328 matin 67.629
3097.200 3104.640 77430 77616 tele 42.228
3107.520 3125.760 77688 78144 tele 126.228
3127.200 3140.640 78180 78516 tele 86.228
3143.760 3148.320 78594 78708 tele 24.228
3097.200 3148.560 77430 78714 matin 567.629
3152.880 3154.560 78822 78864 tele 11.228
3158.640 3160.800 78966 79020 tele 18.228
3164.880 3168.000 79122 79200 tele 24.228
3169.920 3173.040 79248 79326 tele 27.228
3149.280 3176.160 78732 79404 matin 339.629
3174.720 3210.240 79368 80256 tele 243.228
3211.920 3213.600 80298 80340 tele 10.228
3215.760 3219.120 80394 80478 tele 27.228
3220.080 3223.200 80502 80580 g_percebois 52.112
3219.840 3223.200 80496 80580 reportage 45.363
3219.840 3223.200 80496 80580 f_gersal 48.289
3219.840 3223.200 80496 80580 s_doubrere 51.012
3220.080 3223.200 80502 80580 f_zhepova 47.857
3220.560 3238.800 80514 80970 tele 90.228
3177.120 3240.720 79428 81018 matin 763.629
3242.640 3245.760 81066 81144 miati_n 15.441
3242.640 3245.760 81066 81144 tele 49.228
3248.400 3249.840 81210 81246 tele 21.228
3247.680 3254.880 81192 81372 matin 54.629
3255.600 3264.720 81390 81618 ele 15.078
3261.840 3274.320 81546 81858 matin 143.629
3266.160 3274.320 81654 81858 tele 90.228
3284.160 3294.480 82104 82362 man 48.301
3299.520 3304.560 82488 82614 man 19.301
3313.680 3314.880 82842 82872 man 15.301
3316.320 3318.960 82908 82974 ain 7.892
3316.320 3318.960 82908 82974 cash_investigation 51.077
3316.320 3318.960 82908 82974 le_scandale_de_levasion_fiscale 45.729
3345.600 3349.440 83640 83736 la_monture 57.023
3345.840 3349.440 83646 83736 prix_de_vente_conseille 31.686
3358.560 3364.320 83964 84108 prix_du_modele_arcos_hors_domtom_selon_descriptif_disponible_dans_les_magasins_participants 85.706
3362.160 3364.320 84054 84108 schmidt 32.005
3362.160 3364.320 84054 84108 au_c_ur_de_la_maison 11.572
3375.360 3381.120 84384 84528 en_direct 55.443
3384.000 3385.680 84600 84642 cesor 10.420
3383.040 3388.800 84576 84720 en_direct 49.568
3390.480 3393.840 84762 84846 mots_croises 52.241
3395.760 3398.640 84894 84966 tele 5.228
3397.440 3406.560 84936 85164 matin 6.629
3400.560 3407.280 85014 85182 tele 11.228
3411.120 3421.440 85278 85536 iours 36.148
3410.880 3421.440 85272 85536 sebmenaz 67.620
3410.880 3421.440 85272 85536 iabiiai 28.665
3424.080 3428.640 85602 85716 abordeaux 3.372
3411.840 3444.720 85296 86118 matin 325.629
3411.840 3444.720 85296 86118 tele 200.228
3429.600 3444.720 85740 86118 niort_o 11.724
3429.360 3444.720 85734 86118 nant_e 48.242
3429.360 3444.720 85734 86118 d_poitiers 13.897
3432.960 3444.720 85824 86118 un_pl_en 142.265
3432.960 3444.720 85824 86118 cause 154.991
3445.200 3460.560 86130 86514 nrlermont 38.811
3446.160 3460.560 86154 86514 telemati 54.703
3449.280 3460.560 86232 86514 implique 150.115
3454.320 3460.560 86358 86514 ferrand 29.657
3454.320 3460.560 86358 86514 limoges_i 28.798
3461.280 3470.160 86532 86754 avranches 82.111
3463.920 3470.160 86598 86754 caen 72.591
3461.280 3470.160 86532 86754 aen 67.133
3460.800 3470.160 86520 86754 chartres 44.962
3470.880 3478.320 86772 86958 xasainth_n 34.758
3470.880 3478.320 86772 86958 nsaiu_an 29.023
3470.880 3478.320 86772 86958 legrand_ii 57.592
3470.880 3478.320 86772 86958 paris 66.106
3470.640 3478.320 86766 86958 uecole 36.129
3470.640 3478.320 86766 86958 champigny 60.945
3470.400 3486.000 86760 87150 matin 161.573
3488.880 3503.040 87222 87576 matin 85.195
3507.360 3521.280 87684 88032 matin 98.629
3507.360 3522.720 87684 88068 tele 79.228
3589.920 3591.120 89748 89778 dimanche 21.918
3523.200 3604.280 88080 90107 matin 289.626
3553.440 3604.280 88836 90107 tele 230.202
