3.120 15.600 78 390 tele 62.228
18.720 19.920 468 498 tele 9.228
0.720 28.560 18 714 matin 197.609
24.720 28.560 618 714 tele 52.208
31.200 33.360 780 834 nathanael_de_rincouesen 44.554
29.280 49.440 732 1236 iclcmatin 11.213
51.600 55.200 1290 1380 jouelestours_indreetloire_ce_matin 57.983
51.120 55.440 1278 1386 anne_guilleepee 67.598
50.160 62.880 1254 1572 tele 143.228
66.000 70.320 1650 1758 secretaire_du_comite_d_etabl_ssement_sud 51.781
66.000 70.560 1650 1764 olivier_coutant 74.565
103.680 108.000 2592 2700 a_guilleepee_a_darrigrand_j_russeil 73.321
103.680 108.000 2592 2700 reportage 56.382
32.160 110.640 804 2766 matin 737.622
72.240 110.640 1806 2766 tele 276.228
120.960 126.720 3024 3168 secretaire_general_de_force_ouvriere 61.489
120.720 126.960 3018 3174 jeanclaude_mailly 87.136
119.760 128.400 2994 3210 matin 84.617
131.040 139.920 3276 3498 atin 69.055
111.360 143.760 2784 3594 itltmatin 10.094
130.800 152.160 3270 3804 tele 51.228
157.680 161.040 3942 4026 aeroport_d_orly_valdemarne_ce_matin 49.729
157.200 161.280 3930 4032 lila_bellili 63.194
152.880 170.400 3822 4260 tele 194.228
163.680 171.360 4092 4284 aeroport_d_orly_valdemarne_ce_matin 94.919
174.720 178.320 4368 4458 reportage_l_bellili_d_da_meda 45.810
174.480 178.560 4362 4464 f_briand_c_krauskopffwolf_f 37.768
180.720 200.400 4518 5010 tele 64.148
149.760 200.400 3744 5010 matin 371.621
201.840 204.000 5046 5100 francois_lenglet 33.351
201.120 208.800 5028 5220 tele 8.228
209.520 211.680 5238 5292 tel 7.718
209.520 217.440 5238 5436 matin 20.629
219.120 222.240 5478 5556 matin 21.629
219.120 225.360 5478 5634 tele 9.978
222.960 227.280 5574 5682 ltltmatin 5.493
228.960 232.320 5724 5808 matin 11.629
230.400 232.320 5760 5808 tele 17.228
233.760 239.760 5844 5994 matin 18.629
234.240 239.760 5856 5994 tele 16.228
242.160 245.040 6054 6126 tel 13.718
242.160 245.040 6054 6126 matin 19.629
242.640 245.040 6066 6126 mai 9.431
250.560 252.960 6264 6324 matin 8.629
250.320 255.120 6258 6378 tele 22.228
254.880 257.040 6372 6426 matin 18.567
259.200 261.600 6480 6540 telematin 4.858
262.320 266.640 6558 6666 tel 23.718
262.320 267.120 6558 6678 matin 36.629
270.000 274.320 6750 6858 tele 19.228
270.000 274.320 6750 6858 matin 22.629
277.680 311.040 6942 7776 tele 282.225
275.760 314.880 6894 7872 matin 368.629
316.320 319.440 7908 7986 tele 19.228
317.760 320.640 7944 8016 archives 46.087
316.560 324.480 7914 8112 matin 92.629
328.080 333.600 8202 8340 matin 6.629
334.320 339.120 8358 8478 tele 47.228
334.320 349.440 8358 8736 matin 188.597
341.040 349.440 8526 8736 tele 91.228
358.800 361.440 8970 9036 paris_hier 45.434
354.960 362.160 8874 9054 tele 82.228
354.960 369.600 8874 9240 matin 191.629
364.080 369.600 9102 9240 tele 45.228
377.280 380.640 9432 9516 ieile 14.761
390.960 394.320 9774 9858 direct 48.955
390.720 394.560 9768 9864 gerard_grizbec 58.372
381.360 395.520 9534 9888 tele 160.228
389.760 395.520 9744 9888 hidiclinic 27.949
391.440 395.520 9786 9888 heart_hospital 19.398
433.680 437.520 10842 10938 heart_hospi 20.492
433.440 442.800 10836 11070 hidiclinic 26.905
438.720 442.800 10968 11070 eart_hospital 14.207
390.720 443.280 9768 11082 direct_pretoria_afrique_du_sud 481.290
400.080 446.400 10002 11160 tele 455.228
447.600 452.640 11190 11316 ieile 10.761
453.840 458.160 11346 11454 magdebourg_allemagne 66.191
453.360 461.280 11334 11532 tele 98.228
462.960 465.360 11574 11634 tele 18.228
373.200 469.200 9330 11730 matin 1034.630
466.800 469.200 11670 11730 tele 22.228
468.000 469.440 11700 11736 varsovie_pologne 29.621
481.920 499.200 12048 12480 tele 30.228
500.640 508.800 12516 12720 tele 75.228
512.400 519.600 12810 12990 tele 49.228
516.480 523.920 12912 13098 correction_d_une_copie 105.923
476.160 525.120 11904 13128 matin 436.629
524.160 526.560 13104 13164 tel 6.718
528.480 549.120 13212 13728 tele 209.228
550.560 564.240 13764 14106 matin 71.629
558.960 573.600 13974 14340 tele 85.228
574.320 580.320 14358 14508 hvooccuucaoa_ocoucunnoaonaqwunnuvnuuuwn 14.851
574.080 580.320 14352 14508 immune 13.495
574.320 580.320 14358 14508 inc_rnauouluauonnnnuannunoaun 18.431
574.080 580.320 14352 14508 d_sent 9.617
574.080 580.320 14352 14508 lmmaiatasamaaowacamaswmmassamm_brame 10.818
574.080 580.320 14352 14508 li_i_lualu 15.553
574.320 580.320 14358 14508 uauaalunnvaurhanovmahnnau 15.095
574.320 580.320 14358 14508 panna 16.860
574.320 580.320 14358 14508 ma_un_n_mon_orange_in_moteurs_on_son_nmnn 33.889
575.040 580.320 14376 14508 hmcwnanmn 17.726
575.040 580.320 14376 14508 maman 30.486
575.040 580.320 14376 14508 ele 72.078
575.280 580.320 14382 14508 commun 7.943
575.280 580.320 14382 14508 noir 23.367
526.560 580.560 13164 14514 matin 554.629
582.720 610.080 14568 15252 tele 291.225
607.680 611.280 15192 15282 recit_e_tran_nguyen 53.733
607.680 611.520 15192 15288 montage_a_cosoueric 47.536
611.520 618.240 15288 15456 tele 64.228
619.920 650.640 15498 16266 tele 348.228
582.720 655.920 14568 16398 matin 832.606
653.520 655.920 16338 16398 tele 13.228
658.080 666.000 16452 16650 tele 65.228
656.640 672.000 16416 16800 matin 134.341
669.840 674.640 16746 16866 tele 25.228
686.640 695.760 17166 17394 mon 2.213
696.000 703.440 17400 17586 acheter 61.785
675.600 719.040 16890 17976 tele 140.214
720.240 726.240 18006 18156 tele 23.228
714.720 737.520 17868 18438 herve 22.041
714.240 737.520 17856 18438 acheter 142.785
744.000 749.520 18600 18738 rai 23.909
727.680 753.360 18192 18834 tele 122.228
749.760 754.800 18744 18870 acheter 48.785
755.520 757.920 18888 18948 l_c_cntu_bike 6.499
755.040 757.920 18876 18948 le_meilleur_c 19.945
755.520 757.920 18888 18948 tweets 33.835
755.040 757.920 18876 18948 a_suivre_ega 27.258
755.280 757.920 18882 18948 browser_ur 9.290
755.040 757.920 18876 18948 conducteurs 30.364
755.040 757.920 18876 18948 bonne_co 25.722
756.480 757.920 18912 18948 a_iaiwah_anus_in 8.122
756.720 757.920 18918 18948 tu_quinto_minus_intendant 22.034
758.400 766.080 18960 19152 la_ncshuopv_amlnusljndev_lnnewyockck 26.974
758.400 770.880 18960 19272 cm_bike 28.084
758.160 770.880 18954 19272 bit_lvi_sifni 22.421
758.160 770.880 18954 19272 a_suivre_ega 158.163
758.160 770.880 18954 19272 browser_ur 86.290
755.760 773.040 18894 19326 lonne_co 38.216
771.840 773.040 19296 19326 t_l_lent_bike 7.741
771.600 773.040 19290 19326 la_inahuoh_minus_lnuowvaucl 13.738
771.120 773.040 19278 19326 conducteurs 21.364
771.120 773.040 19278 19326 a_suivre_ega 16.045
771.120 773.040 19278 19326 browser_ur 16.290
771.120 773.040 19278 19326 le_meilleur 16.743
771.600 773.040 19290 19326 tweets 19.835
674.640 774.960 16866 19374 matin 455.629
775.200 782.400 19380 19560 tele 13.228
779.760 782.400 19494 19560 tele 8.228
783.120 786.480 19578 19662 tele 45.228
794.640 808.080 19866 20202 tele 147.228
782.880 812.400 19572 20310 teo 325.479
782.880 812.640 19572 20316 rdv_culturel 363.946
782.880 812.880 19572 20322 journal 201.623
782.880 813.120 19572 20328 sante 376.442
813.840 815.520 20346 20388 sante 13.081
809.520 816.720 20238 20418 ele 12.078
817.680 820.560 20442 20514 teo 42.479
817.200 822.480 20430 20562 sante 80.456
817.200 822.480 20430 20562 rdv_culturel 76.946
823.440 825.840 20586 20646 i_ide_reg_s_de_martrin_donosjean_mar_e_besset 22.533
823.200 825.840 20580 20646 eombre 26.426
824.400 825.840 20610 20646 santerdv_culture 21.777
821.280 833.040 20532 20826 meteo 119.261
817.200 833.040 20430 20826 journal 115.614
826.800 833.040 20670 20826 rdv_culturel 86.946
826.800 833.040 20670 20826 sante 86.456
830.880 833.040 20772 20826 doio 5.027
783.120 837.600 19578 20940 matin 415.627
810.960 837.600 20274 20940 tele 171.228
842.640 855.840 21066 21396 the_closer 91.825
858.240 864.480 21456 21612 mots_croises 70.208
866.880 868.320 21672 21708 au_clair_de_la_lune 30.773
869.040 876.960 21726 21924 au_clair_de_la_lune 90.735
872.880 877.200 21822 21930 mots_croises 65.241
886.080 889.920 22152 22248 l_nxrrmr_de_rocmc_du_cumacufugo_continu_a_qxianr 21.422
886.080 889.920 22152 22248 bouyms_de_chaleur_sudofion_ncnosiud 20.646
886.800 889.920 22170 22248 fatigue_musculaire 41.751
887.040 889.920 22176 22248 x_voifassum_conmbue_a_une_iondion_nuscuoirt 22.927
887.040 889.920 22176 22248 vcv_moic_et_c_redoute_io_fougue 14.132
887.280 889.920 22182 22248 x__jogvmsum_comme_o_une_fonction_nusctloin 16.022
884.400 890.160 22110 22254 pour_votre_sente_pronquez_une_octwuie_physique_regulnere_wwwmongerbouger 51.743
884.640 894.000 22116 22350 ont_o 5.160
884.880 894.000 22122 22350 wwwbetolonefr 26.171
890.880 894.000 22272 22350 reconnait 5.846
890.640 894.000 22266 22350 anto_oat 4.661
890.400 894.000 22260 22350 equmbre_physiologoquc 10.434
888.240 894.000 22206 22350 a_les 4.350
892.080 894.000 22302 22350 en_pharmacie 34.588
895.440 915.120 22386 22878 pour_votre_sante_pratiquez_une_activite_physique_reguliere_wwwmangerbougenfr 155.823
912.720 915.120 22818 22878 nans 7.598
917.520 922.080 22938 23052 rejoigneznous_sur 66.618
918.960 922.080 22974 23052 a_paume 14.733
923.280 933.120 23082 23328 pour_votre_sante_evitez_de_manger_trop_gras_trop_sucre_trop_sale_wwwmangerbougertr 83.805
930.960 933.120 23274 23328 iaboule 10.574
941.280 944.160 23532 23604 wul_iofkhi 6.910
941.280 944.160 23532 23604 e_audi_baby 14.228
941.520 944.160 23538 23604 intervenants 16.985
941.520 944.160 23538 23604 audisprayl_lof 6.623
941.520 944.160 23538 23604 ramenant 13.534
942.960 944.160 23574 23604 vendu_en_pharmacie 29.687
946.320 948.720 23658 23718 vudlikji 7.618
954.240 955.680 23856 23892 logishotelscom 10.961
960.480 982.800 24012 24570 matin 260.625
960.480 982.800 24012 24570 tele 273.228
987.600 994.800 24690 24870 matin 21.629
993.600 994.800 24840 24870 tele 22.228
996.480 1002.960 24912 25074 matin 37.401
1001.040 1002.960 25026 25074 tele 25.228
1011.840 1014.720 25296 25368 matn 14.446
1011.840 1014.960 25296 25374 itele 9.402
1012.560 1016.640 25314 25416 laurence_ostolaza 66.183
1016.400 1020.240 25410 25506 ele 20.078
1016.400 1026.240 25410 25656 matn 34.446
1021.920 1026.240 25548 25656 itele 8.628
1029.120 1037.520 25728 25938 matn 53.446
1029.120 1037.520 25728 25938 ele 39.052
1040.880 1044.480 26022 26112 ele 13.078
1040.880 1048.080 26022 26202 matn 21.446
1046.400 1048.080 26160 26202 itele 9.024
1007.520 1048.320 25188 26208 matin 305.603
1049.040 1050.480 26226 26262 iel 13.689
1051.680 1053.840 26292 26346 ele 9.078
1051.200 1053.840 26280 26346 matn 13.446
1055.280 1057.440 26382 26436 ele 16.078
1055.280 1058.160 26382 26454 matn 13.446
1063.440 1064.640 26586 26616 matin 5.629
1068.720 1073.520 26718 26838 ele 16.078
1068.720 1074.480 26718 26862 matn 18.446
1007.760 1075.680 25194 26892 tele 342.217
1077.360 1078.560 26934 26964 tele 19.228
1081.200 1087.680 27030 27192 ele 23.078
1080.960 1088.640 27024 27216 matn 19.446
1080.240 1091.760 27006 27294 tele 70.228
1100.400 1103.520 27510 27588 curiste 43.003
1100.400 1103.520 27510 27588 jeanmarc_pan 47.076
1100.160 1110.960 27504 27774 tele 48.228
1124.400 1127.280 28110 28182 marlene_darbelet 38.407
1124.400 1127.280 28110 28182 dieteticienne 19.277
1118.400 1142.880 27960 28572 tele 171.228
1146.000 1147.920 28650 28698 tele 14.228
1171.440 1174.320 29286 29358 dr_philippe_guerin 48.008
1171.440 1174.320 29286 29358 medecin_thermal 27.871
1152.000 1183.200 28800 29580 tele 269.228
1051.200 1187.280 26280 29682 matin 1357.620
1208.640 1211.520 30216 30288 catherine_cherel 49.343
1208.640 1211.520 30216 30288 responsable_des_soins 42.177
1257.360 1260.000 31434 31500 valerie_galpin 48.080
1257.360 1260.000 31434 31500 podologue 22.076
1190.400 1263.360 29760 31584 tele 569.228
1273.440 1276.800 31836 31920 l_dupont 49.455
1273.200 1277.040 31830 31926 s_garenne 50.402
1273.200 1277.040 31830 31926 l_garibal 31.767
1273.920 1277.040 31848 31926 reportage 28.363
1273.440 1277.040 31836 31926 l_ostolaza 51.036
1273.440 1277.040 31836 31926 realisation 15.232
1191.360 1281.840 29784 32046 matin 1103.630
1266.480 1281.840 31662 32046 tele 194.228
1289.760 1298.400 32244 32460 matn 24.446
1290.480 1298.400 32262 32460 ele 19.078
1286.160 1298.640 32154 32466 tele 96.218
1286.400 1298.640 32160 32466 matin 80.604
1300.080 1302.000 32502 32550 doua 5.271
1302.960 1304.160 32574 32604 ele 8.078
1302.960 1305.360 32574 32634 matn 7.446
1302.240 1307.760 32556 32694 tele 26.187
1305.600 1307.760 32640 32694 itele 4.419
1313.520 1317.360 32838 32934 tele 44.228
1314.720 1317.360 32868 32934 presse 18.360
1302.240 1319.040 32556 32976 matin 118.629
1314.960 1320.480 32874 33012 revue 34.067
1319.520 1320.720 32988 33018 presse 11.645
1314.000 1323.360 32850 33084 memoires 13.072
1321.440 1326.480 33036 33162 revue_de_presse 18.273
1320.000 1328.400 33000 33210 tele 72.228
1326.960 1330.320 33174 33258 revue_de_presse 37.234
1327.200 1330.320 33180 33258 memgires 6.485
1314.000 1330.560 32850 33264 cinema 171.823
1313.760 1330.560 32844 33264 spectacles 166.377
1314.000 1330.560 32850 33264 regions 117.243
1331.520 1338.000 33288 33450 tele 77.228
1322.160 1346.880 33054 33672 matin 177.629
1352.640 1356.960 33816 33924 tele 22.228
1348.320 1358.400 33708 33960 matin 38.629
1359.120 1361.040 33978 34026 ieile 4.765
1367.760 1371.120 34194 34278 frederick_gersal 39.195
1363.920 1382.640 34098 34566 matin 160.598
1364.640 1382.880 34116 34572 tele 140.228
1386.960 1389.840 34674 34746 matin 43.629
1384.560 1389.840 34614 34746 tele 53.228
1393.440 1418.400 34836 35460 tele 284.214
1391.280 1418.400 34782 35460 matin 285.608
1419.840 1421.280 35496 35532 uisihs 4.860
1422.720 1428.000 35568 35700 tele 57.228
1420.080 1428.000 35502 35700 matin 64.629
1429.680 1442.160 35742 36054 tele 55.821
1445.520 1450.080 36138 36252 tele 13.978
1429.920 1458.240 35748 36456 matin 198.629
1451.520 1458.240 36288 36456 tele 16.228
1461.600 1463.520 36540 36588 tele 5.228
1467.360 1509.600 36684 37740 tele 273.155
1511.040 1525.440 37776 38136 tele 114.228
1527.840 1530.000 38196 38250 tele 11.228
1531.440 1534.800 38286 38370 tele 28.228
1536.240 1538.640 38406 38466 tele 14.228
1541.040 1544.640 38526 38616 tele 24.228
1546.080 1547.280 38652 38682 tele 7.228
1548.720 1551.840 38718 38796 tele 27.228
1467.120 1560.240 36678 39006 matin 1025.620
1554.000 1590.960 38850 39774 tele 267.228
1593.120 1597.200 39828 39930 g_percebois 59.112
1593.120 1597.200 39828 39930 reportage 42.363
1593.120 1597.200 39828 39930 f_gersal 33.289
1593.120 1597.200 39828 39930 s_doubrere 61.012
1593.120 1597.200 39828 39930 f_zhepova 54.857
1595.040 1597.680 39876 39942 tele 11.228
1599.600 1614.960 39990 40374 tele 74.228
1617.840 1620.240 40446 40506 tele 26.187
1622.640 1635.360 40566 40884 tele 75.228
1639.680 1641.120 40992 41028 tele 18.228
1643.280 1646.400 41082 41160 tele 31.228
1648.080 1660.080 41202 41502 tele 46.137
1668.480 1671.600 41712 41790 revue 7.494
1667.040 1672.320 41676 41808 presse 21.645
1668.720 1673.760 41718 41844 r_gions 14.424
1669.920 1674.000 41748 41850 spectac 14.474
1561.200 1676.880 39030 41922 matin 1129.620
1673.040 1676.880 41826 41922 revue_de_presse 19.273
1668.720 1676.880 41718 41922 cinema 20.829
1669.200 1676.880 41730 41922 tele 56.228
1672.560 1676.880 41814 41922 emoires 23.440
1677.840 1690.080 41946 42252 icle 7.877
1689.120 1692.720 42228 42318 utaurunn 13.030
1693.920 1697.280 42348 42432 venant_aua 5.341
1698.960 1709.520 42474 42738 emkohmedewnd 28.680
1699.680 1709.520 42492 42738 euluiwdfwaie 20.258
1678.320 1711.200 41958 42780 tele 198.228
1679.280 1724.160 41982 43104 matin 308.623
1713.120 1726.080 42828 43152 tele 69.228
1710.240 1738.560 42756 43464 coc_omafouowazbm_iu_cneapmaeuoaw 41.594
1710.480 1749.120 42762 43728 on_leur_met_de_la 136.658
1739.280 1749.120 43482 43728 pesanteur 138.981
1739.280 1749.120 43482 43728 test_pourquol 79.579
1728.720 1749.120 43218 43728 matin 158.629
1728.480 1752.240 43212 43806 tele 145.228
1754.880 1756.800 43872 43920 tele 27.228
1762.080 1771.440 44052 44286 tele 14.228
1778.160 1786.560 44454 44664 triques_easybike_qui_devrait_inaugurer 101.339
1778.160 1786.560 44454 44664 fabriques_aujourd_hlll_en 47.192
1778.160 1786.560 44454 44664 chine_les_solex_pourraient_prochaine 68.768
1778.160 1786.560 44454 44664 coproprie_f__le_agacant_velos_grec_le_solex_pourrait_etre_fabrique_en_france 64.438
1778.160 1786.560 44454 44664 tion_de_la_production_de_ces_velos_a_mo 91.806
1750.560 1788.720 43764 44718 matin 244.621
1775.760 1788.720 44394 44718 tele 52.228
1803.360 1805.040 45084 45126 tele 22.228
1807.680 1822.080 45192 45552 tele 99.228
1826.400 1834.080 45660 45852 public_qui_n_ose_peutetre_pa 74.195
1826.880 1834.080 45672 45852 porte_des_salles_de_concert_tra_radio_classi_ue_lui_ro_se 70.960
1834.800 1837.680 45870 45942 accessibles_et_thematiques 34.802
1834.800 1837.680 45870 45942 dans_ce_lieu_symbolique_des 32.886
1839.360 1860.240 45984 46506 mumaniie 41.117
1839.600 1860.240 45990 46506 canonan 41.915
1840.080 1860.240 46002 46506 caivaoizoccm 29.253
1836.240 1862.160 45906 46554 tele 253.228
1789.440 1872.240 44736 46806 matin 655.626
1872.480 1879.200 46812 46980 tele 35.228
1873.920 1880.640 46848 47016 matin 51.629
1886.640 1905.120 47166 47628 tiesi_e 4.759
1905.600 1908.480 47640 47712 revue 18.160
1909.200 1910.880 47730 47772 edepres 6.302
1913.040 1914.240 47826 47856 revue 9.160
1907.280 1918.320 47682 47958 memoires 68.848
1905.600 1918.320 47640 47958 spectacles 65.396
1909.440 1918.320 47736 47958 cinema 53.809
1914.000 1918.320 47850 47958 revue 43.160
1905.600 1918.560 47640 47964 regions 117.235
1902.000 1918.800 47550 47970 tele 168.228
1882.800 1920.000 47070 48000 matin 203.629
1923.600 1931.760 48090 48294 tele 37.228
1923.360 1931.760 48084 48294 matin 71.629
1933.920 1935.120 48348 48378 tele 20.228
1938.960 1942.080 48474 48552 ele 7.078
1933.920 1953.840 48348 48846 matin 84.629
1946.400 1953.840 48660 48846 tele 8.228
1960.320 1967.040 49008 49176 tele 37.228
1968.720 1979.760 49218 49494 tele 80.228
1956.240 2001.120 48906 50028 matin 314.626
1981.440 2001.120 49536 50028 tele 122.228
2005.440 2014.800 50136 50370 tele 69.213
2026.080 2029.440 50652 50736 philippe_serenon 37.884
2026.080 2029.440 50652 50736 cofondateur_du_concept_photomed 28.910
2016.960 2037.600 50424 50940 tele 85.216
2039.040 2058.960 50976 51474 tele 161.228
2002.560 2066.640 50064 51666 matin 650.628
2060.640 2066.640 51516 51666 tele 47.228
2068.800 2072.640 51720 51816 tele 37.228
2069.280 2081.520 51732 52038 matin 129.629
2074.080 2082.960 51852 52074 tele 74.228
2086.320 2089.200 52158 52230 tele 27.228
2087.760 2096.400 52194 52410 matin 112.629
2090.640 2096.640 52266 52416 tele 44.228
2097.840 2099.760 52446 52494 matin 13.629
2099.760 2135.040 52494 53376 tele 319.209
2102.880 2135.280 52572 53382 matin 346.603
2139.360 2141.280 53484 53532 matin 8.629
2139.840 2141.280 53496 53532 illli 6.058
2146.800 2148.720 53670 53718 o_delarue 17.072
2147.280 2149.680 53682 53742 s_doraghi 33.496
2146.800 2149.680 53670 53742 f_lemay 40.366
2146.800 2150.160 53670 53754 p_loussier 40.956
2142.000 2152.080 53550 53802 matin 96.629
2139.360 2152.080 53484 53802 tele 101.228
2152.800 2154.480 53820 53862 tejle 9.034
2156.640 2159.760 53916 53994 tele 39.228
2156.160 2160.960 53904 54024 matin 53.629
2160.480 2168.160 54012 54204 tele 22.228
2169.600 2171.760 54240 54294 tele 16.228
2165.520 2189.040 54138 54726 matin 178.533
2176.320 2189.040 54408 54726 tele 36.228
2191.680 2193.840 54792 54846 matin 5.629
2190.720 2200.560 54768 55014 tele 11.228
2203.920 2205.600 55098 55140 tele 21.228
2207.040 2209.680 55176 55242 tele 6.228
2220.720 2222.640 55518 55566 le_vraie_veste_steedy_replique_de_le_veste 41.932
2220.720 2222.640 55518 55566 l_une_des_pieces_phares_de_l_emission 23.151
2220.720 2222.640 55518 55566 la_vraie_veste_stea_veste_iilael__himegqvhares_de_relnialtanteau_noir 52.353
2220.720 2222.640 55518 55566 clothing_de_ryan 20.779
2220.720 2222.640 55518 55566 le_tony_stark_dans 16.892
2220.720 2222.640 55518 55566 ponte_par_tony_stalk 22.025
2220.720 2222.640 55518 55566 desormais_teleniatin_s_invite_sur_la_table_de_votre_petit 45.616
2220.720 2222.640 55518 55566 steady_clothing 16.217
2220.720 2222.640 55518 55566 brands_on_air 18.202
2220.720 2222.640 55518 55566 toute 15.287
2220.720 2222.640 55518 55566 acheter_n 20.271
2220.720 2222.640 55518 55566 william_leymergie_c_est_de_suite_plus_sympathique_non 35.020
2220.720 2222.640 55518 55566 acheter 30.170
2220.720 2222.640 55518 55566 acheter 27.133
2221.200 2222.640 55530 55566 marvel 14.771
2223.320 2224.760 55583 55619 tele 26.228
2223.320 2225.480 55583 55637 trip 13.796
2223.320 2225.720 55583 55643 entre_deux_chroniques_ce_fameux_mug_personnalise 51.163
2223.320 2225.720 55583 55643 avec_le_logo_de_l_emission_est_devenu_au_lil_des_annees 40.862
2223.320 2225.720 55583 55643 tienne_oies_eueeea_ehevee_elle_llelvuleeoen 34.991
2223.320 2225.720 55583 55643 toute 23.364
2223.320 2225.720 55583 55643 dejeuner_tremper_votre_tartine_dans_le_meme_mug_que 48.745
2223.320 2225.720 55583 55643 notr 27.453
2223.320 2225.720 55583 55643 wiiiieni_ieevniereie_e_esi_ccie_seiie_nies_svniipeiniene_nen 48.815
2223.320 2225.720 55583 55643 rouge_et_en_noir_n_attendez_plus_l 27.844
2223.320 2225.720 55583 55643 produits_lies 32.548
2226.200 2227.400 55655 55685 tele 12.228
2226.920 2232.200 55673 55805 vinira_artlutin 7.414
2231.000 2241.080 55775 56027 tele 73.228
2226.440 2241.080 55661 56027 toute 83.343
2226.440 2241.080 55661 56027 l_une_des_pieces_phares_de_l_emission 84.178
2226.440 2241.080 55661 56027 william_leymergie_apparait_et_lui_aussi_boit_son_cafe 63.962
2223.320 2241.080 55583 56027 avec_le_logo_le_lemission_est_devenu_au_fil_des_annees 70.253
2227.880 2241.080 55697 56027 xelea 12.118
2226.200 2241.080 55655 56027 dejeuner_tremper_votre_tartine_dans_le_meme_mug_que 101.745
2226.200 2241.080 55655 56027 telematin 70.497
2223.320 2241.080 55583 56027 desormais_telematin_s_invite_sur_la_table_de_votre_petit 130.789
2226.440 2241.080 55661 56027 notr 126.453
2225.960 2241.080 55649 56027 william_leymergie_c_est_de_suite_plus_sympathique_non 100.020
2225.960 2241.080 55649 56027 entre_deux_chroniques_ce_fameux_mug_personnalise 104.051
2242.760 2245.400 56069 56135 tealle 4.052
2247.800 2249.960 56195 56249 tele 36.228
2223.320 2256.440 55583 56411 matin 268.629
2251.640 2256.440 56291 56411 tele 57.228
2288.360 2290.280 57209 57257 technospace 32.248
2291.480 2292.680 57287 57317 creative_technologie 31.928
2288.360 2292.680 57209 57317 multiconnecte 34.674
2300.840 2302.280 57521 57557 action_cosmetique_de 33.626
2300.840 2302.280 57521 57557 remodelage_qui_ne_comporte 36.460
2300.840 2302.280 57521 57557 pas_de_perte_de_poids 27.270
2309.720 2315.000 57743 57875 appelez_stannah_maintenant 50.246
2315.240 2321.720 57881 58043 appelez_stannah_maintenant 83.246
2315.480 2321.720 57887 58043 appel_gratuit_depuis_un_poste_fixe 70.740
2315.720 2321.720 57893 58043 wwwoste_ntnahoifir 6.187
2317.640 2321.720 57941 58043 w_cent 9.655
2322.920 2334.680 58073 58367 pour_votre_sante_pratiquez_une_activite_physique_reguliere_wwwmangerbougerfr 69.463
2333.480 2334.680 58337 58367 indication_geographique_protegee 23.430
2341.880 2349.080 58547 58727 il_amplifon 5.124
2350.040 2355.800 58751 58895 appel_gratuit_depuis_un_poste_fixe 28.661
2351.000 2355.800 58775 58895 moyennant_le_versement_d_un 84.055
2351.000 2355.800 58775 58895 depot_de_garantie_restituable_au 81.264
2351.000 2355.800 58775 58895 terme_du_pret_selon_conditions 67.539
2351.240 2355.800 58781 58895 trusksgamauwugsmaeu_b_sutgoo_q_ulmjuls 8.754
2424.680 2426.120 60617 60653 es_pepetes_a_perpel 27.150
2433.800 2435.240 60845 60881 iieanpalilhli_il_ll 7.595
2433.080 2436.680 60827 60917 collection 27.412
2435.000 2436.920 60875 60923 mari_nana_ii 4.434
2435.960 2437.160 60899 60929 jeanpaul 6.926
2433.080 2437.400 60827 60935 special_anniversaire 29.872
2438.120 2440.520 60953 61013 twnauinac 4.440
2438.600 2440.520 60965 61013 rencontre_avecune_legende 26.099
2438.120 2440.520 60953 61013 nouveau 15.465
2452.760 2455.400 61319 61385 hepar 11.030
2455.640 2457.800 61391 61445 rejoigneznous_sur_facebook 30.845
2455.880 2457.800 61397 61445 un_esprit_libre_dans_un_corps_libre 41.160
2464.520 2468.360 61613 61709 uladtkmint 8.893
2464.520 2468.360 61613 61709 pro_hyalu_ronique 19.898
2464.520 2468.360 61613 61709 diadermine 36.418
2477.000 2478.680 61925 61967 jour 20.369
2477.000 2478.680 61925 61967 diadermine 18.582
2477.480 2478.680 61937 61967 mon 7.213
2506.280 2508.680 62657 62717 vudlikji 5.618
2514.920 2516.360 62873 62909 ogishote_scom 11.571
2521.880 2523.320 63047 63083 un_oint 3.941
2520.920 2525.720 63023 63143 tele 29.228
2526.200 2531.960 63155 63299 lvlde_mas_de_mammn_donosean_marie_besset 45.173
2536.520 2538.680 63413 63467 jeanphilippe_viaud 38.675
2527.160 2539.640 63179 63491 tele 108.228
2542.280 2553.080 63557 63827 tele 78.228
2571.800 2575.640 64295 64391 anne_bouvier 59.652
2555.480 2595.320 63887 64883 tele 180.195
2605.400 2609.000 65135 65225 robert_plagnol 55.341
2597.240 2610.200 64931 65255 tele 46.228
2612.360 2625.320 65309 65633 tele 95.228
2627.720 2635.160 65693 65879 tele 29.228
2642.600 2645.960 66065 66149 a_lis 5.375
2642.600 2647.160 66065 66179 au_theatre_du_petitmontparnasse 36.163
2638.520 2655.800 65963 66395 tele 123.228
2657.240 2661.080 66431 66527 tele 49.207
2662.760 2675.960 66569 66899 tele 121.228
2686.520 2689.640 67163 67241 tele 29.228
2520.920 2689.880 63023 67247 matin 1654.570
2689.880 2692.280 67247 67307 auteur 41.442
2688.200 2692.280 67205 67307 regis_de_martrindonos 58.977
2692.280 2695.400 67307 67385 tele 19.169
2697.560 2699.480 67439 67487 tele 11.228
2690.840 2699.480 67271 67487 matin 71.542
2701.400 2718.440 67535 67961 matin 221.611
2709.080 2718.440 67727 67961 tele 102.228
2716.040 2720.840 67901 68021 virginie_pradal 67.894
2720.360 2722.760 68009 68069 matin 40.445
2720.840 2722.760 68021 68069 tele 11.228
2725.880 2727.560 68147 68189 matin 29.629
2725.880 2727.560 68147 68189 tele 11.228
2729.960 2749.640 68249 68741 tele 109.228
2729.960 2749.640 68249 68741 matin 250.629
2752.760 2755.400 68819 68885 tele 26.228
2752.760 2756.120 68819 68903 matin 38.629
2762.600 2767.160 69065 69179 au_theatre_de_poche_montparnasse 45.852
2771.240 2774.600 69281 69365 reportage 50.363
2771.240 2774.600 69281 69365 a_miquau 30.094
2771.240 2774.600 69281 69365 jl_le_brun 48.970
2771.240 2774.600 69281 69365 s_nervest 46.864
2771.240 2774.600 69281 69365 y_mithout 32.170
2771.240 2774.600 69281 69365 realisation 26.767
2771.240 2774.600 69281 69365 jp_viaud 47.554
2758.520 2809.880 68963 70247 tele 274.225
2811.560 2814.920 70289 70373 otrun 5.844
2819.720 2820.920 70493 70523 teo 18.479
2817.560 2820.920 70439 70523 journal 22.623
2815.640 2822.360 70391 70559 tele 94.228
2815.400 2822.360 70385 70559 cinema 59.829
2758.040 2822.600 68951 70565 matin 708.626
2815.640 2822.600 70391 70565 spectacles 25.396
2823.320 2830.280 70583 70757 nivai_in 4.073
2836.280 2839.400 70907 70985 charlotte_bouteloup 32.035
2824.040 2860.280 70601 71507 tele 117.220
2865.560 2868.200 71639 71705 tele 15.228
2823.320 2881.640 70583 72041 matin 315.620
2869.640 2891.240 71741 72281 tele 95.228
2897.720 2902.040 72443 72551 tele 22.228
2885.720 2909.480 72143 72737 matin 175.629
2909.960 2915.000 72749 72875 tejlie 11.079
2923.160 2924.360 73079 73109 tu_vas_a_ier_auma_place_en_algerie 20.152
2925.080 2928.440 73127 73211 tu_vas_aller_a_ma_place_en_algerie 23.882
2926.760 2928.440 73169 73211 tu_vas_les_empecher 17.481
2918.840 2931.800 72971 73295 tele 62.195
2938.280 2941.400 73457 73535 jamel_debbouze 42.055
2938.280 2941.400 73457 73535 comedien 49.964
2933.240 2945.000 73331 73625 tele 77.228
2947.640 2949.800 73691 73745 tele 15.228
2956.040 2959.640 73901 73991 l_odeur_de_la_france 25.362
2911.640 2960.840 72791 74021 matin 438.620
2950.520 2960.840 73763 74021 tele 73.228
2993.240 2994.920 74831 74873 et_lui_c_est_farid_le_roublard 28.243
2961.800 2997.560 74045 74939 matin 412.627
2965.640 2999.240 74141 74981 tele 236.228
3014.360 3016.280 75359 75407 il_a_pris_tes_papiers 32.299
3014.360 3016.280 75359 75407 et_il_est_parti_en_france 35.235
3018.200 3019.400 75455 75485 de_te_mefier_de_lui 11.929
3003.320 3019.640 75083 75491 tele 117.228
3021.080 3044.360 75527 76109 tele 182.217
3046.040 3047.480 76151 76187 tele 11.228
3048.920 3067.880 76223 76697 tele 146.228
3088.760 3090.680 77219 77267 on_va_t_appeler_mustapharegrets 22.892
3091.640 3094.760 77291 77369 p_larue 47.239
3091.880 3094.760 77297 77369 reportage 32.363
3091.880 3094.760 77297 77369 c_bouteloup 42.577
3091.880 3094.760 77297 77369 b_electon 41.128
3091.880 3094.760 77297 77369 s_nervest 47.864
3091.880 3094.760 77297 77369 realisation 40.232
3091.880 3095.000 77297 77375 ac_dolivet 45.387
3073.400 3101.480 76835 77537 tele 148.228
3103.160 3105.800 77579 77645 tele 19.228
3107.480 3116.840 77687 77921 tele 58.228
3119.480 3123.320 77987 78083 tele 31.159
2999.000 3135.560 74975 78389 matin 1485.610
3127.880 3150.440 78197 78761 tele 149.228
3162.200 3198.680 79055 79967 ele 39.078
3197.240 3198.680 79931 79967 fer 5.522
3140.120 3203.480 78503 80087 matin 165.629
3198.920 3212.840 79973 80321 tele 41.228
3220.520 3221.720 80513 80543 soustitrage_teletexte 36.670
3222.200 3224.120 80555 80603 sophie_gastrin 38.519
3242.840 3245.000 81071 81125 jouelestours_indreetloire_ce_matin 49.983
3254.120 3258.680 81353 81467 directeur_de_lusine_michelin_jouelestours 62.266
3253.880 3258.920 81347 81473 jeandenis_goutard 79.661
3277.400 3278.600 81935 81965 shbmichelin 5.376
3304.760 3313.400 82619 82835 matin 39.629
3314.120 3315.560 82853 82889 secretaire_general_de_force_ouvriere 39.707
3313.880 3315.800 82847 82895 jeanclaude_mailly 38.136
3315.320 3325.400 82883 83135 xtin 59.779
3343.160 3347.240 83579 83681 aeroport_d_orly_valdemarne_ce_matin 58.207
3342.920 3347.480 83573 83687 lila_bellili 69.194
3353.720 3355.880 83843 83897 aeroport_d_orly_valdemarne_ce_matin 38.950
3359.000 3362.360 83975 84059 reportage_l_bellili_d_da_meda 44.231
3359.000 3362.600 83975 84065 f_briand_c_krauskopffwolff 33.864
3439.640 3443.720 85991 86093 archives 61.087
3211.160 3464.600 80279 86615 matin 3130.630
3216.680 3464.600 80417 86615 tele 1843.230
3465.320 3476.120 86633 86903 iqe_ae 12.275
3486.440 3489.080 87161 87227 sophie_davant 30.573
3476.840 3502.520 86921 87563 tele 280.228
3504.680 3522.680 87617 88067 tele 203.228
3532.520 3545.720 88313 88643 tele 95.228
3548.600 3576.440 88715 89411 tele 296.228
3568.280 3576.440 89207 89411 onr 7.219
3476.120 3577.880 86903 89447 matin 787.629
3579.800 3583.880 89495 89597 matin 55.629
3580.040 3583.880 89501 89597 tele 56.228
3585.320 3592.520 89633 89813 tele 64.228
3585.320 3596.360 89633 89909 matin 103.629
3593.240 3596.360 89831 89909 tele 34.228
3600.200 3602.320 90005 90058 tele 26.228
3600.440 3602.320 90011 90058 matin 26.629
