0.720 18.720 18 468 uomcme_ces_portebonheur 62.135
35.280 39.840 882 996 saint_dunstan_fut_archeveque_de_canterbury 91.492
60.480 86.880 1512 2172 uomcme_ces_portebonheur 47.135
28.080 89.040 702 2226 l_origine_ces_portebonheur 100.293
81.120 101.520 2028 2538 l_origine_des_portebonheur 67.433
102.000 106.320 2550 2658 reagir_sur 63.337
102.000 106.320 2550 2658 vous_pouvez 61.488
158.400 159.600 3960 3990 ail 2.749
138.720 169.200 3468 4230 d_ou_viennent_nos_portebonheur 84.385
106.800 189.600 2670 4740 le_test_de_valentinez 227.989
169.200 207.120 4230 5178 d_ou_viennent_nos_portebonheur 79.511
224.400 248.640 5610 6216 d_ou_viennent_nos_portebonheur 83.103
186.960 248.640 4674 6216 le_test_de_valentinez 161.989
247.920 270.000 6198 6750 d_ou_viennent_nos_portebonheur 53.830
248.880 270.000 6222 6750 le_test_de_valentine 80.838
272.400 281.040 6810 7026 a_suivre_le_test_de_cedric 28.909
272.400 281.040 6810 7026 bien_se_muscler_avec_la_nouvelle_haltere 65.244
299.760 303.120 7494 7578 fait 10.778
343.680 345.120 8592 8628 cedric_beaudou 24.752
345.360 398.400 8634 9960 le_test_de_ceomc 125.707
345.360 398.640 8634 9966 bien_se_muscler_avec_la_nouvelle_haltere 261.244
396.960 398.640 9924 9966 le_test_de_cedricz 14.100
402.000 416.160 10050 10404 bien_se_muscler_avec_la_nouvelle_haltere 105.244
402.240 416.160 10056 10404 le_test_de_cedric 34.092
603.360 623.760 15084 15594 le_test_de_ceomc 52.707
603.120 623.760 15078 15594 bien_se_muscler_avec_la_nouvelle_haltere 134.244
645.840 692.640 16146 17316 bien_se_muscler_avec_la_nouvelle_haltere 234.215
645.840 696.960 16146 17424 le_test_de_cedricz 102.100
692.640 710.880 17316 17772 bien_se_muscler_avec_la_nouvelle_haltere 102.244
696.240 710.880 17406 17772 le_test_de_ceomc 39.707
775.920 778.320 19398 19458 mai 3.431
768.480 822.240 19212 20556 bien_se_muscler_avec_la_nouvelle_haltere 302.204
822.000 828.240 20550 20706 bien_se_muscler_avec_la_nouvelle_haltere 67.244
768.480 828.480 19212 20712 le_test_de_ceomc 126.707
834.720 835.920 20868 20898 et_pour_votre_sante 31.021
834.240 835.920 20856 20898 wwwmangerbougenfr 14.633
834.480 835.920 20862 20898 toutes_nos_infos_sur 33.942
851.280 856.800 21282 21420 reussin_un_maquillage_rose_poudre 32.221
851.040 856.800 21276 21420 a_sunvne_le_test_uanne 18.587
876.480 879.120 21912 21978 inedit 25.252
882.480 884.400 22062 22110 ivil 23.105
889.400 897.560 22235 22439 decouvrez_des_extraits_video_en_avantpremiere 89.551
905.960 908.840 22649 22721 detectives 47.339
909.800 912.440 22745 22811 retrouvez_les_episodes_precedents_sur_francetvpluzz 41.345
1044.920 1047.560 26123 26189 sunil 31.105
1202.360 1206.680 30059 30167 bis 2.006
1337.480 1340.360 33437 33509 anne_thoumieux 43.484
1341.320 1374.680 33533 34367 le_test_d_anne 83.261
1370.600 1390.280 34265 34757 le_test_d_anne 31.307
1341.320 1390.280 33533 34757 reussm_un_maquillage_rose_poudre 74.402
1365.560 1390.280 34139 34757 reussm_un_maquillage_rose_poudre 83.516
1393.640 1403.960 34841 35099 le_test_d_anne 21.341
1393.640 1403.960 34841 35099 reussm_un_maquillage_rose_poudre 55.516
1405.400 1408.520 35135 35213 morgane_hilgers 52.905
1405.400 1408.760 35135 35219 maouilleuse_studio_freelance 55.028
1409.720 1431.560 35243 35789 le_test_d_anne 30.601
1409.720 1438.760 35243 35969 reussm_un_maquillage_rose_poudre 115.516
1430.840 1455.320 35771 36383 le_test_d_anne 31.373
1451.240 1484.600 36281 37115 le_test_d_anne 35.242
1470.200 1501.400 36755 37535 reussm_un_maquillage_rose_poudre 133.516
1436.840 1505.480 35921 37637 reussm_un_maquillage_rose_poudre 126.516
1501.640 1509.080 37541 37727 reussm_un_maquillage_rose_poudre 41.516
1505.240 1509.080 37631 37727 le_test_d_anne 17.233
1521.800 1572.440 38045 39311 le_test_d_anne 40.404
1521.800 1578.920 38045 39473 reussm_un_maquillage_rose_poudre 96.516
1575.080 1580.120 39377 39503 le_test_d_anne 18.346
1547.000 1598.840 38675 39971 reussm_un_maquillage_rose_poudre 91.516
1547.720 1599.080 38693 39977 le_test_d_anne 54.392
1574.600 1607.480 39365 40187 reussm_un_maquillage_rose_poudre 115.494
1581.800 1607.480 39545 40187 le_test_d_anne 38.465
1604.600 1607.480 40115 40187 le_test_amuse 9.660
1605.560 1607.480 40139 40187 reussm_un_maquillage_rose_poudre 29.515
1619.000 1648.280 40475 41207 reussm_un_maquillage_rose_poudre 101.516
1619.000 1651.160 40475 41279 le_test_d_anne 52.486
1651.840 1694.560 41296 42364 reussm_un_maquillage_rose_poudre 116.516
1695.280 1698.880 42382 42472 las 7.169
1680.880 1718.560 42022 42964 reussm_un_maquillage_rose_poudre 162.516
1696.240 1737.760 42406 43444 le_test_d_anne 67.476
1671.280 1737.760 41782 43444 le_test_d_anne 50.468
1718.080 1757.680 42952 43942 reussm_un_maquillage_rose_poudre 119.516
1745.440 1767.040 43636 44176 le_test_d_anne 38.176
1748.080 1773.040 43702 44326 reussm_un_maquillage_rose_poudre 97.437
1651.840 1790.080 41296 44752 le_test_d_anne 36.548
1722.640 1790.080 43066 44752 le_test_d_anne 33.579
1766.320 1790.080 44158 44752 le_test_d_anne 39.339
1773.040 1802.560 44326 45064 reussm_un_maquillage_rose_poudre 114.516
1790.320 1807.840 44758 45196 le_test_d_anne 52.551
1801.600 1807.840 45040 45196 reussm_un_maquillage_rose_poudre 51.449
1809.760 1816.480 45244 45412 a_suivre_le_test_de_caroline 49.191
1809.760 1816.480 45244 45412 quelle_pochette_pour_quelle_robe 38.273
1896.400 1898.800 47410 47470 caroline_baly 41.468
1900.000 1921.360 47500 48034 quelle_pochette_pour_quelle_robe 74.084
1900.000 1921.360 47500 48034 le_test_de_carolinez 90.524
1924.960 1944.640 48124 48616 quelle_pochette_pour_quelle_robe 63.249
1942.480 1962.640 48562 49066 quelle_pochette_pour_quelle_robe 62.126
1962.880 1965.040 49072 49126 quelle_pochette_pour_quelle_robe 30.873
1965.760 1981.840 49144 49546 quelle_pochette_pour_quelle_robe 47.349
1924.960 2002.000 48124 50050 le_test_de_carolinez 247.524
1982.080 2002.000 49552 50050 quelle_pochette_pour_quelle_robe 76.309
2002.480 2028.640 50062 50716 quelle_pochette_pour_quelle_robe 88.377
2023.600 2043.040 50590 51076 quelle_pochette_pour_quelle_robe 61.273
2042.080 2064.160 51052 51604 quelle_pochette_pour_quelle_robe 69.106
2001.040 2083.840 50026 52096 le_test_de_carolinez 299.524
2064.160 2086.240 51604 52156 quelle_pochette_pour_quelle_robe 82.272
2086.480 2115.520 52162 52888 quelle_pochette_pour_quelle_robe 79.135
2115.040 2136.400 52876 53410 quelle_pochette_pour_quelle_robe 61.148
2133.520 2161.840 53338 54046 quelle_pochette_pour_quelle_robe 92.188
2082.640 2188.960 52066 54724 le_test_de_carolinez 387.524
2159.200 2193.040 53980 54826 quelle_pochette_pour_quelle_robe 112.174
2188.240 2222.080 54706 55552 le_test_de_carolinei 118.925
2192.320 2227.120 54808 55678 quelle_pochette_pour_quelle_robe 101.223
2218.000 2243.680 55450 56092 quelle_pochette_pour_quelle_robe 86.134
2227.360 2243.680 55684 56092 le_test_de_carolinez 71.524
2241.520 2243.680 56038 56092 quelle_pochette_pour_duelle_robe 28.663
2246.560 2253.280 56164 56332 a_sunvne_le_defi_de_benoit 31.612
2246.560 2253.280 56164 56332 reussm_une_barbe_a_papa 38.944
2261.680 2264.080 56542 56602 retrouvez_toutes 43.627
2261.680 2264.080 56542 56602 ces_infos 34.004
2321.680 2335.600 58042 58390 reussm_une_barbe_a_papa 55.944
2321.680 2335.600 58042 58390 le_defi_de_benoit 98.518
2339.200 2385.760 58480 59644 le_defi_de_benoit 270.499
2339.200 2401.600 58480 60040 reussm_une_barbe_a_papa 152.944
2387.440 2438.800 59686 60970 reussm_une_barbe_a_papa 150.944
2385.760 2463.280 59644 61582 le_defi_de_benoit 411.518
2439.040 2489.200 60976 62230 reussm_une_barbe_a_papa 122.944
2475.760 2553.280 61894 63832 reussm_une_barbe_a_papa 144.944
2456.320 2553.280 61408 63832 le_defi_de_benoit 403.518
2520.880 2588.320 63022 64708 reussm_une_barbe_a_papa 165.944
2522.320 2594.800 63058 64870 le_defi_de_benoit 400.518
2581.360 2628.400 64534 65710 reussm_une_barbe_a_papa 140.944
2591.200 2638.000 64780 65950 le_defi_de_benoit 262.518
2625.280 2638.000 65632 65950 reussm_une_barbe_a_papa 54.944
2641.120 2643.040 66028 66076 wgwmangerbougenfr 11.717
2641.120 2643.040 66028 66076 et_pour_votre_sante 38.163
2641.120 2643.040 66028 66076 toutes_nos_infos_sur 36.942
2738.800 2740.240 68470 68506 des 2.235
2745.760 2750.800 68644 68770 anti 4.624
2780.320 2782.960 69508 69574 ces_infos 41.004
2780.320 2783.200 69508 69580 retrouvez_toutes 45.627
2780.320 2783.200 69508 69580 jrancezfr 7.904
2786.800 2791.600 69670 69790 coordinatrice_artistique_emmanuelle_boyer 42.495
2787.040 2791.600 69676 69790 et_christophe_beigneux 25.497
2787.040 2791.600 69676 69790 redactrice_en_chef_des_sujets_virginie_betille 38.881
2787.040 2791.600 69676 69790 coordinatrices_plateaux_fabienne_larcher_et_clementne_michel 50.618
2787.040 2791.600 69676 69790 assistees_d_olivier_schaff 23.953
2787.040 2791.600 69676 69790 coordinatrice_mode_margaret_francois 46.369
2787.040 2791.600 69676 69790 enouetrices_ulma_callet_perrine_deaieuvre_kany_sissoko 41.748
2787.040 2791.600 69676 69790 tileli_naitdjoudi_koudiedji_sylla 25.205
2792.320 2796.880 69808 69922 w_chef_maouilleuse_frederioue_algaraz 27.141
2787.280 2796.880 69682 69922 saran_vduaux_meline_mistiguian_damien_freard_clara_chauvealj 46.200
2792.320 2796.880 69808 69922 assistant_accessoiriste_alexis_linval 36.142
2787.280 2796.880 69682 69922 france_televisions_unrre_magazines_de_societe 37.165
2792.320 2796.880 69808 69922 cadreur_grue_loic_danielou_machiniste_grue_emmamjel_tonnes 49.262
2792.320 2796.880 69808 69922 fmucons_venenrro_perrehenri_esteoulle_aldrey_knyszewski 37.813
2792.080 2796.880 69802 69922 recnsseln_generalzvincent_milaeo_regzsseur_adjonti_bruno_bouca 50.812
2792.080 2796.880 69802 69922 styliste_denis_benveniste_chauffeur_de_salle_boul 40.234
2792.080 2796.880 69802 69922 scriptezstephanie_charriere 25.583
2787.040 2796.880 69676 69922 maouilleusei_catherine_kadeni_les_chroniqueurs_sont_coiffes 50.640
2797.600 2801.680 69940 70042 personnel_et_moyens_techniques_plateau_emf 55.720
2797.600 2801.680 69940 70042 puauc_casting_events 30.752
2797.360 2801.680 69934 70042 didter_vermvel_ampm_mtutt_te_uasann_paptyulaht_chahel 30.784
2792.080 2801.680 69802 70042 assistante_reausateur_doum_nasserinouri 37.453
2792.080 2801.680 69802 70042 cadreurs_phiuppe_leray_ernc_foucaro_sebastien_pustat 39.714
2802.360 2806.680 70059 70167 case_de_cousin_paul_castoravua_ikea_caravane_les_heritiers 47.305
2802.360 2806.680 70059 70167 la_maison_de_valere_haarrat_phiurre_xerri_rock_the_kasaan 38.975
2802.360 2806.680 70059 70167 la_eunumoe_mente_crbtal_amantes_guv_deenenue_comng_b 43.855
2802.360 2806.680 70059 70167 didier_versavel_ampm_miluce_teojasmin_partyught_cranel 36.247
2802.360 2806.680 70059 70167 sous_le_lampion_pierre_frev_achatdeskencom_snngerbotanrc 41.330
2802.360 2806.680 70059 70167 aleiane_hilgers_make_up_for_ever_mac_arcancil_ella_luna 38.467
2802.360 2806.680 70059 70167 bill_tornade_hotel_particulier_blk_upm_chez_ueclaireur_navan 41.117
2802.360 2806.680 70059 70167 vanessa_bruno_anne_de_la_jartre_librairie_alan_breux 44.544
2802.360 2806.680 70059 70167 saniuel_benolel_daniel_lacotte_franceekeribemoom 36.693
2802.360 2806.680 70059 70167 centre_eouestre_de_la_cartouchere_de_vincennes 47.169
2807.400 2811.960 70185 70299 wvnlmangerbougeilfr 8.199
2807.160 2811.960 70179 70299 martange_production 44.370
2807.160 2811.960 70179 70299 pour_votre_sante 47.110
2802.360 2811.960 70059 70299 anaelue_peridot_chez_carnet_de_mode_rinasciniento_rewind_elf 48.224
2815.320 2821.800 70383 70545 revoir_appels_a_temoins 90.042
2830.680 2833.080 70767 70827 itkn 8.023
2858.760 2863.560 71469 71589 voir_concluons_sur_welontwecneraur 27.401
2861.640 2863.560 71541 71589 weightwatchersfr 9.638
2861.880 2863.560 71547 71589 inscription 24.685
2861.880 2863.560 71547 71589 gratuite 32.271
2861.880 2863.560 71547 71589 d_economie 25.648
2870.280 2871.480 71757 71787 ren_iune_legende 11.747
2872.920 2882.520 71823 72063 pour_votre_sante_pratiquez_une_activite_physique_reguliere_vrviinniangerbougentr 63.627
2889.480 2891.640 72237 72291 verres_solaires_essilor 42.229
2889.480 2891.640 72237 72291 a_votre_vue 33.094
2889.480 2891.640 72237 72291 satisfait 35.107
2889.480 2891.640 72237 72291 jasyeux_meritent_la_hange 15.328
2892.360 2893.560 72309 72339 opticien 23.725
2892.120 2893.560 72303 72339 vos_yeux_meritent_lissac 35.897
2899.800 2901.240 72495 72531 lessive 24.323
2899.080 2901.240 72477 72531 hypoallergemque 17.938
2899.560 2901.240 72489 72531 peaux_sensibles 32.663
2900.040 2901.240 72501 72531 efficace 12.919
2900.040 2901.240 72501 72531 i_panna 7.356
2901.720 2903.880 72543 72597 tenant 7.637
2898.120 2904.120 72453 72603 toutes_les_matieres_actives_sont_d_origine_naturelle_et_biodegradables_voir_arbrevert_fr 78.540
2904.360 2906.520 72609 72663 retrouveznous_en_magasin_et_sur_wwwarbrevertfr_pour_feter_nos 46.233
2926.920 2928.120 73173 73203 cesor 7.420
2917.560 2931.240 72939 73281 en_direct 105.528
2932.920 2936.280 73323 73407 mots_croises 54.241
2939.400 2947.320 73485 73683 jouer_comporte_des_risques_isolement_endettement 88.968
2955.960 2959.320 73899 73983 laurent_luyat 49.516
2967.000 2973.240 74175 74331 equateur 58.426
2974.200 2999.400 74355 74985 argentine 325.059
2974.200 2999.400 74355 74985 cotes_moyennes_du_marche 264.473
3003.240 3007.080 75081 75177 credits_musique 48.358
3003.480 3007.080 75087 75177 f_kowalczyk_a_thomson 14.637
3009.720 3017.400 75243 75435 jouer_comporte_des_risques_endettement_dependance 101.481
3016.200 3017.640 75405 75441 partenaire_du_sport_francais 23.203
3015.960 3017.640 75399 75441 partenaire 16.397
3042.120 3043.560 76053 76089 lilji 2.510
3055.080 3057.720 76377 76443 ctitnavircfr 13.855
3055.800 3057.720 76395 76443 sais 3.727
3058.440 3059.880 76461 76497 c_est_bon_la_simplic 17.095
3045.720 3060.120 76143 76503 une 7.271
3045.720 3060.120 76143 76503 nulaere_www_manqerbouqenfr 12.502
3045.720 3060.120 76143 76503 voitb 16.298
3045.960 3060.120 76149 76503 jf_votre_sente_pratiquez_une 29.054
3046.200 3060.120 76155 76503 mnvute_dhvstoue_roauluere_manasamamerbouaerlr 29.176
3058.440 3060.120 76461 76503 petit_navire 18.101
3052.680 3060.120 76317 76503 o_onde 5.960
3078.360 3080.040 76959 77001 volume 26.367
3082.440 3099.240 77061 77481 pour_votre_sante_mangez_au_moins_cinq_fruits_et_legumes_par_jour_wwwmangerbougenfr 71.578
3097.320 3099.240 77433 77481 pour_votre_sante_mangez_au_moins_cinq_fruits_et_legumes_par_jouf_wxmv_mangerbouger_fr 63.844
3098.040 3099.240 77451 77481 frazs 7.636
3102.840 3108.600 77571 77715 appelez_stannah_maintenant 50.246
3108.840 3115.080 77721 77877 appelez_stannah_maintenant 81.246
3109.320 3115.080 77733 77877 wwwosiennaho_r 10.391
3108.840 3115.080 77721 77877 appel_gratuit_depuis_un_poste_fixe 80.886
3109.080 3115.080 77727 77877 n_ent 8.681
3116.280 3125.160 77907 78129 appelez_stannah_maintenant 110.246
3126.840 3128.040 78171 78201 nous_prenons_som_de_vous 27.173
3125.400 3128.040 78135 78201 appel_gratuit_depuis_un_poste_fixe 32.661
3139.320 3141.720 78483 78543 hepar 7.030
3141.960 3144.120 78549 78603 rejoigneznous_sur_facebook 29.845
3142.200 3144.120 78555 78603 un_esprit_libre_dans_un_corps_libre 38.160
3153.480 3168.120 78837 79203 pourvotresante_inangezau_moins_cinq_fruitsetlagumes_parieur_wmmarugerbougerjr 58.117
3165.720 3168.120 79143 79203 mua_o_cuocoum 4.061
3166.200 3168.120 79155 79203 ans 9.755
3166.440 3168.120 79161 79203 magnum 19.617
3169.560 3171.480 79239 79287 ut_la_villt_ut_paki 17.959
3169.560 3171.720 79239 79293 presente 15.501
3182.280 3205.080 79557 80127 pour_votre_sante_evitez_de_manger_trop_gras_trop_sucre_trop_sale_wwwmangerbougenfr 87.106
3202.920 3205.080 80073 80127 qhnfeaet_de 5.525
3201.720 3205.080 80043 80127 yhkefe 3.250
3215.160 3219.480 80379 80487 arme 12.113
3215.160 3219.480 80379 80487 lire_ottentiiement_la_notice_demander_eonseil_a_iotre_pharmacien_si_les_symptomes_persistent_consulter_iotie_redeein_ne_pas_utiliser_eler_la_lemme_erreinte 150.103
3215.400 3219.480 80385 80487 i_amendant 7.617
3215.640 3219.480 80391 80487 quatuo 5.311
3233.880 3240.360 80847 81009 inedit 85.252
3246.360 3248.280 81159 81207 decouvrez_des_extraits_video_en_avantpremiere 29.907
3248.280 3253.080 81207 81327 decouvrez_des_extraits_video_en_avantpremiere 65.826
3256.920 3262.200 81423 81555 the_closer 72.825
3263.160 3265.320 81579 81633 en_version_originale_soustitres 29.669
3263.160 3265.320 81579 81633 ce_programme_est_disponible 43.349
3285.720 3293.400 82143 82335 en_direct 92.568
3294.840 3305.160 82371 82629 florence_pernelqerancoisvi 24.032
3306.360 3308.520 82659 82713 mise_en_scene_de_bernard_murat 52.458
3306.360 3308.520 82659 82713 quadrille 21.235
3313.080 3314.760 82827 82869 il_dl_lbu 5.830
3317.880 3331.080 82947 83277 dernier 157.467
3317.640 3336.120 82941 83403 recours_le_retour_du_pere 41.614
3333.240 3339.960 83331 83499 dernier 74.467
3336.600 3339.960 83415 83499 rebours_le_retour_du_pere 17.436
3340.680 3343.080 83517 83577 rebours_le_retour_du_pere 18.436
3341.400 3343.080 83535 83577 dernier 16.467
3353.400 3355.560 83835 83889 est_eluru_dubois_enquetrice 20.056
3353.640 3355.560 83841 83889 rie_pape 18.764
3357.240 3359.400 83931 83985 elizubeth_hucocco 14.820
3357.240 3359.640 83931 83991 est_francoise_merle_juge 32.775
3365.400 3367.080 84135 84177 dernier 18.467
3370.680 3381.720 84267 84543 recours_le_retour_du_pere 21.534
3369.000 3387.720 84225 84693 dernier 117.467
3382.680 3387.960 84567 84699 recours_le_retour_du_pere 21.645
3388.920 3392.040 84723 84801 le_retour_du_pere 12.868
3397.560 3402.600 84939 85065 bureau_de_lu_juge 33.637
3397.080 3406.440 84927 85161 rebours 36.184
3395.880 3424.680 84897 85617 dernier 276.463
3407.160 3424.920 85179 85623 rebours_le_retour_du_pere 40.813
3425.640 3426.840 85641 85671 retour_du_ere 9.545
3427.560 3442.920 85689 86073 recours__le_retour_du_pere 28.682
3442.680 3454.440 86067 86361 rebours_le_retour_du_pere 23.311
3454.920 3462.840 86373 86571 recours_le_retour_du_pere 31.386
3427.560 3462.840 85689 86571 dernier 353.467
3464.520 3469.560 86613 86739 dernier 10.800
3470.280 3475.080 86757 86877 dernier 7.467
3464.520 3477.240 86613 86931 recours_le_retour_du_pore 19.021
3478.440 3483.240 86961 87081 bureau_de_enquetrice 39.553
3477.960 3484.920 86949 87123 recours 30.740
3485.640 3497.400 87141 87435 recours_le_retourdu_pere 19.230
3497.880 3514.440 87447 87861 recours_le_retour_du_pere 18.090
3514.680 3526.200 87867 88155 rebours_le_retour_du_ere 19.134
3526.440 3539.160 88161 88479 recours_le_ret_du_pere 18.955
3539.400 3543.720 88485 88593 rebours_le_retourdu_pere 17.576
3476.520 3545.640 86913 88641 dernier 602.463
3545.400 3550.920 88635 88773 femme_au_foyer 18.283
3553.800 3557.400 88845 88935 rebours_ingenieur 23.966
3552.360 3560.520 88809 89013 hnie 4.964
3560.280 3563.160 89007 89079 dernier 36.467
3560.280 3563.400 89007 89085 recrurstee_retour_du_ere 18.613
3564.120 3567.960 89103 89199 le_retour_du_pere 35.616
3568.680 3589.080 89217 89727 rebours_le_retour_du_pere 30.717
3588.840 3603.880 89721 90097 rebours_le_retour_du_pere 30.584
3567.960 3603.880 89199 90097 dernier 343.467
3602.520 3603.880 90063 90097 rebours_le_retour_dri_pere 18.553
