0.040 1.680 1 42 fabio_parente 1.000
0.040 1.680 1 42 fabiana_bacci 1.000
0.040 1.680 1 42 chiara_scardamaglia 1.000
3.200 4.720 80 118 geraint_warrington 1.000
4.760 6.360 119 159 louise_callaghan 1.000
5.040 6.360 126 159 michael_sunderland 1.000
9.800 11.120 245 278 michael_sunderland 1.000
11.160 12.840 279 321 petya_markova 1.000
16.200 18.200 405 455 ian_cross 1.000
20.160 23.080 504 577 helene_inayetian 1.000
20.160 23.080 504 577 ludivine_maffren 1.000
20.160 23.080 504 577 alexandre_dima 1.000
20.160 23.080 504 577 ali_guentas 1.000
20.160 23.120 504 578 laurent_jacquet 1.000
248.960 250.200 6224 6255 haute_to 1.000
352.360 353.520 8809 8838 couverture_parfaite_des 1.000
3356.760 3357.720 83919 83943 reina_nishida 1.000
3356.760 3357.720 83919 83943 deborah_freeman 1.000
3357.760 3358.680 83944 83967 david_markun 1.000
3357.760 3358.680 83944 83967 robert_fritts 1.000
3358.760 3359.680 83969 83992 shana_kim 1.000
3359.760 3360.720 83994 84018 todd_hermann 1.000
3359.760 3360.720 83994 84018 alexis_aggrey 1.000
3359.760 3360.720 83994 84018 marlene_walker_golden 1.000
3360.760 3361.560 84019 84039 susan_lach 1.000
3360.760 3361.720 84019 84043 meredith_menio 1.000
3361.760 3362.640 84044 84066 julia_whitcomb_sheehy 1.000
3361.760 3362.720 84044 84068 marcie_callahan 1.000
3361.760 3362.720 84044 84068 dwight_mayhew 1.000
3361.760 3362.720 84044 84068 jesse_gordon 1.000
3362.760 3363.720 84069 84093 keith_kolder 1.000
3362.760 3363.720 84069 84093 catherine_yelloz 1.000
3362.760 3363.720 84069 84093 michael_castro 1.000
3363.760 3364.720 84094 84118 anne_tarrant 1.000
3363.760 3364.720 84094 84118 stephen_reverand 1.000
3363.760 3364.720 84094 84118 keenan_smart 1.000
3364.760 3365.720 84119 84143 alison_barrat 1.000
3364.760 3365.720 84119 84143 michael_rosenfeld 1.000
3364.760 3365.720 84119 84143 maryanne_culpepper 1.000
3365.760 3366.640 84144 84166 rom_whitaker 1.000
3366.760 3367.720 84169 84193 laurence_vager 1.000
3367.760 3368.720 84194 84218 michael_welsh 1.000
3367.760 3368.720 84194 84218 sydney_suissa 1.000
