81.920 84.400 2048 2110 voix_de_nathalie_sarraute 0.909
141.240 144.680 3531 3617 ann_jefferson 1.000
150.000 152.160 3750 3804 dominique_sarraute 1.000
152.000 153.720 3800 3843 dominique_sarraute 1.000
325.720 329.440 8143 8236 michael_lonsdale 1.000
461.240 464.280 11531 11607 francoise_benassis 1.000
488.760 491.760 12219 12294 ann_jefferson 1.000
540.880 543.240 13522 13581 voix_de_nathalie_sarraute 0.909
928.000 932.240 23200 23306 francoise_benassis 1.000
928.000 932.240 23200 23306 amie_de_la_famille_sarraute 0.826
1056.440 1058.680 26411 26467 ann_jefferson 1.000
1078.640 1081.360 26966 27034 michael_lonsdale 1.000
1215.640 1218.480 30391 30462 michael_lonsdale 1.000
1391.400 1394.960 34785 34874 michael_lonsdale 1.000
