0 0
1 0
2 2
3 2
4 4
5 5
6 6
7 7
8 8
9 9
10 10
11 9
12 12
13 5
14 14
15 15
16 15
17 14
18 5
19 5
20 14
21 5
22 22
23 5
24 14
25 14
26 14
27 14
28 22
29 29
30 29
31 22
32 22
33 14
34 5
35 35
36 5
37 5
38 14
39 39
40 40
41 41
42 42
43 43
44 44
45 39
46 46
47 5
48 48
49 49
50 50
51 51
52 5
53 53
54 54
55 55
56 56
57 57
58 46
59 5
60 60
61 61
62 62
63 63
64 64
65 65
66 66
67 67
68 68
69 69
70 46
71 5
72 72
73 73
74 74
75 75
76 73
77 72
78 78
79 79
80 80
81 14
82 14
83 2
84 14
85 2
86 14
87 2
88 14
89 2
90 14
91 91
92 92
93 14
94 14
95 14
96 96
97 14
98 2
99 14
100 14
101 14
102 102
103 14
104 104
105 14
106 106
107 14
108 108
109 14
110 2
111 111
112 112
113 113
114 114
115 115
116 116
117 117
118 118
119 119
120 120
121 121
122 122
123 123
124 124
125 125
126 126
127 127
128 128
129 129
130 130
131 131
132 132
133 133
134 134
135 135
136 136
137 137
138 138
139 139
140 140
141 141
142 142
143 143
144 144
145 145
146 144
147 147
148 148
149 149
150 149
151 149
152 152
153 152
154 154
155 155
156 156
157 157
158 158
159 159
160 160
161 161
162 2
163 163
164 159
165 160
166 166
167 2
168 168
169 2
170 170
171 160
172 168
173 159
174 2
175 175
176 159
177 175
178 178
179 160
180 2
181 175
182 175
183 183
184 184
185 175
186 159
187 159
188 175
189 175
190 159
191 191
192 175
193 191
194 175
195 191
196 175
197 197
198 175
199 199
200 191
201 159
202 168
203 175
204 204
205 175
206 160
207 159
208 183
209 159
210 184
211 211
212 212
213 212
214 212
215 215
216 216
217 159
218 218
219 219
220 220
221 175
222 175
223 161
224 159
225 168
226 226
227 161
228 159
229 168
230 2
231 231
232 232
233 233
234 163
235 161
236 236
237 160
238 2
239 161
240 184
241 160
242 160
243 2
244 160
245 168
246 160
247 160
248 175
249 184
250 161
251 160
252 168
253 161
254 254
255 160
256 256
257 161
258 160
259 161
260 260
261 161
262 160
263 184
264 264
265 160
266 2
267 161
268 268
269 269
270 161
271 160
272 2
273 160
274 274
275 275
276 161
277 277
278 278
279 160
280 161
281 281
282 2
283 283
284 175
285 285
286 286
287 160
288 288
289 161
290 168
291 161
292 168
293 175
294 184
295 161
296 160
297 297
298 160
299 184
300 300
301 160
302 161
303 303
304 160
305 305
306 161
307 160
308 161
309 161
310 310
311 175
312 285
313 161
314 160
315 184
316 300
317 160
318 318
319 319
320 320
321 321
322 160
323 323
324 160
325 168
326 216
327 160
328 175
329 329
330 161
331 160
332 2
333 161
334 161
335 184
336 300
337 337
338 160
339 161
340 161
341 337
342 161
343 2
344 160
345 345
346 161
347 160
348 160
349 345
350 350
351 160
352 352
353 352
354 354
355 355
356 356
357 160
358 184
359 359
360 160
361 2
362 362
363 159
364 364
365 160
366 161
367 367
368 161
369 2
370 168
371 160
372 2
373 373
374 374
375 375
376 376
377 377
378 378
379 350
380 380
381 381
382 163
383 375
384 2
385 163
386 163
387 163
388 388
389 163
390 390
391 175
392 286
393 160
394 161
395 184
396 184
397 390
398 398
399 390
400 160
401 175
402 184
403 390
404 390
405 390
406 175
407 286
408 160
409 184
410 163
411 390
412 412
413 184
414 163
415 398
416 388
417 163
418 390
419 390
420 286
421 160
422 175
423 390
424 390
425 390
426 184
427 160
428 163
429 390
430 412
431 388
432 390
433 163
434 398
435 184
436 2
437 163
438 184
439 163
440 398
441 163
442 161
443 184
444 160
445 161
446 163
447 398
448 163
449 184
450 184
451 163
452 388
453 390
454 160
455 184
456 390
457 184
458 390
459 390
460 460
461 388
462 163
463 163
464 464
465 390
466 160
467 467
468 286
469 161
470 163
471 184
472 390
473 2
474 161
475 163
476 168
477 2
478 350
479 160
480 480
481 481
482 480
483 483
484 484
485 485
486 486
487 487
488 488
489 489
490 490
491 491
492 492
493 493
494 494
495 495
496 496
497 497
498 495
499 495
500 500
501 501
502 502
503 502
504 502
505 505
506 506
507 507
508 508
509 509
510 510
511 511
512 512
513 513
514 514
515 515
516 516
517 517
518 512
519 519
520 516
521 521
522 2
523 168
524 524
525 168
526 516
527 527
528 528
529 168
530 2
531 2
532 2
533 511
534 534
535 535
536 536
537 511
538 538
539 539
540 539
541 516
542 527
543 539
544 539
545 2
546 297
547 511
548 168
549 549
550 550
551 511
552 552
553 553
554 539
555 511
556 556
557 511
558 2
559 511
560 560
561 561
562 562
563 563
564 564
565 565
566 566
567 567
568 568
569 569
570 565
571 571
572 572
573 573
574 574
575 575
576 565
577 577
578 578
579 569
580 580
581 581
582 582
583 583
584 584
585 585
586 586
587 587
588 588
589 589
590 587
591 591
592 592
593 593
594 594
595 595
596 596
597 597
598 598
599 599
600 600
601 601
602 602
603 603
604 604
605 605
606 606
607 607
608 608
609 609
610 610
611 611
612 612
613 613
614 614
615 615
616 616
617 617
618 618
619 619
620 620
621 621
622 622
623 561
624 624
625 561
626 624
627 561
628 628
629 629
630 630
631 631
632 632
633 633
634 634
635 635
636 636
637 637
638 628
639 639
640 640
641 630
642 642
643 643
644 636
645 639
646 585
647 647
648 648
649 511
650 539
651 553
652 652
653 168
654 654
655 539
656 535
657 539
658 658
659 659
660 660
661 661
662 168
663 511
664 2
665 665
666 539
667 667
668 511
669 511
670 511
671 671
672 511
673 673
674 674
675 675
676 676
677 2
678 516
679 679
680 680
681 511
682 553
683 511
684 684
685 516
686 684
687 687
688 688
689 516
690 536
691 691
692 516
693 511
694 694
695 536
696 536
697 536
698 684
699 536
700 700
701 684
702 702
703 703
704 536
705 516
706 516
707 516
708 536
709 684
710 710
711 711
712 511
713 527
714 516
715 516
716 716
717 516
718 684
719 516
720 516
721 516
722 684
723 536
724 516
725 527
726 684
727 516
728 684
729 516
730 684
731 684
732 703
733 536
734 684
735 735
736 684
737 516
738 527
739 516
740 740
741 516
742 742
743 516
744 516
745 745
746 703
747 684
748 748
749 535
750 536
751 684
752 168
753 516
754 516
755 553
756 756
757 757
758 2
759 759
760 759
761 761
762 761
763 763
764 764
765 765
766 511
767 553
768 768
769 769
770 553
771 2
772 516
773 527
774 527
775 553
776 553
777 777
778 527
779 553
780 527
781 777
782 553
783 777
784 784
785 785
786 786
787 787
788 788
789 789
790 777
791 777
792 792
793 792
794 777
795 777
796 796
797 777
798 777
799 777
800 800
801 801
802 802
803 800
804 804
805 805
806 777
807 807
808 808
809 2
810 810
811 527
812 812
813 813
814 527
815 2
816 553
817 817
818 2
819 2
820 0
821 0
822 0
823 823
824 824
825 0
826 0
827 0
828 0
829 0
830 0
831 824
832 0
833 0
834 2
835 835
836 836
837 15
838 838
839 835
840 838
841 838
842 15
843 835
844 836
845 838
846 835
847 6
848 848
849 849
850 850
851 851
852 835
853 835
854 838
855 855
856 835
857 838
858 858
859 9
860 10
861 9
862 862
863 835
864 838
865 835
866 836
867 49
868 836
869 838
870 870
871 836
872 872
873 835
874 874
875 875
876 835
877 61
878 838
879 62
880 63
881 65
882 67
883 68
884 69
885 836
886 835
887 887
888 168
889 889
890 168
891 2
892 553
893 168
894 894
895 895
896 896
897 897
898 895
899 896
900 895
901 887
902 895
903 897
904 895
905 905
906 895
907 896
908 895
909 895
910 910
911 911
912 108
913 895
914 895
915 895
916 168
917 2
918 527
919 553
920 920
921 921
922 553
923 897
924 897
925 2
926 168
927 927
