0 0
1 1
2 2
3 3
4 4
5 5
6 6
7 7
8 8
9 9
10 10
11 11
12 12
13 13
14 14
15 15
16 6
17 17
18 15
19 19
20 20
21 21
22 22
23 19
24 15
25 25
26 26
27 27
28 28
29 29
30 30
31 31
32 32
33 33
34 34
35 15
36 36
37 37
38 38
39 39
40 40
41 38
42 42
43 43
44 38
45 45
46 46
47 47
48 48
49 49
50 50
51 51
52 52
53 53
54 54
55 55
56 56
57 57
58 58
59 59
60 6
61 61
62 62
63 63
64 6
65 65
66 66
67 67
68 68
69 69
70 70
71 71
72 71
73 73
74 74
75 75
76 76
77 77
78 78
79 6
80 80
81 78
82 82
83 83
84 78
85 85
86 86
87 87
88 88
89 80
90 90
91 82
92 92
93 93
94 94
95 95
96 96
97 94
98 98
99 99
100 80
101 101
102 102
103 102
104 101
105 101
106 106
107 107
108 102
109 109
110 110
111 111
112 112
113 113
114 114
115 115
116 116
117 117
118 118
119 119
120 120
121 121
122 122
123 123
124 124
125 125
126 126
127 127
128 128
129 129
130 130
131 131
132 132
133 133
134 134
135 135
136 136
137 137
138 138
139 139
140 140
141 141
142 142
143 143
144 144
145 145
146 144
147 143
148 144
149 149
150 149
151 151
152 152
153 151
154 154
155 143
156 154
157 151
158 149
159 151
160 149
161 151
162 162
163 163
164 164
165 165
166 166
167 167
168 168
169 169
170 170
171 171
172 172
173 173
174 174
175 173
176 176
177 177
178 178
179 179
180 6
181 181
182 182
183 183
184 184
185 181
186 184
187 187
188 184
189 189
190 184
191 181
192 184
193 187
194 6
195 6
196 184
197 197
198 198
199 198
200 200
201 201
202 202
203 6
204 204
205 205
206 206
207 206
208 208
209 209
210 210
211 211
212 212
213 213
214 213
215 215
216 216
218 218
219 219
220 220
221 221
222 222
223 223
224 224
225 225
226 226
227 227
228 228
229 229
230 230
231 231
232 232
233 233
234 234
235 235
236 236
237 237
238 238
239 239
240 240
241 241
242 242
243 243
244 244
245 240
246 240
247 247
248 240
249 249
250 250
251 251
252 252
253 253
254 254
255 255
256 256
257 257
258 258
259 259
260 260
261 261
262 262
263 263
264 264
265 265
266 266
267 267
268 268
269 269
270 270
271 271
272 272
273 273
274 274
275 275
276 276
277 277
278 278
279 279
280 280
281 281
282 280
283 283
284 284
285 285
286 286
287 287
288 288
289 289
290 290
291 291
292 292
293 293
294 294
295 295
296 296
297 297
298 298
299 299
300 300
301 295
302 302
303 303
304 304
305 305
306 213
307 307
308 308
309 213
310 308
311 307
312 312
313 313
314 314
315 315
316 316
317 317
318 318
319 308
320 213
321 308
322 322
323 323
324 324
326 326
327 327
328 324
329 329
330 330
331 331
332 332
333 333
334 334
335 335
336 336
337 337
338 338
339 339
340 340
341 213
342 308
343 213
344 308
345 307
346 308
347 307
348 348
349 308
350 213
351 308
352 308
353 353
354 307
355 308
356 307
357 308
358 353
359 308
360 353
361 353
362 213
363 353
364 213
365 365
366 366
367 353
368 353
369 353
370 353
371 353
372 353
373 353
374 353
375 353
376 376
377 377
378 353
379 308
380 380
381 213
382 308
383 213
384 305
385 385
386 386
387 213
388 388
389 305
390 213
391 308
392 353
393 353
394 353
395 353
396 377
397 353
398 398
399 353
400 353
401 353
402 353
403 377
404 353
405 353
406 353
407 353
408 408
409 377
410 410
411 353
412 412
413 353
414 308
415 308
416 213
417 308
418 213
419 353
420 353
421 353
422 422
423 213
424 353
425 353
426 353
427 377
428 213
429 353
430 353
431 213
432 432
433 353
434 307
435 435
436 312
437 437
438 438
439 439
440 440
441 441
442 441
443 443
444 444
445 445
446 446
447 446
448 448
449 449
450 450
451 451
452 452
453 453
454 452
455 455
456 213
457 339
458 458
459 459
460 460
461 461
462 462
463 463
464 464
465 465
466 466
467 467
468 468
469 469
470 470
471 471
472 472
473 213
474 377
475 213
476 308
477 213
478 308
479 353
480 353
481 353
482 353
483 213
484 484
485 485
486 353
487 213
488 488
489 353
490 213
491 213
492 492
493 366
494 353
495 213
496 496
497 497
498 353
499 353
500 366
501 492
502 353
503 353
504 441
505 505
506 353
507 507
508 353
509 509
510 213
511 353
512 353
513 507
514 353
515 515
516 515
517 441
518 446
519 519
520 520
521 488
522 488
523 488
524 488
525 520
526 488
527 446
528 488
529 529
530 446
531 531
532 441
533 488
534 446
535 213
536 446
537 488
538 538
539 446
540 488
541 541
542 529
543 488
544 446
545 446
546 541
547 446
548 488
549 497
550 366
551 538
552 552
553 213
554 554
555 555
556 446
557 488
558 446
559 441
560 488
561 446
562 213
563 488
564 529
565 446
566 441
567 446
568 213
569 529
570 488
571 571
572 213
573 555
574 574
575 575
576 488
577 529
578 213
579 492
580 580
581 213
582 582
583 452
584 584
585 213
586 353
587 446
588 213
589 213
590 555
591 213
592 353
593 593
594 353
595 446
596 520
597 597
598 555
599 488
600 520
601 488
602 602
603 603
604 604
605 446
606 353
607 452
608 213
609 366
610 610
611 213
612 612
613 446
614 213
615 353
616 446
617 520
618 520
619 619
620 441
621 446
622 353
623 488
624 624
625 213
626 492
627 627
628 353
629 366
630 630
631 353
632 353
633 633
634 353
635 492
636 353
637 446
638 353
639 446
640 640
641 353
642 642
643 630
644 644
645 492
646 593
647 492
648 453
649 452
650 453
651 584
652 452
653 453
654 492
655 655
656 656
657 657
658 658
659 453
660 492
661 492
662 453
663 663
664 492
665 453
666 666
667 453
668 668
669 492
670 670
671 492
672 672
673 673
674 492
675 492
676 670
677 677
678 6
679 377
680 453
681 492
682 682
683 670
684 682
685 492
686 655
687 687
688 453
689 492
690 682
691 492
692 692
693 453
694 694
695 492
696 453
697 492
698 529
699 699
700 492
701 446
702 612
703 492
704 453
705 682
706 452
707 593
708 492
709 453
710 492
711 668
712 452
713 453
714 492
715 452
716 716
717 529
718 718
719 453
720 492
721 452
722 452
723 453
724 593
725 725
726 353
727 727
728 446
729 213
730 353
731 353
732 555
733 353
734 446
735 735
736 541
737 353
738 593
739 213
740 353
741 741
742 742
743 377
744 744
745 541
746 353
747 377
748 353
749 213
750 492
751 353
752 377
753 213
754 307
755 755
756 756
757 757
758 758
759 756
760 760
761 670
762 492
763 756
764 760
765 765
766 756
767 446
768 768
769 440
770 642
771 492
772 440
773 756
774 441
775 440
776 756
777 441
778 768
779 756
780 780
781 492
782 768
783 440
784 784
785 785
786 768
787 440
788 6
789 789
790 441
791 440
792 768
793 446
794 756
795 440
796 768
797 441
798 756
799 756
800 755
801 441
802 440
803 756
804 804
805 756
806 492
807 807
808 441
809 768
810 213
811 768
812 756
813 813
814 814
815 815
816 756
817 440
818 768
819 768
820 440
821 821
822 822
823 756
824 440
825 213
826 768
827 440
828 756
829 829
830 830
831 756
832 440
833 768
834 834
835 756
836 836
837 446
838 492
839 213
840 840
841 580
842 492
843 440
844 768
845 756
846 756
847 834
848 756
849 440
850 789
851 682
852 768
853 756
854 834
855 768
856 440
857 756
858 834
859 768
860 860
861 861
862 862
863 860
864 756
865 768
866 756
867 834
868 860
869 768
870 834
871 768
872 872
873 756
874 834
875 446
876 876
877 877
878 878
879 446
880 756
881 881
882 834
883 768
884 884
885 860
886 441
887 887
888 768
889 440
890 834
891 836
892 756
893 440
894 768
895 440
896 768
897 897
898 898
899 492
900 900
901 446
902 902
903 903
904 446
905 768
906 505
907 907
908 446
909 756
910 768
911 440
912 834
913 756
914 441
915 440
916 916
917 756
918 440
919 756
920 446
921 768
922 440
923 756
924 924
925 768
926 440
927 804
928 440
929 768
930 440
931 446
932 756
933 440
934 756
935 935
936 446
937 756
938 440
939 939
940 440
941 441
942 834
943 756
944 944
945 768
946 492
947 642
948 948
949 949
950 440
951 446
952 756
953 440
954 756
955 756
956 446
957 957
958 756
959 446
960 756
961 213
962 962
963 492
964 964
965 962
966 756
967 440
968 446
969 969
970 756
971 756
972 440
973 973
974 756
975 440
976 441
977 977
978 446
979 768
980 440
981 756
982 982
983 756
984 441
985 862
986 756
987 441
988 446
989 768
990 440
991 756
992 992
993 446
994 756
995 995
996 441
997 997
998 768
999 999
1000 1000
1001 768
1002 440
1003 756
1004 902
1005 453
1006 1006
1007 440
1008 768
1009 339
1010 213
1011 1011
1012 1012
1013 630
1014 492
1015 213
1016 213
1017 1017
1018 440
1019 768
1020 213
1021 213
1022 441
1023 1023
1024 213
1025 441
1026 1026
1027 1027
1028 213
1029 1029
1030 213
1031 213
1032 642
1033 630
1034 627
1035 366
1036 492
1037 213
1038 1038
1039 213
1040 1040
1041 555
1042 213
1043 1043
1044 554
1045 213
1046 554
1047 213
1048 213
1049 213
1050 213
1051 213
1052 1052
1053 213
1054 1054
1055 213
1056 1056
1057 213
1058 213
1059 492
1060 213
1061 446
1062 441
1063 213
1064 353
1065 213
1066 213
1067 441
1068 213
