0 0
1 1
2 2
3 3
4 4
5 5
6 6
7 6
8 6
9 6
10 10
11 6
12 12
13 5
14 6
15 6
16 16
17 17
18 18
19 19
20 20
21 21
22 22
23 23
24 24
25 22
26 26
27 22
29 29
30 22
31 29
32 32
33 33
34 34
35 35
36 26
37 35
38 38
39 39
40 40
41 41
42 42
43 43
44 44
45 45
47 47
48 48
49 49
50 50
51 51
52 52
53 53
54 53
55 55
56 56
57 57
58 58
59 59
60 58
61 61
62 62
63 63
64 63
65 65
66 63
67 63
68 68
69 69
70 70
71 71
72 72
73 73
74 73
75 73
76 69
77 70
78 78
79 79
80 80
81 81
82 70
83 69
84 73
85 85
86 86
87 80
88 88
89 73
90 86
91 80
92 88
93 85
94 73
95 78
96 96
97 85
98 80
99 99
100 73
101 86
102 102
103 88
104 80
105 85
106 106
107 107
108 108
109 109
110 73
111 73
112 112
113 86
114 114
115 80
116 116
117 73
118 118
119 119
120 73
121 118
122 122
123 123
124 80
125 125
126 88
127 127
128 85
129 123
130 118
131 85
132 80
133 106
134 88
135 127
136 118
137 123
138 118
139 123
140 118
141 85
142 80
143 88
144 127
145 107
146 102
147 123
148 118
149 78
150 80
151 106
152 85
153 88
154 154
155 118
156 109
157 123
158 158
159 159
160 85
161 161
162 80
163 163
164 164
165 165
166 166
167 167
168 118
169 123
170 86
171 106
172 88
173 80
174 85
175 118
176 176
177 177
178 118
179 85
180 180
181 102
182 86
183 80
184 118
185 185
186 118
187 187
188 188
189 189
190 85
191 191
192 80
193 193
194 118
195 118
196 176
197 118
198 185
199 118
200 200
201 201
202 163
203 203
204 204
205 85
206 80
207 167
208 165
209 166
210 118
211 69
212 176
213 118
214 185
215 123
216 73
217 73
218 176
219 69
220 185
221 78
222 80
223 106
224 189
225 102
226 79
227 127
228 73
229 69
230 193
231 73
232 127
233 106
234 85
235 88
236 80
237 118
238 238
239 118
240 240
241 241
242 118
243 243
244 176
245 118
246 176
247 73
248 176
249 118
250 250
251 86
252 252
253 85
254 254
255 80
256 256
257 127
258 258
259 118
260 80
261 85
262 262
263 78
264 106
265 107
266 88
267 73
268 118
269 73
270 123
271 118
272 193
273 127
274 80
275 106
276 88
277 277
278 102
279 118
280 123
281 73
282 118
283 73
284 118
285 73
286 73
287 123
288 118
289 73
290 102
291 106
292 127
293 189
294 80
295 123
296 118
297 88
298 85
299 80
300 78
301 301
302 123
303 73
304 86
305 80
306 306
307 107
308 88
309 85
310 256
311 258
312 118
313 252
314 80
315 256
316 78
317 107
318 88
319 85
320 102
321 109
322 88
323 323
324 85
325 107
326 256
327 80
328 328
329 78
330 109
331 80
332 332
333 85
334 78
335 88
336 336
337 78
338 85
339 80
340 88
341 341
342 342
343 342
344 344
345 109
346 109
347 347
348 348
349 349
350 347
351 109
352 352
353 353
354 354
355 355
356 356
357 357
358 109
359 359
360 360
361 361
362 362
363 354
364 359
365 109
366 366
367 367
368 109
369 369
370 370
371 371
372 372
373 373
374 374
375 375
376 376
377 377
378 378
379 379
380 380
381 381
382 382
383 381
384 384
385 385
386 386
387 387
388 386
389 389
390 390
391 391
392 392
393 393
394 394
395 395
396 396
397 397
398 398
399 396
400 400
401 389
402 402
403 386
404 396
405 386
406 386
407 393
408 408
409 393
410 396
411 386
412 396
413 387
414 386
415 393
416 416
417 417
418 418
419 419
420 109
421 421
422 422
423 423
424 424
425 425
426 426
427 427
428 428
429 427
430 430
431 431
432 432
433 433
434 434
435 109
436 436
437 109
438 109
439 256
440 106
441 85
442 107
443 78
444 88
445 109
446 109
447 78
448 256
449 80
450 88
451 106
452 85
453 127
454 109
455 436
456 109
457 457
458 458
459 459
460 460
461 461
462 109
463 463
464 463
465 109
466 466
467 467
468 78
469 85
470 107
471 88
472 102
473 473
474 109
475 107
476 476
477 102
478 88
479 85
480 86
481 109
482 109
483 463
484 484
485 467
486 109
487 86
488 488
489 85
490 80
491 102
492 492
493 493
494 109
495 80
496 86
497 102
498 85
499 499
500 109
501 109
502 109
503 503
504 86
505 85
506 102
507 80
508 109
509 127
510 85
511 107
512 88
513 102
514 80
515 106
516 516
517 517
518 518
519 127
520 109
521 85
522 80
523 114
524 524
525 127
526 524
527 80
528 114
529 78
530 80
531 114
532 109
533 533
534 534
535 127
536 109
537 109
538 109
539 109
540 86
541 114
542 85
543 543
544 80
545 109
546 109
547 109
548 86
549 85
550 80
551 551
552 102
553 109
554 109
555 109
556 551
557 86
558 85
559 102
560 80
561 88
562 562
563 109
564 564
565 127
566 458
567 567
568 568
569 569
570 109
571 562
572 109
573 562
574 574
575 109
576 109
577 109
578 109
579 579
580 88
581 256
582 86
583 109
584 256
585 585
586 586
587 579
588 588
589 80
590 590
591 591
592 592
593 593
594 106
595 595
596 596
597 588
598 598
599 599
600 600
601 601
602 602
603 603
604 604
605 579
606 88
607 256
608 107
609 80
610 85
611 78
612 102
613 106
614 189
615 86
616 102
617 617
618 618
619 619
620 620
621 621
622 622
623 623
624 624
625 625
626 626
627 127
628 628
629 85
630 630
631 631
632 78
633 633
634 78
635 635
636 636
637 637
638 638
639 639
640 640
641 641
642 642
643 643
644 644
645 645
646 646
647 647
648 648
649 649
650 650
651 651
652 652
653 653
654 654
655 655
656 656
657 657
658 658
659 659
660 660
661 661
662 662
663 663
664 664
665 664
666 664
667 664
668 664
669 669
670 670
671 671
672 672
673 673
674 674
675 675
676 676
677 664
678 664
679 664
680 664
681 681
682 682
683 683
684 684
685 685
686 686
687 687
688 687
689 689
690 690
691 689
692 692
693 693
694 694
695 695
696 696
697 697
698 696
699 699
700 694
701 694
702 702
703 703
704 704
705 705
706 706
707 706
708 708
709 709
710 710
711 711
712 712
713 713
714 714
715 715
716 716
717 717
718 718
719 719
720 720
721 721
722 722
723 723
724 724
725 725
726 726
727 727
728 728
729 729
730 730
731 731
732 732
733 733
734 734
735 735
736 736
737 737
738 738
739 739
740 740
741 741
742 741
743 741
744 744
745 745
746 746
747 747
748 748
749 749
750 750
751 751
752 752
753 753
754 754
755 755
756 756
757 757
758 758
759 759
760 760
761 761
762 762
763 763
764 764
765 765
766 766
767 765
768 765
769 769
770 770
771 771
772 772
773 773
774 774
775 775
776 776
777 777
778 778
779 778
780 780
781 781
782 782
783 783
784 784
785 785
786 786
787 787
788 788
789 789
790 790
791 791
792 792
793 793
794 794
795 795
796 796
797 797
798 798
799 799
800 800
801 801
802 802
803 803
804 804
805 805
806 806
807 807
808 808
809 809
810 810
811 811
812 812
813 813
814 814
815 815
816 816
817 817
818 818
819 819
820 820
821 821
822 822
823 823
824 824
825 825
826 826
827 827
828 828
829 675
830 830
831 831
