0 0
1 1
2 2
3 2
4 4
5 4
6 6
7 7
8 8
9 9
10 10
11 4
12 4
13 13
14 14
15 15
16 15
17 17
18 18
19 19
20 20
21 21
22 22
23 23
24 24
25 4
26 26
27 4
28 28
29 4
30 28
31 28
32 28
33 4
34 28
35 4
36 4
37 37
38 38
39 37
40 4
41 37
42 37
43 43
44 44
45 45
46 4
47 4
48 4
49 4
50 50
51 51
52 52
53 53
54 54
55 55
56 56
57 57
58 58
59 59
60 60
61 61
62 62
63 63
64 64
65 65
66 66
67 67
68 68
69 69
70 70
71 71
72 72
74 74
75 75
76 76
77 77
78 78
79 79
80 80
81 81
82 82
83 83
84 84
85 85
86 86
87 4
88 88
89 4
90 90
91 91
92 92
93 93
94 51
95 95
96 91
97 91
98 4
99 4
100 100
101 4
102 4
103 103
104 104
105 105
106 106
107 107
108 108
109 109
110 110
111 111
112 4
113 113
114 4
115 4
116 116
117 117
118 4
119 4
120 4
121 4
122 4
123 123
124 4
125 125
126 126
127 127
128 128
129 125
130 130
131 125
132 125
133 125
134 134
135 125
136 125
137 137
138 138
139 130
140 125
141 125
142 142
143 142
144 144
145 125
146 4
147 4
148 148
149 149
150 150
151 151
152 152
153 153
154 154
155 155
156 156
157 157
158 158
159 159
160 160
161 161
162 162
163 163
164 164
165 165
166 153
167 167
168 168
169 169
170 170
171 171
172 172
173 173
174 174
175 174
176 176
177 177
178 178
179 179
180 178
181 181
182 164
183 183
184 164
185 185
186 186
187 181
188 4
189 4
190 190
191 191
192 192
193 193
194 194
195 191
196 193
197 191
198 192
199 199
200 200
201 201
202 193
203 203
204 204
205 205
206 206
207 207
208 208
209 209
210 4
211 211
212 4
213 213
214 214
215 215
216 216
217 217
218 218
219 219
220 220
221 221
222 222
223 223
224 224
225 225
226 225
227 227
228 228
229 229
230 4
231 4
232 4
233 233
234 234
235 0
236 236
237 237
238 238
239 239
240 240
241 241
242 242
243 243
244 244
245 245
246 246
247 4
248 248
249 249
250 250
251 251
252 252
253 252
254 254
255 255
256 256
257 257
258 258
259 4
260 260
261 261
262 261
263 4
264 260
265 265
266 260
267 265
268 4
269 261
270 260
271 260
272 261
273 4
274 265
275 260
276 260
277 4
278 278
279 260
280 260
281 265
282 260
283 4
284 260
285 260
286 261
287 4
288 260
289 265
290 261
291 260
292 261
293 261
294 260
295 260
296 261
297 260
298 298
299 260
300 261
301 4
302 260
303 261
304 260
305 260
306 260
307 261
308 260
309 4
310 265
311 260
312 260
313 260
314 261
315 260
316 260
317 265
318 260
319 260
320 261
321 126
322 260
323 260
324 261
325 260
326 260
327 327
328 4
329 261
330 260
331 331
332 260
333 260
334 4
335 260
336 4
337 337
338 338
339 339
340 340
341 341
342 342
343 343
344 4
345 345
346 346
347 347
348 348
349 349
350 350
351 351
352 352
353 348
354 354
355 348
356 356
357 357
358 358
359 359
360 360
361 361
362 362
363 363
364 356
365 365
366 366
367 367
368 368
369 356
370 370
371 371
372 372
373 373
374 374
375 375
376 376
377 377
378 378
379 379
380 380
381 381
382 382
383 383
384 382
385 385
386 386
387 387
388 388
389 389
390 390
391 391
392 392
393 393
394 394
395 395
396 396
397 397
398 398
399 399
400 400
401 401
402 402
403 403
404 404
405 401
406 406
407 407
408 408
409 409
410 410
411 408
412 412
413 407
414 414
415 415
416 416
417 417
418 418
419 419
420 420
421 421
422 422
423 423
424 424
425 425
426 426
427 427
428 428
429 429
430 430
431 430
432 430
433 430
434 430
435 430
436 430
437 430
438 430
439 430
440 430
441 430
442 430
443 430
444 430
445 445
446 445
447 445
448 445
449 449
450 450
451 451
452 452
453 453
454 454
455 455
456 456
457 457
458 458
459 459
460 460
461 461
462 462
463 463
464 460
465 465
466 466
467 467
468 468
469 469
470 470
471 471
472 472
473 473
475 475
476 476
477 477
478 478
479 479
480 480
481 481
482 482
483 483
484 484
485 485
