0 0
1 1
2 2
3 3
4 4
5 5
6 6
7 2
8 2
9 9
10 3
11 11
12 2
13 13
14 3
15 9
16 2
17 3
18 9
19 19
20 3
21 21
22 22
23 3
24 9
25 1
26 3
27 27
28 28
29 29
30 3
31 2
32 0
33 33
34 2
35 35
36 9
37 37
38 38
39 39
40 40
41 11
42 1
43 2
44 44
45 11
46 2
47 47
48 11
49 2
50 1
51 11
52 1
53 53
54 54
55 55
56 56
57 57
58 58
59 59
60 60
61 1
62 62
63 1
64 59
65 65
66 66
67 67
68 68
69 69
70 70
71 71
72 66
73 73
74 74
75 1
76 76
77 77
78 1
79 79
80 80
81 11
82 82
83 83
84 84
85 85
86 84
87 87
88 88
89 89
90 90
91 11
92 92
93 85
94 94
95 95
96 9
97 9
98 98
99 99
100 100
101 101
102 102
103 103
104 104
105 11
106 106
107 107
108 108
109 109
110 106
111 111
112 111
113 106
114 11
115 115
116 106
117 117
118 90
119 11
120 106
121 11
122 11
123 123
124 124
125 125
126 126
127 127
128 88
129 127
130 130
131 127
132 132
133 133
134 134
135 135
136 136
137 137
138 138
139 127
140 140
141 127
142 142
143 140
144 144
145 145
146 146
147 147
148 148
149 149
150 140
151 47
152 152
153 153
154 154
155 155
156 127
157 140
158 158
159 159
160 127
161 127
162 162
163 163
164 164
165 165
166 166
167 167
168 1
169 169
170 170
171 171
172 2
173 11
174 1
175 1
176 176
177 1
178 176
179 179
180 2
181 176
182 1
183 2
184 176
185 1
186 186
187 69
188 1
189 186
190 176
191 54
192 192
193 193
194 176
195 1
196 196
197 1
198 2
199 1
200 200
201 176
202 202
203 11
204 1
205 176
206 11
207 176
208 208
209 209
210 1
211 2
212 11
213 176
214 214
215 215
216 2
217 1
218 11
219 219
220 176
221 2
222 193
223 176
224 224
225 208
226 226
227 227
228 228
229 1
230 230
231 1
232 230
233 1
234 226
235 235
236 0
237 237
238 238
239 239
240 240
241 176
242 0
243 243
244 244
245 245
246 1
247 0
248 2
249 249
250 1
251 251
252 252
253 253
254 254
255 1
256 1
257 243
258 1
259 176
260 237
261 261
262 262
263 263
264 115
265 265
266 266
267 267
268 268
269 269
270 265
271 271
272 265
273 273
274 274
275 267
276 265
277 271
278 278
279 265
280 271
281 281
282 265
283 283
284 271
285 265
286 286
287 287
288 288
289 289
290 265
291 291
292 265
293 293
294 294
295 295
296 115
297 11
298 298
299 299
300 294
301 106
302 9
303 303
304 299
305 303
306 299
307 307
308 299
309 294
310 310
311 115
312 298
313 313
314 106
315 9
316 299
317 317
318 318
319 115
320 320
321 321
322 322
323 11
324 299
325 325
326 326
327 327
328 328
329 329
330 330
331 331
332 332
333 333
334 237
335 335
336 336
337 127
338 338
339 339
340 340
341 341
342 342
343 343
344 344
345 345
346 346
347 343
348 348
349 67
350 350
351 351
352 1
353 353
354 354
355 1
356 2
357 353
358 2
359 1
360 360
361 1
362 362
363 2
364 364
365 365
366 366
367 367
368 2
369 1
370 11
371 2
372 1
373 373
374 1
375 11
376 11
377 1
378 1
379 11
380 380
381 127
382 382
383 383
384 127
385 127
386 87
387 387
388 388
389 387
390 87
391 391
392 87
393 393
394 393
395 87
396 396
397 397
398 398
399 399
400 87
401 401
402 402
403 403
404 404
405 405
406 406
407 407
408 408
409 409
410 410
411 411
412 412
413 193
414 11
415 415
416 11
417 176
418 418
419 419
420 176
421 421
422 422
423 251
424 424
425 11
426 2
427 251
428 428
429 429
430 2
431 1
432 432
433 433
434 1
435 435
436 435
437 435
438 438
439 439
440 440
441 441
442 438
443 443
444 444
445 445
446 446
447 447
448 448
449 449
450 450
451 451
452 452
453 453
454 127
455 455
456 127
457 457
458 127
459 459
460 460
461 461
462 462
463 463
464 464
465 465
466 466
467 127
468 468
469 469
470 470
471 470
472 472
473 473
474 127
475 475
476 468
477 127
478 478
479 479
480 475
481 127
482 468
483 483
484 484
485 485
486 127
487 468
488 475
489 127
490 490
491 475
492 127
493 490
494 494
495 127
496 87
497 127
498 498
499 1
500 500
501 1
502 502
503 503
504 504
505 1
506 506
507 507
508 508
509 509
510 1
511 1
512 507
513 332
514 11
515 515
516 516
517 11
518 504
519 1
520 516
521 1
522 11
523 523
524 524
525 525
526 56
527 527
528 11
529 56
530 530
531 11
532 516
533 2
534 534
535 535
536 2
537 537
538 538
539 111
540 540
541 541
542 1
543 1
544 544
545 545
546 546
547 547
548 548
549 549
550 550
551 551
552 1
553 553
554 554
555 555
556 556
557 554
558 2
559 559
560 1
561 561
562 2
563 563
564 564
565 556
566 90
567 2
568 559
569 2
570 90
571 571
572 2
573 90
574 1
575 575
576 1
577 11
578 575
579 579
580 1
581 581
582 582
583 583
584 584
585 585
586 584
587 587
588 588
589 11
590 590
591 588
592 11
593 584
594 594
595 595
596 596
597 597
598 598
599 597
600 600
601 601
602 399
603 603
604 600
605 603
606 603
607 600
608 603
609 600
610 603
611 611
612 612
613 613
614 399
615 615
616 399
617 617
618 399
619 619
620 620
621 621
622 622
623 623
624 623
625 625
626 626
627 622
628 623
629 629
630 630
631 631
632 632
633 633
634 632
635 635
636 635
637 633
638 638
639 632
640 632
641 641
642 642
643 1
644 644
645 645
646 646
647 645
648 645
649 649
650 650
651 651
652 652
653 653
654 654
655 655
656 656
657 2
658 11
659 659
660 660
661 661
662 1
663 2
664 652
665 665
666 666
667 666
668 666
669 669
670 670
671 671
672 672
673 1
674 674
675 675
676 666
677 70
678 1
679 679
680 555
681 681
682 682
683 683
684 684
685 685
686 686
687 687
688 688
689 689
690 687
691 691
692 546
693 693
694 694
695 1
696 696
697 697
698 2
699 699
700 1
701 0
702 127
703 703
704 704
705 705
706 706
707 707
708 708
709 709
710 710
711 711
712 1
713 11
714 714
715 11
716 716
717 717
718 718
719 1
720 11
721 721
722 127
723 723
724 2
725 725
726 294
727 727
728 127
729 729
730 127
731 2
732 11
733 127
734 1
735 11
736 736
737 2
738 11
739 736
740 740
741 2
742 742
743 743
744 2
745 745
746 746
747 747
748 1
749 749
750 2
751 751
752 1
753 687
754 749
755 1
756 751
757 745
758 758
759 2
760 760
761 751
762 1
763 2
764 749
765 765
766 766
767 767
768 2
769 769
770 2
771 1
772 772
773 1
774 774
775 1
776 776
777 777
778 778
779 779
780 1
781 781
782 782
783 783
784 208
785 785
786 2
787 787
788 11
789 1
790 790
791 791
792 2
793 793
794 11
795 795
796 796
797 11
798 790
799 799
800 800
801 11
802 802
803 785
804 11
805 1
806 11
807 785
808 808
809 1
810 11
811 11
812 1
813 813
814 11
815 1
816 816
817 1
818 818
819 106
820 2
821 196
822 176
823 746
824 1
825 193
826 826
827 193
828 176
829 1
830 193
831 1
832 832
833 833
834 1
835 11
836 1
837 1
838 838
839 1
840 2
841 841
842 2
843 11
844 1
845 11
846 1
847 11
848 1
849 686
850 850
851 851
852 11
853 853
854 854
855 855
856 856
857 857
858 853
859 859
860 853
861 861
862 862
863 127
864 87
865 127
866 87
867 87
868 127
869 127
870 87
871 127
872 872
873 87
874 874
875 127
876 294
877 294
878 87
879 127
880 87
881 127
882 294
883 874
884 294
885 87
886 294
887 887
888 888
889 87
890 127
891 891
892 892
893 893
894 894
895 895
896 893
897 294
898 893
899 899
900 900
901 901
902 294
903 903
904 904
905 905
906 906
907 907
908 908
909 909
910 910
911 911
912 912
913 913
914 914
915 915
916 916
917 707
918 918
919 919
920 920
921 921
922 922
923 923
924 924
925 925
926 926
927 927
928 928
929 929
930 930
931 1
932 1
933 1
934 751
935 935
936 936
937 2
938 938
939 939
940 939
941 1
942 11
943 943
944 939
945 1
946 946
947 947
948 948
949 2
950 2
951 1
952 952
953 1
954 2
955 952
956 1
957 2
958 2
959 952
960 2
961 961
962 952
963 963
964 963
965 965
966 2
967 967
968 53
969 969
970 1
971 971
972 972
973 973
974 974
975 975
976 976
977 977
978 978
979 176
980 176
981 193
982 176
983 176
984 571
985 985
986 986
987 987
988 176
989 989
990 990
991 991
992 193
993 2
994 994
995 995
996 102
997 997
998 998
999 997
1000 115
1001 1001
1002 1002
1003 997
1004 1004
1005 1005
1006 997
1007 1007
1008 997
1009 1007
1010 102
1011 1011
1012 1012
1013 1
1014 2
1015 2
1016 1016
1017 1017
1018 1018
1019 1019
1020 1020
1021 127
1022 1022
1023 1023
1024 127
1025 1025
1026 1026
1027 1027
1028 1022
1029 294
1030 294
1031 1031
1032 294
1033 1033
1034 1034
1035 1034
1036 1033
1037 294
1038 1038
1039 1039
1040 1040
1041 1041
1042 1042
1043 1043
1044 1044
1045 1045
1046 294
1047 1047
1048 1045
1049 1049
1050 1050
1051 1050
1052 1052
1053 1053
1054 1050
1055 1055
1056 853
1057 11
1058 853
1059 853
1060 1060
1061 1061
1062 1061
1063 1063
1064 1064
1065 1065
1066 853
1067 1067
1068 1068
1069 1069
1070 11
1071 554
1072 1072
1073 554
1074 659
1075 1075
1076 939
1077 1077
1078 1
1079 939
1080 1080
1081 939
1082 1082
1083 1083
1084 1
1085 11
1086 939
1087 1
1088 1088
1089 1089
1090 1090
1091 1091
1092 176
