0 0
1 1
2 2
3 3
4 2
5 5
6 6
7 5
8 6
9 9
10 10
11 6
12 6
13 9
14 6
15 6
16 9
17 5
18 18
19 19
20 20
21 21
22 22
23 22
24 5
25 25
26 26
27 27
28 28
29 29
30 30
31 31
32 32
33 33
34 34
35 35
36 22
37 22
38 38
39 39
40 40
41 41
42 42
43 43
44 44
45 45
46 46
47 47
48 48
49 49
50 26
51 51
52 52
53 26
54 54
55 55
56 56
57 52
58 58
59 47
60 60
61 61
62 62
63 63
64 64
65 65
66 66
67 67
68 68
69 69
70 70
71 71
72 72
73 68
74 74
75 60
76 76
77 71
78 78
79 79
80 80
81 81
82 76
83 83
84 84
85 71
86 86
87 78
88 88
89 76
90 78
91 79
92 92
93 84
94 86
95 71
96 79
97 79
98 78
99 79
100 71
101 86
102 102
103 78
104 104
105 105
106 74
107 107
108 108
109 109
110 88
111 111
112 112
113 113
114 114
115 78
116 84
117 109
118 108
119 78
120 120
121 88
122 122
123 109
124 108
125 108
126 109
127 127
128 128
129 129
130 130
131 131
132 107
133 84
135 135
136 136
137 137
138 138
139 139
140 140
141 141
142 142
143 143
144 144
145 145
146 129
147 147
148 74
149 149
150 64
151 141
152 152
153 153
154 154
155 154
156 154
157 154
158 154
159 159
160 154
161 161
162 162
163 163
164 164
165 165
166 166
167 167
168 168
169 169
170 170
171 171
172 26
173 173
174 174
175 175
176 176
177 177
178 178
179 179
180 180
181 181
182 182
183 183
184 184
185 185
186 186
187 179
188 175
189 189
190 190
191 26
192 192
193 193
194 194
195 195
196 196
197 197
198 198
199 199
200 200
201 199
202 202
203 163
204 204
205 205
206 206
208 208
209 209
210 210
211 211
212 212
213 213
214 214
215 215
216 216
217 217
218 218
219 219
220 83
221 221
222 222
223 223
224 224
225 225
226 226
227 227
228 228
229 229
230 230
231 231
232 232
233 233
234 234
235 235
236 236
237 237
238 237
239 239
240 237
241 241
242 237
243 241
244 237
245 245
246 241
247 237
248 241
249 237
250 237
251 241
252 237
253 241
254 254
255 237
256 256
257 241
258 237
259 259
260 254
261 261
262 241
263 237
264 237
265 256
266 241
267 237
268 241
269 237
270 241
271 271
272 272
273 273
274 273
275 275
276 276
277 277
278 278
279 279
280 280
281 281
282 282
283 5
284 284
285 285
286 286
287 287
288 288
289 289
290 290
291 5
293 293
294 294
295 295
296 296
297 297
298 297
299 297
300 297
301 301
302 302
303 303
304 302
305 303
306 306
307 307
308 308
309 309
310 310
311 311
312 312
313 313
314 302
315 315
316 316
317 317
318 318
319 319
320 320
321 320
322 322
323 323
324 324
325 325
326 320
327 327
328 320
329 323
330 330
331 331
332 320
333 333
334 334
335 335
336 336
337 337
338 338
339 339
340 340
341 336
342 336
343 343
344 344
345 345
346 346
347 347
348 348
349 349
350 350
351 351
352 352
353 353
354 354
355 354
356 356
357 356
358 358
359 358
360 358
361 361
362 362
363 363
364 364
365 365
366 366
367 365
368 358
369 365
370 358
371 358
372 372
373 373
374 374
375 375
376 376
377 377
378 378
379 379
380 380
381 381
382 382
383 383
384 384
385 385
386 386
387 387
388 388
389 389
390 390
391 391
392 392
393 393
394 372
395 395
396 396
397 397
398 398
399 399
400 400
401 401
402 402
403 403
404 404
405 405
406 406
407 407
408 408
409 409
410 410
411 411
412 412
413 413
414 414
415 415
416 416
417 417
418 418
419 372
420 420
421 421
422 422
423 423
424 424
425 425
426 426
427 426
428 428
429 429
430 430
431 431
432 432
433 429
434 429
435 435
436 424
437 437
438 438
439 439
440 440
441 441
442 442
443 443
444 444
445 445
446 446
447 447
448 448
449 449
450 450
451 451
452 451
453 453
454 454
455 372
456 456
457 456
458 458
