63.600 64.800 1590 1620 grand_cru 14.460
78.960 80.160 1974 2004 blanc 12.819
168.240 173.040 4206 4326 micheljack_chasseuil 28.264
168.720 173.040 4218 4326 collectionneur 24.356
315.600 320.160 7890 8004 collectionneur 27.356
315.600 320.400 7890 8010 micheljack_ch 17.287
421.920 423.840 10548 10596 les_a_squat 5.379
484.320 488.640 12108 12216 journalisie 8.696
484.320 488.640 12108 12216 curie_brown 18.427
572.400 575.280 14310 14382 lien 5.231
576.480 578.640 14412 14466 civile_du 14.417
576.720 578.640 14418 14466 manle_conti 11.755
590.640 594.960 14766 14874 journaliste 15.084
590.640 595.200 14766 14880 curie_brown 22.427
643.200 645.840 16080 16146 saint 14.084
672.960 677.760 16824 16944 duuglas_barzelay 15.289
673.680 677.760 16842 16944 collectionneur 15.356
675.360 709.200 16884 17730 noce 7.469
783.360 786.000 19584 19650 viticulieur 7.517
781.680 786.240 19542 19656 iaurent_punsot 8.952
868.080 870.000 21702 21750 entree_entran_ce 29.361
868.080 870.000 21702 21750 domaine 30.120
950.640 954.960 23766 23874 viticul 7.239
968.880 970.800 24222 24270 rou 8.235
968.400 970.800 24210 24270 ponsor 8.123
968.640 970.800 24216 24270 robiso 6.783
968.640 970.800 24216 24270 ponh 3.273
971.520 974.160 24288 24354 les_a 7.350
971.280 974.160 24282 24354 la_roche 21.794
971.280 974.160 24282 24354 clos_dl 12.693
972.960 974.160 24324 24354 que 5.685
987.120 989.760 24678 24744 ljuuglas_barzelay 3.435
985.200 990.000 24630 24750 collectionneur 19.245
1020.240 1023.120 25506 25578 bouteilles_par 23.157
1020.240 1023.120 25506 25578 emier_cru_c 12.762
1020.240 1023.120 25506 25578 upp_connus 6.093
1020.000 1023.120 25500 25578 aulproprie_mire_recoltani 18.859
1063.440 1064.880 26586 26622 isiapiiqieuriortiit 9.418
1089.840 1094.400 27246 27360 respd_l_station_vin_de_cepage_pays_d_oc 21.107
1168.080 1172.640 29202 29316 inspecteur_de_la_repressi_ntiehraudes 31.899
1168.080 1172.880 29202 29322 philippe_mastic 7.607
1215.600 1217.040 30390 30426 in_annulant 8.080
1215.840 1217.280 30396 30432 es_laiton 6.343
1215.840 1217.760 30396 30444 entacher_i 9.428
1224.000 1225.200 30600 30630 ref 6.390
1262.160 1267.200 31554 31680 florence 27.627
1262.160 1267.200 31554 31680 directrice_oenerale_vin_oe_cepace_pays_o_oc 27.833
1326.240 1330.560 33156 33264 voila_je_vous_en_prie 27.740
1332.960 1338.960 33324 33474 justement_comme_vous_ne_repondez_pas 45.753
1339.440 1340.640 33486 33516 c_est_un_sujet_qui_ne_m_interesse_pas 21.739
1341.360 1344.720 33534 33618 c_est_un_sujet_qui_ne_m_interesse_pas 32.739
1339.680 1346.160 33492 33654 oui_mais_enfin_la_region 32.070
1351.440 1353.600 33786 33840 vous_ignorez_totalement 37.079
1351.680 1353.600 33792 33840 le_probleme_donc 27.873
1355.040 1356.720 33876 33918 bon_allez_s_il_vous_plait_monsieur 36.457
1372.080 1374.000 34302 34350 rosnarnnousnorme 7.189
1372.080 1374.000 34302 34350 vin_de_pays_d_oc 7.389
1372.080 1374.000 34302 34350 syndicat 20.664
1372.080 1374.000 34302 34350 des_producteurs 37.407
1375.680 1380.480 34392 34512 florence_ba_hes 26.251
1375.920 1380.480 34398 34512 directrice_denerale_vin_de_cepaoe_pays_d_oc 27.761
1421.760 1422.960 35544 35574 lavant 4.091
1423.680 1425.840 35592 35646 rita 11.751
1423.680 1425.840 35592 35646 pinot 20.103
1424.400 1425.840 35610 35646 hills 6.156
1433.520 1437.120 35838 35928 marc_zeller 28.005
1433.280 1437.840 35832 35946 speciaiisif_re_vins_francais 21.086
1446.240 1447.440 36156 36186 acne 6.760
1448.640 1449.840 36216 36246 aini 4.835
1448.400 1449.840 36210 36246 pinotn 5.589
1448.160 1449.840 36204 36246 pinot 7.960
1448.160 1449.840 36204 36246 pinot_noir 6.470
1450.560 1451.760 36264 36294 pinot 19.103
1450.320 1451.760 36258 36294 noir 21.367
1539.600 1544.400 38490 38610 marc_zel 23.824
1539.840 1544.400 38496 38610 speciaiiste_seranrais 21.423
1577.520 1579.440 39438 39486 tu_arques 5.991
1654.320 1662.960 41358 41574 axel_de_tarle 80.669
1654.320 1662.960 41358 41574 recon 28.314
1654.320 1662.960 41358 41574 l_economiste_pascal_perri 92.626
1677.600 1680.240 41940 42006 banque_et_assurance 45.176
1678.320 1680.240 41958 42006 demandez_plus_a_votre_banque 43.208
1681.680 1684.320 42042 42108 datacet 42.032
1681.680 1684.320 42042 42108 all_modla 12.509
1692.720 1693.920 42318 42348 datacet 7.032
1702.080 1703.520 42552 42588 nanar 3.268
1692.480 1711.440 42312 42786 appel_gratuit 181.437
1706.880 1711.440 42672 42786 sans_changer_de_numero_de_telephone 50.260
1716.960 1718.400 42924 42960 monsieur_clooney 17.599
1716.960 1718.400 42924 42960 mans_c_est_bnen_paree_que_ce_est_nous 27.794
1722.000 1723.680 43050 43092 mais_c_est_bien_parce_que_cest_vous 27.941
1722.480 1724.880 43062 43122 madame_martin 20.790
1728.720 1730.400 43218 43260 quand_je_viens_iei 14.761
1728.720 1730.400 43218 43260 j_ai_toujours_l_impression_d_etre_une_star 25.185
1731.120 1732.560 43278 43314 votre__istretto_monsieur_clooney 21.267
1733.280 1734.480 43332 43362 votre_ristretto_monsieur_clooney 28.224
1739.280 1742.400 43482 43560 nespresso 33.203
1739.280 1742.400 43482 43560 nespressocomlwhatelse 26.378
1739.520 1742.400 43488 43560 retrouvez_tout_nespresso_sur_votre_mobile 62.920
1739.520 1742.400 43488 43560 ou_tablette_avec_nos_applications 49.666
1745.760 1748.640 43644 43716 eva_sifrer 31.109
1746.000 1748.640 43650 43716 passionnee_desoalade_nupieds 20.931
1757.760 1758.960 43944 43974 protege 21.870
1761.360 1763.280 44034 44082 ueutrogena 19.802
1761.600 1763.280 44040 44082 developpe_avec_nos_dermatologues 24.851
1764.720 1776.240 44118 44406 pour_votre_sante_evitez_de_manger_trop_gras_trop_sucre_trop_sale_wwwmangerbougerfr 62.839
1775.040 1776.240 44376 44406 indication_geograph_que_protegee 23.745
1789.920 1791.360 44748 44784 u_vit_comme_vous 17.796
1793.760 1796.640 44844 44916 aublicite 35.036
1828.560 1830.480 45714 45762 franceifr 12.964
1826.880 1830.960 45672 45774 la_chine_antique 72.331
1841.760 1843.200 46044 46080 aublicite 13.036
1844.400 1856.160 46110 46404 pour_votre_sante_evitez_de_grignoter_entre_les_repas_www_mangerbouger_fr 75.378
1854.960 1856.160 46374 46404 indication_geograph_que_protegee 23.662
1871.520 1872.720 46788 46818 des_fonctions_physiques_et_mentales_optimales 50.443
1857.360 1882.080 46434 47052 pour_votre_sante_evrtez_de_gngnoter_entre_les_repas_mvw_mangerbouger_fr 70.317
1873.440 1882.080 46836 47052 pour_votre_sante_evrtez_de_gngnoter_entre_les_repas_www_mangerbouger_fr 66.029
1904.400 1934.160 47610 48354 appel_gratuit 305.483
1931.520 1934.160 48288 48354 sovrana 14.350
1931.520 1934.160 48288 48354 soyez_vraiment_animent 24.815
1935.360 1950.720 48384 48768 pour_votre_sante_pratiquez_une_activite_physique_reguliere_wwwmangerbougerfr 70.781
1952.880 1956.720 48822 48918 apportsjoumaliers_recommandes__population_generale 38.317
1953.120 1956.720 48828 48918 total_france 25.824
1953.120 1956.720 48828 48918 parmi 25.998
1952.640 1956.720 48816 48918 dans_le_cadre_d_une_alimentation_variee_et_equilibree 59.101
1950.240 1960.080 48756 49002 pour_votre_sante_pratiquez_une_activite_physique_reguliere_vaww_mangerbouger_fr 63.891
1957.200 1960.080 48930 49002 ature 15.854
1957.200 1960.080 48930 49002 uature 4.948
1956.960 1960.080 48924 49002 aux_fruits 47.739
1956.960 1960.080 48924 49002 upour_des_ms_sondes 11.323
1961.760 1965.120 49044 49128 aublicite 23.036
1973.760 1976.880 49344 49422 quotidien_d_information_gratuit 55.903
1977.600 1984.080 49440 49602 tout_de_suite 91.732
2023.680 2027.520 50592 50688 lunettes_tmp_cheres 21.938
2023.680 2027.520 50592 50688 rien_ullf_plllih 11.530
2023.680 2027.520 50592 50688 factures_gon_ees 25.117
2023.680 2027.520 50592 50688 vies_igiin 5.989
2023.680 2027.520 50592 50688 des_mutuel 23.000
2029.680 2041.200 50742 51030 economiste_auteur_de_rien_que_pour_vos_yeux 51.834
2028.960 2046.480 50724 51162 pascal_perri_a_me 18.304
2047.200 2050.080 51180 51252 pascal_perri 15.580
2041.680 2054.400 51042 51360 economiste_auteur_de_rien_que_pour_vos_yeux 40.630
2053.200 2065.920 51330 51648 economiste_auteur_de_rien_que_pour_vos_yeux 41.742
2064.240 2075.520 51606 51888 economiste_auteur_de_rien_que_pour_vos_veux 39.130
2050.800 2075.520 51270 51888 pascal_perri_c 38.452
2074.800 2086.080 51870 52152 pascal_perri_c_z 16.491
2076.000 2089.200 51900 52230 economiste_auteur_de_rien_que_pour_vos_yeux 39.690
2086.800 2089.200 52170 52230 pascal_perf 16.694
2087.040 2089.200 52176 52230 pascal_perri_a_une 10.086
2089.920 2092.800 52248 52320 pascal_perri_a_sans 12.608
2093.520 2095.920 52338 52398 pascal_perri_a_a 9.349
2087.280 2099.520 52182 52488 economiste_auteur_de_rien_que_pour_vos_yeux 46.114
2099.520 2111.760 52488 52794 economiste_auteur_de_rien_que_pour_vos_yeux 37.640
2096.640 2115.840 52416 52896 pascal_perri 33.280
2114.400 2121.600 52860 53040 pascal_perri_a_me 12.395
2111.280 2124.240 52782 53106 economiste_auteur_de_rien_que_pour_vos_yeux 45.834
2122.320 2128.080 53058 53202 pascal_perr 22.221
2123.040 2134.560 53076 53364 economiste_auteur_de_rien_que_pour_vos_yeux 41.834
2134.800 2148.720 53370 53718 economiste_auteur_de_rien_que_pour_vos_yeux 54.834
2128.800 2152.800 53220 53820 pascal_perri_c_z 30.452
2148.960 2162.400 53724 54060 economiste_auteur_de_rien_que_pour_vos_yeux 38.834
2162.640 2174.160 54066 54354 economiste_auteur_de_rien_que_pour_vos_yeux 40.170
2157.120 2174.160 53928 54354 pascal_perri 35.107
2173.680 2180.160 54342 54504 economiste_auteur_de_rien_que_pour_vos_yeux 43.834
2174.880 2180.160 54372 54504 pascal_perri_a_n 10.134
2182.560 2190.960 54564 54774 pascal_perri 15.280
2182.320 2190.960 54558 54774 economiste_auteur_de_rien_que_pour_vos_yeux 41.742
2193.840 2196.000 54846 54900 vicepresident_europe_essilor 39.626
2193.840 2196.000 54846 54900 eric_leonard_c_z_une 7.349
2205.840 2208.960 55146 55224 citant 5.917
2212.320 2216.640 55308 55416 pascal_perri_c_z_ont 10.294
2212.320 2225.520 55308 55638 economiste_auteur_de_rien_que_pour_vos_yeux 38.834
2219.520 2232.960 55488 55824 pascal_perri_a_n 14.301
2224.800 2238.240 55620 55956 economiste_auteur_de_rien_que_pour_vos_veux 35.160
2233.440 2250.000 55836 56250 pascal_perri_c_z_me 17.072
2238.000 2250.960 55950 56274 economiste_auteur_de_rien_que_pour_vos_yeux 42.874
2250.720 2261.760 56268 56544 economiste_auteur_de_rien_que_pour_vos_yeux 37.834
2250.000 2268.000 56250 56700 pascal_perri_a_arr 18.659
2260.800 2271.840 56520 56796 economiste_auteur_de_rien_que_pour_vos_yeux 40.426
2267.760 2274.240 56694 56856 pascal_perri_a_me 13.229
2274.960 2277.360 56874 56934 pascal_perri_a_wrrde_rien_uspounvosveux 21.732
2278.080 2280.480 56952 57012 pascal_perri 14.280
2272.560 2285.520 56814 57138 economiste_auteur_de_rien_que_pour_vos_yeux 39.834
2286.000 2297.760 57150 57444 economiste_auteur_de_rien_que_pour_vos_yeux 46.757
2281.200 2298.000 57030 57450 pascal_perri_a_neur_de_men_que_pour_vos_veux 26.056
2298.240 2309.520 57456 57738 economiste_auteur_de_rien_que_pour_vos_veux 35.160
2298.720 2316.000 57468 57900 pascal_perri_c_z_me 16.072
2308.800 2318.640 57720 57966 economiste_auteur_de_rien_que_pour_vos_veux 36.160
2319.120 2332.560 57978 58314 economiste_auteur_de_rien_que_pour_vos_veux 37.160
2316.480 2332.560 57912 58314 pascal_perri_a_me 18.304
2331.360 2346.240 58284 58656 economiste_auteur_de_rien_que_pour_vos_yeux 43.368
2334.000 2351.520 58350 58788 pascal_perri_a_me 17.095
2346.240 2357.040 58656 58926 economiste_auteur_de_rien_que_pour_vos_yeux 35.605
2361.600 2364.960 59040 59124 misie_auteur_de_ri 12.069
2357.040 2368.080 58926 59202 economiste_auteur_de_rien_que_pour_vos_yeux 37.834
2352.000 2370.480 58800 59262 pascal_perri_c_z 28.491
2368.560 2383.200 59214 59580 economiste_auteur_de_rien_que_pour_vos_yeux 41.627
2370.720 2388.720 59268 59718 pascal_perri_c_a_me 18.343
2382.000 2393.520 59550 59838 economiste_auteur_de_rien_que_pour_vos_yeux 33.917
2388.960 2397.840 59724 59946 pascal_perri 22.280
2393.280 2406.960 59832 60174 economiste_auteur_de_rien_que_pour_vos_yeux 45.928
2398.560 2409.120 59964 60228 pascal_perri 25.280
2407.680 2414.880 60192 60372 pascal_perri 14.155
2405.760 2419.680 60144 60492 economiste_auteur_de_rien_que_pour_vos_yeux 41.485
2415.600 2419.680 60390 60492 pascal_perri 16.461
2417.760 2429.040 60444 60726 economiste_auteur_de_rien_que_pour_vos_yeux 39.834
2429.520 2442.240 60738 61056 economiste_auteur_de_rien_que_pour_vos_yeux 45.769
2420.400 2443.200 60510 61080 pascal_perri_c_z 33.491
2442.480 2456.160 61062 61404 economiste_auteur_de_rien_que_pour_vos_yeux 42.834
2443.440 2466.720 61086 61668 pascal_perri_c_z_me 26.072
2456.160 2467.920 61404 61698 economiste_auteur_de_rien_que_pour_vos_yeux 51.459
2463.600 2475.120 61590 61878 pascal_perri_c_z_me 12.072
2475.840 2478.240 61896 61956 ascal_pe 7.647
2468.160 2479.680 61704 61992 economiste_auteur_de_rien_que_pour_vos_yeux 39.834
2480.160 2493.360 62004 62334 economiste_auteur_de_rien_que_pour_vos_yeux 40.834
2478.960 2496.720 61974 62418 pascal_perri 53.280
2497.440 2503.200 62436 62580 pascal_perri_c_z 17.491
2493.840 2505.120 62346 62628 economiste_auteur_de_rien_que_pour_vos_yeux 39.490
2512.560 2514.000 62814 62850 factures_gon_ees 8.117
2512.560 2514.000 62814 62850 lunettes_lmp_dietes 15.111
2512.800 2514.000 62820 62850 tmandagc_des_annuelles 18.269
2515.440 2516.880 62886 62922 minimum_hum 3.684
2505.360 2517.600 62634 62940 economiste_auteur_de_rien_que_pour_vos_yeux 37.450
2516.160 2517.600 62904 62940 factures 8.262
2516.160 2517.600 62904 62940 des_manuelles 12.538
2516.160 2517.600 62904 62940 ruelles_lmp_c_lletc 8.496
2503.920 2521.920 62598 63048 pascal_perri 33.280
2515.680 2521.920 62892 63048 economiste_auteur_de_rien_que_pour_vos_veux 33.160
2522.400 2524.800 63060 63120 citant 7.917
2534.640 2535.840 63366 63396 chante 6.513
2542.080 2544.000 63552 63600 citant 5.917
2547.840 2550.960 63696 63774 frances_fr 19.696
2557.920 2561.040 63948 64026 quotidien_d_information_gratuit 53.353
2593.680 2598.240 64842 64956 simplement_merveilleux 74.712
2616.240 2618.640 65406 65466 lalutjuaqu_a 6.705
2621.760 2624.160 65544 65604 ous_les_chiens_meritent_de_garder_des_dents_saines 63.974
2625.600 2637.360 65640 65934 pour_votre_sante_mangez_au_moins_cunq_fruits_et_iegumes_par_jour_vrvm_mangeraouger_fr 60.555
2638.080 2640.240 65952 66006 payait 3.664
2637.840 2640.240 65946 66006 au_dons_fnntx 5.948
2637.120 2640.960 65928 66024 pour_votre_sante_mangez_au_moins_cinq_fruits_et_legumes_par_jour_wwwmangerbougenfr 59.763
2656.080 2658.240 66402 66456 lnkitrie 5.295
2663.520 2668.080 66588 66702 moyennant_le_versement_d_un 64.129
2663.520 2668.080 66588 66702 depot_de_garantie_restituable_au 80.246
2663.520 2668.080 66588 66702 terme_du_pret_selon_conditions 51.539
2663.520 2668.080 66588 66702 disponibles_dans_les_centres_amplifon 88.452
2664.000 2668.080 66600 66702 wvwvoemp_niionaiir 6.316
2664.240 2668.080 66606 66702 appel_gratuudehjgunkbtehxe 14.259
2686.320 2688.240 67158 67206 fabricationfrancaise 12.273
2689.440 2690.880 67236 67272 suivant_conditions_chez_les_concessionnaires_participant_a_l_operation 65.243
2688.960 2691.360 67224 67284 de_reductions_cumulees 36.553
2692.800 2696.160 67320 67404 aublicite 25.036
2723.520 2727.840 68088 68196 les_diamants_du_pole 73.236
2725.440 2727.840 68136 68196 franceifr 24.965
2746.560 2761.920 68664 69048 pour_votre_sante_evrtez_de_manger_trop_gras_trop_sucre_trop_sale_vrvrvr_mangerbouger_tr 67.159
2764.320 2767.680 69108 69192 total_france 36.824
2764.320 2767.680 69108 69192 parmi 19.998
2763.840 2767.680 69096 69192 dans_le_cadre_d_une_alimentation_variee_et_equilibree 60.101
2764.320 2767.680 69108 69192 apports_journaliers_recommandes_population_generale 40.986
2759.520 2771.280 68988 69282 pour_votre_sante_evntez_de_manger_trop_gras_trop_sucre_trop_sale_uwnv_mangerbouger_fr 68.253
2768.400 2771.280 69210 69282 ature 25.854
2768.400 2771.280 69210 69282 ture 4.898
2768.160 2771.280 69204 69282 aux_fruits 45.739
2768.160 2771.280 69204 69282 pour_des_os_solide 11.324
2780.880 2782.320 69522 69558 constipauon_occasronnellc 18.775
2785.920 2791.680 69648 69792 appelez_stannah_maintenant 54.246
2791.920 2798.160 69798 69954 appelez_stannah_maintenant 91.246
2791.920 2798.160 69798 69954 men 2.671
2791.920 2798.160 69798 69954 appel_gratuit_depuis_un_poste_fixe 40.159
2792.400 2798.160 69810 69954 wwwostennahoft 10.311
2801.520 2802.960 70038 70074 creme 18.816
2801.760 2802.960 70044 70074 hepau 3.752
2817.360 2819.280 70434 70482 suaintubainsun 6.202
2821.680 2825.040 70542 70626 fraise 30.494
2820.480 2835.120 70512 70878 pour_votre_sante_evntez_de_gngnoter_entre_les_repas_www_mangerbouger_fr 73.969
2832.720 2835.120 70818 70878 fraise 31.494
2832.480 2835.120 70812 70878 figue 37.894
2858.400 2860.320 71460 71508 aublicite 16.267
2869.920 2873.040 71748 71826 quotidien_d_information_gratuit 64.216
2877.120 2879.760 71928 71994 espionne 10.809
2927.040 2930.160 73176 73254 danlel_itibrtih 9.936
2927.040 2930.160 73176 73254 cybgr_criiti_institut 22.729
2936.640 2940.240 73416 73506 benjamin_bayart 23.484
2937.120 2940.240 73428 73506 porteparole_de_french_data_network 23.196
2947.200 2951.520 73680 73788 en_droit_des_nou_lles_technologies 27.445
2947.440 2951.520 73686 73788 cathleroshlig_joly 20.695
2963.280 2967.360 74082 74184 jacqugs_henno 19.645
2963.760 2967.360 74094 74184 jourublistg_butgur_de_tous_fiches 18.233
2991.840 2997.360 74796 74934 danlel_itibrtih 9.936
2991.840 2997.360 74796 74934 cybgr_cmm_institut 20.622
3073.440 3077.520 76836 76938 jourhblistg_auteur_de_tous_fiches 20.027
3073.440 3077.760 76836 76944 jeicqugs_henno 25.619
3128.160 3131.280 78204 78282 danlel_maman 11.123
3128.160 3131.280 78204 78282 cybgr_criiti_institut 21.055
3224.160 3229.680 80604 80742 benjamin_bavam 23.363
3224.640 3229.680 80616 80742 portgpbrole_ce_french_oaia_ugtwork 14.164
3449.040 3457.680 86226 86442 chow_chungya 30.518
3449.040 3457.680 86226 86442 post 20.348
3449.280 3458.880 86232 86472 en_hie_ii 2.894
3460.800 3462.240 86520 86556 ieri 3.745
3459.600 3464.400 86490 86610 hie 3.289
3500.160 3508.320 87504 87708 gdward_showdgh 9.821
3499.680 3510.960 87492 87774 source_desnfuites_sur_la_surveillance_dwnternet 38.946
3542.880 3545.520 88572 88638 coumels 27.856
3543.360 3545.520 88584 88638 messagerie 26.631
3544.080 3545.520 88602 88638 donnees 22.438
3546.240 3555.600 88656 88890 donnees 94.211
3546.240 3555.600 88656 88890 coumels 62.856
3546.240 3555.600 88656 88890 fichiers 90.339
3546.240 3555.600 88656 88890 photos 82.834
3546.240 3555.600 88656 88890 messcgene 60.066
3558.720 3565.200 88968 89130 sasha_meln_ath 28.193
3558.960 3565.200 88974 89130 vicepresident_de_la_new_apierica_jn 27.035
3596.640 3600.240 89916 90006 jordanie 34.019
3595.680 3600.480 89892 90012 iran 15.123
3595.440 3600.480 89886 90012 pakistan 57.114
3599.280 3600.480 89982 90012 inde 20.346
3598.320 3600.480 89958 90012 egypte 20.537
