1644.720 1646.800 41118 41170 james_bainbridge 1.000
2102.840 2104.880 52571 52622 helene_inayetian 1.000
2105.560 2108.000 52639 52700 cyrille_artaux 1.000
2108.920 2114.120 52723 52853 olivier_podesta_alexandra_royan 1.000
2117.600 2120.560 52940 53014 marika_mcadam 1.000
2117.600 2120.560 52940 53014 tony_jackson 1.000
2117.600 2120.560 52940 53014 jocelyn_little 1.000
2117.600 2120.560 52940 53014 graham_ross 1.000
2117.600 2120.560 52940 53014 david_collins 1.000
2117.600 2120.560 52940 53014 eilis_quinn 1.000
2120.600 2123.560 53015 53089 donovan_chan 1.000
2120.600 2123.560 53015 53089 david_collins 1.000
2120.600 2123.560 53015 53089 michelle_tan 1.000
2120.600 2123.560 53015 53089 sandra_chia 1.000
2120.600 2123.560 53015 53089 tony_jackson 1.000
2120.600 2123.560 53015 53089 emma_duncan 1.000
2123.600 2126.560 53090 53164 justin_hong 1.000
2123.600 2126.560 53090 53164 jasmine_ng 1.000
2123.600 2126.560 53090 53164 dave_chan 1.000
2126.600 2129.800 53165 53245 janine_campbell 1.000
2126.600 2129.800 53165 53245 trevor_holcomb 1.000
2126.600 2129.800 53165 53245 sean_ashley 1.000
2129.840 2132.560 53246 53314 sally_storey 1.000
2129.840 2132.560 53246 53314 joany_sze 1.000
2129.840 2132.560 53246 53314 sara_ryan 1.000
2132.600 2135.560 53315 53389 ling_li 1.000
3000.320 3002.240 75008 75056 i_sur_te_rue_me 0.909
