3.840 6.480 96 162 university 15.402
6.720 9.840 168 246 simona_foltyn 24.670
6.720 9.840 168 246 journal_report_by 42.288
31.440 33.600 786 840 student 35.208
31.440 33.600 786 840 journal_elizabeth_alem 19.745
93.360 97.200 2334 2430 biazen_birru 21.216
93.120 97.200 2328 2430 former_opposition_supporter 54.118
121.920 126.240 3048 3156 blue_party_spokesman 46.138
121.920 126.240 3048 3156 journal_yonatan_tesfaye 42.337
120.720 130.800 3018 3270 igor 6.086
144.240 146.880 3606 3672 naoanocit 4.636
154.800 158.640 3870 3966 journal_desta_tesfaw 26.684
154.800 159.120 3870 3978 government_spokesman 59.727
173.520 174.320 4338 4358 iedw 1.347
