5.280 7.200 132 180 dagmar_engel 23.076
5.280 7.200 132 180 dw_politics_editor 24.771
13.920 17.520 348 438 gan_news 12.064
13.680 17.520 342 438 wolfgang_ischinger 37.932
13.680 17.520 342 438 munich_security_conference_chairman 50.932
19.920 21.120 498 528 munich 10.266
22.800 24.480 570 612 munich 6.266
30.240 31.680 756 792 am_qernirers_muncrmer_soeherhenitekernf 21.902
29.760 32.640 744 816 confe 12.608
30.480 33.120 762 828 munich 13.266
32.160 33.600 804 840 we_ioi_poi_iicoi_andin 6.983
30.000 34.080 750 852 munchner 20.252
32.880 34.080 822 852 conferencem_nchner_sicherheitskonfe 19.001
33.120 36.480 828 912 conference 12.066
29.760 36.720 744 918 munich_security 35.213
33.360 36.720 834 918 confe 25.608
35.280 36.720 882 918 munich_se 6.791
38.400 41.040 960 1026 munich_se 7.791
38.400 41.280 960 1032 munchner 11.252
38.400 42.480 960 1062 confe 25.608
41.280 42.480 1032 1062 conference 12.209
40.080 43.920 1002 1098 munich_security 21.213
43.200 45.840 1080 1146 confer 27.583
41.280 45.840 1032 1146 munich_se 24.791
45.120 46.560 1128 1164 mention_e 4.541
45.120 46.800 1128 1170 munchner 6.052
44.160 49.920 1104 1248 conference_nchner_sicherheutskonfer 19.415
48.720 53.040 1218 1326 munchner 16.052
47.040 53.040 1176 1326 confer 29.583
47.040 53.040 1176 1326 munich_se 24.704
55.440 58.800 1386 1470 conference 18.209
57.600 58.800 1440 1470 conferencemuncnner_sicherheitskonfer 19.366
54.480 59.520 1362 1488 confer 49.583
47.040 60.480 1176 1512 munich_security 27.213
54.480 60.480 1362 1512 munich_se 33.759
54.480 60.480 1362 1512 munchner 23.161
23.520 65.760 588 1644 tehran_role 395.015
23.280 65.760 582 1644 lschinger_iran_has_ambitions_to_be_strong_not_isolated_power 113.431
23.520 65.760 588 1644 gan_news 94.064
46.320 65.760 1158 1644 lschinger_iran_has_ambitions_to_be_strong_not_isolated_power 118.431
73.920 77.280 1848 1932 munich_security 9.213
73.920 77.520 1848 1938 conferencm_nchner_sucherheutskonfere 19.736
73.920 77.520 1848 1938 conferer 20.026
76.320 77.520 1908 1938 munchner_si 7.353
73.920 78.480 1848 1962 munich_sect 15.772
75.600 79.200 1890 1980 munich_security_conference_chairman 51.932
75.600 79.200 1890 1980 wolfgang_ischinger 44.932
78.720 80.160 1968 2004 confers 6.108
80.400 81.840 2010 2046 munich_sec 14.044
83.520 84.960 2088 2124 munich_sec 11.044
83.760 84.960 2094 2124 confer 12.583
95.760 97.440 2394 2436 conference 15.209
95.280 99.120 2382 2478 munchner 13.085
95.280 100.800 2382 2520 munich_sec 23.044
95.280 101.040 2382 2526 munich_security 16.213
95.280 101.040 2382 2526 confer 43.559
96.480 104.400 2412 2610 munich_security_conference_chairman 73.932
96.480 104.400 2412 2610 wolfgang_ischinger 72.910
111.600 114.480 2790 2862 munchner 10.252
111.840 114.480 2796 2862 munich_security 7.213
111.840 114.480 2796 2862 munich 14.266
125.760 126.960 3144 3174 conference 13.209
124.800 126.960 3120 3174 munich_securitx 7.099
125.760 127.200 3144 3180 conterence_i 8.033
130.320 133.200 3258 3330 conference_i 14.785
133.920 135.120 3348 3378 sacnemeltekonteren 12.537
134.160 135.840 3354 3396 genirevemeewe_munchner_sacherhe_ilskemferenz 20.998
134.160 137.040 3354 3426 fvfunenner_sfeneorfif 11.592
130.320 137.760 3258 3444 munich_security 17.213
133.920 138.960 3348 3474 conference 21.209
139.680 140.880 3492 3522 munich_security 9.213
140.880 142.080 3522 3552 muneinner_sueiiierine 13.417
142.560 143.760 3564 3594 conference_i 10.785
139.680 145.920 3492 3648 conference 23.098
144.000 145.920 3600 3648 miincinnir_sicnrinj 10.256
142.320 146.640 3558 3666 munich_security 21.213
127.440 149.280 3186 3732 tehran_role 210.010
127.440 149.280 3186 3732 lschinger_iran_has_ambitions_to_be_strong_not_isolated_power 80.431
127.440 149.280 3186 3732 gan_news 86.064
147.120 149.280 3678 3732 lschinger_iran_has_ambitions_to_be_strong_not_isolated_power 38.431
149.280 150.720 3732 3768 o_inice_ummmgy_iviuinenner_sncinerin 15.577
150.240 151.440 3756 3786 conference 14.209
149.040 151.440 3726 3786 q_enee_umunonner_suenern 11.109
150.480 151.680 3762 3792 conterencem_nnersucherhentskonferenz 20.356
150.240 152.640 3756 3816 urityanference 5.601
130.320 153.120 3258 3828 munich_security 64.213
148.080 153.120 3702 3828 munich_security 19.213
157.200 158.400 3930 3960 munich_security 15.213
157.200 160.080 3930 4002 erencemunchner_siche 12.262
156.960 160.320 3924 4008 munich_security 20.213
156.960 160.320 3924 4008 conference 20.209
159.360 160.800 3984 4020 munich_security 8.213
163.680 163.760 4092 4094 owo_owe 2.085
