3.840 5.520 96 138 dakar 17.407
6.720 9.840 168 246 report_by_christopher_springate 57.798
6.720 9.840 168 246 news 10.263
56.400 60.000 1410 1500 ens 9.429
62.160 72.960 1554 1824 ens 6.429
75.840 78.240 1896 1956 chief_prosecutor_extraordinary_african_chambers 41.127
77.040 78.240 1926 1956 mbacke_mud 4.033
74.880 89.760 1872 2244 ens 14.429
110.880 116.880 2772 2922 souleymane_guengueng 79.342
111.120 116.880 2778 2922 gan_news 13.064
111.120 116.880 2778 2922 association_of_victims_of_crimes_of_hissene_habre 40.358
156.480 156.880 3912 3922 owo_owu 1.307
