11.040 14.160 276 354 news 7.263
11.040 14.160 276 354 report_by_gunnar_kehne 27.390
32.640 36.000 816 900 political_activist 45.175
32.640 36.000 816 900 kadir_yavas 23.121
122.160 124.800 3054 3120 student 33.208
122.160 124.800 3054 3120 gan_news 10.064
122.160 124.800 3054 3120 kadir_yavas 19.121
128.640 130.080 3216 3252 ondn_olmytim 5.434
128.400 130.080 3210 3252 rosie 4.543
137.520 140.880 3438 3522 watro 3.916
137.280 142.800 3432 3570 o_revln_e 4.468
140.640 143.040 3516 3576 kieilfihir 3.781
146.640 147.000 3666 3675 dwcolti 1.227
