10.080 14.640 252 366 gan_news 21.064
9.840 14.640 246 366 report_by_bastian_hartig 48.062
65.520 69.600 1638 1740 gan_news 10.064
65.280 69.600 1632 1740 wimon_yingyoud 43.513
65.280 69.600 1632 1740 fishing_fleet_owner 54.224
110.160 115.200 2754 2880 greenpeace_thailand_country_director 63.746
110.160 115.200 2754 2880 gan_news 20.064
110.160 115.200 2754 2880 tara_buakamsri 71.279
146.160 149.760 3654 3744 bastian_hartig 42.666
146.160 149.760 3654 3744 in_samut_sakhon 25.839
184.800 184.880 4620 4622 unit 1.115
184.800 184.880 4620 4622 owo_om 1.142
