5.280 36.720 132 918 bumper_sales_in_london_break_record_at_sotheby_s 124.077
5.280 36.720 132 918 art_auction 398.219
28.080 36.720 702 918 bumper_sales_in_london_break_record_at_sotheby_s 68.040
31.680 37.680 792 942 sothcbys 11.079
57.600 62.160 1440 1554 sotheb__europe_chairman 21.351
57.600 62.160 1440 1554 news 26.263
57.600 62.160 1440 1554 london 23.299
57.600 62.160 1440 1554 philipp_von_wiirttemberg 26.613
80.160 84.960 2004 2124 news 35.263
80.400 84.960 2010 2124 sothebfu_europe_chairman 17.746
80.400 84.960 2010 2124 philipp_von_wiirttemberg 17.613
80.400 84.960 2010 2124 london 38.299
84.960 92.160 2124 2304 sotheby_s 15.017
120.960 129.120 3024 3228 sothebyh_europe_chairman 15.902
120.960 129.120 3024 3228 news 41.263
120.960 129.120 3024 3228 london 55.299
120.960 129.120 3024 3228 philipp_von_wiirttemberg 30.613
122.880 129.120 3072 3228 uropc_chairman 13.243
158.400 158.680 3960 3967 dwcolti 1.227
