6.720 10.320 168 258 report_by_viktoria_kleber 45.897
6.720 10.320 168 258 gan_news 10.064
29.760 33.360 744 834 athens_university 58.871
29.760 33.360 744 834 co_news 8.111
29.760 33.360 744 834 yannis_zabetakis 56.783
28.560 51.120 714 1278 iali 4.118
77.520 81.360 1938 2034 gan_news 17.064
77.520 81.360 1938 2034 alexander_kritikos 57.679
77.520 81.360 1938 2034 german_institute_for_economic_research_diw 56.540
105.120 108.480 2628 2712 gan_news 16.064
104.880 108.480 2622 2712 german_institute_for_economic_research_diw 55.540
104.880 108.480 2622 2712 alexander_kritikos 59.679
129.360 132.960 3234 3324 deputy_minister_for_research_and_innovation 70.750
129.360 132.960 3234 3324 costas_fotakis 57.224
129.360 132.960 3234 3324 gan_news 17.064
