8.640 12.240 216 306 news 12.263
8.640 12.240 216 306 report_by_alexa_meyer 41.334
39.120 44.400 978 1110 gilletta_gbanhoun_mouyabi 71.729
39.360 44.400 984 1110 founder_world_women_foundation_benin 55.089
102.240 103.680 2556 2592 gilletta_gbanhoun_mouyabi 18.729
102.480 103.680 2562 2592 manager_agen_i_lc 9.468
102.480 103.680 2562 2592 gan_news 11.064
155.280 159.840 3882 3996 manager_agentlc 14.074
155.040 159.840 3876 3996 gilletta_gbanhoun_mouyabi 47.729
186.960 187.120 4674 4678 owo_owu 1.307
