9.360 18.960 234 474 wololol 5.900
11.280 18.960 282 474 tin 16.706
22.800 27.360 570 684 the_hague 32.778
22.560 27.600 564 690 attorney_of_saif_alislam_gadha 34.046
22.560 27.600 564 690 john_rwd_jones_qc 50.913
19.920 38.160 498 954 int 27.840
59.040 63.840 1476 1596 era 2.618
29.280 65.040 732 1626 gadhafi_sentence 326.197
29.280 65.040 732 1626 son_of_former_libyan_leader_sentenced_to_death 382.663
66.480 70.800 1662 1770 the_hague 24.778
66.720 71.040 1668 1776 john_rwd_jones_qc 40.913
66.720 71.040 1668 1776 attorney_of_saif_alislam_gadha 29.046
72.720 102.480 1818 2562 saif_gadha__is_wanted_by_the_icc 81.633
111.840 114.240 2796 2856 int 6.840
94.320 134.640 2358 3366 saif_gadha__is_wanted_by_the_icc 103.633
72.960 140.160 1824 3504 gadhafi_sentence 724.197
123.120 140.160 3078 3504 saif_gadha__is_wanted_by_the_icc 70.633
22.560 140.400 564 3510 gan_news 169.064
