6.720 9.120 168 228 news 12.263
6.480 9.120 162 228 report_by_rebecca_ritters 43.977
24.480 29.520 612 738 paris 56.649
28.080 32.640 702 816 francois_hollande 45.439
28.080 32.640 702 816 french_president 65.519
31.440 44.880 786 1122 paris 155.649
58.800 61.200 1470 1530 david_cameron 12.195
58.560 61.200 1464 1530 british_prime_minister 37.603
58.800 61.200 1470 1530 news 8.263
85.200 87.600 2130 2190 paris 22.649
85.200 87.840 2130 2196 paris 21.649
92.160 96.720 2304 2418 german_chancellor 66.818
92.160 96.720 2304 2418 angela_merkel 54.320
97.440 103.680 2436 2592 paris 77.649
109.200 111.360 2730 2784 paris 14.649
109.440 111.360 2736 2784 paris 19.649
142.320 142.400 3558 3560 owo_owe 2.085
