8.640 16.560 216 414 ninth 3.719
7.440 51.840 186 1296 gan_news 70.064
7.440 51.840 186 1296 us_hostage_policy 504.495
7.440 51.840 186 1296 obama__government_let_down_hostage_families 93.679
36.000 51.840 900 1296 obama_government_let_down_hostage_families 63.679
36.960 54.240 924 1356 nan 7.245
57.360 60.000 1434 1500 dw_correspondent 30.874
57.360 60.000 1434 1500 richard_walker 35.856
57.360 60.000 1434 1500 news 11.263
68.880 74.400 1722 1860 gan_news 18.064
68.640 74.400 1716 1860 michael_scott_moore 83.034
68.640 74.400 1716 1860 former_hostage 57.440
146.400 152.400 3660 3810 former_hostage 80.440
146.400 152.400 3660 3810 gan_news 19.064
146.400 152.400 3660 3810 michael_scott_moore 87.034
209.520 218.160 5238 5454 former_hostage 100.440
209.520 218.160 5238 5454 michael_scott_moore 119.034
209.520 218.160 5238 5454 gan_news 16.064
273.840 273.960 6846 6849 owo_ofm 1.555
