5.760 9.600 144 240 gan_news 12.064
5.520 9.600 138 240 report_by_volker_witting 48.885
26.160 32.640 654 816 shinzo_abe 83.014
26.400 32.640 660 816 japanese_prime_minister 39.181
96.480 105.120 2412 2628 rolf_miitzenich 78.848
96.480 105.120 2412 2628 member_of_german_parliament 114.896
126.720 129.120 3168 3228 iuiopa 9.765
126.960 129.120 3174 3228 national 8.543
126.960 129.120 3174 3228 sll_hui_hi_id_nih_i 4.436
126.720 129.120 3168 3228 sudsebibepuipj_csimhlujrsgboi_and 12.055
126.720 129.120 3168 3228 nationalsozimilmu 7.778
126.720 129.120 3168 3228 mari_di 4.073
126.720 129.120 3168 3228 sinti_ti_roma_ani 10.005
126.960 129.120 3174 3228 pativa_ijmi_lilo 7.663
179.760 179.880 4494 4497 owo_owe 2.085
