4.800 8.160 120 204 rupert_wiederwald 46.344
4.800 8.400 120 210 journal_report_by 24.288
65.760 69.840 1644 1746 journal_angela_merkel 27.212
65.760 69.840 1644 1746 german_chancellor 61.818
95.520 98.640 2388 2466 idllnkmu_visit_to_km 3.670
97.920 102.240 2448 2556 journal_angela_merkel 36.212
97.920 102.240 2448 2556 german_chancellor 63.818
104.640 105.840 2616 2646 iokiuh 1.439
102.720 108.000 2568 2700 geme 52.350
111.600 113.760 2790 2844 gemei 24.927
119.040 124.080 2976 3102 us_president 74.631
119.040 124.080 2976 3102 journal_barack_obama 26.483
