14.400 17.040 360 426 bayeru 10.105
18.000 22.320 450 558 bayer_ceo 63.730
17.760 23.040 444 576 bayi_business_marijn_dekkers 25.145
14.400 52.800 360 1320 bayer 240.883
23.760 52.800 594 1320 bayer 93.883
63.360 65.520 1584 1638 hbave 5.275
62.400 70.080 1560 1752 bayerh 16.302
71.040 75.360 1776 1884 bayer_ceo 62.730
72.000 75.360 1800 1884 bayi_business_marijn_dekkers 19.145
104.640 105.840 2616 2646 hbave 3.275
62.400 116.400 1560 2910 bayer 370.883
75.120 116.400 1878 2910 bayer 121.883
129.120 130.800 3228 3270 bayer 5.883
138.720 140.160 3468 3504 bayer 8.883
154.080 155.760 3852 3894 bayer 7.883
127.440 165.600 3186 4140 bayer 247.883
127.440 165.600 3186 4140 bayer 99.883
171.360 185.760 4284 4644 bayer 36.883
186.720 191.040 4668 4776 bayer_ceo 62.730
186.480 191.040 4662 4776 bay_business_marijn_dekkers 17.568
189.360 191.040 4734 4776 aay_business_marijn_dekkers 14.412
189.120 191.520 4728 4788 brief 15.393
194.880 198.480 4872 4962 bayer 9.883
202.560 215.280 5064 5382 bayer 19.883
192.240 218.400 4806 5460 bayer 87.883
216.960 218.400 5424 5460 bayei 7.484
171.360 218.640 4284 5466 bayer 325.883
222.000 240.480 5550 6012 bayer 107.883
222.000 241.440 5550 6036 bayer 77.883
222.000 241.440 5550 6036 bayer 47.883
242.880 252.000 6072 6300 bayer 37.883
242.880 264.960 6072 6624 bayer 118.883
242.880 264.960 6072 6624 bayer 84.883
276.240 277.920 6906 6948 dave 3.041
279.840 282.480 6996 7062 hbave 6.275
270.480 304.560 6762 7614 bayer 224.883
270.480 304.560 6762 7614 bayer 102.883
