8.640 12.480 216 312 journal_report_by 22.288
8.640 12.480 216 312 richard_walker 53.856
32.400 37.440 810 936 in_panama_city 38.686
32.400 37.440 810 936 journal_richard_walker 53.748
69.120 74.400 1728 1860 catholic_priest 57.086
69.360 74.400 1734 1860 journal_padre_manuel 52.298
93.360 96.960 2334 2424 venezuelan_engineer 60.907
93.360 96.960 2334 2424 journal_mariana_renaud 26.344
111.840 115.680 2796 2892 journal_elisa_vasquez 25.440
111.600 115.680 2790 2892 venezuelan_journalist 58.241
139.680 143.760 3492 3594 venezuelan_activist 63.914
139.680 143.760 3492 3594 journal_lilian_tintori 27.142
165.120 168.240 4128 4206 venezuelan_engineer 56.907
165.120 168.480 4128 4212 mariana_renaud 22.453
229.200 231.840 5730 5796 rlfan 3.663
228.960 231.840 5724 5796 se_alquila 18.260
