6.240 10.080 156 252 report_by_katja_keppner 40.678
6.240 10.080 156 252 news 7.263
24.480 28.320 612 708 poonam_thapa 51.472
24.720 28.320 618 708 news 7.263
61.920 65.760 1548 1644 vimlendu_iha 52.805
61.920 65.760 1548 1644 startup_founder 44.192
100.560 104.400 2514 2610 author 53.149
100.560 104.400 2514 2610 news 7.263
100.560 104.400 2514 2610 hindol_sengupta 53.961
120.000 121.200 3000 3030 today_s_sales 14.297
120.000 121.200 3000 3030 incredibly 7.614
120.000 121.200 3000 3030 sitiwidi_oitii 7.648
120.000 121.200 3000 3030 ri_eiuesheiqbeq_case_waelueie 13.868
120.000 121.200 3000 3030 piioio_code 8.236
126.480 130.080 3162 3252 aasheesh_mediratta 58.100
126.480 130.080 3162 3252 ceo_fashionandyou 19.921
141.360 143.760 3534 3594 incredibly 13.614
141.360 143.760 3534 3594 tooays_sales 7.574
141.360 143.760 3534 3594 ioiph 2.319
141.600 143.760 3540 3594 uyunnunawuuaupouuocauaduonruisbn 8.489
141.600 143.760 3540 3594 gees 7.011
141.600 143.760 3540 3594 bijdqij_ilqixsoouvia_q_cjqiuv_cocdciu 8.994
142.560 143.760 3564 3594 itiiti 4.331
144.240 146.160 3606 3654 sitewide_offer 27.301
144.240 146.160 3606 3654 minimum_cart_value 17.757
175.200 175.280 4380 4382 owo_owu 1.307
