8.400 9.840 210 246 gan_news 6.064
8.400 10.080 210 252 report_by_frank_hofmann 23.668
15.360 18.000 384 450 news 10.263
51.840 55.440 1296 1386 oismih_bagiot 5.718
99.600 102.720 2490 2568 yulia_tymoshenko 34.021
99.600 102.720 2490 2568 former_ukrainian_president 35.960
99.840 102.720 2496 2568 source_inter_tv 25.487
110.640 112.800 2766 2820 ulna_loo_at_ann_uaconfmon 11.054
113.280 117.360 2832 2934 nocnuooa_iikpekh 6.903
113.280 117.360 2832 2934 hbceiiehhfi 14.547
136.800 139.200 3420 3480 inrotmx 2.751
136.800 139.440 3420 3486 riioaen 3.806
144.960 148.800 3624 3720 rsi_hprm 5.902
161.520 163.920 4038 4098 at_fuwau 3.071
166.800 166.920 4170 4173 owo_owe 2.085
