8.880 13.200 222 330 report_by_sylvia_wassermann 48.865
8.880 13.440 222 336 gan_news 11.064
11.280 13.440 282 336 report_by_sylvia_wassermann 12.944
19.920 26.880 498 672 east_african_c 51.293
44.880 52.080 1122 1302 news 11.263
71.040 76.320 1776 1908 james_shikwati 53.053
71.280 76.320 1782 1908 inter_region_economic_network_director 50.163
71.280 76.320 1782 1908 gan_news 20.064
72.960 87.120 1824 2178 flu_in 4.410
102.720 109.680 2568 2742 james_shikwati 84.053
102.720 109.680 2568 2742 inter_region_economic_network_director 62.163
102.960 109.680 2574 2742 gan_news 27.064
135.840 141.120 3396 3528 james_shikwati 49.053
135.600 141.120 3390 3528 inter_region_economic_network_director 65.163
151.680 152.880 3792 3822 weavb_braids 9.713
151.680 152.880 3792 3822 extensions_wics 9.848
155.760 155.880 3894 3897 dwcoiti 1.481
