6.480 10.320 162 258 report_by_julia_henrichmann 38.306
29.280 32.880 732 822 student 52.208
29.280 32.880 732 822 zhe_zhang 48.529
29.280 32.880 732 822 gan_news 12.064
43.200 47.040 1080 1176 han_chen 48.532
43.200 47.040 1080 1176 student 52.208
75.600 79.200 1890 1980 professor_of_automotive_engineering 51.812
75.600 79.200 1890 1980 giinther_prokop 57.160
106.560 110.160 2664 2754 student 50.208
106.560 110.160 2664 2754 han_chen 43.532
121.680 125.520 3042 3138 student 51.208
121.920 125.520 3048 3138 zhe_zhang 50.529
147.120 147.720 3678 3693 ahah 1.367
147.600 147.720 3690 3693 dwcoiti 1.481
