8.400 12.240 210 306 report_by_bettina_stehkeimper 44.839
21.360 24.480 534 612 moablt_hilft_association 12.954
21.360 24.480 534 612 gan_news 8.064
21.360 24.480 534 612 leszlo_hubert 40.246
95.520 97.920 2388 2448 moabit_hilft_association 15.009
95.520 97.920 2388 2448 gan_news 7.064
95.520 97.920 2388 2448 mario 31.774
130.560 133.680 3264 3342 gan_news 9.064
130.560 133.680 3264 3342 frank 36.392
130.560 133.680 3264 3342 volunteer 46.102
147.360 150.000 3684 3750 moabit_hilft_association 13.209
147.360 150.000 3684 3750 diana 37.195
147.360 150.000 3684 3750 nachrichten 11.067
