12.720 15.120 318 378 report_by_rosalia_romaniec 40.347
24.480 28.080 612 702 gan_news 6.064
24.480 28.080 612 702 andreas_redder 38.665
24.480 28.080 612 702 historian 53.178
53.280 58.080 1332 1452 horst_teltschik 54.241
53.280 58.080 1332 1452 former_political_advlsor 30.427
86.640 90.720 2166 2268 helmut_kohl 27.921
113.520 115.200 2838 2880 wmaamnganamaw 3.884
114.000 115.200 2850 2880 jl_h_to_an_nor_an 5.345
120.960 125.520 3024 3138 sir_christopher_mallaby 47.221
120.960 125.520 3024 3138 former_british_ambassador_to_germany 48.916
153.360 156.480 3834 3912 historian 45.178
153.120 156.480 3828 3912 konrad_iarausch 33.740
202.080 205.920 5052 5148 patrick_salmon 55.082
202.080 205.920 5052 5148 historian 45.178
202.320 205.920 5058 5148 gan_news 12.064
