7.440 12.240 186 306 in_davos 39.189
7.200 12.480 180 312 brief 65.393
6.960 12.480 174 312 business_ben_fajzullin 52.394
36.720 41.280 918 1032 lloyds_of_london_chairman 73.029
36.480 41.760 912 1044 business_john_nelson 41.194
36.480 41.760 912 1044 brief 66.393
95.040 99.600 2376 2490 lloyds_of_london_chairman 72.029
94.560 100.080 2364 2502 business_john_nelson 19.994
94.800 100.080 2370 2502 brief 67.393
164.640 169.440 4116 4236 lloyds_of_london_chairman 74.029
164.400 169.680 4110 4242 business_john_nelson 34.028
164.400 169.680 4110 4242 brief 58.393
