3.600 6.000 90 150 report_by_naomi_conrad 37.913
23.520 26.880 588 672 from_islamabad 45.496
23.520 26.880 588 672 faisana 34.218
38.880 42.240 972 1056 faisana 43.218
38.880 42.240 972 1056 from_islamabad 44.496
122.880 125.760 3072 3144 women_s_rights_activist 37.008
122.880 125.760 3072 3144 farzana_baria 32.624
122.880 125.760 3072 3144 gan_news 15.064
131.520 134.880 3288 3372 ihejh 2.063
154.080 155.520 3852 3888 farzana_baria 23.624
154.080 155.520 3852 3888 women_s_rights_activist 22.008
163.440 175.680 4086 4392 ina 3.337
167.760 175.680 4194 4392 ieui 3.375
197.520 198.200 4938 4955 owoceow 2.338
