1266.280 1267.840 31657 31696 ian_carney 1.000
1276.320 1279.120 31908 31978 samantha_hill 1.000
2128.920 2132.560 53223 53314 richard_sebast 1.000
3254.200 3255.200 81355 81380 charles_grosvenor 1.000
3255.240 3256.240 81381 81406 ford_riley 1.000
3256.280 3257.280 81407 81432 tony_geiss 1.000
3257.320 3258.320 81433 81458 diane_crea 1.000
3258.360 3259.360 81459 81484 ford_riley 1.000
3259.400 3260.400 81485 81510 susan_blu 1.000
3260.440 3261.440 81511 81536 rob_paulsen_spike 1.000
3262.520 3263.520 81563 81588 ford_riley 1.000
3264.600 3265.600 81615 81640 brant_hawes 1.000
3264.600 3265.600 81615 81640 david_vasquez 1.000
3264.600 3265.600 81615 81640 david_wilcox 1.000
3264.600 3265.600 81615 81640 scott_thoelke 1.000
3265.640 3266.640 81641 81666 andrew_gentle 1.000
3265.640 3266.640 81641 81666 connor_flynn 1.000
3265.640 3266.640 81641 81666 jim_schlenker 1.000
3266.680 3267.680 81667 81692 kelly_james 1.000
3266.680 3267.680 81667 81692 michel_rochon 1.000
3266.680 3267.680 81667 81692 robert_sledge 1.000
3267.720 3268.720 81693 81718 john_kafka 1.000
3267.720 3268.720 81693 81718 art_vitello 1.000
3267.720 3268.720 81693 81718 mitch_rochon 1.000
3267.720 3268.720 81693 81718 mircea_manita 1.000
3268.760 3269.760 81719 81744 marina_cappas 1.000
3268.760 3269.760 81719 81744 chun_liu 1.000
3269.800 3270.800 81745 81770 andy_haug 1.000
3269.800 3270.800 81745 81770 charlie_king 1.000
3270.840 3271.840 81771 81796 robert_poole_il 0.846
3270.840 3271.840 81771 81796 robbi_smith 1.000
3271.880 3272.880 81797 81822 michael_beiriger 1.000
3271.880 3272.880 81797 81822 roy_braverman 1.000
3271.880 3272.880 81797 81822 ray_leonard 1.000
3273.960 3274.960 81849 81874 russ_mooney 1.000
3273.960 3274.960 81849 81874 levy_vergara 1.000
3273.960 3274.960 81849 81874 scott_petersen 1.000
3275.000 3276.000 81875 81900 robert_clark 1.000
3275.000 3276.000 81875 81900 michael_gorospe 1.000
3277.080 3278.160 81927 81954 caroline_combes 1.000
3277.080 3278.160 81927 81954 stephanie_lafforgue 1.000
3277.080 3278.160 81927 81954 patricia_legrand 1.000
3277.080 3278.160 81927 81954 michel_vigne 1.000
3277.080 3278.160 81927 81954 nathalie_xerri 1.000
3277.080 3278.160 81927 81954 jacques_ciron 1.000
