18.960 22.800 474 570 josep_cuni 51.258
57.120 61.920 1428 1548 esteu_d_acord_que_els_jutges_vagin_a 60.641
64.800 68.640 1620 1716 barcelona 55.929
64.800 68.880 1620 1722 marta_casagolda 57.060
65.040 71.040 1626 1776 directe 51.970
69.600 71.040 1740 1776 barcelona 21.929
73.440 77.280 1836 1932 directe 39.031
78.720 79.920 1968 1998 directe 9.603
73.440 80.160 1836 2004 barcelona 84.929
73.440 80.160 1836 2004 vaga_de_jutges 43.748
82.320 98.160 2058 2454 divisie_entre_els_jutges 79.441
100.320 116.160 2508 2904 directe 112.031
117.600 130.800 2940 3270 directe 117.014
100.320 131.040 2508 3276 barcelona 367.929
100.560 131.040 2514 3276 vaga_de_jutges 200.672
133.920 143.280 3348 3582 president_junta_de_jutges_barcelona 116.557
133.920 143.520 3348 3588 joaquin_aguirre 88.153
146.640 152.400 3666 3810 dega_jutges_barcelona 81.006
146.640 152.400 3666 3810 jose_manuel_regadera 85.482
154.560 163.680 3864 4092 directe 64.838
164.640 165.840 4116 4146 directe 12.331
167.520 183.600 4188 4590 directe 96.733
154.320 183.840 3858 4596 barcelona 358.929
154.320 183.840 3858 4596 vaga_de_jutges 205.800
227.760 232.560 5694 5814 esteu_d_acord_que_els_jutges_vagin_a 60.641
241.200 243.600 6030 6090 lidia_heredia 39.862
260.400 271.920 6510 6798 washington_eua_ahir 154.664
349.680 358.560 8742 8964 albert_elfa 102.939
349.440 358.560 8736 8964 washington 125.648
370.560 385.920 9264 9648 washington_eua_dimarts 169.264
405.120 407.520 10128 10188 pes_den_eil_fnequedu_eonse_de_eu 12.573
400.560 408.480 10014 10212 brusselles_belgica_ahir 48.672
407.760 412.560 10194 10314 t_livni 48.870
408.960 412.560 10224 10314 minister_tor_foreign_mfalrs 17.098
409.200 412.560 10230 10314 israel 39.577
413.040 416.400 10326 10410 czech_pres_cil_of_the_eu 20.326
417.840 424.320 10446 10608 gaza_ahir 46.586
444.720 480.240 11118 12006 la_medalla_al_merit_policial_per_a_dos 287.693
444.720 480.240 11118 12006 ciutadans 431.921
484.560 492.240 12114 12306 inspector_del_gas 107.669
484.800 492.240 12120 12306 rafael 87.292
577.200 595.920 14430 14898 a_preso_provisional 125.420
612.480 642.240 15312 16056 montilla_defensa_saura_malgrat_ies_critiques 132.651
646.560 667.680 16164 16692 president_generalitat 277.837
646.560 667.680 16164 16692 jose_montilla 272.054
730.560 745.680 18264 18642 felip_puig 145.310
730.320 745.920 18258 18648 diputat_ciu 190.318
751.200 755.760 18780 18894 joan_saura 65.808
750.960 755.760 18774 18894 conseller_interior 54.274
819.360 827.040 20484 20676 joan_puigcerces 87.327
819.360 827.040 20484 20676 president_erc 74.635
899.040 901.920 22476 22548 meritxell_ortiz 43.108
937.440 950.400 23436 23760 catedratic_economia_esade 177.533
937.440 950.400 23436 23760 francesc_xavier_mena 174.761
977.040 990.960 24426 24774 miguel_sebastian 180.871
977.040 990.960 24426 24774 ministre_d_ndustr_a 86.396
1004.880 1020.000 25122 25500 d_actius_financers 199.816
1035.120 1037.520 25878 25938 borsa_de_barcelona 31.915
1035.120 1038.480 25878 25962 cristina_herranz 42.836
1035.360 1038.480 25884 25962 directe 35.031
1048.080 1050.240 26202 26256 aunts 12.029
1041.600 1065.120 26040 26628 bce_descarta_deflacie_zona_euro 134.036
1089.600 1099.680 27240 27492 dow_jones 37.066
1125.120 1140.240 28128 28506 ford_a_almussafes_fara_el_nou_fiesta 119.956
1143.120 1162.080 28578 29052 mes_empreses_que_fan_fallida 241.767
1308.720 1339.920 32718 33498 guerra_d_espies_al_pp_de_madrid 213.426
1343.280 1359.120 33582 33978 manuel_cobo 101.984
1343.280 1359.120 33582 33978 vicealcalde_de_madrid 195.296
1361.520 1368.960 34038 34224 ignacio_gonzalez 101.677
1361.520 1368.960 34038 34224 vicepresident_del_govern_de_madrid 101.704
1390.560 1405.200 34764 35130 francisco_granados 186.272
1390.560 1405.200 34764 35130 conseller_de_presidencia_i_interior_de_madrid 203.622
1507.680 1510.800 37692 37770 jordisanuy 26.808
1511.760 1513.200 37794 37830 ting 2.012
1515.120 1542.240 37878 38556 decidire_el_camp_nou 220.534
1545.360 1547.280 38634 38682 viehybatalan 3.623
1546.560 1560.720 38664 39018 mauricio_pochettino 190.669
1546.800 1560.720 38670 39018 entrenador_r_c_d_espanyol 190.010
1560.240 1561.440 39006 39036 esnt_t_rlla 3.366
1550.400 1562.640 38760 39066 vichyeatalan 7.743
1546.560 1562.640 38664 39066 inter_iapuestas 7.945
1563.360 1567.200 39084 39180 vichyeatalan 4.743
1563.120 1567.440 39078 39186 estrella 4.170
1568.640 1578.000 39216 39450 josep_guardiola 117.816
1569.360 1578.000 39234 39450 entrenador_f_c_barcelona 121.558
1569.360 1578.000 39234 39450 yiehy 4.259
1568.640 1581.120 39216 39528 viehycatalan 5.743
1568.160 1581.120 39204 39528 orto_trfna 11.889
1578.720 1581.120 39468 39528 gistneilaonl 2.934
1578.480 1581.120 39462 39528 ports_trina 6.348
1573.920 1581.120 39348 39528 interapuesgf 4.385
1590.960 1596.240 39774 39906 daniel_sanchez_llibre 82.608
1590.960 1596.240 39774 39906 president_r_c_d_espanyol 73.691
1613.040 1618.800 40326 40470 joan_laporta 81.119
1613.040 1618.800 40326 40470 president_f_c_barcelona 88.240
1637.520 1679.040 40938 41976 m_s_avanqa_el_valencia 134.108
1685.280 1698.480 42132 42462 goles_de_bruno 122.951
1711.920 1718.400 42798 42960 m_centrats_en_la_lliga 58.118
1728.720 1739.520 43218 43488 nomes_guanya_ia_penya 65.763
1752.960 1766.160 43824 44154 alonso_te_bones_sensacions 169.451
1769.520 1782.240 44238 44556 nou_patrocinador 157.596
1837.200 1867.920 45930 46698 manifestacie_a_bruselies_pel_dret_de_decidir 122.160
1885.920 1899.600 47148 47490 ies_arts 124.624
1885.920 1899.600 47148 47490 aprovat_el_consell_nacional_de_la_cultura_i 95.650
1915.200 1934.880 47880 48372 esteu_d_acord_que_els_jutges_vagin_a 197.641
1948.560 1970.160 48714 49254 albert_pla_fins_diumenge_al_teatre_lliure 157.515
1991.040 1993.920 49776 49848 eloi_cordomi 42.808
