11.280 15.120 282 378 montse_jene 48.229
11.040 15.120 276 378 l_entrevista 14.174
18.480 67.440 462 1686 l_entrevista 123.097
71.280 80.400 1782 2010 primeres_decisions_del_president_obama 132.573
71.280 80.400 1782 2010 l_entrevista 27.478
54.240 101.760 1356 2544 bamoa 31.221
104.160 147.840 2604 3696 bmmos 46.002
54.960 158.880 1374 3972 ambler_moss 122.467
103.440 209.760 2586 5244 l_entrevista 129.150
168.720 237.360 4218 5934 l_entrevista 116.039
233.040 304.320 5826 7608 l_entrevista 124.065
18.240 344.640 456 8616 primeres_decisions_del_president_obama 1275.560
282.720 352.560 7068 8814 l_entrevista 185.029
348.960 405.600 8724 10140 l_entrevista 103.082
450.480 485.040 11262 12126 l_entrevista 81.147
393.840 494.400 9846 12360 l_entrevista 199.127
495.600 508.320 12390 12708 primeres_decisions_del_president_obama 126.573
495.600 508.320 12390 12708 l_entrevista 34.174
482.880 531.120 12072 13278 ambler_moss 164.467
572.880 576.720 14322 14418 tin 9.706
577.200 581.040 14430 14526 ocmegmiip_ocmegioidp_e 4.126
568.800 608.880 14220 15222 l_entrevista 83.097
528.960 622.320 13224 15558 l_entrevista 80.080
633.600 635.280 15840 15882 n_fanniemae 12.432
141.120 640.320 3528 16008 primeres_decisions_dei_president_obama 217.827
607.440 659.040 15186 16476 l_entrevista 89.974
675.600 679.440 16890 16986 ill_inna 4.144
644.640 696.000 16116 17400 l_entrevista 94.174
688.800 735.120 17220 18378 l_entrevista 76.132
770.160 774.000 19254 19350 honor_bou_d_ito_dieifeend_freedom 13.776
758.880 818.160 18972 20454 l_entrevista 100.132
769.440 824.160 19236 20604 uilra 3.275
805.680 840.480 20142 21012 l_entrevista 98.950
840.480 885.360 21012 22134 l_entrevista 81.134
729.120 908.640 18228 22716 l_entrevista 52.131
909.120 937.200 22728 23430 primeres_decisions_del_president_obama 255.573
909.120 937.200 22728 23430 l_entflev_sta 58.064
884.400 954.480 22110 23862 ambler_moss 356.467
637.440 954.480 15936 23862 primeres_decisions_del_president_obama 3238.570
948.720 1040.160 23718 26004 l_entrevista 118.972
990.000 1040.160 24750 26004 l_entrevista 116.093
1037.760 1079.520 25944 26988 l_entrevista 69.064
1074.960 1115.040 26874 27876 l_entrevista 83.933
1114.560 1156.800 27864 28920 ambler_moss 133.467
1146.480 1156.800 28662 28920 l_entrevista 48.878
1146.480 1156.800 28662 28920 primeres_decisions_del_president_obama 118.573
1157.040 1176.000 28926 29400 l_entrevista 46.076
1175.280 1234.080 29382 30852 l_entrevista 159.076
1233.840 1282.560 30846 32064 l_entfievista 93.960
942.720 1315.680 23568 32892 primeres_decisions_del_president_obama 4241.570
1282.800 1315.680 32070 32892 l_entrevista 100.047
1316.160 1318.560 32904 32964 l_entrevista 12.174
1336.320 1338.480 33408 33462 tot_el_gue_vdls_saber 15.258
1340.160 1343.520 33504 33588 guan 23.023
1340.640 1343.520 33516 33588 guan_ho_vols_saber 19.834
1345.200 1350.960 33630 33774 guan_ho_vdls_saber 22.557
1345.200 1350.960 33630 33774 tot_el_gue_vdls_saber 23.258
1378.800 1381.920 34470 34548 guan_ho_vdls_saber 20.557
1378.320 1381.920 34458 34548 tot_el_due_vdls_saber 19.433
1385.520 1387.680 34638 34692 tot_el_gue_vdlb_saber 16.867
1389.600 1392.480 34740 34812 guan 29.023
1389.600 1393.200 34740 34830 guan_ho_vols_saber 25.834
1394.160 1400.400 34854 35010 tot_el_gue_volb_saber 26.144
1394.160 1400.400 34854 35010 guan_ho_vols_saber 30.834
1396.320 1400.400 34908 35010 ceae_eelocea 6.709
1416.480 1429.440 35412 35736 ordenat_el_tancament_de_guantanamo 156.611
1433.760 1441.200 35844 36030 la_fiscalia_investiga 106.095
1450.080 1458.720 36252 36468 el_rastre_de_la_destruccio 112.953
1464.720 1474.320 36618 36858 les_exigencies_de_nissan 136.715
1480.800 1486.560 37020 37164 din 5.011
1481.760 1489.440 37044 37236 penelope_candidata 78.066
1492.560 1496.880 37314 37422 din 7.011
1499.760 1510.320 37494 37758 l_efecte_pochettino 144.088
1518.480 1521.600 37962 38040 tapat 37.184
1537.920 1540.320 38448 38508 ariadna_oltra 27.964
1558.320 1561.920 38958 39048 washi_ton_eua 36.091
1558.320 1561.920 38958 39048 a_uesta_tarda 35.526
1598.640 1602.240 39966 40056 barack_obama 53.697
1598.640 1602.240 39966 40056 president_eua 55.750
1609.200 1613.040 40230 40326 guantanamo_cuba 50.338
1635.840 1637.040 40896 40926 on_uns 3.517
1636.320 1638.240 40908 40956 son_uns_dels_assassins_mes_perillosos_mesben_entrenats_n_mes_despuetats_que_hu 44.316
1639.440 1644.000 40986 41100 hon_uns_aels_assassins_r_nes_peruios_os_mesben_entrenats_n_mes_despuetats_que_hl_ha_sobre 48.548
1638.720 1644.000 40968 41100 en_en_rena_s_i_mes_espie_a_s_qia_capa_de_la_terra 32.608
1658.160 1662.000 41454 41550 expresoner_de_guantanamo 59.551
1674.240 1675.440 41856 41886 guantanamo_bay_cmestablished_sep_enhe_uzwv 21.512
1687.200 1691.040 42180 42276 informa_sandra_mata 21.763
1707.120 1710.720 42678 42768 washin_ton_eua 21.208
1707.120 1710.720 42678 42768 a_uesta_tarda 16.593
1806.720 1814.400 45168 45360 iwehe 2.782
1804.560 1815.360 45114 45384 joan_roura 96.746
1858.080 1861.920 46452 46548 shi_iazhuan_xina 36.399
1858.800 1861.920 46470 46548 a_uest_mati 26.628
1893.360 1896.240 47334 47406 anlu 5.202
1912.320 1915.680 47808 47892 power 16.872
1916.400 1918.800 47910 47970 mwnammasam 3.021
1925.040 1928.880 48126 48222 sergi_vicente 56.485
1925.040 1928.880 48126 48222 pequin 35.646
1977.840 1980.960 49446 49524 dimarts 48.750
1977.360 1980.960 49434 49524 tra_es_fran_a 32.592
2005.440 2009.040 50136 50226 eric_nicolas 54.306
2005.440 2009.040 50136 50226 vicepresident_financer_nissan_europa 64.540
2074.320 2078.160 51858 51954 montse_tie 24.554
2074.320 2078.160 51858 51954 christian_serinye 45.185
2074.560 2078.160 51864 51954 paris 44.649
2111.520 2115.360 52788 52884 madrid 44.573
2111.520 2115.360 52788 52884 aquest_mati 22.681
2132.640 2136.240 53316 53406 alberto_ruiz_gallarden 38.443
2132.640 2136.240 53316 53406 alcalde_de_madrid 52.392
2151.360 2156.160 53784 53904 francisco_granados 55.272
2152.560 2156.160 53814 53904 conseller_interior_madrid 63.279
2179.440 2183.280 54486 54582 esteban_gonzalez_pons 46.221
2188.080 2191.200 54702 54780 antonio_garcia 31.075
2187.600 2191.200 54690 54780 marta_viladot 52.237
2187.840 2191.200 54696 54780 madrid 23.573
2212.560 2216.160 55314 55404 president_govern_espanyol 58.990
2212.560 2216.160 55314 55404 jose_luis_rodriguez_zapatero 31.525
2216.640 2218.320 55416 55458 mo_poi 6.125
2210.160 2228.160 55254 55704 meira_lus 81.894
2231.040 2234.160 55776 55854 mo_por 6.320
2230.560 2253.360 55764 56334 meira_lus 56.617
2252.640 2254.080 56316 56352 mo_portugue 4.636
2312.400 2325.840 57810 58146 aeroport 116.451
2312.880 2347.200 57822 58680 ucencde_calders 43.986
2312.400 2347.200 57810 58680 st_vlconcdo_caldera 45.738
2312.400 2347.200 57810 58680 estacle_do 201.682
2312.640 2347.200 57816 58680 franca 165.238
2326.560 2347.200 58164 58680 aeroport 26.877
2373.120 2376.720 59328 59418 vicky_cristina_barcelona 58.583
2373.120 2376.720 59328 59418 dir_woody_allen 11.985
2389.920 2393.760 59748 59844 slumdog_millionaire 43.736
2406.480 2410.080 60162 60252 el_curioso_caso_de_benjamin_button 33.902
2420.640 2422.320 60516 60558 el_intercambio 15.914
2420.640 2422.320 60516 60558 din_clint_eastwood 9.309
2426.640 2430.000 60666 60750 m_nombre_es_harvey_milk 22.905
2426.640 2430.000 60666 60750 dlr_guswvan_sant 16.162
2427.120 2430.000 60678 60750 can_iunnunullloplulnuumllu 6.598
2447.520 2451.360 61188 61284 can_ionlulilulnlulunlnunlnu 10.205
2447.520 2451.360 61188 61284 frosti_nixon 9.420
2459.280 2462.880 61482 61572 el_lector 10.992
2459.280 2462.880 61482 61572 dir_stephen_daldry 14.612
2460.480 2462.880 61512 61572 nun_lrrrtitlrlwjlulallgplu 3.877
2470.080 2472.240 61752 61806 nun_nrtuginupfialnlullgluu 6.056
2470.080 2472.240 61752 61806 the_wrestler 32.439
2470.080 2472.240 61752 61806 dir_darren_aronofskym 14.408
2474.640 2478.960 61866 61974 el_caballero_oscuro 28.244
2476.320 2478.960 61908 61974 nun_vflullunuulululunlououun 7.075
2510.880 2512.560 62772 62814 lo_i_tin 3.199
2511.120 2512.560 62778 62814 tennis 2.592
2512.080 2514.240 62802 62856 arcadi_alibes 33.756
2527.680 2531.280 63192 63282 sant_adria_de_besbs 30.806
2527.680 2531.280 63192 63282 pochettino_te_credit 59.146
2552.400 2553.600 63810 63840 espanyotcom 7.187
2555.760 2559.360 63894 63984 nico_pareja 51.588
2556.000 2559.360 63900 63984 jugador_r_c_d_espanyol 36.511
2561.520 2565.600 64038 64140 strella 3.753
2554.560 2568.720 63864 64218 despanyotcom 36.192
2588.160 2592.000 64704 64800 barcelona_dissabte 39.422
2601.360 2604.960 65034 65124 josep_guardiola 46.834
2601.360 2604.960 65034 65124 entrenador_f_c_barcelona 55.558
2600.880 2606.880 65022 65172 orto_trfna 17.333
2601.360 2606.880 65034 65172 viehyeatalan 3.490
2600.880 2606.880 65022 65172 inter 25.184
2622.240 2625.600 65556 65640 the_plan_when_loolhall_sum 16.084
2622.480 2625.600 65562 65640 v_intersport 22.591
2635.680 2639.040 65892 65976 xavi_hernandez 22.518
2635.200 2639.040 65880 65976 jugador_f_c_barcelona 39.059
2634.240 2640.240 65856 66006 v_intersport 33.036
2649.120 2654.160 66228 66354 v_intersport 25.845
2649.120 2654.160 66228 66354 the_plate_when_loolball_sum 16.406
2676.720 2680.320 66918 67008 las_rozas_madrid 32.342
2676.960 2680.320 66924 67008 calderon_troba_aixopluc 44.084
2694.480 2698.080 67362 67452 joan_laporta 48.119
2694.480 2698.080 67362 67452 president_f_c_barcelona 44.240
