12.720 22.320 318 558 primeres_mesures_d_obama 136.673
29.040 36.480 726 912 jutges_dividits_davant_la_vaga 109.894
41.520 50.160 1038 1254 a_punt_de_fer_les_maletes 117.349
56.160 61.680 1404 1542 made_in_spain_contra_la_crisi 77.126
69.360 77.040 1734 1926 sense_gols_i_sense_incidents 111.519
87.840 91.440 2196 2286 dijous_amb_cel_tapat 52.989
112.560 116.160 2814 2904 victor_prats 46.852
140.400 144.240 3510 3606 washin_ton_eua 44.099
141.600 144.240 3540 3606 a_uest_ves_re 16.605
164.640 168.240 4116 4206 barack_obama 51.697
164.640 168.480 4116 4212 president_dels_estats_units 61.871
195.840 199.200 4896 4980 a_uesta_nit 49.333
195.600 199.200 4890 4980 washin_ton_eua 43.041
195.840 203.520 4896 5088 nomination_of_hillary_r_clinton 82.356
195.600 203.520 4890 5088 of_new_york_to_be_secretary_of_state 64.266
204.480 208.320 5112 5208 ahir 38.151
204.480 208.320 5112 5208 washin_ton_eua 33.208
214.560 218.160 5364 5454 washint_on_eua 24.237
270.000 273.600 6750 6840 a_uest_mati 38.674
270.000 273.600 6750 6840 frontera_israelgaza 60.860
291.120 294.720 7278 7368 a_uest_mati 35.674
309.600 311.040 7740 7776 dohtto 2.384
312.000 315.600 7800 7890 beit_lahi_a_gaza 33.478
312.000 315.600 7800 7890 dissabte 14.719
325.920 329.760 8148 8244 joan_roura 40.746
326.640 329.760 8166 8244 jerusalem 34.874
325.920 329.760 8148 8244 enric_mire 38.618
342.480 346.080 8562 8652 brusseiies_bel_ica 11.063
342.480 346.080 8562 8652 a_uesta_nit 37.248
350.640 353.520 8766 8838 czech_pres_cil_of_the_eu 11.326
350.160 353.520 8754 8838 czech_preside_ycil_of_the_eu 13.351
354.000 356.880 8850 8922 presidency 41.087
354.000 356.880 8850 8922 k_schwarzenberg 26.955
357.360 361.200 8934 9030 israel 22.577
357.360 361.200 8934 9030 eu_high_representative 19.339
357.360 361.200 8934 9030 j_solana 47.753
357.360 361.200 8934 9030 t_livni 11.870
361.920 366.240 9048 9156 t_livni 48.870
361.680 366.240 9042 9156 israel 17.577
405.600 409.200 10140 10230 barcelona_a_uesta_tarda 22.431
433.200 438.960 10830 10974 joaquin_aguirre 38.153
435.360 438.960 10884 10974 president_junta_de_jutges_barcelona 54.591
448.320 452.160 11208 11304 dega_jutges_barcelona 47.006
448.320 452.160 11208 11304 jose_manuel_regadera 27.541
473.760 477.360 11844 11934 divisio_entre_els_jutges_a_tot_l_estat 49.228
479.040 481.920 11976 12048 uluados 19.182
551.280 554.160 13782 13854 pau_baizan 28.034
550.800 554.160 13770 13854 demograf_universitat_pompeu_fabra 30.952
562.560 566.400 14064 14160 tortosa 28.922
606.720 610.320 15168 15258 madrid 37.573
606.720 610.320 15168 15258 ahir 23.151
626.640 630.240 15666 15756 pablo_larraga 53.483
626.640 630.240 15666 15756 professor_institut_d_estudls_financers 38.224
644.640 666.000 16116 16650 ill_uihi 17.014
638.160 704.880 15954 17622 bmosn 52.383
712.800 716.640 17820 17916 ministre_d_industria 41.071
712.800 716.640 17820 17916 miguel_sebastian 42.871
705.600 727.680 17640 18192 bmosn 36.383
790.560 794.160 19764 19854 parlament_de_catalun_a_a_uesta_tarda 42.048
810.480 814.080 20262 20352 president_de_la_generalitat 47.119
810.480 814.080 20262 20352 jose_montllla 19.682
826.560 830.160 20664 20754 felip_puig 19.317
835.680 839.040 20892 20976 daniel_sirera 23.478
842.400 846.240 21060 21156 joan_saura 45.808
842.400 846.240 21060 21156 conseller_d_interior_i_relacions_institucionals 44.330
850.560 853.920 21264 21348 parlamcnt_dc_catalunya 20.717
850.560 854.160 21264 21354 jaume_freixes 28.602
850.560 854.160 21264 21354 j_fernandez_r_morey 28.633
870.240 874.080 21756 21852 joan_pulgcerces 19.109
870.480 874.080 21762 21852 erc 48.228
890.400 893.520 22260 22338 parlament_de_catalun_a_a_uesta_tarda 20.048
889.920 893.520 22248 22338 parlament_de_catalun_a_a_uesta_tard 18.404
936.480 940.080 23412 23502 francesc_homs 34.461
952.560 956.160 23814 23904 conseller_ueconomia_i_finances 41.478
952.560 956.160 23814 23904 antoni_castells 40.385
991.440 995.040 24786 24876 nova_york_eua 23.319
991.440 995.040 24786 24876 a_uesta_tarda 16.593
1015.680 1019.280 25392 25482 joseplluis_carodrovira 22.063
1015.680 1019.280 25392 25482 vicepresident_del_govern 54.813
1111.200 1114.800 27780 27870 parlament_de_catalun_a_a_uest_mi_dua 21.286
1161.360 1164.960 29034 29124 consell_de_les_arts_i_la_cultura 45.140
1161.360 1164.960 29034 29124 mane_forcano 23.910
1178.160 1182.000 29454 29550 xavier_bru_de_sala 29.608
1178.160 1182.000 29454 29550 consell_de_les_arts_i_la_cultura 49.203
1193.280 1196.880 29832 29922 lnforma_c_roslch_i_j_fernandez 21.332
1221.840 1225.440 30546 30636 barcelona_a_uesta_tarda 25.451
1263.840 1267.440 31596 31686 jordi_hereu 27.080
1263.840 1267.440 31596 31686 alcalde_de_barcelona 58.748
1280.880 1284.480 32022 32112 nforma_lgnasi_gaya_jordi_monton 20.230
1307.760 1309.920 32694 32748 ietif 4.338
1309.440 1313.040 32736 32826 arcadi_alibes 42.607
1314.000 1321.200 32850 33030 ietif 26.338
1314.000 1326.480 32850 33162 kata 9.353
1324.320 1326.480 33108 33162 ietif 9.338
1337.280 1340.880 33432 33522 r_c_d_espanyol 50.807
1337.280 1340.880 33432 33522 f_c_barcelona 52.355
1394.400 1398.960 34860 34974 viehycatalan 2.743
1396.560 1400.160 34914 35004 entrenador_rcd_espanyol 31.009
1396.560 1400.160 34914 35004 mauricio_pochettino 46.669
1394.640 1407.840 34866 35196 trfnas 14.168
1399.920 1410.480 34998 35262 inter 14.184
1400.880 1410.720 35022 35268 estrellad 3.821
1400.400 1410.960 35010 35274 vichyeatalan 4.743
1412.400 1416.720 35310 35418 vichycatalan 6.996
1419.120 1426.080 35478 35652 vichyeatalan 5.743
1415.760 1426.080 35394 35652 estrella 6.170
1427.520 1431.120 35688 35778 valmiro_lepez_valdo 25.370
1427.520 1431.120 35688 35778 jugador_rcd_espanyol 37.511
1442.880 1445.760 36072 36144 orti_trfna 4.599
1444.560 1448.160 36114 36204 josep_guardiola 35.834
1444.800 1448.160 36120 36204 entrenador_fcbarcelona 38.558
1445.040 1448.160 36126 36204 estrella 21.892
1446.480 1455.600 36162 36390 elsi 2.423
1443.360 1455.600 36084 36390 vichycatalan 3.996
1447.200 1455.600 36180 36390 orto_trfna 9.333
1456.080 1458.960 36402 36474 iet_i_put 7.984
1456.320 1466.160 36408 36654 kata 14.353
1461.120 1466.160 36528 36654 ietif 24.338
1469.280 1473.120 36732 36828 valencia_c_f 56.287
1469.280 1473.120 36732 36828 sevilla_f_c 41.893
1552.800 1555.200 38820 38880 meir 3.295
1550.880 1555.200 38772 38880 pulse 6.221
1553.040 1555.200 38826 38880 winch_mow 2.469
1558.320 1561.920 38958 39048 tau_vitbria 27.842
1558.320 1561.920 38958 39048 ricoh_manresa 51.615
1578.480 1581.600 39462 39540 dkv_joventut 36.170
1578.480 1581.600 39462 39540 estudiantes 50.962
1594.560 1596.240 39864 39906 uitif 8.560
1598.400 1599.840 39960 39996 uetif 2.984
1597.200 1600.800 39930 40020 uata 4.525
1603.680 1607.520 40092 40188 un_cognom_illustre_per_a_la_penya 63.665
1633.440 1635.360 40836 40884 anys 22.314
1633.920 1635.360 40848 40884 dinformaclo_continua 9.900
1711.440 1714.800 42786 42870 q_as_gtewnm 2.263
1711.440 1719.120 42786 42978 madrid 14.573
1716.480 1719.120 42912 42978 lisboa 9.794
1718.160 1719.360 42954 42984 as_srsvnm 2.603
1729.440 1747.680 43236 43692 divendres_dissabte 140.962
1728.720 1747.680 43218 43692 diumenge 138.371
1750.800 1755.360 43770 43884 meteocat 10.714
1761.840 1765.440 44046 44136 ild_dlla_i_id 4.291
1785.840 1788.960 44646 44724 albert_closas 45.999
1813.440 1828.560 45336 45714 economia_low_cost 193.295
1831.200 1838.640 45780 45966 el_sentit_com__del_mag_lari 39.503
1843.680 1846.080 46092 46152 ian 7.234
1930.800 1937.520 48270 48438 resp_maroueting_i_vendes_sud_europa_ryanair 45.596
1930.320 1937.520 48258 48438 alessia_viviani 98.123
1978.320 1985.040 49458 49626 josepfrancesc_valls 82.225
1978.800 1985.040 49470 49626 autor_fenomeno_low_cost 56.259
2061.120 2064.240 51528 51606 iiuiu_illvl 1.795
2080.080 2087.280 52002 52182 autor_fenomeno_low_cost 57.496
2079.840 2087.280 51996 52182 josepfrancesc_valls 87.225
2079.600 2113.920 51990 52848 hat 6.400
2172.240 2178.480 54306 54462 resp_maroueting_i_comunicacio_h_m 58.301
2171.520 2178.480 54288 54462 ona_bascu_en 74.189
2231.280 2238.000 55782 55950 autor_fenomeno_low_cost 55.739
2230.800 2238.000 55770 55950 josepfrancesc_valls 79.127
2310.000 2316.480 57750 57912 director_ikea_badalona 89.281
2309.040 2316.480 57726 57912 marina_maganto 58.237
2327.040 2335.440 58176 58386 josepfrancesc_valls 94.225
2327.760 2335.440 58194 58386 autor_fenomeno_low_cost 60.395
2402.400 2435.040 60060 60876 baosao 42.469
2434.800 2443.920 60870 61098 bernat_morales 124.761
2435.040 2443.920 60876 61098 dir_relacions_externes_mercadona_catalunya 122.135
2452.560 2458.560 61314 61464 alessia_viviani 86.098
2453.040 2458.560 61326 61464 resp_maroueting_i_vendes_sud_europa_ryanair 41.596
2479.920 2486.640 61998 62166 director_ikea_badalona 89.281
2479.440 2486.640 61986 62166 marino_maganto 61.188
2510.880 2517.840 62772 62946 resp_maroueting_i_comunicacio_h_m 51.301
2510.160 2517.840 62754 62946 ona_bascu_en 73.189
2547.600 2552.160 63690 63804 un_reportatge_de 59.062
2547.600 2552.160 63690 63804 jordina_molas 68.323
2527.920 2555.760 63198 63894 baosaz 21.880
2555.520 2579.760 63888 64494 baosaz 25.880
2628.000 2632.560 65700 65814 catedratic_politica_economica_us 35.835
2627.280 2632.560 65682 65814 anten_costas 76.230
2580.240 2640.720 64506 66018 bmosza 40.444
2613.840 2645.760 65346 66144 bmosza 26.444
2655.360 2673.840 66384 66846 noes 11.050
2642.640 2700.720 66066 67518 bmosaz 90.444
2752.320 2798.640 68808 69966 bmosae 21.188
2813.280 2819.520 70332 70488 anten_costas 83.230
2813.280 2819.520 70332 70488 catedratic_politica_economica_us 39.835
2814.240 2819.520 70356 70488 anten_costas 11.230
2841.360 2857.200 71034 71430 hew 164.206
2841.360 2857.200 71034 71430 dangev 22.198
2861.520 2866.080 71538 71652 ul_iqer 9.102
2903.280 2904.960 72582 72624 ul_iuer 2.317
2906.640 2908.560 72666 72714 ul_luer 3.063
2910.240 2912.880 72756 72822 ul_iqer 5.102
2920.080 2924.880 73002 73122 ul_iljev 3.533
2961.120 2967.360 74028 74184 anten_costas 76.216
2962.080 2967.360 74052 74184 catedratic_politica_economica_us 35.835
2998.080 3015.360 74952 75384 isl_lint_oi 4.756
3095.760 3101.520 77394 77538 catedratic_politica_economica_us 51.835
3095.040 3101.520 77376 77538 anten_costas 91.230
3205.440 3439.920 80136 85998 josep_m_lari 2596.970
3444.960 3459.360 86124 86484 el_futur_de_l_automoc_o 58.583
3472.560 3479.760 86814 86994 otelevisio_catalunymsa 14.211
3487.440 3491.280 87186 87282 ild_dlb_i_ild 5.780
