4.720 0 0.438 0.811 0.533 0.978
4.760 0 0.438 0.794 0.534 0.961
4.800 0 0.438 0.778 0.537 0.950
4.840 0 0.439 0.764 0.537 0.936
4.880 0 0.442 0.756 0.541 0.925
4.920 0 0.444 0.747 0.542 0.922
4.960 0 0.445 0.747 0.548 0.931
5.000 0 0.447 0.758 0.545 0.931
5.040 0 0.448 0.775 0.548 0.947
5.080 0 0.448 0.794 0.548 0.969
5.120 0 0.450 0.811 0.548 0.983
5.160 0 0.452 0.825 0.550 1.000
5.200 0 0.453 0.836 0.550 1.006
5.240 0 0.448 0.839 0.548 1.014
5.280 0 0.448 0.842 0.547 1.014
5.320 0 0.448 0.842 0.545 1.011
5.360 0 0.450 0.842 0.548 1.011
5.400 0 0.450 0.842 0.548 1.011
5.440 0 0.450 0.839 0.547 1.011
5.480 0 0.450 0.839 0.548 1.011
5.520 0 0.448 0.836 0.547 1.008
5.560 0 0.448 0.833 0.547 1.006
5.600 0 0.448 0.833 0.547 1.006
5.640 0 0.448 0.831 0.547 1.003
5.680 0 0.448 0.831 0.547 1.000
5.720 0 0.448 0.831 0.542 0.994
5.760 0 0.452 0.825 0.547 0.992
5.800 0 0.447 0.822 0.542 0.989
5.840 0 0.447 0.817 0.544 0.986
5.880 0 0.447 0.811 0.547 0.986
5.920 0 0.447 0.811 0.541 0.975
5.960 0 0.448 0.806 0.542 0.969
6.000 0 0.447 0.797 0.545 0.969
6.040 0 0.450 0.792 0.544 0.956
6.080 0 0.452 0.786 0.545 0.950
6.120 0 0.448 0.775 0.550 0.950
6.160 0 0.448 0.769 0.544 0.939
6.200 0 0.448 0.767 0.547 0.936
6.240 0 0.448 0.767 0.542 0.931
6.280 0 0.444 0.767 0.542 0.939
6.320 0 0.447 0.786 0.541 0.953
6.360 0 0.448 0.814 0.542 0.978
6.720 0 0.444 0.825 0.539 0.989
6.760 0 0.445 0.817 0.539 0.981
6.800 0 0.447 0.811 0.539 0.972
6.840 0 0.447 0.806 0.539 0.967
6.880 0 0.447 0.800 0.541 0.961
6.920 0 0.447 0.792 0.541 0.956
6.960 0 0.447 0.783 0.539 0.947
7.000 0 0.447 0.778 0.545 0.950
7.040 0 0.447 0.772 0.552 0.953
7.080 0 0.447 0.764 0.550 0.944
7.120 0 0.448 0.761 0.550 0.939
7.160 0 0.448 0.758 0.548 0.933
7.200 0 0.450 0.756 0.550 0.928
7.240 0 0.452 0.753 0.550 0.925
7.280 0 0.452 0.747 0.550 0.919
7.320 0 0.450 0.747 0.547 0.917
7.360 0 0.453 0.742 0.550 0.914
7.400 0 0.453 0.742 0.547 0.908
7.440 0 0.455 0.739 0.552 0.906
7.480 0 0.452 0.739 0.548 0.906
7.520 0 0.456 0.733 0.553 0.900
7.560 0 0.455 0.731 0.552 0.900
7.600 0 0.458 0.731 0.555 0.897
7.640 0 0.456 0.731 0.550 0.897
7.680 0 0.461 0.733 0.555 0.897
7.720 0 0.458 0.736 0.552 0.900
7.760 0 0.463 0.742 0.555 0.906
7.800 0 0.467 0.744 0.559 0.906
7.840 0 0.469 0.747 0.561 0.908
7.880 0 0.472 0.753 0.562 0.914
7.920 0 0.473 0.758 0.566 0.919
5.840 1 0.656 0.219 0.734 0.361
5.880 1 0.653 0.219 0.733 0.364
5.920 1 0.655 0.222 0.734 0.364
5.960 1 0.650 0.219 0.730 0.361
6.000 1 0.652 0.217 0.733 0.361
6.040 1 0.655 0.217 0.736 0.358
6.080 1 0.656 0.208 0.736 0.350
6.120 1 0.656 0.203 0.736 0.344
308.280 2 0.672 0.244 0.794 0.461
308.320 2 0.669 0.242 0.794 0.461
308.360 2 0.659 0.236 0.784 0.458
308.400 2 0.658 0.228 0.787 0.458
308.440 2 0.647 0.217 0.784 0.461
308.480 2 0.644 0.211 0.784 0.458
308.520 2 0.644 0.208 0.784 0.458
308.560 2 0.639 0.206 0.783 0.461
308.600 2 0.644 0.206 0.784 0.458
308.640 2 0.642 0.203 0.792 0.469
308.680 2 0.641 0.203 0.784 0.461
308.720 2 0.647 0.206 0.792 0.461
308.760 2 0.645 0.208 0.786 0.458
308.800 2 0.648 0.214 0.780 0.447
308.840 2 0.647 0.206 0.791 0.461
308.880 2 0.644 0.211 0.781 0.456
308.920 2 0.647 0.208 0.786 0.458
308.960 2 0.647 0.206 0.791 0.461
309.000 2 0.645 0.208 0.786 0.458
309.040 2 0.648 0.208 0.791 0.461
309.080 2 0.642 0.203 0.786 0.458
309.120 2 0.647 0.208 0.787 0.458
309.160 2 0.645 0.208 0.786 0.458
309.200 2 0.645 0.208 0.786 0.458
309.240 2 0.645 0.208 0.786 0.458
309.280 2 0.645 0.208 0.786 0.458
309.320 2 0.645 0.208 0.787 0.458
309.360 2 0.647 0.208 0.787 0.458
309.400 2 0.647 0.208 0.786 0.458
309.440 2 0.645 0.214 0.781 0.456
309.480 2 0.652 0.214 0.787 0.456
309.520 2 0.644 0.206 0.787 0.458
309.560 2 0.647 0.208 0.787 0.458
309.600 2 0.647 0.208 0.786 0.458
309.640 2 0.647 0.208 0.787 0.458
309.680 2 0.647 0.208 0.787 0.458
309.720 2 0.647 0.208 0.787 0.458
309.760 2 0.647 0.208 0.787 0.458
309.800 2 0.647 0.208 0.787 0.458
309.840 2 0.647 0.208 0.787 0.458
309.880 2 0.647 0.208 0.787 0.458
309.920 2 0.647 0.208 0.787 0.458
309.960 2 0.647 0.208 0.787 0.458
310.000 2 0.647 0.208 0.787 0.458
310.040 2 0.647 0.208 0.787 0.458
310.080 2 0.647 0.208 0.787 0.458
310.120 2 0.647 0.208 0.787 0.458
310.160 2 0.647 0.208 0.787 0.458
310.200 2 0.644 0.211 0.783 0.456
310.240 2 0.650 0.208 0.789 0.458
310.280 2 0.647 0.208 0.787 0.458
310.320 2 0.648 0.208 0.791 0.461
310.360 2 0.647 0.208 0.787 0.458
310.400 2 0.647 0.208 0.787 0.458
310.440 2 0.647 0.208 0.787 0.458
310.480 2 0.647 0.208 0.787 0.458
310.520 2 0.647 0.208 0.787 0.458
310.560 2 0.650 0.208 0.792 0.461
310.600 2 0.648 0.206 0.792 0.461
310.640 2 0.655 0.208 0.794 0.456
310.680 2 0.647 0.211 0.786 0.458
310.720 2 0.644 0.211 0.784 0.458
310.760 2 0.642 0.214 0.778 0.458
310.800 2 0.648 0.219 0.787 0.467
310.840 2 0.648 0.217 0.791 0.469
310.880 2 0.653 0.211 0.797 0.467
310.920 2 0.642 0.214 0.784 0.467
310.960 2 0.641 0.211 0.781 0.461
311.000 2 0.634 0.200 0.778 0.456
311.040 2 0.630 0.200 0.769 0.447
310.960 3 0.648 0.189 0.767 0.400
311.000 3 0.641 0.186 0.758 0.394
311.040 3 0.631 0.178 0.748 0.386
311.080 3 0.634 0.175 0.750 0.381
311.120 3 0.631 0.175 0.747 0.378
311.160 3 0.630 0.172 0.750 0.386
311.200 3 0.627 0.181 0.745 0.392
311.240 3 0.627 0.192 0.744 0.400
311.280 3 0.625 0.197 0.742 0.403
311.320 3 0.627 0.197 0.742 0.403
311.360 3 0.625 0.197 0.742 0.406
311.400 3 0.627 0.192 0.744 0.397
311.440 3 0.630 0.183 0.744 0.389
311.480 3 0.627 0.181 0.741 0.381
311.520 3 0.633 0.175 0.747 0.375
311.560 3 0.628 0.175 0.741 0.375
311.600 3 0.628 0.169 0.745 0.378
311.640 3 0.630 0.175 0.741 0.372
311.680 3 0.634 0.178 0.747 0.375
311.720 3 0.628 0.175 0.741 0.375
311.760 3 0.630 0.169 0.745 0.378
311.800 3 0.631 0.178 0.739 0.369
311.840 3 0.636 0.178 0.745 0.375
311.880 3 0.628 0.175 0.741 0.372
311.920 3 0.630 0.172 0.745 0.378
311.960 3 0.634 0.178 0.745 0.375
312.000 3 0.628 0.172 0.745 0.381
312.040 3 0.625 0.178 0.741 0.383
312.080 3 0.627 0.192 0.738 0.389
364.600 4 0.447 0.272 0.516 0.392
364.640 4 0.441 0.272 0.509 0.392
364.680 4 0.436 0.269 0.505 0.389
364.720 4 0.431 0.272 0.498 0.392
364.760 4 0.433 0.272 0.500 0.392
364.800 4 0.430 0.272 0.498 0.392
364.840 4 0.430 0.272 0.498 0.392
364.880 4 0.430 0.272 0.498 0.392
364.920 4 0.430 0.272 0.498 0.392
364.960 4 0.428 0.272 0.497 0.392
365.000 4 0.430 0.272 0.498 0.392
365.040 4 0.428 0.272 0.497 0.392
365.080 4 0.431 0.272 0.498 0.392
365.120 4 0.430 0.272 0.497 0.392
365.160 4 0.431 0.272 0.498 0.392
365.200 4 0.431 0.272 0.498 0.392
365.240 4 0.431 0.272 0.498 0.392
365.280 4 0.430 0.272 0.498 0.389
365.320 4 0.431 0.272 0.502 0.392
365.360 4 0.428 0.272 0.498 0.392
365.400 4 0.431 0.272 0.498 0.392
365.440 4 0.431 0.272 0.498 0.392
365.480 4 0.431 0.272 0.500 0.392
365.520 4 0.430 0.272 0.498 0.389
365.560 4 0.431 0.272 0.502 0.392
365.600 4 0.428 0.272 0.498 0.392
365.640 4 0.431 0.272 0.498 0.392
365.680 4 0.431 0.272 0.498 0.392
365.720 4 0.430 0.272 0.497 0.392
365.760 4 0.434 0.275 0.500 0.392
365.800 4 0.430 0.272 0.497 0.392
365.840 4 0.431 0.272 0.500 0.392
365.880 4 0.433 0.272 0.500 0.392
365.920 4 0.430 0.272 0.498 0.392
365.960 4 0.431 0.272 0.500 0.392
366.000 4 0.430 0.272 0.498 0.392
366.040 4 0.428 0.272 0.497 0.392
366.080 4 0.431 0.272 0.500 0.392
366.120 4 0.425 0.267 0.498 0.394
366.160 4 0.430 0.269 0.502 0.394
366.200 4 0.425 0.267 0.498 0.394
366.240 4 0.431 0.272 0.502 0.394
366.280 4 0.427 0.269 0.498 0.394
366.320 4 0.430 0.269 0.502 0.394
366.360 4 0.425 0.267 0.498 0.394
366.400 4 0.430 0.269 0.502 0.394
366.440 4 0.427 0.272 0.497 0.392
366.480 4 0.430 0.272 0.498 0.392
366.520 4 0.430 0.272 0.497 0.392
366.560 4 0.430 0.272 0.498 0.392
366.600 4 0.431 0.272 0.500 0.392
366.640 4 0.428 0.269 0.497 0.392
366.680 4 0.431 0.272 0.502 0.392
366.720 4 0.431 0.272 0.498 0.389
419.880 5 0.394 0.353 0.530 0.594
419.920 5 0.389 0.372 0.525 0.614
419.960 5 0.380 0.367 0.519 0.614
420.000 5 0.381 0.347 0.520 0.594
420.040 5 0.383 0.322 0.528 0.581
420.080 5 0.388 0.319 0.533 0.578
420.120 5 0.381 0.325 0.530 0.589
420.160 5 0.377 0.342 0.525 0.603
420.200 5 0.373 0.358 0.517 0.614
420.240 5 0.367 0.358 0.508 0.606
420.280 5 0.370 0.356 0.508 0.600
420.320 5 0.370 0.347 0.509 0.592
420.360 5 0.372 0.347 0.506 0.586
420.400 5 0.377 0.356 0.508 0.589
420.440 5 0.381 0.367 0.511 0.597
420.480 5 0.383 0.383 0.512 0.611
420.520 5 0.391 0.389 0.523 0.625
420.560 5 0.394 0.383 0.530 0.622
420.600 5 0.395 0.372 0.530 0.608
420.640 5 0.398 0.358 0.530 0.594
420.680 5 0.402 0.344 0.534 0.581
420.720 5 0.406 0.331 0.539 0.569
420.760 5 0.408 0.333 0.541 0.569
423.840 6 0.542 0.317 0.680 0.564
423.880 6 0.530 0.314 0.670 0.564
423.920 6 0.531 0.319 0.669 0.567
423.960 6 0.534 0.319 0.673 0.567
424.000 6 0.536 0.319 0.677 0.569
424.040 6 0.539 0.322 0.680 0.569
424.080 6 0.544 0.325 0.681 0.569
424.120 6 0.545 0.328 0.683 0.572
424.160 6 0.545 0.331 0.681 0.572
424.200 6 0.544 0.336 0.675 0.569
424.240 6 0.548 0.331 0.681 0.567
424.280 6 0.553 0.331 0.684 0.567
424.320 6 0.556 0.333 0.688 0.564
424.360 6 0.558 0.333 0.688 0.564
424.400 6 0.559 0.333 0.689 0.564
424.440 6 0.561 0.336 0.691 0.567
424.480 6 0.562 0.339 0.692 0.569
424.520 6 0.564 0.339 0.692 0.569
424.560 6 0.561 0.339 0.691 0.569
424.600 6 0.562 0.342 0.692 0.572
424.640 6 0.558 0.339 0.689 0.572
424.680 6 0.559 0.342 0.692 0.575
424.720 6 0.556 0.342 0.688 0.578
424.760 6 0.559 0.344 0.691 0.578
424.800 6 0.555 0.344 0.688 0.581
424.840 6 0.558 0.344 0.689 0.581
424.880 6 0.553 0.344 0.688 0.581
424.920 6 0.556 0.344 0.689 0.581
424.960 6 0.559 0.344 0.692 0.581
425.000 6 0.552 0.342 0.684 0.578
425.040 6 0.559 0.344 0.692 0.581
425.080 6 0.553 0.344 0.684 0.578
425.120 6 0.559 0.344 0.692 0.581
425.160 6 0.552 0.339 0.691 0.586
425.200 6 0.553 0.339 0.692 0.586
425.240 6 0.555 0.339 0.697 0.589
425.280 6 0.552 0.339 0.692 0.589
425.320 6 0.555 0.342 0.692 0.589
425.360 6 0.553 0.342 0.692 0.586
425.400 6 0.553 0.342 0.692 0.586
425.440 6 0.555 0.339 0.697 0.589
425.480 6 0.552 0.339 0.692 0.589
425.520 6 0.555 0.342 0.692 0.586
425.560 6 0.553 0.342 0.692 0.586
425.600 6 0.555 0.339 0.697 0.589
425.640 6 0.552 0.339 0.692 0.589
425.680 6 0.555 0.342 0.692 0.586
425.720 6 0.553 0.342 0.692 0.586
425.760 6 0.556 0.339 0.697 0.589
425.800 6 0.547 0.333 0.689 0.586
425.840 6 0.556 0.339 0.697 0.589
425.880 6 0.555 0.339 0.694 0.586
425.920 6 0.559 0.336 0.697 0.583
425.960 6 0.556 0.331 0.697 0.581
426.000 6 0.564 0.328 0.700 0.569
426.040 6 0.559 0.325 0.697 0.569
426.080 6 0.555 0.331 0.694 0.578
426.120 6 0.550 0.347 0.688 0.592
485.800 7 0.609 0.475 0.666 0.575
485.840 7 0.609 0.478 0.666 0.578
485.880 7 0.611 0.483 0.667 0.583
485.920 7 0.609 0.489 0.666 0.589
485.960 7 0.613 0.494 0.669 0.594
486.000 7 0.620 0.494 0.677 0.594
961.440 8 0.412 0.486 0.470 0.592
961.480 8 0.416 0.497 0.473 0.600
961.520 8 0.417 0.506 0.473 0.606
961.560 8 0.419 0.503 0.475 0.600
961.600 8 0.420 0.492 0.477 0.594
961.640 8 0.420 0.483 0.478 0.589
961.680 8 0.422 0.483 0.480 0.586
961.720 8 0.425 0.481 0.481 0.583
961.760 8 0.422 0.478 0.481 0.586
961.800 8 0.425 0.478 0.484 0.583
961.840 8 0.422 0.483 0.480 0.583
961.880 8 0.420 0.486 0.478 0.589
961.920 8 0.417 0.497 0.473 0.597
961.960 8 0.416 0.508 0.472 0.608
962.000 8 0.414 0.517 0.470 0.617
962.040 8 0.409 0.511 0.469 0.619
962.080 8 0.409 0.503 0.470 0.614
962.120 8 0.409 0.500 0.469 0.606
962.160 8 0.405 0.494 0.466 0.603
962.200 8 0.409 0.497 0.466 0.594
962.240 8 0.405 0.492 0.461 0.592
962.280 8 0.405 0.486 0.463 0.589
962.320 8 0.403 0.486 0.463 0.589
962.360 8 0.403 0.489 0.463 0.597
981.760 9 0.516 0.047 0.798 0.550
981.800 9 0.525 0.064 0.811 0.569
981.840 9 0.531 0.089 0.811 0.583
981.880 9 0.533 0.119 0.802 0.594
981.920 9 0.536 0.144 0.794 0.603
981.960 9 0.555 0.164 0.803 0.603
982.000 9 0.552 0.172 0.794 0.600
982.040 9 0.555 0.172 0.791 0.589
982.080 9 0.559 0.167 0.791 0.572
982.120 9 0.559 0.161 0.781 0.553
987.960 10 0.594 0.186 0.762 0.486
988.000 10 0.570 0.217 0.738 0.517
1006.960 11 0.305 0.108 0.422 0.314
1007.000 11 0.291 0.128 0.408 0.336
1007.040 11 0.273 0.161 0.392 0.372
1046.880 12 0.414 0.375 0.528 0.578
1046.920 12 0.430 0.389 0.545 0.594
1046.960 12 0.444 0.403 0.555 0.603
1047.000 12 0.447 0.403 0.564 0.611
1047.040 12 0.448 0.406 0.566 0.614
1047.080 12 0.447 0.414 0.564 0.622
1047.120 12 0.442 0.414 0.561 0.628
1047.160 12 0.438 0.417 0.558 0.631
1047.200 12 0.430 0.419 0.552 0.636
1047.240 12 0.420 0.417 0.542 0.636
1047.280 12 0.419 0.408 0.541 0.622
1047.320 12 0.411 0.394 0.531 0.608
1047.360 12 0.409 0.381 0.530 0.592
1065.680 13 0.392 0.122 0.528 0.369
1065.720 13 0.400 0.136 0.537 0.381
1065.760 13 0.406 0.156 0.544 0.403
1065.800 13 0.406 0.167 0.545 0.419
1065.840 13 0.417 0.192 0.555 0.439
1065.880 13 0.425 0.214 0.555 0.447
1065.920 13 0.441 0.211 0.570 0.444
1065.960 13 0.456 0.208 0.586 0.442
1066.000 13 0.475 0.181 0.614 0.431
1066.040 13 0.483 0.161 0.622 0.411
1066.080 13 0.477 0.122 0.619 0.378
1066.120 13 0.464 0.089 0.609 0.350
1066.160 13 0.456 0.061 0.602 0.319
1073.000 14 0.216 0.250 0.383 0.550
1377.680 15 0.447 0.483 0.556 0.678
1377.720 15 0.448 0.461 0.556 0.658
1377.760 15 0.448 0.447 0.558 0.644
1377.800 15 0.450 0.436 0.559 0.633
1377.840 15 0.453 0.433 0.558 0.622
1377.880 15 0.461 0.439 0.567 0.628
1377.920 15 0.464 0.456 0.562 0.636
1377.960 15 0.469 0.478 0.564 0.647
1378.000 15 0.469 0.489 0.566 0.664
1378.040 15 0.472 0.500 0.570 0.678
1378.080 15 0.469 0.511 0.570 0.694
1378.120 15 0.473 0.511 0.577 0.700
1378.160 15 0.470 0.497 0.577 0.686
1390.520 16 0.442 0.442 0.541 0.614
1390.560 16 0.441 0.433 0.539 0.606
1390.600 16 0.441 0.428 0.536 0.597
1390.640 16 0.441 0.419 0.536 0.589
1390.680 16 0.436 0.411 0.533 0.583
1390.720 16 0.433 0.406 0.531 0.578
1390.760 16 0.430 0.400 0.530 0.578
1390.800 16 0.430 0.397 0.530 0.575
1390.840 16 0.431 0.397 0.530 0.575
1390.880 16 0.433 0.400 0.531 0.575
1390.920 16 0.434 0.403 0.531 0.575
1390.960 16 0.439 0.403 0.537 0.578
1391.000 16 0.441 0.403 0.539 0.578
1391.040 16 0.445 0.406 0.545 0.581
1391.080 16 0.450 0.408 0.548 0.583
1391.120 16 0.455 0.411 0.555 0.589
1391.160 16 0.458 0.414 0.559 0.594
1391.200 16 0.464 0.417 0.566 0.594
1391.240 16 0.466 0.419 0.566 0.597
1391.280 16 0.470 0.422 0.570 0.600
1391.320 16 0.472 0.425 0.572 0.603
1391.360 16 0.473 0.425 0.573 0.603
1391.400 16 0.475 0.428 0.573 0.603
1391.440 16 0.473 0.428 0.572 0.603
1391.480 16 0.472 0.428 0.570 0.603
1391.520 16 0.472 0.428 0.569 0.603
1391.560 16 0.466 0.425 0.564 0.603
1391.600 16 0.466 0.425 0.564 0.600
1391.640 16 0.459 0.425 0.558 0.600
1391.680 16 0.459 0.425 0.558 0.600
1391.720 16 0.455 0.425 0.553 0.600
1391.760 16 0.448 0.419 0.548 0.597
1391.800 16 0.447 0.417 0.547 0.594
1391.840 16 0.441 0.414 0.541 0.592
1391.880 16 0.438 0.414 0.534 0.589
1391.920 16 0.431 0.411 0.530 0.586
1391.960 16 0.428 0.414 0.525 0.586
1392.000 16 0.427 0.414 0.523 0.586
1392.040 16 0.425 0.414 0.522 0.586
1392.080 16 0.423 0.414 0.520 0.583
1392.120 16 0.423 0.411 0.520 0.583
1392.160 16 0.425 0.411 0.522 0.583
1392.200 16 0.428 0.414 0.525 0.586
1392.240 16 0.433 0.417 0.527 0.583
1392.280 16 0.427 0.417 0.522 0.586
1392.320 16 0.423 0.425 0.514 0.583
1392.360 16 0.425 0.425 0.516 0.586
1392.400 16 0.427 0.425 0.519 0.589
1392.440 16 0.431 0.419 0.525 0.586
1399.640 17 0.442 0.825 0.547 1.011
1399.680 17 0.442 0.822 0.547 1.008
1399.720 17 0.441 0.817 0.547 1.008
1399.760 17 0.438 0.811 0.547 1.008
1399.800 17 0.441 0.806 0.552 1.006
1399.840 17 0.433 0.800 0.545 1.003
1399.880 17 0.431 0.786 0.550 1.000
1399.920 17 0.434 0.786 0.550 0.997
1399.960 17 0.433 0.775 0.548 0.983
1400.000 17 0.434 0.772 0.550 0.981
1400.040 17 0.438 0.764 0.555 0.975
1400.080 17 0.436 0.761 0.550 0.967
1400.120 17 0.436 0.758 0.548 0.958
1400.160 17 0.436 0.756 0.548 0.958
1400.200 17 0.430 0.756 0.548 0.969
1400.240 17 0.433 0.775 0.547 0.983
1400.280 17 0.431 0.806 0.541 1.003
1400.640 17 0.444 0.811 0.539 0.981
1400.680 17 0.445 0.806 0.539 0.969
1400.720 17 0.445 0.800 0.539 0.964
1400.760 17 0.445 0.792 0.541 0.958
1400.800 17 0.445 0.786 0.542 0.956
1400.840 17 0.447 0.781 0.542 0.947
1400.880 17 0.447 0.778 0.539 0.939
1400.920 17 0.448 0.772 0.539 0.933
1400.960 17 0.445 0.764 0.545 0.939
1401.000 17 0.447 0.758 0.545 0.931
1401.040 17 0.448 0.756 0.550 0.931
1401.080 17 0.447 0.750 0.545 0.922
1401.120 17 0.455 0.753 0.545 0.911
1401.160 17 0.450 0.744 0.545 0.911
1401.200 17 0.455 0.747 0.544 0.903
1401.240 17 0.452 0.739 0.545 0.906
1401.280 17 0.450 0.731 0.552 0.908
1401.320 17 0.452 0.733 0.547 0.903
1401.360 17 0.452 0.728 0.552 0.903
1401.400 17 0.453 0.733 0.548 0.897
1401.440 17 0.458 0.725 0.550 0.889
1401.480 17 0.455 0.722 0.550 0.889
1401.520 17 0.458 0.722 0.553 0.889
1401.560 17 0.453 0.719 0.552 0.892
1401.600 17 0.455 0.719 0.553 0.894
1401.640 17 0.455 0.722 0.556 0.897
1401.680 17 0.456 0.725 0.559 0.906
1400.200 18 0.656 0.144 0.736 0.292
1400.240 18 0.658 0.136 0.741 0.286
1400.280 18 0.661 0.128 0.742 0.278
1400.320 18 0.661 0.119 0.744 0.269
1400.360 18 0.664 0.114 0.747 0.264
1400.400 18 0.662 0.106 0.745 0.256
1400.440 18 0.667 0.106 0.748 0.253
1400.480 18 0.664 0.100 0.748 0.253
1400.520 18 0.669 0.103 0.748 0.247
1400.560 18 0.666 0.097 0.748 0.250
1400.600 18 0.669 0.100 0.750 0.247
1400.640 18 0.667 0.097 0.748 0.244
1400.680 18 0.669 0.100 0.750 0.244
1400.720 18 0.669 0.100 0.750 0.244
1400.760 18 0.669 0.100 0.750 0.244
1400.800 18 0.670 0.100 0.750 0.244
1400.840 18 0.670 0.100 0.750 0.244
1400.880 18 0.670 0.100 0.750 0.244
1400.920 18 0.670 0.100 0.750 0.247
1400.960 18 0.670 0.103 0.750 0.247
1401.000 18 0.670 0.103 0.750 0.247
1401.040 18 0.670 0.108 0.745 0.244
1401.080 18 0.675 0.108 0.748 0.244
1401.120 18 0.670 0.108 0.747 0.247
1401.160 18 0.670 0.108 0.750 0.250
1401.200 18 0.670 0.111 0.745 0.247
1401.240 18 0.670 0.111 0.748 0.256
1401.280 18 0.670 0.117 0.745 0.250
1401.320 18 0.669 0.114 0.748 0.256
1401.360 18 0.669 0.119 0.744 0.253
1401.400 18 0.669 0.117 0.748 0.258
1401.440 18 0.669 0.122 0.744 0.258
1401.480 18 0.667 0.119 0.747 0.264
1401.520 18 0.667 0.125 0.742 0.261
1401.560 18 0.667 0.122 0.745 0.264
1401.600 18 0.666 0.128 0.741 0.264
1401.640 18 0.666 0.128 0.744 0.267
1401.680 18 0.662 0.125 0.744 0.272
1401.720 18 0.664 0.131 0.742 0.269
1401.760 18 0.661 0.128 0.742 0.275
1401.800 18 0.662 0.131 0.741 0.275
1401.840 18 0.658 0.128 0.741 0.278
1401.880 18 0.656 0.131 0.738 0.278
1401.920 18 0.658 0.133 0.738 0.278
1401.960 18 0.656 0.136 0.733 0.275
1402.000 18 0.655 0.136 0.730 0.275
1464.640 19 0.641 0.181 0.733 0.342
1464.680 19 0.639 0.183 0.733 0.350
1464.720 19 0.637 0.186 0.731 0.353
1464.760 19 0.639 0.189 0.731 0.356
1464.800 19 0.641 0.181 0.733 0.344
1464.840 19 0.641 0.169 0.734 0.333
1464.880 19 0.642 0.153 0.736 0.322
1464.920 19 0.641 0.142 0.734 0.308
1464.960 19 0.644 0.139 0.738 0.303
1465.000 19 0.645 0.142 0.738 0.306
1465.040 19 0.648 0.147 0.739 0.308
1465.080 19 0.647 0.150 0.736 0.308
1465.120 19 0.644 0.144 0.736 0.308
1465.160 19 0.644 0.142 0.738 0.306
1465.200 19 0.645 0.139 0.742 0.308
1465.240 19 0.642 0.139 0.741 0.311
1465.280 19 0.645 0.142 0.741 0.311
1465.320 19 0.642 0.142 0.741 0.314
1465.360 19 0.645 0.142 0.741 0.314
1465.400 19 0.641 0.142 0.738 0.314
1465.440 19 0.642 0.142 0.741 0.314
1465.480 19 0.645 0.142 0.741 0.314
1465.520 19 0.641 0.142 0.736 0.311
1465.560 19 0.645 0.142 0.742 0.314
1465.600 19 0.641 0.144 0.741 0.322
1465.640 19 0.642 0.161 0.741 0.336
1465.680 19 0.644 0.172 0.738 0.339
1465.720 19 0.636 0.175 0.734 0.347
1465.760 19 0.637 0.169 0.734 0.342
1465.800 19 0.636 0.156 0.738 0.336
1465.840 19 0.639 0.144 0.738 0.319
1465.880 19 0.641 0.136 0.734 0.303
1465.920 19 0.641 0.131 0.736 0.297
1465.960 19 0.642 0.125 0.739 0.297
1466.000 19 0.642 0.125 0.739 0.297
1466.040 19 0.641 0.128 0.736 0.294
1466.080 19 0.642 0.125 0.739 0.297
1466.120 19 0.642 0.125 0.739 0.297
1466.160 19 0.641 0.133 0.733 0.297
1466.200 19 0.641 0.142 0.736 0.314
1466.240 19 0.637 0.150 0.736 0.325
1466.280 19 0.636 0.142 0.741 0.325
1466.320 19 0.631 0.117 0.738 0.303
1466.360 19 0.633 0.106 0.736 0.286
1466.400 19 0.636 0.097 0.738 0.278
1466.440 19 0.636 0.097 0.738 0.275
1466.480 19 0.637 0.094 0.739 0.275
1466.520 19 0.636 0.094 0.738 0.275
1466.560 19 0.637 0.097 0.739 0.278
1466.600 19 0.634 0.094 0.738 0.278
1466.640 19 0.636 0.097 0.739 0.278
1466.680 19 0.634 0.097 0.738 0.278
1466.720 19 0.636 0.097 0.739 0.281
1466.760 19 0.634 0.094 0.739 0.281
1466.800 19 0.636 0.100 0.741 0.286
1466.840 19 0.634 0.106 0.739 0.289
1466.880 19 0.636 0.106 0.741 0.292
1466.920 19 0.634 0.111 0.741 0.297
1466.960 19 0.637 0.114 0.744 0.300
1467.000 19 0.628 0.106 0.745 0.311
1467.040 19 0.628 0.119 0.744 0.322
1467.080 19 0.627 0.131 0.742 0.333
1467.120 19 0.623 0.133 0.738 0.333
1467.160 19 0.631 0.136 0.742 0.333
1467.200 19 0.630 0.131 0.741 0.325
1523.360 20 0.452 0.203 0.534 0.353
1523.400 20 0.453 0.208 0.536 0.356
1523.440 20 0.456 0.203 0.539 0.350
1523.480 20 0.461 0.203 0.541 0.344
1523.520 20 0.461 0.203 0.539 0.339
1523.560 20 0.455 0.203 0.533 0.339
1523.600 20 0.448 0.194 0.528 0.336
1523.640 20 0.453 0.200 0.531 0.339
1523.680 20 0.459 0.203 0.541 0.344
1523.720 20 0.469 0.203 0.547 0.342
1523.760 20 0.461 0.203 0.542 0.347
1523.800 20 0.450 0.192 0.536 0.347
1523.840 20 0.441 0.189 0.528 0.344
1523.880 20 0.448 0.192 0.534 0.344
1523.920 20 0.458 0.200 0.541 0.347
1523.960 20 0.466 0.200 0.548 0.347
1524.000 20 0.463 0.200 0.544 0.344
1524.040 20 0.453 0.192 0.537 0.342
1524.080 20 0.448 0.192 0.531 0.342
1524.120 20 0.455 0.194 0.536 0.339
1524.160 20 0.458 0.194 0.537 0.333
1538.560 21 0.386 0.422 0.455 0.544
1538.600 21 0.384 0.425 0.452 0.547
1538.640 21 0.386 0.428 0.455 0.547
1538.680 21 0.384 0.428 0.453 0.550
1538.720 21 0.389 0.431 0.456 0.550
1538.760 21 0.389 0.433 0.453 0.547
1538.800 21 0.389 0.431 0.455 0.550
1538.840 21 0.388 0.433 0.453 0.550
1538.880 21 0.388 0.431 0.456 0.553
1538.920 21 0.386 0.433 0.453 0.553
1538.960 21 0.388 0.431 0.456 0.556
1539.000 21 0.386 0.433 0.453 0.553
1539.040 21 0.384 0.436 0.450 0.553
1539.080 21 0.384 0.433 0.453 0.556
1539.120 21 0.384 0.436 0.450 0.553
1539.160 21 0.386 0.439 0.450 0.553
1539.200 21 0.383 0.439 0.448 0.556
1539.240 21 0.383 0.439 0.450 0.556
1539.280 21 0.381 0.436 0.448 0.558
1539.320 21 0.383 0.439 0.450 0.558
1539.360 21 0.380 0.436 0.448 0.558
1539.400 21 0.381 0.439 0.448 0.558
1539.440 21 0.381 0.436 0.452 0.561
1539.480 21 0.381 0.436 0.450 0.561
1539.520 21 0.380 0.436 0.448 0.561
1539.560 21 0.383 0.436 0.453 0.561
1539.600 21 0.381 0.433 0.452 0.558
1539.640 21 0.384 0.433 0.453 0.558
1539.680 21 0.383 0.433 0.453 0.556
1539.720 21 0.384 0.431 0.455 0.556
1539.760 21 0.384 0.428 0.455 0.553
1612.960 22 0.245 0.389 0.342 0.561
1613.000 22 0.253 0.375 0.350 0.547
1613.040 22 0.255 0.369 0.350 0.539
1613.080 22 0.239 0.364 0.334 0.533
1613.120 22 0.217 0.364 0.312 0.531
1678.920 23 0.214 0.319 0.308 0.486
1678.960 23 0.220 0.350 0.316 0.517
1679.000 23 0.220 0.356 0.319 0.528
1679.040 23 0.217 0.356 0.316 0.528
1679.080 23 0.225 0.361 0.319 0.528
1679.120 23 0.227 0.358 0.319 0.519
1886.800 24 0.263 0.075 0.359 0.247
1886.840 24 0.259 0.083 0.356 0.256
1886.880 24 0.256 0.092 0.353 0.267
1886.920 24 0.253 0.075 0.350 0.250
1886.960 24 0.255 0.061 0.350 0.236
1887.000 24 0.253 0.047 0.350 0.222
1887.040 24 0.255 0.036 0.352 0.214
1887.080 24 0.256 0.028 0.359 0.211
1887.120 24 0.255 0.031 0.359 0.217
1887.160 24 0.266 0.036 0.369 0.222
1887.200 24 0.269 0.056 0.372 0.242
1887.240 24 0.270 0.078 0.373 0.264
1887.280 24 0.277 0.086 0.380 0.272
1887.320 24 0.280 0.081 0.383 0.267
1887.360 24 0.281 0.061 0.384 0.247
1887.400 24 0.280 0.044 0.383 0.228
1887.440 24 0.275 0.039 0.378 0.225
1889.080 25 0.181 0.103 0.463 0.603
1889.120 25 0.167 0.081 0.447 0.578
1889.160 25 0.164 0.019 0.444 0.517
1889.200 25 0.167 -0.039 0.447 0.456
1889.240 25 0.169 -0.072 0.452 0.431
1889.280 25 0.177 -0.081 0.463 0.431
1889.320 25 0.198 -0.064 0.487 0.447
1889.360 25 0.212 -0.039 0.503 0.475
1889.400 25 0.222 0.022 0.512 0.539
1889.440 25 0.245 0.086 0.536 0.603
1889.480 25 0.247 0.119 0.539 0.639
1889.520 25 0.250 0.092 0.544 0.611
1889.560 25 0.255 0.017 0.545 0.533
1889.600 25 0.253 -0.042 0.541 0.469
1889.640 25 0.244 -0.058 0.530 0.450
1889.680 25 0.230 -0.050 0.512 0.453
1889.720 25 0.211 -0.025 0.498 0.483
1889.760 25 0.195 0.014 0.483 0.525
1889.800 25 0.177 0.075 0.469 0.592
1889.840 25 0.158 0.100 0.455 0.625
1889.880 25 0.145 0.081 0.444 0.611
1889.920 25 0.142 0.003 0.441 0.536
1889.960 25 0.153 -0.058 0.450 0.469
1890.000 25 0.163 -0.075 0.459 0.450
1890.040 25 0.173 -0.078 0.467 0.442
1890.080 25 0.197 -0.053 0.491 0.472
1890.120 25 0.220 -0.008 0.522 0.531
1890.160 25 0.237 0.069 0.537 0.606
1890.200 25 0.242 0.097 0.544 0.633
1890.240 25 0.252 0.078 0.555 0.617
1890.280 25 0.253 0.008 0.561 0.556
1890.320 25 0.247 -0.053 0.559 0.503
1890.360 25 0.236 -0.075 0.550 0.483
1890.400 25 0.217 -0.069 0.533 0.492
1890.440 25 0.192 -0.053 0.509 0.511
1890.480 25 0.173 -0.011 0.492 0.558
1890.520 25 0.150 0.047 0.467 0.611
1890.560 25 0.141 0.081 0.456 0.642
1890.600 25 0.119 0.058 0.434 0.619
1890.640 25 0.116 0.006 0.430 0.561
1890.680 25 0.113 -0.075 0.425 0.481
1890.720 25 0.125 -0.089 0.434 0.458
1890.760 25 0.136 -0.094 0.444 0.450
1890.800 25 0.159 -0.075 0.453 0.447
1890.840 25 0.184 -0.047 0.473 0.467
1890.880 25 0.198 0.003 0.491 0.522
1890.920 25 0.216 0.078 0.506 0.594
1890.960 25 0.233 0.108 0.525 0.628
1891.000 25 0.244 0.092 0.534 0.608
1891.040 25 0.255 0.031 0.544 0.544
1891.080 25 0.266 -0.028 0.550 0.478
1891.120 25 0.270 -0.056 0.553 0.447
1891.160 25 0.261 -0.039 0.544 0.464
1891.200 25 0.252 0.000 0.534 0.503
1891.240 25 0.237 0.053 0.517 0.553
1891.280 25 0.222 0.092 0.502 0.592
1891.320 25 0.198 0.108 0.480 0.608
1891.360 25 0.177 0.086 0.458 0.586
1891.400 25 0.169 0.028 0.448 0.525
1891.440 25 0.153 -0.044 0.431 0.450
2063.760 26 0.266 0.397 0.358 0.558
2063.800 26 0.253 0.372 0.348 0.542
2063.840 26 0.252 0.364 0.347 0.531
2063.880 26 0.247 0.364 0.345 0.536
2063.920 26 0.252 0.372 0.348 0.542
2063.960 26 0.252 0.381 0.348 0.553
2064.000 26 0.253 0.394 0.350 0.567
2064.040 26 0.255 0.408 0.352 0.581
2064.080 26 0.252 0.417 0.352 0.597
2064.120 26 0.248 0.425 0.352 0.608
2064.160 26 0.255 0.417 0.353 0.594
2078.160 27 0.245 0.389 0.361 0.594
2078.200 27 0.245 0.383 0.361 0.589
2078.240 27 0.250 0.372 0.364 0.581
2078.280 27 0.247 0.364 0.361 0.572
2078.320 27 0.252 0.364 0.364 0.564
2078.360 27 0.253 0.367 0.364 0.564
2078.400 27 0.258 0.372 0.367 0.569
2078.440 27 0.253 0.381 0.369 0.589
2078.480 27 0.253 0.389 0.372 0.603
2078.520 27 0.253 0.394 0.370 0.608
2078.560 27 0.253 0.394 0.370 0.608
2078.600 27 0.250 0.392 0.367 0.603
2078.640 27 0.250 0.386 0.367 0.594
2078.680 27 0.253 0.375 0.367 0.583
2078.720 27 0.252 0.372 0.361 0.569
2078.760 27 0.253 0.367 0.362 0.561
2078.800 27 0.255 0.364 0.367 0.567
2078.840 27 0.253 0.369 0.367 0.578
2078.880 27 0.255 0.381 0.370 0.589
2078.920 27 0.255 0.389 0.372 0.603
2078.960 27 0.253 0.397 0.370 0.606
2079.000 27 0.253 0.397 0.370 0.608
2079.040 27 0.255 0.400 0.364 0.594
2079.080 27 0.253 0.389 0.362 0.586
2079.120 27 0.253 0.378 0.366 0.581
2079.160 27 0.252 0.369 0.364 0.572
2079.200 27 0.253 0.367 0.364 0.567
2079.240 27 0.256 0.367 0.367 0.567
2079.280 27 0.256 0.375 0.364 0.572
2079.320 27 0.255 0.381 0.370 0.589
2079.360 27 0.255 0.389 0.372 0.603
2079.400 27 0.253 0.394 0.370 0.608
2079.440 27 0.253 0.394 0.370 0.608
2079.480 27 0.248 0.389 0.370 0.608
2079.520 27 0.253 0.383 0.369 0.594
2079.560 27 0.248 0.372 0.369 0.589
2079.600 27 0.253 0.369 0.366 0.575
2079.640 27 0.250 0.364 0.362 0.567
2079.680 27 0.256 0.367 0.367 0.569
2079.720 27 0.253 0.372 0.362 0.572
2079.760 27 0.253 0.383 0.366 0.583
2079.800 27 0.253 0.392 0.369 0.597
2079.840 27 0.248 0.392 0.370 0.611
2079.880 27 0.255 0.394 0.375 0.611
2079.920 27 0.248 0.392 0.370 0.608
2079.960 27 0.248 0.383 0.370 0.603
2080.000 27 0.253 0.381 0.369 0.589
2080.040 27 0.253 0.369 0.369 0.575
2080.080 27 0.253 0.364 0.367 0.567
2080.120 27 0.253 0.361 0.366 0.561
2080.160 27 0.256 0.364 0.366 0.561
2080.200 27 0.255 0.372 0.366 0.569
2080.240 27 0.256 0.383 0.367 0.581
2080.280 27 0.258 0.394 0.369 0.592
2080.320 27 0.253 0.394 0.369 0.600
2080.360 27 0.256 0.397 0.370 0.600
2080.400 27 0.255 0.392 0.369 0.594
2080.440 27 0.256 0.383 0.369 0.586
2080.480 27 0.255 0.375 0.367 0.575
2080.520 27 0.253 0.364 0.367 0.569
2080.560 27 0.253 0.358 0.367 0.564
2080.600 27 0.250 0.356 0.370 0.569
2080.640 27 0.250 0.361 0.370 0.575
2080.680 27 0.253 0.375 0.370 0.586
2080.720 27 0.253 0.389 0.369 0.594
2080.760 27 0.255 0.392 0.372 0.603
2080.800 27 0.255 0.394 0.372 0.603
2080.840 27 0.255 0.389 0.373 0.600
2080.880 27 0.253 0.383 0.369 0.592
2080.920 27 0.255 0.378 0.369 0.581
2080.960 27 0.255 0.369 0.369 0.575
2081.000 27 0.253 0.358 0.369 0.564
2081.040 27 0.253 0.356 0.369 0.558
2081.080 27 0.252 0.358 0.362 0.556
2081.120 27 0.253 0.364 0.367 0.567
2081.160 27 0.255 0.375 0.369 0.578
2081.200 27 0.255 0.383 0.372 0.592
2081.240 27 0.253 0.386 0.370 0.597
2081.280 27 0.255 0.389 0.373 0.600
2081.320 27 0.253 0.381 0.375 0.597
2081.360 27 0.255 0.375 0.375 0.586
2081.400 27 0.253 0.367 0.370 0.575
2081.440 27 0.258 0.361 0.370 0.561
2081.480 27 0.253 0.358 0.364 0.556
2088.840 28 0.212 0.383 0.327 0.581
2088.880 28 0.219 0.367 0.333 0.567
2088.920 28 0.223 0.358 0.341 0.561
2088.960 28 0.230 0.353 0.347 0.558
2089.000 28 0.239 0.358 0.356 0.564
2089.040 28 0.245 0.364 0.366 0.575
2089.080 28 0.247 0.378 0.367 0.586
2089.120 28 0.253 0.392 0.369 0.597
2089.160 28 0.255 0.408 0.370 0.608
2139.440 29 0.263 0.439 0.342 0.578
2139.480 29 0.267 0.447 0.347 0.586
2139.520 29 0.266 0.456 0.345 0.592
2139.560 29 0.259 0.456 0.339 0.594
2139.600 29 0.258 0.456 0.338 0.594
2139.640 29 0.256 0.456 0.336 0.597
2139.680 29 0.255 0.458 0.336 0.600
2139.720 29 0.252 0.461 0.334 0.606
2139.760 29 0.245 0.461 0.327 0.606
2139.800 29 0.248 0.458 0.330 0.603
2139.840 29 0.247 0.428 0.330 0.572
2139.880 29 0.244 0.403 0.330 0.553
2139.920 29 0.248 0.403 0.334 0.553
2139.960 29 0.258 0.408 0.342 0.558
2140.000 29 0.264 0.425 0.345 0.567
2140.040 29 0.272 0.444 0.348 0.578
2140.080 29 0.280 0.464 0.355 0.594
2140.120 29 0.287 0.483 0.362 0.617
2140.160 29 0.295 0.469 0.373 0.603
2140.200 29 0.306 0.456 0.384 0.589
2140.240 29 0.322 0.453 0.398 0.586
2143.000 30 0.292 0.439 0.373 0.583
2143.040 30 0.281 0.428 0.364 0.572
2143.800 31 0.350 0.450 0.431 0.594
2143.840 31 0.356 0.442 0.438 0.586
2143.880 31 0.359 0.436 0.441 0.583
2143.920 31 0.362 0.436 0.444 0.581
2143.960 31 0.367 0.439 0.447 0.581
2144.000 31 0.364 0.439 0.445 0.583
2144.040 31 0.362 0.450 0.444 0.594
2144.080 31 0.364 0.461 0.445 0.606
2144.120 31 0.367 0.475 0.450 0.622
2144.160 31 0.375 0.486 0.458 0.633
2144.200 31 0.391 0.506 0.473 0.656
2460.880 32 0.152 0.386 0.206 0.483
2460.920 32 0.153 0.386 0.208 0.486
2460.960 32 0.152 0.386 0.205 0.483
2461.000 32 0.152 0.383 0.208 0.483
2461.040 32 0.150 0.369 0.208 0.472
2461.080 32 0.152 0.364 0.208 0.461
2461.120 32 0.152 0.361 0.208 0.461
2461.160 32 0.150 0.361 0.208 0.461
2461.200 32 0.150 0.361 0.208 0.461
2461.240 32 0.150 0.364 0.205 0.458
2461.280 32 0.150 0.361 0.206 0.461
3285.800 33 0.661 0.083 0.731 0.203
3285.840 33 0.662 0.078 0.731 0.200
3285.880 33 0.656 0.078 0.727 0.200
3285.920 33 0.658 0.078 0.728 0.200
3285.960 33 0.656 0.075 0.725 0.194
3286.000 33 0.655 0.072 0.723 0.192
3286.040 33 0.655 0.072 0.722 0.189
3286.080 33 0.655 0.069 0.725 0.192
3286.120 33 0.655 0.067 0.725 0.189
3286.160 33 0.652 0.067 0.722 0.186
3286.200 33 0.655 0.064 0.725 0.189
3286.240 33 0.655 0.067 0.723 0.186
3286.280 33 0.656 0.067 0.725 0.186
3286.320 33 0.655 0.067 0.723 0.186
3286.360 33 0.658 0.078 0.725 0.194
3286.400 33 0.661 0.078 0.730 0.197
3286.440 33 0.659 0.081 0.727 0.197
3286.480 33 0.659 0.086 0.725 0.200
3288.760 34 0.464 0.278 0.655 0.617
3288.800 34 0.456 0.278 0.650 0.622
3288.840 34 0.467 0.281 0.659 0.622
3288.880 34 0.463 0.281 0.655 0.622
3288.920 34 0.466 0.281 0.658 0.622
3288.960 34 0.459 0.278 0.655 0.625
3289.000 34 0.461 0.281 0.655 0.625
3289.040 34 0.466 0.283 0.656 0.625
3289.080 34 0.458 0.281 0.652 0.625
3289.120 34 0.456 0.281 0.650 0.625
3289.160 34 0.456 0.281 0.650 0.625
3289.200 34 0.456 0.281 0.650 0.625
3289.240 34 0.456 0.281 0.650 0.625
3289.280 34 0.458 0.281 0.650 0.625
3289.320 34 0.458 0.281 0.650 0.625
3289.360 34 0.458 0.281 0.650 0.625
3289.400 34 0.458 0.283 0.648 0.619
3289.440 34 0.456 0.286 0.644 0.617
3289.480 34 0.464 0.286 0.653 0.622
3289.520 34 0.458 0.281 0.650 0.625
3289.560 34 0.458 0.281 0.650 0.625
3289.600 34 0.456 0.281 0.650 0.625
3289.640 34 0.456 0.281 0.650 0.625
3289.680 34 0.458 0.281 0.650 0.625
3289.720 34 0.458 0.281 0.650 0.625
3289.760 34 0.458 0.281 0.650 0.625
3289.800 34 0.458 0.281 0.650 0.625
3289.840 34 0.459 0.283 0.652 0.625
3289.880 34 0.455 0.286 0.644 0.619
3289.920 34 0.458 0.281 0.650 0.622
3289.960 34 0.458 0.281 0.652 0.625
3290.000 34 0.458 0.281 0.652 0.628
3290.040 34 0.458 0.281 0.652 0.628
3290.080 34 0.458 0.281 0.653 0.628
3290.120 34 0.458 0.281 0.652 0.628
3290.160 34 0.458 0.281 0.652 0.628
3290.200 34 0.456 0.281 0.652 0.628
3290.240 34 0.456 0.281 0.652 0.628
3290.280 34 0.456 0.281 0.652 0.628
3290.320 34 0.456 0.281 0.652 0.628
3290.360 34 0.459 0.283 0.652 0.625
3290.400 34 0.455 0.283 0.645 0.622
3290.440 34 0.456 0.281 0.652 0.625
3290.480 34 0.453 0.283 0.645 0.622
3290.520 34 0.456 0.281 0.652 0.625
3290.560 34 0.456 0.281 0.652 0.628
3290.600 34 0.458 0.281 0.652 0.628
3290.640 34 0.458 0.281 0.652 0.628
3290.680 34 0.453 0.278 0.650 0.628
3290.720 34 0.461 0.278 0.658 0.628
3290.760 34 0.453 0.281 0.650 0.631
3290.800 34 0.463 0.283 0.659 0.633
3290.840 34 0.448 0.272 0.656 0.642
3290.880 34 0.461 0.281 0.666 0.642
3290.920 34 0.450 0.286 0.655 0.650
3290.960 34 0.461 0.292 0.664 0.656
3291.000 34 0.459 0.303 0.661 0.661
3291.040 34 0.453 0.300 0.658 0.664
3291.080 34 0.461 0.297 0.664 0.658
3291.120 34 0.463 0.297 0.667 0.658
3291.160 34 0.459 0.292 0.666 0.656
3291.200 34 0.463 0.289 0.672 0.661
3291.240 34 0.459 0.283 0.670 0.661
3291.280 34 0.466 0.283 0.678 0.658
3291.320 34 0.472 0.275 0.686 0.656
3291.360 34 0.472 0.281 0.678 0.650
3291.920 35 0.375 0.294 0.545 0.597
3291.960 35 0.369 0.300 0.539 0.600
3292.000 35 0.345 0.317 0.514 0.617
3292.040 35 0.341 0.317 0.511 0.617
3292.080 35 0.345 0.317 0.514 0.617
3297.040 36 0.473 0.219 0.589 0.428
3297.080 36 0.473 0.219 0.589 0.428
3297.120 36 0.473 0.219 0.589 0.428
3297.160 36 0.473 0.219 0.589 0.428
3297.200 36 0.473 0.219 0.589 0.428
3297.240 36 0.473 0.219 0.589 0.428
3297.280 36 0.473 0.219 0.589 0.428
3297.320 36 0.473 0.219 0.589 0.428
3297.360 36 0.473 0.219 0.589 0.428
3297.400 36 0.473 0.219 0.589 0.428
3297.440 36 0.469 0.217 0.589 0.431
3297.480 36 0.475 0.217 0.594 0.431
3297.520 36 0.467 0.211 0.589 0.431
3297.560 36 0.475 0.217 0.594 0.431
3297.600 36 0.467 0.211 0.589 0.431
3297.640 36 0.473 0.217 0.594 0.431
3297.680 36 0.466 0.211 0.589 0.431
3297.720 36 0.475 0.217 0.594 0.431
3297.760 36 0.469 0.217 0.588 0.431
3297.800 36 0.473 0.219 0.589 0.428
3297.840 36 0.473 0.217 0.594 0.431
3297.880 36 0.466 0.211 0.589 0.431
3297.920 36 0.475 0.217 0.594 0.431
3297.960 36 0.469 0.217 0.588 0.431
3298.000 36 0.473 0.219 0.589 0.428
3298.040 36 0.469 0.217 0.588 0.431
3298.080 36 0.475 0.217 0.594 0.431
3298.120 36 0.473 0.219 0.589 0.428
3298.160 36 0.473 0.219 0.589 0.428
3298.200 36 0.473 0.219 0.589 0.428
3298.240 36 0.473 0.219 0.589 0.428
3298.280 36 0.473 0.219 0.589 0.428
3298.320 36 0.473 0.219 0.589 0.428
3298.360 36 0.473 0.219 0.589 0.428
3298.400 36 0.473 0.219 0.589 0.428
3298.440 36 0.473 0.219 0.589 0.428
3298.480 36 0.473 0.219 0.589 0.428
3298.520 36 0.473 0.219 0.589 0.428
3298.560 36 0.473 0.219 0.589 0.428
3298.600 36 0.473 0.219 0.589 0.428
3298.640 36 0.473 0.219 0.589 0.428
3298.680 36 0.473 0.219 0.589 0.428
3298.720 36 0.475 0.219 0.594 0.431
3298.760 36 0.481 0.219 0.600 0.433
3298.800 36 0.477 0.219 0.597 0.436
3298.840 36 0.489 0.222 0.609 0.439
3298.880 36 0.487 0.228 0.606 0.442
3297.080 37 0.395 0.681 0.511 0.889
3297.120 37 0.395 0.681 0.511 0.889
3297.160 37 0.395 0.681 0.511 0.889
3297.200 37 0.395 0.681 0.511 0.889
3297.240 37 0.395 0.681 0.511 0.889
3297.280 37 0.395 0.681 0.511 0.889
3297.320 37 0.395 0.681 0.511 0.889
3297.360 37 0.395 0.681 0.511 0.889
3297.400 37 0.395 0.681 0.511 0.889
3297.440 37 0.395 0.681 0.511 0.889
3297.480 37 0.395 0.681 0.511 0.889
3297.520 37 0.395 0.681 0.511 0.889
3297.560 37 0.395 0.681 0.511 0.889
3297.600 37 0.395 0.681 0.511 0.889
3297.640 37 0.395 0.681 0.511 0.889
3297.680 37 0.395 0.681 0.511 0.889
3297.720 37 0.395 0.681 0.511 0.889
3297.760 37 0.395 0.681 0.511 0.889
3297.800 37 0.395 0.681 0.511 0.889
3297.840 37 0.395 0.681 0.511 0.889
3297.880 37 0.397 0.683 0.506 0.881
3297.920 37 0.400 0.686 0.511 0.886
3297.960 37 0.395 0.683 0.506 0.886
3298.000 37 0.395 0.681 0.511 0.889
3298.040 37 0.394 0.683 0.506 0.886
3298.080 37 0.400 0.686 0.511 0.886
3298.120 37 0.397 0.683 0.506 0.881
3298.160 37 0.395 0.681 0.511 0.889
3298.200 37 0.395 0.681 0.511 0.889
3298.240 37 0.395 0.681 0.511 0.889
3298.280 37 0.395 0.681 0.511 0.889
3298.320 37 0.395 0.681 0.511 0.889
3298.360 37 0.395 0.681 0.511 0.889
3298.400 37 0.395 0.681 0.511 0.889
3298.440 37 0.395 0.681 0.511 0.889
3298.480 37 0.395 0.681 0.511 0.889
3298.520 37 0.395 0.681 0.511 0.889
3298.560 37 0.395 0.681 0.511 0.889
3298.600 37 0.395 0.681 0.511 0.889
3298.640 37 0.395 0.681 0.511 0.889
3298.680 37 0.395 0.681 0.511 0.889
3298.720 37 0.395 0.681 0.511 0.889
3298.760 37 0.395 0.681 0.511 0.889
3298.800 37 0.395 0.681 0.511 0.889
3298.840 37 0.395 0.681 0.511 0.889
3298.880 37 0.395 0.681 0.511 0.889
3298.920 37 0.395 0.681 0.511 0.889
3298.960 37 0.395 0.681 0.511 0.889
3299.000 37 0.397 0.678 0.516 0.892
3299.040 37 0.395 0.681 0.511 0.889
3299.080 37 0.395 0.683 0.506 0.886
3299.120 37 0.395 0.681 0.511 0.889
3299.160 37 0.397 0.678 0.514 0.892
3299.200 37 0.395 0.681 0.511 0.889
3299.240 37 0.397 0.681 0.511 0.886
3299.280 37 0.394 0.683 0.508 0.886
3299.320 37 0.397 0.683 0.509 0.889
3299.360 37 0.394 0.683 0.508 0.889
3299.400 37 0.395 0.683 0.509 0.889
3299.440 37 0.398 0.683 0.512 0.889
3305.880 38 0.458 0.250 0.567 0.447
3305.920 38 0.455 0.244 0.569 0.450
3305.960 38 0.436 0.239 0.555 0.453
3306.000 38 0.434 0.242 0.550 0.450
3306.040 38 0.431 0.242 0.547 0.450
3306.080 38 0.425 0.242 0.539 0.447
3306.120 38 0.419 0.242 0.533 0.447
3306.160 38 0.412 0.244 0.527 0.450
3306.200 38 0.419 0.244 0.533 0.450
3306.240 38 0.419 0.242 0.533 0.447
3306.280 38 0.423 0.242 0.536 0.444
3306.320 38 0.422 0.239 0.536 0.444
3306.360 38 0.422 0.239 0.536 0.442
3306.400 38 0.425 0.233 0.541 0.444
3306.440 38 0.423 0.231 0.541 0.442
3306.600 38 0.438 0.264 0.542 0.450
3306.640 38 0.434 0.267 0.539 0.453
3306.680 38 0.434 0.264 0.544 0.458
3306.720 38 0.434 0.264 0.545 0.461
3306.760 38 0.433 0.264 0.547 0.469
3306.800 38 0.434 0.267 0.550 0.472
3306.840 38 0.434 0.267 0.550 0.472
3306.880 38 0.434 0.267 0.550 0.472
3306.920 38 0.434 0.267 0.550 0.472
3306.960 38 0.436 0.264 0.555 0.475
3307.000 38 0.434 0.267 0.550 0.472
3307.040 38 0.433 0.269 0.545 0.469
3307.080 38 0.436 0.267 0.550 0.467
3307.120 38 0.434 0.264 0.550 0.469
3307.160 38 0.438 0.261 0.555 0.469
3307.200 38 0.434 0.261 0.552 0.469
3307.240 38 0.436 0.258 0.556 0.469
3308.920 39 0.392 0.300 0.514 0.517
3308.960 39 0.383 0.308 0.505 0.522
3309.000 39 0.381 0.311 0.498 0.519
3309.040 39 0.381 0.311 0.498 0.519
3309.080 39 0.364 0.314 0.487 0.533
3309.120 39 0.366 0.303 0.487 0.519
3309.160 39 0.369 0.297 0.494 0.519
3309.200 39 0.364 0.297 0.489 0.517
3309.240 39 0.372 0.275 0.500 0.503
3309.280 39 0.378 0.275 0.503 0.497
3309.320 39 0.383 0.258 0.506 0.478
3560.960 40 0.427 0.311 0.508 0.456
3561.000 40 0.427 0.311 0.508 0.456
3561.040 40 0.428 0.308 0.511 0.458
3561.080 40 0.433 0.306 0.516 0.453
3561.120 40 0.434 0.306 0.517 0.453
3561.160 40 0.438 0.306 0.520 0.453
3561.200 40 0.436 0.306 0.519 0.453
3561.240 40 0.439 0.303 0.522 0.450
3589.720 41 0.542 0.339 0.611 0.458
3589.760 41 0.542 0.339 0.611 0.458
3589.800 41 0.542 0.339 0.611 0.458
3589.840 41 0.542 0.339 0.611 0.458
3589.880 41 0.542 0.339 0.611 0.458
3589.920 41 0.542 0.339 0.611 0.458
3589.960 41 0.542 0.339 0.611 0.458
3590.000 41 0.542 0.339 0.611 0.458
3590.040 41 0.542 0.339 0.611 0.458
3590.080 41 0.542 0.339 0.611 0.458
3590.120 41 0.542 0.339 0.611 0.458
3590.160 41 0.542 0.339 0.611 0.458
3590.200 41 0.542 0.339 0.611 0.458
3590.240 41 0.542 0.339 0.611 0.458
3590.280 41 0.542 0.339 0.611 0.458
3590.320 41 0.542 0.342 0.608 0.456
3590.360 41 0.545 0.342 0.611 0.456
3590.400 41 0.544 0.342 0.608 0.456
3590.440 41 0.542 0.339 0.611 0.458
3590.480 41 0.544 0.339 0.613 0.458
3590.520 41 0.542 0.342 0.608 0.456
3590.560 41 0.545 0.342 0.611 0.456
3590.600 41 0.544 0.342 0.608 0.456
3590.640 41 0.542 0.339 0.611 0.458
3590.680 41 0.544 0.339 0.613 0.458
3590.720 41 0.542 0.339 0.611 0.458
3590.760 41 0.542 0.339 0.611 0.458
3590.800 41 0.542 0.339 0.611 0.458
3590.840 41 0.542 0.339 0.611 0.458
3590.880 41 0.542 0.339 0.611 0.458
3590.920 41 0.542 0.339 0.611 0.458
3590.960 41 0.544 0.339 0.614 0.458
3591.000 41 0.542 0.339 0.611 0.458
3591.040 41 0.541 0.339 0.609 0.458
3591.080 41 0.544 0.339 0.613 0.458
3591.120 41 0.542 0.339 0.611 0.458
3591.160 41 0.541 0.339 0.609 0.458
3591.200 41 0.544 0.339 0.613 0.458
3591.240 41 0.542 0.339 0.611 0.458
3591.280 41 0.542 0.339 0.611 0.458
3591.320 41 0.542 0.339 0.611 0.458
3591.360 41 0.542 0.339 0.611 0.458
