22.960 0 0.233 0.042 0.520 0.556
23.000 0 0.228 0.039 0.519 0.556
23.040 0 0.222 0.036 0.514 0.558
23.080 0 0.222 0.036 0.517 0.558
23.120 0 0.216 0.039 0.511 0.564
23.160 0 0.206 0.039 0.500 0.564
23.200 0 0.206 0.042 0.502 0.567
23.240 0 0.198 0.044 0.491 0.564
23.280 0 0.200 0.047 0.492 0.567
23.320 0 0.189 0.047 0.483 0.569
23.360 0 0.181 0.053 0.472 0.569
23.400 0 0.180 0.053 0.473 0.575
23.440 0 0.172 0.064 0.463 0.583
23.480 0 0.172 0.058 0.473 0.594
23.520 0 0.164 0.061 0.463 0.592
23.560 0 0.163 0.053 0.473 0.606
23.600 0 0.156 0.056 0.461 0.597
23.640 0 0.172 0.061 0.477 0.600
23.680 0 0.163 0.067 0.464 0.603
23.720 0 0.178 0.072 0.480 0.608
23.760 0 0.169 0.075 0.469 0.608
23.800 0 0.184 0.081 0.481 0.608
23.840 0 0.180 0.086 0.470 0.606
23.880 0 0.183 0.083 0.480 0.611
23.920 0 0.180 0.092 0.469 0.606
23.960 0 0.180 0.092 0.470 0.608
24.000 0 0.180 0.092 0.470 0.608
24.040 0 0.175 0.117 0.467 0.636
24.080 0 0.177 0.119 0.469 0.639
24.120 0 0.180 0.122 0.472 0.644
24.160 0 0.183 0.128 0.475 0.650
24.200 0 0.186 0.133 0.480 0.656
24.240 0 0.189 0.136 0.483 0.661
24.280 0 0.192 0.142 0.487 0.664
24.320 0 0.195 0.144 0.489 0.664
24.360 0 0.202 0.150 0.491 0.667
24.400 0 0.197 0.147 0.487 0.667
24.440 0 0.198 0.144 0.494 0.667
24.480 0 0.198 0.142 0.492 0.664
24.520 0 0.200 0.139 0.492 0.658
24.560 0 0.200 0.136 0.494 0.656
24.600 0 0.203 0.133 0.494 0.650
24.640 0 0.203 0.128 0.494 0.644
24.680 0 0.211 0.131 0.494 0.636
24.720 0 0.211 0.125 0.500 0.642
24.760 0 0.216 0.131 0.502 0.636
24.800 0 0.216 0.125 0.506 0.642
24.840 0 0.212 0.122 0.503 0.639
24.880 0 0.220 0.122 0.509 0.636
24.920 0 0.217 0.122 0.503 0.631
24.960 0 0.217 0.122 0.506 0.636
25.000 0 0.211 0.147 0.502 0.664
25.040 0 0.205 0.150 0.494 0.664
25.080 0 0.209 0.147 0.502 0.667
25.120 0 0.203 0.150 0.492 0.667
25.160 0 0.219 0.167 0.495 0.658
25.200 0 0.203 0.142 0.497 0.661
25.240 0 0.202 0.139 0.495 0.661
25.280 0 0.197 0.133 0.492 0.658
25.320 0 0.194 0.133 0.487 0.656
25.360 0 0.189 0.131 0.484 0.656
25.400 0 0.186 0.131 0.481 0.656
25.440 0 0.184 0.128 0.480 0.653
25.480 0 0.183 0.128 0.478 0.653
25.520 0 0.172 0.128 0.467 0.653
25.560 0 0.178 0.128 0.475 0.653
25.600 0 0.169 0.128 0.466 0.656
25.640 0 0.183 0.131 0.480 0.656
25.680 0 0.169 0.114 0.475 0.658
25.720 0 0.173 0.125 0.475 0.661
25.760 0 0.183 0.128 0.480 0.656
25.800 0 0.169 0.125 0.466 0.653
25.840 0 0.177 0.125 0.478 0.661
25.880 0 0.173 0.119 0.472 0.653
70.440 1 0.920 0.275 0.988 0.397
70.480 1 0.919 0.275 0.986 0.397
70.520 1 0.916 0.272 0.983 0.394
70.560 1 0.912 0.269 0.980 0.389
70.600 1 0.911 0.267 0.978 0.386
70.640 1 0.909 0.261 0.977 0.383
70.680 1 0.909 0.261 0.975 0.381
70.720 1 0.906 0.261 0.973 0.381
70.760 1 0.905 0.261 0.970 0.381
70.800 1 0.902 0.258 0.967 0.381
70.840 1 0.897 0.258 0.964 0.381
70.880 1 0.895 0.258 0.963 0.381
70.920 1 0.892 0.258 0.959 0.381
70.960 1 0.891 0.258 0.958 0.381
71.000 1 0.887 0.258 0.955 0.381
71.040 1 0.889 0.261 0.952 0.375
71.080 1 0.886 0.261 0.948 0.372
71.120 1 0.886 0.258 0.948 0.372
71.160 1 0.883 0.258 0.945 0.372
71.200 1 0.884 0.258 0.947 0.369
71.240 1 0.881 0.256 0.944 0.369
71.280 1 0.881 0.256 0.944 0.367
71.320 1 0.880 0.253 0.942 0.364
71.360 1 0.880 0.253 0.941 0.364
71.400 1 0.877 0.250 0.939 0.364
71.440 1 0.877 0.250 0.939 0.364
71.480 1 0.875 0.250 0.938 0.361
71.520 1 0.873 0.250 0.936 0.361
71.560 1 0.873 0.247 0.936 0.361
71.600 1 0.875 0.250 0.936 0.361
71.640 1 0.872 0.250 0.933 0.361
71.680 1 0.875 0.250 0.936 0.361
71.720 1 0.873 0.250 0.936 0.361
71.760 1 0.875 0.247 0.938 0.358
71.800 1 0.875 0.247 0.936 0.358
71.840 1 0.877 0.242 0.939 0.353
71.880 1 0.878 0.242 0.939 0.350
71.920 1 0.880 0.239 0.939 0.350
71.960 1 0.880 0.239 0.941 0.347
72.000 1 0.883 0.239 0.939 0.339
72.040 1 0.883 0.239 0.939 0.339
72.080 1 0.884 0.236 0.941 0.336
72.120 1 0.883 0.233 0.939 0.333
72.160 1 0.884 0.231 0.941 0.333
72.200 1 0.883 0.231 0.941 0.333
72.240 1 0.881 0.231 0.939 0.333
72.280 1 0.883 0.231 0.941 0.333
72.320 1 0.883 0.231 0.941 0.333
72.360 1 0.883 0.233 0.941 0.333
72.400 1 0.884 0.233 0.941 0.333
72.560 2 0.139 0.178 0.312 0.489
72.600 2 0.138 0.183 0.306 0.486
72.640 2 0.139 0.186 0.306 0.486
72.680 2 0.139 0.186 0.306 0.486
72.720 2 0.133 0.181 0.306 0.492
72.760 2 0.139 0.183 0.308 0.486
72.800 2 0.134 0.178 0.306 0.489
72.840 2 0.141 0.178 0.309 0.483
72.880 2 0.136 0.169 0.309 0.481
72.920 2 0.142 0.172 0.314 0.483
72.960 2 0.141 0.181 0.308 0.481
73.000 2 0.141 0.183 0.308 0.483
73.040 2 0.141 0.206 0.303 0.497
73.080 2 0.142 0.208 0.308 0.503
73.120 2 0.138 0.206 0.305 0.506
73.160 2 0.142 0.208 0.306 0.506
73.200 2 0.139 0.206 0.303 0.500
73.240 2 0.142 0.200 0.309 0.500
73.280 2 0.139 0.200 0.303 0.494
73.320 2 0.142 0.203 0.306 0.494
73.360 2 0.142 0.197 0.308 0.494
73.400 2 0.138 0.197 0.303 0.494
73.440 2 0.141 0.200 0.306 0.497
73.480 2 0.136 0.200 0.302 0.497
73.520 2 0.139 0.200 0.305 0.500
73.560 2 0.134 0.200 0.300 0.500
73.600 2 0.138 0.200 0.303 0.500
73.640 2 0.133 0.200 0.300 0.500
73.680 2 0.136 0.203 0.303 0.503
73.720 2 0.133 0.200 0.303 0.503
73.760 2 0.134 0.206 0.298 0.503
73.800 2 0.138 0.206 0.303 0.503
73.840 2 0.134 0.203 0.302 0.503
73.880 2 0.134 0.206 0.300 0.503
73.920 2 0.138 0.203 0.306 0.506
73.960 2 0.139 0.206 0.302 0.497
74.000 2 0.141 0.217 0.308 0.517
74.040 2 0.144 0.217 0.316 0.525
74.080 2 0.147 0.211 0.322 0.525
74.120 2 0.141 0.211 0.316 0.525
74.160 2 0.150 0.211 0.325 0.525
74.200 2 0.141 0.208 0.316 0.522
74.240 2 0.150 0.211 0.325 0.525
74.280 2 0.148 0.217 0.314 0.514
74.320 2 0.150 0.217 0.317 0.519
74.360 2 0.150 0.217 0.319 0.519
74.400 2 0.155 0.217 0.323 0.519
74.440 2 0.152 0.214 0.320 0.519
74.480 2 0.155 0.214 0.327 0.522
74.520 2 0.152 0.214 0.323 0.522
74.560 2 0.152 0.214 0.323 0.519
74.600 2 0.153 0.217 0.322 0.519
74.640 2 0.153 0.217 0.322 0.519
74.680 2 0.152 0.214 0.322 0.519
74.720 2 0.152 0.214 0.320 0.517
74.760 2 0.150 0.211 0.320 0.517
80.440 3 0.150 0.108 0.219 0.228
80.480 3 0.148 0.111 0.216 0.228
80.520 3 0.148 0.111 0.217 0.231
80.560 3 0.148 0.114 0.217 0.233
80.600 3 0.148 0.114 0.219 0.236
80.640 3 0.150 0.114 0.219 0.236
80.680 3 0.152 0.114 0.220 0.236
80.720 3 0.153 0.111 0.223 0.233
80.760 3 0.155 0.108 0.223 0.228
80.800 3 0.152 0.103 0.222 0.225
80.840 3 0.145 0.097 0.214 0.219
80.880 3 0.144 0.094 0.214 0.214
80.920 3 0.136 0.083 0.205 0.206
80.960 3 0.134 0.078 0.203 0.197
81.000 3 0.130 0.072 0.198 0.192
81.040 3 0.125 0.069 0.195 0.192
81.080 3 0.120 0.075 0.189 0.194
81.120 3 0.114 0.083 0.184 0.206
81.160 3 0.108 0.094 0.178 0.217
81.200 3 0.103 0.108 0.173 0.228
81.680 3 0.127 0.175 0.178 0.267
81.720 3 0.123 0.169 0.177 0.261
81.760 3 0.119 0.164 0.172 0.258
81.800 3 0.117 0.161 0.170 0.256
81.840 3 0.116 0.164 0.169 0.258
81.880 3 0.114 0.167 0.167 0.261
81.920 3 0.111 0.172 0.166 0.267
81.960 3 0.111 0.172 0.164 0.269
82.000 3 0.108 0.172 0.164 0.272
82.040 3 0.108 0.172 0.164 0.272
82.080 3 0.109 0.175 0.166 0.275
82.120 3 0.111 0.175 0.169 0.278
82.160 3 0.114 0.175 0.172 0.278
82.200 3 0.123 0.172 0.180 0.272
82.240 3 0.130 0.169 0.188 0.269
82.280 3 0.133 0.161 0.191 0.264
82.320 3 0.134 0.156 0.192 0.256
82.360 3 0.136 0.150 0.192 0.253
82.480 3 0.144 0.125 0.202 0.231
82.520 3 0.147 0.122 0.205 0.225
82.560 3 0.152 0.117 0.209 0.222
82.600 3 0.153 0.122 0.212 0.225
82.640 3 0.156 0.128 0.216 0.231
82.680 3 0.159 0.133 0.217 0.236
82.720 3 0.164 0.136 0.220 0.236
82.760 3 0.163 0.139 0.220 0.239
82.800 3 0.159 0.139 0.217 0.242
82.840 3 0.155 0.139 0.212 0.242
82.880 3 0.150 0.139 0.208 0.242
82.920 3 0.145 0.139 0.203 0.242
82.960 3 0.141 0.139 0.200 0.244
83.000 3 0.139 0.139 0.195 0.239
83.040 3 0.136 0.131 0.195 0.236
83.080 3 0.136 0.128 0.195 0.233
83.120 3 0.134 0.125 0.195 0.231
83.160 3 0.134 0.125 0.194 0.231
83.200 3 0.136 0.125 0.195 0.233
83.240 3 0.136 0.128 0.195 0.233
83.280 3 0.138 0.133 0.198 0.239
83.320 3 0.139 0.139 0.200 0.244
83.360 3 0.142 0.142 0.202 0.250
83.400 3 0.144 0.147 0.205 0.256
83.440 3 0.148 0.153 0.209 0.258
83.480 3 0.150 0.156 0.209 0.264
83.520 3 0.155 0.156 0.214 0.264
83.560 3 0.158 0.156 0.219 0.264
83.600 3 0.163 0.153 0.223 0.261
83.640 3 0.167 0.147 0.228 0.256
83.680 3 0.172 0.139 0.233 0.250
83.720 3 0.177 0.133 0.237 0.242
83.760 3 0.183 0.128 0.244 0.236
83.800 3 0.186 0.119 0.247 0.231
83.840 3 0.191 0.117 0.252 0.225
83.880 3 0.194 0.111 0.255 0.222
83.920 3 0.197 0.106 0.259 0.217
83.960 3 0.198 0.106 0.261 0.217
84.000 3 0.198 0.100 0.266 0.219
84.040 3 0.200 0.103 0.267 0.222
84.080 3 0.198 0.106 0.266 0.225
84.120 3 0.197 0.111 0.264 0.231
84.160 3 0.194 0.114 0.263 0.233
84.200 3 0.191 0.119 0.258 0.239
84.240 3 0.191 0.119 0.258 0.239
84.280 3 0.189 0.119 0.256 0.239
84.320 3 0.189 0.117 0.255 0.236
84.360 3 0.188 0.117 0.255 0.236
84.400 3 0.186 0.117 0.253 0.236
84.440 3 0.188 0.117 0.255 0.236
84.480 3 0.191 0.117 0.256 0.233
84.520 3 0.192 0.111 0.258 0.228
84.560 3 0.195 0.106 0.259 0.219
84.600 3 0.197 0.097 0.263 0.214
84.640 3 0.198 0.094 0.264 0.211
84.680 3 0.203 0.094 0.267 0.211
84.720 3 0.206 0.097 0.272 0.214
84.760 3 0.205 0.100 0.270 0.217
84.800 3 0.209 0.103 0.275 0.222
84.840 3 0.211 0.108 0.277 0.225
84.880 3 0.214 0.117 0.280 0.233
84.920 3 0.222 0.119 0.287 0.239
84.720 4 0.208 0.103 0.278 0.228
84.760 4 0.208 0.106 0.278 0.233
84.800 4 0.214 0.108 0.283 0.233
84.840 4 0.216 0.117 0.284 0.239
84.880 4 0.220 0.122 0.289 0.247
84.920 4 0.227 0.128 0.295 0.250
84.960 4 0.236 0.128 0.305 0.253
85.000 4 0.242 0.125 0.311 0.247
85.040 4 0.245 0.125 0.312 0.244
85.080 4 0.244 0.128 0.314 0.253
85.120 4 0.241 0.133 0.311 0.258
85.160 4 0.242 0.131 0.311 0.256
85.200 4 0.236 0.128 0.306 0.253
85.240 4 0.233 0.128 0.302 0.250
85.280 4 0.228 0.131 0.298 0.253
85.320 4 0.228 0.133 0.297 0.256
85.360 4 0.230 0.139 0.298 0.261
85.400 4 0.233 0.144 0.302 0.267
85.440 4 0.234 0.147 0.303 0.269
85.480 4 0.237 0.153 0.306 0.275
85.520 4 0.237 0.158 0.306 0.283
85.560 4 0.239 0.167 0.308 0.289
85.600 4 0.237 0.169 0.308 0.294
85.640 4 0.237 0.175 0.306 0.297
85.680 4 0.234 0.175 0.305 0.300
85.720 4 0.233 0.175 0.302 0.300
85.760 5 0.861 0.811 0.916 0.906
85.800 5 0.856 0.808 0.912 0.908
85.840 5 0.852 0.808 0.908 0.906
85.880 5 0.848 0.808 0.905 0.906
85.920 5 0.845 0.808 0.902 0.908
85.960 5 0.842 0.806 0.898 0.906
86.000 5 0.839 0.806 0.895 0.906
86.040 5 0.838 0.797 0.894 0.900
86.080 5 0.833 0.797 0.891 0.900
86.120 5 0.830 0.797 0.887 0.897
86.160 5 0.827 0.797 0.884 0.897
86.200 5 0.822 0.794 0.880 0.897
86.240 5 0.819 0.794 0.877 0.897
86.280 5 0.816 0.792 0.873 0.894
86.320 5 0.811 0.792 0.869 0.894
86.360 5 0.808 0.789 0.866 0.892
86.400 5 0.805 0.786 0.863 0.892
86.440 5 0.802 0.786 0.859 0.889
86.480 5 0.797 0.783 0.855 0.886
86.520 5 0.794 0.781 0.852 0.883
86.560 5 0.789 0.778 0.847 0.881
86.600 5 0.786 0.775 0.842 0.878
86.640 5 0.781 0.772 0.839 0.875
86.680 5 0.778 0.769 0.836 0.872
86.720 5 0.773 0.767 0.831 0.869
86.760 5 0.770 0.764 0.827 0.867
86.800 5 0.767 0.764 0.822 0.861
86.840 5 0.762 0.761 0.819 0.858
86.880 5 0.756 0.756 0.814 0.856
86.920 5 0.753 0.750 0.809 0.853
86.960 5 0.748 0.747 0.805 0.850
87.000 5 0.745 0.739 0.802 0.839
87.040 5 0.741 0.739 0.798 0.842
87.080 5 0.736 0.736 0.794 0.836
87.120 5 0.731 0.731 0.789 0.833
87.160 5 0.727 0.728 0.783 0.831
87.200 5 0.722 0.725 0.778 0.825
87.240 5 0.716 0.722 0.773 0.822
87.280 5 0.711 0.717 0.767 0.819
87.320 5 0.705 0.714 0.762 0.814
87.360 5 0.700 0.711 0.756 0.811
87.400 5 0.695 0.706 0.752 0.806
87.440 5 0.691 0.706 0.745 0.803
87.480 5 0.684 0.703 0.741 0.800
87.520 5 0.678 0.697 0.734 0.794
87.560 5 0.672 0.694 0.728 0.792
87.600 5 0.667 0.692 0.722 0.789
87.640 5 0.661 0.686 0.716 0.786
87.680 5 0.655 0.683 0.709 0.783
87.720 5 0.648 0.681 0.705 0.781
87.760 5 0.644 0.678 0.698 0.775
87.800 5 0.637 0.675 0.692 0.772
87.840 5 0.631 0.672 0.686 0.769
87.880 5 0.625 0.667 0.681 0.767
87.920 5 0.620 0.664 0.675 0.764
87.960 5 0.614 0.661 0.670 0.761
88.000 5 0.608 0.661 0.664 0.761
88.040 5 0.603 0.653 0.658 0.753
88.080 5 0.597 0.650 0.653 0.750
88.120 5 0.592 0.647 0.648 0.747
88.160 5 0.586 0.644 0.644 0.744
88.200 5 0.581 0.642 0.637 0.742
88.240 5 0.577 0.636 0.633 0.739
88.280 5 0.570 0.636 0.628 0.736
88.320 5 0.566 0.633 0.622 0.733
88.360 5 0.561 0.628 0.617 0.731
88.400 5 0.556 0.628 0.613 0.728
88.440 5 0.552 0.622 0.608 0.725
88.480 5 0.547 0.619 0.603 0.719
88.520 5 0.542 0.617 0.598 0.717
88.560 5 0.537 0.617 0.594 0.717
88.600 5 0.533 0.614 0.588 0.714
88.640 5 0.528 0.611 0.584 0.708
88.680 5 0.523 0.608 0.580 0.708
88.720 5 0.519 0.606 0.575 0.706
88.760 5 0.514 0.603 0.570 0.703
88.800 5 0.509 0.600 0.566 0.700
88.840 5 0.506 0.597 0.561 0.697
88.880 5 0.502 0.594 0.558 0.694
88.920 5 0.497 0.592 0.553 0.692
88.960 5 0.494 0.589 0.548 0.689
89.000 5 0.489 0.583 0.545 0.683
89.040 5 0.486 0.583 0.542 0.683
89.080 5 0.480 0.581 0.537 0.681
89.120 5 0.478 0.578 0.534 0.678
89.160 5 0.475 0.575 0.531 0.675
89.200 5 0.472 0.575 0.527 0.672
89.240 5 0.469 0.572 0.523 0.669
89.280 5 0.466 0.569 0.520 0.667
89.320 5 0.463 0.569 0.517 0.667
89.360 5 0.459 0.567 0.516 0.664
89.400 5 0.455 0.564 0.511 0.661
89.440 5 0.455 0.561 0.511 0.661
89.480 5 0.452 0.561 0.508 0.661
87.000 6 0.964 0.772 1.017 0.867
87.040 6 0.961 0.769 1.014 0.864
87.080 6 0.955 0.767 1.008 0.858
87.120 6 0.950 0.761 1.003 0.856
87.160 6 0.945 0.758 0.998 0.853
87.200 6 0.939 0.753 0.992 0.850
87.240 6 0.933 0.753 0.988 0.847
87.280 6 0.928 0.747 0.983 0.842
87.320 6 0.923 0.742 0.977 0.839
87.360 6 0.916 0.739 0.970 0.836
87.400 6 0.909 0.736 0.964 0.833
87.440 6 0.905 0.731 0.959 0.831
87.480 6 0.900 0.728 0.955 0.825
87.520 6 0.894 0.725 0.948 0.825
87.560 6 0.887 0.719 0.944 0.819
87.600 6 0.881 0.717 0.938 0.817
87.640 6 0.875 0.714 0.930 0.811
87.680 6 0.869 0.711 0.923 0.808
87.720 6 0.863 0.708 0.917 0.806
87.760 6 0.856 0.703 0.912 0.803
87.800 6 0.850 0.700 0.905 0.800
87.840 6 0.844 0.697 0.900 0.797
87.880 6 0.839 0.694 0.895 0.794
87.920 6 0.831 0.692 0.887 0.789
87.960 6 0.827 0.686 0.883 0.786
88.000 6 0.820 0.683 0.877 0.783
88.040 6 0.814 0.681 0.870 0.781
88.080 6 0.809 0.675 0.866 0.778
88.120 6 0.803 0.672 0.859 0.772
88.160 6 0.798 0.669 0.855 0.769
88.200 6 0.792 0.667 0.848 0.767
88.240 6 0.786 0.664 0.842 0.764
88.280 6 0.783 0.661 0.839 0.761
88.320 6 0.777 0.656 0.833 0.756
88.360 6 0.772 0.653 0.828 0.753
88.400 6 0.767 0.650 0.822 0.750
88.440 6 0.762 0.647 0.819 0.747
88.480 6 0.758 0.644 0.814 0.744
88.520 6 0.753 0.642 0.808 0.739
88.560 6 0.747 0.639 0.802 0.739
88.600 6 0.744 0.636 0.798 0.733
88.640 6 0.739 0.633 0.794 0.731
88.680 6 0.734 0.631 0.789 0.728
88.720 6 0.731 0.628 0.784 0.725
88.760 6 0.727 0.625 0.780 0.722
88.800 6 0.723 0.622 0.777 0.717
88.840 6 0.719 0.619 0.772 0.714
88.880 6 0.716 0.617 0.769 0.711
88.920 6 0.711 0.617 0.764 0.708
88.960 6 0.708 0.614 0.761 0.706
89.000 6 0.705 0.611 0.758 0.706
89.040 6 0.702 0.608 0.755 0.703
89.080 6 0.698 0.606 0.752 0.700
89.120 6 0.695 0.603 0.748 0.697
89.160 6 0.694 0.600 0.745 0.694
89.200 6 0.689 0.600 0.742 0.692
89.240 6 0.688 0.597 0.741 0.689
89.280 6 0.683 0.594 0.736 0.686
89.320 6 0.681 0.594 0.733 0.686
89.360 6 0.678 0.592 0.730 0.683
89.400 6 0.677 0.589 0.730 0.683
89.440 6 0.675 0.589 0.727 0.681
89.480 6 0.672 0.586 0.723 0.678
88.720 7 0.966 0.606 1.022 0.708
88.760 7 0.961 0.606 1.017 0.706
88.800 7 0.958 0.603 1.014 0.703
88.840 7 0.953 0.600 1.011 0.703
88.880 7 0.950 0.600 1.006 0.700
88.920 7 0.945 0.597 1.002 0.697
88.960 7 0.942 0.594 0.998 0.694
89.000 7 0.939 0.594 0.995 0.694
89.040 7 0.936 0.594 0.992 0.694
89.080 7 0.933 0.592 0.989 0.692
89.120 7 0.930 0.589 0.986 0.692
89.160 7 0.927 0.589 0.984 0.692
89.200 7 0.927 0.589 0.983 0.689
89.240 7 0.923 0.589 0.980 0.689
89.280 7 0.922 0.589 0.977 0.689
89.320 7 0.920 0.589 0.977 0.686
89.360 7 0.917 0.589 0.973 0.686
89.400 7 0.916 0.589 0.970 0.686
89.440 7 0.914 0.589 0.969 0.686
89.480 7 0.911 0.586 0.966 0.683
94.720 8 0.586 0.183 0.720 0.422
94.760 8 0.589 0.181 0.723 0.419
94.800 8 0.586 0.178 0.720 0.417
94.840 8 0.589 0.172 0.725 0.414
94.880 8 0.588 0.169 0.725 0.414
94.920 8 0.588 0.164 0.725 0.408
94.960 8 0.581 0.167 0.716 0.406
95.000 8 0.567 0.153 0.708 0.403
95.040 8 0.556 0.153 0.694 0.397
95.080 8 0.550 0.153 0.686 0.394
95.120 8 0.548 0.156 0.681 0.392
95.160 8 0.547 0.153 0.681 0.392
95.200 8 0.545 0.153 0.681 0.394
95.240 8 0.552 0.153 0.686 0.392
95.280 8 0.553 0.156 0.686 0.392
95.320 8 0.555 0.150 0.689 0.392
95.360 8 0.556 0.153 0.689 0.389
95.400 8 0.556 0.150 0.691 0.389
95.440 8 0.558 0.150 0.691 0.386
95.480 8 0.558 0.150 0.691 0.386
95.520 8 0.559 0.150 0.694 0.386
95.560 8 0.558 0.150 0.692 0.389
95.600 8 0.561 0.147 0.698 0.394
95.640 8 0.556 0.153 0.694 0.397
95.680 8 0.558 0.150 0.702 0.406
95.720 8 0.552 0.150 0.695 0.406
95.760 8 0.555 0.153 0.697 0.403
95.800 8 0.550 0.156 0.689 0.403
95.840 8 0.550 0.153 0.694 0.408
95.880 8 0.545 0.153 0.689 0.408
95.920 8 0.547 0.153 0.689 0.406
95.960 8 0.541 0.150 0.681 0.400
96.000 8 0.536 0.153 0.677 0.403
96.040 8 0.536 0.144 0.677 0.394
96.080 8 0.534 0.144 0.673 0.392
96.120 8 0.533 0.144 0.672 0.392
96.160 8 0.528 0.144 0.669 0.392
96.200 8 0.527 0.142 0.667 0.394
96.240 8 0.528 0.144 0.670 0.394
96.280 8 0.525 0.144 0.667 0.397
96.320 8 0.530 0.147 0.669 0.394
96.360 8 0.528 0.147 0.667 0.394
96.400 8 0.531 0.150 0.669 0.394
96.440 8 0.528 0.150 0.666 0.394
96.480 8 0.533 0.150 0.672 0.394
96.520 8 0.531 0.147 0.670 0.394
96.560 8 0.533 0.150 0.672 0.397
96.600 8 0.528 0.158 0.669 0.406
96.640 8 0.525 0.167 0.667 0.419
96.680 8 0.520 0.172 0.664 0.428
96.720 8 0.522 0.172 0.666 0.428
96.760 8 0.523 0.169 0.667 0.425
96.800 8 0.525 0.167 0.669 0.422
96.840 8 0.533 0.164 0.677 0.419
96.880 8 0.542 0.161 0.684 0.417
96.920 8 0.548 0.161 0.691 0.414
96.960 8 0.556 0.161 0.698 0.411
97.000 8 0.567 0.153 0.708 0.403
97.040 8 0.572 0.169 0.713 0.417
97.080 8 0.573 0.178 0.713 0.422
97.120 8 0.581 0.183 0.719 0.428
97.160 8 0.583 0.189 0.722 0.433
97.200 8 0.591 0.192 0.728 0.436
97.240 8 0.595 0.194 0.733 0.439
97.280 8 0.600 0.192 0.739 0.439
97.320 8 0.598 0.203 0.736 0.447
97.360 8 0.602 0.200 0.739 0.447
97.400 8 0.600 0.197 0.741 0.447
97.440 8 0.598 0.197 0.738 0.444
97.480 8 0.598 0.197 0.738 0.444
97.520 8 0.597 0.194 0.736 0.442
97.560 8 0.602 0.194 0.741 0.442
97.600 8 0.600 0.189 0.742 0.442
97.640 8 0.605 0.189 0.747 0.442
97.680 8 0.602 0.189 0.744 0.442
97.720 8 0.606 0.189 0.748 0.442
97.760 8 0.602 0.189 0.745 0.447
97.800 8 0.592 0.186 0.738 0.444
97.840 8 0.589 0.183 0.738 0.444
97.880 8 0.583 0.181 0.730 0.442
97.920 8 0.577 0.183 0.719 0.436
97.960 8 0.575 0.183 0.716 0.433
98.000 8 0.567 0.181 0.708 0.431
98.040 8 0.569 0.172 0.705 0.414
98.080 8 0.569 0.167 0.703 0.408
98.120 8 0.566 0.161 0.700 0.403
98.160 8 0.567 0.153 0.702 0.394
98.200 8 0.569 0.147 0.703 0.389
98.240 8 0.564 0.144 0.698 0.386
98.280 8 0.562 0.139 0.697 0.383
98.320 8 0.553 0.136 0.691 0.381
98.360 8 0.545 0.133 0.683 0.381
98.400 8 0.537 0.128 0.677 0.375
98.440 8 0.528 0.125 0.666 0.372
98.480 8 0.519 0.122 0.658 0.369
98.520 8 0.511 0.122 0.648 0.367
98.560 8 0.502 0.122 0.639 0.369
98.600 8 0.497 0.119 0.634 0.367
98.640 8 0.491 0.119 0.628 0.367
98.680 8 0.486 0.125 0.625 0.372
98.720 8 0.480 0.125 0.620 0.375
98.760 8 0.480 0.128 0.620 0.378
98.800 8 0.475 0.128 0.616 0.381
98.840 8 0.477 0.131 0.617 0.383
98.880 8 0.475 0.133 0.616 0.386
98.920 8 0.478 0.136 0.620 0.389
98.960 8 0.481 0.133 0.623 0.389
99.000 8 0.491 0.125 0.630 0.375
99.040 8 0.491 0.119 0.634 0.378
99.080 8 0.495 0.117 0.639 0.375
99.120 8 0.494 0.117 0.636 0.372
99.160 8 0.498 0.117 0.641 0.372
99.200 8 0.498 0.117 0.639 0.369
99.240 8 0.503 0.117 0.644 0.369
99.280 8 0.502 0.114 0.644 0.369
99.320 8 0.506 0.111 0.648 0.367
99.360 8 0.511 0.108 0.653 0.364
99.400 8 0.516 0.100 0.658 0.356
99.440 8 0.522 0.092 0.664 0.347
99.480 8 0.528 0.083 0.670 0.339
99.520 8 0.531 0.069 0.673 0.325
99.560 8 0.533 0.067 0.673 0.319
99.600 8 0.525 0.061 0.666 0.314
99.640 8 0.523 0.058 0.664 0.311
99.680 8 0.516 0.053 0.658 0.308
99.720 8 0.519 0.050 0.661 0.306
99.760 8 0.519 0.050 0.659 0.303
99.800 8 0.522 0.044 0.664 0.300
99.840 8 0.527 0.042 0.670 0.297
99.880 8 0.528 0.042 0.672 0.297
99.920 8 0.531 0.042 0.675 0.300
99.960 8 0.531 0.039 0.675 0.297
100.000 8 0.536 0.042 0.677 0.292
100.040 8 0.534 0.050 0.673 0.297
100.080 8 0.534 0.047 0.675 0.297
100.120 8 0.534 0.044 0.678 0.297
100.160 8 0.536 0.042 0.680 0.297
100.200 8 0.539 0.042 0.681 0.294
100.240 8 0.541 0.039 0.683 0.292
100.280 8 0.542 0.036 0.684 0.289
100.320 8 0.545 0.033 0.686 0.286
100.360 8 0.547 0.033 0.688 0.281
100.400 8 0.550 0.031 0.689 0.281
100.440 8 0.552 0.031 0.691 0.278
100.480 8 0.556 0.028 0.694 0.272
100.520 8 0.558 0.031 0.695 0.272
100.560 8 0.561 0.031 0.697 0.272
100.600 8 0.566 0.036 0.700 0.275
100.640 8 0.564 0.039 0.698 0.281
100.680 8 0.567 0.044 0.705 0.289
100.720 8 0.569 0.050 0.708 0.294
100.760 8 0.573 0.056 0.713 0.300
100.800 8 0.573 0.061 0.713 0.308
100.840 8 0.578 0.069 0.716 0.314
100.880 8 0.583 0.075 0.720 0.322
100.920 8 0.583 0.083 0.720 0.328
100.960 8 0.586 0.086 0.725 0.333
101.000 8 0.583 0.097 0.723 0.347
101.040 8 0.592 0.106 0.731 0.353
101.080 8 0.595 0.108 0.733 0.353
101.120 8 0.594 0.106 0.733 0.353
101.160 8 0.594 0.106 0.733 0.353
101.200 8 0.594 0.108 0.734 0.356
101.240 8 0.594 0.108 0.736 0.361
101.280 8 0.594 0.111 0.736 0.364
101.320 8 0.594 0.111 0.739 0.369
101.360 8 0.595 0.114 0.741 0.372
101.400 8 0.598 0.117 0.744 0.375
101.440 8 0.598 0.119 0.745 0.378
101.480 8 0.600 0.122 0.747 0.383
101.520 8 0.600 0.125 0.748 0.389
101.560 8 0.600 0.131 0.747 0.392
101.600 8 0.598 0.133 0.745 0.392
101.640 8 0.597 0.136 0.744 0.394
101.680 8 0.598 0.142 0.744 0.400
101.720 8 0.595 0.147 0.738 0.400
101.760 8 0.594 0.150 0.736 0.403
101.800 8 0.591 0.158 0.733 0.411
101.840 8 0.588 0.161 0.731 0.417
101.880 8 0.584 0.167 0.727 0.417
101.920 8 0.581 0.167 0.725 0.422
101.960 8 0.578 0.169 0.720 0.425
102.000 8 0.583 0.181 0.723 0.431
102.040 8 0.580 0.178 0.727 0.436
102.080 8 0.580 0.181 0.723 0.436
102.120 8 0.578 0.178 0.723 0.439
102.160 8 0.581 0.181 0.727 0.439
102.200 8 0.580 0.183 0.723 0.439
102.240 8 0.581 0.186 0.723 0.436
102.280 8 0.584 0.189 0.723 0.436
102.320 8 0.586 0.192 0.723 0.439
102.360 8 0.586 0.192 0.723 0.436
102.400 8 0.591 0.192 0.727 0.433
102.440 8 0.589 0.186 0.727 0.428
102.480 8 0.594 0.181 0.728 0.422
102.520 8 0.595 0.175 0.730 0.417
102.560 8 0.600 0.172 0.734 0.411
102.600 8 0.598 0.169 0.733 0.408
102.640 8 0.603 0.169 0.738 0.408
102.680 8 0.603 0.169 0.738 0.408
102.720 8 0.605 0.169 0.741 0.411
102.760 8 0.603 0.167 0.741 0.411
102.800 8 0.608 0.167 0.745 0.411
102.840 8 0.606 0.164 0.745 0.411
102.880 8 0.611 0.161 0.748 0.408
102.920 8 0.613 0.161 0.752 0.406
102.960 8 0.614 0.158 0.752 0.403
103.000 8 0.614 0.153 0.755 0.403
103.040 8 0.614 0.142 0.761 0.406
103.080 8 0.613 0.142 0.758 0.400
103.120 8 0.616 0.139 0.761 0.397
103.160 8 0.614 0.136 0.758 0.392
103.200 8 0.616 0.133 0.762 0.392
103.240 8 0.613 0.131 0.761 0.392
103.280 8 0.617 0.131 0.766 0.394
103.320 8 0.616 0.136 0.766 0.400
103.360 8 0.616 0.144 0.762 0.406
103.400 8 0.614 0.142 0.766 0.408
103.440 8 0.616 0.139 0.766 0.406
103.480 8 0.616 0.136 0.764 0.400
103.520 8 0.614 0.133 0.762 0.397
103.560 8 0.613 0.133 0.759 0.392
103.600 8 0.611 0.133 0.756 0.392
103.640 8 0.609 0.131 0.753 0.389
103.680 8 0.608 0.128 0.752 0.383
103.720 8 0.608 0.125 0.750 0.378
103.760 8 0.606 0.119 0.748 0.372
103.800 8 0.605 0.119 0.745 0.369
103.840 8 0.605 0.119 0.742 0.367
103.880 8 0.600 0.122 0.738 0.369
103.920 8 0.602 0.128 0.739 0.372
103.960 8 0.598 0.131 0.734 0.372
104.000 8 0.598 0.125 0.739 0.375
104.040 8 0.594 0.125 0.736 0.375
104.080 8 0.595 0.119 0.738 0.372
104.120 8 0.598 0.119 0.742 0.375
104.160 8 0.600 0.119 0.745 0.378
104.200 8 0.603 0.125 0.745 0.378
104.240 8 0.605 0.125 0.748 0.378
104.280 8 0.608 0.128 0.748 0.378
104.320 8 0.608 0.125 0.750 0.378
104.360 8 0.608 0.122 0.750 0.375
104.400 8 0.606 0.122 0.747 0.372
104.440 8 0.602 0.119 0.744 0.372
104.480 8 0.602 0.119 0.742 0.372
104.520 8 0.597 0.122 0.738 0.372
104.560 8 0.592 0.122 0.733 0.372
104.600 8 0.594 0.122 0.734 0.372
104.640 8 0.589 0.122 0.730 0.372
104.680 8 0.591 0.119 0.731 0.369
104.720 8 0.589 0.117 0.731 0.369
104.760 8 0.589 0.117 0.731 0.369
104.800 8 0.588 0.122 0.730 0.372
104.840 8 0.588 0.125 0.730 0.378
104.880 8 0.581 0.125 0.723 0.378
104.920 8 0.581 0.125 0.723 0.378
104.960 8 0.580 0.125 0.722 0.378
105.000 8 0.567 0.125 0.708 0.375
105.040 8 0.561 0.125 0.702 0.372
105.080 8 0.566 0.125 0.705 0.372
105.120 8 0.558 0.125 0.697 0.369
105.160 8 0.559 0.122 0.695 0.367
105.200 8 0.558 0.125 0.694 0.367
105.240 8 0.559 0.125 0.694 0.364
105.280 8 0.559 0.125 0.697 0.369
105.320 8 0.562 0.125 0.700 0.369
105.360 8 0.564 0.125 0.703 0.372
105.400 8 0.567 0.125 0.705 0.369
105.440 8 0.569 0.128 0.708 0.372
105.480 8 0.570 0.128 0.708 0.372
105.520 8 0.570 0.131 0.708 0.372
105.560 8 0.570 0.128 0.709 0.375
105.600 8 0.567 0.128 0.706 0.375
105.640 8 0.570 0.131 0.708 0.375
105.680 8 0.572 0.125 0.713 0.375
105.720 8 0.570 0.125 0.709 0.372
105.760 8 0.569 0.119 0.708 0.369
105.800 8 0.569 0.119 0.708 0.367
105.840 8 0.567 0.122 0.705 0.364
105.880 8 0.564 0.122 0.700 0.364
122.400 9 0.783 0.603 0.852 0.728
122.440 9 0.787 0.606 0.856 0.731
122.480 9 0.792 0.608 0.861 0.733
122.520 9 0.798 0.608 0.866 0.733
122.560 9 0.802 0.608 0.870 0.733
122.600 9 0.805 0.608 0.875 0.733
122.640 9 0.808 0.608 0.877 0.731
122.680 9 0.809 0.608 0.877 0.731
122.720 9 0.808 0.608 0.877 0.731
122.760 9 0.808 0.606 0.877 0.731
122.800 9 0.808 0.606 0.875 0.728
122.840 9 0.808 0.603 0.875 0.728
122.880 9 0.808 0.603 0.875 0.725
122.920 9 0.803 0.600 0.870 0.722
122.960 9 0.803 0.597 0.870 0.719
123.000 9 0.798 0.592 0.866 0.714
123.040 9 0.792 0.586 0.858 0.708
139.960 10 0.320 0.447 0.377 0.547
140.000 10 0.308 0.439 0.364 0.539
141.080 11 0.061 0.211 0.231 0.517
141.120 11 0.064 0.217 0.234 0.519
141.160 11 0.059 0.219 0.230 0.522
141.200 11 0.064 0.222 0.233 0.522
141.240 11 0.059 0.225 0.228 0.525
141.280 11 0.064 0.228 0.231 0.528
141.320 11 0.059 0.231 0.227 0.528
141.360 11 0.061 0.233 0.230 0.533
141.400 11 0.056 0.233 0.223 0.533
141.440 11 0.058 0.236 0.227 0.539
141.480 11 0.052 0.233 0.220 0.536
141.520 11 0.052 0.239 0.222 0.539
141.560 11 0.047 0.239 0.216 0.539
141.600 11 0.047 0.239 0.216 0.539
141.640 11 0.042 0.244 0.211 0.544
141.680 11 0.037 0.244 0.206 0.542
141.720 11 0.039 0.244 0.208 0.544
141.760 11 0.033 0.244 0.203 0.544
141.800 11 0.036 0.244 0.208 0.550
141.840 11 0.031 0.247 0.200 0.547
141.880 11 0.033 0.244 0.205 0.553
141.920 11 0.030 0.247 0.198 0.547
141.960 11 0.030 0.247 0.203 0.553
142.000 11 0.028 0.250 0.197 0.550
142.040 11 0.028 0.250 0.197 0.550
142.080 11 0.034 0.253 0.200 0.547
142.120 11 0.033 0.244 0.202 0.544
142.160 11 0.039 0.231 0.212 0.539
142.200 11 0.044 0.222 0.219 0.536
142.240 11 0.050 0.219 0.225 0.531
142.280 11 0.058 0.214 0.236 0.528
142.320 11 0.064 0.203 0.241 0.517
142.320 11 0.050 0.228 0.216 0.525
142.360 11 0.058 0.219 0.225 0.522
142.400 11 0.070 0.219 0.239 0.519
142.440 11 0.077 0.214 0.245 0.517
142.480 11 0.086 0.219 0.253 0.517
142.520 11 0.095 0.217 0.263 0.517
142.560 11 0.098 0.219 0.264 0.517
142.600 11 0.100 0.222 0.267 0.519
142.640 11 0.102 0.222 0.267 0.522
142.680 11 0.102 0.228 0.269 0.528
142.720 11 0.103 0.231 0.269 0.531
142.760 11 0.103 0.236 0.270 0.536
142.800 11 0.105 0.242 0.270 0.539
142.840 11 0.111 0.253 0.270 0.542
142.880 11 0.109 0.258 0.269 0.544
142.920 11 0.102 0.250 0.266 0.547
142.960 11 0.108 0.250 0.275 0.550
143.000 11 0.103 0.250 0.270 0.550
143.040 11 0.102 0.264 0.266 0.558
143.080 11 0.100 0.261 0.269 0.561
143.120 11 0.098 0.256 0.272 0.567
143.160 11 0.100 0.264 0.267 0.564
143.200 11 0.102 0.264 0.269 0.567
143.240 11 0.102 0.267 0.269 0.567
143.280 11 0.102 0.267 0.269 0.567
143.320 11 0.102 0.269 0.269 0.569
143.360 11 0.103 0.269 0.270 0.569
143.400 11 0.103 0.269 0.270 0.569
143.440 11 0.103 0.272 0.270 0.572
143.480 11 0.105 0.272 0.270 0.572
143.520 11 0.105 0.272 0.272 0.572
143.560 11 0.105 0.272 0.272 0.572
143.600 11 0.105 0.272 0.272 0.572
143.640 11 0.105 0.272 0.272 0.575
143.680 11 0.102 0.269 0.272 0.578
143.720 11 0.105 0.272 0.275 0.578
143.760 11 0.103 0.272 0.273 0.578
143.800 11 0.105 0.272 0.272 0.572
143.840 11 0.108 0.275 0.273 0.575
143.880 11 0.102 0.267 0.277 0.583
143.920 11 0.100 0.269 0.272 0.578
143.960 11 0.106 0.272 0.277 0.578
144.000 11 0.103 0.283 0.270 0.583
144.040 11 0.103 0.283 0.270 0.583
144.080 11 0.103 0.283 0.269 0.583
144.120 11 0.102 0.283 0.269 0.581
144.160 11 0.102 0.281 0.269 0.581
144.200 11 0.102 0.281 0.269 0.581
144.240 11 0.102 0.281 0.269 0.578
144.280 11 0.102 0.281 0.269 0.578
144.320 11 0.102 0.281 0.269 0.578
144.360 11 0.102 0.278 0.269 0.578
144.400 11 0.102 0.278 0.269 0.578
144.440 11 0.102 0.278 0.269 0.578
144.480 11 0.102 0.278 0.269 0.578
144.520 11 0.098 0.275 0.266 0.575
144.560 11 0.091 0.278 0.256 0.575
144.600 11 0.086 0.275 0.253 0.575
144.640 11 0.072 0.272 0.242 0.578
144.680 11 0.062 0.269 0.233 0.572
144.720 11 0.072 0.231 0.245 0.539
144.760 11 0.064 0.236 0.234 0.539
144.800 11 0.053 0.236 0.225 0.542
144.840 11 0.048 0.236 0.220 0.542
144.880 11 0.042 0.239 0.214 0.542
144.920 11 0.039 0.244 0.208 0.544
144.960 11 0.036 0.253 0.200 0.544
145.000 11 0.028 0.250 0.197 0.550
145.040 11 0.028 0.261 0.198 0.564
145.080 11 0.027 0.267 0.197 0.567
145.120 11 0.023 0.267 0.194 0.569
145.160 11 0.023 0.272 0.191 0.569
145.200 11 0.023 0.275 0.189 0.569
145.240 11 0.023 0.275 0.191 0.572
145.280 11 0.020 0.278 0.184 0.569
145.320 11 0.025 0.278 0.191 0.572
145.360 11 0.022 0.278 0.186 0.569
145.400 11 0.023 0.278 0.189 0.572
145.440 11 0.020 0.278 0.184 0.572
145.480 11 0.027 0.281 0.191 0.572
145.520 11 0.019 0.275 0.188 0.575
145.560 11 0.019 0.275 0.189 0.578
145.600 11 0.019 0.278 0.184 0.575
145.640 11 0.023 0.281 0.189 0.578
145.680 11 0.017 0.278 0.183 0.572
145.720 11 0.020 0.278 0.189 0.578
145.760 11 0.014 0.275 0.181 0.575
145.800 11 0.022 0.275 0.191 0.575
145.840 11 0.014 0.272 0.184 0.575
145.880 11 0.022 0.275 0.191 0.575
145.920 11 0.020 0.275 0.189 0.572
145.960 11 0.023 0.275 0.191 0.572
146.000 11 0.028 0.283 0.197 0.583
146.040 11 0.036 0.289 0.200 0.581
146.080 11 0.031 0.283 0.202 0.583
146.120 11 0.036 0.281 0.208 0.586
146.160 11 0.039 0.275 0.214 0.583
146.200 11 0.045 0.272 0.219 0.578
146.240 11 0.052 0.264 0.225 0.575
146.280 11 0.059 0.258 0.236 0.575
146.320 11 0.075 0.250 0.248 0.558
146.480 11 0.141 0.225 0.303 0.514
146.520 11 0.153 0.219 0.316 0.508
146.560 11 0.159 0.206 0.328 0.506
146.600 11 0.155 0.203 0.325 0.508
146.640 11 0.145 0.200 0.316 0.506
146.680 11 0.148 0.203 0.316 0.506
146.720 11 0.144 0.206 0.312 0.508
146.760 11 0.144 0.208 0.312 0.511
146.800 11 0.145 0.211 0.311 0.511
146.840 11 0.148 0.214 0.314 0.511
146.880 11 0.142 0.214 0.308 0.514
146.920 11 0.145 0.217 0.311 0.514
146.960 11 0.141 0.217 0.308 0.517
147.000 11 0.141 0.217 0.308 0.517
147.040 11 0.139 0.211 0.306 0.511
147.080 11 0.133 0.208 0.302 0.511
147.120 11 0.138 0.211 0.306 0.514
147.160 11 0.133 0.208 0.302 0.511
147.200 11 0.136 0.211 0.305 0.514
147.240 11 0.131 0.208 0.302 0.514
147.280 11 0.131 0.214 0.298 0.514
147.320 11 0.130 0.214 0.298 0.517
147.360 11 0.128 0.217 0.297 0.517
147.400 11 0.127 0.219 0.294 0.519
147.440 11 0.123 0.222 0.294 0.525
147.480 11 0.122 0.225 0.291 0.528
147.520 11 0.116 0.228 0.287 0.533
147.560 11 0.114 0.225 0.286 0.533
147.600 11 0.113 0.225 0.284 0.533
147.640 11 0.111 0.222 0.283 0.531
147.680 11 0.109 0.219 0.281 0.528
147.720 11 0.108 0.214 0.281 0.525
147.760 11 0.106 0.211 0.280 0.522
147.800 11 0.109 0.208 0.280 0.514
147.840 11 0.108 0.200 0.280 0.508
147.880 11 0.108 0.194 0.280 0.506
147.920 11 0.106 0.192 0.280 0.500
147.960 11 0.106 0.189 0.278 0.497
148.000 11 0.103 0.183 0.270 0.483
148.040 11 0.108 0.175 0.273 0.472
148.080 11 0.106 0.172 0.273 0.469
148.120 11 0.106 0.172 0.273 0.469
148.160 11 0.106 0.169 0.273 0.469
148.200 11 0.103 0.167 0.277 0.475
148.240 11 0.105 0.169 0.275 0.472
148.280 11 0.106 0.172 0.277 0.475
148.320 11 0.100 0.169 0.273 0.478
148.360 11 0.105 0.175 0.272 0.472
148.400 11 0.103 0.172 0.269 0.469
148.440 11 0.100 0.169 0.266 0.464
148.480 11 0.098 0.164 0.263 0.458
148.520 11 0.095 0.164 0.259 0.456
148.560 11 0.095 0.167 0.255 0.450
148.600 11 0.092 0.167 0.250 0.450
148.640 11 0.087 0.169 0.245 0.450
148.680 11 0.081 0.175 0.244 0.467
148.720 11 0.080 0.178 0.241 0.467
148.760 11 0.072 0.186 0.234 0.478
148.800 11 0.073 0.189 0.237 0.483
148.840 11 0.069 0.194 0.231 0.483
148.880 11 0.070 0.192 0.236 0.489
148.920 11 0.066 0.194 0.230 0.486
148.960 11 0.067 0.194 0.231 0.489
149.000 11 0.066 0.183 0.234 0.483
149.040 11 0.059 0.189 0.233 0.497
149.080 11 0.052 0.192 0.230 0.508
149.120 11 0.045 0.189 0.227 0.511
149.160 11 0.047 0.189 0.228 0.511
149.200 11 0.039 0.183 0.223 0.508
149.240 11 0.044 0.183 0.228 0.511
149.280 11 0.036 0.181 0.220 0.511
149.320 11 0.037 0.183 0.223 0.511
149.360 11 0.033 0.186 0.217 0.514
149.400 11 0.033 0.186 0.220 0.519
149.440 11 0.028 0.192 0.212 0.519
149.480 11 0.033 0.197 0.214 0.522
149.520 11 0.027 0.203 0.209 0.528
149.560 11 0.031 0.206 0.212 0.528
149.600 11 0.025 0.208 0.208 0.533
149.640 11 0.028 0.211 0.211 0.536
149.680 11 0.027 0.214 0.208 0.533
149.720 11 0.025 0.214 0.208 0.536
149.760 11 0.025 0.217 0.206 0.539
149.800 11 0.023 0.217 0.206 0.542
149.840 11 0.023 0.222 0.206 0.544
149.880 11 0.022 0.225 0.205 0.550
149.920 11 0.022 0.228 0.205 0.550
149.960 11 0.020 0.228 0.205 0.553
150.000 11 0.028 0.250 0.197 0.550
150.040 11 0.031 0.239 0.200 0.542
150.080 11 0.030 0.239 0.200 0.539
150.120 11 0.030 0.239 0.198 0.539
150.160 11 0.030 0.239 0.198 0.539
150.200 11 0.030 0.239 0.198 0.539
150.240 11 0.028 0.236 0.198 0.539
150.280 11 0.028 0.236 0.197 0.536
150.320 11 0.025 0.233 0.195 0.536
150.360 11 0.028 0.231 0.198 0.533
150.400 11 0.022 0.228 0.194 0.533
150.440 11 0.027 0.231 0.198 0.536
150.480 11 0.022 0.228 0.194 0.533
150.520 11 0.025 0.231 0.197 0.536
150.560 11 0.022 0.231 0.192 0.533
150.600 11 0.025 0.231 0.194 0.533
150.640 11 0.023 0.233 0.194 0.536
150.680 11 0.023 0.233 0.194 0.539
150.720 11 0.023 0.236 0.194 0.536
150.760 11 0.022 0.236 0.194 0.539
150.800 11 0.023 0.239 0.192 0.542
150.840 11 0.022 0.242 0.192 0.544
150.880 11 0.025 0.247 0.194 0.547
150.920 11 0.022 0.250 0.192 0.553
150.960 11 0.023 0.256 0.194 0.558
151.000 11 0.028 0.250 0.197 0.550
151.040 11 0.023 0.253 0.192 0.553
151.080 11 0.022 0.253 0.191 0.553
151.120 11 0.028 0.256 0.195 0.553
151.160 11 0.027 0.253 0.192 0.550
151.200 11 0.034 0.253 0.202 0.550
151.240 11 0.034 0.253 0.202 0.550
151.280 11 0.039 0.253 0.206 0.550
151.320 11 0.037 0.253 0.206 0.550
151.360 11 0.041 0.253 0.208 0.550
151.400 11 0.044 0.253 0.211 0.550
151.440 11 0.045 0.256 0.211 0.550
151.480 11 0.042 0.256 0.209 0.550
151.520 11 0.047 0.256 0.212 0.550
151.560 11 0.044 0.256 0.211 0.553
151.600 11 0.045 0.253 0.214 0.553
151.640 11 0.045 0.253 0.214 0.553
151.680 11 0.047 0.253 0.216 0.553
151.720 11 0.048 0.253 0.216 0.553
151.760 11 0.050 0.253 0.217 0.550
151.800 11 0.050 0.250 0.217 0.547
151.840 11 0.052 0.250 0.219 0.547
151.880 11 0.055 0.250 0.222 0.547
151.920 11 0.050 0.250 0.217 0.547
151.960 11 0.055 0.253 0.222 0.547
152.000 11 0.047 0.250 0.216 0.550
152.040 11 0.047 0.250 0.216 0.550
152.080 11 0.047 0.250 0.216 0.550
152.120 11 0.052 0.250 0.220 0.553
152.160 11 0.048 0.250 0.216 0.550
152.200 11 0.053 0.250 0.222 0.550
152.240 11 0.044 0.242 0.219 0.553
152.280 11 0.050 0.253 0.219 0.550
152.320 11 0.052 0.253 0.220 0.550
152.360 11 0.053 0.253 0.222 0.553
152.400 11 0.058 0.250 0.228 0.553
141.280 12 0.627 0.189 0.820 0.533
141.320 12 0.637 0.183 0.833 0.531
141.360 12 0.652 0.178 0.850 0.531
141.400 12 0.662 0.169 0.859 0.519
141.440 12 0.673 0.172 0.870 0.522
141.480 12 0.673 0.172 0.872 0.522
141.520 12 0.678 0.178 0.872 0.522
141.560 12 0.672 0.181 0.867 0.528
141.600 12 0.664 0.178 0.863 0.531
141.640 12 0.666 0.181 0.863 0.531
141.680 12 0.659 0.181 0.856 0.531
141.720 12 0.661 0.183 0.859 0.533
141.760 12 0.653 0.181 0.855 0.539
141.800 12 0.652 0.175 0.859 0.544
141.840 12 0.647 0.178 0.853 0.544
141.880 12 0.645 0.183 0.842 0.536
141.920 12 0.650 0.189 0.845 0.536
141.960 12 0.641 0.183 0.842 0.542
142.000 12 0.639 0.183 0.841 0.542
142.040 12 0.639 0.167 0.842 0.528
142.080 12 0.637 0.164 0.841 0.525
142.120 12 0.636 0.164 0.838 0.525
142.160 12 0.631 0.161 0.834 0.525
142.200 12 0.634 0.167 0.836 0.522
142.240 12 0.630 0.164 0.831 0.522
142.280 12 0.627 0.164 0.830 0.525
142.320 12 0.625 0.167 0.827 0.525
142.360 12 0.623 0.169 0.825 0.528
142.400 12 0.620 0.169 0.822 0.528
142.440 12 0.619 0.172 0.819 0.531
142.480 12 0.616 0.175 0.816 0.533
142.520 12 0.614 0.178 0.814 0.533
142.560 12 0.611 0.181 0.811 0.536
142.600 12 0.609 0.186 0.808 0.539
142.640 12 0.605 0.186 0.806 0.544
142.680 12 0.603 0.192 0.803 0.547
142.720 12 0.600 0.194 0.803 0.553
142.760 12 0.598 0.200 0.800 0.556
142.800 12 0.598 0.203 0.798 0.556
142.840 12 0.598 0.206 0.795 0.556
142.880 12 0.597 0.206 0.794 0.556
142.920 12 0.597 0.206 0.794 0.556
142.960 12 0.595 0.203 0.792 0.553
143.000 12 0.594 0.183 0.795 0.542
143.040 12 0.597 0.200 0.794 0.553
143.080 12 0.595 0.206 0.794 0.556
143.120 12 0.592 0.206 0.792 0.561
143.160 12 0.594 0.211 0.791 0.561
143.200 12 0.595 0.214 0.791 0.561
143.240 12 0.595 0.214 0.792 0.564
143.280 12 0.595 0.211 0.795 0.567
143.320 12 0.602 0.211 0.803 0.572
143.360 12 0.605 0.211 0.808 0.575
143.400 12 0.608 0.214 0.811 0.575
143.440 12 0.611 0.219 0.814 0.581
143.480 12 0.611 0.222 0.816 0.583
143.520 12 0.614 0.225 0.817 0.586
143.560 12 0.608 0.225 0.811 0.586
143.600 12 0.613 0.225 0.816 0.586
143.640 12 0.614 0.225 0.816 0.583
143.680 12 0.614 0.225 0.816 0.583
143.720 12 0.619 0.225 0.820 0.583
143.760 12 0.611 0.222 0.812 0.583
143.800 12 0.614 0.228 0.817 0.586
143.840 12 0.609 0.231 0.812 0.592
143.880 12 0.611 0.233 0.816 0.597
143.920 12 0.611 0.236 0.817 0.603
143.960 12 0.611 0.239 0.817 0.608
144.000 12 0.617 0.261 0.819 0.619
144.040 12 0.617 0.261 0.819 0.619
144.080 12 0.617 0.261 0.817 0.617
144.120 12 0.616 0.261 0.816 0.617
144.160 12 0.614 0.258 0.814 0.614
144.200 12 0.613 0.256 0.814 0.614
144.240 12 0.613 0.253 0.812 0.611
144.280 12 0.611 0.250 0.812 0.606
144.320 12 0.613 0.247 0.811 0.600
144.360 12 0.613 0.244 0.811 0.594
144.400 12 0.614 0.242 0.809 0.592
144.440 12 0.613 0.239 0.808 0.586
144.480 12 0.609 0.236 0.806 0.586
144.520 12 0.595 0.231 0.791 0.578
144.560 12 0.584 0.233 0.778 0.581
144.600 12 0.569 0.231 0.764 0.578
144.640 12 0.555 0.228 0.748 0.572
144.680 12 0.544 0.233 0.738 0.578
145.800 13 0.603 0.169 0.802 0.522
145.840 13 0.634 0.178 0.827 0.519
145.880 13 0.655 0.175 0.855 0.531
145.920 13 0.666 0.172 0.866 0.528
145.960 13 0.681 0.181 0.881 0.536
146.000 13 0.684 0.183 0.886 0.542
146.040 13 0.680 0.158 0.903 0.556
146.080 13 0.678 0.161 0.903 0.556
146.120 13 0.677 0.164 0.900 0.558
146.160 13 0.675 0.167 0.897 0.561
146.200 13 0.672 0.169 0.892 0.561
146.240 13 0.669 0.169 0.892 0.564
146.280 13 0.667 0.172 0.887 0.564
146.320 13 0.666 0.178 0.880 0.556
146.360 13 0.667 0.178 0.881 0.558
146.400 13 0.661 0.178 0.875 0.558
146.440 13 0.662 0.181 0.877 0.561
146.480 13 0.658 0.183 0.869 0.558
146.520 13 0.659 0.183 0.873 0.561
146.560 13 0.653 0.189 0.866 0.564
146.600 13 0.656 0.194 0.869 0.569
146.640 13 0.652 0.200 0.861 0.572
146.680 13 0.656 0.203 0.864 0.572
146.720 13 0.650 0.206 0.858 0.572
146.760 13 0.655 0.206 0.861 0.572
146.800 13 0.647 0.206 0.855 0.575
146.840 13 0.650 0.208 0.858 0.575
146.880 13 0.644 0.208 0.850 0.575
146.920 13 0.641 0.208 0.847 0.575
146.960 13 0.634 0.217 0.838 0.575
147.000 13 0.606 0.172 0.848 0.600
147.040 13 0.592 0.186 0.825 0.597
147.080 13 0.580 0.181 0.811 0.592
147.120 13 0.561 0.178 0.794 0.589
147.160 13 0.569 0.178 0.797 0.581
147.200 13 0.556 0.178 0.784 0.581
147.240 13 0.562 0.172 0.794 0.581
147.280 13 0.553 0.169 0.783 0.575
147.320 13 0.561 0.169 0.789 0.575
147.360 13 0.559 0.172 0.786 0.569
147.400 13 0.556 0.178 0.778 0.569
147.440 13 0.559 0.178 0.781 0.572
147.480 13 0.558 0.181 0.780 0.569
149.040 14 0.553 0.139 0.786 0.550
149.080 14 0.561 0.131 0.795 0.547
149.120 14 0.578 0.136 0.814 0.553
149.160 14 0.591 0.136 0.827 0.553
149.200 14 0.603 0.139 0.839 0.558
149.240 14 0.616 0.142 0.852 0.558
149.280 14 0.620 0.144 0.856 0.561
149.320 14 0.623 0.144 0.863 0.567
149.360 14 0.616 0.150 0.855 0.572
149.400 14 0.614 0.150 0.855 0.575
149.440 14 0.608 0.156 0.847 0.578
149.480 14 0.602 0.156 0.838 0.572
149.520 14 0.602 0.156 0.839 0.578
149.560 14 0.592 0.158 0.833 0.583
149.600 14 0.594 0.164 0.831 0.583
149.640 14 0.586 0.164 0.825 0.586
149.680 14 0.588 0.167 0.828 0.589
149.720 14 0.580 0.164 0.820 0.589
149.760 14 0.584 0.167 0.825 0.592
149.800 14 0.577 0.167 0.817 0.592
149.840 14 0.580 0.169 0.820 0.594
149.880 14 0.572 0.169 0.811 0.592
149.920 14 0.580 0.183 0.808 0.586
149.960 14 0.572 0.189 0.800 0.592
150.000 14 0.552 0.172 0.794 0.600
150.040 14 0.553 0.178 0.777 0.572
150.080 14 0.550 0.178 0.775 0.578
150.120 14 0.547 0.178 0.772 0.575
150.160 14 0.547 0.175 0.772 0.575
150.200 14 0.547 0.175 0.770 0.572
150.240 14 0.547 0.175 0.770 0.572
150.280 14 0.547 0.175 0.770 0.569
150.320 14 0.547 0.172 0.770 0.569
150.360 14 0.547 0.172 0.770 0.569
150.400 14 0.550 0.175 0.772 0.567
150.440 14 0.544 0.175 0.766 0.567
150.480 14 0.548 0.175 0.770 0.567
150.520 14 0.544 0.175 0.761 0.561
150.560 14 0.550 0.178 0.769 0.567
150.600 14 0.547 0.175 0.764 0.564
150.640 14 0.545 0.175 0.767 0.567
150.680 14 0.542 0.175 0.764 0.567
150.720 14 0.545 0.175 0.767 0.567
150.760 14 0.547 0.178 0.767 0.567
150.800 14 0.548 0.178 0.767 0.567
150.840 14 0.545 0.175 0.766 0.567
150.880 14 0.552 0.178 0.772 0.569
150.920 14 0.547 0.178 0.767 0.567
150.960 14 0.550 0.178 0.767 0.564
151.000 14 0.550 0.183 0.752 0.542
151.040 14 0.541 0.194 0.738 0.544
151.080 14 0.537 0.200 0.731 0.544
151.120 14 0.528 0.197 0.723 0.544
151.160 14 0.537 0.194 0.736 0.544
151.200 14 0.548 0.194 0.748 0.550
151.240 14 0.555 0.192 0.753 0.544
151.280 14 0.561 0.192 0.758 0.544
151.320 14 0.566 0.192 0.764 0.544
151.360 14 0.562 0.194 0.761 0.544
151.400 14 0.572 0.194 0.767 0.544
151.440 14 0.567 0.194 0.764 0.547
151.480 14 0.573 0.194 0.775 0.550
151.520 14 0.570 0.189 0.772 0.547
151.560 14 0.575 0.183 0.780 0.547
151.600 14 0.575 0.181 0.780 0.544
151.640 14 0.586 0.181 0.791 0.547
151.680 14 0.597 0.169 0.802 0.533
151.720 14 0.616 0.175 0.820 0.539
151.760 14 0.627 0.167 0.831 0.531
151.800 14 0.641 0.164 0.844 0.525
151.840 14 0.637 0.164 0.847 0.536
151.880 14 0.648 0.169 0.858 0.542
151.920 14 0.642 0.172 0.848 0.539
151.960 14 0.644 0.175 0.850 0.539
152.000 14 0.639 0.183 0.841 0.542
152.040 14 0.633 0.181 0.836 0.544
152.080 14 0.641 0.183 0.848 0.550
152.120 14 0.630 0.186 0.834 0.553
152.160 14 0.639 0.189 0.847 0.556
152.200 14 0.630 0.189 0.833 0.550
152.240 14 0.637 0.189 0.847 0.561
152.280 14 0.637 0.194 0.841 0.556
152.320 14 0.639 0.189 0.839 0.547
152.360 14 0.636 0.186 0.830 0.531
152.400 14 0.623 0.178 0.814 0.517
163.880 15 0.852 0.106 0.947 0.275
163.920 15 0.831 0.092 0.931 0.267
163.960 15 0.816 0.089 0.914 0.261
164.000 15 0.805 0.086 0.902 0.258
164.040 15 0.794 0.083 0.892 0.258
164.080 15 0.786 0.081 0.884 0.256
164.120 15 0.780 0.083 0.877 0.256
164.160 15 0.773 0.083 0.870 0.256
164.200 15 0.769 0.081 0.867 0.256
164.240 15 0.764 0.083 0.863 0.258
164.280 15 0.759 0.086 0.856 0.258
164.320 15 0.758 0.083 0.855 0.258
164.360 15 0.753 0.083 0.850 0.256
164.400 15 0.753 0.083 0.850 0.256
164.440 15 0.752 0.083 0.848 0.256
164.480 15 0.752 0.083 0.848 0.256
164.520 15 0.752 0.083 0.848 0.256
164.560 15 0.748 0.083 0.845 0.256
164.600 15 0.748 0.086 0.847 0.258
164.640 15 0.745 0.083 0.842 0.256
164.680 15 0.742 0.086 0.841 0.261
164.720 15 0.739 0.086 0.836 0.258
164.760 15 0.738 0.086 0.833 0.258
164.800 15 0.734 0.086 0.830 0.258
164.840 15 0.731 0.086 0.827 0.256
164.880 15 0.728 0.089 0.822 0.256
164.920 15 0.725 0.089 0.820 0.258
164.960 15 0.722 0.086 0.817 0.256
165.000 15 0.717 0.086 0.814 0.258
165.040 15 0.713 0.089 0.808 0.258
165.080 15 0.711 0.086 0.808 0.258
165.120 15 0.709 0.089 0.805 0.258
165.160 15 0.705 0.092 0.800 0.258
165.200 15 0.703 0.092 0.797 0.258
165.240 15 0.700 0.094 0.794 0.261
165.280 15 0.695 0.094 0.791 0.261
165.320 15 0.694 0.094 0.787 0.261
165.360 15 0.691 0.094 0.783 0.261
165.400 15 0.688 0.094 0.781 0.261
165.440 15 0.683 0.094 0.775 0.261
165.480 15 0.680 0.094 0.772 0.258
165.520 15 0.673 0.097 0.764 0.258
165.560 15 0.667 0.094 0.758 0.256
165.600 15 0.661 0.092 0.750 0.247
165.640 15 0.652 0.092 0.741 0.250
165.680 15 0.645 0.089 0.734 0.244
165.720 15 0.639 0.086 0.727 0.244
169.960 16 0.273 0.378 0.331 0.478
170.000 16 0.266 0.375 0.323 0.475
170.040 16 0.263 0.375 0.320 0.475
170.080 16 0.255 0.369 0.312 0.469
170.120 16 0.248 0.367 0.306 0.467
170.160 16 0.244 0.361 0.302 0.461
170.200 16 0.241 0.356 0.298 0.458
170.240 16 0.234 0.353 0.294 0.456
170.280 16 0.233 0.347 0.292 0.450
170.320 16 0.231 0.344 0.291 0.447
170.360 16 0.231 0.342 0.292 0.444
170.400 16 0.230 0.339 0.292 0.444
170.440 16 0.231 0.336 0.294 0.444
170.480 16 0.231 0.333 0.294 0.442
170.520 16 0.233 0.331 0.295 0.442
170.560 16 0.233 0.331 0.295 0.439
170.600 16 0.233 0.322 0.298 0.436
170.640 16 0.236 0.314 0.302 0.431
170.680 16 0.237 0.306 0.305 0.422
170.720 16 0.237 0.294 0.305 0.414
170.760 16 0.239 0.286 0.308 0.403
170.800 16 0.241 0.278 0.308 0.394
170.840 16 0.239 0.267 0.308 0.386
170.880 16 0.241 0.267 0.308 0.381
170.920 16 0.242 0.258 0.309 0.375
170.960 16 0.242 0.253 0.309 0.369
171.000 16 0.242 0.247 0.311 0.367
171.040 16 0.244 0.242 0.311 0.358
171.080 16 0.245 0.239 0.312 0.356
171.120 16 0.245 0.236 0.312 0.356
171.160 16 0.245 0.231 0.314 0.353
171.200 16 0.247 0.225 0.316 0.344
171.240 16 0.248 0.219 0.317 0.339
171.280 16 0.248 0.211 0.317 0.331
171.320 16 0.250 0.200 0.319 0.322
171.360 16 0.252 0.189 0.322 0.314
171.400 16 0.255 0.181 0.325 0.306
171.440 16 0.259 0.172 0.330 0.297
171.480 16 0.264 0.167 0.334 0.289
171.520 16 0.270 0.161 0.341 0.283
171.560 16 0.275 0.153 0.347 0.278
171.600 16 0.280 0.147 0.350 0.272
171.640 16 0.284 0.142 0.356 0.269
171.680 16 0.287 0.136 0.361 0.264
171.720 16 0.292 0.133 0.366 0.261
171.760 16 0.300 0.125 0.372 0.256
171.800 16 0.306 0.119 0.380 0.253
171.840 16 0.314 0.114 0.391 0.247
171.880 16 0.322 0.108 0.398 0.244
171.920 16 0.330 0.106 0.409 0.244
171.960 16 0.338 0.103 0.419 0.244
172.000 16 0.345 0.103 0.427 0.247
172.040 16 0.350 0.100 0.436 0.253
172.080 16 0.356 0.103 0.444 0.256
172.120 16 0.359 0.108 0.445 0.261
172.160 16 0.367 0.114 0.453 0.269
172.200 16 0.369 0.119 0.455 0.275
172.240 16 0.372 0.128 0.459 0.283
172.280 16 0.375 0.133 0.464 0.292
172.320 16 0.377 0.142 0.466 0.300
172.360 16 0.381 0.147 0.470 0.303
172.400 16 0.383 0.153 0.472 0.308
172.440 16 0.384 0.158 0.472 0.314
172.480 16 0.384 0.164 0.472 0.322
172.520 16 0.386 0.169 0.475 0.328
172.560 16 0.386 0.178 0.475 0.333
172.600 16 0.388 0.181 0.477 0.339
172.640 16 0.389 0.186 0.477 0.342
172.680 16 0.389 0.189 0.478 0.347
172.720 16 0.389 0.186 0.481 0.350
172.760 16 0.392 0.192 0.484 0.356
172.800 16 0.392 0.194 0.483 0.358
172.840 16 0.394 0.200 0.487 0.364
172.880 16 0.395 0.203 0.487 0.367
172.920 16 0.400 0.206 0.492 0.369
172.960 16 0.402 0.208 0.492 0.372
173.000 16 0.405 0.203 0.502 0.375
173.040 16 0.408 0.206 0.505 0.375
173.080 16 0.412 0.203 0.506 0.369
173.120 16 0.409 0.197 0.508 0.372
173.160 16 0.412 0.197 0.509 0.367
173.200 16 0.409 0.189 0.508 0.364
173.240 16 0.411 0.186 0.509 0.361
173.280 16 0.409 0.181 0.508 0.353
173.320 16 0.409 0.167 0.506 0.342
173.360 16 0.408 0.161 0.506 0.336
173.400 16 0.405 0.147 0.503 0.322
173.440 16 0.402 0.136 0.502 0.314
173.480 16 0.403 0.122 0.503 0.300
173.520 16 0.397 0.111 0.498 0.292
173.560 16 0.395 0.097 0.498 0.278
173.600 16 0.392 0.081 0.495 0.264
173.640 16 0.388 0.064 0.492 0.250
173.680 16 0.381 0.047 0.486 0.233
173.720 16 0.378 0.028 0.484 0.217
173.760 16 0.372 0.008 0.478 0.200
173.800 16 0.366 -0.011 0.472 0.178
171.840 17 0.550 0.261 0.642 0.428
171.880 17 0.550 0.269 0.642 0.433
171.920 17 0.553 0.275 0.644 0.439
171.960 17 0.555 0.278 0.648 0.444
172.000 17 0.556 0.278 0.653 0.453
172.040 17 0.559 0.281 0.656 0.458
172.080 17 0.562 0.286 0.661 0.464
172.120 17 0.566 0.292 0.664 0.472
172.160 17 0.569 0.300 0.669 0.481
172.200 17 0.570 0.319 0.667 0.492
172.240 17 0.572 0.328 0.669 0.500
172.280 17 0.575 0.333 0.672 0.508
172.320 17 0.578 0.339 0.675 0.514
172.360 17 0.577 0.344 0.675 0.519
172.400 17 0.581 0.347 0.680 0.522
172.440 17 0.583 0.350 0.681 0.525
172.480 17 0.583 0.353 0.681 0.528
172.520 17 0.584 0.356 0.681 0.531
172.560 17 0.584 0.358 0.683 0.533
172.600 17 0.586 0.358 0.683 0.533
172.640 17 0.586 0.356 0.684 0.533
172.680 17 0.588 0.356 0.688 0.533
172.720 17 0.586 0.353 0.686 0.531
172.760 17 0.588 0.353 0.688 0.531
172.800 17 0.584 0.350 0.686 0.531
172.840 17 0.588 0.350 0.688 0.528
172.880 17 0.584 0.350 0.688 0.531
172.920 17 0.589 0.350 0.689 0.528
172.960 17 0.586 0.344 0.689 0.528
173.000 17 0.588 0.356 0.686 0.528
173.040 17 0.592 0.353 0.689 0.522
173.080 17 0.591 0.353 0.688 0.522
173.120 17 0.592 0.347 0.689 0.519
173.160 17 0.591 0.347 0.686 0.517
173.200 17 0.591 0.344 0.688 0.514
173.240 17 0.589 0.336 0.688 0.508
173.280 17 0.588 0.331 0.684 0.500
173.320 17 0.586 0.322 0.686 0.497
173.360 17 0.586 0.317 0.684 0.489
173.400 17 0.586 0.308 0.684 0.481
173.440 17 0.584 0.303 0.681 0.472
173.480 17 0.584 0.294 0.683 0.467
173.520 17 0.584 0.289 0.683 0.461
173.560 17 0.583 0.283 0.680 0.453
173.600 17 0.584 0.275 0.681 0.447
173.640 17 0.584 0.269 0.683 0.442
173.680 17 0.583 0.261 0.681 0.433
173.720 17 0.583 0.256 0.681 0.428
173.760 17 0.581 0.247 0.681 0.422
173.800 17 0.580 0.236 0.681 0.414
173.840 17 0.578 0.231 0.677 0.406
173.880 17 0.577 0.217 0.680 0.397
173.920 17 0.577 0.206 0.678 0.383
173.960 17 0.575 0.194 0.678 0.375
174.000 17 0.577 0.183 0.675 0.356
174.040 17 0.575 0.169 0.675 0.344
174.080 17 0.573 0.150 0.678 0.333
174.120 17 0.570 0.147 0.672 0.322
174.160 17 0.569 0.136 0.670 0.314
174.200 17 0.569 0.122 0.669 0.300
174.240 17 0.569 0.114 0.672 0.294
174.280 17 0.566 0.100 0.673 0.289
174.320 17 0.562 0.089 0.669 0.275
174.360 17 0.561 0.075 0.669 0.264
174.400 17 0.559 0.064 0.667 0.253
174.440 17 0.558 0.053 0.666 0.242
174.480 17 0.556 0.042 0.666 0.233
174.520 17 0.555 0.031 0.664 0.222
174.560 17 0.553 0.019 0.662 0.211
174.600 17 0.552 0.008 0.661 0.200
174.640 17 0.548 -0.003 0.658 0.189
174.680 17 0.547 -0.014 0.656 0.178
174.720 17 0.545 -0.022 0.656 0.169
174.760 17 0.544 -0.033 0.655 0.161
174.800 17 0.542 -0.042 0.653 0.150
174.840 17 0.539 -0.050 0.650 0.142
174.880 17 0.537 -0.061 0.648 0.136
174.920 17 0.533 -0.069 0.644 0.128
174.960 17 0.533 -0.078 0.645 0.119
175.000 17 0.530 -0.083 0.641 0.111
179.720 18 0.512 -0.217 0.833 0.417
179.760 18 0.502 -0.211 0.828 0.433
179.800 18 0.500 -0.211 0.834 0.453
179.840 18 0.492 -0.197 0.827 0.467
179.880 18 0.486 -0.178 0.817 0.475
179.920 18 0.475 -0.175 0.812 0.492
179.960 18 0.463 -0.175 0.806 0.506
180.000 18 0.448 -0.167 0.797 0.522
180.040 18 0.428 -0.172 0.794 0.550
180.080 18 0.445 -0.144 0.789 0.536
180.120 18 0.436 -0.133 0.780 0.544
180.160 18 0.444 -0.125 0.783 0.547
180.200 18 0.431 -0.122 0.775 0.558
180.240 18 0.442 -0.128 0.795 0.569
180.280 18 0.434 -0.119 0.781 0.567
180.320 18 0.438 -0.117 0.784 0.569
180.360 18 0.438 -0.136 0.803 0.586
180.400 18 0.438 -0.122 0.787 0.569
180.440 18 0.450 -0.119 0.792 0.561
180.480 18 0.439 -0.128 0.789 0.561
180.520 18 0.452 -0.128 0.798 0.556
180.560 18 0.447 -0.136 0.791 0.544
180.600 18 0.458 -0.153 0.803 0.528
180.640 18 0.453 -0.167 0.802 0.525
180.680 18 0.467 -0.164 0.811 0.517
180.720 18 0.453 -0.167 0.802 0.522
180.760 18 0.448 -0.178 0.820 0.558
180.800 18 0.448 -0.150 0.817 0.578
180.840 18 0.445 -0.122 0.814 0.606
180.880 18 0.442 -0.089 0.811 0.639
180.920 18 0.436 -0.078 0.811 0.664
180.960 18 0.425 -0.078 0.811 0.683
181.000 18 0.398 -0.117 0.817 0.711
181.040 18 0.397 -0.125 0.816 0.700
181.080 18 0.395 -0.142 0.812 0.683
181.120 18 0.392 -0.167 0.814 0.669
181.160 18 0.398 -0.186 0.831 0.667
181.200 18 0.384 -0.203 0.827 0.669
181.240 18 0.380 -0.208 0.834 0.692
181.280 18 0.377 -0.206 0.841 0.711
181.320 18 0.372 -0.206 0.848 0.736
181.360 18 0.366 -0.208 0.858 0.764
181.400 18 0.358 -0.208 0.866 0.794
181.440 18 0.344 -0.203 0.856 0.808
181.480 18 0.361 -0.200 0.872 0.808
181.520 18 0.350 -0.214 0.863 0.800
181.520 18 0.461 -0.031 0.792 0.622
181.560 18 0.463 -0.061 0.797 0.603
181.600 18 0.467 -0.092 0.800 0.567
181.640 18 0.467 -0.092 0.787 0.542
181.680 18 0.463 -0.094 0.794 0.561
181.720 18 0.445 -0.097 0.789 0.583
181.760 18 0.431 -0.100 0.794 0.619
181.800 18 0.403 -0.114 0.797 0.664
181.840 18 0.406 -0.111 0.803 0.672
181.880 18 0.392 -0.111 0.795 0.686
181.920 18 0.384 -0.106 0.761 0.642
181.960 18 0.406 -0.094 0.764 0.611
182.000 18 0.409 -0.097 0.758 0.592
182.040 18 0.408 -0.097 0.755 0.586
182.080 18 0.394 -0.097 0.747 0.600
182.120 18 0.381 -0.092 0.736 0.611
182.160 18 0.378 -0.067 0.731 0.631
182.200 18 0.381 -0.033 0.720 0.636
182.240 18 0.386 -0.031 0.720 0.631
182.280 18 0.384 -0.033 0.717 0.622
182.320 18 0.384 -0.039 0.714 0.614
182.360 18 0.380 -0.031 0.702 0.608
182.400 19 0.673 0.172 0.758 0.325
182.440 19 0.672 0.178 0.755 0.328
182.480 19 0.672 0.181 0.755 0.331
182.520 19 0.672 0.181 0.756 0.333
182.560 19 0.672 0.183 0.755 0.333
182.600 19 0.670 0.183 0.753 0.333
182.640 19 0.673 0.183 0.755 0.331
182.680 19 0.673 0.183 0.755 0.331
182.720 19 0.673 0.181 0.755 0.331
182.760 19 0.675 0.181 0.756 0.331
182.800 19 0.672 0.181 0.753 0.328
182.840 19 0.673 0.183 0.756 0.331
182.880 19 0.672 0.183 0.752 0.331
182.920 19 0.672 0.183 0.752 0.331
182.960 19 0.670 0.183 0.750 0.328
183.000 19 0.670 0.183 0.750 0.328
183.040 19 0.666 0.175 0.755 0.339
183.080 19 0.664 0.175 0.755 0.336
183.120 19 0.664 0.175 0.755 0.336
183.160 19 0.664 0.175 0.755 0.336
183.200 19 0.664 0.175 0.755 0.333
183.240 19 0.664 0.175 0.755 0.333
183.280 19 0.664 0.175 0.753 0.333
183.320 19 0.664 0.175 0.753 0.333
183.360 19 0.662 0.175 0.750 0.333
183.400 19 0.662 0.175 0.750 0.333
183.440 19 0.664 0.175 0.752 0.333
183.480 19 0.662 0.175 0.750 0.333
183.520 19 0.662 0.175 0.750 0.333
183.560 19 0.666 0.175 0.752 0.331
183.600 19 0.661 0.175 0.748 0.331
183.640 19 0.664 0.175 0.752 0.331
183.680 19 0.664 0.175 0.750 0.328
183.720 19 0.667 0.175 0.752 0.328
183.760 19 0.666 0.175 0.750 0.328
183.800 19 0.666 0.175 0.752 0.328
183.840 19 0.669 0.175 0.753 0.328
183.880 19 0.667 0.175 0.752 0.325
183.920 19 0.669 0.172 0.755 0.325
183.960 19 0.669 0.172 0.753 0.325
184.000 19 0.664 0.164 0.761 0.336
184.040 19 0.666 0.164 0.764 0.336
184.080 19 0.661 0.161 0.759 0.336
184.120 19 0.666 0.164 0.766 0.339
184.160 19 0.662 0.158 0.762 0.336
184.200 19 0.662 0.156 0.761 0.333
184.240 19 0.661 0.153 0.762 0.333
184.280 19 0.659 0.150 0.761 0.331
184.320 19 0.661 0.150 0.761 0.328
184.360 19 0.659 0.150 0.759 0.328
184.400 19 0.662 0.144 0.764 0.325
184.440 19 0.661 0.142 0.761 0.319
184.480 19 0.662 0.139 0.762 0.319
184.520 19 0.661 0.139 0.761 0.317
184.560 19 0.664 0.139 0.764 0.317
184.600 19 0.658 0.139 0.758 0.317
184.640 19 0.662 0.144 0.762 0.319
184.680 19 0.658 0.144 0.756 0.319
184.720 19 0.662 0.147 0.761 0.322
184.760 19 0.659 0.147 0.758 0.322
184.800 19 0.662 0.147 0.761 0.322
184.840 19 0.662 0.147 0.761 0.325
184.880 19 0.662 0.150 0.762 0.325
184.920 19 0.664 0.150 0.762 0.325
184.960 19 0.664 0.150 0.762 0.325
185.000 20 0.552 0.183 0.719 0.483
185.040 20 0.534 0.150 0.734 0.506
185.080 20 0.531 0.153 0.727 0.500
185.120 20 0.531 0.150 0.728 0.503
185.160 20 0.528 0.153 0.723 0.500
185.200 20 0.531 0.153 0.725 0.497
185.240 20 0.527 0.153 0.720 0.497
185.280 20 0.525 0.150 0.719 0.497
185.320 20 0.522 0.150 0.716 0.497
185.360 20 0.519 0.150 0.713 0.497
185.400 20 0.517 0.150 0.709 0.494
185.440 20 0.516 0.153 0.706 0.494
185.480 20 0.514 0.153 0.705 0.492
185.520 20 0.509 0.153 0.700 0.492
185.560 20 0.511 0.153 0.703 0.492
185.600 20 0.512 0.156 0.703 0.494
185.640 20 0.508 0.158 0.692 0.486
185.680 20 0.514 0.161 0.697 0.489
185.720 20 0.508 0.164 0.689 0.489
185.760 20 0.516 0.169 0.695 0.492
185.800 20 0.509 0.169 0.691 0.492
185.840 20 0.516 0.169 0.695 0.489
185.880 20 0.517 0.172 0.694 0.489
185.920 20 0.516 0.169 0.694 0.489
185.960 20 0.519 0.169 0.697 0.489
186.000 20 0.505 0.142 0.706 0.500
186.040 20 0.514 0.161 0.697 0.489
186.080 20 0.522 0.164 0.702 0.486
186.120 20 0.519 0.164 0.698 0.486
186.160 20 0.523 0.164 0.705 0.489
186.200 20 0.520 0.164 0.703 0.489
186.240 20 0.527 0.167 0.709 0.492
186.280 20 0.523 0.167 0.706 0.492
186.320 20 0.523 0.167 0.709 0.497
186.360 20 0.523 0.167 0.709 0.497
186.400 20 0.523 0.167 0.709 0.497
186.440 20 0.523 0.167 0.709 0.500
186.480 20 0.523 0.167 0.709 0.500
186.520 20 0.525 0.169 0.713 0.503
186.560 20 0.527 0.169 0.716 0.503
186.600 20 0.530 0.167 0.719 0.506
186.640 20 0.533 0.167 0.722 0.506
186.680 20 0.534 0.167 0.725 0.508
186.720 20 0.537 0.167 0.728 0.508
186.760 20 0.539 0.169 0.731 0.508
186.800 20 0.542 0.169 0.731 0.511
186.840 20 0.544 0.172 0.733 0.514
186.880 20 0.545 0.178 0.734 0.514
186.920 20 0.539 0.183 0.728 0.519
186.960 20 0.542 0.189 0.730 0.522
187.000 20 0.552 0.217 0.719 0.517
187.040 20 0.550 0.225 0.716 0.522
187.080 20 0.548 0.228 0.713 0.522
187.120 20 0.545 0.225 0.709 0.519
187.160 20 0.548 0.225 0.713 0.519
187.200 20 0.547 0.225 0.711 0.519
187.240 20 0.548 0.225 0.713 0.522
187.280 20 0.545 0.228 0.708 0.519
187.320 20 0.544 0.225 0.709 0.522
187.360 20 0.542 0.222 0.709 0.522
187.400 20 0.544 0.219 0.711 0.519
187.440 20 0.541 0.214 0.709 0.517
187.480 20 0.544 0.208 0.714 0.514
187.520 20 0.542 0.208 0.711 0.514
187.560 20 0.545 0.211 0.716 0.514
187.600 20 0.544 0.217 0.711 0.517
187.640 20 0.545 0.219 0.713 0.519
187.680 20 0.545 0.219 0.713 0.519
187.720 20 0.545 0.217 0.716 0.519
187.760 20 0.548 0.214 0.716 0.514
187.800 20 0.548 0.208 0.717 0.514
187.840 20 0.550 0.211 0.719 0.511
187.880 20 0.550 0.211 0.719 0.514
187.920 20 0.552 0.211 0.717 0.511
187.960 20 0.548 0.214 0.717 0.514
188.000 20 0.552 0.217 0.719 0.517
188.040 20 0.548 0.189 0.731 0.517
188.080 20 0.550 0.186 0.733 0.514
188.120 20 0.550 0.183 0.734 0.514
188.160 20 0.552 0.183 0.734 0.511
188.200 20 0.553 0.183 0.738 0.514
188.240 20 0.550 0.181 0.736 0.511
188.280 20 0.555 0.186 0.736 0.514
188.320 20 0.547 0.189 0.731 0.517
188.360 20 0.548 0.189 0.730 0.514
188.400 20 0.545 0.183 0.728 0.511
188.440 20 0.542 0.178 0.727 0.506
188.480 20 0.536 0.169 0.719 0.497
188.520 20 0.537 0.167 0.720 0.492
188.560 20 0.533 0.164 0.716 0.489
188.600 20 0.536 0.164 0.717 0.486
188.640 20 0.536 0.164 0.717 0.489
188.680 20 0.537 0.167 0.719 0.489
188.720 20 0.537 0.167 0.720 0.492
188.760 20 0.539 0.169 0.722 0.494
188.800 20 0.541 0.169 0.725 0.494
188.840 20 0.544 0.167 0.728 0.497
188.880 20 0.547 0.169 0.730 0.497
188.920 20 0.550 0.172 0.733 0.497
188.960 20 0.553 0.172 0.736 0.500
189.000 20 0.550 0.142 0.752 0.500
189.040 20 0.548 0.147 0.747 0.500
189.080 20 0.544 0.147 0.739 0.494
189.120 20 0.548 0.150 0.744 0.497
189.160 20 0.548 0.144 0.747 0.497
189.200 20 0.545 0.147 0.741 0.494
189.240 20 0.547 0.144 0.744 0.497
189.280 20 0.548 0.147 0.747 0.500
189.320 20 0.544 0.147 0.742 0.500
189.360 20 0.547 0.147 0.745 0.503
189.400 20 0.541 0.147 0.741 0.503
189.440 20 0.544 0.147 0.744 0.503
189.480 20 0.539 0.150 0.738 0.503
189.520 20 0.542 0.153 0.741 0.506
189.560 20 0.536 0.158 0.734 0.511
189.600 20 0.539 0.164 0.739 0.517
189.640 20 0.533 0.164 0.734 0.522
189.680 20 0.534 0.164 0.739 0.528
189.720 20 0.531 0.167 0.733 0.528
189.760 20 0.533 0.169 0.736 0.531
189.800 20 0.533 0.169 0.739 0.536
189.840 20 0.528 0.181 0.731 0.542
189.880 20 0.533 0.189 0.734 0.544
189.920 20 0.527 0.186 0.731 0.550
189.960 20 0.530 0.181 0.734 0.547
190.000 20 0.527 0.183 0.728 0.542
190.040 20 0.542 0.203 0.728 0.536
190.080 20 0.541 0.200 0.728 0.536
190.120 20 0.539 0.203 0.725 0.533
190.160 20 0.544 0.203 0.730 0.536
190.200 20 0.544 0.206 0.725 0.531
190.240 20 0.541 0.203 0.727 0.536
190.280 20 0.547 0.203 0.733 0.533
190.320 20 0.541 0.200 0.727 0.533
190.360 20 0.544 0.200 0.731 0.533
190.400 20 0.545 0.200 0.733 0.536
190.440 20 0.541 0.203 0.728 0.536
190.480 20 0.544 0.203 0.731 0.539
190.520 20 0.544 0.203 0.731 0.539
190.560 20 0.545 0.203 0.733 0.536
190.600 20 0.542 0.203 0.730 0.536
190.640 20 0.544 0.203 0.731 0.536
190.680 20 0.545 0.203 0.731 0.536
190.720 20 0.539 0.203 0.727 0.536
190.760 20 0.547 0.203 0.733 0.536
190.800 20 0.544 0.206 0.730 0.536
190.840 20 0.550 0.203 0.734 0.531
190.880 20 0.547 0.200 0.731 0.528
190.920 20 0.553 0.197 0.738 0.525
190.960 20 0.552 0.194 0.736 0.519
191.000 20 0.570 0.217 0.738 0.517
191.040 20 0.577 0.219 0.736 0.503
191.080 20 0.580 0.219 0.736 0.500
191.120 20 0.581 0.217 0.739 0.500
191.160 20 0.583 0.217 0.739 0.497
191.200 20 0.584 0.219 0.742 0.500
191.240 20 0.580 0.217 0.736 0.497
191.280 20 0.584 0.219 0.741 0.497
191.320 20 0.580 0.219 0.736 0.497
191.360 20 0.581 0.219 0.738 0.500
191.400 20 0.577 0.222 0.733 0.500
191.440 20 0.578 0.222 0.734 0.503
191.480 20 0.573 0.222 0.730 0.503
191.520 20 0.575 0.222 0.731 0.503
191.560 20 0.570 0.222 0.727 0.503
191.600 20 0.572 0.225 0.728 0.503
191.640 20 0.569 0.222 0.725 0.503
191.680 20 0.570 0.222 0.727 0.500
191.720 20 0.566 0.222 0.722 0.497
191.760 20 0.561 0.219 0.716 0.497
191.800 20 0.556 0.217 0.711 0.494
191.840 20 0.548 0.214 0.702 0.489
191.880 20 0.539 0.211 0.694 0.486
191.920 20 0.534 0.208 0.688 0.483
191.960 20 0.536 0.208 0.678 0.461
192.000 20 0.536 0.208 0.677 0.458
192.040 20 0.539 0.208 0.681 0.458
192.080 20 0.539 0.208 0.678 0.456
192.120 20 0.539 0.208 0.677 0.456
192.160 20 0.542 0.206 0.681 0.453
192.200 20 0.541 0.206 0.680 0.453
192.240 20 0.545 0.206 0.683 0.450
192.280 20 0.542 0.203 0.683 0.450
192.320 20 0.547 0.203 0.686 0.450
192.360 20 0.542 0.200 0.684 0.453
192.400 20 0.542 0.203 0.684 0.453
192.440 20 0.544 0.203 0.684 0.456
192.480 20 0.545 0.206 0.686 0.456
192.520 20 0.545 0.208 0.698 0.481
192.560 20 0.555 0.208 0.706 0.481
192.600 20 0.561 0.211 0.713 0.481
192.640 20 0.566 0.208 0.717 0.481
192.680 20 0.573 0.208 0.727 0.481
192.720 20 0.572 0.208 0.725 0.483
192.760 20 0.575 0.208 0.730 0.483
192.800 20 0.575 0.206 0.730 0.483
192.840 20 0.577 0.206 0.731 0.483
192.880 20 0.577 0.208 0.733 0.486
192.920 20 0.575 0.208 0.731 0.486
192.960 20 0.577 0.208 0.733 0.489
193.000 20 0.570 0.217 0.738 0.517
193.040 20 0.555 0.181 0.738 0.506
193.080 20 0.562 0.186 0.744 0.508
193.120 20 0.553 0.183 0.738 0.511
193.160 20 0.562 0.183 0.747 0.514
193.200 20 0.555 0.183 0.738 0.508
193.240 20 0.561 0.186 0.744 0.511
193.280 20 0.558 0.181 0.742 0.511
193.320 20 0.562 0.183 0.747 0.511
193.360 20 0.558 0.181 0.744 0.511
193.400 20 0.562 0.183 0.747 0.511
193.440 20 0.559 0.178 0.745 0.508
193.480 20 0.564 0.181 0.748 0.511
193.520 20 0.561 0.178 0.745 0.508
193.560 20 0.564 0.181 0.748 0.508
193.600 20 0.562 0.178 0.745 0.508
193.640 20 0.566 0.181 0.750 0.508
193.680 20 0.562 0.181 0.748 0.511
193.720 20 0.566 0.186 0.747 0.508
193.760 20 0.561 0.186 0.741 0.506
193.800 20 0.567 0.186 0.748 0.508
193.840 20 0.562 0.183 0.744 0.506
193.880 20 0.567 0.186 0.748 0.508
193.920 20 0.561 0.183 0.744 0.508
193.960 20 0.566 0.181 0.748 0.508
194.000 20 0.550 0.142 0.752 0.500
194.040 20 0.553 0.172 0.742 0.508
194.080 20 0.558 0.175 0.744 0.506
194.120 20 0.552 0.172 0.739 0.508
194.160 20 0.558 0.178 0.741 0.506
194.200 20 0.552 0.181 0.736 0.508
194.240 20 0.555 0.183 0.739 0.511
194.280 20 0.547 0.186 0.733 0.517
194.320 20 0.550 0.192 0.733 0.519
194.360 20 0.542 0.197 0.725 0.522
194.400 20 0.536 0.200 0.719 0.525
194.440 20 0.534 0.200 0.716 0.525
194.480 20 0.533 0.200 0.713 0.522
194.520 20 0.536 0.200 0.717 0.522
194.560 20 0.533 0.197 0.716 0.525
194.600 20 0.537 0.197 0.720 0.522
194.640 20 0.536 0.197 0.717 0.522
194.680 20 0.542 0.197 0.723 0.519
194.720 20 0.539 0.194 0.722 0.519
194.760 20 0.547 0.194 0.727 0.514
194.800 20 0.544 0.189 0.723 0.511
194.840 20 0.547 0.189 0.727 0.508
194.880 20 0.545 0.186 0.725 0.508
194.920 20 0.545 0.186 0.725 0.506
194.960 20 0.545 0.186 0.725 0.506
195.000 20 0.552 0.217 0.719 0.517
195.040 20 0.553 0.217 0.722 0.519
195.080 20 0.559 0.217 0.728 0.519
195.120 20 0.556 0.214 0.725 0.519
195.160 20 0.562 0.217 0.731 0.519
195.200 20 0.558 0.214 0.728 0.519
195.240 20 0.564 0.217 0.733 0.519
195.280 20 0.562 0.214 0.733 0.519
195.320 20 0.562 0.214 0.731 0.519
195.360 20 0.559 0.211 0.730 0.517
195.400 20 0.559 0.206 0.730 0.514
195.440 20 0.559 0.203 0.731 0.508
195.480 20 0.559 0.200 0.731 0.506
195.520 20 0.558 0.200 0.728 0.506
195.560 20 0.561 0.203 0.731 0.508
195.600 20 0.559 0.206 0.728 0.511
195.640 20 0.559 0.206 0.730 0.511
195.680 20 0.559 0.208 0.730 0.514
195.720 20 0.561 0.208 0.731 0.514
195.760 20 0.562 0.211 0.731 0.514
195.800 20 0.564 0.211 0.733 0.517
195.840 20 0.562 0.211 0.736 0.522
195.880 20 0.562 0.214 0.731 0.517
195.920 20 0.567 0.214 0.734 0.517
195.960 20 0.562 0.214 0.730 0.514
196.000 20 0.570 0.217 0.738 0.517
210.240 21 0.441 0.278 0.497 0.378
210.280 21 0.438 0.281 0.492 0.378
210.320 21 0.434 0.281 0.489 0.378
210.360 21 0.431 0.283 0.486 0.381
210.400 21 0.427 0.281 0.483 0.381
210.440 21 0.422 0.281 0.478 0.381
210.480 21 0.419 0.283 0.475 0.381
210.520 21 0.414 0.283 0.472 0.386
210.560 21 0.409 0.286 0.467 0.386
210.600 21 0.406 0.289 0.463 0.386
210.640 21 0.402 0.289 0.458 0.389
210.680 21 0.397 0.292 0.453 0.392
210.720 21 0.392 0.292 0.448 0.394
210.760 21 0.389 0.297 0.445 0.397
210.800 21 0.384 0.297 0.442 0.397
210.840 21 0.381 0.297 0.439 0.400
210.880 21 0.377 0.300 0.434 0.403
210.920 21 0.372 0.303 0.430 0.406
210.960 21 0.369 0.306 0.425 0.406
211.000 21 0.364 0.306 0.420 0.406
211.040 21 0.359 0.308 0.416 0.406
211.080 21 0.356 0.308 0.411 0.406
211.120 21 0.352 0.311 0.408 0.411
211.160 21 0.348 0.311 0.405 0.411
211.200 21 0.344 0.314 0.400 0.414
211.240 21 0.339 0.314 0.395 0.414
211.280 21 0.336 0.314 0.392 0.414
211.320 21 0.333 0.314 0.388 0.414
211.360 21 0.328 0.314 0.383 0.414
211.400 21 0.323 0.317 0.378 0.414
211.440 21 0.320 0.314 0.373 0.411
211.480 21 0.316 0.314 0.370 0.411
211.520 21 0.311 0.314 0.366 0.408
211.560 21 0.308 0.314 0.361 0.411
211.600 21 0.303 0.314 0.358 0.411
211.640 21 0.302 0.314 0.353 0.408
211.680 21 0.298 0.317 0.350 0.408
211.720 21 0.295 0.317 0.347 0.406
211.760 21 0.294 0.317 0.344 0.406
211.800 21 0.291 0.317 0.341 0.406
211.840 21 0.289 0.317 0.339 0.406
211.880 21 0.287 0.314 0.339 0.406
211.920 21 0.284 0.311 0.336 0.403
211.960 21 0.284 0.311 0.334 0.403
212.000 21 0.281 0.308 0.333 0.400
212.040 21 0.280 0.308 0.330 0.400
212.080 21 0.278 0.308 0.330 0.397
212.120 21 0.277 0.306 0.327 0.397
212.160 21 0.275 0.306 0.325 0.394
212.200 21 0.273 0.303 0.323 0.392
212.240 21 0.270 0.300 0.320 0.389
212.280 21 0.267 0.300 0.319 0.389
212.320 21 0.266 0.297 0.316 0.389
212.360 21 0.263 0.297 0.314 0.386
212.400 21 0.261 0.294 0.311 0.383
212.440 21 0.258 0.292 0.309 0.383
212.480 21 0.255 0.292 0.306 0.383
212.520 21 0.253 0.292 0.303 0.383
212.560 21 0.250 0.292 0.302 0.383
212.600 21 0.248 0.292 0.300 0.381
212.640 21 0.247 0.289 0.297 0.378
212.680 21 0.247 0.289 0.297 0.375
212.720 21 0.245 0.286 0.295 0.375
212.760 21 0.245 0.286 0.294 0.372
212.800 21 0.245 0.283 0.294 0.372
212.840 21 0.245 0.283 0.294 0.369
212.880 21 0.245 0.283 0.294 0.369
212.920 21 0.245 0.281 0.294 0.367
212.960 21 0.244 0.281 0.294 0.367
213.000 21 0.244 0.281 0.292 0.367
213.040 21 0.242 0.278 0.292 0.367
213.080 21 0.242 0.278 0.291 0.367
213.120 21 0.241 0.278 0.291 0.364
213.160 21 0.241 0.278 0.289 0.364
213.200 21 0.241 0.275 0.289 0.361
213.240 21 0.241 0.275 0.289 0.361
213.280 21 0.239 0.275 0.287 0.361
213.320 21 0.239 0.278 0.287 0.361
213.360 21 0.237 0.278 0.286 0.364
213.400 21 0.239 0.281 0.286 0.364
213.440 21 0.237 0.281 0.284 0.364
213.480 21 0.237 0.281 0.284 0.364
213.520 21 0.234 0.281 0.281 0.364
213.560 21 0.236 0.281 0.283 0.364
213.600 21 0.234 0.281 0.281 0.364
213.640 21 0.234 0.281 0.281 0.364
213.680 21 0.233 0.283 0.280 0.364
232.120 22 0.561 0.203 0.675 0.403
232.160 22 0.566 0.200 0.678 0.403
232.200 22 0.564 0.200 0.678 0.400
232.240 22 0.569 0.194 0.683 0.397
232.280 22 0.569 0.189 0.684 0.392
232.320 22 0.570 0.186 0.684 0.389
232.360 22 0.573 0.183 0.688 0.386
232.400 22 0.572 0.178 0.688 0.383
232.440 22 0.577 0.178 0.691 0.381
232.480 22 0.575 0.175 0.691 0.381
232.520 22 0.578 0.172 0.694 0.378
232.560 22 0.577 0.172 0.691 0.375
232.600 22 0.580 0.172 0.695 0.375
232.640 22 0.580 0.172 0.695 0.378
232.680 22 0.581 0.172 0.697 0.378
232.720 22 0.578 0.172 0.694 0.378
232.760 22 0.581 0.172 0.697 0.378
232.800 22 0.578 0.169 0.695 0.378
232.840 22 0.583 0.172 0.698 0.378
232.880 22 0.583 0.169 0.700 0.381
232.920 22 0.584 0.172 0.702 0.381
232.960 22 0.586 0.172 0.703 0.381
233.000 22 0.589 0.172 0.706 0.381
233.040 22 0.592 0.172 0.709 0.381
233.080 22 0.597 0.172 0.714 0.381
233.120 22 0.597 0.172 0.714 0.381
233.160 22 0.594 0.169 0.713 0.381
233.200 22 0.584 0.167 0.705 0.381
233.240 22 0.558 0.144 0.700 0.397
233.280 22 0.550 0.147 0.691 0.400
233.320 22 0.542 0.150 0.683 0.400
233.360 22 0.537 0.153 0.678 0.403
233.400 22 0.539 0.156 0.680 0.406
233.440 22 0.542 0.158 0.683 0.408
233.480 22 0.544 0.161 0.686 0.414
233.520 22 0.545 0.164 0.689 0.417
233.560 22 0.548 0.167 0.691 0.419
233.600 22 0.550 0.167 0.695 0.425
233.640 22 0.550 0.169 0.697 0.428
233.680 22 0.556 0.169 0.703 0.431
233.720 22 0.559 0.169 0.706 0.433
233.760 22 0.561 0.169 0.709 0.436
233.800 22 0.562 0.169 0.711 0.436
233.840 22 0.562 0.169 0.714 0.439
233.880 22 0.561 0.167 0.713 0.439
233.920 22 0.564 0.164 0.720 0.442
233.960 22 0.562 0.161 0.720 0.442
234.000 22 0.567 0.158 0.725 0.442
234.040 22 0.572 0.156 0.731 0.439
234.080 22 0.572 0.156 0.730 0.436
234.120 22 0.575 0.153 0.734 0.436
234.160 22 0.580 0.153 0.741 0.436
234.200 22 0.578 0.150 0.741 0.439
234.240 22 0.583 0.147 0.745 0.436
234.280 22 0.589 0.147 0.752 0.439
234.320 22 0.591 0.147 0.755 0.439
234.360 22 0.594 0.147 0.758 0.439
234.400 22 0.595 0.147 0.761 0.442
234.440 22 0.598 0.147 0.764 0.442
234.480 22 0.600 0.147 0.767 0.442
234.520 22 0.598 0.144 0.767 0.442
234.560 22 0.605 0.144 0.772 0.442
234.600 22 0.606 0.144 0.773 0.442
234.640 22 0.608 0.144 0.777 0.444
234.680 22 0.609 0.144 0.778 0.444
234.720 22 0.611 0.144 0.783 0.450
234.760 22 0.617 0.153 0.789 0.458
234.800 22 0.616 0.161 0.789 0.472
234.840 22 0.622 0.175 0.794 0.481
234.880 22 0.619 0.183 0.792 0.492
234.920 22 0.609 0.183 0.781 0.489
234.960 22 0.608 0.186 0.778 0.489
235.000 22 0.606 0.183 0.775 0.483
235.040 22 0.605 0.181 0.773 0.478
235.080 22 0.605 0.178 0.772 0.475
235.120 22 0.605 0.175 0.770 0.469
235.160 22 0.605 0.172 0.770 0.469
235.200 22 0.611 0.175 0.773 0.467
235.240 22 0.606 0.172 0.770 0.464
235.280 22 0.611 0.172 0.775 0.464
235.320 22 0.608 0.172 0.772 0.464
235.360 22 0.611 0.172 0.775 0.461
235.400 22 0.606 0.169 0.772 0.464
235.440 22 0.605 0.172 0.767 0.461
235.480 22 0.614 0.172 0.777 0.461
235.520 22 0.609 0.167 0.777 0.461
235.560 22 0.616 0.167 0.781 0.458
236.080 22 0.592 0.178 0.747 0.453
236.120 22 0.583 0.172 0.739 0.447
236.160 22 0.577 0.175 0.728 0.447
236.200 22 0.566 0.175 0.716 0.442
236.240 22 0.558 0.175 0.706 0.439
236.280 22 0.552 0.178 0.698 0.436
236.320 22 0.547 0.181 0.692 0.439
236.360 22 0.539 0.183 0.683 0.439
236.400 22 0.534 0.178 0.681 0.439
236.440 22 0.537 0.172 0.686 0.436
236.480 22 0.541 0.167 0.692 0.436
236.520 22 0.548 0.161 0.702 0.433
236.560 22 0.558 0.156 0.711 0.428
236.600 22 0.562 0.150 0.717 0.425
236.640 22 0.567 0.150 0.722 0.425
236.680 22 0.567 0.156 0.722 0.431
236.720 22 0.559 0.156 0.713 0.428
236.760 22 0.550 0.161 0.705 0.436
236.800 22 0.542 0.161 0.695 0.431
236.840 22 0.537 0.169 0.684 0.431
236.880 22 0.530 0.169 0.675 0.431
236.920 22 0.522 0.169 0.667 0.428
236.960 22 0.522 0.164 0.667 0.422
237.000 22 0.525 0.156 0.673 0.419
237.040 22 0.530 0.150 0.678 0.414
237.080 22 0.537 0.144 0.688 0.408
237.120 22 0.536 0.142 0.688 0.411
237.160 22 0.542 0.142 0.695 0.411
237.200 22 0.539 0.144 0.689 0.414
237.240 22 0.541 0.147 0.692 0.417
237.280 22 0.536 0.153 0.680 0.408
237.320 22 0.541 0.153 0.686 0.411
237.360 22 0.536 0.156 0.680 0.408
237.400 22 0.536 0.156 0.683 0.414
237.440 22 0.531 0.153 0.678 0.414
237.480 22 0.536 0.156 0.683 0.414
237.520 22 0.531 0.156 0.675 0.411
237.560 22 0.534 0.156 0.678 0.408
237.600 22 0.537 0.153 0.681 0.411
237.640 22 0.533 0.153 0.677 0.411
237.680 22 0.539 0.156 0.684 0.414
237.720 22 0.536 0.161 0.678 0.414
237.760 22 0.544 0.164 0.688 0.419
237.800 22 0.539 0.164 0.681 0.417
237.840 22 0.544 0.161 0.688 0.417
237.880 22 0.544 0.161 0.686 0.411
237.920 22 0.548 0.156 0.691 0.408
237.960 22 0.545 0.150 0.689 0.408
238.000 22 0.552 0.153 0.692 0.403
238.040 22 0.539 0.144 0.692 0.417
238.080 22 0.542 0.142 0.697 0.417
238.120 22 0.545 0.142 0.697 0.414
238.160 22 0.550 0.142 0.702 0.414
238.200 22 0.553 0.139 0.708 0.417
238.240 22 0.558 0.139 0.713 0.417
238.280 22 0.562 0.139 0.717 0.417
238.320 22 0.569 0.139 0.723 0.417
238.360 22 0.570 0.139 0.727 0.417
238.400 22 0.570 0.139 0.727 0.419
238.440 22 0.577 0.139 0.733 0.419
238.480 22 0.578 0.139 0.736 0.419
238.520 22 0.581 0.142 0.739 0.422
238.560 22 0.583 0.142 0.742 0.425
238.600 22 0.584 0.144 0.745 0.431
238.640 22 0.588 0.144 0.747 0.431
238.680 22 0.588 0.147 0.748 0.436
238.720 22 0.589 0.147 0.752 0.439
238.760 22 0.589 0.150 0.753 0.442
238.800 22 0.589 0.153 0.753 0.444
238.840 22 0.588 0.150 0.755 0.447
238.880 22 0.589 0.153 0.753 0.447
238.920 22 0.586 0.153 0.748 0.444
238.960 22 0.586 0.153 0.750 0.444
239.000 22 0.570 0.150 0.738 0.450
239.040 22 0.583 0.161 0.730 0.422
239.080 22 0.581 0.161 0.728 0.422
239.120 22 0.578 0.161 0.723 0.419
239.160 22 0.575 0.164 0.716 0.417
239.200 22 0.572 0.169 0.711 0.417
239.240 22 0.572 0.169 0.714 0.422
239.280 22 0.567 0.175 0.709 0.425
239.320 22 0.569 0.175 0.713 0.431
239.360 22 0.567 0.178 0.711 0.433
239.400 22 0.567 0.181 0.711 0.436
239.440 22 0.569 0.186 0.713 0.439
239.480 22 0.570 0.189 0.713 0.442
239.520 22 0.572 0.189 0.713 0.439
239.560 22 0.575 0.189 0.716 0.439
239.600 22 0.575 0.189 0.716 0.439
239.640 22 0.578 0.189 0.719 0.439
239.680 22 0.580 0.192 0.720 0.439
239.720 22 0.580 0.189 0.720 0.439
239.760 22 0.584 0.189 0.725 0.439
239.800 22 0.583 0.189 0.722 0.436
239.840 22 0.584 0.186 0.725 0.436
239.880 22 0.584 0.189 0.722 0.433
239.920 22 0.588 0.189 0.722 0.431
239.960 22 0.586 0.189 0.722 0.431
240.000 22 0.602 0.197 0.719 0.403
240.040 22 0.592 0.183 0.722 0.414
240.080 22 0.592 0.186 0.720 0.411
240.120 22 0.592 0.183 0.722 0.414
240.160 22 0.595 0.186 0.722 0.411
240.200 22 0.595 0.183 0.723 0.411
240.240 22 0.597 0.186 0.723 0.411
240.280 22 0.597 0.183 0.727 0.411
240.320 22 0.600 0.186 0.727 0.408
240.360 22 0.600 0.183 0.728 0.411
240.400 22 0.605 0.186 0.731 0.408
240.440 22 0.603 0.186 0.728 0.411
240.480 22 0.606 0.189 0.733 0.411
240.520 22 0.605 0.189 0.731 0.414
240.560 22 0.606 0.189 0.734 0.414
240.600 22 0.608 0.189 0.736 0.417
240.640 22 0.609 0.192 0.738 0.417
240.680 22 0.609 0.192 0.738 0.419
240.720 22 0.611 0.192 0.739 0.419
240.760 22 0.606 0.194 0.736 0.422
240.800 22 0.608 0.194 0.738 0.425
240.840 22 0.602 0.197 0.730 0.425
240.880 22 0.597 0.197 0.728 0.428
240.920 22 0.591 0.197 0.720 0.428
240.960 22 0.581 0.194 0.713 0.425
241.000 22 0.567 0.181 0.708 0.431
241.040 22 0.566 0.172 0.703 0.417
241.080 22 0.561 0.169 0.698 0.414
241.120 22 0.556 0.167 0.695 0.411
241.160 22 0.555 0.164 0.694 0.411
241.200 22 0.553 0.164 0.692 0.411
241.240 22 0.553 0.164 0.694 0.411
241.280 22 0.553 0.164 0.692 0.414
241.320 22 0.552 0.167 0.691 0.414
241.360 22 0.555 0.167 0.692 0.411
241.400 22 0.552 0.169 0.686 0.408
241.440 22 0.555 0.167 0.689 0.406
241.480 22 0.553 0.164 0.688 0.403
241.520 22 0.558 0.161 0.691 0.400
241.560 22 0.556 0.158 0.689 0.397
241.600 22 0.561 0.158 0.692 0.394
241.640 22 0.558 0.156 0.691 0.392
241.680 22 0.562 0.156 0.695 0.392
241.720 22 0.559 0.153 0.694 0.389
241.760 22 0.564 0.150 0.697 0.389
241.800 22 0.561 0.150 0.695 0.386
241.840 22 0.564 0.147 0.698 0.386
241.880 22 0.562 0.147 0.697 0.386
241.920 22 0.566 0.147 0.700 0.386
241.960 22 0.566 0.147 0.700 0.386
242.000 22 0.564 0.147 0.698 0.386
242.040 22 0.564 0.144 0.702 0.389
242.080 22 0.566 0.144 0.703 0.389
242.120 22 0.566 0.144 0.705 0.392
242.160 22 0.567 0.144 0.706 0.392
242.200 22 0.567 0.144 0.708 0.394
242.240 22 0.570 0.144 0.711 0.394
242.280 22 0.570 0.144 0.713 0.397
242.320 22 0.572 0.144 0.716 0.400
242.360 22 0.573 0.144 0.719 0.403
242.400 22 0.573 0.144 0.720 0.406
242.440 22 0.575 0.144 0.722 0.408
242.480 22 0.577 0.147 0.725 0.411
242.520 22 0.575 0.150 0.722 0.411
242.560 22 0.578 0.150 0.725 0.408
242.600 22 0.575 0.150 0.720 0.408
242.640 22 0.578 0.150 0.723 0.408
242.680 22 0.575 0.150 0.719 0.408
242.720 22 0.573 0.153 0.717 0.408
242.760 22 0.570 0.156 0.716 0.411
242.800 22 0.567 0.158 0.711 0.417
242.840 22 0.562 0.161 0.706 0.417
242.880 22 0.559 0.161 0.703 0.417
242.920 22 0.555 0.161 0.698 0.417
242.960 22 0.550 0.158 0.695 0.417
243.000 22 0.552 0.153 0.692 0.403
243.040 22 0.552 0.153 0.692 0.400
243.080 22 0.555 0.150 0.697 0.403
243.120 22 0.550 0.150 0.694 0.408
243.160 22 0.559 0.158 0.705 0.417
243.200 22 0.559 0.169 0.703 0.428
243.240 22 0.567 0.175 0.711 0.431
243.280 22 0.572 0.178 0.716 0.431
243.320 22 0.569 0.172 0.716 0.431
243.360 22 0.573 0.167 0.720 0.428
243.400 22 0.567 0.161 0.713 0.422
243.440 22 0.572 0.158 0.717 0.414
243.480 22 0.570 0.156 0.714 0.411
243.520 22 0.573 0.153 0.717 0.408
243.560 22 0.572 0.153 0.714 0.406
243.600 22 0.575 0.153 0.717 0.403
243.640 22 0.573 0.153 0.714 0.403
243.680 22 0.577 0.150 0.717 0.403
235.400 23 0.616 0.200 0.755 0.447
235.440 23 0.611 0.200 0.750 0.447
235.480 23 0.616 0.197 0.755 0.444
235.520 23 0.614 0.194 0.753 0.444
235.560 23 0.623 0.194 0.761 0.436
235.600 23 0.627 0.186 0.766 0.431
235.640 23 0.627 0.183 0.766 0.428
235.680 23 0.631 0.178 0.770 0.425
235.720 23 0.628 0.172 0.770 0.422
235.760 23 0.628 0.172 0.769 0.419
235.800 23 0.630 0.178 0.767 0.422
235.840 23 0.623 0.181 0.766 0.433
235.880 23 0.619 0.183 0.761 0.436
235.920 23 0.611 0.181 0.752 0.433
235.960 23 0.606 0.172 0.753 0.433
236.000 23 0.598 0.181 0.739 0.431
236.040 23 0.592 0.192 0.723 0.425
236.080 23 0.588 0.183 0.719 0.417
236.120 23 0.575 0.178 0.705 0.408
236.160 23 0.566 0.178 0.694 0.406
236.200 23 0.558 0.178 0.683 0.400
257.320 24 0.416 0.117 0.511 0.289
257.360 24 0.420 0.119 0.516 0.289
257.400 24 0.425 0.119 0.522 0.292
257.440 24 0.430 0.119 0.528 0.294
257.480 24 0.433 0.122 0.530 0.294
257.520 24 0.433 0.125 0.530 0.297
257.560 24 0.434 0.128 0.531 0.297
257.600 24 0.431 0.128 0.528 0.300
257.640 24 0.433 0.128 0.530 0.303
257.680 24 0.431 0.131 0.528 0.303
257.720 24 0.431 0.131 0.528 0.303
257.760 24 0.431 0.131 0.528 0.306
257.800 24 0.431 0.131 0.530 0.306
257.840 24 0.431 0.131 0.531 0.306
257.880 24 0.428 0.139 0.523 0.311
257.920 24 0.422 0.142 0.519 0.314
257.960 24 0.414 0.142 0.511 0.314
258.000 24 0.405 0.144 0.502 0.317
258.040 24 0.394 0.144 0.492 0.319
258.920 24 0.377 0.106 0.473 0.278
258.960 24 0.388 0.106 0.483 0.275
259.000 24 0.394 0.106 0.491 0.278
259.040 24 0.403 0.103 0.500 0.278
259.080 24 0.408 0.103 0.506 0.278
259.120 24 0.414 0.103 0.512 0.278
259.160 24 0.419 0.106 0.517 0.281
259.200 24 0.422 0.106 0.519 0.281
259.240 24 0.425 0.108 0.522 0.281
258.200 25 0.647 0.203 0.731 0.356
258.240 25 0.650 0.206 0.736 0.356
258.280 25 0.648 0.206 0.733 0.356
258.320 25 0.647 0.206 0.731 0.356
258.360 25 0.650 0.200 0.734 0.353
258.400 25 0.648 0.197 0.734 0.350
258.440 25 0.652 0.197 0.736 0.347
258.480 25 0.650 0.194 0.736 0.344
258.520 25 0.653 0.194 0.738 0.342
258.560 25 0.656 0.186 0.741 0.336
258.600 25 0.658 0.178 0.741 0.325
258.640 25 0.659 0.172 0.742 0.319
258.680 25 0.659 0.169 0.744 0.317
258.720 25 0.658 0.167 0.742 0.314
258.760 25 0.659 0.167 0.744 0.314
258.800 25 0.658 0.164 0.742 0.314
258.840 25 0.661 0.167 0.745 0.314
258.880 25 0.658 0.167 0.741 0.314
258.920 25 0.659 0.167 0.742 0.314
258.960 25 0.658 0.167 0.741 0.311
259.000 25 0.661 0.167 0.742 0.311
259.040 25 0.659 0.167 0.739 0.311
259.080 25 0.662 0.167 0.744 0.311
259.120 25 0.659 0.169 0.741 0.314
259.160 25 0.664 0.172 0.745 0.314
259.200 25 0.661 0.172 0.744 0.319
259.240 25 0.666 0.175 0.748 0.322
259.280 25 0.666 0.178 0.747 0.322
259.320 25 0.667 0.178 0.747 0.322
259.360 25 0.664 0.178 0.745 0.322
259.400 25 0.666 0.178 0.747 0.322
259.440 25 0.662 0.178 0.745 0.322
259.480 25 0.662 0.178 0.745 0.322
259.520 25 0.661 0.175 0.744 0.325
259.560 25 0.661 0.175 0.744 0.325
259.600 25 0.661 0.175 0.744 0.325
259.640 25 0.659 0.175 0.744 0.325
259.680 25 0.659 0.175 0.744 0.322
266.800 26 0.605 0.172 0.748 0.431
266.840 26 0.591 0.164 0.734 0.419
266.880 26 0.577 0.156 0.719 0.411
266.920 26 0.575 0.153 0.716 0.406
266.960 26 0.569 0.153 0.709 0.403
267.000 26 0.567 0.153 0.708 0.403
267.040 26 0.570 0.153 0.709 0.400
267.080 26 0.573 0.158 0.709 0.400
267.120 26 0.567 0.158 0.703 0.400
267.160 26 0.564 0.158 0.702 0.400
267.200 26 0.564 0.161 0.698 0.400
267.240 26 0.561 0.161 0.697 0.403
267.280 26 0.561 0.164 0.695 0.406
267.320 26 0.559 0.167 0.695 0.406
267.360 26 0.558 0.169 0.694 0.411
267.400 26 0.558 0.172 0.694 0.414
267.440 26 0.556 0.178 0.692 0.419
267.480 26 0.558 0.181 0.694 0.425
267.520 26 0.558 0.186 0.695 0.428
267.560 26 0.559 0.189 0.695 0.431
267.600 26 0.561 0.192 0.697 0.433
267.640 26 0.561 0.192 0.698 0.439
267.680 26 0.562 0.194 0.700 0.442
267.720 26 0.564 0.197 0.702 0.442
267.760 26 0.566 0.200 0.703 0.444
267.800 26 0.567 0.203 0.705 0.447
267.840 26 0.570 0.206 0.708 0.450
267.880 26 0.572 0.206 0.711 0.453
267.920 26 0.575 0.208 0.713 0.456
267.960 26 0.577 0.208 0.716 0.458
268.000 26 0.583 0.208 0.723 0.458
268.040 26 0.578 0.217 0.720 0.467
268.080 26 0.578 0.214 0.722 0.467
268.120 26 0.583 0.214 0.727 0.469
268.160 26 0.583 0.214 0.725 0.469
268.200 26 0.586 0.214 0.728 0.469
268.240 26 0.584 0.217 0.727 0.469
268.280 26 0.589 0.217 0.731 0.469
268.320 26 0.586 0.217 0.728 0.469
268.360 26 0.589 0.217 0.731 0.472
268.400 26 0.586 0.217 0.730 0.472
268.440 26 0.591 0.217 0.733 0.469
268.480 26 0.588 0.214 0.730 0.469
268.520 26 0.589 0.214 0.731 0.467
268.560 26 0.588 0.214 0.731 0.467
268.600 26 0.591 0.214 0.733 0.467
268.640 26 0.586 0.211 0.728 0.464
268.680 26 0.588 0.211 0.730 0.464
268.720 26 0.583 0.211 0.725 0.464
268.760 26 0.584 0.211 0.727 0.464
268.800 26 0.583 0.211 0.723 0.464
268.840 26 0.581 0.211 0.723 0.461
268.880 26 0.580 0.208 0.722 0.461
268.920 26 0.578 0.206 0.720 0.458
268.960 26 0.575 0.203 0.717 0.456
269.000 26 0.567 0.208 0.708 0.458
269.040 26 0.564 0.203 0.698 0.442
269.080 26 0.562 0.200 0.695 0.436
269.120 26 0.561 0.194 0.694 0.433
269.160 26 0.558 0.192 0.692 0.431
269.200 26 0.556 0.186 0.691 0.425
269.240 26 0.555 0.183 0.688 0.422
269.280 26 0.553 0.181 0.688 0.419
269.320 26 0.552 0.181 0.686 0.417
269.360 26 0.552 0.178 0.686 0.417
269.400 26 0.550 0.175 0.684 0.417
269.440 26 0.552 0.175 0.688 0.417
269.480 26 0.552 0.172 0.688 0.414
269.520 26 0.558 0.172 0.695 0.417
269.560 26 0.556 0.167 0.695 0.414
269.600 26 0.561 0.167 0.700 0.414
269.640 26 0.564 0.164 0.705 0.414
269.680 26 0.569 0.161 0.709 0.414
269.720 26 0.573 0.161 0.717 0.417
269.760 26 0.580 0.164 0.722 0.417
269.800 26 0.586 0.164 0.728 0.417
269.840 26 0.592 0.164 0.734 0.417
269.880 26 0.597 0.164 0.738 0.411
269.920 26 0.595 0.164 0.734 0.411
269.960 26 0.592 0.161 0.731 0.408
270.000 26 0.583 0.153 0.723 0.403
270.040 26 0.575 0.150 0.716 0.403
270.080 26 0.566 0.150 0.709 0.403
270.120 26 0.555 0.150 0.697 0.403
270.160 26 0.544 0.150 0.686 0.403
270.200 26 0.536 0.150 0.680 0.406
270.160 27 0.555 0.114 0.717 0.400
270.200 27 0.545 0.117 0.708 0.406
270.240 27 0.539 0.119 0.698 0.403
270.280 27 0.531 0.119 0.694 0.406
270.320 27 0.525 0.117 0.689 0.408
270.360 27 0.527 0.117 0.689 0.408
270.400 27 0.528 0.117 0.691 0.408
270.440 27 0.527 0.117 0.689 0.406
270.480 27 0.533 0.119 0.694 0.406
270.520 27 0.531 0.119 0.691 0.403
270.560 27 0.536 0.119 0.694 0.400
270.600 27 0.534 0.119 0.689 0.397
270.640 27 0.537 0.119 0.694 0.400
270.680 27 0.536 0.119 0.692 0.397
270.720 27 0.541 0.119 0.695 0.397
270.760 27 0.545 0.119 0.700 0.394
270.800 27 0.556 0.125 0.706 0.389
270.840 27 0.562 0.122 0.709 0.383
270.880 27 0.567 0.122 0.716 0.386
270.920 27 0.572 0.114 0.720 0.378
270.960 27 0.580 0.125 0.720 0.375
271.000 27 0.583 0.125 0.723 0.375
271.040 27 0.583 0.125 0.728 0.381
271.080 27 0.584 0.128 0.730 0.383
271.120 27 0.584 0.131 0.731 0.389
271.160 27 0.586 0.133 0.731 0.392
271.200 27 0.586 0.136 0.733 0.397
271.240 27 0.584 0.139 0.731 0.400
271.280 27 0.586 0.144 0.734 0.408
271.320 27 0.584 0.150 0.733 0.417
271.360 27 0.586 0.156 0.738 0.425
271.400 27 0.589 0.164 0.739 0.431
271.440 27 0.595 0.169 0.744 0.436
271.480 27 0.600 0.175 0.748 0.439
271.520 27 0.605 0.178 0.753 0.442
271.560 27 0.609 0.181 0.758 0.444
271.600 27 0.613 0.183 0.761 0.447
271.640 27 0.613 0.186 0.762 0.450
271.680 27 0.614 0.189 0.762 0.453
271.720 27 0.611 0.192 0.758 0.453
271.760 27 0.611 0.194 0.756 0.453
271.800 27 0.606 0.200 0.748 0.453
271.840 27 0.602 0.200 0.745 0.456
271.880 27 0.597 0.203 0.741 0.458
271.920 27 0.594 0.206 0.738 0.461
271.960 27 0.591 0.206 0.736 0.464
272.000 27 0.598 0.208 0.739 0.458
272.040 27 0.609 0.206 0.750 0.456
272.080 27 0.619 0.211 0.756 0.458
272.120 27 0.617 0.211 0.756 0.458
272.160 27 0.608 0.208 0.748 0.458
272.200 27 0.597 0.217 0.738 0.467
272.240 27 0.586 0.219 0.727 0.469
272.280 27 0.578 0.219 0.719 0.469
272.320 27 0.580 0.222 0.722 0.475
272.360 27 0.580 0.222 0.725 0.481
272.400 27 0.586 0.222 0.733 0.483
272.440 27 0.586 0.222 0.733 0.486
272.480 27 0.588 0.225 0.736 0.489
272.520 27 0.589 0.228 0.738 0.492
272.560 27 0.592 0.228 0.741 0.492
272.600 27 0.600 0.228 0.748 0.494
272.640 27 0.602 0.231 0.750 0.494
272.680 27 0.603 0.233 0.752 0.497
272.720 27 0.605 0.233 0.753 0.500
272.760 27 0.606 0.233 0.756 0.500
272.800 27 0.614 0.236 0.766 0.503
272.840 27 0.623 0.239 0.773 0.506
272.880 27 0.639 0.242 0.787 0.508
272.920 27 0.653 0.253 0.803 0.517
272.960 27 0.666 0.261 0.814 0.525
272.840 28 0.620 0.267 0.762 0.519
272.880 28 0.631 0.269 0.773 0.522
272.920 28 0.647 0.281 0.787 0.531
272.960 28 0.658 0.286 0.798 0.536
273.000 28 0.661 0.292 0.802 0.542
273.040 28 0.662 0.297 0.802 0.544
273.080 28 0.666 0.303 0.800 0.544
273.120 28 0.662 0.306 0.797 0.544
273.160 28 0.666 0.308 0.798 0.544
273.200 28 0.662 0.311 0.792 0.542
273.240 28 0.667 0.311 0.795 0.539
273.280 28 0.656 0.306 0.787 0.539
273.320 28 0.658 0.303 0.787 0.531
273.360 28 0.645 0.303 0.773 0.528
277.880 29 0.544 0.306 0.609 0.422
277.920 29 0.545 0.303 0.611 0.419
277.960 29 0.544 0.303 0.611 0.419
278.000 29 0.545 0.300 0.613 0.419
278.040 29 0.545 0.297 0.613 0.419
278.080 29 0.544 0.297 0.613 0.419
278.120 29 0.544 0.294 0.613 0.419
278.160 29 0.542 0.294 0.613 0.419
278.200 29 0.544 0.294 0.614 0.419
278.240 29 0.545 0.294 0.616 0.419
278.280 29 0.544 0.292 0.616 0.419
278.320 29 0.547 0.292 0.617 0.419
278.360 29 0.545 0.292 0.617 0.419
278.400 29 0.547 0.289 0.619 0.419
278.440 29 0.545 0.286 0.619 0.417
278.480 29 0.545 0.286 0.619 0.417
278.520 29 0.545 0.283 0.619 0.414
278.560 29 0.544 0.281 0.620 0.414
278.600 29 0.544 0.278 0.620 0.414
278.640 29 0.542 0.275 0.619 0.411
278.680 29 0.545 0.272 0.622 0.408
278.720 29 0.541 0.272 0.617 0.408
278.760 29 0.542 0.269 0.620 0.406
278.800 29 0.539 0.267 0.616 0.403
278.840 29 0.541 0.264 0.620 0.403
278.880 29 0.537 0.258 0.616 0.400
278.920 29 0.537 0.256 0.617 0.397
278.960 29 0.534 0.253 0.614 0.394
279.000 29 0.534 0.247 0.616 0.392
279.040 29 0.531 0.231 0.622 0.392
279.080 29 0.530 0.231 0.620 0.389
279.120 29 0.525 0.228 0.616 0.389
279.160 29 0.523 0.231 0.616 0.392
279.200 29 0.523 0.233 0.616 0.397
279.240 29 0.520 0.236 0.613 0.400
279.280 29 0.519 0.239 0.611 0.406
279.320 29 0.517 0.247 0.609 0.411
279.360 29 0.514 0.256 0.606 0.419
279.400 29 0.512 0.261 0.605 0.425
279.440 29 0.509 0.264 0.603 0.431
279.480 29 0.508 0.267 0.602 0.433
279.520 29 0.506 0.269 0.600 0.439
279.560 29 0.503 0.272 0.598 0.442
279.600 29 0.498 0.272 0.594 0.442
279.640 29 0.495 0.272 0.591 0.442
279.680 29 0.492 0.272 0.588 0.444
279.720 29 0.489 0.272 0.586 0.444
279.760 29 0.484 0.269 0.583 0.442
279.800 29 0.481 0.269 0.580 0.442
279.840 29 0.477 0.269 0.573 0.442
279.880 29 0.472 0.267 0.570 0.444
279.920 29 0.464 0.264 0.564 0.442
279.960 29 0.458 0.264 0.558 0.444
280.000 29 0.447 0.242 0.564 0.450
280.040 29 0.441 0.239 0.558 0.447
280.080 29 0.431 0.242 0.548 0.450
280.120 29 0.423 0.242 0.544 0.456
280.160 29 0.412 0.242 0.534 0.458
280.200 29 0.403 0.244 0.525 0.461
280.240 29 0.391 0.247 0.512 0.464
280.280 29 0.381 0.244 0.505 0.464
280.320 29 0.372 0.242 0.495 0.461
280.360 29 0.361 0.242 0.486 0.461
280.400 29 0.352 0.239 0.477 0.461
280.440 29 0.342 0.247 0.466 0.467
280.480 29 0.333 0.244 0.456 0.464
280.520 29 0.323 0.247 0.447 0.467
280.560 29 0.311 0.244 0.434 0.464
280.600 29 0.298 0.244 0.422 0.467
280.640 29 0.284 0.242 0.411 0.464
280.680 29 0.273 0.244 0.397 0.464
280.720 29 0.261 0.244 0.384 0.464
280.760 29 0.248 0.242 0.373 0.464
280.800 29 0.234 0.247 0.361 0.472
280.840 29 0.219 0.250 0.345 0.475
280.880 29 0.208 0.253 0.333 0.478
280.920 29 0.189 0.256 0.314 0.478
280.960 29 0.175 0.261 0.298 0.481
