11.440 0 0.548 0.242 0.661 0.444
11.480 0 0.548 0.242 0.661 0.447
11.520 0 0.550 0.244 0.661 0.447
11.560 0 0.550 0.250 0.662 0.453
11.600 0 0.558 0.244 0.672 0.450
11.640 0 0.567 0.250 0.680 0.450
11.680 0 0.578 0.250 0.691 0.453
11.720 0 0.588 0.253 0.700 0.456
11.760 0 0.595 0.250 0.709 0.456
11.800 0 0.605 0.253 0.717 0.456
11.840 0 0.609 0.250 0.725 0.456
11.880 0 0.614 0.247 0.730 0.453
11.920 0 0.613 0.242 0.731 0.456
11.960 0 0.616 0.242 0.733 0.453
12.000 0 0.616 0.242 0.731 0.450
12.040 0 0.613 0.239 0.730 0.450
12.080 0 0.608 0.242 0.722 0.447
12.120 0 0.603 0.242 0.717 0.447
12.160 0 0.595 0.239 0.713 0.447
12.200 0 0.591 0.239 0.703 0.442
12.240 0 0.581 0.239 0.695 0.447
13.760 1 0.208 0.236 0.350 0.492
13.800 1 0.206 0.236 0.350 0.492
13.840 1 0.211 0.236 0.353 0.489
13.880 1 0.216 0.236 0.358 0.489
13.920 1 0.219 0.231 0.362 0.486
13.960 1 0.225 0.236 0.366 0.486
14.000 1 0.225 0.236 0.366 0.486
14.040 1 0.225 0.236 0.366 0.486
14.080 1 0.227 0.239 0.367 0.489
14.120 1 0.228 0.236 0.370 0.492
14.160 1 0.234 0.236 0.380 0.494
14.200 1 0.239 0.236 0.383 0.489
14.240 1 0.248 0.242 0.389 0.489
14.280 1 0.264 0.239 0.403 0.486
17.960 2 0.405 0.053 0.522 0.261
18.000 2 0.408 0.058 0.525 0.267
18.040 2 0.414 0.083 0.531 0.292
18.280 2 0.394 0.006 0.558 0.328
18.320 2 0.389 -0.003 0.553 0.319
18.360 2 0.380 -0.011 0.545 0.314
18.400 2 0.375 -0.022 0.541 0.300
18.440 2 0.370 -0.031 0.534 0.294
18.480 2 0.359 -0.044 0.527 0.283
18.520 2 0.353 -0.044 0.516 0.275
18.560 2 0.345 -0.044 0.505 0.267
18.600 2 0.339 -0.047 0.495 0.258
18.640 2 0.334 -0.056 0.494 0.258
18.680 2 0.327 -0.058 0.487 0.256
18.720 2 0.325 -0.058 0.489 0.261
18.760 2 0.317 -0.061 0.486 0.269
18.800 2 0.312 -0.067 0.483 0.269
18.840 2 0.325 -0.058 0.491 0.264
18.880 2 0.325 -0.061 0.492 0.269
18.920 2 0.334 -0.056 0.502 0.272
18.960 2 0.336 -0.053 0.505 0.275
19.000 2 0.345 -0.047 0.514 0.283
19.040 2 0.345 -0.044 0.519 0.294
19.080 2 0.345 -0.039 0.520 0.303
19.120 2 0.347 -0.036 0.522 0.308
19.160 2 0.348 -0.033 0.523 0.308
19.200 2 0.355 -0.036 0.530 0.306
19.240 2 0.352 -0.044 0.528 0.303
20.560 3 0.466 0.078 0.591 0.300
20.600 3 0.472 0.081 0.598 0.306
20.640 3 0.475 0.083 0.600 0.308
20.680 3 0.472 0.100 0.594 0.317
20.720 3 0.466 0.097 0.588 0.314
20.760 3 0.464 0.097 0.584 0.308
20.800 3 0.455 0.100 0.575 0.311
20.840 3 0.445 0.097 0.564 0.308
20.880 3 0.441 0.097 0.556 0.303
20.920 3 0.430 0.086 0.545 0.292
20.960 3 0.417 0.083 0.534 0.292
21.000 3 0.408 0.081 0.525 0.289
21.040 3 0.398 0.083 0.516 0.292
21.080 3 0.392 0.086 0.509 0.292
21.120 3 0.386 0.089 0.502 0.294
21.160 3 0.381 0.092 0.495 0.294
21.200 3 0.373 0.086 0.489 0.292
21.240 3 0.372 0.083 0.487 0.289
21.280 3 0.370 0.081 0.484 0.286
21.320 3 0.369 0.078 0.483 0.283
21.360 3 0.369 0.075 0.483 0.281
21.400 3 0.372 0.072 0.486 0.278
21.440 3 0.377 0.072 0.491 0.275
21.480 3 0.380 0.069 0.494 0.272
21.520 3 0.386 0.069 0.502 0.275
21.560 3 0.391 0.067 0.505 0.269
21.600 3 0.394 0.072 0.508 0.275
21.640 3 0.395 0.083 0.509 0.283
21.680 3 0.398 0.097 0.512 0.300
21.720 3 0.406 0.103 0.522 0.306
21.760 3 0.409 0.097 0.527 0.303
21.800 3 0.411 0.089 0.528 0.297
25.000 4 0.291 0.106 0.408 0.311
25.040 4 0.297 0.103 0.419 0.314
25.080 4 0.302 0.106 0.419 0.314
25.120 4 0.305 0.100 0.422 0.306
25.160 4 0.308 0.094 0.425 0.303
25.200 4 0.309 0.092 0.427 0.300
25.240 4 0.314 0.092 0.428 0.294
25.280 4 0.319 0.094 0.433 0.294
25.320 4 0.320 0.094 0.434 0.294
25.360 4 0.327 0.097 0.441 0.297
25.400 4 0.330 0.100 0.444 0.300
25.440 4 0.333 0.103 0.448 0.303
25.480 4 0.336 0.103 0.452 0.306
25.520 4 0.341 0.103 0.456 0.308
25.560 4 0.344 0.106 0.461 0.311
25.600 4 0.348 0.106 0.464 0.311
25.640 4 0.353 0.111 0.467 0.311
25.680 4 0.356 0.111 0.470 0.314
25.720 4 0.359 0.114 0.473 0.314
25.760 4 0.362 0.114 0.477 0.314
25.800 4 0.367 0.117 0.480 0.314
25.840 4 0.366 0.117 0.478 0.314
25.880 4 0.369 0.117 0.483 0.317
25.920 4 0.366 0.111 0.483 0.317
25.960 4 0.370 0.111 0.484 0.311
26.000 4 0.369 0.106 0.486 0.311
26.040 4 0.366 0.108 0.481 0.311
26.080 4 0.362 0.108 0.478 0.311
26.120 4 0.359 0.108 0.475 0.311
26.160 4 0.356 0.108 0.470 0.311
26.200 4 0.352 0.108 0.466 0.311
26.240 4 0.347 0.108 0.461 0.308
26.280 4 0.341 0.106 0.455 0.308
26.320 4 0.334 0.106 0.448 0.306
26.360 4 0.328 0.103 0.442 0.303
26.400 4 0.323 0.103 0.436 0.300
26.440 4 0.317 0.100 0.430 0.300
26.480 4 0.311 0.097 0.423 0.297
26.520 4 0.305 0.097 0.417 0.297
26.560 4 0.298 0.097 0.411 0.294
26.600 4 0.291 0.094 0.405 0.297
26.640 4 0.283 0.094 0.397 0.297
26.680 4 0.277 0.094 0.392 0.297
26.720 4 0.267 0.092 0.384 0.300
26.760 4 0.261 0.094 0.378 0.303
26.800 4 0.255 0.097 0.372 0.306
26.840 4 0.245 0.100 0.362 0.306
26.880 4 0.239 0.100 0.356 0.306
26.920 4 0.231 0.097 0.348 0.306
26.960 4 0.222 0.100 0.341 0.308
27.000 4 0.214 0.106 0.330 0.311
27.040 4 0.209 0.106 0.325 0.311
27.080 4 0.203 0.103 0.320 0.308
27.120 4 0.197 0.106 0.311 0.308
27.160 4 0.192 0.108 0.306 0.306
27.200 4 0.189 0.108 0.302 0.306
27.240 4 0.184 0.106 0.298 0.306
27.280 4 0.180 0.108 0.294 0.311
27.320 4 0.180 0.111 0.294 0.311
27.360 4 0.180 0.111 0.294 0.311
27.400 4 0.181 0.108 0.294 0.306
27.440 4 0.181 0.103 0.295 0.303
27.480 4 0.183 0.103 0.295 0.300
27.520 4 0.184 0.100 0.298 0.300
27.560 4 0.188 0.100 0.303 0.303
27.600 4 0.192 0.103 0.305 0.303
27.640 4 0.191 0.103 0.305 0.306
27.680 4 0.194 0.106 0.308 0.306
27.720 4 0.192 0.103 0.306 0.306
27.760 4 0.192 0.103 0.306 0.306
27.800 4 0.195 0.103 0.311 0.308
27.840 4 0.194 0.103 0.309 0.308
27.880 4 0.197 0.106 0.314 0.311
27.920 4 0.195 0.106 0.312 0.311
27.960 4 0.200 0.106 0.317 0.314
28.000 4 0.200 0.106 0.317 0.311
28.040 4 0.205 0.114 0.320 0.322
28.080 4 0.205 0.117 0.322 0.322
28.120 4 0.205 0.117 0.319 0.319
28.160 4 0.208 0.114 0.323 0.322
28.200 4 0.203 0.114 0.320 0.319
28.240 4 0.209 0.117 0.327 0.322
28.280 4 0.203 0.114 0.322 0.322
28.320 4 0.206 0.117 0.322 0.319
28.360 4 0.203 0.117 0.317 0.319
28.400 4 0.205 0.117 0.319 0.319
28.440 4 0.200 0.117 0.316 0.319
28.480 4 0.202 0.117 0.316 0.319
28.520 4 0.197 0.117 0.312 0.322
28.560 4 0.197 0.117 0.312 0.322
28.600 4 0.192 0.117 0.309 0.322
28.640 4 0.195 0.119 0.311 0.322
28.680 4 0.191 0.117 0.306 0.322
28.720 4 0.194 0.119 0.308 0.322
28.760 4 0.188 0.117 0.305 0.325
28.800 4 0.191 0.119 0.306 0.322
28.840 4 0.186 0.119 0.302 0.322
28.880 4 0.188 0.119 0.305 0.325
28.920 4 0.184 0.119 0.302 0.325
28.960 4 0.186 0.117 0.305 0.325
29.000 4 0.188 0.128 0.305 0.336
29.040 4 0.186 0.117 0.303 0.322
29.080 4 0.188 0.117 0.306 0.325
29.120 4 0.184 0.117 0.302 0.325
29.160 4 0.188 0.117 0.305 0.325
29.200 4 0.184 0.114 0.305 0.325
29.240 4 0.188 0.117 0.306 0.325
29.280 4 0.189 0.119 0.306 0.325
29.320 4 0.189 0.117 0.306 0.325
29.360 4 0.192 0.119 0.309 0.325
29.400 4 0.192 0.117 0.311 0.325
29.440 4 0.197 0.117 0.316 0.325
29.480 4 0.203 0.119 0.319 0.322
29.520 4 0.206 0.119 0.320 0.322
29.560 4 0.212 0.125 0.327 0.325
29.600 4 0.217 0.128 0.330 0.325
29.640 4 0.220 0.128 0.333 0.325
29.680 4 0.222 0.125 0.333 0.322
29.720 4 0.225 0.125 0.338 0.322
29.760 4 0.227 0.125 0.338 0.319
29.800 4 0.228 0.125 0.339 0.319
29.840 4 0.230 0.125 0.339 0.319
29.880 4 0.230 0.125 0.339 0.319
29.920 4 0.230 0.125 0.341 0.319
29.960 4 0.230 0.122 0.341 0.317
30.000 4 0.227 0.106 0.344 0.311
30.040 4 0.223 0.111 0.339 0.314
30.080 4 0.223 0.108 0.338 0.314
30.120 4 0.222 0.108 0.338 0.314
30.160 4 0.222 0.108 0.336 0.311
30.200 4 0.222 0.111 0.336 0.311
30.240 4 0.219 0.111 0.333 0.311
30.280 4 0.216 0.108 0.330 0.311
30.320 4 0.214 0.108 0.330 0.314
30.360 4 0.209 0.106 0.325 0.311
30.400 4 0.206 0.108 0.322 0.311
30.440 4 0.206 0.108 0.322 0.311
30.480 4 0.205 0.108 0.322 0.314
30.520 4 0.198 0.106 0.314 0.314
30.560 4 0.197 0.106 0.316 0.314
30.600 4 0.189 0.106 0.306 0.314
30.640 4 0.184 0.106 0.302 0.314
30.680 4 0.183 0.106 0.300 0.314
30.720 4 0.177 0.106 0.294 0.314
30.760 4 0.178 0.106 0.295 0.314
30.800 4 0.175 0.106 0.294 0.314
30.840 4 0.175 0.106 0.294 0.314
30.880 4 0.177 0.103 0.295 0.311
30.920 4 0.175 0.100 0.294 0.311
30.960 4 0.178 0.100 0.295 0.308
31.000 4 0.175 0.106 0.291 0.311
31.040 4 0.178 0.100 0.294 0.306
31.080 4 0.178 0.103 0.294 0.308
31.120 4 0.178 0.103 0.295 0.308
31.160 4 0.180 0.103 0.295 0.311
31.200 4 0.181 0.103 0.297 0.311
31.240 4 0.183 0.103 0.297 0.308
31.280 4 0.184 0.103 0.298 0.308
31.320 4 0.183 0.103 0.298 0.306
31.360 4 0.186 0.106 0.300 0.308
31.400 4 0.184 0.106 0.298 0.308
31.440 4 0.188 0.106 0.302 0.311
31.480 4 0.186 0.106 0.300 0.311
31.520 4 0.189 0.108 0.305 0.311
31.560 4 0.189 0.108 0.305 0.311
31.600 4 0.191 0.108 0.306 0.311
31.640 4 0.192 0.108 0.308 0.314
31.680 4 0.197 0.111 0.312 0.317
31.720 4 0.197 0.111 0.312 0.317
31.760 4 0.203 0.117 0.319 0.322
31.800 4 0.202 0.117 0.316 0.322
31.840 4 0.206 0.117 0.322 0.322
31.880 4 0.205 0.114 0.320 0.319
31.920 4 0.209 0.114 0.323 0.317
31.960 4 0.209 0.111 0.323 0.317
32.000 4 0.214 0.106 0.330 0.311
32.040 4 0.216 0.108 0.330 0.311
32.080 4 0.212 0.106 0.330 0.311
32.120 4 0.216 0.108 0.331 0.311
32.160 4 0.216 0.106 0.328 0.306
32.200 4 0.216 0.103 0.330 0.306
32.240 4 0.214 0.103 0.328 0.303
32.280 4 0.216 0.103 0.328 0.303
32.320 4 0.214 0.103 0.327 0.303
32.360 4 0.212 0.106 0.325 0.303
32.400 4 0.208 0.103 0.320 0.303
32.440 4 0.209 0.106 0.322 0.303
32.480 4 0.209 0.106 0.320 0.303
32.520 4 0.209 0.103 0.323 0.303
32.560 4 0.209 0.100 0.323 0.303
32.600 4 0.208 0.103 0.322 0.303
32.640 4 0.206 0.103 0.322 0.306
32.680 4 0.205 0.106 0.320 0.308
32.720 4 0.205 0.106 0.320 0.311
32.760 4 0.205 0.106 0.322 0.311
32.800 4 0.206 0.103 0.322 0.311
32.840 4 0.205 0.103 0.323 0.311
32.880 4 0.202 0.103 0.319 0.311
32.920 4 0.203 0.103 0.320 0.311
32.960 4 0.198 0.103 0.317 0.311
33.000 4 0.200 0.106 0.317 0.311
33.040 4 0.203 0.103 0.319 0.311
33.080 4 0.198 0.103 0.316 0.311
33.120 4 0.198 0.103 0.317 0.311
33.160 4 0.197 0.103 0.314 0.311
33.200 4 0.198 0.103 0.316 0.311
33.240 4 0.195 0.103 0.314 0.311
33.280 4 0.198 0.103 0.317 0.311
33.320 4 0.197 0.103 0.316 0.311
33.360 4 0.195 0.103 0.312 0.311
33.400 4 0.198 0.103 0.316 0.311
33.440 4 0.195 0.103 0.312 0.311
33.480 4 0.197 0.106 0.312 0.308
33.520 4 0.198 0.106 0.314 0.311
33.560 4 0.200 0.106 0.317 0.311
33.600 4 0.202 0.106 0.317 0.311
33.640 4 0.202 0.108 0.317 0.314
33.680 4 0.203 0.111 0.317 0.314
33.720 4 0.203 0.111 0.317 0.314
33.760 4 0.206 0.111 0.322 0.314
33.800 4 0.206 0.111 0.320 0.314
33.840 4 0.209 0.108 0.325 0.314
33.880 4 0.208 0.106 0.323 0.311
33.920 4 0.212 0.106 0.328 0.311
33.960 4 0.211 0.106 0.328 0.311
34.000 4 0.214 0.106 0.330 0.311
34.040 4 0.219 0.128 0.325 0.314
34.080 4 0.220 0.128 0.325 0.314
34.120 4 0.219 0.128 0.323 0.314
34.160 4 0.220 0.128 0.325 0.314
34.200 4 0.220 0.128 0.325 0.314
34.240 4 0.219 0.128 0.325 0.314
34.280 4 0.220 0.131 0.323 0.314
34.320 4 0.220 0.131 0.323 0.314
34.360 4 0.220 0.131 0.323 0.314
34.400 4 0.219 0.131 0.323 0.314
34.440 4 0.219 0.131 0.322 0.314
34.480 4 0.220 0.131 0.323 0.314
34.520 4 0.220 0.131 0.323 0.311
34.560 4 0.220 0.131 0.323 0.314
34.600 4 0.219 0.128 0.322 0.314
34.640 4 0.219 0.128 0.325 0.314
34.680 4 0.216 0.128 0.322 0.314
34.720 4 0.217 0.128 0.323 0.317
34.760 4 0.214 0.128 0.322 0.317
34.800 4 0.216 0.128 0.323 0.317
34.840 4 0.212 0.128 0.320 0.317
34.880 4 0.216 0.128 0.322 0.317
34.920 4 0.214 0.128 0.319 0.314
34.960 4 0.216 0.128 0.323 0.317
35.000 4 0.220 0.144 0.319 0.317
35.040 4 0.217 0.128 0.325 0.317
35.080 4 0.220 0.131 0.328 0.322
35.120 4 0.223 0.133 0.331 0.322
35.160 4 0.220 0.133 0.330 0.325
35.200 4 0.220 0.133 0.328 0.325
35.240 4 0.216 0.131 0.325 0.322
35.280 4 0.212 0.131 0.322 0.322
35.320 4 0.211 0.131 0.317 0.319
35.360 4 0.206 0.128 0.312 0.314
35.400 4 0.203 0.128 0.309 0.314
35.440 4 0.200 0.125 0.306 0.311
35.480 4 0.202 0.125 0.309 0.311
35.520 4 0.203 0.125 0.311 0.314
35.560 4 0.206 0.128 0.314 0.317
35.600 4 0.206 0.128 0.314 0.317
35.640 4 0.208 0.128 0.316 0.317
35.680 4 0.203 0.125 0.312 0.314
35.720 4 0.202 0.125 0.311 0.314
35.760 4 0.202 0.125 0.309 0.314
35.800 4 0.205 0.125 0.316 0.317
35.840 4 0.206 0.128 0.314 0.317
35.880 4 0.208 0.128 0.316 0.317
35.920 4 0.206 0.128 0.314 0.314
35.960 4 0.203 0.125 0.311 0.314
36.000 4 0.200 0.106 0.317 0.311
36.040 4 0.200 0.117 0.317 0.322
36.080 4 0.205 0.117 0.322 0.322
36.120 4 0.205 0.117 0.323 0.325
36.160 4 0.206 0.117 0.323 0.325
36.200 4 0.205 0.117 0.322 0.325
36.240 4 0.205 0.117 0.322 0.325
36.280 4 0.203 0.117 0.322 0.325
36.320 4 0.205 0.117 0.322 0.325
36.360 4 0.205 0.117 0.323 0.325
36.400 4 0.202 0.117 0.320 0.325
36.440 4 0.200 0.117 0.317 0.325
36.480 4 0.198 0.117 0.316 0.322
36.520 4 0.200 0.117 0.317 0.325
36.560 4 0.198 0.117 0.316 0.325
36.600 4 0.200 0.117 0.319 0.325
36.640 4 0.195 0.117 0.316 0.328
36.680 4 0.197 0.117 0.316 0.325
36.720 4 0.198 0.117 0.316 0.325
36.760 4 0.197 0.117 0.314 0.322
36.800 4 0.200 0.117 0.317 0.322
36.840 4 0.198 0.117 0.316 0.322
36.880 4 0.200 0.117 0.316 0.322
36.920 4 0.198 0.117 0.316 0.322
36.960 4 0.197 0.117 0.314 0.325
37.000 4 0.200 0.128 0.317 0.336
37.040 4 0.211 0.136 0.320 0.331
37.080 4 0.209 0.139 0.319 0.333
37.120 4 0.212 0.142 0.322 0.333
37.160 4 0.212 0.144 0.322 0.336
37.200 4 0.217 0.144 0.328 0.339
37.240 4 0.216 0.147 0.327 0.342
37.280 4 0.220 0.147 0.331 0.344
37.320 4 0.216 0.147 0.325 0.342
37.360 4 0.217 0.147 0.327 0.339
37.400 4 0.216 0.144 0.323 0.336
37.440 4 0.217 0.139 0.325 0.331
37.480 4 0.216 0.133 0.325 0.325
37.520 4 0.214 0.131 0.323 0.322
37.560 4 0.216 0.131 0.325 0.325
37.600 4 0.212 0.133 0.323 0.328
37.640 4 0.216 0.131 0.327 0.328
37.680 4 0.217 0.133 0.327 0.328
37.720 4 0.214 0.133 0.323 0.328
37.760 4 0.216 0.133 0.325 0.325
37.800 4 0.212 0.133 0.322 0.328
37.840 4 0.214 0.133 0.323 0.328
37.880 4 0.211 0.136 0.319 0.325
37.920 4 0.214 0.133 0.322 0.328
37.960 4 0.211 0.136 0.319 0.325
38.000 4 0.220 0.144 0.319 0.317
38.040 4 0.209 0.125 0.319 0.317
38.080 4 0.212 0.125 0.320 0.314
38.120 4 0.209 0.125 0.319 0.314
38.160 4 0.211 0.125 0.320 0.314
38.200 4 0.211 0.125 0.320 0.314
38.240 4 0.211 0.122 0.320 0.314
38.280 4 0.211 0.122 0.319 0.314
38.320 4 0.209 0.122 0.319 0.314
38.360 4 0.209 0.122 0.319 0.314
38.400 4 0.208 0.122 0.319 0.317
38.440 4 0.208 0.122 0.317 0.314
38.480 4 0.205 0.122 0.316 0.317
38.520 4 0.208 0.125 0.317 0.317
38.560 4 0.202 0.122 0.312 0.317
38.600 4 0.205 0.119 0.317 0.317
38.640 4 0.205 0.122 0.317 0.317
38.680 4 0.205 0.122 0.317 0.319
38.720 4 0.206 0.122 0.317 0.317
38.760 4 0.206 0.125 0.317 0.317
38.800 4 0.206 0.122 0.317 0.319
38.840 4 0.206 0.125 0.316 0.317
38.880 4 0.208 0.122 0.317 0.317
38.920 4 0.208 0.122 0.319 0.314
38.960 4 0.208 0.122 0.317 0.314
39.000 4 0.200 0.106 0.317 0.311
39.040 4 0.203 0.106 0.320 0.311
39.080 4 0.205 0.108 0.319 0.311
39.120 4 0.206 0.108 0.320 0.311
39.160 4 0.211 0.111 0.328 0.317
39.200 4 0.212 0.114 0.328 0.319
39.240 4 0.219 0.117 0.336 0.322
39.280 4 0.214 0.117 0.331 0.322
39.320 4 0.216 0.117 0.333 0.322
39.360 4 0.209 0.114 0.327 0.322
39.400 4 0.202 0.114 0.319 0.322
39.440 4 0.195 0.114 0.312 0.322
39.480 4 0.189 0.111 0.306 0.319
39.520 4 0.181 0.108 0.298 0.317
39.560 4 0.177 0.106 0.295 0.317
39.600 4 0.173 0.106 0.292 0.314
39.640 4 0.173 0.103 0.294 0.314
39.680 4 0.175 0.100 0.295 0.314
39.720 4 0.175 0.097 0.297 0.311
39.760 4 0.175 0.100 0.294 0.311
39.800 4 0.175 0.103 0.294 0.311
39.840 4 0.170 0.100 0.289 0.311
39.880 4 0.170 0.100 0.289 0.311
39.920 4 0.172 0.100 0.291 0.311
39.960 4 0.170 0.100 0.289 0.311
40.000 4 0.175 0.106 0.291 0.311
40.040 4 0.177 0.106 0.292 0.311
40.080 4 0.173 0.106 0.291 0.311
40.120 4 0.175 0.106 0.292 0.311
40.160 4 0.169 0.106 0.284 0.308
40.200 4 0.172 0.103 0.289 0.308
40.240 4 0.170 0.103 0.286 0.308
40.280 4 0.175 0.106 0.292 0.311
40.320 4 0.175 0.108 0.292 0.314
40.360 4 0.180 0.108 0.295 0.317
40.400 4 0.175 0.108 0.292 0.314
40.440 4 0.175 0.108 0.291 0.314
40.480 4 0.173 0.108 0.289 0.311
40.520 4 0.169 0.103 0.284 0.308
40.560 4 0.166 0.100 0.283 0.306
40.600 4 0.163 0.097 0.278 0.300
40.640 4 0.161 0.094 0.277 0.297
40.680 4 0.161 0.094 0.275 0.297
40.720 4 0.158 0.094 0.272 0.297
40.760 4 0.164 0.100 0.278 0.303
40.800 4 0.164 0.103 0.280 0.306
40.840 4 0.172 0.106 0.287 0.311
40.880 4 0.178 0.103 0.295 0.311
40.920 4 0.186 0.108 0.303 0.314
40.960 4 0.194 0.106 0.311 0.311
41.000 4 0.200 0.106 0.317 0.311
41.040 4 0.206 0.103 0.323 0.308
41.080 4 0.217 0.106 0.331 0.303
41.120 4 0.225 0.100 0.341 0.303
41.160 4 0.234 0.103 0.348 0.303
41.200 4 0.244 0.106 0.358 0.306
41.240 4 0.253 0.108 0.367 0.308
41.280 4 0.259 0.106 0.372 0.306
41.320 4 0.266 0.100 0.378 0.297
41.360 4 0.273 0.097 0.388 0.297
41.400 4 0.280 0.094 0.394 0.294
41.440 4 0.289 0.097 0.403 0.297
41.480 4 0.298 0.103 0.411 0.297
41.520 4 0.308 0.103 0.419 0.300
41.560 4 0.317 0.103 0.428 0.297
41.600 4 0.325 0.108 0.436 0.303
41.640 4 0.331 0.108 0.442 0.303
41.680 4 0.338 0.111 0.448 0.303
41.720 4 0.344 0.108 0.455 0.303
41.760 4 0.350 0.108 0.461 0.303
78.200 5 0.202 0.131 0.367 0.428
78.240 5 0.191 0.122 0.359 0.425
78.280 5 0.178 0.128 0.345 0.425
78.320 5 0.169 0.122 0.336 0.419
78.360 5 0.166 0.117 0.334 0.417
78.400 5 0.166 0.117 0.333 0.417
78.440 5 0.169 0.117 0.338 0.417
78.480 5 0.164 0.119 0.330 0.414
78.520 5 0.161 0.117 0.328 0.414
78.560 5 0.159 0.117 0.325 0.411
78.600 5 0.156 0.117 0.322 0.408
78.640 5 0.155 0.117 0.320 0.408
78.680 5 0.155 0.117 0.320 0.411
78.720 5 0.158 0.117 0.323 0.411
78.760 5 0.159 0.119 0.325 0.414
78.800 5 0.161 0.119 0.328 0.414
78.840 5 0.159 0.117 0.328 0.417
78.880 5 0.159 0.114 0.333 0.422
78.920 5 0.158 0.119 0.327 0.417
78.960 5 0.159 0.119 0.327 0.417
79.000 5 0.159 0.119 0.327 0.417
79.040 5 0.158 0.122 0.323 0.417
79.080 5 0.159 0.122 0.325 0.419
79.120 5 0.159 0.125 0.325 0.419
79.160 5 0.159 0.128 0.320 0.414
79.200 5 0.158 0.125 0.322 0.417
79.240 5 0.156 0.125 0.322 0.417
79.280 5 0.155 0.119 0.323 0.419
79.320 5 0.158 0.119 0.323 0.414
79.360 5 0.158 0.117 0.325 0.414
79.400 5 0.158 0.114 0.327 0.414
79.440 5 0.158 0.114 0.325 0.411
79.480 5 0.156 0.111 0.325 0.411
79.520 5 0.153 0.114 0.320 0.411
79.560 5 0.161 0.114 0.330 0.414
79.600 5 0.155 0.114 0.323 0.414
79.640 5 0.158 0.117 0.327 0.414
79.680 5 0.158 0.117 0.325 0.414
79.720 5 0.156 0.114 0.323 0.414
79.760 5 0.155 0.117 0.322 0.414
79.800 5 0.152 0.114 0.322 0.417
79.840 5 0.152 0.117 0.320 0.419
79.880 5 0.152 0.125 0.322 0.425
79.920 5 0.144 0.122 0.316 0.428
79.960 5 0.148 0.119 0.320 0.425
80.000 5 0.141 0.119 0.308 0.417
80.040 5 0.134 0.117 0.302 0.414
80.080 5 0.131 0.114 0.300 0.417
80.120 5 0.131 0.119 0.300 0.422
80.160 5 0.133 0.122 0.303 0.422
80.200 5 0.134 0.119 0.306 0.425
80.240 5 0.138 0.119 0.308 0.419
80.280 5 0.141 0.117 0.309 0.417
80.320 5 0.142 0.114 0.311 0.414
80.360 5 0.144 0.114 0.312 0.414
80.400 5 0.147 0.117 0.316 0.414
80.440 5 0.147 0.117 0.316 0.414
80.480 5 0.148 0.117 0.316 0.414
80.520 5 0.152 0.117 0.317 0.411
80.560 5 0.153 0.117 0.320 0.414
80.600 5 0.155 0.117 0.322 0.414
80.640 5 0.156 0.117 0.323 0.414
80.680 5 0.156 0.119 0.323 0.417
80.720 5 0.158 0.119 0.325 0.417
80.760 5 0.158 0.119 0.327 0.417
80.800 5 0.159 0.119 0.327 0.417
80.840 5 0.159 0.119 0.327 0.417
80.880 5 0.159 0.122 0.327 0.419
80.920 5 0.161 0.122 0.328 0.419
80.960 5 0.161 0.122 0.328 0.419
81.000 5 0.159 0.119 0.327 0.417
81.040 5 0.163 0.117 0.330 0.417
81.080 5 0.163 0.119 0.330 0.417
81.120 5 0.163 0.119 0.330 0.417
81.160 5 0.163 0.122 0.328 0.417
81.200 5 0.161 0.122 0.328 0.419
81.240 5 0.159 0.122 0.327 0.419
81.280 5 0.158 0.125 0.325 0.422
81.320 5 0.156 0.125 0.325 0.425
81.360 5 0.155 0.128 0.323 0.428
81.400 5 0.155 0.131 0.323 0.433
81.440 5 0.153 0.133 0.322 0.433
81.480 5 0.153 0.131 0.320 0.428
81.520 5 0.152 0.128 0.319 0.425
81.560 5 0.150 0.125 0.317 0.422
81.600 5 0.147 0.125 0.316 0.425
81.640 5 0.147 0.125 0.314 0.422
81.680 5 0.147 0.125 0.314 0.422
81.720 5 0.145 0.122 0.312 0.419
81.760 5 0.144 0.119 0.312 0.417
81.800 5 0.144 0.117 0.311 0.414
81.840 5 0.142 0.114 0.311 0.411
81.880 5 0.142 0.117 0.309 0.411
81.920 5 0.142 0.117 0.309 0.414
81.960 5 0.141 0.119 0.308 0.417
82.000 5 0.141 0.119 0.308 0.417
82.040 5 0.139 0.111 0.311 0.417
82.080 5 0.142 0.119 0.311 0.417
82.120 5 0.136 0.122 0.305 0.422
82.160 5 0.144 0.125 0.312 0.425
82.200 5 0.139 0.125 0.309 0.425
82.240 5 0.147 0.122 0.314 0.419
82.280 5 0.145 0.122 0.309 0.414
82.320 5 0.150 0.117 0.317 0.411
82.360 5 0.148 0.117 0.316 0.411
82.400 5 0.156 0.119 0.320 0.414
82.440 5 0.158 0.122 0.322 0.414
82.480 5 0.158 0.122 0.322 0.414
82.520 5 0.153 0.119 0.319 0.414
82.560 5 0.155 0.117 0.322 0.414
82.600 5 0.153 0.114 0.319 0.408
82.640 5 0.153 0.114 0.317 0.406
82.680 5 0.152 0.114 0.316 0.406
82.720 5 0.155 0.114 0.319 0.406
82.760 5 0.150 0.114 0.314 0.408
82.800 5 0.152 0.117 0.317 0.411
82.840 5 0.145 0.119 0.312 0.417
82.880 5 0.144 0.117 0.314 0.419
82.920 5 0.138 0.119 0.305 0.417
82.960 5 0.138 0.119 0.308 0.422
83.000 5 0.141 0.119 0.308 0.417
83.040 5 0.133 0.131 0.303 0.431
83.080 5 0.136 0.128 0.308 0.433
83.120 5 0.133 0.125 0.305 0.433
83.160 5 0.136 0.131 0.305 0.431
83.200 5 0.136 0.131 0.303 0.431
83.240 5 0.136 0.131 0.303 0.428
83.280 5 0.138 0.131 0.303 0.428
83.320 5 0.138 0.131 0.306 0.428
83.360 5 0.141 0.131 0.308 0.431
83.400 5 0.141 0.128 0.309 0.431
83.440 5 0.144 0.131 0.311 0.431
83.480 5 0.139 0.131 0.306 0.431
83.520 5 0.142 0.131 0.311 0.433
83.560 5 0.139 0.131 0.309 0.436
83.600 5 0.142 0.136 0.309 0.436
83.640 5 0.145 0.139 0.311 0.436
83.680 5 0.141 0.139 0.308 0.439
83.720 5 0.144 0.142 0.309 0.439
83.760 5 0.144 0.144 0.309 0.439
83.800 5 0.145 0.144 0.309 0.439
83.840 5 0.144 0.147 0.306 0.436
83.880 5 0.145 0.142 0.312 0.439
83.920 5 0.145 0.142 0.308 0.433
83.960 5 0.148 0.139 0.312 0.436
84.000 5 0.141 0.150 0.308 0.450
84.040 5 0.145 0.150 0.309 0.444
84.080 5 0.141 0.150 0.306 0.447
84.120 5 0.142 0.150 0.308 0.447
84.160 5 0.139 0.150 0.305 0.447
84.200 5 0.142 0.153 0.308 0.450
84.240 5 0.142 0.156 0.306 0.450
84.280 5 0.139 0.153 0.306 0.453
84.320 5 0.142 0.153 0.309 0.453
84.360 5 0.142 0.150 0.311 0.453
84.400 5 0.141 0.150 0.309 0.453
84.440 5 0.142 0.156 0.308 0.450
84.480 5 0.141 0.150 0.308 0.453
84.520 5 0.139 0.150 0.308 0.453
84.560 5 0.139 0.153 0.305 0.450
84.600 5 0.141 0.153 0.308 0.453
84.640 5 0.138 0.153 0.305 0.453
84.680 5 0.134 0.153 0.303 0.453
84.720 5 0.136 0.153 0.302 0.450
84.760 5 0.131 0.156 0.297 0.450
84.800 5 0.136 0.158 0.298 0.450
84.840 5 0.134 0.161 0.294 0.444
84.880 5 0.133 0.161 0.294 0.450
84.920 5 0.125 0.156 0.291 0.453
84.960 5 0.122 0.158 0.286 0.450
85.000 5 0.122 0.150 0.289 0.450
85.040 5 0.120 0.144 0.284 0.442
85.080 5 0.123 0.144 0.289 0.442
85.120 5 0.119 0.144 0.283 0.439
85.160 5 0.120 0.144 0.287 0.444
85.200 5 0.117 0.144 0.283 0.442
85.240 5 0.122 0.147 0.286 0.444
85.280 5 0.119 0.150 0.284 0.447
85.320 5 0.122 0.150 0.287 0.447
85.360 5 0.123 0.150 0.287 0.444
85.400 5 0.123 0.147 0.289 0.447
85.440 5 0.123 0.150 0.291 0.447
85.480 5 0.127 0.153 0.292 0.450
85.520 5 0.127 0.153 0.291 0.447
85.560 5 0.125 0.150 0.289 0.447
85.600 5 0.127 0.150 0.292 0.447
85.640 5 0.123 0.153 0.287 0.450
85.680 5 0.125 0.153 0.289 0.450
85.720 5 0.125 0.158 0.287 0.450
85.760 5 0.125 0.158 0.289 0.453
85.800 5 0.125 0.158 0.289 0.453
85.840 5 0.123 0.153 0.291 0.453
85.880 5 0.125 0.153 0.292 0.453
85.920 5 0.123 0.156 0.287 0.450
85.960 5 0.125 0.156 0.291 0.456
86.000 5 0.122 0.150 0.289 0.450
86.040 5 0.119 0.156 0.284 0.453
86.080 5 0.114 0.144 0.287 0.456
86.120 5 0.108 0.144 0.280 0.456
86.160 5 0.109 0.150 0.280 0.456
86.200 5 0.109 0.150 0.275 0.450
86.240 5 0.114 0.150 0.280 0.450
86.280 5 0.111 0.147 0.278 0.447
86.320 5 0.117 0.150 0.283 0.444
86.360 5 0.114 0.150 0.280 0.447
86.400 5 0.109 0.150 0.277 0.447
86.440 5 0.102 0.147 0.269 0.447
86.480 5 0.094 0.150 0.259 0.447
86.520 5 0.091 0.150 0.253 0.444
86.560 5 0.084 0.150 0.247 0.442
86.600 5 0.086 0.153 0.250 0.444
86.640 5 0.089 0.153 0.252 0.444
86.680 5 0.095 0.158 0.258 0.450
86.720 5 0.095 0.158 0.259 0.453
86.760 5 0.100 0.158 0.266 0.456
86.800 5 0.098 0.156 0.266 0.453
86.840 5 0.103 0.156 0.270 0.453
86.880 5 0.102 0.156 0.267 0.453
86.920 5 0.105 0.153 0.270 0.450
86.960 5 0.109 0.150 0.275 0.447
87.000 5 0.103 0.150 0.270 0.450
87.040 5 0.108 0.158 0.275 0.456
87.080 5 0.103 0.161 0.267 0.456
87.120 5 0.097 0.158 0.263 0.456
87.160 5 0.092 0.158 0.259 0.458
87.200 5 0.084 0.158 0.248 0.453
87.240 5 0.084 0.158 0.248 0.450
87.280 5 0.075 0.158 0.239 0.450
87.320 5 0.075 0.158 0.239 0.453
87.360 5 0.064 0.153 0.231 0.453
87.400 5 0.064 0.156 0.233 0.458
87.440 5 0.055 0.156 0.223 0.456
87.480 5 0.056 0.158 0.225 0.458
87.520 5 0.048 0.156 0.219 0.458
87.560 5 0.047 0.158 0.214 0.458
87.600 5 0.048 0.164 0.212 0.458
87.640 5 0.039 0.161 0.206 0.458
87.680 5 0.037 0.158 0.206 0.458
87.720 5 0.031 0.158 0.200 0.458
87.760 5 0.027 0.158 0.195 0.458
87.800 5 0.023 0.164 0.189 0.458
87.840 5 0.019 0.164 0.184 0.458
87.880 5 0.016 0.169 0.180 0.464
87.920 5 0.013 0.172 0.177 0.467
87.960 5 0.009 0.181 0.173 0.472
88.000 5 0.009 0.183 0.178 0.483
88.040 5 0.002 0.183 0.175 0.489
88.080 5 -0.005 0.200 0.161 0.494
88.120 5 -0.006 0.197 0.166 0.500
88.160 5 -0.011 0.200 0.159 0.503
88.200 5 -0.020 0.203 0.156 0.517
88.240 5 -0.019 0.206 0.153 0.511
88.280 5 -0.025 0.208 0.147 0.514
88.320 5 -0.031 0.211 0.142 0.519
88.360 5 -0.039 0.219 0.130 0.519
88.400 5 -0.047 0.231 0.120 0.528
88.440 5 -0.062 0.228 0.109 0.536
107.840 6 0.616 0.175 0.684 0.294
107.880 6 0.613 0.175 0.680 0.297
107.920 6 0.609 0.178 0.677 0.297
107.960 6 0.605 0.178 0.672 0.300
108.000 6 0.603 0.181 0.670 0.300
108.040 6 0.603 0.183 0.670 0.303
108.080 6 0.602 0.183 0.669 0.303
108.120 6 0.602 0.183 0.667 0.303
108.160 6 0.600 0.183 0.667 0.303
108.200 6 0.598 0.183 0.666 0.303
108.240 6 0.597 0.183 0.662 0.300
108.280 6 0.598 0.183 0.662 0.300
108.320 6 0.595 0.183 0.661 0.300
108.360 6 0.598 0.181 0.662 0.297
108.400 6 0.598 0.178 0.664 0.294
108.440 6 0.602 0.178 0.667 0.294
108.480 6 0.606 0.175 0.670 0.292
108.520 6 0.609 0.175 0.675 0.289
108.560 6 0.613 0.175 0.678 0.289
108.600 6 0.616 0.175 0.681 0.292
108.640 6 0.620 0.175 0.686 0.292
108.680 6 0.625 0.175 0.691 0.292
108.720 6 0.628 0.175 0.694 0.292
108.760 6 0.633 0.175 0.698 0.292
108.800 6 0.636 0.175 0.702 0.292
108.840 6 0.639 0.178 0.703 0.292
108.880 6 0.642 0.181 0.706 0.294
108.920 6 0.644 0.181 0.708 0.294
108.960 6 0.647 0.181 0.711 0.294
109.000 6 0.648 0.181 0.716 0.300
109.040 6 0.655 0.178 0.716 0.289
109.080 6 0.658 0.175 0.720 0.286
109.120 6 0.661 0.178 0.723 0.289
109.160 6 0.664 0.178 0.727 0.286
109.200 6 0.667 0.175 0.731 0.289
109.240 6 0.672 0.178 0.736 0.289
109.280 6 0.678 0.178 0.741 0.292
109.320 6 0.683 0.178 0.747 0.292
109.360 6 0.688 0.178 0.752 0.292
109.400 6 0.692 0.178 0.756 0.292
109.440 6 0.695 0.178 0.759 0.292
109.480 6 0.697 0.178 0.761 0.292
109.520 6 0.700 0.175 0.764 0.289
109.560 6 0.702 0.172 0.766 0.286
109.600 6 0.703 0.172 0.767 0.286
109.640 6 0.705 0.169 0.769 0.283
109.680 6 0.705 0.169 0.769 0.283
109.720 6 0.706 0.169 0.770 0.283
109.760 6 0.705 0.169 0.770 0.283
109.800 6 0.706 0.169 0.772 0.286
109.840 6 0.705 0.169 0.770 0.286
109.880 6 0.705 0.169 0.770 0.289
109.920 6 0.703 0.172 0.769 0.289
109.960 6 0.702 0.175 0.767 0.292
110.000 6 0.700 0.167 0.767 0.286
110.040 6 0.692 0.158 0.770 0.297
110.080 6 0.692 0.161 0.770 0.297
110.120 6 0.691 0.158 0.769 0.297
110.160 6 0.691 0.158 0.769 0.297
110.200 6 0.691 0.161 0.767 0.294
110.240 6 0.689 0.161 0.764 0.294
110.280 6 0.689 0.161 0.764 0.294
110.320 6 0.689 0.161 0.762 0.292
110.360 6 0.689 0.161 0.762 0.292
110.400 6 0.689 0.161 0.762 0.292
110.440 6 0.689 0.161 0.764 0.292
110.480 6 0.689 0.161 0.762 0.292
110.520 6 0.691 0.161 0.764 0.292
110.560 6 0.689 0.161 0.762 0.289
110.600 6 0.691 0.158 0.764 0.289
110.640 6 0.689 0.158 0.761 0.286
110.680 6 0.692 0.158 0.764 0.286
110.720 6 0.691 0.156 0.762 0.286
110.760 6 0.691 0.156 0.764 0.286
110.800 6 0.691 0.158 0.761 0.286
110.840 6 0.688 0.156 0.761 0.286
110.880 6 0.688 0.158 0.759 0.286
110.920 6 0.686 0.158 0.758 0.286
110.960 6 0.684 0.158 0.755 0.286
111.000 6 0.678 0.153 0.759 0.297
111.040 6 0.678 0.158 0.753 0.292
111.080 6 0.677 0.156 0.753 0.294
111.120 6 0.670 0.156 0.748 0.294
111.160 6 0.669 0.156 0.747 0.294
111.200 6 0.666 0.156 0.744 0.292
111.240 6 0.666 0.158 0.742 0.294
111.280 6 0.662 0.156 0.739 0.294
111.320 6 0.659 0.156 0.738 0.294
111.360 6 0.658 0.158 0.736 0.294
111.400 6 0.658 0.156 0.736 0.294
111.440 6 0.658 0.158 0.733 0.294
111.480 6 0.658 0.158 0.733 0.294
111.520 6 0.658 0.158 0.733 0.294
111.560 6 0.658 0.158 0.734 0.294
111.600 6 0.659 0.161 0.734 0.292
111.640 6 0.662 0.161 0.736 0.292
111.680 6 0.664 0.161 0.736 0.292
111.720 6 0.662 0.164 0.736 0.292
111.760 6 0.662 0.161 0.734 0.289
111.800 6 0.659 0.161 0.731 0.289
111.840 6 0.656 0.158 0.730 0.289
111.880 6 0.653 0.158 0.727 0.289
111.920 6 0.652 0.158 0.725 0.286
111.960 6 0.648 0.158 0.720 0.286
112.000 6 0.648 0.167 0.716 0.286
112.040 6 0.645 0.164 0.714 0.286
112.080 6 0.641 0.167 0.709 0.289
112.120 6 0.639 0.169 0.708 0.292
112.160 6 0.636 0.172 0.705 0.292
112.200 6 0.634 0.172 0.702 0.294
112.240 6 0.631 0.175 0.700 0.294
112.280 6 0.628 0.175 0.697 0.297
112.320 6 0.630 0.178 0.698 0.297
112.360 6 0.627 0.178 0.695 0.297
112.400 6 0.628 0.178 0.695 0.297
112.440 6 0.628 0.175 0.695 0.294
112.480 6 0.628 0.172 0.697 0.292
112.520 6 0.630 0.172 0.698 0.292
112.560 6 0.631 0.169 0.702 0.294
112.600 6 0.631 0.169 0.700 0.292
112.640 6 0.633 0.169 0.702 0.294
112.680 6 0.631 0.172 0.702 0.294
112.720 6 0.631 0.172 0.702 0.294
112.760 6 0.631 0.172 0.700 0.294
112.800 6 0.631 0.169 0.700 0.294
112.840 6 0.631 0.169 0.700 0.292
112.880 6 0.631 0.169 0.700 0.292
112.920 6 0.633 0.169 0.700 0.292
112.960 6 0.630 0.169 0.698 0.292
113.000 6 0.633 0.167 0.700 0.286
113.040 6 0.633 0.167 0.705 0.294
113.080 6 0.631 0.164 0.705 0.294
113.120 6 0.631 0.164 0.705 0.294
113.160 6 0.631 0.167 0.705 0.297
113.200 6 0.631 0.167 0.705 0.300
113.240 6 0.631 0.167 0.705 0.300
113.280 6 0.631 0.169 0.705 0.303
113.320 6 0.631 0.169 0.705 0.303
113.360 6 0.631 0.169 0.705 0.303
113.400 6 0.631 0.169 0.705 0.300
113.440 6 0.630 0.169 0.705 0.303
113.480 6 0.631 0.169 0.705 0.300
113.520 6 0.631 0.169 0.705 0.300
113.560 6 0.631 0.169 0.705 0.303
113.600 6 0.630 0.169 0.703 0.300
113.640 6 0.631 0.169 0.705 0.303
113.680 6 0.631 0.169 0.705 0.300
113.720 6 0.631 0.169 0.705 0.303
113.760 6 0.633 0.169 0.706 0.303
113.800 6 0.631 0.167 0.706 0.303
113.840 6 0.633 0.167 0.708 0.303
113.880 6 0.633 0.167 0.708 0.300
113.920 6 0.636 0.167 0.709 0.303
113.960 6 0.636 0.169 0.709 0.300
114.000 6 0.634 0.167 0.714 0.311
114.040 6 0.636 0.164 0.719 0.314
114.080 6 0.636 0.167 0.716 0.311
114.120 6 0.636 0.167 0.716 0.311
114.160 6 0.636 0.167 0.716 0.311
114.200 6 0.636 0.167 0.716 0.311
114.240 6 0.634 0.167 0.714 0.311
114.280 6 0.634 0.169 0.714 0.314
114.320 6 0.633 0.169 0.713 0.314
114.360 6 0.630 0.175 0.708 0.317
114.400 6 0.631 0.172 0.711 0.317
114.640 6 0.650 0.178 0.717 0.300
114.680 6 0.656 0.178 0.723 0.297
114.720 6 0.664 0.178 0.730 0.294
114.760 6 0.669 0.178 0.736 0.297
114.800 6 0.672 0.178 0.741 0.300
114.840 6 0.677 0.181 0.745 0.303
114.880 6 0.678 0.183 0.745 0.303
114.920 6 0.677 0.183 0.744 0.303
114.960 6 0.675 0.181 0.744 0.300
115.000 6 0.670 0.181 0.738 0.300
115.040 6 0.667 0.178 0.734 0.300
115.080 6 0.664 0.178 0.731 0.297
115.120 6 0.664 0.175 0.731 0.294
115.160 6 0.662 0.172 0.730 0.292
115.200 6 0.664 0.172 0.730 0.289
115.240 6 0.662 0.172 0.728 0.289
115.280 6 0.664 0.172 0.731 0.292
115.320 6 0.662 0.172 0.730 0.292
115.360 6 0.661 0.172 0.728 0.292
115.400 6 0.659 0.172 0.725 0.289
115.440 6 0.656 0.172 0.722 0.289
115.480 6 0.653 0.169 0.719 0.286
115.520 6 0.647 0.169 0.714 0.289
115.560 6 0.645 0.169 0.713 0.289
115.600 6 0.641 0.169 0.708 0.289
115.640 6 0.639 0.169 0.703 0.286
115.680 6 0.634 0.169 0.700 0.286
115.720 6 0.630 0.169 0.695 0.286
115.760 6 0.627 0.169 0.692 0.286
115.800 6 0.622 0.172 0.686 0.286
115.840 6 0.617 0.169 0.683 0.286
115.880 6 0.614 0.169 0.678 0.286
115.920 6 0.609 0.169 0.675 0.283
115.960 6 0.608 0.169 0.672 0.283
116.000 6 0.603 0.167 0.670 0.286
116.040 6 0.600 0.169 0.667 0.292
116.080 6 0.597 0.169 0.664 0.292
116.120 6 0.594 0.172 0.659 0.289
116.160 6 0.588 0.172 0.655 0.292
116.200 6 0.586 0.172 0.652 0.292
116.240 6 0.581 0.172 0.648 0.292
116.280 6 0.578 0.172 0.645 0.292
116.320 6 0.575 0.172 0.642 0.294
116.360 6 0.572 0.172 0.639 0.294
116.400 6 0.572 0.175 0.639 0.294
116.440 6 0.570 0.175 0.637 0.294
116.480 6 0.572 0.178 0.639 0.297
116.520 6 0.570 0.181 0.637 0.297
116.560 6 0.570 0.181 0.637 0.297
116.600 6 0.572 0.178 0.639 0.297
116.640 6 0.572 0.178 0.641 0.297
116.680 6 0.573 0.175 0.641 0.294
116.720 6 0.573 0.175 0.642 0.294
116.760 6 0.573 0.175 0.641 0.294
116.800 6 0.573 0.175 0.642 0.297
116.840 6 0.572 0.175 0.642 0.297
116.880 6 0.572 0.178 0.641 0.297
116.920 6 0.573 0.178 0.642 0.297
116.960 6 0.573 0.178 0.641 0.297
117.000 6 0.573 0.181 0.641 0.300
117.040 6 0.573 0.183 0.636 0.294
117.080 6 0.572 0.183 0.637 0.300
117.120 6 0.569 0.181 0.637 0.306
117.160 6 0.570 0.183 0.639 0.303
117.200 6 0.567 0.181 0.636 0.303
117.240 6 0.564 0.186 0.633 0.306
117.280 6 0.564 0.183 0.631 0.303
117.320 6 0.559 0.181 0.628 0.306
117.360 6 0.556 0.183 0.627 0.308
117.400 6 0.558 0.183 0.627 0.306
117.440 6 0.559 0.183 0.630 0.306
117.480 6 0.561 0.183 0.631 0.306
117.520 6 0.562 0.181 0.633 0.306
117.560 6 0.566 0.178 0.636 0.303
117.600 6 0.569 0.178 0.641 0.303
117.640 6 0.572 0.175 0.642 0.303
117.680 6 0.573 0.175 0.645 0.300
117.720 6 0.572 0.172 0.644 0.300
117.760 6 0.569 0.172 0.641 0.300
117.800 6 0.567 0.169 0.639 0.297
143.560 7 0.533 0.158 0.613 0.297
143.600 7 0.533 0.161 0.613 0.303
143.640 7 0.533 0.167 0.611 0.306
143.680 7 0.530 0.172 0.609 0.314
143.720 7 0.528 0.175 0.606 0.317
143.760 7 0.525 0.181 0.605 0.322
143.800 7 0.522 0.183 0.602 0.325
143.840 7 0.517 0.189 0.597 0.331
143.880 7 0.514 0.189 0.594 0.333
143.920 7 0.509 0.183 0.591 0.331
143.960 7 0.500 0.175 0.583 0.322
144.000 7 0.498 0.167 0.580 0.311
144.040 7 0.494 0.156 0.578 0.306
144.080 7 0.489 0.147 0.572 0.297
144.120 7 0.489 0.142 0.573 0.292
144.160 7 0.487 0.142 0.573 0.292
144.200 7 0.487 0.142 0.573 0.294
144.240 7 0.491 0.142 0.575 0.294
144.280 7 0.489 0.139 0.573 0.292
144.320 7 0.489 0.139 0.575 0.289
144.360 7 0.484 0.133 0.572 0.286
144.400 7 0.481 0.131 0.567 0.286
144.440 7 0.480 0.128 0.567 0.283
144.480 7 0.478 0.131 0.566 0.283
144.520 7 0.480 0.131 0.567 0.289
144.560 7 0.478 0.136 0.567 0.294
144.600 7 0.481 0.142 0.569 0.297
144.640 7 0.480 0.147 0.569 0.306
144.680 7 0.480 0.153 0.570 0.311
144.720 7 0.478 0.158 0.570 0.322
144.760 7 0.484 0.167 0.577 0.331
144.800 7 0.486 0.172 0.580 0.339
144.840 7 0.492 0.178 0.588 0.347
144.880 7 0.500 0.186 0.595 0.356
144.920 7 0.506 0.192 0.602 0.364
144.960 7 0.514 0.194 0.611 0.367
145.000 7 0.523 0.203 0.620 0.375
145.040 7 0.528 0.194 0.631 0.378
145.080 7 0.537 0.189 0.641 0.372
145.120 7 0.545 0.178 0.648 0.361
145.160 7 0.556 0.169 0.658 0.350
145.200 7 0.564 0.158 0.667 0.342
145.240 7 0.575 0.150 0.678 0.333
145.280 7 0.583 0.144 0.686 0.328
145.320 7 0.584 0.139 0.691 0.328
145.360 7 0.589 0.136 0.695 0.325
145.400 7 0.594 0.139 0.697 0.322
145.440 7 0.595 0.133 0.700 0.319
145.480 7 0.600 0.128 0.708 0.317
145.520 7 0.605 0.125 0.713 0.319
145.560 7 0.598 0.119 0.709 0.317
145.600 7 0.594 0.122 0.703 0.314
145.640 7 0.588 0.119 0.695 0.311
145.680 7 0.583 0.117 0.689 0.308
145.720 7 0.581 0.117 0.691 0.311
145.760 7 0.580 0.119 0.691 0.314
145.800 7 0.581 0.122 0.691 0.317
145.840 7 0.577 0.128 0.686 0.322
145.880 7 0.572 0.131 0.680 0.322
145.920 7 0.566 0.136 0.672 0.325
145.960 7 0.558 0.133 0.667 0.328
146.000 7 0.550 0.128 0.667 0.336
146.040 7 0.548 0.133 0.661 0.336
146.080 7 0.541 0.136 0.655 0.339
146.120 7 0.534 0.139 0.648 0.339
146.160 7 0.527 0.136 0.641 0.339
146.200 7 0.519 0.133 0.634 0.339
146.240 7 0.509 0.133 0.625 0.336
146.280 7 0.503 0.131 0.619 0.336
146.320 7 0.495 0.128 0.611 0.333
146.360 7 0.489 0.131 0.605 0.336
146.400 7 0.480 0.131 0.595 0.336
146.440 7 0.473 0.133 0.589 0.339
146.480 7 0.467 0.131 0.583 0.336
146.520 7 0.463 0.133 0.580 0.342
146.560 7 0.459 0.133 0.577 0.344
146.600 7 0.455 0.139 0.573 0.350
146.640 7 0.450 0.142 0.569 0.353
146.680 7 0.445 0.147 0.562 0.356
146.720 7 0.439 0.150 0.556 0.356
146.760 7 0.433 0.150 0.550 0.361
146.800 7 0.428 0.150 0.547 0.361
146.840 7 0.423 0.144 0.545 0.364
146.880 7 0.422 0.144 0.544 0.361
146.920 7 0.420 0.144 0.542 0.361
146.960 7 0.419 0.144 0.541 0.361
147.000 7 0.420 0.150 0.537 0.358
147.040 7 0.414 0.150 0.531 0.361
147.080 7 0.419 0.156 0.534 0.364
147.120 7 0.417 0.156 0.533 0.367
147.160 7 0.420 0.161 0.537 0.369
147.200 7 0.420 0.161 0.536 0.369
147.240 7 0.423 0.161 0.542 0.372
147.280 7 0.427 0.158 0.544 0.369
147.320 7 0.430 0.156 0.547 0.364
147.360 7 0.433 0.156 0.547 0.358
147.400 7 0.439 0.153 0.552 0.356
147.440 7 0.439 0.153 0.553 0.356
147.480 7 0.445 0.156 0.555 0.353
147.520 7 0.444 0.153 0.555 0.353
147.560 7 0.448 0.153 0.558 0.350
147.600 7 0.447 0.150 0.558 0.350
147.640 7 0.450 0.150 0.561 0.347
147.680 7 0.453 0.144 0.566 0.344
147.720 7 0.456 0.142 0.569 0.344
147.760 7 0.459 0.142 0.573 0.344
147.800 7 0.464 0.139 0.578 0.342
147.840 7 0.470 0.133 0.583 0.336
147.880 7 0.472 0.131 0.586 0.333
147.920 7 0.477 0.131 0.592 0.336
147.960 7 0.477 0.131 0.591 0.333
148.000 7 0.473 0.128 0.589 0.336
148.040 7 0.480 0.133 0.592 0.336
148.080 7 0.473 0.131 0.588 0.336
148.120 7 0.472 0.133 0.586 0.339
148.160 7 0.472 0.133 0.588 0.339
148.200 7 0.467 0.131 0.581 0.336
148.240 7 0.472 0.128 0.586 0.333
148.280 7 0.470 0.125 0.584 0.331
148.320 7 0.475 0.122 0.588 0.328
148.360 7 0.480 0.117 0.592 0.319
148.400 7 0.484 0.114 0.598 0.317
148.440 7 0.489 0.111 0.603 0.317
148.480 7 0.489 0.108 0.602 0.311
148.520 7 0.491 0.108 0.603 0.311
148.560 7 0.486 0.108 0.598 0.308
148.600 7 0.484 0.111 0.595 0.311
148.640 7 0.481 0.114 0.591 0.311
148.680 7 0.480 0.117 0.589 0.317
148.720 7 0.475 0.114 0.588 0.317
148.760 7 0.477 0.117 0.588 0.317
148.800 7 0.478 0.119 0.589 0.319
148.840 7 0.478 0.122 0.589 0.322
148.880 7 0.483 0.122 0.594 0.322
148.920 7 0.481 0.122 0.594 0.325
148.960 7 0.484 0.125 0.597 0.328
149.000 7 0.486 0.128 0.602 0.336
149.040 7 0.487 0.122 0.606 0.333
149.080 7 0.487 0.125 0.606 0.336
149.120 7 0.483 0.125 0.602 0.336
149.160 7 0.481 0.125 0.598 0.336
149.200 7 0.480 0.122 0.597 0.333
149.240 7 0.477 0.122 0.595 0.333
149.280 7 0.475 0.119 0.591 0.328
149.320 7 0.473 0.119 0.589 0.328
149.360 7 0.472 0.119 0.588 0.328
149.400 7 0.469 0.122 0.583 0.328
149.440 7 0.467 0.125 0.581 0.331
149.480 7 0.470 0.122 0.586 0.325
149.520 7 0.467 0.125 0.581 0.331
149.560 7 0.469 0.128 0.584 0.333
149.600 7 0.466 0.131 0.580 0.333
149.640 7 0.467 0.131 0.581 0.333
149.680 7 0.469 0.131 0.583 0.333
149.720 7 0.470 0.131 0.584 0.333
149.760 7 0.475 0.131 0.591 0.336
149.800 7 0.477 0.131 0.594 0.339
149.840 7 0.483 0.131 0.600 0.339
149.880 7 0.483 0.133 0.602 0.344
149.920 7 0.489 0.128 0.609 0.342
149.960 7 0.495 0.133 0.611 0.342
150.000 7 0.498 0.128 0.616 0.336
150.040 7 0.492 0.119 0.623 0.353
150.080 7 0.498 0.119 0.628 0.347
150.120 7 0.500 0.114 0.630 0.347
150.160 7 0.502 0.114 0.631 0.344
150.200 7 0.502 0.114 0.631 0.344
150.240 7 0.503 0.114 0.633 0.344
150.280 7 0.498 0.114 0.630 0.347
150.320 7 0.498 0.114 0.630 0.344
150.360 7 0.497 0.114 0.628 0.344
150.400 7 0.494 0.111 0.625 0.342
150.440 7 0.491 0.111 0.622 0.344
150.480 7 0.486 0.111 0.617 0.344
150.520 7 0.478 0.114 0.609 0.347
150.560 7 0.477 0.117 0.609 0.350
150.600 7 0.472 0.117 0.606 0.356
150.640 7 0.475 0.119 0.609 0.358
150.680 7 0.473 0.122 0.609 0.361
150.720 7 0.473 0.119 0.609 0.364
150.760 7 0.480 0.119 0.616 0.361
150.800 7 0.481 0.119 0.619 0.364
150.840 7 0.489 0.122 0.627 0.367
150.880 7 0.498 0.125 0.636 0.372
150.920 7 0.511 0.133 0.650 0.381
150.960 7 0.525 0.139 0.664 0.383
151.000 7 0.536 0.153 0.677 0.403
151.040 7 0.539 0.147 0.684 0.406
151.080 7 0.548 0.147 0.697 0.408
151.120 7 0.558 0.147 0.705 0.408
151.160 7 0.566 0.147 0.713 0.411
151.200 7 0.572 0.142 0.720 0.406
151.240 7 0.578 0.144 0.725 0.406
151.280 7 0.581 0.139 0.728 0.403
151.320 7 0.588 0.139 0.734 0.400
151.360 7 0.592 0.139 0.739 0.397
151.400 7 0.591 0.139 0.739 0.403
151.440 7 0.594 0.147 0.744 0.411
151.480 7 0.594 0.156 0.745 0.425
151.520 7 0.591 0.167 0.744 0.436
151.560 7 0.588 0.172 0.741 0.444
151.600 7 0.589 0.175 0.742 0.447
151.640 7 0.586 0.175 0.738 0.444
151.680 7 0.588 0.169 0.739 0.439
151.720 7 0.586 0.158 0.739 0.431
151.760 7 0.584 0.144 0.738 0.417
151.800 7 0.581 0.136 0.733 0.406
151.840 7 0.578 0.128 0.730 0.397
151.880 7 0.573 0.114 0.727 0.386
151.920 7 0.577 0.111 0.725 0.372
151.960 7 0.572 0.106 0.720 0.369
152.000 7 0.567 0.097 0.708 0.347
152.040 7 0.566 0.089 0.713 0.347
152.080 7 0.567 0.089 0.703 0.331
152.120 7 0.564 0.083 0.702 0.328
152.160 7 0.562 0.083 0.698 0.325
152.200 7 0.556 0.081 0.691 0.319
174.560 8 0.400 -0.128 0.536 0.114
174.600 8 0.397 -0.117 0.536 0.131
174.640 8 0.398 -0.103 0.537 0.144
174.680 8 0.400 -0.081 0.533 0.161
174.720 8 0.400 -0.069 0.536 0.175
174.760 8 0.395 -0.067 0.537 0.189
174.800 8 0.398 -0.050 0.537 0.200
174.840 8 0.397 -0.036 0.536 0.214
174.880 8 0.398 -0.022 0.537 0.228
174.920 8 0.397 -0.008 0.536 0.242
174.960 8 0.402 0.011 0.534 0.250
175.000 8 0.397 0.014 0.536 0.264
175.040 8 0.400 0.022 0.537 0.269
175.080 8 0.400 0.033 0.537 0.281
175.120 8 0.400 0.044 0.534 0.286
175.160 8 0.400 0.053 0.533 0.294
175.200 8 0.398 0.058 0.536 0.306
175.240 8 0.395 0.056 0.537 0.311
175.280 8 0.394 0.064 0.536 0.319
175.320 8 0.398 0.069 0.539 0.325
175.360 8 0.392 0.075 0.537 0.333
175.400 8 0.397 0.078 0.541 0.336
175.440 8 0.392 0.081 0.537 0.339
175.480 8 0.398 0.083 0.542 0.342
175.520 8 0.394 0.086 0.536 0.342
175.560 8 0.397 0.089 0.539 0.344
175.600 8 0.394 0.092 0.534 0.344
175.640 8 0.398 0.094 0.539 0.347
175.680 8 0.397 0.097 0.534 0.347
175.720 8 0.397 0.097 0.537 0.347
175.760 8 0.395 0.094 0.536 0.347
175.800 8 0.398 0.097 0.539 0.353
175.840 8 0.394 0.097 0.536 0.350
175.880 8 0.398 0.097 0.539 0.353
175.920 8 0.394 0.097 0.536 0.353
175.960 8 0.397 0.097 0.539 0.353
176.000 8 0.397 0.097 0.536 0.347
176.040 8 0.402 0.100 0.539 0.347
176.080 8 0.395 0.100 0.531 0.344
176.120 8 0.402 0.106 0.534 0.344
176.160 8 0.397 0.097 0.536 0.347
176.200 8 0.397 0.097 0.536 0.347
176.240 8 0.397 0.097 0.536 0.347
176.280 8 0.397 0.097 0.536 0.347
176.320 8 0.397 0.097 0.536 0.347
176.360 8 0.397 0.097 0.536 0.347
176.400 8 0.397 0.097 0.536 0.347
176.440 8 0.397 0.097 0.536 0.347
176.480 8 0.397 0.097 0.536 0.347
176.520 8 0.397 0.097 0.536 0.347
176.560 8 0.397 0.097 0.536 0.347
176.600 8 0.397 0.097 0.536 0.347
176.640 8 0.397 0.097 0.536 0.347
183.240 9 0.589 0.194 0.694 0.381
183.280 9 0.581 0.197 0.686 0.383
183.320 9 0.575 0.200 0.680 0.383
183.360 9 0.575 0.200 0.678 0.383
183.400 9 0.569 0.197 0.673 0.383
183.440 9 0.572 0.197 0.677 0.383
183.480 9 0.572 0.197 0.675 0.381
183.520 9 0.575 0.200 0.677 0.381
183.560 9 0.577 0.197 0.681 0.383
183.600 9 0.578 0.200 0.680 0.381
183.640 9 0.581 0.200 0.683 0.378
183.680 9 0.588 0.203 0.686 0.375
183.720 9 0.586 0.200 0.686 0.378
183.760 9 0.589 0.200 0.689 0.375
183.800 9 0.594 0.203 0.691 0.378
183.840 9 0.595 0.203 0.694 0.378
183.880 9 0.597 0.203 0.694 0.378
183.920 9 0.597 0.206 0.695 0.378
183.960 9 0.595 0.203 0.694 0.378
184.000 9 0.598 0.203 0.695 0.375
184.040 9 0.598 0.200 0.700 0.378
184.080 9 0.597 0.200 0.695 0.375
184.120 9 0.598 0.203 0.697 0.378
184.160 9 0.598 0.203 0.697 0.378
184.200 9 0.598 0.203 0.697 0.378
184.240 9 0.600 0.203 0.697 0.378
184.280 9 0.600 0.203 0.698 0.378
184.320 9 0.598 0.206 0.694 0.378
184.360 9 0.602 0.206 0.697 0.378
184.400 9 0.597 0.206 0.692 0.375
184.440 9 0.600 0.206 0.695 0.375
184.480 9 0.595 0.206 0.691 0.372
184.520 9 0.598 0.206 0.695 0.375
184.560 9 0.594 0.206 0.689 0.375
184.600 9 0.594 0.203 0.692 0.378
184.640 9 0.592 0.206 0.686 0.372
184.680 9 0.592 0.203 0.689 0.378
184.720 9 0.591 0.203 0.689 0.378
184.760 9 0.591 0.203 0.688 0.378
184.800 9 0.589 0.206 0.683 0.375
184.840 9 0.592 0.206 0.688 0.375
184.880 9 0.589 0.206 0.681 0.369
194.400 10 0.492 0.200 0.588 0.369
194.440 10 0.492 0.197 0.591 0.372
194.480 10 0.491 0.200 0.588 0.369
194.520 10 0.492 0.200 0.589 0.372
194.560 10 0.491 0.200 0.586 0.372
194.600 10 0.492 0.203 0.588 0.372
194.640 10 0.489 0.203 0.586 0.375
194.680 10 0.491 0.208 0.586 0.378
194.720 10 0.487 0.206 0.583 0.375
194.760 10 0.491 0.206 0.586 0.375
194.800 10 0.489 0.203 0.583 0.372
194.840 10 0.491 0.200 0.588 0.372
194.880 10 0.491 0.200 0.588 0.372
194.920 10 0.491 0.200 0.588 0.375
194.960 10 0.491 0.203 0.588 0.375
195.000 10 0.491 0.203 0.588 0.375
195.040 10 0.500 0.214 0.586 0.364
195.080 10 0.500 0.217 0.584 0.367
195.120 10 0.500 0.217 0.584 0.367
195.160 10 0.500 0.217 0.583 0.367
195.200 10 0.502 0.217 0.586 0.367
195.240 10 0.502 0.217 0.586 0.367
195.280 10 0.505 0.217 0.589 0.369
195.320 10 0.506 0.219 0.592 0.372
195.360 10 0.503 0.225 0.589 0.378
195.400 10 0.500 0.231 0.588 0.386
195.440 10 0.497 0.239 0.584 0.394
195.480 10 0.500 0.250 0.580 0.392
195.520 10 0.495 0.253 0.575 0.394
195.560 10 0.491 0.253 0.572 0.394
195.600 10 0.491 0.250 0.570 0.394
195.640 10 0.494 0.244 0.573 0.389
195.680 10 0.498 0.239 0.578 0.381
195.720 10 0.505 0.233 0.584 0.375
195.760 10 0.508 0.228 0.589 0.369
195.800 10 0.511 0.225 0.591 0.367
195.840 10 0.514 0.222 0.597 0.369
195.880 10 0.517 0.222 0.597 0.361
195.920 10 0.516 0.219 0.595 0.361
195.960 10 0.517 0.217 0.598 0.361
196.000 10 0.517 0.217 0.598 0.361
196.040 10 0.509 0.211 0.597 0.369
196.080 10 0.509 0.211 0.598 0.369
196.120 10 0.508 0.211 0.595 0.367
196.160 10 0.508 0.211 0.595 0.367
196.200 10 0.506 0.211 0.594 0.367
196.240 10 0.506 0.211 0.594 0.367
196.280 10 0.505 0.211 0.594 0.369
196.320 10 0.502 0.211 0.591 0.369
196.360 10 0.503 0.214 0.589 0.367
196.400 10 0.502 0.214 0.588 0.367
196.440 10 0.500 0.214 0.586 0.367
196.480 10 0.502 0.214 0.589 0.369
196.520 10 0.500 0.217 0.584 0.367
196.560 10 0.503 0.214 0.589 0.369
196.600 10 0.502 0.214 0.588 0.367
196.640 10 0.503 0.214 0.591 0.367
196.680 10 0.502 0.211 0.589 0.367
196.720 10 0.502 0.211 0.589 0.367
196.760 10 0.505 0.214 0.591 0.367
196.800 10 0.506 0.211 0.592 0.367
196.840 10 0.511 0.214 0.595 0.361
196.880 10 0.509 0.211 0.595 0.364
196.920 10 0.512 0.211 0.598 0.364
196.960 10 0.509 0.211 0.597 0.367
197.000 10 0.502 0.203 0.598 0.375
197.040 10 0.503 0.203 0.595 0.367
197.080 10 0.505 0.203 0.597 0.367
197.120 10 0.503 0.206 0.595 0.367
197.160 10 0.506 0.206 0.598 0.369
197.200 10 0.505 0.208 0.597 0.369
197.240 10 0.506 0.208 0.597 0.369
197.280 10 0.506 0.208 0.595 0.367
197.320 10 0.506 0.208 0.595 0.367
197.360 10 0.506 0.208 0.594 0.367
197.400 10 0.506 0.211 0.594 0.367
197.440 10 0.505 0.211 0.594 0.369
197.480 10 0.505 0.214 0.591 0.369
197.520 10 0.502 0.217 0.586 0.367
197.560 10 0.500 0.214 0.586 0.367
197.600 10 0.497 0.214 0.584 0.367
197.640 10 0.495 0.214 0.583 0.367
197.680 10 0.495 0.211 0.581 0.367
197.720 10 0.497 0.214 0.581 0.364
197.760 10 0.492 0.211 0.580 0.367
197.800 10 0.492 0.214 0.580 0.367
197.840 10 0.489 0.214 0.577 0.369
197.880 10 0.486 0.214 0.575 0.372
197.920 10 0.487 0.214 0.577 0.372
197.960 10 0.486 0.214 0.575 0.372
198.000 10 0.489 0.217 0.570 0.361
198.040 10 0.494 0.219 0.570 0.356
198.080 10 0.494 0.219 0.572 0.356
198.120 10 0.494 0.219 0.572 0.356
198.160 10 0.495 0.222 0.572 0.356
198.200 10 0.495 0.222 0.572 0.356
198.240 10 0.495 0.217 0.573 0.356
198.280 10 0.495 0.219 0.570 0.353
198.320 10 0.497 0.217 0.573 0.353
198.360 10 0.495 0.217 0.572 0.353
198.400 10 0.498 0.217 0.577 0.356
198.440 10 0.498 0.217 0.575 0.353
198.480 10 0.502 0.217 0.581 0.356
198.520 10 0.503 0.217 0.581 0.356
198.560 10 0.506 0.217 0.584 0.356
198.600 10 0.506 0.217 0.586 0.358
198.640 10 0.509 0.219 0.589 0.364
198.680 10 0.509 0.219 0.589 0.364
198.720 10 0.512 0.219 0.594 0.364
198.760 10 0.512 0.219 0.592 0.361
198.800 10 0.516 0.219 0.595 0.361
198.840 10 0.514 0.219 0.594 0.361
198.880 10 0.514 0.219 0.595 0.361
198.920 10 0.516 0.219 0.597 0.361
198.960 10 0.512 0.217 0.595 0.364
199.000 10 0.517 0.217 0.598 0.361
199.040 10 0.520 0.217 0.600 0.361
199.080 10 0.516 0.219 0.595 0.358
199.120 10 0.519 0.219 0.597 0.358
199.160 10 0.517 0.217 0.597 0.361
199.200 10 0.514 0.217 0.594 0.358
199.240 10 0.514 0.217 0.597 0.361
208.200 11 0.008 0.208 0.148 0.458
208.240 11 0.008 0.208 0.148 0.458
208.280 11 0.008 0.208 0.148 0.458
208.320 11 0.008 0.208 0.148 0.458
208.360 11 0.008 0.208 0.148 0.458
208.400 11 0.008 0.208 0.148 0.458
208.440 11 0.008 0.208 0.148 0.458
208.480 11 0.008 0.208 0.148 0.458
208.520 11 0.008 0.208 0.148 0.458
208.560 11 0.008 0.208 0.148 0.458
208.600 11 0.008 0.208 0.148 0.458
208.640 11 0.008 0.208 0.148 0.458
208.680 11 0.008 0.208 0.148 0.458
208.720 11 0.008 0.208 0.148 0.458
208.760 11 0.008 0.208 0.148 0.458
208.800 11 0.008 0.208 0.148 0.458
208.840 11 0.008 0.208 0.148 0.458
208.880 11 0.008 0.208 0.148 0.458
208.920 11 0.008 0.208 0.148 0.458
208.960 11 0.008 0.208 0.148 0.458
209.000 11 0.008 0.208 0.148 0.458
209.040 11 0.011 0.208 0.153 0.461
209.080 11 0.005 0.203 0.148 0.458
209.120 11 0.009 0.208 0.148 0.458
209.160 11 0.008 0.208 0.148 0.458
209.200 11 0.008 0.208 0.148 0.458
209.240 11 0.008 0.208 0.148 0.458
209.280 11 0.008 0.208 0.148 0.458
209.320 11 0.008 0.208 0.148 0.458
209.360 11 0.008 0.208 0.148 0.458
209.400 11 0.008 0.208 0.148 0.458
209.440 11 0.008 0.208 0.148 0.458
209.480 11 0.008 0.208 0.148 0.458
209.520 11 0.008 0.208 0.148 0.458
209.560 11 0.008 0.208 0.148 0.458
209.600 11 0.005 0.208 0.145 0.458
209.640 11 0.011 0.208 0.152 0.458
209.680 11 0.005 0.203 0.148 0.458
209.720 11 0.009 0.208 0.148 0.458
209.760 11 0.008 0.208 0.148 0.458
209.800 11 0.008 0.208 0.148 0.458
209.840 11 0.008 0.206 0.148 0.456
209.880 11 0.013 0.203 0.153 0.453
222.720 12 0.453 0.172 0.506 0.267
222.760 12 0.447 0.167 0.503 0.264
222.800 12 0.442 0.167 0.497 0.264
222.840 12 0.438 0.161 0.494 0.261
222.880 12 0.433 0.158 0.489 0.258
222.920 12 0.430 0.156 0.484 0.256
222.960 12 0.425 0.153 0.481 0.253
223.000 12 0.420 0.150 0.477 0.250
223.040 12 0.416 0.147 0.472 0.247
223.080 12 0.414 0.144 0.469 0.242
223.120 12 0.408 0.139 0.464 0.239
223.160 12 0.406 0.136 0.464 0.236
223.200 12 0.402 0.131 0.458 0.233
223.240 12 0.398 0.125 0.456 0.228
223.280 12 0.394 0.119 0.452 0.222
223.320 12 0.391 0.114 0.448 0.219
223.360 12 0.384 0.111 0.442 0.214
223.400 12 0.381 0.106 0.441 0.211
223.440 12 0.377 0.100 0.434 0.206
223.480 12 0.372 0.094 0.431 0.200
223.520 12 0.367 0.089 0.425 0.192
223.560 12 0.361 0.081 0.419 0.186
223.600 12 0.355 0.075 0.414 0.181
223.640 12 0.350 0.069 0.408 0.172
223.680 12 0.344 0.064 0.402 0.167
223.720 12 0.336 0.056 0.395 0.161
223.760 12 0.330 0.050 0.389 0.156
223.800 12 0.323 0.042 0.383 0.147
223.840 12 0.319 0.033 0.378 0.139
223.880 12 0.312 0.022 0.372 0.128
223.920 12 0.306 0.014 0.366 0.119
223.960 12 0.298 0.003 0.359 0.111
224.000 12 0.294 -0.006 0.355 0.103
224.040 12 0.289 -0.014 0.348 0.094
224.080 12 0.283 -0.022 0.344 0.086
254.400 13 0.359 0.275 0.480 0.486
254.440 13 0.359 0.264 0.477 0.475
254.480 13 0.361 0.258 0.478 0.469
254.520 13 0.361 0.258 0.477 0.464
254.560 13 0.359 0.256 0.475 0.461
254.600 13 0.361 0.258 0.477 0.464
254.640 13 0.359 0.264 0.475 0.469
254.680 13 0.361 0.264 0.477 0.472
254.720 13 0.359 0.264 0.475 0.469
254.760 13 0.359 0.258 0.477 0.464
254.800 13 0.361 0.250 0.477 0.456
254.840 13 0.359 0.239 0.477 0.444
254.880 13 0.361 0.231 0.477 0.439
254.920 13 0.362 0.228 0.477 0.428
254.960 13 0.366 0.222 0.477 0.419
255.000 13 0.369 0.219 0.486 0.428
255.040 13 0.373 0.214 0.489 0.422
255.080 13 0.377 0.219 0.494 0.428
255.120 13 0.386 0.225 0.502 0.433
255.160 13 0.392 0.228 0.509 0.436
255.200 13 0.397 0.222 0.514 0.433
255.240 13 0.406 0.228 0.523 0.436
255.280 13 0.414 0.231 0.533 0.442
255.320 13 0.425 0.239 0.542 0.447
255.360 13 0.431 0.244 0.548 0.456
255.400 13 0.436 0.250 0.556 0.464
255.440 13 0.441 0.256 0.561 0.469
255.480 13 0.450 0.261 0.569 0.475
255.520 13 0.458 0.267 0.575 0.475
255.560 13 0.464 0.269 0.581 0.478
255.600 13 0.467 0.272 0.588 0.483
255.640 13 0.469 0.272 0.589 0.489
255.680 13 0.473 0.278 0.594 0.494
255.720 13 0.473 0.283 0.594 0.497
255.760 13 0.478 0.289 0.598 0.503
255.800 13 0.478 0.292 0.598 0.506
255.840 13 0.480 0.294 0.600 0.508
255.880 13 0.480 0.294 0.600 0.511
255.920 13 0.477 0.294 0.598 0.511
255.960 13 0.477 0.294 0.597 0.511
256.000 13 0.473 0.289 0.589 0.497
256.040 13 0.467 0.286 0.583 0.497
256.080 13 0.461 0.286 0.577 0.494
256.120 13 0.456 0.289 0.570 0.494
256.160 13 0.448 0.283 0.564 0.492
256.200 13 0.447 0.289 0.562 0.494
256.240 13 0.445 0.286 0.562 0.497
256.280 13 0.444 0.283 0.562 0.497
256.320 13 0.448 0.283 0.566 0.492
256.360 13 0.452 0.278 0.567 0.489
256.400 13 0.456 0.275 0.570 0.483
256.440 13 0.459 0.269 0.575 0.475
256.480 13 0.466 0.264 0.581 0.472
256.520 13 0.470 0.261 0.584 0.469
258.400 14 0.255 0.100 0.394 0.344
258.440 14 0.247 0.097 0.386 0.344
258.480 14 0.255 0.100 0.394 0.347
258.520 14 0.247 0.097 0.388 0.344
258.560 14 0.255 0.100 0.394 0.347
258.600 14 0.247 0.097 0.388 0.344
258.640 14 0.256 0.100 0.394 0.347
258.680 14 0.248 0.097 0.388 0.342
258.720 14 0.256 0.100 0.394 0.344
258.760 14 0.252 0.100 0.391 0.350
258.800 14 0.250 0.100 0.395 0.358
258.840 14 0.245 0.103 0.384 0.350
258.880 14 0.242 0.100 0.383 0.350
258.920 14 0.241 0.097 0.381 0.347
258.960 14 0.241 0.097 0.381 0.347
259.000 14 0.241 0.097 0.381 0.347
259.040 14 0.247 0.114 0.377 0.344
259.080 14 0.245 0.117 0.375 0.347
259.120 14 0.248 0.119 0.377 0.350
259.160 14 0.247 0.122 0.373 0.350
259.200 14 0.248 0.125 0.375 0.350
259.240 14 0.248 0.119 0.377 0.350
259.280 14 0.247 0.114 0.375 0.344
259.320 14 0.247 0.111 0.375 0.342
259.360 14 0.245 0.111 0.373 0.339
259.400 14 0.247 0.114 0.373 0.342
259.440 14 0.247 0.117 0.373 0.342
259.480 14 0.250 0.117 0.375 0.342
259.520 14 0.250 0.117 0.375 0.342
259.560 14 0.255 0.119 0.380 0.342
259.600 14 0.253 0.117 0.378 0.342
259.640 14 0.258 0.119 0.381 0.342
259.680 14 0.261 0.119 0.386 0.342
259.720 14 0.261 0.117 0.388 0.342
259.760 14 0.266 0.117 0.391 0.339
259.800 14 0.264 0.117 0.388 0.339
259.840 14 0.266 0.117 0.389 0.339
259.880 14 0.266 0.117 0.389 0.339
259.920 14 0.261 0.117 0.386 0.339
259.960 14 0.263 0.117 0.388 0.339
260.000 14 0.266 0.128 0.381 0.336
260.040 14 0.259 0.108 0.389 0.342
260.080 14 0.259 0.108 0.389 0.339
260.120 14 0.259 0.108 0.389 0.342
260.160 14 0.258 0.108 0.388 0.342
260.200 14 0.261 0.108 0.391 0.342
260.240 14 0.261 0.103 0.392 0.339
260.280 14 0.264 0.106 0.392 0.333
260.320 14 0.263 0.103 0.391 0.331
260.360 14 0.263 0.100 0.391 0.328
260.400 14 0.261 0.100 0.389 0.328
260.440 14 0.261 0.100 0.388 0.325
260.480 14 0.259 0.100 0.388 0.328
260.520 14 0.259 0.100 0.388 0.331
260.560 14 0.259 0.100 0.388 0.331
260.600 14 0.261 0.106 0.388 0.331
260.640 14 0.258 0.103 0.388 0.333
260.680 14 0.261 0.106 0.391 0.336
260.720 14 0.258 0.108 0.386 0.339
260.760 14 0.261 0.111 0.388 0.336
260.800 14 0.259 0.111 0.386 0.339
260.840 14 0.261 0.111 0.388 0.339
260.880 14 0.261 0.111 0.389 0.339
260.920 14 0.263 0.114 0.389 0.342
260.960 14 0.263 0.114 0.389 0.342
261.000 14 0.256 0.097 0.397 0.347
261.040 14 0.248 0.097 0.391 0.347
261.080 14 0.253 0.097 0.394 0.347
261.120 14 0.248 0.097 0.391 0.350
261.160 14 0.252 0.097 0.394 0.350
261.200 14 0.247 0.094 0.392 0.350
261.240 14 0.250 0.094 0.394 0.353
261.280 14 0.248 0.094 0.394 0.353
261.320 14 0.248 0.100 0.391 0.350
261.360 14 0.250 0.097 0.392 0.350
261.400 14 0.247 0.097 0.388 0.350
261.440 14 0.248 0.097 0.392 0.353
261.480 14 0.247 0.100 0.389 0.350
261.520 14 0.248 0.100 0.389 0.350
261.560 14 0.248 0.100 0.389 0.350
261.600 14 0.250 0.100 0.391 0.350
261.640 14 0.247 0.100 0.386 0.350
261.680 14 0.248 0.100 0.389 0.347
261.720 14 0.247 0.097 0.388 0.347
261.760 14 0.247 0.097 0.388 0.347
261.800 14 0.245 0.100 0.386 0.347
261.840 14 0.247 0.100 0.388 0.347
261.880 14 0.248 0.103 0.388 0.347
261.920 14 0.244 0.100 0.384 0.347
261.960 14 0.250 0.100 0.389 0.350
262.000 14 0.241 0.097 0.381 0.347
262.040 14 0.242 0.097 0.383 0.347
262.080 14 0.245 0.100 0.386 0.350
262.120 14 0.242 0.100 0.381 0.347
262.160 14 0.248 0.106 0.384 0.347
262.200 14 0.242 0.100 0.381 0.347
262.240 14 0.247 0.103 0.384 0.347
262.280 14 0.244 0.097 0.384 0.347
262.320 14 0.245 0.100 0.384 0.347
262.360 14 0.242 0.100 0.383 0.347
262.400 14 0.244 0.097 0.384 0.350
262.440 14 0.244 0.100 0.384 0.350
262.480 14 0.244 0.097 0.384 0.347
262.520 14 0.245 0.097 0.386 0.347
262.560 14 0.241 0.094 0.383 0.347
262.600 14 0.245 0.097 0.386 0.347
262.640 14 0.247 0.097 0.388 0.347
262.680 14 0.247 0.097 0.388 0.347
262.720 14 0.247 0.097 0.389 0.347
262.760 14 0.250 0.097 0.392 0.347
262.800 14 0.250 0.097 0.391 0.347
262.840 14 0.250 0.097 0.391 0.347
262.880 14 0.252 0.097 0.395 0.353
262.920 14 0.252 0.094 0.394 0.350
262.960 14 0.252 0.094 0.394 0.347
263.000 14 0.256 0.097 0.397 0.347
263.040 14 0.259 0.094 0.403 0.347
263.080 14 0.259 0.097 0.398 0.344
263.120 14 0.258 0.094 0.400 0.344
263.160 14 0.261 0.092 0.405 0.347
263.200 14 0.252 0.089 0.398 0.350
263.240 14 0.255 0.086 0.403 0.350
263.280 14 0.247 0.086 0.395 0.350
263.320 14 0.252 0.086 0.400 0.350
263.360 14 0.242 0.086 0.392 0.353
263.400 14 0.247 0.086 0.398 0.353
267.760 15 0.255 0.100 0.395 0.350
267.800 15 0.252 0.100 0.392 0.347
267.840 15 0.250 0.100 0.389 0.347
267.880 15 0.248 0.100 0.388 0.347
267.920 15 0.253 0.097 0.394 0.350
267.960 15 0.250 0.092 0.394 0.350
268.000 15 0.256 0.097 0.397 0.347
268.040 15 0.256 0.097 0.397 0.347
268.080 15 0.255 0.094 0.395 0.347
268.120 15 0.258 0.097 0.398 0.344
268.160 15 0.255 0.094 0.397 0.347
268.200 15 0.255 0.097 0.397 0.347
268.240 15 0.250 0.094 0.392 0.347
268.280 15 0.253 0.097 0.392 0.347
268.320 15 0.248 0.097 0.389 0.347
268.360 15 0.247 0.097 0.388 0.347
268.400 15 0.248 0.097 0.389 0.347
268.440 15 0.248 0.094 0.392 0.347
268.480 15 0.248 0.092 0.392 0.350
268.520 15 0.253 0.092 0.397 0.347
268.560 15 0.250 0.092 0.394 0.347
268.600 15 0.255 0.092 0.397 0.344
268.640 15 0.250 0.089 0.394 0.344
268.680 15 0.255 0.092 0.397 0.347
268.720 15 0.248 0.092 0.392 0.347
268.760 15 0.253 0.094 0.397 0.347
268.800 15 0.253 0.097 0.395 0.350
268.840 15 0.258 0.097 0.400 0.350
268.880 15 0.258 0.097 0.398 0.350
268.920 15 0.261 0.100 0.403 0.350
268.960 15 0.258 0.097 0.398 0.350
269.000 15 0.256 0.097 0.397 0.347
269.040 15 0.255 0.100 0.394 0.347
269.080 15 0.252 0.097 0.392 0.347
269.120 15 0.252 0.097 0.392 0.347
269.160 15 0.252 0.097 0.392 0.347
269.200 15 0.253 0.097 0.394 0.347
269.240 15 0.253 0.097 0.394 0.347
269.280 15 0.252 0.094 0.394 0.347
269.320 15 0.255 0.100 0.394 0.347
269.360 15 0.248 0.097 0.391 0.347
269.400 15 0.250 0.097 0.391 0.347
269.440 15 0.248 0.097 0.389 0.347
269.480 15 0.250 0.100 0.389 0.347
269.520 15 0.248 0.097 0.388 0.344
269.560 15 0.248 0.094 0.389 0.347
269.600 15 0.244 0.094 0.384 0.344
269.640 15 0.247 0.097 0.388 0.344
269.680 15 0.244 0.097 0.384 0.347
269.720 15 0.245 0.097 0.386 0.347
269.760 15 0.247 0.097 0.388 0.347
269.800 15 0.247 0.097 0.388 0.347
269.840 15 0.248 0.100 0.388 0.347
269.880 15 0.242 0.097 0.384 0.350
269.920 15 0.245 0.100 0.386 0.347
269.960 15 0.242 0.097 0.384 0.347
270.000 15 0.241 0.097 0.381 0.347
270.040 15 0.244 0.094 0.386 0.347
270.080 15 0.242 0.094 0.384 0.347
270.120 15 0.244 0.097 0.384 0.350
270.160 15 0.239 0.100 0.381 0.350
270.200 15 0.241 0.097 0.383 0.350
270.240 15 0.242 0.097 0.381 0.347
270.280 15 0.247 0.100 0.384 0.347
270.320 15 0.247 0.100 0.386 0.347
270.360 15 0.247 0.097 0.386 0.347
270.400 15 0.245 0.097 0.384 0.344
270.440 15 0.244 0.097 0.384 0.344
270.480 15 0.244 0.094 0.383 0.342
270.520 15 0.242 0.094 0.381 0.342
270.560 15 0.242 0.094 0.381 0.342
270.600 15 0.241 0.094 0.378 0.342
270.640 15 0.237 0.094 0.377 0.342
270.680 15 0.236 0.097 0.375 0.344
270.720 15 0.233 0.097 0.372 0.344
270.760 15 0.237 0.097 0.377 0.344
270.800 15 0.236 0.097 0.375 0.344
270.840 15 0.241 0.097 0.380 0.344
270.880 15 0.239 0.097 0.378 0.344
270.920 15 0.237 0.097 0.378 0.344
270.960 15 0.236 0.097 0.377 0.344
271.000 15 0.241 0.097 0.381 0.347
271.040 15 0.250 0.100 0.388 0.344
271.080 15 0.253 0.100 0.394 0.350
271.120 15 0.258 0.100 0.398 0.350
271.160 15 0.256 0.100 0.397 0.350
271.200 15 0.255 0.097 0.395 0.347
271.240 15 0.258 0.097 0.398 0.347
271.280 15 0.253 0.097 0.394 0.347
271.320 15 0.258 0.097 0.398 0.347
271.360 15 0.259 0.097 0.398 0.344
271.400 15 0.259 0.097 0.400 0.347
271.440 15 0.261 0.094 0.400 0.344
271.480 15 0.261 0.092 0.402 0.344
271.520 15 0.261 0.092 0.402 0.342
271.560 15 0.259 0.092 0.400 0.342
271.600 15 0.263 0.094 0.402 0.344
271.640 15 0.258 0.097 0.397 0.344
271.680 15 0.258 0.097 0.400 0.347
271.720 15 0.252 0.097 0.392 0.347
271.760 15 0.255 0.097 0.395 0.347
271.800 15 0.252 0.097 0.392 0.344
271.840 15 0.256 0.097 0.394 0.344
271.880 15 0.255 0.097 0.394 0.344
271.920 15 0.255 0.097 0.394 0.344
271.960 15 0.255 0.097 0.392 0.342
272.000 15 0.256 0.097 0.397 0.347
272.040 15 0.256 0.097 0.397 0.347
272.080 15 0.259 0.097 0.398 0.347
272.120 15 0.263 0.097 0.405 0.347
272.160 15 0.263 0.097 0.402 0.344
272.200 15 0.263 0.097 0.402 0.344
272.240 15 0.259 0.100 0.395 0.344
272.280 15 0.266 0.100 0.403 0.342
272.320 15 0.261 0.103 0.392 0.336
272.360 15 0.267 0.106 0.402 0.342
272.400 15 0.259 0.103 0.395 0.344
272.440 15 0.258 0.100 0.397 0.347
272.480 15 0.252 0.097 0.394 0.350
272.520 15 0.255 0.100 0.397 0.350
272.560 15 0.252 0.100 0.392 0.350
272.600 15 0.256 0.103 0.397 0.350
272.640 15 0.248 0.103 0.388 0.353
272.680 15 0.247 0.103 0.388 0.350
272.720 15 0.247 0.103 0.388 0.350
272.760 15 0.250 0.103 0.391 0.353
272.800 15 0.248 0.100 0.389 0.353
272.840 15 0.258 0.108 0.394 0.350
272.880 15 0.253 0.100 0.394 0.350
275.720 16 0.267 0.128 0.383 0.336
275.760 16 0.269 0.128 0.383 0.333
275.800 16 0.272 0.133 0.381 0.333
275.840 16 0.266 0.128 0.380 0.333
275.880 16 0.270 0.128 0.386 0.336
275.920 16 0.267 0.128 0.383 0.336
275.960 16 0.270 0.128 0.384 0.336
276.000 16 0.266 0.128 0.381 0.336
276.040 16 0.261 0.125 0.378 0.336
276.080 16 0.267 0.125 0.384 0.336
276.120 16 0.263 0.122 0.383 0.336
276.160 16 0.266 0.125 0.381 0.336
276.200 16 0.261 0.125 0.378 0.336
276.240 16 0.263 0.128 0.380 0.339
276.280 16 0.267 0.125 0.388 0.344
276.320 16 0.270 0.122 0.392 0.339
276.360 16 0.278 0.125 0.397 0.339
276.400 16 0.275 0.125 0.394 0.339
276.440 16 0.280 0.128 0.400 0.342
276.480 16 0.272 0.122 0.395 0.344
276.520 16 0.278 0.125 0.400 0.344
276.560 16 0.273 0.125 0.394 0.342
276.600 16 0.278 0.122 0.398 0.339
276.640 16 0.277 0.122 0.395 0.336
276.680 16 0.280 0.122 0.398 0.336
276.720 16 0.273 0.117 0.395 0.336
276.760 16 0.277 0.122 0.397 0.336
281.840 17 0.341 0.292 0.395 0.389
281.880 17 0.345 0.289 0.400 0.389
281.920 17 0.352 0.292 0.408 0.389
281.960 17 0.359 0.292 0.414 0.389
282.000 17 0.364 0.294 0.420 0.394
282.040 17 0.370 0.297 0.427 0.397
282.080 17 0.375 0.300 0.431 0.400
282.120 17 0.381 0.303 0.439 0.406
282.160 17 0.388 0.306 0.445 0.408
282.200 17 0.391 0.303 0.450 0.408
282.240 17 0.397 0.303 0.456 0.408
282.280 17 0.402 0.300 0.461 0.408
282.120 18 0.386 0.294 0.439 0.389
282.160 18 0.391 0.297 0.445 0.392
282.200 18 0.397 0.297 0.450 0.392
282.240 18 0.400 0.294 0.455 0.392
282.280 18 0.406 0.294 0.459 0.392
282.320 18 0.411 0.292 0.466 0.392
282.360 18 0.417 0.292 0.473 0.389
282.400 18 0.425 0.292 0.480 0.389
282.440 18 0.431 0.289 0.486 0.389
282.480 18 0.438 0.292 0.494 0.389
282.520 18 0.445 0.292 0.500 0.389
282.560 18 0.452 0.292 0.506 0.392
282.600 18 0.458 0.294 0.514 0.394
282.640 18 0.466 0.300 0.522 0.400
282.680 18 0.473 0.306 0.530 0.403
282.720 18 0.483 0.311 0.537 0.408
282.760 18 0.492 0.314 0.545 0.411
282.800 18 0.498 0.314 0.555 0.414
282.840 18 0.508 0.314 0.562 0.411
282.880 18 0.516 0.311 0.570 0.411
282.920 18 0.522 0.308 0.578 0.408
282.960 18 0.527 0.306 0.583 0.406
283.000 18 0.533 0.306 0.589 0.406
283.040 18 0.539 0.308 0.594 0.408
283.080 18 0.544 0.311 0.598 0.411
283.120 18 0.550 0.314 0.605 0.411
283.160 18 0.556 0.317 0.613 0.417
283.200 18 0.561 0.322 0.617 0.419
283.240 18 0.569 0.325 0.625 0.425
283.280 18 0.573 0.328 0.630 0.431
283.320 18 0.578 0.331 0.636 0.433
283.360 18 0.584 0.333 0.641 0.433
283.400 18 0.591 0.331 0.647 0.433
283.440 18 0.595 0.328 0.653 0.431
283.480 18 0.602 0.325 0.659 0.431
283.520 18 0.608 0.325 0.667 0.428
283.560 18 0.616 0.325 0.675 0.428
283.600 18 0.623 0.322 0.683 0.431
283.640 18 0.631 0.325 0.691 0.431
283.680 18 0.641 0.328 0.700 0.431
283.720 18 0.648 0.331 0.708 0.433
283.760 18 0.658 0.333 0.717 0.436
283.800 18 0.669 0.339 0.727 0.439
283.840 18 0.680 0.339 0.738 0.442
283.880 18 0.691 0.347 0.748 0.447
283.920 18 0.703 0.347 0.762 0.450
283.960 18 0.716 0.347 0.773 0.450
284.000 18 0.727 0.350 0.783 0.450
284.040 18 0.736 0.344 0.797 0.450
284.080 18 0.747 0.342 0.806 0.450
