25.360 0 0.131 0.100 0.420 0.614
25.400 0 0.128 0.089 0.422 0.611
25.440 0 0.138 0.078 0.430 0.600
25.480 0 0.150 0.072 0.438 0.583
25.520 0 0.152 0.064 0.436 0.569
25.560 0 0.159 0.053 0.442 0.556
25.600 0 0.169 0.047 0.452 0.550
25.640 0 0.164 0.036 0.448 0.542
25.680 0 0.172 0.028 0.455 0.533
25.720 0 0.167 0.017 0.455 0.525
25.760 0 0.178 0.011 0.464 0.519
25.800 0 0.164 0.000 0.450 0.511
25.840 0 0.180 0.006 0.466 0.517
25.880 0 0.172 0.006 0.459 0.517
25.920 0 0.178 0.006 0.466 0.517
25.960 0 0.170 0.003 0.459 0.514
26.000 0 0.177 0.006 0.464 0.517
26.040 0 0.169 0.003 0.458 0.519
26.080 0 0.175 0.006 0.463 0.517
26.120 0 0.169 0.008 0.453 0.514
26.160 0 0.175 0.008 0.459 0.517
26.200 0 0.166 0.008 0.450 0.514
26.240 0 0.166 0.006 0.450 0.511
26.280 0 0.170 0.014 0.452 0.514
26.320 0 0.161 0.011 0.442 0.511
26.360 0 0.169 0.008 0.450 0.511
26.400 0 0.173 0.011 0.455 0.511
26.440 0 0.167 0.014 0.450 0.514
26.480 0 0.166 0.017 0.453 0.528
26.520 0 0.164 0.017 0.456 0.539
26.560 0 0.161 0.019 0.450 0.533
26.600 0 0.177 0.022 0.466 0.536
26.640 0 0.166 0.028 0.458 0.547
26.680 0 0.175 0.031 0.478 0.569
26.720 0 0.166 0.033 0.467 0.572
26.760 0 0.178 0.036 0.483 0.575
26.800 0 0.172 0.039 0.470 0.572
26.840 0 0.169 0.036 0.469 0.572
26.880 0 0.163 0.033 0.464 0.569
26.920 0 0.173 0.039 0.467 0.561
26.960 0 0.166 0.025 0.469 0.564
27.000 0 0.180 0.033 0.470 0.550
27.040 0 0.180 0.033 0.472 0.550
27.080 0 0.181 0.033 0.475 0.556
27.120 0 0.181 0.033 0.477 0.558
27.160 0 0.189 0.033 0.484 0.558
27.200 0 0.184 0.036 0.475 0.553
27.240 0 0.189 0.031 0.484 0.558
27.280 0 0.177 0.033 0.470 0.556
27.320 0 0.186 0.033 0.481 0.558
27.360 0 0.183 0.033 0.472 0.547
27.400 0 0.191 0.031 0.481 0.547
27.440 0 0.186 0.028 0.477 0.542
27.480 0 0.191 0.019 0.484 0.542
27.520 0 0.186 0.017 0.477 0.533
27.560 0 0.183 0.017 0.470 0.528
27.600 0 0.169 0.033 0.452 0.533
27.640 0 0.158 0.036 0.444 0.544
27.680 0 0.156 0.053 0.441 0.558
27.720 0 0.155 0.075 0.434 0.572
27.760 0 0.156 0.094 0.439 0.597
27.800 0 0.173 0.103 0.453 0.600
27.840 0 0.170 0.103 0.450 0.600
27.880 0 0.175 0.111 0.455 0.608
27.920 0 0.177 0.114 0.455 0.611
27.960 0 0.181 0.108 0.463 0.611
28.000 0 0.177 0.100 0.463 0.608
28.040 0 0.172 0.089 0.464 0.611
28.080 0 0.181 0.081 0.472 0.597
28.120 0 0.184 0.072 0.472 0.583
28.160 0 0.186 0.061 0.475 0.572
28.200 0 0.183 0.053 0.472 0.569
28.240 0 0.188 0.042 0.486 0.572
28.280 0 0.178 0.042 0.478 0.572
28.320 0 0.195 0.042 0.495 0.575
28.360 0 0.186 0.044 0.483 0.572
28.400 0 0.191 0.042 0.491 0.575
28.440 0 0.184 0.044 0.483 0.575
28.480 0 0.194 0.044 0.494 0.575
28.520 0 0.178 0.042 0.478 0.572
28.560 0 0.188 0.039 0.489 0.575
28.600 0 0.170 0.036 0.473 0.575
28.640 0 0.180 0.036 0.484 0.578
28.680 0 0.163 0.031 0.467 0.572
28.720 0 0.158 0.036 0.466 0.586
28.760 0 0.163 0.047 0.467 0.586
28.800 0 0.161 0.047 0.461 0.583
28.840 0 0.159 0.050 0.458 0.578
28.880 0 0.161 0.053 0.458 0.581
28.920 0 0.164 0.061 0.458 0.583
28.960 0 0.153 0.056 0.450 0.583
29.000 0 0.159 0.050 0.459 0.583
29.040 0 0.142 0.042 0.444 0.581
29.080 0 0.156 0.044 0.458 0.583
29.120 0 0.147 0.050 0.447 0.583
29.160 0 0.156 0.047 0.458 0.583
29.200 0 0.153 0.042 0.452 0.572
29.240 0 0.163 0.039 0.463 0.572
29.280 0 0.158 0.031 0.463 0.572
29.320 0 0.169 0.025 0.472 0.564
29.360 0 0.167 0.017 0.472 0.556
29.400 0 0.178 0.019 0.480 0.556
29.440 0 0.180 0.019 0.481 0.556
29.480 0 0.184 0.022 0.486 0.558
29.520 0 0.186 0.025 0.487 0.561
29.560 0 0.186 0.025 0.487 0.561
29.600 0 0.180 0.031 0.478 0.561
29.640 0 0.183 0.031 0.484 0.567
29.680 0 0.177 0.036 0.473 0.564
29.720 0 0.186 0.036 0.483 0.564
29.760 0 0.172 0.036 0.466 0.561
29.800 0 0.181 0.036 0.477 0.561
29.840 0 0.166 0.033 0.459 0.556
29.880 0 0.175 0.031 0.470 0.556
29.920 0 0.161 0.031 0.455 0.553
29.960 0 0.166 0.031 0.459 0.553
30.000 0 0.164 0.031 0.458 0.553
30.040 0 0.164 0.031 0.458 0.553
30.080 0 0.156 0.031 0.452 0.553
30.120 0 0.161 0.031 0.456 0.556
30.160 0 0.152 0.039 0.447 0.561
30.200 0 0.150 0.053 0.442 0.575
30.240 0 0.141 0.075 0.433 0.594
30.280 0 0.145 0.083 0.439 0.606
30.320 0 0.141 0.081 0.434 0.603
30.360 0 0.136 0.072 0.430 0.594
30.400 0 0.134 0.067 0.428 0.589
30.440 0 0.133 0.064 0.427 0.586
30.480 0 0.133 0.058 0.427 0.581
30.520 0 0.142 0.056 0.434 0.575
30.560 0 0.138 0.053 0.428 0.569
30.600 0 0.147 0.053 0.436 0.567
30.640 0 0.144 0.053 0.431 0.564
30.680 0 0.150 0.050 0.438 0.561
30.720 0 0.145 0.044 0.433 0.558
30.760 0 0.153 0.044 0.439 0.556
30.800 0 0.148 0.044 0.434 0.553
30.840 0 0.156 0.044 0.442 0.553
30.880 0 0.150 0.044 0.436 0.550
30.920 0 0.158 0.044 0.441 0.550
30.960 0 0.150 0.044 0.434 0.550
31.000 0 0.144 0.044 0.427 0.550
31.040 0 0.147 0.053 0.431 0.558
31.080 0 0.144 0.050 0.430 0.558
31.120 0 0.142 0.050 0.427 0.556
31.160 0 0.133 0.050 0.417 0.556
31.200 0 0.136 0.053 0.422 0.561
31.240 0 0.133 0.053 0.419 0.561
31.280 0 0.123 0.053 0.409 0.561
31.320 0 0.127 0.050 0.414 0.564
31.360 0 0.125 0.050 0.414 0.561
31.400 0 0.127 0.044 0.412 0.556
31.440 0 0.136 0.039 0.420 0.544
31.480 0 0.138 0.025 0.422 0.531
31.520 0 0.134 0.017 0.416 0.519
31.560 0 0.144 0.011 0.422 0.506
31.600 0 0.144 -0.003 0.422 0.489
31.640 0 0.141 -0.011 0.416 0.478
31.680 0 0.148 -0.014 0.423 0.472
31.720 0 0.147 -0.019 0.420 0.467
31.760 0 0.155 -0.022 0.428 0.464
31.800 0 0.153 -0.028 0.427 0.458
31.840 0 0.164 -0.028 0.436 0.458
31.880 0 0.159 -0.028 0.431 0.456
31.920 0 0.161 -0.025 0.431 0.458
31.960 0 0.152 -0.025 0.423 0.456
32.000 0 0.153 -0.022 0.423 0.458
32.040 0 0.144 -0.025 0.414 0.458
32.080 0 0.134 -0.022 0.406 0.461
32.120 0 0.125 -0.017 0.397 0.467
32.160 0 0.125 -0.014 0.397 0.469
32.200 0 0.117 -0.011 0.389 0.472
32.240 0 0.119 -0.011 0.392 0.475
32.280 0 0.111 -0.011 0.384 0.475
32.320 0 0.116 -0.008 0.391 0.481
32.360 0 0.108 -0.006 0.384 0.486
32.400 1 0.284 0.294 0.400 0.503
32.440 1 0.281 0.297 0.394 0.497
32.480 1 0.284 0.297 0.397 0.497
32.520 1 0.286 0.297 0.398 0.500
32.560 1 0.281 0.297 0.395 0.497
32.600 1 0.284 0.294 0.398 0.500
32.640 1 0.283 0.294 0.400 0.500
32.680 1 0.281 0.292 0.400 0.500
32.720 1 0.281 0.292 0.400 0.503
32.760 1 0.280 0.292 0.397 0.500
32.800 1 0.283 0.289 0.402 0.500
32.840 1 0.277 0.286 0.397 0.500
32.880 1 0.280 0.286 0.402 0.503
32.920 1 0.278 0.289 0.397 0.500
32.960 1 0.278 0.289 0.395 0.497
33.000 1 0.278 0.289 0.395 0.497
33.040 1 0.283 0.289 0.397 0.492
33.080 1 0.278 0.286 0.392 0.489
33.120 1 0.281 0.283 0.395 0.489
33.160 1 0.278 0.281 0.395 0.489
33.200 1 0.283 0.278 0.400 0.486
33.240 1 0.286 0.275 0.398 0.475
33.280 1 0.283 0.272 0.397 0.475
33.320 1 0.287 0.272 0.400 0.472
33.360 1 0.287 0.272 0.398 0.469
33.400 1 0.289 0.269 0.402 0.469
33.440 1 0.286 0.272 0.398 0.469
33.480 1 0.292 0.275 0.405 0.472
33.520 1 0.291 0.278 0.402 0.475
33.560 1 0.297 0.278 0.406 0.472
33.600 1 0.294 0.281 0.405 0.475
33.640 1 0.298 0.281 0.409 0.478
33.680 1 0.297 0.283 0.406 0.481
33.720 1 0.302 0.286 0.412 0.481
33.760 1 0.300 0.286 0.409 0.481
33.800 1 0.302 0.289 0.409 0.483
33.840 1 0.302 0.289 0.409 0.483
33.880 1 0.297 0.289 0.406 0.483
33.920 1 0.303 0.289 0.411 0.483
33.960 1 0.298 0.292 0.408 0.486
34.000 1 0.302 0.294 0.409 0.489
34.040 1 0.303 0.294 0.412 0.486
34.080 1 0.303 0.294 0.411 0.483
34.120 1 0.303 0.294 0.409 0.481
34.160 1 0.302 0.294 0.408 0.483
34.200 1 0.306 0.294 0.412 0.486
34.240 1 0.305 0.294 0.411 0.483
34.280 1 0.306 0.294 0.412 0.481
34.320 1 0.305 0.292 0.411 0.481
33.160 2 0.881 0.297 0.978 0.469
33.200 2 0.875 0.300 0.972 0.472
33.240 2 0.875 0.300 0.973 0.475
33.280 2 0.873 0.306 0.970 0.475
33.320 2 0.870 0.308 0.967 0.478
33.360 2 0.870 0.308 0.967 0.478
33.400 2 0.869 0.308 0.966 0.478
33.440 2 0.869 0.308 0.966 0.481
33.480 2 0.870 0.311 0.966 0.481
33.520 2 0.872 0.314 0.966 0.481
33.560 2 0.869 0.317 0.961 0.481
33.600 2 0.873 0.317 0.966 0.481
33.640 2 0.869 0.317 0.964 0.483
33.680 2 0.869 0.317 0.964 0.486
33.720 2 0.869 0.317 0.963 0.481
33.760 2 0.872 0.317 0.966 0.483
33.800 2 0.869 0.317 0.963 0.483
33.840 2 0.870 0.317 0.966 0.486
33.880 2 0.872 0.319 0.964 0.483
33.920 2 0.869 0.317 0.961 0.483
33.960 2 0.873 0.319 0.967 0.483
34.000 2 0.869 0.317 0.966 0.489
34.040 2 0.869 0.317 0.966 0.486
34.080 2 0.873 0.317 0.966 0.481
34.120 2 0.867 0.317 0.961 0.481
34.160 2 0.869 0.317 0.964 0.486
34.200 2 0.869 0.317 0.964 0.489
34.240 2 0.867 0.319 0.959 0.483
34.280 2 0.867 0.317 0.963 0.486
34.320 2 0.866 0.319 0.958 0.483
61.440 3 0.373 0.239 0.509 0.486
61.480 3 0.378 0.236 0.514 0.481
61.520 3 0.380 0.236 0.516 0.481
61.560 3 0.381 0.239 0.516 0.481
61.600 3 0.383 0.239 0.517 0.483
61.640 3 0.384 0.239 0.519 0.483
61.680 3 0.383 0.239 0.517 0.481
61.720 3 0.388 0.239 0.522 0.478
61.760 3 0.386 0.236 0.520 0.475
61.800 3 0.391 0.233 0.523 0.472
61.840 3 0.391 0.233 0.522 0.469
61.880 3 0.395 0.231 0.527 0.467
61.920 3 0.395 0.231 0.525 0.464
61.960 3 0.398 0.228 0.528 0.464
62.000 3 0.403 0.228 0.533 0.461
62.040 3 0.402 0.225 0.533 0.458
62.080 3 0.406 0.222 0.534 0.453
62.120 3 0.409 0.217 0.539 0.450
62.160 3 0.414 0.217 0.542 0.447
62.200 3 0.417 0.211 0.547 0.447
62.240 3 0.417 0.211 0.548 0.447
62.280 3 0.420 0.214 0.550 0.447
62.320 3 0.416 0.214 0.548 0.453
62.360 3 0.417 0.214 0.550 0.453
62.400 3 0.414 0.214 0.547 0.453
62.440 3 0.414 0.214 0.548 0.453
62.480 3 0.416 0.214 0.548 0.453
62.520 3 0.417 0.217 0.550 0.453
62.560 3 0.419 0.217 0.550 0.456
62.600 3 0.417 0.217 0.552 0.458
62.640 3 0.419 0.214 0.556 0.461
62.680 3 0.412 0.211 0.552 0.461
62.720 3 0.412 0.211 0.552 0.464
62.760 3 0.412 0.211 0.552 0.461
62.800 3 0.412 0.211 0.552 0.461
62.840 3 0.412 0.211 0.552 0.461
62.880 3 0.408 0.200 0.552 0.461
62.920 3 0.416 0.208 0.555 0.458
62.960 3 0.409 0.208 0.548 0.458
63.000 3 0.412 0.208 0.552 0.458
63.040 3 0.408 0.203 0.558 0.475
63.080 3 0.411 0.206 0.562 0.478
63.120 3 0.409 0.206 0.561 0.481
63.160 3 0.412 0.206 0.566 0.481
63.200 3 0.414 0.206 0.567 0.481
63.240 3 0.416 0.208 0.570 0.486
63.280 3 0.417 0.208 0.572 0.489
63.320 3 0.417 0.211 0.573 0.492
63.360 3 0.422 0.211 0.577 0.492
63.400 3 0.423 0.208 0.580 0.492
63.440 3 0.428 0.208 0.584 0.492
63.480 3 0.425 0.208 0.592 0.508
63.520 3 0.433 0.214 0.600 0.514
63.560 3 0.433 0.217 0.602 0.517
63.600 3 0.430 0.211 0.600 0.517
63.640 3 0.434 0.206 0.606 0.517
63.680 3 0.431 0.203 0.605 0.514
63.720 3 0.436 0.203 0.611 0.514
63.760 3 0.439 0.203 0.614 0.517
63.800 3 0.436 0.206 0.608 0.514
63.840 3 0.436 0.206 0.608 0.517
63.880 3 0.433 0.206 0.605 0.517
63.920 3 0.438 0.206 0.609 0.514
63.960 3 0.438 0.206 0.611 0.514
64.000 3 0.439 0.208 0.611 0.517
64.040 3 0.444 0.214 0.613 0.517
64.080 3 0.439 0.217 0.609 0.522
64.120 3 0.442 0.219 0.611 0.522
64.160 3 0.433 0.217 0.605 0.522
64.200 3 0.436 0.208 0.609 0.519
64.240 3 0.433 0.203 0.606 0.517
64.280 3 0.438 0.203 0.611 0.514
64.320 3 0.438 0.203 0.611 0.514
64.360 3 0.441 0.206 0.613 0.514
64.400 3 0.436 0.208 0.609 0.517
64.440 3 0.436 0.206 0.608 0.517
64.480 3 0.434 0.203 0.608 0.514
64.520 3 0.434 0.203 0.608 0.514
64.560 3 0.434 0.203 0.608 0.514
64.600 3 0.434 0.203 0.606 0.511
64.640 3 0.434 0.200 0.606 0.508
64.680 3 0.434 0.197 0.605 0.503
64.720 3 0.434 0.194 0.605 0.500
64.760 3 0.434 0.192 0.605 0.497
64.800 3 0.433 0.189 0.603 0.494
64.840 3 0.433 0.186 0.600 0.486
64.880 3 0.433 0.183 0.598 0.481
64.920 3 0.425 0.183 0.591 0.481
64.960 3 0.428 0.186 0.591 0.481
65.000 3 0.420 0.183 0.588 0.483
65.040 3 0.416 0.183 0.583 0.486
68.880 4 0.444 0.239 0.584 0.492
68.920 4 0.444 0.239 0.583 0.492
68.960 4 0.444 0.239 0.583 0.489
69.000 4 0.444 0.236 0.583 0.486
69.040 4 0.444 0.233 0.583 0.483
69.080 4 0.444 0.233 0.583 0.483
69.120 4 0.444 0.231 0.583 0.483
69.160 4 0.444 0.231 0.583 0.483
69.200 4 0.444 0.231 0.583 0.481
69.240 4 0.444 0.228 0.581 0.478
69.280 4 0.442 0.225 0.580 0.472
69.320 4 0.444 0.222 0.583 0.472
69.360 4 0.445 0.211 0.584 0.461
69.400 4 0.445 0.214 0.578 0.450
69.440 4 0.450 0.211 0.581 0.447
69.480 4 0.444 0.211 0.575 0.447
69.520 4 0.445 0.214 0.577 0.450
69.560 4 0.441 0.217 0.572 0.453
69.600 4 0.441 0.219 0.573 0.456
69.640 4 0.436 0.219 0.570 0.458
69.680 4 0.436 0.219 0.567 0.456
69.720 4 0.434 0.217 0.566 0.453
69.760 4 0.433 0.214 0.562 0.447
69.800 4 0.431 0.211 0.559 0.442
69.840 4 0.433 0.206 0.559 0.433
69.880 4 0.427 0.203 0.552 0.428
69.920 4 0.425 0.200 0.548 0.425
69.960 4 0.420 0.203 0.545 0.425
70.000 4 0.420 0.208 0.544 0.433
70.040 4 0.425 0.208 0.550 0.436
70.080 4 0.420 0.211 0.548 0.439
70.120 4 0.427 0.211 0.555 0.442
70.160 4 0.423 0.214 0.550 0.442
70.200 4 0.428 0.217 0.555 0.444
70.240 4 0.427 0.214 0.553 0.442
70.280 4 0.423 0.214 0.550 0.442
70.320 4 0.430 0.217 0.556 0.447
70.360 4 0.431 0.222 0.556 0.450
70.400 4 0.433 0.228 0.558 0.453
70.440 4 0.438 0.231 0.561 0.453
70.480 4 0.442 0.228 0.566 0.450
70.520 4 0.439 0.222 0.564 0.447
70.560 4 0.442 0.219 0.569 0.444
70.600 4 0.441 0.219 0.566 0.444
70.640 4 0.441 0.219 0.567 0.447
70.680 4 0.442 0.222 0.567 0.447
70.720 4 0.442 0.225 0.567 0.450
70.760 4 0.442 0.225 0.569 0.450
70.800 4 0.444 0.228 0.569 0.453
70.840 4 0.445 0.231 0.572 0.458
70.880 4 0.452 0.233 0.580 0.464
70.920 4 0.452 0.236 0.581 0.469
70.960 4 0.453 0.244 0.584 0.481
71.000 4 0.453 0.253 0.584 0.489
71.040 4 0.459 0.253 0.591 0.492
71.080 4 0.453 0.250 0.586 0.489
71.120 4 0.452 0.244 0.586 0.486
71.160 4 0.445 0.244 0.580 0.486
71.200 4 0.445 0.244 0.580 0.489
71.240 4 0.441 0.250 0.575 0.492
71.280 4 0.442 0.250 0.577 0.494
71.320 4 0.442 0.253 0.578 0.497
71.360 4 0.439 0.256 0.573 0.497
71.400 4 0.441 0.258 0.575 0.500
71.440 4 0.438 0.258 0.572 0.500
71.480 4 0.442 0.261 0.577 0.500
71.520 4 0.442 0.258 0.575 0.500
71.560 4 0.442 0.261 0.575 0.500
71.600 4 0.444 0.261 0.577 0.503
71.640 4 0.445 0.264 0.578 0.503
71.680 4 0.448 0.261 0.581 0.503
71.720 4 0.445 0.261 0.580 0.503
71.760 4 0.447 0.261 0.580 0.503
71.800 4 0.447 0.261 0.583 0.506
71.840 4 0.448 0.264 0.584 0.508
71.880 4 0.455 0.264 0.591 0.508
71.920 4 0.458 0.264 0.595 0.508
71.960 4 0.458 0.261 0.594 0.503
72.000 4 0.463 0.256 0.597 0.500
72.040 4 0.459 0.253 0.594 0.494
72.080 4 0.461 0.247 0.595 0.486
72.120 4 0.463 0.242 0.595 0.481
72.160 4 0.453 0.239 0.584 0.478
72.200 4 0.448 0.239 0.581 0.478
72.240 4 0.441 0.236 0.573 0.475
72.280 4 0.433 0.239 0.566 0.478
72.320 4 0.433 0.239 0.562 0.472
72.360 4 0.427 0.236 0.556 0.467
72.400 4 0.431 0.228 0.559 0.458
72.440 4 0.433 0.217 0.561 0.447
72.520 4 0.427 0.183 0.588 0.472
72.560 4 0.428 0.183 0.591 0.475
72.600 4 0.436 0.175 0.600 0.467
72.640 4 0.427 0.181 0.591 0.472
72.680 4 0.414 0.192 0.578 0.481
72.720 4 0.403 0.203 0.564 0.489
72.760 4 0.389 0.211 0.553 0.500
72.800 4 0.383 0.211 0.548 0.506
72.840 4 0.373 0.222 0.539 0.517
72.880 4 0.373 0.219 0.542 0.519
72.920 4 0.364 0.231 0.533 0.528
72.960 4 0.373 0.219 0.542 0.519
73.000 4 0.383 0.217 0.552 0.517
73.040 4 0.394 0.203 0.567 0.511
73.080 4 0.406 0.203 0.575 0.503
73.120 4 0.416 0.203 0.583 0.497
73.160 4 0.430 0.192 0.595 0.486
73.200 4 0.439 0.189 0.605 0.483
73.240 4 0.447 0.183 0.614 0.478
73.280 4 0.450 0.178 0.622 0.483
73.320 4 0.450 0.178 0.622 0.481
73.360 4 0.452 0.178 0.622 0.481
73.400 4 0.452 0.175 0.625 0.483
73.440 4 0.456 0.175 0.630 0.483
73.480 4 0.452 0.172 0.628 0.483
73.520 4 0.450 0.169 0.627 0.486
73.560 4 0.448 0.169 0.627 0.486
73.600 4 0.448 0.169 0.627 0.486
73.640 4 0.444 0.169 0.622 0.486
73.680 4 0.447 0.172 0.625 0.489
73.720 4 0.442 0.175 0.619 0.489
73.760 4 0.444 0.175 0.622 0.492
73.800 4 0.439 0.175 0.617 0.492
73.840 4 0.444 0.175 0.623 0.494
73.880 4 0.441 0.172 0.622 0.494
73.920 4 0.439 0.172 0.620 0.492
88.120 5 0.300 0.022 0.481 0.347
88.160 5 0.294 0.031 0.475 0.353
88.200 5 0.289 0.036 0.469 0.358
88.240 5 0.284 0.042 0.461 0.356
88.280 5 0.287 0.053 0.463 0.361
88.320 5 0.277 0.047 0.453 0.361
88.360 5 0.273 0.039 0.453 0.361
88.400 5 0.264 0.039 0.444 0.358
88.440 5 0.270 0.039 0.448 0.353
88.480 5 0.264 0.036 0.438 0.344
88.520 5 0.269 0.033 0.445 0.347
88.560 5 0.259 0.031 0.436 0.344
88.600 5 0.266 0.028 0.439 0.336
88.640 5 0.258 0.025 0.428 0.328
88.680 5 0.255 0.022 0.425 0.325
88.720 5 0.256 0.022 0.430 0.331
88.760 5 0.253 0.033 0.420 0.333
88.800 5 0.258 0.042 0.422 0.333
88.840 5 0.250 0.044 0.417 0.339
88.880 5 0.256 0.056 0.414 0.336
88.920 5 0.242 0.044 0.409 0.342
88.960 5 0.242 0.042 0.412 0.344
89.000 5 0.234 0.053 0.402 0.350
89.040 5 0.234 0.072 0.391 0.350
89.080 5 0.228 0.061 0.395 0.358
89.120 5 0.223 0.058 0.389 0.356
89.160 5 0.223 0.064 0.391 0.358
89.200 5 0.222 0.058 0.389 0.353
89.240 5 0.220 0.044 0.395 0.358
89.280 5 0.223 0.042 0.397 0.350
89.320 5 0.217 0.047 0.391 0.356
89.360 5 0.223 0.061 0.386 0.353
89.400 5 0.220 0.069 0.378 0.350
89.440 5 0.220 0.067 0.380 0.353
89.480 5 0.217 0.067 0.377 0.350
89.520 5 0.212 0.069 0.367 0.347
89.560 5 0.211 0.067 0.370 0.350
89.600 5 0.209 0.072 0.364 0.347
89.640 5 0.211 0.075 0.369 0.356
89.680 5 0.206 0.081 0.362 0.358
89.720 5 0.211 0.092 0.367 0.369
89.760 5 0.208 0.100 0.361 0.372
89.800 5 0.208 0.114 0.358 0.381
89.840 5 0.206 0.119 0.356 0.386
89.880 5 0.206 0.128 0.356 0.394
89.920 5 0.205 0.136 0.353 0.400
89.960 5 0.203 0.142 0.352 0.406
90.000 5 0.211 0.144 0.359 0.408
90.040 5 0.216 0.142 0.364 0.403
90.080 5 0.220 0.136 0.367 0.397
90.120 5 0.225 0.133 0.370 0.392
90.160 5 0.223 0.131 0.369 0.392
90.200 5 0.223 0.133 0.370 0.392
90.240 5 0.230 0.133 0.373 0.389
90.280 5 0.230 0.128 0.375 0.386
90.320 5 0.234 0.128 0.378 0.383
90.360 5 0.234 0.125 0.378 0.381
90.400 5 0.239 0.125 0.383 0.378
90.440 5 0.237 0.125 0.380 0.375
90.480 5 0.239 0.128 0.381 0.378
90.520 5 0.234 0.131 0.375 0.381
90.560 5 0.234 0.133 0.377 0.386
90.600 5 0.233 0.133 0.373 0.383
90.640 5 0.231 0.128 0.372 0.378
90.680 5 0.234 0.128 0.375 0.378
90.720 5 0.228 0.128 0.366 0.372
90.760 5 0.227 0.136 0.364 0.381
90.800 5 0.223 0.142 0.358 0.383
90.840 5 0.222 0.153 0.358 0.394
90.880 5 0.225 0.150 0.362 0.394
90.920 5 0.227 0.142 0.364 0.386
90.960 5 0.227 0.139 0.364 0.383
91.000 5 0.231 0.142 0.367 0.383
91.040 5 0.225 0.139 0.361 0.378
91.080 5 0.230 0.136 0.364 0.375
91.120 5 0.222 0.133 0.356 0.369
91.160 5 0.225 0.131 0.359 0.369
91.200 5 0.220 0.133 0.355 0.369
91.240 5 0.220 0.139 0.353 0.375
91.280 5 0.228 0.144 0.361 0.381
91.320 5 0.223 0.147 0.356 0.381
91.360 5 0.227 0.150 0.358 0.383
91.400 5 0.228 0.156 0.358 0.386
91.440 5 0.223 0.158 0.353 0.389
91.480 5 0.225 0.161 0.353 0.392
100.200 6 0.398 0.275 0.534 0.519
100.240 6 0.409 0.269 0.545 0.511
100.280 6 0.417 0.258 0.553 0.506
100.320 6 0.423 0.250 0.562 0.500
100.360 6 0.430 0.244 0.570 0.500
100.400 6 0.433 0.247 0.573 0.500
100.440 6 0.439 0.250 0.580 0.503
100.480 6 0.436 0.253 0.575 0.503
100.520 6 0.434 0.244 0.575 0.494
100.560 6 0.436 0.239 0.578 0.492
100.600 6 0.430 0.236 0.569 0.486
100.640 6 0.428 0.233 0.566 0.481
100.680 6 0.420 0.231 0.558 0.478
100.720 6 0.420 0.231 0.555 0.472
100.760 6 0.414 0.228 0.547 0.467
100.800 6 0.411 0.225 0.544 0.464
100.840 6 0.405 0.228 0.536 0.464
100.880 6 0.400 0.228 0.533 0.464
100.920 6 0.394 0.225 0.525 0.461
100.960 6 0.389 0.225 0.520 0.461
101.000 6 0.384 0.225 0.517 0.464
101.040 6 0.380 0.225 0.514 0.467
101.080 6 0.377 0.228 0.508 0.467
101.120 6 0.370 0.231 0.505 0.469
101.160 6 0.370 0.231 0.506 0.472
101.200 6 0.366 0.233 0.502 0.475
101.240 6 0.366 0.233 0.502 0.478
101.280 6 0.361 0.233 0.497 0.478
101.320 6 0.361 0.233 0.497 0.481
101.360 6 0.356 0.233 0.494 0.481
101.400 6 0.355 0.231 0.494 0.478
101.440 6 0.353 0.225 0.492 0.475
101.480 6 0.352 0.225 0.491 0.475
101.520 6 0.353 0.219 0.495 0.475
101.560 6 0.356 0.217 0.495 0.467
101.600 6 0.364 0.219 0.503 0.469
101.640 6 0.372 0.222 0.511 0.475
101.680 6 0.383 0.217 0.528 0.475
101.720 6 0.392 0.208 0.542 0.478
101.760 6 0.402 0.211 0.550 0.478
101.800 6 0.411 0.211 0.556 0.472
101.840 6 0.417 0.208 0.559 0.467
101.880 6 0.416 0.206 0.558 0.461
101.920 6 0.422 0.208 0.559 0.456
101.960 6 0.419 0.211 0.555 0.456
102.000 6 0.412 0.208 0.552 0.458
102.040 6 0.408 0.211 0.547 0.461
102.080 6 0.403 0.214 0.542 0.461
102.120 6 0.403 0.211 0.541 0.458
102.160 6 0.397 0.211 0.534 0.458
102.200 6 0.395 0.211 0.533 0.458
102.240 6 0.389 0.214 0.523 0.458
102.280 6 0.384 0.214 0.520 0.456
102.320 6 0.384 0.217 0.519 0.458
102.360 6 0.380 0.219 0.516 0.461
102.400 6 0.377 0.219 0.512 0.464
102.440 6 0.378 0.222 0.514 0.467
102.480 6 0.378 0.222 0.514 0.467
102.520 6 0.380 0.222 0.514 0.467
102.560 6 0.381 0.225 0.516 0.467
102.600 6 0.384 0.225 0.520 0.469
102.640 6 0.384 0.225 0.520 0.467
102.680 6 0.388 0.222 0.525 0.469
102.720 6 0.386 0.222 0.522 0.467
102.760 6 0.388 0.219 0.527 0.469
102.800 6 0.380 0.217 0.519 0.467
102.840 6 0.388 0.219 0.525 0.467
102.880 6 0.380 0.219 0.519 0.467
102.920 6 0.381 0.219 0.520 0.467
102.960 6 0.378 0.219 0.516 0.467
103.000 6 0.386 0.219 0.523 0.467
103.040 6 0.381 0.219 0.519 0.467
103.080 6 0.388 0.219 0.528 0.472
103.120 6 0.391 0.217 0.533 0.469
103.160 6 0.392 0.214 0.531 0.467
103.200 6 0.395 0.211 0.537 0.464
103.240 6 0.400 0.208 0.542 0.464
103.280 6 0.398 0.208 0.539 0.461
103.320 6 0.403 0.208 0.544 0.461
103.360 6 0.400 0.208 0.541 0.461
103.400 6 0.403 0.208 0.545 0.461
103.440 6 0.397 0.206 0.536 0.458
103.480 6 0.402 0.206 0.539 0.456
103.520 6 0.391 0.208 0.528 0.456
103.560 6 0.389 0.206 0.527 0.453
103.600 6 0.381 0.208 0.519 0.453
103.640 6 0.377 0.208 0.514 0.456
103.680 6 0.373 0.211 0.511 0.458
103.720 6 0.375 0.214 0.511 0.461
103.760 6 0.370 0.217 0.506 0.464
103.800 6 0.372 0.219 0.508 0.464
103.840 6 0.372 0.219 0.506 0.464
103.880 6 0.375 0.222 0.509 0.461
103.920 6 0.370 0.222 0.505 0.461
103.960 6 0.373 0.225 0.506 0.464
104.000 6 0.375 0.225 0.506 0.464
104.040 6 0.377 0.228 0.508 0.464
104.080 6 0.378 0.228 0.509 0.464
104.120 6 0.380 0.228 0.511 0.464
104.160 6 0.380 0.231 0.511 0.467
104.200 6 0.380 0.233 0.511 0.469
104.240 6 0.377 0.239 0.506 0.475
104.280 6 0.372 0.244 0.502 0.478
106.440 7 0.364 0.133 0.445 0.278
106.480 7 0.367 0.133 0.445 0.275
106.520 7 0.367 0.133 0.447 0.278
106.560 7 0.367 0.133 0.448 0.281
106.600 7 0.364 0.136 0.444 0.278
106.640 7 0.366 0.133 0.447 0.281
106.680 7 0.361 0.131 0.447 0.283
106.720 7 0.364 0.131 0.452 0.283
106.760 7 0.361 0.131 0.447 0.283
106.800 7 0.366 0.131 0.452 0.286
106.840 7 0.361 0.131 0.447 0.283
106.880 7 0.366 0.133 0.450 0.286
106.920 7 0.361 0.133 0.445 0.283
106.960 7 0.366 0.133 0.450 0.283
107.000 7 0.364 0.136 0.445 0.281
107.040 7 0.362 0.139 0.442 0.278
107.080 7 0.366 0.139 0.445 0.278
107.120 7 0.362 0.139 0.441 0.278
107.160 7 0.364 0.139 0.444 0.278
107.200 7 0.361 0.136 0.442 0.281
107.240 7 0.362 0.139 0.441 0.278
107.280 7 0.361 0.136 0.441 0.281
107.320 7 0.361 0.136 0.442 0.281
107.360 7 0.359 0.136 0.441 0.281
107.400 7 0.359 0.136 0.441 0.281
107.440 7 0.359 0.136 0.439 0.278
107.480 7 0.361 0.136 0.439 0.278
107.520 7 0.358 0.136 0.438 0.278
107.560 7 0.361 0.136 0.439 0.278
107.600 7 0.361 0.139 0.438 0.278
107.640 7 0.358 0.136 0.439 0.281
107.680 7 0.359 0.139 0.439 0.278
107.720 7 0.359 0.139 0.439 0.281
107.760 7 0.358 0.139 0.438 0.278
107.800 7 0.359 0.139 0.439 0.281
107.840 7 0.356 0.136 0.438 0.281
107.880 7 0.356 0.136 0.438 0.281
107.920 7 0.356 0.136 0.438 0.281
107.960 7 0.356 0.136 0.438 0.281
108.000 7 0.355 0.136 0.436 0.281
108.040 7 0.347 0.136 0.428 0.281
108.080 7 0.345 0.133 0.427 0.281
108.120 7 0.345 0.136 0.427 0.281
108.160 7 0.344 0.136 0.427 0.281
108.200 7 0.344 0.136 0.425 0.281
108.240 7 0.344 0.136 0.425 0.281
108.280 7 0.344 0.136 0.423 0.281
108.320 7 0.344 0.136 0.425 0.281
108.360 7 0.341 0.136 0.422 0.281
108.400 7 0.344 0.139 0.423 0.281
108.440 7 0.341 0.136 0.422 0.283
108.480 7 0.341 0.139 0.423 0.283
108.520 7 0.342 0.139 0.423 0.283
108.560 7 0.342 0.139 0.423 0.283
108.600 7 0.342 0.139 0.422 0.283
108.640 7 0.341 0.139 0.422 0.283
108.680 7 0.342 0.139 0.423 0.283
108.720 7 0.341 0.136 0.425 0.286
108.760 7 0.344 0.139 0.427 0.283
108.800 7 0.342 0.136 0.425 0.283
108.840 7 0.345 0.139 0.427 0.283
108.880 7 0.344 0.136 0.425 0.283
108.920 7 0.345 0.139 0.425 0.283
108.960 7 0.344 0.136 0.425 0.281
109.000 7 0.336 0.136 0.417 0.281
109.040 7 0.336 0.136 0.417 0.281
109.080 7 0.336 0.133 0.417 0.278
109.120 7 0.336 0.128 0.422 0.281
109.160 7 0.338 0.125 0.422 0.278
109.200 7 0.338 0.117 0.423 0.272
109.240 7 0.341 0.117 0.427 0.269
109.280 7 0.342 0.106 0.428 0.258
109.320 7 0.344 0.100 0.430 0.253
109.360 7 0.348 0.094 0.431 0.242
109.400 7 0.355 0.083 0.438 0.231
109.440 7 0.361 0.075 0.445 0.222
109.480 7 0.370 0.061 0.453 0.211
109.520 7 0.377 0.053 0.459 0.203
109.560 7 0.383 0.047 0.466 0.194
109.600 7 0.392 0.039 0.477 0.186
109.640 7 0.398 0.019 0.481 0.167
109.680 7 0.408 0.003 0.492 0.153
109.720 7 0.419 -0.011 0.505 0.139
109.760 7 0.430 -0.025 0.514 0.125
109.800 7 0.439 -0.042 0.525 0.108
109.840 7 0.448 -0.058 0.533 0.094
106.880 8 0.420 0.203 0.555 0.442
106.920 8 0.433 0.194 0.569 0.436
106.960 8 0.434 0.181 0.577 0.433
107.000 8 0.444 0.181 0.583 0.431
107.040 8 0.450 0.189 0.592 0.444
107.080 8 0.445 0.186 0.588 0.442
107.120 8 0.453 0.192 0.594 0.442
107.160 8 0.447 0.189 0.589 0.444
107.200 8 0.448 0.189 0.592 0.444
107.240 8 0.445 0.189 0.586 0.442
107.280 8 0.447 0.192 0.588 0.442
107.320 8 0.447 0.189 0.588 0.442
107.360 8 0.445 0.189 0.586 0.442
107.400 8 0.450 0.189 0.591 0.442
107.440 8 0.452 0.183 0.592 0.436
107.480 8 0.455 0.181 0.595 0.433
107.520 8 0.453 0.186 0.591 0.433
107.560 8 0.452 0.183 0.589 0.433
107.600 8 0.458 0.181 0.595 0.428
107.640 8 0.458 0.175 0.595 0.422
107.680 8 0.459 0.172 0.597 0.422
107.720 8 0.456 0.175 0.592 0.419
107.760 8 0.461 0.175 0.595 0.419
107.800 8 0.459 0.175 0.594 0.417
107.840 8 0.461 0.178 0.595 0.419
107.880 8 0.458 0.178 0.592 0.419
107.920 8 0.459 0.175 0.594 0.419
107.960 8 0.458 0.175 0.594 0.419
108.000 8 0.459 0.181 0.598 0.431
108.040 8 0.455 0.183 0.594 0.431
108.080 8 0.456 0.183 0.595 0.431
108.120 8 0.452 0.181 0.591 0.433
108.160 8 0.453 0.183 0.594 0.433
108.200 8 0.448 0.183 0.589 0.436
108.240 8 0.452 0.183 0.591 0.436
108.280 8 0.447 0.183 0.588 0.436
108.320 8 0.450 0.183 0.591 0.439
108.360 8 0.448 0.186 0.591 0.439
108.400 8 0.453 0.183 0.597 0.442
108.440 8 0.453 0.181 0.597 0.442
108.480 8 0.459 0.181 0.602 0.439
108.520 8 0.453 0.181 0.594 0.433
108.560 8 0.458 0.178 0.598 0.431
108.600 8 0.448 0.175 0.592 0.433
108.640 8 0.452 0.178 0.594 0.433
108.680 8 0.448 0.178 0.591 0.436
108.720 8 0.450 0.178 0.594 0.436
108.760 8 0.447 0.178 0.591 0.436
108.800 8 0.448 0.178 0.591 0.433
108.840 8 0.448 0.178 0.591 0.433
108.880 8 0.448 0.178 0.591 0.433
108.920 8 0.447 0.178 0.589 0.433
108.960 8 0.445 0.178 0.588 0.433
109.000 8 0.444 0.181 0.583 0.431
109.040 8 0.442 0.181 0.581 0.431
109.080 8 0.441 0.178 0.581 0.428
109.120 8 0.441 0.172 0.580 0.425
109.160 8 0.445 0.175 0.580 0.417
109.200 8 0.445 0.167 0.581 0.408
109.240 8 0.444 0.147 0.586 0.403
109.280 8 0.448 0.144 0.584 0.389
109.320 8 0.447 0.131 0.583 0.375
109.360 8 0.439 0.100 0.588 0.367
109.400 8 0.442 0.083 0.594 0.356
109.440 8 0.447 0.058 0.600 0.336
109.480 8 0.452 0.044 0.606 0.322
109.520 8 0.458 0.031 0.609 0.303
109.560 8 0.461 0.011 0.611 0.281
109.600 8 0.466 -0.017 0.616 0.253
187.200 9 0.194 0.153 0.272 0.292
187.240 9 0.200 0.153 0.277 0.292
187.280 9 0.202 0.147 0.280 0.286
187.320 9 0.208 0.147 0.286 0.286
187.360 9 0.214 0.147 0.291 0.283
187.400 9 0.219 0.147 0.295 0.283
187.440 9 0.222 0.144 0.298 0.281
187.480 9 0.223 0.144 0.300 0.281
187.520 9 0.225 0.142 0.303 0.281
187.560 9 0.227 0.142 0.305 0.281
187.600 9 0.225 0.144 0.303 0.283
187.640 9 0.222 0.144 0.300 0.283
187.680 9 0.220 0.144 0.298 0.283
187.720 9 0.222 0.147 0.300 0.286
187.760 9 0.220 0.150 0.298 0.289
187.800 9 0.222 0.153 0.298 0.292
187.840 9 0.225 0.156 0.302 0.292
187.880 9 0.225 0.153 0.302 0.289
187.920 9 0.225 0.147 0.303 0.286
187.960 9 0.228 0.144 0.305 0.283
188.000 9 0.222 0.139 0.302 0.281
188.040 9 0.222 0.139 0.302 0.281
188.080 9 0.220 0.142 0.298 0.281
188.120 9 0.217 0.142 0.295 0.283
188.160 9 0.217 0.144 0.297 0.283
188.200 9 0.216 0.144 0.294 0.283
188.240 9 0.216 0.142 0.297 0.286
188.280 9 0.217 0.144 0.297 0.286
188.320 9 0.216 0.144 0.295 0.286
188.360 9 0.217 0.147 0.295 0.286
188.400 9 0.216 0.147 0.292 0.286
188.440 9 0.216 0.147 0.292 0.283
188.480 9 0.214 0.150 0.291 0.286
188.520 9 0.212 0.153 0.289 0.286
188.560 9 0.211 0.153 0.286 0.286
188.600 9 0.212 0.153 0.289 0.289
188.640 9 0.211 0.153 0.287 0.289
188.680 9 0.211 0.153 0.289 0.292
188.720 9 0.209 0.153 0.289 0.292
188.760 9 0.209 0.153 0.289 0.292
188.800 9 0.209 0.153 0.289 0.292
188.840 9 0.211 0.153 0.289 0.292
188.880 9 0.212 0.156 0.291 0.292
188.920 9 0.211 0.156 0.287 0.292
188.960 9 0.214 0.153 0.294 0.294
189.000 9 0.211 0.153 0.292 0.297
189.040 9 0.206 0.150 0.291 0.300
189.080 9 0.208 0.153 0.291 0.300
189.120 9 0.206 0.153 0.287 0.297
189.160 9 0.205 0.150 0.287 0.297
189.200 9 0.203 0.150 0.284 0.294
189.240 9 0.202 0.147 0.283 0.292
189.280 9 0.202 0.142 0.283 0.289
189.320 9 0.200 0.142 0.283 0.289
189.360 9 0.200 0.139 0.283 0.286
189.400 9 0.202 0.136 0.286 0.286
189.440 9 0.200 0.136 0.284 0.283
189.480 9 0.198 0.136 0.283 0.286
189.520 9 0.198 0.136 0.284 0.289
189.560 9 0.198 0.139 0.283 0.292
189.600 9 0.197 0.142 0.283 0.294
189.640 9 0.197 0.147 0.281 0.297
189.680 9 0.197 0.150 0.283 0.303
189.720 9 0.194 0.150 0.280 0.303
189.760 9 0.192 0.153 0.277 0.303
189.800 9 0.189 0.150 0.273 0.303
189.840 9 0.186 0.153 0.272 0.303
189.880 9 0.183 0.156 0.269 0.306
189.920 9 0.184 0.158 0.269 0.311
189.960 9 0.181 0.164 0.266 0.314
190.000 9 0.180 0.167 0.264 0.317
190.040 9 0.181 0.167 0.266 0.317
190.960 10 0.637 0.669 0.736 0.847
191.000 10 0.631 0.681 0.728 0.856
191.040 10 0.619 0.700 0.713 0.872
191.080 10 0.616 0.706 0.709 0.875
191.120 10 0.608 0.711 0.703 0.883
191.160 10 0.594 0.714 0.689 0.883
191.200 10 0.583 0.717 0.677 0.886
191.240 10 0.577 0.714 0.669 0.883
191.800 11 0.581 0.411 0.648 0.531
191.840 11 0.594 0.411 0.662 0.533
191.880 11 0.608 0.417 0.673 0.533
191.920 11 0.614 0.425 0.680 0.542
191.960 11 0.623 0.431 0.689 0.547
192.000 11 0.633 0.433 0.700 0.553
192.040 11 0.641 0.436 0.708 0.558
192.080 11 0.650 0.439 0.716 0.558
192.120 11 0.661 0.439 0.727 0.556
192.160 11 0.672 0.436 0.739 0.556
192.200 11 0.680 0.431 0.747 0.553
192.240 11 0.686 0.425 0.756 0.550
192.760 12 0.113 0.314 0.205 0.475
192.800 12 0.106 0.308 0.197 0.472
192.840 12 0.095 0.308 0.189 0.475
192.880 12 0.084 0.308 0.180 0.478
192.920 12 0.075 0.308 0.170 0.481
192.960 12 0.067 0.311 0.164 0.483
193.000 12 0.059 0.317 0.156 0.489
193.040 12 0.055 0.322 0.152 0.494
193.080 12 0.052 0.328 0.147 0.500
193.120 12 0.047 0.333 0.144 0.506
193.160 12 0.044 0.339 0.141 0.511
193.200 12 0.042 0.347 0.136 0.514
193.240 12 0.037 0.347 0.131 0.514
193.280 12 0.034 0.342 0.128 0.508
193.320 12 0.031 0.336 0.125 0.503
193.360 12 0.028 0.331 0.122 0.497
193.280 13 0.589 0.369 0.653 0.483
193.320 13 0.592 0.367 0.656 0.481
193.360 13 0.597 0.367 0.662 0.481
193.400 13 0.603 0.369 0.667 0.483
193.440 13 0.605 0.375 0.669 0.486
193.480 13 0.611 0.378 0.675 0.492
193.520 13 0.616 0.383 0.680 0.500
193.560 13 0.619 0.389 0.684 0.508
193.600 13 0.619 0.397 0.686 0.514
193.640 13 0.622 0.403 0.689 0.519
193.680 13 0.620 0.406 0.688 0.522
193.720 13 0.620 0.403 0.688 0.522
193.760 13 0.619 0.400 0.688 0.522
193.800 13 0.622 0.394 0.689 0.514
193.840 13 0.623 0.386 0.692 0.508
193.880 13 0.627 0.383 0.694 0.503
193.920 13 0.628 0.378 0.695 0.497
193.960 13 0.631 0.372 0.697 0.489
194.000 13 0.633 0.367 0.700 0.486
230.120 14 0.220 0.144 0.428 0.514
230.160 14 0.231 0.144 0.441 0.517
230.200 14 0.231 0.144 0.441 0.519
230.240 14 0.239 0.147 0.445 0.514
230.280 14 0.248 0.153 0.450 0.511
230.320 14 0.245 0.150 0.448 0.511
230.360 14 0.252 0.150 0.455 0.511
230.400 14 0.252 0.150 0.456 0.514
230.440 14 0.252 0.150 0.455 0.511
230.480 14 0.248 0.150 0.452 0.511
230.520 14 0.255 0.150 0.458 0.511
230.560 14 0.255 0.147 0.459 0.514
230.600 14 0.255 0.147 0.461 0.514
230.640 14 0.258 0.150 0.467 0.519
230.680 14 0.248 0.144 0.463 0.522
230.720 14 0.261 0.150 0.469 0.519
230.760 14 0.256 0.153 0.464 0.522
230.800 14 0.253 0.147 0.464 0.522
230.840 14 0.261 0.150 0.469 0.517
230.880 14 0.253 0.144 0.458 0.511
230.920 14 0.253 0.133 0.463 0.503
230.960 14 0.264 0.144 0.464 0.500
231.000 14 0.258 0.142 0.459 0.500
231.040 14 0.263 0.147 0.461 0.500
231.080 14 0.266 0.150 0.466 0.506
231.120 14 0.261 0.156 0.461 0.511
231.160 14 0.263 0.158 0.466 0.519
231.200 14 0.258 0.164 0.459 0.522
231.240 14 0.264 0.164 0.466 0.525
231.280 14 0.261 0.167 0.464 0.525
231.320 14 0.269 0.172 0.469 0.525
231.360 14 0.267 0.175 0.467 0.528
231.400 14 0.272 0.181 0.469 0.531
231.440 14 0.267 0.186 0.461 0.533
231.480 14 0.269 0.194 0.463 0.536
231.520 14 0.263 0.197 0.452 0.533
231.560 14 0.267 0.197 0.456 0.533
231.600 14 0.261 0.194 0.450 0.531
231.640 14 0.263 0.192 0.455 0.536
231.680 14 0.255 0.186 0.450 0.533
231.720 14 0.264 0.192 0.456 0.531
231.760 14 0.258 0.192 0.448 0.531
231.800 14 0.263 0.192 0.452 0.531
231.840 14 0.264 0.194 0.452 0.528
231.880 14 0.261 0.192 0.450 0.528
231.920 14 0.264 0.194 0.453 0.531
231.960 14 0.258 0.192 0.447 0.531
232.000 14 0.258 0.183 0.459 0.542
232.040 14 0.248 0.181 0.469 0.569
232.080 14 0.245 0.178 0.467 0.569
232.120 14 0.244 0.172 0.467 0.569
232.160 14 0.244 0.169 0.467 0.567
232.200 14 0.247 0.167 0.470 0.561
232.240 14 0.250 0.161 0.473 0.556
232.280 14 0.256 0.164 0.478 0.558
232.320 14 0.252 0.167 0.473 0.558
232.360 14 0.253 0.169 0.475 0.564
232.400 14 0.245 0.169 0.469 0.564
232.440 14 0.241 0.172 0.461 0.564
232.480 14 0.242 0.178 0.463 0.567
232.520 14 0.236 0.183 0.455 0.572
232.560 14 0.233 0.192 0.452 0.578
232.600 14 0.227 0.197 0.445 0.583
232.640 14 0.220 0.203 0.438 0.589
232.680 14 0.212 0.203 0.430 0.586
232.720 14 0.216 0.197 0.431 0.583
232.760 14 0.217 0.192 0.434 0.578
232.800 14 0.222 0.189 0.439 0.572
232.840 14 0.225 0.181 0.445 0.569
232.880 14 0.227 0.175 0.447 0.564
232.920 14 0.230 0.172 0.450 0.564
232.960 14 0.231 0.172 0.455 0.567
233.000 14 0.230 0.172 0.472 0.600
233.040 14 0.237 0.189 0.458 0.581
233.080 14 0.242 0.192 0.461 0.581
233.120 14 0.245 0.197 0.464 0.583
233.160 14 0.247 0.200 0.466 0.586
233.200 14 0.250 0.206 0.467 0.589
233.240 14 0.252 0.208 0.469 0.594
233.280 14 0.247 0.208 0.467 0.597
233.320 14 0.253 0.206 0.473 0.597
233.360 14 0.250 0.203 0.470 0.594
233.400 14 0.255 0.200 0.475 0.589
233.440 14 0.253 0.197 0.473 0.586
233.480 14 0.252 0.194 0.472 0.586
233.520 14 0.247 0.189 0.470 0.583
233.560 14 0.242 0.181 0.467 0.578
233.600 14 0.237 0.172 0.461 0.567
233.640 14 0.236 0.169 0.458 0.561
233.680 14 0.230 0.164 0.450 0.556
233.720 14 0.231 0.164 0.453 0.556
233.760 14 0.225 0.164 0.445 0.556
233.800 14 0.233 0.167 0.453 0.558
233.840 14 0.225 0.169 0.445 0.556
233.880 14 0.233 0.172 0.452 0.558
233.920 14 0.231 0.172 0.448 0.558
233.960 14 0.236 0.172 0.455 0.558
234.000 14 0.236 0.183 0.438 0.542
234.040 14 0.225 0.153 0.448 0.547
234.080 14 0.230 0.156 0.450 0.547
234.120 14 0.223 0.156 0.444 0.547
234.160 14 0.227 0.156 0.447 0.547
234.200 14 0.220 0.156 0.442 0.550
234.240 14 0.225 0.156 0.447 0.553
234.280 14 0.220 0.156 0.445 0.556
234.320 14 0.227 0.158 0.453 0.561
234.360 14 0.225 0.161 0.450 0.561
234.400 14 0.231 0.164 0.456 0.564
234.440 14 0.230 0.169 0.452 0.564
234.480 14 0.236 0.169 0.455 0.561
234.520 14 0.237 0.167 0.458 0.558
234.560 14 0.241 0.164 0.458 0.553
234.600 14 0.241 0.161 0.461 0.553
234.640 14 0.239 0.158 0.459 0.553
234.680 14 0.237 0.167 0.455 0.553
234.720 14 0.228 0.172 0.450 0.567
234.760 14 0.227 0.183 0.445 0.569
234.800 14 0.225 0.186 0.441 0.572
234.840 14 0.222 0.186 0.438 0.569
234.880 14 0.227 0.181 0.442 0.564
234.920 14 0.233 0.169 0.452 0.558
234.960 14 0.233 0.161 0.452 0.550
235.000 14 0.230 0.122 0.472 0.553
235.040 14 0.239 0.147 0.459 0.539
235.080 14 0.239 0.156 0.453 0.539
235.120 14 0.242 0.161 0.456 0.542
235.160 14 0.239 0.156 0.455 0.542
235.200 14 0.244 0.144 0.461 0.531
235.240 14 0.244 0.139 0.463 0.528
235.280 14 0.250 0.139 0.469 0.528
235.320 14 0.242 0.142 0.458 0.528
235.360 14 0.244 0.139 0.463 0.528
235.400 14 0.244 0.142 0.458 0.522
235.440 14 0.242 0.139 0.456 0.519
235.480 14 0.239 0.142 0.453 0.522
235.520 14 0.242 0.139 0.459 0.522
235.560 14 0.239 0.142 0.452 0.519
235.600 14 0.242 0.144 0.455 0.522
235.640 14 0.241 0.142 0.456 0.525
235.680 14 0.236 0.139 0.455 0.528
235.720 14 0.242 0.139 0.461 0.531
235.760 14 0.241 0.142 0.458 0.528
235.800 14 0.247 0.142 0.466 0.531
235.840 14 0.245 0.144 0.463 0.531
235.880 14 0.250 0.147 0.467 0.533
235.920 14 0.244 0.153 0.463 0.542
235.960 14 0.250 0.156 0.469 0.547
236.000 14 0.258 0.183 0.459 0.542
236.040 14 0.258 0.175 0.459 0.533
236.080 14 0.261 0.175 0.463 0.536
236.120 14 0.263 0.178 0.466 0.539
236.160 14 0.263 0.181 0.467 0.542
236.200 14 0.264 0.183 0.467 0.542
236.240 14 0.264 0.186 0.467 0.544
236.280 14 0.264 0.186 0.469 0.550
236.320 14 0.266 0.189 0.469 0.553
236.360 14 0.267 0.194 0.470 0.556
236.400 14 0.267 0.194 0.472 0.558
236.440 14 0.266 0.194 0.470 0.558
236.480 14 0.272 0.192 0.478 0.558
236.520 14 0.269 0.189 0.477 0.556
236.560 14 0.277 0.189 0.483 0.556
236.600 14 0.273 0.186 0.481 0.556
236.640 14 0.280 0.181 0.486 0.550
236.680 14 0.270 0.175 0.478 0.542
236.720 14 0.270 0.167 0.480 0.539
236.760 14 0.261 0.161 0.469 0.528
236.800 14 0.259 0.156 0.466 0.525
236.840 14 0.256 0.156 0.463 0.522
236.880 14 0.256 0.153 0.461 0.519
236.920 14 0.256 0.153 0.461 0.517
236.960 14 0.258 0.153 0.459 0.511
237.000 14 0.258 0.142 0.459 0.500
237.040 14 0.255 0.139 0.458 0.500
237.080 14 0.256 0.139 0.458 0.500
237.120 14 0.256 0.139 0.458 0.497
237.160 14 0.258 0.139 0.463 0.503
237.200 14 0.256 0.142 0.458 0.503
237.240 14 0.261 0.144 0.464 0.506
237.280 14 0.258 0.147 0.461 0.508
237.320 14 0.258 0.150 0.466 0.517
237.360 14 0.258 0.156 0.464 0.522
237.400 14 0.256 0.156 0.464 0.525
237.440 14 0.256 0.161 0.459 0.522
237.480 14 0.250 0.153 0.459 0.528
237.520 14 0.244 0.156 0.448 0.522
237.560 14 0.250 0.156 0.456 0.519
237.600 14 0.239 0.150 0.447 0.517
237.640 14 0.245 0.147 0.453 0.514
237.680 14 0.245 0.144 0.450 0.508
237.720 14 0.253 0.147 0.455 0.508
237.760 14 0.250 0.144 0.452 0.503
237.800 14 0.256 0.144 0.458 0.503
237.840 14 0.253 0.144 0.455 0.503
237.880 14 0.255 0.144 0.456 0.503
237.920 14 0.259 0.147 0.459 0.503
237.960 14 0.256 0.142 0.458 0.500
238.000 14 0.258 0.142 0.459 0.500
238.040 14 0.261 0.122 0.489 0.528
238.080 14 0.266 0.117 0.497 0.528
238.120 14 0.264 0.117 0.497 0.528
238.160 14 0.270 0.119 0.503 0.533
238.200 14 0.269 0.122 0.503 0.539
238.240 14 0.266 0.125 0.502 0.544
238.280 14 0.263 0.119 0.505 0.550
238.320 14 0.259 0.125 0.498 0.547
238.360 14 0.259 0.128 0.497 0.550
238.400 14 0.256 0.136 0.492 0.556
238.440 14 0.253 0.144 0.489 0.564
238.480 14 0.250 0.142 0.486 0.561
238.520 14 0.255 0.133 0.491 0.553
238.560 14 0.255 0.119 0.492 0.542
238.600 14 0.263 0.108 0.503 0.536
238.640 14 0.266 0.108 0.505 0.531
238.680 14 0.275 0.111 0.512 0.533
238.720 14 0.275 0.111 0.517 0.542
238.760 14 0.283 0.117 0.522 0.544
238.800 14 0.281 0.125 0.519 0.544
238.840 14 0.289 0.128 0.527 0.550
238.880 14 0.283 0.128 0.520 0.553
238.920 14 0.286 0.133 0.522 0.556
238.960 14 0.280 0.136 0.512 0.550
239.000 14 0.283 0.122 0.525 0.553
239.040 14 0.281 0.117 0.525 0.550
239.080 14 0.275 0.114 0.517 0.544
239.120 14 0.283 0.114 0.523 0.539
239.160 14 0.278 0.108 0.520 0.539
239.200 14 0.284 0.106 0.527 0.533
239.240 14 0.280 0.100 0.522 0.531
239.280 14 0.283 0.097 0.525 0.531
239.320 14 0.281 0.100 0.525 0.531
239.360 14 0.281 0.103 0.523 0.536
239.400 14 0.281 0.108 0.522 0.539
239.440 14 0.278 0.111 0.522 0.544
239.480 14 0.277 0.119 0.520 0.550
239.520 14 0.277 0.125 0.519 0.556
239.560 14 0.275 0.133 0.516 0.561
239.600 14 0.278 0.133 0.523 0.569
239.640 14 0.273 0.139 0.516 0.569
239.680 14 0.278 0.144 0.517 0.569
239.720 14 0.275 0.139 0.517 0.569
239.760 14 0.272 0.136 0.516 0.569
239.800 14 0.270 0.136 0.512 0.567
239.840 14 0.267 0.133 0.509 0.564
239.880 14 0.264 0.131 0.506 0.561
239.920 14 0.261 0.131 0.505 0.561
239.960 14 0.259 0.125 0.503 0.558
240.000 14 0.256 0.122 0.498 0.553
240.040 14 0.270 0.139 0.489 0.531
240.080 14 0.273 0.142 0.487 0.522
240.120 14 0.273 0.136 0.491 0.522
240.160 14 0.275 0.133 0.491 0.514
240.200 14 0.277 0.131 0.491 0.511
240.240 14 0.278 0.128 0.492 0.508
240.280 14 0.281 0.125 0.497 0.508
240.320 14 0.287 0.125 0.505 0.508
240.360 14 0.294 0.122 0.512 0.508
240.400 14 0.291 0.125 0.509 0.514
240.440 14 0.297 0.125 0.516 0.514
240.480 14 0.291 0.122 0.512 0.517
240.520 14 0.287 0.131 0.508 0.522
240.560 14 0.289 0.133 0.512 0.528
240.600 14 0.283 0.131 0.505 0.528
240.640 14 0.284 0.136 0.506 0.531
240.680 14 0.278 0.142 0.498 0.533
240.720 14 0.278 0.153 0.498 0.542
240.760 14 0.275 0.158 0.495 0.553
240.800 14 0.273 0.167 0.495 0.558
240.840 14 0.277 0.169 0.497 0.561
240.880 14 0.270 0.169 0.492 0.564
240.920 14 0.273 0.169 0.497 0.564
240.960 14 0.272 0.167 0.494 0.561
241.000 14 0.281 0.183 0.483 0.542
241.040 14 0.264 0.164 0.489 0.561
241.080 14 0.264 0.164 0.487 0.558
241.120 14 0.259 0.161 0.483 0.556
241.160 14 0.264 0.167 0.484 0.556
241.200 14 0.261 0.158 0.486 0.556
241.240 14 0.264 0.147 0.489 0.547
241.280 14 0.266 0.139 0.494 0.542
241.320 14 0.267 0.131 0.495 0.536
241.360 14 0.267 0.125 0.495 0.531
241.400 14 0.270 0.125 0.497 0.528
241.440 14 0.267 0.125 0.494 0.528
241.480 14 0.273 0.133 0.495 0.528
241.520 14 0.270 0.139 0.492 0.531
241.560 14 0.277 0.142 0.500 0.536
241.600 14 0.273 0.144 0.497 0.542
241.640 14 0.283 0.153 0.503 0.544
241.680 14 0.283 0.167 0.500 0.553
241.720 14 0.283 0.175 0.500 0.561
241.760 14 0.281 0.178 0.500 0.569
241.800 14 0.283 0.186 0.502 0.575
241.840 14 0.281 0.194 0.498 0.578
241.880 14 0.281 0.197 0.497 0.581
241.920 14 0.277 0.197 0.495 0.583
241.960 14 0.273 0.194 0.495 0.586
242.000 14 0.256 0.172 0.498 0.600
242.040 14 0.250 0.167 0.497 0.603
242.080 14 0.245 0.156 0.491 0.592
242.120 14 0.234 0.144 0.483 0.583
242.160 14 0.237 0.142 0.483 0.578
242.200 14 0.228 0.139 0.475 0.575
242.240 14 0.227 0.136 0.473 0.572
242.280 14 0.217 0.131 0.466 0.572
242.320 14 0.219 0.131 0.467 0.569
242.360 14 0.214 0.133 0.463 0.572
242.400 14 0.212 0.144 0.463 0.586
242.440 14 0.208 0.153 0.455 0.592
242.480 14 0.211 0.158 0.459 0.600
242.520 14 0.203 0.161 0.452 0.603
242.560 14 0.206 0.164 0.453 0.600
242.600 14 0.206 0.161 0.452 0.597
242.640 14 0.206 0.158 0.453 0.594
242.680 14 0.208 0.161 0.453 0.594
242.720 14 0.211 0.158 0.456 0.592
242.760 14 0.206 0.156 0.450 0.586
242.800 14 0.212 0.150 0.456 0.586
242.840 14 0.208 0.147 0.452 0.581
242.880 14 0.216 0.144 0.459 0.575
242.920 14 0.216 0.136 0.456 0.564
242.960 14 0.227 0.131 0.466 0.556
243.000 14 0.230 0.122 0.472 0.553
243.040 14 0.233 0.114 0.480 0.553
243.080 14 0.225 0.125 0.459 0.542
243.120 14 0.236 0.136 0.466 0.542
243.160 14 0.228 0.125 0.466 0.547
243.200 14 0.219 0.119 0.459 0.547
243.240 14 0.222 0.122 0.461 0.550
243.280 14 0.217 0.131 0.450 0.542
243.320 14 0.217 0.125 0.453 0.544
243.360 14 0.217 0.125 0.452 0.544
243.400 14 0.217 0.128 0.447 0.539
243.440 14 0.214 0.128 0.444 0.539
243.480 14 0.212 0.128 0.442 0.536
243.520 14 0.206 0.131 0.434 0.533
243.560 14 0.219 0.131 0.447 0.536
243.600 14 0.216 0.119 0.445 0.531
243.640 14 0.222 0.117 0.452 0.525
243.680 14 0.214 0.114 0.444 0.519
243.720 14 0.206 0.119 0.436 0.528
243.760 14 0.198 0.122 0.428 0.531
244.560 14 0.225 0.178 0.422 0.525
244.600 14 0.223 0.186 0.420 0.539
244.640 14 0.227 0.194 0.427 0.547
244.680 14 0.219 0.197 0.420 0.556
244.720 14 0.225 0.197 0.427 0.556
244.760 14 0.223 0.192 0.422 0.547
244.800 14 0.230 0.178 0.428 0.531
244.840 14 0.236 0.169 0.436 0.525
244.880 14 0.241 0.164 0.444 0.525
244.920 14 0.248 0.164 0.452 0.525
244.960 14 0.259 0.172 0.463 0.536
245.000 14 0.258 0.183 0.459 0.542
245.040 14 0.253 0.192 0.463 0.567
245.080 14 0.253 0.197 0.461 0.567
245.120 14 0.252 0.192 0.458 0.561
245.160 14 0.250 0.183 0.456 0.550
245.200 14 0.247 0.172 0.455 0.542
245.240 14 0.248 0.169 0.455 0.533
245.280 14 0.242 0.164 0.448 0.528
245.320 14 0.252 0.164 0.455 0.525
245.360 14 0.244 0.161 0.447 0.525
245.400 14 0.247 0.167 0.453 0.533
245.440 14 0.242 0.172 0.447 0.536
245.480 14 0.245 0.172 0.450 0.539
245.520 14 0.239 0.172 0.444 0.536
245.560 14 0.241 0.164 0.447 0.531
245.600 14 0.234 0.158 0.441 0.522
245.640 14 0.237 0.158 0.442 0.522
245.680 14 0.233 0.161 0.434 0.517
245.720 14 0.239 0.164 0.439 0.519
245.760 14 0.236 0.167 0.436 0.519
245.800 14 0.239 0.172 0.436 0.522
245.840 14 0.239 0.172 0.438 0.522
245.880 14 0.241 0.178 0.436 0.525
245.920 14 0.239 0.178 0.436 0.528
245.960 14 0.242 0.181 0.438 0.528
246.000 14 0.236 0.183 0.438 0.542
246.040 14 0.231 0.183 0.431 0.542
246.080 14 0.234 0.186 0.436 0.542
246.120 14 0.230 0.186 0.431 0.542
246.160 14 0.234 0.186 0.436 0.544
246.200 14 0.231 0.189 0.430 0.542
246.240 14 0.234 0.186 0.436 0.544
246.280 14 0.231 0.189 0.430 0.542
243.720 15 0.234 0.156 0.455 0.547
243.760 15 0.227 0.158 0.439 0.536
243.800 15 0.223 0.169 0.428 0.536
243.840 15 0.217 0.178 0.412 0.525
243.880 15 0.222 0.181 0.416 0.525
243.920 15 0.214 0.181 0.411 0.531
243.960 15 0.222 0.178 0.422 0.536
244.000 15 0.214 0.183 0.416 0.542
244.040 15 0.206 0.194 0.409 0.556
244.080 15 0.202 0.200 0.405 0.561
244.120 15 0.211 0.217 0.408 0.567
244.160 15 0.217 0.225 0.411 0.572
244.200 15 0.220 0.228 0.416 0.575
244.240 15 0.223 0.225 0.420 0.578
244.280 15 0.233 0.236 0.423 0.575
244.320 15 0.230 0.225 0.425 0.572
244.360 15 0.233 0.217 0.434 0.572
244.400 15 0.231 0.208 0.433 0.564
244.440 15 0.234 0.197 0.444 0.569
244.480 15 0.241 0.186 0.452 0.561
244.520 15 0.237 0.181 0.452 0.564
244.560 15 0.237 0.192 0.450 0.569
244.600 15 0.242 0.200 0.458 0.583
244.640 15 0.241 0.211 0.455 0.592
244.680 15 0.253 0.222 0.464 0.597
244.720 15 0.248 0.222 0.456 0.592
261.720 16 0.491 0.211 0.616 0.433
261.760 16 0.492 0.214 0.614 0.431
261.800 16 0.491 0.211 0.613 0.431
261.840 16 0.491 0.211 0.616 0.433
261.880 16 0.492 0.214 0.617 0.433
261.920 16 0.495 0.219 0.616 0.433
261.960 16 0.495 0.219 0.614 0.431
262.000 16 0.498 0.219 0.616 0.428
262.040 16 0.489 0.206 0.622 0.442
262.080 16 0.487 0.206 0.617 0.439
262.120 16 0.489 0.208 0.617 0.436
262.160 16 0.491 0.208 0.619 0.439
262.200 16 0.487 0.208 0.617 0.439
262.240 16 0.489 0.208 0.619 0.442
262.280 16 0.484 0.208 0.616 0.442
262.320 16 0.486 0.208 0.617 0.442
262.360 16 0.480 0.208 0.609 0.442
262.400 16 0.478 0.208 0.608 0.442
262.440 16 0.477 0.206 0.609 0.444
262.480 16 0.481 0.208 0.613 0.444
262.520 16 0.481 0.206 0.614 0.444
262.560 16 0.481 0.208 0.613 0.444
262.600 16 0.483 0.211 0.613 0.442
262.640 16 0.483 0.208 0.614 0.442
262.680 16 0.486 0.211 0.614 0.444
262.720 16 0.486 0.214 0.616 0.444
262.760 16 0.487 0.217 0.616 0.447
262.800 16 0.489 0.219 0.617 0.447
262.840 16 0.491 0.219 0.619 0.447
262.880 16 0.491 0.219 0.619 0.447
262.920 16 0.491 0.219 0.619 0.447
262.960 16 0.491 0.214 0.622 0.447
263.000 16 0.491 0.208 0.630 0.458
263.040 16 0.502 0.217 0.634 0.456
263.080 16 0.508 0.219 0.634 0.447
263.120 16 0.506 0.217 0.633 0.444
263.160 16 0.505 0.217 0.631 0.442
263.200 16 0.508 0.217 0.634 0.442
263.240 16 0.503 0.217 0.630 0.442
263.280 16 0.508 0.217 0.634 0.444
263.320 16 0.506 0.214 0.633 0.444
263.360 16 0.506 0.214 0.633 0.442
263.400 16 0.506 0.214 0.634 0.444
263.440 16 0.505 0.217 0.630 0.442
263.480 16 0.508 0.219 0.631 0.444
263.520 16 0.508 0.222 0.631 0.444
263.560 16 0.505 0.222 0.628 0.444
263.600 16 0.506 0.222 0.631 0.447
263.640 16 0.506 0.222 0.631 0.447
263.680 16 0.503 0.225 0.628 0.447
263.720 16 0.506 0.225 0.631 0.450
263.760 16 0.509 0.222 0.636 0.450
263.800 16 0.509 0.225 0.634 0.447
263.840 16 0.512 0.228 0.636 0.447
263.880 16 0.514 0.228 0.636 0.447
263.920 16 0.520 0.228 0.639 0.444
263.960 16 0.519 0.228 0.636 0.442
264.000 16 0.522 0.225 0.641 0.439
264.040 16 0.516 0.222 0.633 0.433
264.080 16 0.520 0.222 0.636 0.431
264.120 16 0.514 0.222 0.630 0.431
264.160 16 0.511 0.222 0.628 0.433
264.200 16 0.508 0.222 0.625 0.433
264.160 17 0.530 0.264 0.623 0.431
264.200 17 0.527 0.267 0.620 0.433
264.240 17 0.523 0.267 0.617 0.433
264.280 17 0.519 0.267 0.614 0.436
264.320 17 0.516 0.264 0.611 0.436
264.360 17 0.509 0.264 0.606 0.433
264.400 17 0.505 0.261 0.600 0.431
264.440 17 0.503 0.258 0.598 0.428
264.480 17 0.497 0.256 0.594 0.428
264.520 17 0.495 0.253 0.592 0.425
264.560 17 0.495 0.250 0.592 0.425
264.600 17 0.492 0.250 0.589 0.425
264.640 17 0.494 0.253 0.591 0.425
264.680 17 0.489 0.256 0.588 0.431
264.720 17 0.491 0.261 0.589 0.433
264.760 17 0.489 0.264 0.588 0.439
264.800 17 0.489 0.272 0.586 0.444
264.840 17 0.486 0.275 0.583 0.450
264.880 17 0.486 0.278 0.584 0.453
264.920 17 0.481 0.278 0.581 0.456
264.960 17 0.480 0.281 0.578 0.456
265.000 17 0.477 0.281 0.577 0.458
265.040 17 0.477 0.281 0.577 0.458
265.080 17 0.477 0.281 0.577 0.458
265.120 17 0.478 0.283 0.578 0.461
265.160 17 0.480 0.286 0.578 0.461
265.200 17 0.480 0.286 0.577 0.458
265.240 17 0.481 0.283 0.580 0.458
265.280 17 0.480 0.281 0.580 0.456
265.320 17 0.483 0.278 0.583 0.456
265.360 17 0.481 0.275 0.581 0.453
265.400 17 0.481 0.269 0.583 0.450
265.440 17 0.486 0.267 0.586 0.444
265.480 17 0.484 0.261 0.586 0.444
265.520 17 0.486 0.256 0.592 0.442
265.560 17 0.484 0.253 0.591 0.442
265.600 17 0.484 0.242 0.598 0.444
265.640 17 0.487 0.244 0.602 0.447
265.680 17 0.491 0.244 0.603 0.447
265.720 17 0.492 0.244 0.606 0.447
265.760 17 0.494 0.247 0.608 0.447
265.800 17 0.495 0.244 0.609 0.447
265.840 17 0.497 0.247 0.611 0.450
265.880 17 0.495 0.247 0.609 0.447
265.920 17 0.498 0.244 0.613 0.447
265.960 17 0.497 0.244 0.609 0.444
266.000 17 0.498 0.242 0.616 0.450
266.040 17 0.497 0.236 0.625 0.461
266.080 17 0.503 0.239 0.625 0.456
266.120 17 0.512 0.242 0.634 0.458
266.160 17 0.514 0.250 0.637 0.467
266.080 18 0.489 0.200 0.625 0.442
266.120 18 0.497 0.203 0.633 0.444
266.160 18 0.502 0.208 0.636 0.450
266.200 18 0.509 0.217 0.642 0.453
266.240 18 0.506 0.217 0.637 0.450
266.280 18 0.509 0.214 0.641 0.447
266.320 18 0.508 0.211 0.639 0.444
266.360 18 0.512 0.208 0.644 0.442
266.400 18 0.512 0.206 0.644 0.439
266.440 18 0.511 0.203 0.644 0.436
266.480 18 0.509 0.200 0.642 0.436
266.520 18 0.508 0.197 0.641 0.433
266.560 18 0.508 0.200 0.641 0.433
266.600 18 0.508 0.200 0.641 0.436
266.640 18 0.509 0.206 0.642 0.439
266.680 18 0.511 0.206 0.644 0.442
266.720 18 0.514 0.208 0.647 0.444
266.760 18 0.516 0.208 0.650 0.450
266.800 18 0.516 0.206 0.655 0.456
266.840 18 0.517 0.208 0.658 0.458
266.880 18 0.514 0.206 0.655 0.458
266.920 18 0.519 0.208 0.659 0.456
266.960 18 0.520 0.208 0.659 0.458
267.000 18 0.520 0.208 0.661 0.458
267.040 18 0.522 0.206 0.667 0.461
267.080 18 0.522 0.208 0.662 0.458
267.120 18 0.522 0.206 0.661 0.453
267.160 18 0.520 0.203 0.659 0.453
267.200 18 0.519 0.200 0.658 0.450
267.240 18 0.517 0.197 0.656 0.447
267.280 18 0.514 0.194 0.656 0.444
267.320 18 0.512 0.192 0.655 0.442
267.360 18 0.509 0.186 0.650 0.439
267.400 18 0.506 0.181 0.648 0.433
267.440 18 0.505 0.175 0.645 0.425
267.480 18 0.503 0.172 0.644 0.422
267.520 18 0.503 0.172 0.645 0.425
267.560 18 0.503 0.172 0.647 0.425
267.600 18 0.505 0.175 0.648 0.431
267.640 18 0.506 0.178 0.652 0.433
267.680 18 0.506 0.178 0.655 0.439
267.720 18 0.511 0.175 0.659 0.439
267.760 18 0.505 0.172 0.655 0.442
267.800 18 0.506 0.172 0.658 0.442
267.840 18 0.506 0.172 0.658 0.442
267.880 18 0.506 0.172 0.656 0.442
267.920 18 0.505 0.172 0.656 0.442
267.960 18 0.505 0.172 0.656 0.442
268.000 18 0.502 0.175 0.653 0.444
268.040 18 0.505 0.178 0.655 0.444
268.080 18 0.498 0.175 0.650 0.444
268.120 18 0.502 0.181 0.650 0.444
268.160 18 0.503 0.183 0.650 0.444
268.200 18 0.505 0.183 0.650 0.444
268.240 18 0.505 0.183 0.650 0.442
268.280 18 0.503 0.183 0.647 0.439
268.840 18 0.484 0.197 0.631 0.458
268.880 18 0.495 0.203 0.637 0.458
268.920 18 0.498 0.206 0.639 0.458
268.960 18 0.503 0.208 0.644 0.458
269.000 18 0.505 0.208 0.645 0.458
269.040 18 0.506 0.206 0.641 0.447
269.080 18 0.508 0.203 0.641 0.442
269.120 18 0.508 0.200 0.641 0.436
269.160 18 0.509 0.194 0.641 0.428
269.200 18 0.508 0.192 0.639 0.425
269.240 18 0.508 0.186 0.641 0.422
269.280 18 0.512 0.183 0.645 0.422
269.320 18 0.514 0.183 0.650 0.425
269.360 18 0.512 0.183 0.648 0.425
269.400 18 0.514 0.181 0.652 0.428
269.440 18 0.506 0.178 0.647 0.428
269.480 18 0.508 0.181 0.650 0.433
269.520 18 0.505 0.183 0.644 0.433
269.560 18 0.505 0.186 0.644 0.433
269.600 18 0.500 0.186 0.639 0.436
269.640 18 0.500 0.186 0.641 0.439
269.680 18 0.498 0.186 0.637 0.436
269.720 18 0.498 0.186 0.637 0.436
269.760 18 0.494 0.186 0.634 0.439
269.800 18 0.494 0.189 0.633 0.439
269.840 18 0.495 0.186 0.636 0.439
269.880 18 0.491 0.186 0.633 0.442
269.920 18 0.491 0.186 0.633 0.442
269.960 18 0.491 0.186 0.630 0.436
270.000 18 0.491 0.181 0.630 0.431
270.040 18 0.495 0.178 0.634 0.428
270.080 18 0.509 0.178 0.647 0.422
270.120 18 0.519 0.181 0.653 0.422
270.160 18 0.517 0.183 0.653 0.425
270.200 18 0.516 0.181 0.653 0.428
270.240 18 0.514 0.181 0.652 0.428
270.280 18 0.506 0.178 0.644 0.428
270.320 18 0.506 0.178 0.645 0.428
270.360 18 0.500 0.178 0.642 0.433
270.400 18 0.517 0.203 0.642 0.428
270.440 18 0.516 0.206 0.639 0.428
270.480 18 0.511 0.203 0.637 0.431
270.520 18 0.509 0.206 0.634 0.428
270.560 18 0.506 0.206 0.630 0.428
270.600 18 0.508 0.206 0.631 0.428
270.640 18 0.506 0.206 0.630 0.425
270.680 18 0.503 0.203 0.627 0.425
270.720 18 0.495 0.197 0.620 0.419
270.760 18 0.495 0.194 0.622 0.419
270.800 18 0.487 0.192 0.613 0.419
270.840 18 0.481 0.194 0.609 0.425
270.880 18 0.475 0.194 0.606 0.431
270.920 18 0.475 0.194 0.608 0.433
270.960 18 0.472 0.197 0.603 0.433
271.000 18 0.486 0.219 0.602 0.428
271.040 18 0.487 0.219 0.603 0.428
271.080 18 0.495 0.225 0.606 0.428
271.120 18 0.505 0.228 0.616 0.428
271.160 18 0.512 0.228 0.623 0.425
271.400 18 0.539 0.222 0.647 0.414
271.440 18 0.536 0.219 0.642 0.408
271.480 18 0.534 0.217 0.641 0.408
271.520 18 0.534 0.222 0.639 0.411
271.560 18 0.534 0.231 0.639 0.417
271.600 18 0.531 0.231 0.636 0.417
271.640 18 0.534 0.225 0.641 0.414
271.680 18 0.534 0.219 0.642 0.411
271.720 18 0.531 0.214 0.642 0.411
271.760 18 0.533 0.217 0.642 0.414
271.800 18 0.531 0.222 0.644 0.419
271.840 18 0.530 0.228 0.642 0.431
271.880 18 0.525 0.231 0.639 0.433
271.920 18 0.527 0.233 0.641 0.433
271.960 18 0.523 0.233 0.636 0.436
272.000 18 0.523 0.239 0.637 0.442
272.040 18 0.527 0.244 0.641 0.444
272.080 18 0.531 0.247 0.644 0.450
272.120 18 0.534 0.253 0.647 0.456
272.160 18 0.531 0.256 0.644 0.456
272.200 18 0.525 0.256 0.637 0.453
272.240 18 0.522 0.250 0.634 0.450
272.280 18 0.522 0.247 0.634 0.447
272.320 18 0.520 0.244 0.634 0.447
272.360 18 0.519 0.242 0.631 0.444
272.400 18 0.517 0.236 0.631 0.442
272.440 18 0.514 0.231 0.631 0.439
272.480 18 0.511 0.225 0.630 0.436
272.520 18 0.508 0.222 0.628 0.433
272.560 18 0.509 0.222 0.627 0.431
272.600 18 0.502 0.222 0.620 0.431
272.640 18 0.506 0.219 0.623 0.431
272.680 18 0.502 0.219 0.617 0.428
272.720 18 0.503 0.217 0.623 0.431
272.760 18 0.500 0.219 0.619 0.428
272.800 18 0.503 0.219 0.620 0.428
272.840 18 0.498 0.219 0.619 0.431
272.880 18 0.498 0.217 0.617 0.431
272.920 18 0.498 0.217 0.617 0.428
272.960 18 0.503 0.222 0.617 0.425
273.000 18 0.498 0.219 0.616 0.428
273.040 18 0.489 0.211 0.619 0.442
273.080 18 0.492 0.214 0.620 0.442
273.120 18 0.489 0.214 0.617 0.444
273.160 18 0.491 0.217 0.619 0.444
273.200 18 0.492 0.217 0.620 0.444
273.240 18 0.489 0.217 0.617 0.444
273.280 18 0.494 0.219 0.619 0.442
273.320 18 0.494 0.217 0.620 0.444
273.360 18 0.494 0.217 0.620 0.444
273.400 18 0.494 0.217 0.620 0.442
273.440 18 0.497 0.217 0.622 0.442
273.480 18 0.495 0.217 0.622 0.442
273.520 18 0.497 0.217 0.623 0.444
273.560 18 0.497 0.217 0.623 0.442
273.600 18 0.497 0.214 0.625 0.444
273.640 18 0.498 0.214 0.627 0.444
273.680 18 0.498 0.214 0.627 0.444
273.720 18 0.498 0.214 0.627 0.442
273.760 18 0.500 0.217 0.627 0.442
273.800 18 0.498 0.217 0.625 0.442
273.840 18 0.502 0.217 0.628 0.444
273.880 18 0.495 0.214 0.625 0.447
273.920 18 0.502 0.219 0.628 0.444
273.960 18 0.497 0.219 0.623 0.444
274.000 18 0.491 0.208 0.630 0.458
274.040 18 0.486 0.200 0.633 0.467
274.080 18 0.483 0.200 0.630 0.461
274.120 18 0.486 0.203 0.630 0.461
274.160 18 0.486 0.203 0.628 0.458
274.200 18 0.484 0.200 0.630 0.461
274.240 18 0.483 0.197 0.631 0.464
274.280 18 0.483 0.197 0.630 0.464
274.320 18 0.481 0.197 0.630 0.464
274.360 18 0.481 0.197 0.628 0.461
274.400 18 0.478 0.197 0.628 0.464
274.440 18 0.480 0.197 0.630 0.467
274.480 18 0.477 0.197 0.627 0.467
274.520 18 0.480 0.200 0.627 0.464
274.560 18 0.478 0.197 0.627 0.464
274.600 18 0.477 0.197 0.625 0.464
274.640 18 0.478 0.197 0.628 0.467
274.680 18 0.475 0.197 0.623 0.464
274.720 18 0.481 0.200 0.627 0.461
274.760 18 0.478 0.200 0.622 0.458
274.800 18 0.481 0.200 0.623 0.456
274.840 18 0.480 0.197 0.622 0.453
274.880 18 0.484 0.197 0.627 0.453
274.920 18 0.486 0.200 0.628 0.453
274.960 18 0.491 0.203 0.630 0.456
275.000 18 0.491 0.208 0.630 0.458
275.040 18 0.494 0.211 0.631 0.458
275.080 18 0.500 0.208 0.639 0.458
275.120 18 0.508 0.200 0.647 0.450
275.160 18 0.512 0.194 0.652 0.444
275.840 18 0.473 0.203 0.608 0.447
275.880 18 0.463 0.208 0.597 0.453
275.920 18 0.455 0.217 0.591 0.461
275.960 18 0.448 0.228 0.588 0.478
276.000 18 0.444 0.236 0.583 0.486
276.040 18 0.438 0.231 0.580 0.486
276.080 18 0.441 0.233 0.581 0.486
276.120 18 0.448 0.222 0.591 0.478
276.160 18 0.455 0.225 0.592 0.472
276.200 18 0.458 0.217 0.594 0.464
276.240 18 0.467 0.219 0.598 0.456
276.280 18 0.473 0.219 0.602 0.450
276.320 18 0.481 0.217 0.608 0.447
276.360 18 0.489 0.219 0.614 0.444
276.400 18 0.489 0.219 0.614 0.442
276.440 18 0.492 0.214 0.619 0.442
276.480 18 0.489 0.208 0.617 0.442
