27.400 0 0.595 0.356 0.666 0.481
27.440 0 0.594 0.353 0.664 0.475
27.480 0 0.592 0.350 0.661 0.472
27.520 0 0.591 0.347 0.659 0.467
27.560 0 0.586 0.342 0.656 0.467
27.600 0 0.584 0.339 0.653 0.461
27.640 0 0.581 0.339 0.650 0.461
27.680 0 0.577 0.336 0.645 0.458
27.720 0 0.573 0.336 0.642 0.458
27.760 0 0.570 0.336 0.639 0.458
27.800 0 0.569 0.336 0.637 0.458
27.840 0 0.567 0.336 0.634 0.458
27.880 0 0.566 0.336 0.633 0.458
27.920 0 0.564 0.339 0.630 0.456
27.960 0 0.561 0.339 0.627 0.456
28.000 0 0.558 0.339 0.625 0.458
28.040 0 0.556 0.336 0.623 0.458
28.080 0 0.555 0.336 0.623 0.461
28.120 0 0.553 0.336 0.620 0.458
28.160 0 0.553 0.336 0.622 0.461
28.200 0 0.552 0.336 0.620 0.461
28.240 0 0.552 0.336 0.622 0.461
28.280 0 0.550 0.336 0.619 0.458
28.320 0 0.552 0.336 0.619 0.458
28.360 0 0.548 0.336 0.617 0.458
28.400 0 0.550 0.333 0.617 0.456
28.440 0 0.550 0.333 0.617 0.456
28.480 0 0.550 0.333 0.617 0.456
28.520 0 0.550 0.331 0.619 0.453
28.560 0 0.550 0.331 0.617 0.453
28.600 0 0.550 0.331 0.617 0.450
28.640 0 0.550 0.328 0.617 0.450
28.680 0 0.552 0.328 0.617 0.450
28.720 0 0.552 0.328 0.619 0.447
28.760 0 0.552 0.328 0.619 0.447
28.800 0 0.552 0.325 0.619 0.447
28.840 0 0.553 0.328 0.620 0.447
28.880 0 0.556 0.328 0.623 0.447
28.920 0 0.555 0.328 0.622 0.447
28.960 0 0.558 0.325 0.625 0.447
29.000 0 0.558 0.325 0.625 0.447
29.040 0 0.561 0.328 0.627 0.447
29.080 0 0.562 0.325 0.628 0.447
29.120 0 0.561 0.325 0.628 0.447
29.160 0 0.562 0.325 0.631 0.447
29.200 0 0.562 0.325 0.630 0.447
29.240 0 0.564 0.325 0.633 0.447
29.280 0 0.564 0.325 0.633 0.447
29.320 0 0.566 0.325 0.634 0.447
29.360 0 0.566 0.325 0.634 0.447
29.400 0 0.569 0.325 0.639 0.450
29.440 0 0.572 0.322 0.641 0.447
29.480 0 0.575 0.325 0.642 0.447
29.520 0 0.578 0.322 0.647 0.447
29.560 0 0.583 0.325 0.650 0.447
29.600 0 0.584 0.325 0.652 0.447
29.600 0 0.573 0.328 0.655 0.469
29.640 0 0.578 0.328 0.659 0.472
29.680 0 0.580 0.331 0.661 0.475
29.720 0 0.584 0.328 0.664 0.467
29.760 0 0.588 0.322 0.666 0.461
29.800 0 0.592 0.314 0.670 0.456
29.840 0 0.595 0.311 0.673 0.450
29.880 0 0.597 0.306 0.675 0.444
29.920 0 0.597 0.303 0.675 0.442
29.960 0 0.598 0.300 0.678 0.442
30.000 0 0.598 0.297 0.678 0.439
30.040 0 0.600 0.283 0.680 0.425
30.080 0 0.598 0.281 0.678 0.422
30.120 0 0.597 0.281 0.677 0.422
30.160 0 0.597 0.281 0.675 0.419
30.200 0 0.595 0.278 0.675 0.419
30.240 0 0.594 0.278 0.673 0.419
30.280 0 0.592 0.278 0.672 0.419
30.320 0 0.592 0.275 0.672 0.417
30.360 0 0.591 0.275 0.670 0.417
30.400 0 0.591 0.275 0.670 0.417
30.440 0 0.591 0.272 0.670 0.417
30.480 0 0.589 0.272 0.670 0.417
30.520 0 0.589 0.269 0.672 0.414
30.560 0 0.588 0.269 0.669 0.414
30.600 0 0.589 0.267 0.670 0.411
30.640 0 0.588 0.264 0.670 0.411
30.680 0 0.588 0.264 0.670 0.408
30.720 0 0.588 0.261 0.669 0.408
30.760 0 0.586 0.261 0.669 0.406
30.800 0 0.584 0.261 0.667 0.406
30.840 0 0.583 0.258 0.666 0.406
30.880 0 0.581 0.258 0.664 0.406
30.920 0 0.580 0.258 0.662 0.406
30.960 0 0.580 0.258 0.662 0.406
31.000 0 0.580 0.247 0.661 0.392
31.040 0 0.578 0.250 0.656 0.389
31.080 0 0.578 0.250 0.659 0.394
31.120 0 0.578 0.253 0.656 0.392
31.160 0 0.583 0.258 0.659 0.394
31.200 0 0.580 0.264 0.656 0.400
31.240 0 0.584 0.267 0.664 0.408
31.280 0 0.584 0.272 0.666 0.417
32.240 0 0.583 0.269 0.666 0.414
32.280 0 0.581 0.267 0.662 0.411
32.320 0 0.577 0.264 0.658 0.408
32.360 0 0.577 0.261 0.658 0.408
32.400 0 0.570 0.261 0.655 0.408
32.440 0 0.573 0.261 0.656 0.408
32.480 0 0.572 0.261 0.653 0.408
32.520 0 0.569 0.261 0.652 0.406
32.560 0 0.569 0.261 0.652 0.408
32.600 0 0.566 0.261 0.648 0.408
32.640 0 0.567 0.261 0.650 0.408
32.680 0 0.564 0.261 0.647 0.408
32.720 0 0.566 0.264 0.648 0.408
32.760 0 0.564 0.264 0.645 0.408
32.800 0 0.564 0.264 0.647 0.408
32.840 0 0.562 0.264 0.644 0.408
32.880 0 0.562 0.261 0.647 0.411
32.920 0 0.561 0.264 0.642 0.408
32.960 0 0.561 0.261 0.645 0.411
33.000 0 0.561 0.264 0.642 0.408
33.040 0 0.564 0.269 0.639 0.406
33.080 0 0.562 0.269 0.639 0.406
33.120 0 0.562 0.272 0.636 0.406
33.160 0 0.564 0.269 0.639 0.406
33.200 0 0.562 0.272 0.636 0.406
33.240 0 0.562 0.272 0.639 0.406
33.280 0 0.561 0.269 0.636 0.406
33.320 0 0.562 0.269 0.637 0.406
33.360 0 0.562 0.269 0.637 0.406
33.400 0 0.562 0.269 0.637 0.406
33.440 0 0.561 0.269 0.636 0.403
33.480 0 0.562 0.269 0.636 0.403
33.520 0 0.562 0.267 0.637 0.400
33.560 0 0.561 0.264 0.636 0.397
33.600 0 0.562 0.261 0.637 0.394
33.640 0 0.562 0.258 0.636 0.392
33.680 0 0.561 0.258 0.636 0.392
33.720 0 0.561 0.258 0.634 0.392
33.760 0 0.562 0.256 0.637 0.392
33.800 0 0.561 0.256 0.636 0.389
33.840 0 0.562 0.253 0.637 0.389
33.880 0 0.562 0.253 0.636 0.386
33.920 0 0.564 0.253 0.637 0.386
33.960 0 0.561 0.250 0.637 0.386
34.000 0 0.566 0.258 0.633 0.381
34.040 0 0.566 0.258 0.633 0.381
34.080 0 0.564 0.261 0.630 0.381
34.120 0 0.566 0.261 0.633 0.381
34.160 0 0.564 0.261 0.630 0.381
34.200 0 0.566 0.261 0.631 0.383
34.240 0 0.567 0.261 0.633 0.383
34.280 0 0.564 0.261 0.630 0.383
34.320 0 0.567 0.261 0.634 0.383
34.360 0 0.566 0.261 0.631 0.381
34.400 0 0.566 0.261 0.631 0.383
34.440 0 0.566 0.261 0.633 0.383
34.480 0 0.566 0.261 0.634 0.386
34.520 0 0.564 0.261 0.633 0.383
34.560 0 0.566 0.261 0.633 0.383
34.600 0 0.566 0.261 0.633 0.383
34.640 0 0.564 0.261 0.633 0.386
34.680 0 0.564 0.261 0.633 0.386
34.720 0 0.564 0.264 0.631 0.386
44.080 1 0.123 0.300 0.411 0.811
44.120 1 0.123 0.297 0.411 0.808
44.160 1 0.123 0.300 0.409 0.808
44.200 1 0.116 0.283 0.409 0.806
44.240 1 0.128 0.292 0.417 0.808
44.280 1 0.117 0.292 0.408 0.806
44.320 1 0.122 0.292 0.412 0.808
44.360 1 0.114 0.292 0.405 0.808
44.400 1 0.119 0.294 0.409 0.808
44.440 1 0.111 0.294 0.400 0.811
44.480 1 0.116 0.297 0.406 0.814
44.520 1 0.108 0.300 0.397 0.814
44.560 1 0.114 0.306 0.400 0.817
44.600 1 0.102 0.303 0.394 0.822
44.640 1 0.109 0.311 0.395 0.822
44.680 1 0.097 0.308 0.389 0.828
44.720 1 0.105 0.317 0.391 0.828
44.760 1 0.092 0.314 0.384 0.833
44.800 1 0.100 0.322 0.386 0.831
44.840 1 0.089 0.317 0.380 0.836
44.880 1 0.098 0.325 0.383 0.833
44.920 1 0.084 0.319 0.377 0.836
44.960 1 0.084 0.319 0.375 0.836
45.000 1 0.083 0.319 0.373 0.836
45.040 1 0.073 0.319 0.362 0.836
45.080 1 0.072 0.319 0.362 0.836
45.120 1 0.073 0.319 0.364 0.836
45.160 1 0.066 0.319 0.356 0.836
45.200 1 0.070 0.319 0.362 0.839
45.240 1 0.062 0.319 0.355 0.839
45.280 1 0.066 0.319 0.356 0.836
45.320 1 0.059 0.317 0.352 0.836
45.360 1 0.064 0.319 0.355 0.836
45.400 1 0.061 0.317 0.355 0.839
45.440 1 0.061 0.319 0.353 0.839
45.480 1 0.059 0.314 0.355 0.842
45.520 1 0.061 0.319 0.353 0.839
45.560 1 0.058 0.314 0.355 0.842
45.600 1 0.062 0.317 0.356 0.839
45.640 1 0.052 0.311 0.350 0.842
45.680 1 0.061 0.317 0.356 0.842
45.720 1 0.053 0.317 0.347 0.842
45.760 1 0.058 0.317 0.358 0.850
45.800 1 0.053 0.317 0.347 0.842
45.840 1 0.059 0.314 0.355 0.839
45.880 1 0.050 0.311 0.347 0.839
45.920 1 0.059 0.317 0.355 0.842
45.960 1 0.052 0.317 0.347 0.842
46.000 1 0.050 0.319 0.341 0.836
46.040 1 0.058 0.322 0.347 0.836
46.080 1 0.058 0.322 0.347 0.836
46.120 1 0.058 0.322 0.347 0.836
46.160 1 0.058 0.322 0.345 0.836
46.200 1 0.056 0.322 0.345 0.836
46.240 1 0.055 0.322 0.344 0.836
46.280 1 0.056 0.325 0.342 0.833
46.320 1 0.048 0.319 0.338 0.836
46.360 1 0.045 0.319 0.334 0.836
46.400 1 0.041 0.319 0.331 0.836
46.440 1 0.037 0.319 0.327 0.833
46.480 1 0.037 0.328 0.322 0.833
46.520 1 0.028 0.319 0.319 0.836
46.560 1 0.017 0.308 0.316 0.839
46.600 1 0.022 0.319 0.312 0.836
46.640 1 0.020 0.322 0.302 0.825
46.680 1 0.023 0.328 0.303 0.828
46.720 1 0.013 0.322 0.298 0.831
46.760 1 0.019 0.322 0.306 0.833
46.800 1 0.013 0.319 0.303 0.836
46.840 1 0.013 0.319 0.303 0.836
46.880 1 0.016 0.322 0.305 0.836
46.920 1 0.011 0.319 0.302 0.836
46.960 1 0.011 0.319 0.302 0.836
47.000 1 0.019 0.319 0.308 0.836
47.040 1 0.016 0.328 0.297 0.828
47.080 1 0.017 0.322 0.305 0.836
47.120 1 0.019 0.325 0.306 0.839
47.160 1 0.019 0.325 0.308 0.839
47.200 1 0.019 0.325 0.308 0.842
47.240 1 0.019 0.325 0.308 0.842
54.600 2 0.284 0.356 0.541 0.814
54.640 2 0.289 0.361 0.544 0.817
54.680 2 0.287 0.364 0.548 0.831
54.720 2 0.297 0.381 0.550 0.833
54.760 2 0.284 0.383 0.534 0.828
54.800 2 0.294 0.386 0.537 0.819
54.840 2 0.291 0.378 0.534 0.814
54.880 2 0.300 0.372 0.539 0.800
54.920 2 0.300 0.364 0.539 0.792
54.960 2 0.308 0.361 0.548 0.792
55.000 2 0.311 0.361 0.552 0.792
55.040 2 0.316 0.342 0.548 0.761
55.080 2 0.317 0.350 0.550 0.767
55.120 2 0.319 0.356 0.552 0.772
55.160 2 0.322 0.361 0.553 0.778
55.200 2 0.322 0.369 0.553 0.781
55.240 2 0.322 0.378 0.552 0.789
55.280 2 0.320 0.381 0.553 0.800
55.320 2 0.320 0.392 0.552 0.806
55.360 2 0.323 0.400 0.553 0.811
55.400 2 0.320 0.403 0.548 0.808
55.440 2 0.320 0.392 0.552 0.806
55.480 2 0.322 0.378 0.555 0.794
55.520 2 0.327 0.369 0.555 0.781
55.560 2 0.317 0.353 0.552 0.775
55.600 2 0.320 0.342 0.558 0.767
55.640 2 0.311 0.331 0.550 0.756
55.680 2 0.309 0.308 0.556 0.750
55.720 2 0.312 0.300 0.558 0.739
55.760 2 0.306 0.294 0.548 0.728
55.800 2 0.312 0.286 0.556 0.722
55.840 2 0.308 0.278 0.553 0.717
55.880 2 0.314 0.278 0.561 0.717
55.920 2 0.312 0.281 0.556 0.717
55.960 2 0.316 0.283 0.561 0.725
56.000 2 0.311 0.267 0.552 0.697
56.040 2 0.322 0.286 0.562 0.719
56.080 2 0.323 0.289 0.567 0.722
56.120 2 0.317 0.294 0.558 0.725
56.160 2 0.319 0.297 0.561 0.731
56.200 2 0.311 0.303 0.553 0.736
56.240 2 0.305 0.317 0.545 0.747
56.280 2 0.303 0.328 0.541 0.750
56.320 2 0.295 0.339 0.536 0.767
56.360 2 0.291 0.347 0.527 0.769
56.400 2 0.283 0.361 0.522 0.786
56.440 2 0.275 0.367 0.516 0.794
56.480 2 0.267 0.369 0.509 0.800
56.520 2 0.259 0.372 0.502 0.806
56.560 2 0.258 0.378 0.498 0.808
56.600 2 0.250 0.381 0.491 0.808
56.640 2 0.247 0.381 0.487 0.811
56.680 2 0.247 0.383 0.483 0.806
56.720 2 0.247 0.386 0.480 0.800
56.760 2 0.247 0.386 0.475 0.794
56.800 2 0.248 0.381 0.478 0.789
56.840 2 0.245 0.381 0.472 0.786
56.880 2 0.247 0.375 0.475 0.783
56.920 2 0.247 0.372 0.475 0.781
56.960 2 0.245 0.369 0.470 0.775
57.000 2 0.256 0.361 0.498 0.792
57.040 2 0.258 0.356 0.502 0.789
57.080 2 0.256 0.353 0.497 0.781
57.120 2 0.263 0.350 0.506 0.783
57.160 2 0.261 0.347 0.502 0.775
57.200 2 0.267 0.342 0.511 0.775
57.240 2 0.266 0.342 0.505 0.767
57.280 2 0.273 0.339 0.512 0.761
57.320 2 0.273 0.333 0.511 0.756
57.360 2 0.281 0.328 0.519 0.747
57.400 2 0.281 0.325 0.517 0.744
57.440 2 0.287 0.322 0.527 0.747
57.480 2 0.284 0.322 0.522 0.744
57.520 2 0.291 0.319 0.530 0.747
57.560 2 0.286 0.322 0.523 0.744
57.600 2 0.291 0.319 0.530 0.744
57.640 2 0.287 0.319 0.525 0.739
57.680 2 0.292 0.314 0.531 0.739
57.720 2 0.289 0.314 0.527 0.736
57.760 2 0.294 0.311 0.534 0.739
57.800 2 0.292 0.311 0.531 0.736
57.840 2 0.291 0.311 0.531 0.736
57.880 2 0.291 0.314 0.528 0.736
57.920 2 0.287 0.311 0.528 0.739
57.960 2 0.284 0.311 0.527 0.742
58.000 2 0.283 0.314 0.525 0.744
58.040 2 0.286 0.308 0.533 0.747
58.080 2 0.283 0.308 0.527 0.742
58.120 2 0.281 0.308 0.527 0.742
58.160 2 0.280 0.306 0.525 0.742
58.200 2 0.277 0.303 0.525 0.742
58.240 2 0.267 0.297 0.519 0.747
58.280 2 0.270 0.294 0.527 0.750
58.320 2 0.263 0.294 0.519 0.753
58.360 2 0.272 0.300 0.527 0.753
58.400 2 0.263 0.297 0.519 0.753
58.440 2 0.266 0.294 0.525 0.756
58.480 2 0.259 0.294 0.517 0.756
58.520 2 0.263 0.294 0.520 0.756
58.560 2 0.259 0.300 0.512 0.753
58.600 2 0.272 0.300 0.528 0.756
58.640 2 0.281 0.303 0.533 0.750
58.680 2 0.283 0.303 0.534 0.750
58.720 2 0.295 0.306 0.545 0.753
58.760 2 0.300 0.311 0.547 0.747
58.800 2 0.312 0.308 0.562 0.753
58.840 2 0.314 0.306 0.567 0.756
58.880 2 0.325 0.297 0.584 0.758
58.040 3 0.283 0.311 0.495 0.689
58.080 3 0.281 0.306 0.497 0.689
58.120 3 0.281 0.306 0.497 0.689
58.160 3 0.280 0.303 0.495 0.686
58.200 3 0.278 0.300 0.495 0.686
58.240 3 0.280 0.297 0.500 0.692
58.280 3 0.272 0.297 0.494 0.692
58.320 3 0.273 0.294 0.498 0.694
58.360 3 0.269 0.297 0.492 0.694
58.400 3 0.270 0.294 0.498 0.700
58.440 3 0.261 0.292 0.492 0.703
58.480 3 0.259 0.292 0.491 0.703
58.520 3 0.258 0.292 0.491 0.706
58.560 3 0.258 0.292 0.492 0.706
58.600 3 0.256 0.292 0.489 0.706
58.640 3 0.269 0.292 0.502 0.706
58.680 3 0.273 0.292 0.506 0.706
58.720 3 0.278 0.286 0.516 0.706
58.760 3 0.294 0.294 0.525 0.706
58.800 3 0.300 0.300 0.527 0.706
58.840 3 0.309 0.294 0.542 0.708
58.880 3 0.322 0.286 0.558 0.706
58.920 3 0.331 0.275 0.573 0.706
58.960 3 0.350 0.269 0.594 0.703
59.000 3 0.364 0.267 0.606 0.697
59.040 3 0.367 0.253 0.617 0.700
59.080 3 0.383 0.250 0.631 0.692
59.120 3 0.391 0.239 0.639 0.681
59.160 3 0.398 0.219 0.648 0.667
59.200 3 0.403 0.203 0.653 0.650
59.240 3 0.412 0.189 0.661 0.631
59.280 3 0.422 0.183 0.667 0.622
59.320 3 0.427 0.178 0.673 0.619
59.360 3 0.431 0.178 0.675 0.611
59.400 3 0.442 0.178 0.688 0.614
59.440 3 0.439 0.181 0.683 0.614
59.480 3 0.448 0.183 0.692 0.617
59.520 3 0.448 0.189 0.691 0.622
59.560 3 0.456 0.194 0.698 0.625
59.600 3 0.461 0.197 0.705 0.631
59.640 3 0.461 0.200 0.703 0.633
59.680 3 0.459 0.203 0.702 0.633
59.720 3 0.458 0.208 0.698 0.636
59.760 3 0.466 0.208 0.708 0.639
59.800 3 0.470 0.214 0.711 0.644
59.840 3 0.475 0.219 0.719 0.653
59.880 3 0.473 0.222 0.716 0.656
59.920 3 0.466 0.219 0.711 0.656
59.960 3 0.455 0.217 0.698 0.653
60.000 3 0.445 0.219 0.686 0.650
60.040 3 0.427 0.203 0.678 0.650
60.080 3 0.427 0.208 0.669 0.642
60.120 3 0.417 0.208 0.652 0.631
60.160 3 0.416 0.208 0.653 0.633
60.200 3 0.408 0.217 0.645 0.639
60.240 3 0.408 0.217 0.652 0.653
60.280 3 0.402 0.231 0.642 0.658
60.320 3 0.403 0.231 0.647 0.667
60.320 3 0.414 0.250 0.633 0.639
60.360 3 0.412 0.253 0.633 0.644
60.400 3 0.408 0.258 0.627 0.650
60.440 3 0.402 0.264 0.622 0.656
60.480 3 0.403 0.264 0.627 0.661
60.520 3 0.397 0.264 0.620 0.661
60.560 3 0.392 0.256 0.622 0.664
60.600 3 0.386 0.250 0.620 0.664
60.640 3 0.395 0.247 0.631 0.667
60.680 3 0.397 0.253 0.633 0.672
60.720 3 0.408 0.256 0.650 0.683
60.760 3 0.408 0.258 0.650 0.689
60.800 3 0.419 0.261 0.662 0.694
60.840 3 0.406 0.261 0.661 0.714
60.880 3 0.405 0.267 0.647 0.697
60.920 3 0.400 0.267 0.642 0.697
60.960 3 0.395 0.267 0.637 0.697
61.000 3 0.391 0.267 0.633 0.697
61.040 3 0.397 0.267 0.637 0.697
61.080 3 0.391 0.275 0.628 0.700
61.120 3 0.392 0.278 0.633 0.706
61.160 3 0.381 0.278 0.622 0.708
61.200 3 0.375 0.278 0.614 0.706
61.240 3 0.377 0.281 0.616 0.706
61.280 3 0.370 0.283 0.608 0.706
61.320 3 0.377 0.283 0.613 0.706
61.360 3 0.380 0.281 0.616 0.703
61.400 3 0.383 0.278 0.619 0.700
61.440 3 0.383 0.275 0.622 0.700
61.480 3 0.381 0.275 0.622 0.703
61.520 3 0.370 0.272 0.614 0.706
61.560 3 0.362 0.278 0.606 0.714
61.600 3 0.358 0.281 0.605 0.719
61.640 3 0.358 0.283 0.605 0.722
61.680 3 0.356 0.289 0.600 0.725
61.720 3 0.353 0.292 0.597 0.728
61.760 3 0.347 0.300 0.589 0.733
61.800 3 0.338 0.303 0.581 0.739
61.840 3 0.327 0.303 0.572 0.739
61.880 3 0.319 0.297 0.569 0.742
61.920 3 0.311 0.303 0.559 0.744
61.960 3 0.303 0.308 0.552 0.750
62.000 3 0.311 0.314 0.552 0.744
62.040 3 0.306 0.319 0.541 0.739
62.080 3 0.303 0.319 0.544 0.750
62.120 3 0.295 0.325 0.537 0.756
62.160 3 0.289 0.331 0.527 0.758
62.200 3 0.273 0.333 0.516 0.767
62.240 3 0.263 0.339 0.500 0.761
62.280 3 0.256 0.342 0.491 0.758
62.320 3 0.252 0.347 0.480 0.756
62.360 3 0.239 0.347 0.467 0.758
62.400 3 0.233 0.350 0.461 0.761
62.440 3 0.222 0.356 0.463 0.783
62.480 3 0.217 0.350 0.461 0.781
62.520 3 0.225 0.342 0.467 0.772
62.560 3 0.228 0.333 0.472 0.767
62.600 3 0.231 0.328 0.473 0.756
62.640 3 0.233 0.325 0.475 0.756
62.680 3 0.227 0.325 0.469 0.758
62.720 3 0.228 0.328 0.472 0.761
62.760 3 0.227 0.339 0.467 0.767
62.800 3 0.225 0.347 0.464 0.772
62.840 3 0.227 0.356 0.467 0.786
62.880 3 0.223 0.369 0.466 0.797
62.920 3 0.222 0.381 0.461 0.806
62.960 3 0.217 0.392 0.452 0.808
63.000 3 0.203 0.411 0.445 0.839
63.040 3 0.205 0.403 0.444 0.825
63.080 3 0.212 0.406 0.450 0.825
63.120 3 0.205 0.406 0.439 0.822
63.160 3 0.209 0.408 0.445 0.825
63.200 3 0.206 0.408 0.442 0.825
63.240 3 0.209 0.406 0.447 0.828
63.280 3 0.212 0.400 0.455 0.831
63.320 3 0.209 0.400 0.452 0.831
63.360 3 0.208 0.403 0.450 0.831
63.400 3 0.205 0.403 0.450 0.833
63.440 3 0.206 0.397 0.455 0.836
63.480 3 0.209 0.397 0.455 0.831
63.520 3 0.217 0.389 0.464 0.828
63.560 3 0.219 0.381 0.467 0.822
63.600 3 0.220 0.375 0.470 0.817
63.640 3 0.219 0.369 0.469 0.811
63.680 3 0.217 0.364 0.467 0.806
63.720 3 0.217 0.361 0.466 0.803
63.760 3 0.217 0.364 0.463 0.800
63.800 3 0.208 0.361 0.456 0.803
63.840 3 0.205 0.367 0.455 0.811
63.880 3 0.197 0.375 0.445 0.817
63.920 3 0.197 0.383 0.436 0.808
63.960 3 0.202 0.378 0.442 0.806
64.000 3 0.203 0.361 0.445 0.792
64.040 3 0.203 0.361 0.445 0.792
64.080 3 0.203 0.364 0.444 0.792
64.120 3 0.205 0.364 0.444 0.789
64.160 3 0.203 0.364 0.441 0.786
64.200 3 0.189 0.361 0.428 0.786
64.240 3 0.192 0.367 0.427 0.783
64.280 3 0.177 0.364 0.416 0.789
64.320 3 0.177 0.361 0.422 0.794
64.360 3 0.184 0.361 0.427 0.792
64.400 3 0.191 0.358 0.431 0.786
64.440 3 0.197 0.347 0.442 0.781
64.480 3 0.214 0.350 0.452 0.769
64.520 3 0.231 0.322 0.472 0.750
64.560 3 0.237 0.303 0.478 0.733
64.600 3 0.245 0.286 0.486 0.717
64.640 3 0.250 0.281 0.492 0.708
64.680 3 0.245 0.272 0.486 0.703
64.720 3 0.250 0.267 0.492 0.697
64.760 3 0.253 0.261 0.494 0.692
64.800 3 0.267 0.269 0.505 0.692
64.840 3 0.284 0.258 0.520 0.681
64.880 3 0.294 0.244 0.537 0.678
64.920 3 0.302 0.233 0.545 0.667
64.960 3 0.312 0.228 0.556 0.664
65.000 3 0.311 0.219 0.552 0.650
65.040 3 0.305 0.231 0.555 0.678
65.080 3 0.295 0.247 0.542 0.689
65.120 3 0.281 0.250 0.528 0.689
65.160 3 0.263 0.264 0.508 0.703
65.200 3 0.248 0.275 0.494 0.711
65.240 3 0.234 0.272 0.477 0.706
65.280 3 0.222 0.278 0.463 0.708
65.320 3 0.223 0.275 0.461 0.700
65.360 3 0.222 0.272 0.458 0.692
65.400 3 0.227 0.267 0.459 0.681
65.440 3 0.230 0.258 0.464 0.675
65.480 3 0.233 0.253 0.472 0.678
65.520 3 0.227 0.253 0.464 0.675
65.560 3 0.228 0.256 0.463 0.672
65.600 3 0.222 0.256 0.455 0.672
65.640 3 0.214 0.261 0.448 0.678
65.680 3 0.209 0.261 0.445 0.686
65.720 3 0.208 0.264 0.444 0.686
65.760 3 0.206 0.267 0.444 0.689
65.800 3 0.205 0.264 0.447 0.694
65.840 3 0.205 0.272 0.442 0.694
65.880 3 0.202 0.278 0.441 0.703
65.920 3 0.200 0.286 0.438 0.711
65.960 3 0.200 0.294 0.438 0.717
66.000 3 0.203 0.314 0.445 0.744
66.040 3 0.206 0.319 0.448 0.750
66.080 3 0.208 0.325 0.450 0.756
66.120 3 0.211 0.328 0.455 0.761
66.160 3 0.216 0.333 0.458 0.764
66.200 3 0.219 0.333 0.463 0.767
66.240 3 0.223 0.336 0.466 0.767
66.280 3 0.227 0.331 0.480 0.781
66.320 3 0.236 0.328 0.487 0.775
66.360 3 0.242 0.325 0.495 0.775
66.400 3 0.248 0.325 0.502 0.775
66.440 3 0.253 0.331 0.498 0.767
66.480 3 0.266 0.336 0.509 0.769
104.040 4 0.180 0.169 0.263 0.317
104.080 4 0.180 0.169 0.263 0.317
104.120 4 0.180 0.169 0.263 0.317
104.160 4 0.180 0.169 0.263 0.317
104.200 4 0.180 0.169 0.263 0.317
104.240 4 0.180 0.169 0.263 0.317
104.280 4 0.180 0.169 0.263 0.317
104.320 4 0.180 0.169 0.263 0.314
104.360 4 0.180 0.169 0.263 0.314
104.400 4 0.180 0.169 0.263 0.317
104.440 4 0.180 0.169 0.263 0.317
104.480 4 0.180 0.169 0.261 0.314
104.520 4 0.180 0.169 0.261 0.314
104.560 4 0.180 0.167 0.261 0.314
104.600 4 0.178 0.167 0.261 0.314
104.640 4 0.178 0.167 0.259 0.311
104.680 4 0.178 0.167 0.259 0.311
104.720 4 0.173 0.167 0.255 0.311
104.760 4 0.177 0.167 0.258 0.311
104.800 4 0.172 0.167 0.256 0.314
104.840 4 0.170 0.167 0.253 0.311
104.880 4 0.169 0.167 0.252 0.311
104.920 4 0.167 0.164 0.250 0.311
104.960 4 0.166 0.164 0.252 0.317
105.000 4 0.166 0.167 0.247 0.311
105.040 4 0.166 0.164 0.250 0.311
105.080 4 0.166 0.164 0.248 0.311
105.120 4 0.164 0.164 0.248 0.311
105.160 4 0.166 0.164 0.247 0.311
105.200 4 0.164 0.164 0.247 0.311
105.240 4 0.164 0.167 0.245 0.311
105.280 4 0.163 0.164 0.245 0.311
105.320 4 0.164 0.164 0.247 0.311
105.360 4 0.163 0.167 0.245 0.311
105.400 4 0.164 0.164 0.247 0.314
105.440 4 0.163 0.167 0.244 0.311
105.480 4 0.164 0.167 0.245 0.311
105.520 4 0.163 0.167 0.245 0.314
105.560 4 0.164 0.167 0.245 0.311
105.600 4 0.163 0.167 0.244 0.311
105.640 4 0.164 0.169 0.245 0.314
105.680 4 0.163 0.169 0.244 0.314
105.720 4 0.164 0.169 0.245 0.314
105.760 4 0.164 0.169 0.244 0.311
105.800 4 0.164 0.169 0.244 0.311
105.840 4 0.164 0.169 0.245 0.314
105.880 4 0.164 0.169 0.245 0.314
105.920 4 0.164 0.169 0.245 0.314
105.960 4 0.164 0.167 0.247 0.317
106.000 4 0.166 0.167 0.247 0.311
106.040 4 0.166 0.167 0.247 0.311
106.080 4 0.166 0.167 0.247 0.311
106.120 4 0.166 0.167 0.247 0.311
106.160 4 0.166 0.167 0.247 0.311
106.200 4 0.166 0.167 0.247 0.311
106.240 4 0.166 0.167 0.247 0.311
106.280 4 0.166 0.167 0.247 0.311
106.320 4 0.166 0.167 0.247 0.311
106.360 4 0.166 0.169 0.244 0.308
106.400 4 0.166 0.169 0.245 0.311
106.440 4 0.166 0.164 0.250 0.317
106.480 4 0.166 0.167 0.247 0.314
106.520 4 0.164 0.167 0.245 0.311
106.560 4 0.163 0.169 0.242 0.311
106.600 4 0.164 0.169 0.244 0.311
106.640 4 0.163 0.169 0.241 0.311
106.680 4 0.163 0.169 0.242 0.314
115.680 5 0.695 0.450 0.752 0.550
115.720 5 0.695 0.450 0.752 0.550
115.760 5 0.695 0.450 0.752 0.550
115.800 5 0.694 0.450 0.750 0.550
115.840 5 0.695 0.450 0.752 0.550
115.880 5 0.695 0.450 0.753 0.553
115.920 5 0.697 0.450 0.753 0.550
115.960 5 0.694 0.450 0.750 0.550
116.000 5 0.695 0.450 0.752 0.550
116.040 5 0.695 0.450 0.752 0.550
116.080 5 0.695 0.450 0.752 0.550
116.120 5 0.695 0.450 0.752 0.550
116.160 5 0.695 0.450 0.752 0.550
116.200 5 0.695 0.450 0.752 0.550
116.240 5 0.695 0.450 0.752 0.550
116.280 5 0.695 0.450 0.752 0.550
116.320 5 0.695 0.450 0.752 0.550
116.360 5 0.697 0.450 0.752 0.547
116.400 5 0.697 0.450 0.752 0.550
116.440 5 0.695 0.450 0.750 0.550
116.480 5 0.695 0.450 0.752 0.550
116.520 5 0.695 0.450 0.750 0.550
116.560 5 0.697 0.450 0.752 0.550
116.600 5 0.695 0.450 0.750 0.550
116.640 5 0.697 0.450 0.753 0.550
116.680 5 0.695 0.450 0.750 0.550
116.720 5 0.697 0.450 0.753 0.550
116.760 5 0.695 0.450 0.750 0.550
116.800 5 0.695 0.450 0.752 0.550
116.840 5 0.697 0.453 0.752 0.550
116.880 5 0.695 0.450 0.750 0.550
116.920 5 0.697 0.450 0.753 0.550
116.960 5 0.695 0.450 0.750 0.550
117.000 5 0.695 0.450 0.752 0.550
117.040 5 0.697 0.450 0.753 0.550
117.080 5 0.695 0.450 0.752 0.550
117.120 5 0.697 0.450 0.753 0.550
117.160 5 0.695 0.450 0.750 0.550
117.200 5 0.698 0.453 0.753 0.550
117.240 5 0.695 0.450 0.750 0.550
117.280 5 0.698 0.453 0.753 0.550
117.320 5 0.695 0.453 0.750 0.550
117.360 5 0.698 0.453 0.753 0.550
117.400 5 0.695 0.450 0.750 0.550
117.440 5 0.698 0.453 0.753 0.550
117.480 5 0.695 0.450 0.750 0.550
117.520 5 0.698 0.453 0.753 0.550
117.560 5 0.695 0.450 0.750 0.550
117.600 5 0.698 0.453 0.753 0.550
117.640 5 0.695 0.450 0.750 0.550
117.680 5 0.698 0.453 0.753 0.550
117.720 6 0.650 0.311 0.766 0.519
117.760 6 0.652 0.314 0.767 0.522
117.800 6 0.652 0.314 0.767 0.522
117.840 6 0.653 0.317 0.769 0.522
117.880 6 0.656 0.319 0.770 0.525
117.920 6 0.653 0.317 0.769 0.525
117.960 6 0.653 0.319 0.769 0.525
118.000 6 0.655 0.319 0.769 0.525
118.040 6 0.655 0.319 0.770 0.528
118.080 6 0.655 0.319 0.770 0.528
118.120 6 0.653 0.317 0.770 0.528
118.160 6 0.653 0.317 0.769 0.528
118.200 6 0.652 0.317 0.769 0.525
118.240 6 0.652 0.317 0.767 0.525
118.280 6 0.652 0.317 0.766 0.525
118.320 6 0.650 0.317 0.764 0.522
118.360 6 0.653 0.314 0.769 0.522
118.400 6 0.647 0.314 0.762 0.522
118.440 6 0.650 0.314 0.766 0.522
118.480 6 0.650 0.314 0.764 0.522
118.520 6 0.653 0.314 0.769 0.522
118.560 6 0.652 0.314 0.767 0.522
118.600 6 0.655 0.314 0.770 0.522
118.640 6 0.652 0.311 0.769 0.525
118.680 6 0.655 0.311 0.772 0.522
118.720 6 0.655 0.311 0.772 0.522
118.760 6 0.655 0.311 0.772 0.522
118.800 6 0.653 0.311 0.770 0.522
118.840 6 0.652 0.308 0.769 0.517
118.880 6 0.656 0.311 0.772 0.519
118.920 6 0.652 0.311 0.766 0.517
118.960 6 0.655 0.311 0.770 0.519
119.000 6 0.655 0.311 0.770 0.519
119.040 6 0.650 0.303 0.778 0.531
119.080 6 0.650 0.303 0.780 0.536
119.120 6 0.648 0.306 0.773 0.531
119.160 6 0.655 0.306 0.780 0.531
119.200 6 0.650 0.306 0.775 0.528
119.240 6 0.648 0.306 0.775 0.531
119.280 6 0.650 0.306 0.775 0.531
119.320 6 0.648 0.303 0.775 0.531
119.360 6 0.647 0.306 0.772 0.528
119.400 6 0.653 0.308 0.777 0.528
119.440 6 0.648 0.306 0.770 0.528
119.480 6 0.648 0.303 0.775 0.531
119.520 6 0.648 0.303 0.777 0.528
119.560 6 0.650 0.303 0.777 0.531
119.600 6 0.647 0.303 0.773 0.528
119.640 6 0.650 0.303 0.778 0.531
119.680 6 0.650 0.303 0.778 0.531
119.720 6 0.647 0.303 0.773 0.531
119.760 6 0.650 0.303 0.777 0.531
119.800 6 0.647 0.303 0.773 0.531
119.840 6 0.650 0.306 0.773 0.528
119.880 6 0.648 0.303 0.775 0.531
119.920 6 0.652 0.303 0.778 0.531
119.960 6 0.650 0.303 0.775 0.528
120.000 6 0.645 0.292 0.786 0.542
120.040 6 0.647 0.286 0.792 0.544
120.080 6 0.647 0.286 0.789 0.539
120.120 6 0.647 0.283 0.789 0.536
120.160 6 0.647 0.283 0.786 0.531
120.200 6 0.645 0.283 0.780 0.522
120.240 6 0.644 0.278 0.775 0.511
120.280 6 0.639 0.272 0.769 0.503
122.760 7 0.584 0.275 0.697 0.475
122.800 7 0.584 0.264 0.698 0.467
122.840 7 0.584 0.258 0.698 0.461
122.880 7 0.588 0.244 0.703 0.453
122.920 7 0.588 0.244 0.700 0.444
122.960 7 0.589 0.242 0.706 0.450
123.000 7 0.589 0.242 0.706 0.450
123.040 7 0.589 0.239 0.709 0.453
123.080 7 0.589 0.242 0.709 0.456
123.120 7 0.589 0.242 0.709 0.456
123.160 7 0.591 0.244 0.709 0.458
123.200 7 0.591 0.244 0.711 0.458
123.240 7 0.591 0.247 0.711 0.461
123.280 7 0.591 0.247 0.711 0.461
123.320 7 0.591 0.247 0.711 0.464
123.360 7 0.592 0.250 0.713 0.467
123.400 7 0.591 0.253 0.709 0.464
123.440 7 0.591 0.253 0.711 0.467
123.480 7 0.591 0.256 0.711 0.469
123.520 7 0.591 0.256 0.711 0.472
123.560 7 0.591 0.258 0.711 0.475
123.600 7 0.591 0.261 0.713 0.478
123.640 7 0.589 0.264 0.709 0.478
123.680 7 0.591 0.267 0.713 0.483
123.720 7 0.586 0.269 0.708 0.486
123.760 7 0.588 0.272 0.709 0.492
123.800 7 0.584 0.281 0.706 0.494
123.840 7 0.583 0.283 0.698 0.492
123.880 7 0.580 0.289 0.697 0.497
123.920 7 0.578 0.289 0.692 0.494
123.960 7 0.578 0.292 0.694 0.497
124.000 7 0.577 0.289 0.694 0.497
124.040 7 0.562 0.289 0.698 0.528
124.080 7 0.564 0.289 0.700 0.531
124.120 7 0.564 0.289 0.702 0.533
124.160 7 0.564 0.289 0.703 0.533
124.200 7 0.562 0.289 0.702 0.533
124.240 7 0.562 0.289 0.698 0.531
124.280 7 0.561 0.289 0.698 0.531
124.320 7 0.561 0.286 0.698 0.531
124.360 7 0.562 0.286 0.700 0.531
124.400 7 0.561 0.286 0.697 0.528
124.440 7 0.564 0.283 0.700 0.528
124.480 7 0.559 0.286 0.694 0.525
124.520 7 0.562 0.283 0.698 0.525
124.560 7 0.561 0.283 0.697 0.525
124.600 7 0.562 0.281 0.703 0.528
124.640 7 0.561 0.281 0.698 0.528
124.680 7 0.564 0.281 0.702 0.528
124.720 7 0.564 0.286 0.700 0.531
124.760 7 0.567 0.292 0.703 0.533
124.800 7 0.569 0.297 0.705 0.539
124.840 7 0.575 0.303 0.711 0.544
124.880 7 0.573 0.306 0.709 0.547
124.920 7 0.577 0.308 0.713 0.550
124.960 7 0.577 0.314 0.709 0.550
125.000 7 0.567 0.319 0.708 0.569
125.040 7 0.578 0.322 0.709 0.553
125.080 7 0.577 0.322 0.705 0.550
125.120 7 0.578 0.325 0.708 0.553
125.160 7 0.580 0.325 0.708 0.553
125.200 7 0.581 0.325 0.709 0.556
125.240 7 0.583 0.325 0.713 0.556
125.280 7 0.584 0.328 0.713 0.556
125.320 7 0.586 0.328 0.714 0.556
125.360 7 0.588 0.328 0.716 0.556
125.400 7 0.589 0.328 0.717 0.556
125.440 7 0.591 0.331 0.719 0.558
125.480 7 0.592 0.331 0.722 0.558
125.520 7 0.594 0.331 0.723 0.561
125.560 7 0.595 0.331 0.725 0.561
125.600 7 0.597 0.333 0.727 0.561
125.640 7 0.598 0.333 0.728 0.561
125.680 7 0.600 0.333 0.728 0.561
125.720 7 0.600 0.333 0.728 0.561
125.760 7 0.602 0.333 0.731 0.564
125.800 7 0.603 0.333 0.733 0.561
125.840 7 0.603 0.331 0.733 0.564
125.880 7 0.605 0.333 0.733 0.561
125.920 7 0.603 0.331 0.734 0.561
125.960 7 0.603 0.331 0.733 0.561
126.000 7 0.616 0.336 0.731 0.542
126.040 7 0.609 0.331 0.723 0.536
126.080 7 0.609 0.331 0.723 0.536
126.120 7 0.608 0.331 0.725 0.539
126.160 7 0.608 0.331 0.722 0.536
126.200 7 0.609 0.331 0.723 0.536
126.240 7 0.609 0.331 0.723 0.536
126.280 7 0.609 0.328 0.725 0.536
126.320 7 0.609 0.328 0.725 0.533
126.360 7 0.613 0.328 0.727 0.531
126.400 7 0.616 0.325 0.730 0.531
126.440 7 0.620 0.325 0.733 0.528
126.480 7 0.623 0.325 0.734 0.525
126.520 7 0.623 0.325 0.734 0.525
126.560 7 0.623 0.325 0.734 0.525
126.600 7 0.625 0.325 0.736 0.525
126.640 7 0.620 0.322 0.731 0.522
126.680 7 0.622 0.322 0.734 0.525
126.720 7 0.620 0.322 0.733 0.522
126.760 7 0.622 0.322 0.734 0.522
126.800 7 0.623 0.322 0.736 0.522
126.840 7 0.622 0.322 0.733 0.522
126.880 7 0.623 0.325 0.734 0.522
126.920 7 0.623 0.325 0.736 0.522
126.960 7 0.625 0.322 0.738 0.525
127.000 7 0.616 0.311 0.731 0.519
127.040 7 0.606 0.303 0.738 0.539
127.080 7 0.605 0.303 0.738 0.539
127.120 7 0.605 0.303 0.736 0.536
127.160 7 0.603 0.303 0.733 0.533
127.200 7 0.603 0.303 0.734 0.536
127.240 7 0.603 0.303 0.734 0.536
127.280 7 0.602 0.300 0.733 0.536
127.320 7 0.602 0.300 0.733 0.536
127.360 7 0.602 0.300 0.731 0.533
127.400 7 0.600 0.300 0.731 0.533
127.440 7 0.600 0.300 0.730 0.533
127.480 7 0.598 0.300 0.728 0.531
127.520 7 0.598 0.300 0.727 0.531
127.560 7 0.597 0.300 0.725 0.531
127.600 7 0.597 0.300 0.725 0.531
127.640 7 0.595 0.300 0.723 0.528
127.680 7 0.594 0.300 0.722 0.528
127.720 7 0.594 0.300 0.720 0.528
127.760 7 0.592 0.300 0.720 0.528
127.800 7 0.592 0.297 0.719 0.525
127.840 7 0.592 0.297 0.719 0.525
127.880 7 0.591 0.297 0.717 0.525
127.920 7 0.592 0.297 0.719 0.525
127.960 7 0.591 0.297 0.719 0.525
128.000 7 0.583 0.292 0.723 0.542
128.040 7 0.583 0.297 0.717 0.536
128.080 7 0.581 0.292 0.722 0.542
128.120 7 0.581 0.297 0.716 0.536
128.160 7 0.581 0.292 0.722 0.542
128.200 7 0.581 0.292 0.720 0.542
128.240 7 0.580 0.292 0.720 0.539
128.280 7 0.580 0.289 0.719 0.539
128.320 7 0.580 0.292 0.719 0.539
128.360 7 0.580 0.292 0.717 0.536
128.400 7 0.578 0.292 0.716 0.536
128.440 7 0.578 0.289 0.716 0.533
128.480 7 0.578 0.289 0.714 0.531
131.320 8 0.555 0.172 0.703 0.436
131.360 8 0.562 0.175 0.711 0.439
131.400 8 0.558 0.175 0.708 0.442
131.440 8 0.558 0.175 0.706 0.439
131.480 8 0.556 0.175 0.705 0.439
131.520 8 0.555 0.175 0.703 0.439
131.560 8 0.555 0.175 0.702 0.436
131.600 8 0.556 0.175 0.703 0.439
131.640 8 0.553 0.178 0.698 0.436
131.680 8 0.555 0.178 0.700 0.436
131.720 8 0.550 0.181 0.694 0.436
131.760 8 0.553 0.181 0.697 0.439
131.800 8 0.547 0.183 0.688 0.433
131.840 8 0.555 0.183 0.694 0.428
131.880 8 0.547 0.178 0.688 0.431
131.920 8 0.550 0.181 0.691 0.428
131.960 8 0.552 0.181 0.691 0.431
132.000 8 0.552 0.181 0.692 0.431
132.040 8 0.548 0.181 0.702 0.453
132.080 8 0.550 0.183 0.705 0.456
132.120 8 0.547 0.183 0.700 0.456
132.160 8 0.547 0.183 0.698 0.456
132.200 8 0.548 0.183 0.702 0.453
132.240 8 0.548 0.181 0.702 0.456
132.280 8 0.550 0.181 0.703 0.453
132.320 8 0.550 0.183 0.703 0.453
132.360 8 0.548 0.183 0.702 0.456
132.400 8 0.552 0.183 0.703 0.453
132.440 8 0.553 0.183 0.705 0.453
132.480 8 0.552 0.189 0.702 0.453
132.520 8 0.552 0.189 0.700 0.453
132.560 8 0.553 0.192 0.698 0.453
132.600 8 0.552 0.194 0.697 0.453
132.640 8 0.555 0.197 0.697 0.450
132.680 8 0.555 0.197 0.698 0.450
132.720 8 0.555 0.197 0.698 0.453
132.760 8 0.556 0.194 0.700 0.450
132.800 8 0.553 0.197 0.695 0.450
132.840 8 0.550 0.200 0.692 0.453
132.880 8 0.552 0.200 0.694 0.453
132.920 8 0.550 0.200 0.694 0.456
132.960 8 0.552 0.197 0.695 0.456
133.000 8 0.552 0.208 0.692 0.458
133.040 8 0.550 0.194 0.695 0.450
133.080 8 0.553 0.194 0.698 0.453
133.120 8 0.555 0.194 0.698 0.447
133.160 8 0.556 0.194 0.698 0.450
133.200 8 0.556 0.194 0.700 0.450
133.240 8 0.556 0.192 0.702 0.450
133.280 8 0.556 0.192 0.703 0.453
133.320 8 0.555 0.192 0.698 0.450
133.360 8 0.556 0.192 0.700 0.447
133.400 8 0.556 0.192 0.702 0.447
133.440 8 0.555 0.192 0.700 0.450
133.480 8 0.553 0.192 0.697 0.450
133.520 8 0.553 0.189 0.698 0.450
133.560 8 0.553 0.192 0.698 0.450
133.600 8 0.552 0.192 0.697 0.450
133.640 8 0.556 0.192 0.703 0.450
133.680 8 0.553 0.189 0.700 0.453
133.720 8 0.555 0.189 0.703 0.453
133.760 8 0.550 0.186 0.698 0.450
133.800 8 0.553 0.189 0.700 0.450
133.840 8 0.552 0.183 0.700 0.450
133.880 8 0.550 0.183 0.700 0.450
133.920 8 0.552 0.181 0.702 0.450
133.960 8 0.548 0.183 0.697 0.447
134.000 8 0.552 0.181 0.692 0.431
134.040 8 0.544 0.181 0.691 0.442
134.080 8 0.544 0.189 0.691 0.447
134.120 8 0.542 0.197 0.689 0.456
134.160 8 0.542 0.203 0.686 0.458
134.200 8 0.544 0.208 0.686 0.461
138.440 9 0.591 0.333 0.727 0.572
138.480 9 0.591 0.331 0.727 0.572
138.520 9 0.588 0.331 0.723 0.569
138.560 9 0.591 0.325 0.730 0.569
138.600 9 0.584 0.322 0.723 0.569
138.640 9 0.588 0.319 0.728 0.569
138.680 9 0.589 0.319 0.730 0.569
138.720 9 0.586 0.322 0.723 0.564
138.760 9 0.589 0.319 0.728 0.567
138.800 9 0.589 0.317 0.728 0.564
138.840 9 0.588 0.317 0.725 0.561
138.880 9 0.592 0.311 0.730 0.558
138.920 9 0.581 0.303 0.723 0.556
138.960 9 0.583 0.297 0.725 0.547
139.000 9 0.583 0.292 0.723 0.542
139.040 9 0.583 0.297 0.722 0.544
139.080 9 0.583 0.292 0.723 0.542
139.120 9 0.580 0.286 0.720 0.536
139.160 9 0.583 0.281 0.725 0.533
139.200 9 0.581 0.278 0.722 0.528
139.240 9 0.584 0.272 0.727 0.525
139.280 9 0.583 0.272 0.723 0.522
139.320 9 0.586 0.269 0.730 0.522
139.360 9 0.586 0.269 0.728 0.522
139.400 9 0.588 0.269 0.728 0.522
139.440 9 0.588 0.269 0.730 0.525
139.480 9 0.588 0.272 0.730 0.525
139.520 9 0.588 0.275 0.731 0.528
139.560 9 0.588 0.275 0.731 0.531
139.600 9 0.588 0.275 0.731 0.531
139.640 9 0.586 0.275 0.731 0.533
139.680 9 0.586 0.278 0.730 0.533
139.720 9 0.591 0.278 0.733 0.533
139.760 9 0.586 0.278 0.730 0.531
139.800 9 0.592 0.283 0.733 0.536
139.840 9 0.589 0.292 0.728 0.536
139.880 9 0.595 0.297 0.736 0.547
139.920 9 0.595 0.303 0.734 0.553
139.960 9 0.600 0.308 0.739 0.558
140.000 9 0.598 0.319 0.739 0.569
148.080 10 0.475 0.378 0.530 0.475
148.120 10 0.472 0.378 0.527 0.475
148.160 10 0.469 0.381 0.523 0.478
148.200 10 0.467 0.381 0.522 0.478
148.240 10 0.464 0.381 0.519 0.478
148.280 10 0.463 0.378 0.519 0.475
148.320 10 0.464 0.378 0.520 0.475
148.360 10 0.464 0.375 0.520 0.475
148.400 10 0.467 0.375 0.520 0.472
148.440 10 0.467 0.375 0.520 0.469
148.480 10 0.469 0.372 0.525 0.472
148.520 10 0.469 0.375 0.525 0.475
148.560 10 0.472 0.378 0.527 0.475
148.600 10 0.473 0.378 0.528 0.475
148.640 10 0.473 0.378 0.528 0.475
148.680 10 0.473 0.378 0.527 0.475
148.720 10 0.473 0.378 0.530 0.475
148.760 10 0.473 0.378 0.528 0.475
148.800 10 0.472 0.375 0.528 0.475
148.840 10 0.472 0.375 0.527 0.475
148.880 10 0.472 0.372 0.527 0.472
148.920 10 0.470 0.372 0.527 0.472
148.960 10 0.472 0.372 0.528 0.472
149.000 10 0.470 0.372 0.527 0.472
149.040 10 0.469 0.372 0.523 0.472
149.080 10 0.472 0.375 0.527 0.472
149.120 10 0.469 0.378 0.522 0.472
149.160 10 0.469 0.375 0.523 0.472
149.200 10 0.467 0.372 0.523 0.472
149.240 10 0.466 0.372 0.520 0.469
149.280 10 0.467 0.372 0.522 0.469
149.320 10 0.464 0.369 0.519 0.467
149.360 10 0.463 0.369 0.517 0.467
149.400 10 0.463 0.367 0.517 0.467
149.440 10 0.461 0.367 0.516 0.464
149.480 10 0.459 0.364 0.516 0.464
149.520 10 0.458 0.364 0.512 0.464
161.240 11 0.228 0.064 0.525 0.592
161.280 11 0.209 0.033 0.508 0.564
161.320 11 0.212 0.022 0.511 0.556
161.360 11 0.200 0.019 0.505 0.564
161.400 11 0.195 0.033 0.503 0.583
161.440 11 0.191 0.067 0.500 0.619
161.480 11 0.188 0.094 0.497 0.647
161.520 11 0.178 0.111 0.487 0.664
161.560 11 0.177 0.108 0.484 0.658
161.600 11 0.175 0.100 0.483 0.650
161.640 11 0.173 0.094 0.481 0.644
161.680 11 0.164 0.094 0.469 0.639
161.720 11 0.166 0.106 0.470 0.653
161.760 11 0.153 0.128 0.461 0.678
161.800 11 0.144 0.144 0.450 0.692
161.840 11 0.138 0.147 0.442 0.692
161.880 11 0.127 0.147 0.427 0.683
161.920 11 0.120 0.144 0.422 0.681
161.960 11 0.123 0.144 0.425 0.683
162.000 11 0.114 0.150 0.414 0.686
162.040 11 0.114 0.147 0.416 0.686
162.080 11 0.108 0.142 0.409 0.683
162.120 11 0.114 0.133 0.417 0.675
162.160 11 0.109 0.125 0.414 0.669
162.200 11 0.117 0.122 0.420 0.664
162.240 11 0.111 0.119 0.414 0.661
162.280 11 0.122 0.117 0.422 0.653
162.320 11 0.109 0.108 0.406 0.642
162.360 11 0.123 0.114 0.412 0.631
162.400 11 0.122 0.131 0.408 0.642
162.440 11 0.117 0.144 0.406 0.661
162.480 11 0.109 0.153 0.395 0.664
162.520 11 0.108 0.158 0.397 0.675
162.560 11 0.100 0.158 0.386 0.672
162.600 11 0.095 0.147 0.383 0.661
162.640 11 0.084 0.131 0.373 0.647
162.680 11 0.089 0.117 0.375 0.628
162.720 11 0.083 0.108 0.367 0.614
162.760 11 0.092 0.108 0.375 0.614
162.800 11 0.095 0.119 0.377 0.622
162.840 11 0.094 0.136 0.373 0.633
162.880 11 0.095 0.139 0.377 0.642
162.920 11 0.094 0.139 0.378 0.647
162.960 11 0.092 0.133 0.378 0.642
163.000 11 0.109 0.142 0.391 0.644
163.040 11 0.100 0.142 0.384 0.650
163.080 11 0.116 0.153 0.397 0.656
163.120 11 0.116 0.172 0.394 0.667
163.160 11 0.114 0.192 0.388 0.681
163.200 11 0.108 0.208 0.378 0.692
163.240 11 0.095 0.206 0.370 0.694
163.280 11 0.092 0.194 0.369 0.689
163.320 11 0.081 0.167 0.364 0.675
163.360 11 0.086 0.156 0.366 0.656
163.400 11 0.086 0.125 0.372 0.636
163.440 11 0.089 0.117 0.375 0.628
163.480 11 0.097 0.111 0.388 0.631
163.520 11 0.102 0.114 0.392 0.633
163.560 11 0.106 0.125 0.395 0.642
163.600 11 0.113 0.136 0.400 0.650
163.640 11 0.116 0.144 0.403 0.658
163.680 11 0.120 0.150 0.409 0.667
163.720 11 0.108 0.150 0.402 0.675
163.760 11 0.123 0.158 0.412 0.675
163.800 11 0.116 0.156 0.406 0.675
163.840 11 0.116 0.156 0.406 0.675
163.880 11 0.116 0.156 0.406 0.675
163.920 11 0.116 0.153 0.406 0.672
163.960 11 0.116 0.150 0.406 0.667
164.000 11 0.116 0.147 0.405 0.664
164.040 11 0.109 0.139 0.403 0.667
164.080 11 0.109 0.133 0.405 0.661
164.120 11 0.108 0.131 0.400 0.656
164.160 11 0.116 0.131 0.408 0.653
164.200 11 0.114 0.133 0.405 0.650
164.240 11 0.117 0.133 0.405 0.647
164.280 11 0.116 0.133 0.400 0.642
164.320 11 0.120 0.136 0.400 0.636
164.360 11 0.125 0.136 0.405 0.636
164.400 11 0.119 0.136 0.398 0.636
164.440 11 0.116 0.136 0.394 0.636
164.480 11 0.120 0.136 0.398 0.633
164.520 11 0.116 0.133 0.394 0.628
164.560 11 0.116 0.133 0.391 0.625
164.600 11 0.114 0.133 0.389 0.625
164.640 11 0.111 0.133 0.388 0.625
164.680 11 0.111 0.136 0.388 0.631
164.720 11 0.111 0.139 0.389 0.636
164.760 11 0.113 0.142 0.391 0.639
164.800 11 0.113 0.142 0.391 0.642
164.840 11 0.113 0.142 0.394 0.642
164.880 11 0.116 0.136 0.397 0.636
164.920 11 0.119 0.125 0.400 0.631
164.960 11 0.122 0.108 0.406 0.617
165.000 11 0.116 0.092 0.405 0.608
165.040 11 0.105 0.061 0.428 0.639
165.080 11 0.097 0.058 0.423 0.642
165.120 11 0.109 0.067 0.433 0.644
165.160 11 0.097 0.075 0.423 0.658
165.200 11 0.103 0.092 0.431 0.675
165.240 11 0.111 0.106 0.436 0.683
165.280 11 0.102 0.100 0.425 0.678
165.320 11 0.111 0.103 0.430 0.672
165.360 11 0.113 0.103 0.431 0.669
165.400 11 0.109 0.100 0.428 0.669
165.440 11 0.116 0.100 0.436 0.669
165.480 11 0.109 0.103 0.427 0.669
165.520 11 0.114 0.106 0.433 0.672
165.560 11 0.108 0.114 0.423 0.675
165.600 11 0.111 0.122 0.427 0.683
165.640 11 0.113 0.133 0.423 0.689
165.680 11 0.108 0.133 0.425 0.700
165.720 11 0.106 0.128 0.425 0.697
165.760 11 0.102 0.119 0.423 0.694
165.800 11 0.108 0.117 0.428 0.689
165.840 11 0.105 0.117 0.425 0.689
165.880 11 0.106 0.119 0.425 0.686
165.920 11 0.108 0.119 0.427 0.689
165.960 11 0.109 0.125 0.430 0.694
166.000 11 0.100 0.108 0.448 0.728
166.040 11 0.102 0.092 0.450 0.714
166.080 11 0.103 0.089 0.456 0.717
166.120 11 0.105 0.089 0.455 0.714
166.160 11 0.106 0.086 0.458 0.711
166.200 11 0.108 0.083 0.458 0.708
166.240 11 0.108 0.083 0.461 0.711
166.280 11 0.102 0.078 0.458 0.711
166.320 11 0.106 0.078 0.466 0.717
166.360 11 0.105 0.078 0.459 0.708
166.400 11 0.102 0.078 0.458 0.711
166.440 11 0.102 0.083 0.455 0.708
166.480 11 0.100 0.083 0.455 0.714
166.520 11 0.098 0.089 0.452 0.717
166.560 11 0.094 0.092 0.448 0.722
166.600 11 0.089 0.097 0.445 0.728
166.640 11 0.084 0.100 0.442 0.736
166.680 11 0.075 0.103 0.433 0.739
166.720 11 0.083 0.114 0.436 0.742
166.760 11 0.078 0.114 0.431 0.744
166.800 11 0.087 0.114 0.444 0.744
166.840 11 0.080 0.103 0.441 0.744
166.880 11 0.086 0.100 0.444 0.739
166.920 11 0.086 0.103 0.445 0.742
166.960 11 0.091 0.108 0.448 0.744
167.000 11 0.100 0.108 0.448 0.728
167.040 11 0.103 0.117 0.452 0.736
167.080 11 0.106 0.119 0.453 0.736
167.120 11 0.116 0.114 0.466 0.736
167.160 11 0.109 0.108 0.458 0.731
167.200 11 0.116 0.100 0.472 0.733
167.240 11 0.109 0.103 0.463 0.731
167.280 11 0.111 0.106 0.461 0.728
167.320 11 0.113 0.108 0.461 0.728
167.360 11 0.103 0.117 0.453 0.739
167.400 11 0.117 0.125 0.473 0.758
167.440 11 0.105 0.128 0.464 0.767
167.480 11 0.114 0.150 0.475 0.794
167.520 11 0.108 0.164 0.475 0.817
167.560 11 0.130 0.183 0.492 0.825
168.560 11 0.125 0.033 0.481 0.667
168.600 11 0.114 0.019 0.478 0.664
168.640 11 0.095 0.008 0.459 0.653
168.680 11 0.073 -0.006 0.442 0.650
168.720 11 0.059 0.014 0.416 0.644
168.760 11 0.058 0.019 0.406 0.639
168.800 11 0.053 0.039 0.389 0.636
168.840 11 0.047 0.044 0.388 0.650
168.880 11 0.039 0.044 0.388 0.664
168.920 11 0.044 0.053 0.392 0.672
168.960 11 0.044 0.047 0.388 0.658
169.000 11 0.061 0.042 0.409 0.661
169.040 11 0.078 0.064 0.411 0.656
169.080 11 0.086 0.072 0.420 0.667
169.120 11 0.097 0.089 0.431 0.683
169.160 11 0.102 0.097 0.436 0.694
169.200 11 0.105 0.097 0.439 0.692
169.240 11 0.116 0.092 0.450 0.689
169.280 11 0.114 0.089 0.447 0.681
169.320 11 0.123 0.086 0.459 0.686
169.360 11 0.120 0.092 0.455 0.686
169.400 11 0.127 0.094 0.461 0.692
169.440 11 0.122 0.097 0.455 0.692
169.480 11 0.127 0.097 0.459 0.692
169.520 11 0.127 0.097 0.461 0.692
169.560 11 0.128 0.100 0.463 0.697
169.600 11 0.133 0.108 0.464 0.703
169.640 11 0.131 0.119 0.459 0.706
169.680 11 0.130 0.119 0.458 0.703
169.720 11 0.130 0.119 0.453 0.697
169.760 11 0.131 0.122 0.450 0.692
169.800 11 0.127 0.125 0.442 0.686
169.840 11 0.120 0.125 0.436 0.689
169.880 11 0.119 0.139 0.431 0.697
169.920 11 0.113 0.153 0.425 0.708
169.960 11 0.111 0.167 0.423 0.725
170.000 11 0.116 0.206 0.405 0.722
170.040 11 0.100 0.181 0.416 0.742
170.080 11 0.094 0.175 0.416 0.750
170.120 11 0.092 0.169 0.419 0.750
170.160 11 0.094 0.164 0.423 0.753
170.200 11 0.094 0.158 0.427 0.753
170.240 11 0.097 0.156 0.433 0.756
170.280 11 0.100 0.156 0.436 0.753
170.320 11 0.105 0.158 0.436 0.750
170.360 11 0.102 0.161 0.431 0.747
170.400 11 0.108 0.164 0.439 0.756
170.440 11 0.103 0.172 0.430 0.756
170.480 11 0.106 0.175 0.433 0.758
170.520 11 0.106 0.181 0.433 0.761
170.560 11 0.108 0.186 0.434 0.767
170.600 11 0.109 0.192 0.434 0.769
170.640 11 0.111 0.194 0.436 0.772
170.680 11 0.113 0.197 0.436 0.772
170.720 11 0.113 0.200 0.436 0.775
170.760 11 0.113 0.203 0.438 0.781
170.800 11 0.117 0.206 0.441 0.783
170.840 11 0.109 0.211 0.431 0.783
170.880 11 0.109 0.211 0.430 0.783
170.920 11 0.117 0.208 0.438 0.781
170.960 11 0.114 0.206 0.436 0.781
171.000 11 0.100 0.178 0.448 0.797
171.040 11 0.100 0.178 0.448 0.797
171.080 11 0.097 0.169 0.448 0.794
171.120 11 0.095 0.161 0.448 0.789
171.160 11 0.095 0.153 0.448 0.783
171.200 11 0.098 0.144 0.461 0.789
171.240 11 0.084 0.147 0.434 0.772
171.280 11 0.097 0.153 0.461 0.800
171.320 11 0.086 0.156 0.447 0.797
171.360 11 0.108 0.172 0.463 0.800
171.400 11 0.100 0.186 0.447 0.806
171.440 11 0.122 0.192 0.464 0.800
171.480 11 0.119 0.189 0.459 0.797
171.520 11 0.125 0.181 0.470 0.797
171.560 11 0.120 0.181 0.464 0.794
171.600 11 0.123 0.189 0.466 0.794
171.640 11 0.130 0.197 0.469 0.800
171.680 11 0.136 0.208 0.469 0.800
171.720 11 0.145 0.225 0.469 0.803
171.760 11 0.147 0.250 0.463 0.808
171.800 11 0.158 0.264 0.475 0.828
171.840 11 0.163 0.272 0.484 0.847
171.880 11 0.169 0.286 0.487 0.856
215.320 12 0.316 -0.175 0.564 0.267
215.360 12 0.314 -0.161 0.561 0.278
215.400 12 0.328 -0.153 0.573 0.283
215.440 12 0.319 -0.131 0.566 0.308
215.480 12 0.317 -0.114 0.562 0.322
215.520 12 0.314 -0.092 0.561 0.347
215.560 12 0.308 -0.075 0.550 0.358
215.600 12 0.305 -0.050 0.548 0.383
215.640 12 0.297 -0.033 0.539 0.394
215.680 12 0.292 -0.014 0.528 0.403
215.720 12 0.286 -0.008 0.530 0.425
215.760 12 0.281 0.011 0.519 0.436
215.800 12 0.272 0.022 0.512 0.453
215.840 12 0.267 0.033 0.511 0.469
215.880 12 0.259 0.050 0.502 0.481
215.920 12 0.259 0.056 0.505 0.492
215.960 12 0.253 0.067 0.495 0.497
216.000 12 0.256 0.075 0.498 0.506
216.040 12 0.258 0.072 0.517 0.533
216.080 12 0.259 0.081 0.520 0.542
216.120 12 0.261 0.083 0.525 0.556
216.160 12 0.255 0.086 0.522 0.558
216.200 12 0.263 0.089 0.530 0.564
216.240 12 0.256 0.094 0.522 0.569
216.280 12 0.258 0.100 0.527 0.578
216.320 12 0.252 0.108 0.517 0.583
216.360 12 0.252 0.111 0.522 0.592
216.400 12 0.247 0.122 0.514 0.597
216.440 12 0.248 0.122 0.520 0.606
216.480 12 0.242 0.125 0.512 0.606
216.520 12 0.244 0.122 0.519 0.611
216.560 12 0.239 0.131 0.511 0.614
216.600 12 0.241 0.133 0.514 0.622
216.640 12 0.241 0.139 0.516 0.631
216.680 12 0.241 0.144 0.517 0.633
216.720 12 0.242 0.147 0.519 0.639
216.760 12 0.242 0.150 0.519 0.644
216.800 12 0.242 0.150 0.525 0.656
216.840 12 0.237 0.150 0.520 0.656
216.880 12 0.247 0.153 0.528 0.653
216.920 12 0.245 0.158 0.522 0.647
216.960 12 0.247 0.156 0.523 0.647
217.000 12 0.244 0.147 0.534 0.664
217.040 12 0.219 0.150 0.516 0.678
217.080 12 0.222 0.153 0.516 0.678
217.120 12 0.212 0.147 0.512 0.681
217.160 12 0.217 0.153 0.514 0.681
217.200 12 0.209 0.153 0.503 0.678
217.240 12 0.211 0.153 0.508 0.678
217.280 12 0.202 0.156 0.491 0.672
217.320 12 0.212 0.158 0.498 0.667
217.360 12 0.202 0.158 0.487 0.667
217.400 12 0.205 0.147 0.498 0.667
217.440 12 0.203 0.147 0.492 0.661
217.480 12 0.214 0.147 0.500 0.656
217.520 12 0.209 0.142 0.495 0.650
217.560 12 0.214 0.139 0.502 0.653
217.600 12 0.217 0.144 0.498 0.644
217.640 12 0.217 0.139 0.503 0.644
217.680 12 0.223 0.142 0.503 0.639
217.720 12 0.220 0.136 0.503 0.639
217.760 12 0.228 0.139 0.509 0.639
217.800 12 0.227 0.144 0.505 0.639
217.840 12 0.228 0.144 0.505 0.636
217.880 12 0.223 0.139 0.506 0.642
217.920 12 0.228 0.144 0.509 0.642
217.960 12 0.230 0.147 0.511 0.644
218.000 12 0.211 0.147 0.502 0.664
218.040 12 0.211 0.147 0.502 0.664
218.080 12 0.211 0.144 0.500 0.661
218.760 13 0.333 -0.025 0.614 0.475
218.800 13 0.323 0.003 0.603 0.500
218.840 13 0.322 0.022 0.600 0.517
218.880 13 0.309 0.036 0.592 0.539
218.920 13 0.300 0.053 0.595 0.578
218.960 13 0.311 0.078 0.602 0.594
219.000 13 0.308 0.092 0.598 0.608
219.040 13 0.316 0.114 0.597 0.614
219.080 13 0.328 0.125 0.613 0.631
219.120 13 0.328 0.136 0.616 0.644
219.160 13 0.344 0.147 0.628 0.653
219.200 13 0.355 0.156 0.636 0.658
219.240 13 0.361 0.158 0.645 0.664
219.280 13 0.375 0.161 0.655 0.658
219.320 13 0.373 0.161 0.653 0.661
219.360 13 0.381 0.161 0.662 0.661
219.400 13 0.377 0.164 0.656 0.658
219.440 13 0.380 0.169 0.655 0.661
219.480 13 0.369 0.167 0.647 0.661
219.520 13 0.372 0.169 0.650 0.664
219.560 13 0.362 0.172 0.641 0.667
219.600 13 0.367 0.175 0.644 0.667
219.640 13 0.366 0.181 0.641 0.669
219.680 13 0.367 0.186 0.642 0.675
219.720 13 0.364 0.189 0.636 0.669
219.760 13 0.370 0.189 0.644 0.675
219.800 13 0.359 0.189 0.636 0.681
219.840 13 0.364 0.197 0.636 0.681
219.880 13 0.353 0.206 0.630 0.697
219.920 13 0.358 0.214 0.631 0.700
219.960 13 0.345 0.211 0.627 0.711
220.000 13 0.341 0.206 0.631 0.722
220.040 13 0.319 0.181 0.636 0.742
220.080 13 0.314 0.186 0.631 0.750
220.120 13 0.314 0.194 0.630 0.753
220.160 13 0.314 0.206 0.623 0.756
220.200 13 0.311 0.203 0.623 0.758
220.240 13 0.314 0.206 0.625 0.758
220.280 13 0.308 0.206 0.622 0.761
220.320 13 0.312 0.208 0.623 0.761
220.360 13 0.312 0.211 0.623 0.764
220.400 13 0.312 0.214 0.622 0.764
220.440 13 0.311 0.219 0.619 0.767
220.480 13 0.309 0.222 0.617 0.769
220.520 13 0.308 0.228 0.613 0.772
220.560 13 0.306 0.231 0.613 0.775
220.600 13 0.302 0.231 0.613 0.783
220.640 13 0.298 0.231 0.606 0.781
220.680 13 0.302 0.233 0.611 0.781
220.720 13 0.295 0.231 0.606 0.781
220.760 13 0.300 0.225 0.609 0.775
220.800 13 0.300 0.217 0.609 0.767
220.840 13 0.306 0.217 0.611 0.758
220.880 13 0.306 0.219 0.609 0.761
220.920 13 0.298 0.217 0.608 0.767
220.960 13 0.287 0.211 0.598 0.764
221.000 13 0.255 0.178 0.603 0.797
221.040 13 0.237 0.178 0.583 0.792
221.080 13 0.244 0.167 0.592 0.789
221.120 13 0.219 0.153 0.580 0.797
221.160 13 0.234 0.161 0.589 0.792
221.200 13 0.231 0.158 0.588 0.789
221.240 13 0.242 0.156 0.598 0.789
221.280 13 0.236 0.153 0.594 0.789
221.320 13 0.245 0.150 0.603 0.786
221.360 13 0.239 0.144 0.597 0.781
221.400 13 0.253 0.144 0.605 0.767
221.440 13 0.247 0.136 0.598 0.761
221.480 13 0.261 0.139 0.608 0.753
221.520 14 0.489 0.375 0.689 0.731
221.560 14 0.478 0.369 0.680 0.728
221.600 14 0.473 0.361 0.677 0.722
221.640 14 0.467 0.350 0.672 0.714
221.680 14 0.461 0.336 0.666 0.703
221.720 14 0.463 0.328 0.669 0.694
221.760 14 0.453 0.319 0.659 0.686
221.800 14 0.448 0.311 0.655 0.678
221.840 14 0.445 0.306 0.652 0.669
221.880 14 0.442 0.297 0.647 0.661
221.920 14 0.439 0.292 0.644 0.656
221.960 14 0.436 0.286 0.642 0.650
222.000 14 0.434 0.283 0.639 0.647
222.040 14 0.434 0.283 0.639 0.647
222.080 14 0.428 0.289 0.633 0.653
222.120 14 0.430 0.292 0.636 0.661
222.160 14 0.422 0.292 0.628 0.661
222.200 14 0.427 0.289 0.634 0.658
222.240 14 0.425 0.283 0.634 0.656
222.280 14 0.428 0.275 0.636 0.647
222.320 14 0.430 0.267 0.639 0.639
222.360 14 0.436 0.261 0.645 0.633
222.400 14 0.442 0.256 0.652 0.628
222.440 14 0.442 0.256 0.652 0.631
222.480 14 0.452 0.258 0.662 0.633
222.520 14 0.444 0.258 0.656 0.636
222.560 14 0.450 0.256 0.661 0.633
222.600 14 0.445 0.250 0.658 0.631
222.640 14 0.450 0.244 0.662 0.622
222.680 14 0.447 0.236 0.661 0.617
222.720 14 0.453 0.231 0.669 0.611
222.760 14 0.453 0.225 0.667 0.606
222.800 14 0.461 0.217 0.675 0.597
222.840 14 0.469 0.211 0.681 0.589
222.880 14 0.466 0.203 0.680 0.581
222.920 14 0.478 0.203 0.691 0.581
222.960 14 0.472 0.203 0.684 0.578
223.000 14 0.478 0.197 0.689 0.575
223.040 14 0.475 0.194 0.688 0.572
223.080 14 0.481 0.192 0.694 0.569
223.120 14 0.484 0.189 0.698 0.569
223.160 14 0.478 0.192 0.692 0.572
223.200 14 0.480 0.192 0.697 0.575
223.240 14 0.475 0.192 0.691 0.575
223.280 14 0.470 0.189 0.688 0.575
223.320 14 0.478 0.186 0.694 0.569
223.360 14 0.475 0.181 0.691 0.564
223.400 14 0.481 0.172 0.694 0.553
223.440 14 0.480 0.167 0.694 0.544
223.480 14 0.478 0.161 0.691 0.539
223.520 14 0.478 0.158 0.689 0.533
223.560 14 0.472 0.164 0.680 0.531
223.600 14 0.466 0.167 0.672 0.533
223.640 14 0.467 0.169 0.672 0.533
223.680 14 0.466 0.181 0.664 0.533
223.720 14 0.463 0.189 0.661 0.542
223.760 14 0.461 0.197 0.659 0.550
223.800 14 0.458 0.208 0.658 0.561
223.840 14 0.456 0.217 0.655 0.569
223.880 14 0.456 0.231 0.653 0.583
223.920 14 0.453 0.236 0.652 0.589
223.960 14 0.456 0.244 0.652 0.592
224.000 14 0.456 0.250 0.652 0.597
224.040 14 0.466 0.253 0.661 0.600
224.080 14 0.467 0.256 0.661 0.600
224.120 14 0.477 0.256 0.672 0.603
224.160 14 0.477 0.256 0.673 0.606
224.200 14 0.486 0.256 0.684 0.608
224.240 14 0.491 0.258 0.688 0.611
224.280 14 0.492 0.261 0.689 0.614
224.320 14 0.503 0.264 0.700 0.614
224.360 14 0.497 0.269 0.694 0.619
224.400 14 0.503 0.269 0.705 0.625
224.440 14 0.500 0.272 0.698 0.625
224.480 14 0.497 0.269 0.698 0.628
224.520 14 0.494 0.269 0.694 0.625
224.560 14 0.494 0.269 0.694 0.622
224.600 14 0.487 0.269 0.688 0.625
224.640 14 0.481 0.272 0.680 0.628
224.680 14 0.472 0.272 0.667 0.619
224.720 14 0.467 0.269 0.664 0.619
224.760 14 0.463 0.269 0.659 0.619
224.800 14 0.459 0.269 0.656 0.617
224.840 14 0.459 0.269 0.655 0.617
224.880 14 0.455 0.269 0.647 0.614
224.920 14 0.459 0.269 0.655 0.614
224.960 14 0.455 0.267 0.652 0.617
225.000 14 0.459 0.261 0.661 0.619
225.040 14 0.467 0.261 0.666 0.614
225.080 14 0.458 0.258 0.656 0.611
225.120 14 0.466 0.256 0.661 0.603
225.160 14 0.456 0.250 0.653 0.600
225.200 14 0.463 0.250 0.659 0.600
225.240 14 0.450 0.242 0.650 0.600
225.280 14 0.445 0.253 0.644 0.606
225.320 14 0.447 0.253 0.647 0.608
225.360 14 0.436 0.264 0.636 0.617
225.400 15 0.216 0.108 0.570 0.736
225.440 15 0.223 0.111 0.578 0.742
225.480 15 0.216 0.114 0.566 0.736
225.520 15 0.214 0.114 0.556 0.722
225.560 15 0.225 0.117 0.569 0.728
225.600 15 0.208 0.117 0.550 0.725
225.640 15 0.214 0.114 0.559 0.728
225.680 15 0.209 0.119 0.548 0.722
225.720 15 0.227 0.125 0.570 0.736
225.760 15 0.211 0.122 0.548 0.725
225.800 15 0.214 0.114 0.564 0.736
225.840 15 0.214 0.122 0.552 0.722
225.880 15 0.217 0.111 0.566 0.731
225.920 15 0.217 0.111 0.566 0.731
225.960 15 0.217 0.108 0.566 0.731
226.000 15 0.216 0.108 0.564 0.728
226.040 15 0.230 0.142 0.555 0.719
226.080 15 0.222 0.139 0.545 0.717
226.120 15 0.223 0.133 0.550 0.714
226.160 15 0.214 0.128 0.539 0.708
226.200 15 0.216 0.122 0.542 0.703
226.240 15 0.211 0.125 0.533 0.697
226.280 15 0.206 0.125 0.530 0.703
226.320 15 0.208 0.133 0.528 0.700
226.360 15 0.209 0.133 0.528 0.700
226.400 15 0.211 0.133 0.528 0.700
226.440 15 0.211 0.136 0.528 0.700
226.480 15 0.214 0.131 0.533 0.697
226.520 15 0.217 0.133 0.533 0.697
226.560 15 0.212 0.136 0.528 0.697
226.600 15 0.208 0.139 0.525 0.700
226.640 15 0.208 0.144 0.523 0.706
226.680 15 0.209 0.150 0.523 0.706
226.720 15 0.216 0.153 0.527 0.706
226.760 15 0.220 0.153 0.531 0.706
226.800 15 0.227 0.158 0.536 0.708
226.840 15 0.228 0.158 0.541 0.714
226.880 15 0.230 0.161 0.544 0.719
226.920 15 0.233 0.164 0.545 0.719
226.960 15 0.234 0.172 0.542 0.722
227.000 15 0.244 0.206 0.534 0.722
227.040 15 0.241 0.217 0.520 0.714
227.080 15 0.241 0.211 0.530 0.725
227.120 15 0.237 0.219 0.516 0.717
227.160 15 0.245 0.219 0.528 0.722
227.200 15 0.237 0.214 0.523 0.722
227.240 15 0.233 0.222 0.512 0.717
227.280 15 0.236 0.222 0.517 0.722
227.320 15 0.230 0.231 0.505 0.719
227.360 15 0.220 0.242 0.495 0.728
227.400 15 0.212 0.250 0.484 0.733
227.440 15 0.205 0.253 0.478 0.736
227.480 15 0.205 0.253 0.478 0.739
227.520 15 0.195 0.256 0.469 0.742
227.560 15 0.200 0.258 0.475 0.747
227.600 15 0.195 0.267 0.466 0.747
227.640 15 0.200 0.269 0.470 0.747
227.360 16 0.225 0.242 0.528 0.778
227.400 16 0.219 0.253 0.519 0.783
227.440 16 0.208 0.253 0.512 0.792
227.480 16 0.197 0.250 0.503 0.792
227.520 16 0.203 0.256 0.506 0.794
227.560 16 0.195 0.258 0.498 0.794
227.600 16 0.200 0.261 0.503 0.797
227.640 16 0.198 0.272 0.492 0.792
227.680 16 0.198 0.272 0.492 0.792
227.720 16 0.189 0.267 0.487 0.797
227.760 16 0.198 0.269 0.495 0.794
227.800 16 0.192 0.269 0.489 0.794
227.840 16 0.205 0.269 0.497 0.789
227.880 16 0.202 0.272 0.489 0.781
227.920 16 0.208 0.269 0.498 0.783
227.960 16 0.206 0.272 0.491 0.775
228.000 16 0.211 0.264 0.502 0.778
228.040 16 0.211 0.264 0.508 0.786
228.080 16 0.212 0.261 0.505 0.778
228.120 16 0.212 0.256 0.505 0.772
228.160 16 0.211 0.253 0.503 0.769
228.200 16 0.211 0.247 0.502 0.764
228.240 16 0.209 0.244 0.500 0.756
228.280 16 0.209 0.239 0.500 0.753
228.320 16 0.208 0.236 0.498 0.750
228.360 16 0.208 0.236 0.498 0.750
228.400 16 0.203 0.231 0.497 0.750
228.440 16 0.209 0.236 0.498 0.747
228.480 16 0.205 0.233 0.497 0.750
228.520 16 0.208 0.236 0.500 0.753
228.560 16 0.205 0.233 0.503 0.761
228.600 16 0.205 0.242 0.500 0.764
228.640 16 0.205 0.242 0.498 0.761
228.680 16 0.208 0.242 0.505 0.767
228.720 16 0.202 0.242 0.497 0.767
228.760 16 0.209 0.244 0.506 0.769
228.800 16 0.198 0.247 0.491 0.764
228.840 16 0.212 0.250 0.508 0.769
228.880 16 0.206 0.256 0.489 0.756
228.920 16 0.211 0.253 0.500 0.764
228.960 16 0.203 0.253 0.495 0.769
229.000 16 0.211 0.264 0.502 0.778
229.040 16 0.203 0.256 0.497 0.775
229.080 16 0.197 0.261 0.483 0.767
229.120 16 0.202 0.261 0.486 0.764
229.160 16 0.206 0.264 0.492 0.769
229.200 16 0.205 0.267 0.487 0.767
229.240 16 0.205 0.267 0.487 0.769
229.280 16 0.203 0.269 0.484 0.769
229.320 16 0.202 0.264 0.487 0.769
229.360 16 0.205 0.264 0.492 0.775
229.400 16 0.202 0.267 0.487 0.772
229.440 16 0.202 0.264 0.492 0.775
229.480 16 0.198 0.264 0.486 0.775
229.520 16 0.197 0.267 0.484 0.775
229.560 16 0.197 0.267 0.484 0.775
229.600 16 0.195 0.269 0.481 0.775
229.640 16 0.194 0.269 0.483 0.781
229.680 16 0.194 0.272 0.480 0.778
229.720 16 0.197 0.272 0.483 0.778
229.760 16 0.192 0.269 0.478 0.775
229.800 16 0.194 0.264 0.487 0.783
229.840 16 0.189 0.272 0.477 0.781
229.880 16 0.197 0.275 0.484 0.781
229.920 16 0.194 0.278 0.481 0.783
229.960 16 0.189 0.272 0.481 0.789
230.000 16 0.180 0.264 0.470 0.778
230.040 16 0.177 0.225 0.500 0.797
230.080 16 0.180 0.219 0.505 0.797
230.120 16 0.186 0.219 0.511 0.797
230.160 16 0.180 0.219 0.503 0.794
230.200 16 0.184 0.222 0.508 0.797
230.240 16 0.181 0.222 0.502 0.789
230.280 16 0.184 0.225 0.502 0.789
230.320 16 0.181 0.222 0.503 0.794
230.360 16 0.181 0.217 0.508 0.797
230.400 16 0.183 0.222 0.506 0.792
230.440 16 0.183 0.219 0.508 0.794
230.480 16 0.186 0.217 0.511 0.794
230.520 16 0.180 0.219 0.503 0.792
230.560 16 0.188 0.219 0.514 0.800
230.600 16 0.180 0.219 0.503 0.792
230.640 16 0.184 0.219 0.508 0.794
230.680 16 0.183 0.217 0.506 0.792
230.720 16 0.181 0.211 0.506 0.786
230.760 16 0.181 0.211 0.505 0.786
230.800 16 0.180 0.208 0.505 0.783
230.840 16 0.178 0.206 0.503 0.781
230.880 16 0.178 0.206 0.502 0.778
230.920 16 0.178 0.206 0.502 0.778
230.960 16 0.180 0.208 0.502 0.778
231.000 16 0.177 0.178 0.525 0.797
231.040 16 0.175 0.189 0.511 0.786
231.080 16 0.175 0.181 0.523 0.800
231.120 16 0.172 0.189 0.509 0.789
231.160 16 0.175 0.181 0.522 0.797
231.200 16 0.175 0.181 0.522 0.800
231.240 16 0.175 0.183 0.522 0.800
231.280 16 0.175 0.183 0.522 0.800
231.320 16 0.177 0.186 0.522 0.800
231.360 16 0.177 0.186 0.522 0.800
231.400 16 0.178 0.175 0.537 0.811
231.440 16 0.158 0.167 0.519 0.806
231.480 16 0.178 0.175 0.539 0.817
231.520 16 0.161 0.175 0.520 0.817
231.560 16 0.180 0.181 0.542 0.825
231.600 16 0.163 0.175 0.523 0.817
231.640 16 0.180 0.178 0.545 0.828
231.680 16 0.161 0.169 0.525 0.817
231.720 16 0.181 0.175 0.545 0.822
231.760 16 0.163 0.167 0.527 0.814
231.800 16 0.173 0.169 0.539 0.819
231.840 17 0.295 0.100 0.647 0.728
231.880 17 0.306 0.108 0.650 0.722
231.920 17 0.294 0.103 0.644 0.728
231.960 17 0.303 0.108 0.650 0.728
232.000 17 0.294 0.108 0.642 0.728
232.040 17 0.303 0.144 0.630 0.725
232.080 17 0.309 0.150 0.631 0.722
232.120 17 0.311 0.144 0.637 0.725
232.160 17 0.308 0.147 0.628 0.717
232.200 17 0.317 0.150 0.637 0.717
232.240 17 0.319 0.158 0.623 0.703
232.280 17 0.320 0.161 0.630 0.708
232.320 17 0.323 0.164 0.631 0.711
232.360 17 0.325 0.164 0.633 0.711
232.400 17 0.328 0.167 0.633 0.711
232.440 17 0.330 0.167 0.634 0.708
232.480 17 0.328 0.169 0.631 0.708
232.520 17 0.333 0.169 0.636 0.708
232.560 17 0.333 0.169 0.636 0.708
232.600 17 0.333 0.169 0.636 0.708
232.640 17 0.338 0.172 0.637 0.708
232.680 17 0.330 0.175 0.630 0.711
232.720 17 0.339 0.178 0.641 0.714
232.760 17 0.327 0.172 0.630 0.711
232.800 17 0.334 0.175 0.641 0.722
232.840 17 0.323 0.172 0.634 0.725
232.880 17 0.333 0.175 0.642 0.728
232.920 17 0.328 0.175 0.636 0.722
232.960 17 0.330 0.178 0.636 0.722
233.000 17 0.341 0.206 0.631 0.722
233.040 17 0.325 0.158 0.645 0.728
233.080 17 0.323 0.158 0.639 0.719
233.120 17 0.323 0.153 0.641 0.717
233.160 17 0.327 0.156 0.641 0.714
233.200 17 0.328 0.156 0.641 0.714
233.240 17 0.330 0.161 0.641 0.714
233.280 17 0.331 0.164 0.641 0.714
233.320 17 0.333 0.164 0.641 0.714
233.360 17 0.333 0.167 0.642 0.714
233.400 17 0.333 0.167 0.642 0.714
233.440 17 0.338 0.169 0.645 0.717
233.480 17 0.325 0.161 0.641 0.725
233.520 17 0.334 0.164 0.653 0.731
233.560 17 0.323 0.161 0.645 0.733
233.600 17 0.327 0.161 0.652 0.739
233.640 17 0.316 0.161 0.641 0.739
233.680 17 0.316 0.158 0.644 0.742
233.720 17 0.311 0.161 0.637 0.742
233.760 17 0.317 0.158 0.645 0.742
233.800 17 0.311 0.158 0.637 0.739
233.840 17 0.314 0.156 0.642 0.736
233.880 17 0.312 0.153 0.639 0.733
233.920 17 0.312 0.156 0.636 0.731
233.960 17 0.312 0.156 0.634 0.728
234.000 17 0.294 0.108 0.642 0.728
234.040 17 0.297 0.097 0.656 0.736
234.080 17 0.297 0.106 0.644 0.722
234.120 17 0.303 0.097 0.658 0.728
234.160 17 0.289 0.100 0.639 0.722
234.200 17 0.308 0.106 0.659 0.731
234.240 17 0.287 0.094 0.644 0.725
234.280 17 0.311 0.106 0.659 0.725
234.320 17 0.292 0.092 0.644 0.717
234.360 17 0.305 0.094 0.655 0.714
234.400 17 0.297 0.086 0.652 0.714
234.440 17 0.284 0.081 0.641 0.717
234.480 17 0.289 0.081 0.650 0.722
234.520 17 0.280 0.083 0.639 0.722
234.560 17 0.291 0.089 0.650 0.731
234.600 17 0.287 0.081 0.648 0.722
234.640 17 0.280 0.089 0.636 0.722
234.680 17 0.284 0.089 0.644 0.725
234.720 17 0.275 0.089 0.633 0.725
234.760 17 0.287 0.097 0.644 0.731
234.800 18 0.222 0.311 0.463 0.742
234.840 18 0.219 0.311 0.461 0.739
234.880 18 0.227 0.311 0.469 0.742
234.920 18 0.228 0.311 0.469 0.742
234.960 18 0.228 0.314 0.470 0.744
235.000 18 0.230 0.314 0.472 0.744
235.040 18 0.234 0.308 0.483 0.753
235.080 18 0.231 0.308 0.475 0.744
235.120 18 0.234 0.303 0.484 0.747
235.160 18 0.231 0.303 0.478 0.742
235.200 18 0.233 0.303 0.478 0.742
235.240 18 0.233 0.303 0.480 0.742
235.280 18 0.241 0.306 0.487 0.742
235.320 18 0.239 0.311 0.473 0.728
235.360 18 0.241 0.311 0.481 0.739
235.400 18 0.234 0.314 0.475 0.742
235.440 18 0.234 0.314 0.478 0.747
235.480 18 0.227 0.308 0.470 0.742
235.520 18 0.217 0.314 0.463 0.750
235.560 18 0.214 0.311 0.461 0.750
235.600 18 0.206 0.314 0.452 0.750
235.640 18 0.219 0.319 0.464 0.753
235.680 18 0.220 0.325 0.464 0.761
235.720 18 0.233 0.331 0.478 0.767
235.760 18 0.247 0.333 0.492 0.767
235.800 18 0.259 0.336 0.506 0.775
235.840 18 0.272 0.336 0.520 0.778
235.880 18 0.284 0.339 0.536 0.786
234.800 19 0.828 -0.039 0.884 0.075
234.840 19 0.827 -0.039 0.884 0.075
234.880 19 0.823 -0.039 0.881 0.072
234.920 19 0.820 -0.042 0.878 0.072
234.960 19 0.817 -0.042 0.875 0.072
235.000 19 0.814 -0.044 0.872 0.069
235.040 19 0.808 -0.044 0.866 0.069
235.080 19 0.803 -0.044 0.859 0.069
235.120 19 0.797 -0.047 0.855 0.067
235.160 19 0.791 -0.047 0.848 0.067
235.200 19 0.784 -0.050 0.842 0.067
235.240 19 0.778 -0.050 0.838 0.064
235.280 19 0.773 -0.050 0.831 0.067
235.320 19 0.766 -0.050 0.825 0.067
235.360 19 0.759 -0.044 0.819 0.072
235.400 19 0.753 -0.044 0.812 0.072
235.440 19 0.748 -0.042 0.806 0.075
235.480 19 0.742 -0.039 0.802 0.078
235.520 19 0.738 -0.033 0.797 0.081
235.560 19 0.731 -0.031 0.791 0.086
235.600 19 0.725 -0.028 0.784 0.089
235.640 19 0.720 -0.019 0.778 0.094
235.680 19 0.714 -0.017 0.773 0.100
235.720 19 0.709 -0.011 0.767 0.103
235.760 19 0.705 -0.011 0.764 0.106
235.800 19 0.702 -0.014 0.761 0.103
235.840 19 0.698 -0.011 0.758 0.106
235.880 19 0.694 -0.011 0.755 0.108
235.920 19 0.691 -0.011 0.748 0.100
235.960 19 0.688 -0.017 0.744 0.097
236.000 19 0.683 -0.017 0.739 0.094
236.040 19 0.678 -0.017 0.734 0.092
236.080 19 0.673 -0.017 0.730 0.094
236.120 19 0.669 -0.019 0.727 0.094
236.160 19 0.667 -0.019 0.722 0.092
236.200 19 0.662 -0.017 0.717 0.092
236.240 19 0.656 -0.017 0.713 0.094
236.280 19 0.653 -0.014 0.708 0.094
236.320 19 0.647 -0.014 0.703 0.097
236.360 19 0.642 -0.014 0.697 0.094
236.400 19 0.637 -0.017 0.692 0.092
236.440 19 0.631 -0.017 0.688 0.092
236.480 19 0.627 -0.025 0.684 0.089
236.520 19 0.622 -0.025 0.680 0.086
236.560 19 0.620 -0.025 0.677 0.086
236.600 19 0.619 -0.022 0.673 0.086
236.640 19 0.614 -0.022 0.670 0.089
236.680 19 0.611 -0.022 0.667 0.089
236.720 19 0.608 -0.022 0.664 0.089
236.760 19 0.603 -0.022 0.659 0.089
236.800 19 0.600 -0.022 0.655 0.086
236.840 19 0.598 -0.019 0.653 0.086
236.880 19 0.597 -0.017 0.652 0.092
236.920 19 0.595 -0.019 0.648 0.089
236.960 19 0.592 -0.017 0.647 0.089
237.000 19 0.594 -0.017 0.648 0.092
237.040 19 0.592 -0.017 0.647 0.092
237.080 19 0.591 -0.017 0.645 0.089
237.120 19 0.592 -0.017 0.645 0.089
237.160 19 0.591 -0.014 0.644 0.092
237.200 19 0.591 -0.008 0.644 0.094
237.240 19 0.591 -0.008 0.644 0.097
237.280 19 0.588 -0.008 0.641 0.097
237.320 19 0.588 -0.006 0.641 0.097
237.360 19 0.588 -0.003 0.641 0.100
237.400 19 0.584 0.000 0.639 0.106
237.440 19 0.583 0.000 0.636 0.103
237.480 19 0.583 0.000 0.636 0.103
237.520 19 0.581 0.000 0.633 0.103
237.560 19 0.581 0.000 0.634 0.103
237.600 19 0.580 -0.003 0.633 0.100
237.640 19 0.575 -0.003 0.628 0.100
237.680 19 0.572 -0.006 0.625 0.100
237.720 19 0.564 -0.006 0.619 0.103
237.760 19 0.555 -0.006 0.608 0.100
237.800 19 0.542 -0.006 0.595 0.100
237.840 19 0.525 -0.008 0.578 0.094
237.880 19 0.506 -0.011 0.559 0.094
237.920 19 0.484 -0.011 0.536 0.092
235.280 20 0.963 0.244 1.059 0.419
235.320 20 0.956 0.244 1.055 0.422
235.360 20 0.950 0.247 1.048 0.425
235.400 20 0.944 0.247 1.044 0.428
235.440 20 0.938 0.250 1.036 0.428
235.480 20 0.931 0.253 1.030 0.431
235.520 20 0.927 0.256 1.023 0.431
235.560 20 0.922 0.261 1.019 0.436
235.600 20 0.916 0.261 1.014 0.439
235.640 20 0.911 0.267 1.011 0.447
235.680 20 0.906 0.269 1.005 0.447
235.720 20 0.903 0.272 1.002 0.450
235.760 20 0.903 0.275 1.000 0.447
235.800 20 0.898 0.272 0.995 0.447
235.840 20 0.897 0.272 0.992 0.444
235.880 20 0.891 0.267 0.989 0.442
235.920 20 0.889 0.261 0.989 0.442
235.960 20 0.881 0.258 0.986 0.444
236.000 20 0.880 0.258 0.977 0.433
236.040 20 0.880 0.264 0.967 0.422
236.080 20 0.875 0.264 0.964 0.425
236.120 20 0.872 0.264 0.961 0.425
236.160 20 0.866 0.264 0.956 0.425
236.200 20 0.861 0.264 0.950 0.425
236.240 20 0.856 0.267 0.947 0.431
236.280 20 0.852 0.269 0.942 0.431
236.320 20 0.847 0.269 0.936 0.431
236.360 20 0.842 0.267 0.931 0.428
236.400 20 0.838 0.264 0.927 0.425
236.440 20 0.831 0.264 0.920 0.422
236.480 20 0.830 0.261 0.919 0.419
236.520 20 0.823 0.258 0.912 0.419
236.560 20 0.822 0.258 0.911 0.419
236.600 20 0.819 0.261 0.906 0.417
236.640 20 0.814 0.261 0.903 0.419
236.680 20 0.812 0.261 0.898 0.417
236.720 20 0.806 0.258 0.894 0.417
236.760 20 0.802 0.261 0.889 0.419
236.800 20 0.802 0.261 0.887 0.414
236.840 20 0.798 0.258 0.884 0.414
236.880 20 0.797 0.261 0.883 0.414
236.920 20 0.794 0.258 0.883 0.417
236.960 20 0.794 0.261 0.880 0.417
237.000 20 0.795 0.264 0.877 0.408
237.040 20 0.792 0.264 0.873 0.408
237.080 20 0.792 0.264 0.875 0.408
237.120 20 0.791 0.267 0.872 0.408
237.160 20 0.789 0.269 0.870 0.414
237.200 20 0.791 0.272 0.872 0.417
237.240 20 0.787 0.275 0.869 0.419
237.280 20 0.784 0.275 0.866 0.419
237.320 20 0.786 0.275 0.866 0.419
237.360 20 0.783 0.281 0.864 0.425
237.400 20 0.780 0.281 0.861 0.425
237.440 20 0.777 0.281 0.858 0.425
237.480 20 0.778 0.283 0.858 0.425
237.520 20 0.775 0.283 0.855 0.425
237.560 20 0.773 0.283 0.853 0.425
237.600 20 0.773 0.281 0.853 0.422
237.640 20 0.767 0.281 0.847 0.422
237.680 20 0.761 0.283 0.839 0.422
237.720 20 0.755 0.281 0.833 0.419
237.760 20 0.744 0.281 0.822 0.419
237.800 20 0.727 0.281 0.803 0.419
237.840 20 0.709 0.278 0.787 0.417
237.880 20 0.686 0.275 0.764 0.414
237.920 20 0.661 0.267 0.739 0.406
235.760 21 0.236 0.333 0.480 0.767
235.800 21 0.239 0.319 0.494 0.772
235.840 21 0.261 0.328 0.512 0.772
235.880 21 0.269 0.325 0.522 0.775
235.920 21 0.286 0.322 0.531 0.761
235.960 21 0.286 0.317 0.530 0.750
236.000 21 0.283 0.314 0.525 0.744
236.040 21 0.280 0.314 0.519 0.739
236.080 21 0.278 0.311 0.517 0.733
236.120 21 0.289 0.314 0.522 0.728
236.160 21 0.298 0.311 0.530 0.722
236.200 21 0.305 0.314 0.533 0.719
236.240 21 0.300 0.311 0.530 0.722
236.280 21 0.294 0.314 0.522 0.719
236.320 21 0.286 0.314 0.516 0.719
236.360 21 0.283 0.308 0.514 0.717
236.400 21 0.273 0.308 0.500 0.711
236.440 21 0.281 0.308 0.506 0.711
236.480 21 0.273 0.303 0.503 0.711
236.520 21 0.281 0.303 0.508 0.706
236.560 21 0.278 0.306 0.502 0.700
236.600 21 0.275 0.308 0.495 0.703
236.640 21 0.277 0.311 0.498 0.706
236.680 21 0.275 0.311 0.497 0.706
236.720 21 0.267 0.311 0.489 0.706
236.760 21 0.269 0.314 0.491 0.708
236.800 21 0.275 0.317 0.494 0.706
236.840 21 0.269 0.317 0.486 0.703
236.880 21 0.283 0.322 0.497 0.703
236.920 21 0.295 0.325 0.509 0.706
238.000 22 0.603 0.272 0.670 0.392
238.200 23 0.769 0.311 1.008 0.742
238.240 23 0.722 0.306 0.964 0.739
238.280 23 0.677 0.300 0.917 0.733
238.320 23 0.639 0.311 0.875 0.733
238.360 23 0.603 0.303 0.842 0.731
238.400 23 0.575 0.308 0.812 0.733
238.440 23 0.552 0.314 0.789 0.739
238.480 23 0.547 0.325 0.778 0.739
238.520 23 0.534 0.322 0.766 0.736
238.560 23 0.520 0.317 0.755 0.733
238.600 23 0.519 0.311 0.752 0.728
238.640 23 0.505 0.300 0.739 0.719
238.680 23 0.505 0.297 0.738 0.711
238.720 23 0.492 0.289 0.727 0.708
238.760 23 0.492 0.289 0.725 0.703
238.800 23 0.477 0.275 0.717 0.708
238.840 23 0.470 0.261 0.720 0.708
238.880 23 0.458 0.261 0.708 0.708
238.920 23 0.450 0.244 0.714 0.717
238.960 23 0.448 0.261 0.700 0.711
239.000 23 0.445 0.267 0.686 0.697
239.040 23 0.442 0.275 0.672 0.683
239.080 23 0.441 0.267 0.680 0.694
239.120 23 0.438 0.264 0.678 0.694
239.160 23 0.438 0.264 0.677 0.692
239.200 23 0.436 0.261 0.677 0.689
239.240 23 0.434 0.258 0.675 0.686
239.280 23 0.433 0.256 0.673 0.683
239.320 23 0.433 0.253 0.673 0.683
239.360 23 0.433 0.253 0.672 0.681
239.400 23 0.431 0.250 0.672 0.681
239.440 23 0.438 0.247 0.678 0.678
239.480 23 0.434 0.247 0.675 0.678
239.520 23 0.441 0.244 0.684 0.681
239.560 23 0.439 0.242 0.681 0.675
239.600 23 0.450 0.244 0.688 0.669
239.640 23 0.445 0.236 0.688 0.669
239.680 23 0.455 0.239 0.694 0.667
239.720 23 0.448 0.233 0.691 0.667
239.760 23 0.442 0.236 0.684 0.669
239.800 23 0.445 0.242 0.686 0.672
239.840 23 0.436 0.242 0.680 0.678
239.880 23 0.441 0.247 0.681 0.678
239.920 23 0.434 0.247 0.675 0.678
239.960 23 0.445 0.250 0.686 0.681
238.360 24 0.514 0.156 0.580 0.272
238.400 24 0.491 0.156 0.558 0.275
238.440 24 0.473 0.164 0.541 0.281
238.480 24 0.459 0.158 0.527 0.278
238.520 24 0.453 0.161 0.520 0.278
238.560 24 0.445 0.153 0.511 0.272
238.600 24 0.439 0.147 0.505 0.264
238.640 24 0.433 0.142 0.498 0.258
238.680 24 0.430 0.136 0.495 0.253
238.720 24 0.422 0.128 0.489 0.247
238.760 24 0.423 0.128 0.491 0.244
238.800 24 0.419 0.122 0.486 0.242
238.840 24 0.412 0.117 0.481 0.239
238.880 24 0.412 0.114 0.481 0.236
238.920 24 0.409 0.114 0.478 0.233
238.960 24 0.408 0.114 0.475 0.233
239.000 24 0.408 0.114 0.475 0.233
239.040 24 0.409 0.114 0.477 0.233
239.080 24 0.409 0.111 0.475 0.231
239.120 24 0.411 0.108 0.478 0.228
239.160 24 0.411 0.108 0.478 0.225
239.200 24 0.412 0.106 0.480 0.225
239.240 24 0.412 0.106 0.480 0.222
239.280 24 0.414 0.103 0.481 0.222
239.320 24 0.412 0.100 0.480 0.219
239.360 24 0.412 0.100 0.480 0.222
239.400 24 0.414 0.100 0.481 0.219
239.440 24 0.414 0.100 0.481 0.219
239.480 24 0.417 0.100 0.484 0.219
239.520 24 0.419 0.097 0.487 0.219
239.560 24 0.422 0.097 0.489 0.217
239.600 24 0.423 0.094 0.492 0.217
239.640 24 0.425 0.092 0.494 0.214
239.680 24 0.428 0.089 0.497 0.211
239.720 24 0.427 0.089 0.495 0.211
239.760 24 0.425 0.089 0.494 0.211
239.800 24 0.425 0.092 0.494 0.211
239.840 24 0.420 0.089 0.491 0.211
239.880 24 0.422 0.092 0.491 0.214
239.920 24 0.422 0.092 0.491 0.214
239.960 24 0.422 0.092 0.491 0.214
238.440 25 0.223 0.244 0.302 0.383
238.480 25 0.211 0.247 0.287 0.386
238.520 25 0.200 0.244 0.280 0.386
238.560 25 0.192 0.239 0.270 0.381
238.600 25 0.183 0.233 0.264 0.375
238.640 25 0.175 0.225 0.256 0.369
238.680 25 0.169 0.219 0.250 0.364
238.720 25 0.163 0.217 0.244 0.361
238.760 25 0.159 0.214 0.237 0.356
238.800 25 0.156 0.217 0.233 0.353
238.840 25 0.150 0.211 0.227 0.350
238.880 25 0.142 0.206 0.222 0.347
238.920 25 0.138 0.200 0.217 0.344
238.960 25 0.134 0.203 0.216 0.347
239.000 25 0.130 0.200 0.211 0.344
239.040 25 0.128 0.200 0.209 0.344
239.080 25 0.127 0.197 0.208 0.342
239.120 25 0.127 0.194 0.208 0.339
239.160 25 0.127 0.192 0.208 0.339
239.200 25 0.125 0.192 0.208 0.336
239.240 25 0.125 0.189 0.206 0.333
239.280 25 0.123 0.189 0.205 0.333
239.320 25 0.123 0.186 0.205 0.331
239.360 25 0.120 0.186 0.202 0.331
239.400 25 0.120 0.186 0.202 0.331
239.440 25 0.120 0.186 0.202 0.331
239.480 25 0.123 0.183 0.205 0.331
239.520 25 0.122 0.183 0.205 0.331
239.560 25 0.125 0.181 0.208 0.328
239.600 25 0.123 0.178 0.206 0.325
239.640 25 0.127 0.175 0.209 0.322
239.680 25 0.123 0.172 0.205 0.319
239.720 25 0.127 0.172 0.208 0.314
239.760 25 0.120 0.172 0.202 0.317
239.800 25 0.117 0.172 0.198 0.314
239.840 25 0.111 0.169 0.192 0.314
240.000 26 0.259 0.050 0.677 0.792
240.040 26 0.278 0.089 0.664 0.775
240.080 26 0.287 0.086 0.662 0.753
240.120 26 0.289 0.067 0.672 0.750
240.160 26 0.295 0.067 0.675 0.742
240.200 26 0.300 0.058 0.680 0.731
240.240 26 0.309 0.061 0.688 0.733
240.280 26 0.311 0.064 0.688 0.733
240.320 26 0.323 0.067 0.698 0.733
240.360 26 0.323 0.075 0.694 0.733
240.400 26 0.334 0.078 0.705 0.736
240.440 26 0.328 0.081 0.700 0.742
240.480 26 0.331 0.083 0.703 0.744
240.520 26 0.328 0.089 0.703 0.753
240.560 26 0.327 0.092 0.705 0.764
240.600 26 0.320 0.092 0.705 0.775
240.640 26 0.319 0.103 0.702 0.786
240.680 26 0.323 0.114 0.706 0.794
240.720 26 0.319 0.122 0.698 0.794
240.760 26 0.327 0.133 0.700 0.797
240.800 26 0.322 0.136 0.694 0.794
240.840 26 0.331 0.139 0.702 0.797
240.880 26 0.317 0.133 0.694 0.803
240.920 26 0.320 0.131 0.703 0.811
240.960 26 0.316 0.128 0.697 0.806
241.000 26 0.331 0.178 0.680 0.797
241.040 26 0.336 0.161 0.683 0.775
241.080 26 0.334 0.161 0.680 0.775
241.120 26 0.327 0.156 0.677 0.778
241.160 26 0.323 0.161 0.670 0.778
241.200 26 0.317 0.169 0.666 0.789
241.240 26 0.311 0.183 0.659 0.806
241.280 26 0.305 0.197 0.650 0.811
241.320 26 0.298 0.206 0.645 0.822
241.360 26 0.295 0.206 0.641 0.819
241.400 26 0.300 0.203 0.644 0.814
241.440 26 0.295 0.203 0.637 0.811
241.480 26 0.303 0.200 0.648 0.814
241.520 26 0.297 0.200 0.642 0.811
241.560 26 0.306 0.197 0.652 0.811
241.600 26 0.300 0.194 0.647 0.811
241.640 26 0.305 0.194 0.650 0.808
241.680 26 0.305 0.194 0.650 0.808
241.720 26 0.303 0.189 0.650 0.808
241.760 26 0.302 0.189 0.650 0.808
241.800 26 0.300 0.192 0.648 0.811
241.840 26 0.298 0.194 0.645 0.811
241.880 26 0.297 0.197 0.642 0.811
241.920 26 0.294 0.197 0.641 0.814
241.960 26 0.292 0.197 0.637 0.814
242.000 26 0.294 0.178 0.642 0.797
242.040 26 0.281 0.200 0.628 0.817
242.080 26 0.286 0.203 0.630 0.814
242.120 26 0.286 0.203 0.630 0.814
242.160 26 0.286 0.194 0.636 0.817
242.200 26 0.281 0.194 0.628 0.808
242.240 26 0.294 0.192 0.636 0.803
242.280 26 0.287 0.192 0.630 0.800
242.320 26 0.297 0.189 0.639 0.797
242.360 26 0.291 0.189 0.631 0.794
242.400 26 0.297 0.183 0.641 0.794
242.440 26 0.286 0.181 0.630 0.789
242.480 26 0.298 0.175 0.639 0.783
242.520 26 0.287 0.172 0.627 0.775
242.560 26 0.294 0.158 0.637 0.769
242.600 26 0.289 0.150 0.633 0.761
242.640 26 0.300 0.142 0.644 0.753
242.680 26 0.294 0.128 0.644 0.747
242.720 26 0.303 0.117 0.656 0.742
242.760 26 0.314 0.108 0.667 0.736
242.800 26 0.309 0.097 0.666 0.733
242.840 26 0.322 0.092 0.677 0.725
242.880 26 0.319 0.086 0.675 0.717
242.920 26 0.333 0.086 0.684 0.711
242.960 26 0.327 0.078 0.683 0.711
243.000 26 0.331 0.108 0.680 0.728
243.040 26 0.325 0.072 0.698 0.736
243.080 26 0.328 0.078 0.700 0.739
243.120 26 0.333 0.089 0.702 0.744
243.160 26 0.333 0.094 0.706 0.756
243.200 26 0.333 0.103 0.706 0.767
243.240 26 0.334 0.108 0.708 0.772
243.280 26 0.336 0.114 0.708 0.775
243.320 26 0.336 0.119 0.708 0.778
243.360 26 0.336 0.125 0.703 0.778
243.400 26 0.331 0.125 0.702 0.783
243.440 26 0.328 0.128 0.698 0.786
243.480 26 0.334 0.133 0.703 0.792
243.520 26 0.325 0.139 0.695 0.797
243.560 26 0.330 0.144 0.698 0.803
243.600 26 0.320 0.150 0.691 0.808
243.640 26 0.327 0.156 0.694 0.811
243.680 26 0.319 0.161 0.684 0.811
243.720 26 0.323 0.169 0.691 0.819
243.760 26 0.320 0.178 0.678 0.814
243.800 26 0.331 0.186 0.689 0.822
243.840 26 0.325 0.192 0.675 0.814
243.880 26 0.333 0.192 0.681 0.811
243.920 26 0.330 0.200 0.672 0.808
243.960 26 0.333 0.200 0.675 0.808
244.000 26 0.331 0.178 0.680 0.797
244.040 26 0.339 0.189 0.692 0.817
244.080 26 0.344 0.194 0.694 0.817
244.120 26 0.331 0.192 0.681 0.811
244.160 26 0.339 0.192 0.694 0.822
244.200 26 0.325 0.186 0.686 0.825
244.240 26 0.336 0.192 0.689 0.822
244.280 26 0.325 0.192 0.680 0.822
244.320 26 0.331 0.192 0.683 0.819
244.360 26 0.319 0.186 0.669 0.811
244.400 26 0.314 0.181 0.664 0.803
244.440 26 0.295 0.172 0.645 0.794
244.480 26 0.291 0.181 0.639 0.797
244.520 26 0.286 0.178 0.633 0.797
244.560 26 0.284 0.181 0.625 0.786
244.600 26 0.284 0.181 0.623 0.786
244.640 26 0.283 0.181 0.625 0.786
244.680 26 0.284 0.183 0.623 0.786
244.720 26 0.284 0.183 0.623 0.786
244.760 26 0.284 0.181 0.627 0.792
244.800 26 0.283 0.181 0.628 0.794
244.840 26 0.284 0.186 0.627 0.794
244.880 26 0.292 0.194 0.628 0.792
244.920 26 0.275 0.181 0.622 0.797
244.960 26 0.281 0.172 0.631 0.792
245.000 26 0.294 0.178 0.642 0.797
245.040 26 0.311 0.178 0.664 0.806
245.080 26 0.320 0.161 0.678 0.800
245.120 26 0.319 0.158 0.681 0.803
245.160 26 0.328 0.153 0.695 0.806
245.200 26 0.323 0.147 0.694 0.806
245.240 26 0.325 0.144 0.698 0.808
245.280 26 0.328 0.147 0.700 0.806
245.320 26 0.330 0.144 0.702 0.808
245.360 26 0.341 0.144 0.713 0.808
245.400 26 0.320 0.125 0.708 0.814
245.440 26 0.327 0.142 0.706 0.819
245.480 26 0.327 0.144 0.705 0.819
245.520 26 0.327 0.144 0.703 0.814
245.560 26 0.327 0.144 0.703 0.814
245.600 26 0.327 0.147 0.703 0.814
245.640 27 0.203 0.153 0.489 0.661
245.680 27 0.209 0.142 0.498 0.653
245.720 27 0.192 0.133 0.484 0.650
245.760 27 0.200 0.128 0.494 0.647
245.800 27 0.192 0.128 0.487 0.653
245.840 27 0.188 0.131 0.473 0.639
245.880 27 0.188 0.125 0.484 0.653
245.920 27 0.169 0.128 0.469 0.664
245.960 27 0.184 0.136 0.484 0.669
246.000 27 0.180 0.147 0.470 0.664
246.040 27 0.170 0.169 0.461 0.686
246.080 27 0.172 0.164 0.464 0.686
246.120 27 0.169 0.158 0.464 0.686
246.160 27 0.166 0.158 0.463 0.689
246.200 27 0.161 0.156 0.463 0.692
246.240 27 0.158 0.147 0.459 0.683
246.280 27 0.144 0.144 0.442 0.672
246.320 27 0.142 0.144 0.439 0.669
246.360 27 0.133 0.147 0.430 0.675
246.400 27 0.134 0.150 0.430 0.675
246.440 27 0.139 0.144 0.433 0.667
246.480 27 0.147 0.139 0.442 0.664
246.520 27 0.158 0.136 0.452 0.658
246.560 27 0.172 0.139 0.464 0.658
246.600 27 0.170 0.142 0.463 0.661
246.640 27 0.177 0.147 0.470 0.669
246.680 27 0.172 0.156 0.466 0.675
246.720 27 0.177 0.161 0.469 0.683
246.760 27 0.178 0.169 0.472 0.689
246.800 27 0.180 0.172 0.473 0.694
246.840 27 0.181 0.178 0.473 0.697
246.880 27 0.183 0.178 0.475 0.697
246.920 27 0.192 0.178 0.484 0.694
246.960 27 0.198 0.178 0.491 0.697
247.000 27 0.211 0.206 0.502 0.722
247.040 27 0.234 0.203 0.523 0.717
247.080 27 0.252 0.217 0.537 0.725
247.120 27 0.269 0.219 0.553 0.725
246.840 28 0.964 0.092 1.030 0.208
246.880 28 0.956 0.094 1.023 0.214
246.920 28 0.952 0.094 1.019 0.214
246.960 28 0.945 0.094 1.014 0.217
247.000 28 0.941 0.100 1.008 0.219
247.040 28 0.934 0.097 1.008 0.228
247.080 28 0.931 0.100 1.005 0.231
247.120 28 0.927 0.103 1.000 0.233
247.160 28 0.922 0.103 0.997 0.236
247.200 28 0.917 0.103 0.991 0.236
247.240 28 0.912 0.103 0.988 0.233
247.280 28 0.908 0.103 0.981 0.233
247.320 28 0.903 0.103 0.977 0.233
247.360 28 0.898 0.106 0.972 0.236
247.400 28 0.897 0.108 0.969 0.236
247.440 28 0.892 0.106 0.964 0.236
247.480 28 0.889 0.108 0.963 0.239
247.520 28 0.886 0.108 0.959 0.236
247.560 28 0.883 0.108 0.956 0.239
247.600 28 0.881 0.106 0.953 0.236
247.640 28 0.877 0.106 0.948 0.236
247.680 28 0.873 0.108 0.947 0.239
247.720 28 0.870 0.106 0.944 0.239
247.760 28 0.866 0.106 0.941 0.236
247.800 28 0.864 0.103 0.939 0.236
247.840 28 0.863 0.103 0.938 0.236
247.880 28 0.859 0.106 0.933 0.239
247.920 28 0.858 0.106 0.931 0.239
247.960 28 0.855 0.108 0.928 0.236
248.000 28 0.850 0.103 0.931 0.247
248.040 28 0.845 0.097 0.928 0.244
248.080 28 0.842 0.097 0.925 0.244
248.120 28 0.842 0.100 0.925 0.247
248.160 28 0.841 0.100 0.922 0.247
248.200 28 0.839 0.103 0.920 0.247
248.240 28 0.836 0.106 0.917 0.250
248.280 28 0.833 0.103 0.916 0.250
248.320 28 0.833 0.108 0.914 0.253
248.360 28 0.831 0.111 0.912 0.256
248.400 28 0.830 0.111 0.911 0.256
248.440 28 0.825 0.114 0.908 0.261
248.480 28 0.825 0.114 0.906 0.258
248.520 28 0.823 0.114 0.906 0.261
248.560 28 0.823 0.117 0.905 0.261
248.600 28 0.822 0.117 0.903 0.261
248.640 28 0.822 0.119 0.903 0.264
248.680 28 0.820 0.122 0.902 0.267
248.720 28 0.819 0.128 0.900 0.269
248.760 28 0.817 0.128 0.898 0.272
248.800 28 0.819 0.131 0.900 0.275
248.840 28 0.819 0.131 0.898 0.272
248.880 28 0.817 0.131 0.898 0.272
248.920 28 0.817 0.131 0.897 0.272
248.960 28 0.817 0.131 0.897 0.272
249.000 28 0.814 0.119 0.895 0.264
249.040 28 0.819 0.125 0.895 0.261
249.080 28 0.819 0.119 0.894 0.253
249.120 28 0.817 0.114 0.894 0.247
249.160 28 0.816 0.108 0.892 0.247
249.200 28 0.812 0.111 0.889 0.247
249.240 28 0.809 0.114 0.886 0.247
249.280 28 0.806 0.114 0.883 0.247
249.320 28 0.802 0.114 0.880 0.253
249.360 28 0.802 0.119 0.877 0.250
249.400 28 0.798 0.122 0.873 0.253
249.440 28 0.795 0.122 0.870 0.253
249.480 28 0.791 0.122 0.866 0.253
249.520 28 0.789 0.122 0.864 0.256
249.560 28 0.786 0.128 0.861 0.258
249.600 28 0.784 0.131 0.859 0.261
249.640 28 0.783 0.133 0.856 0.264
249.680 28 0.783 0.136 0.858 0.269
249.720 28 0.781 0.136 0.858 0.272
249.760 28 0.781 0.139 0.856 0.269
249.800 28 0.780 0.139 0.855 0.269
249.840 28 0.780 0.139 0.853 0.269
249.880 28 0.780 0.139 0.852 0.267
249.920 28 0.778 0.136 0.852 0.264
249.960 28 0.778 0.133 0.850 0.261
250.000 28 0.783 0.139 0.850 0.258
250.040 28 0.781 0.133 0.850 0.258
250.080 28 0.780 0.133 0.848 0.256
250.120 28 0.780 0.131 0.848 0.253
250.160 28 0.778 0.131 0.847 0.253
250.200 28 0.778 0.133 0.845 0.253
250.240 28 0.775 0.136 0.842 0.256
250.280 28 0.777 0.136 0.844 0.256
250.320 28 0.773 0.136 0.841 0.256
250.360 28 0.773 0.139 0.839 0.256
250.400 28 0.772 0.139 0.839 0.258
250.440 28 0.770 0.142 0.836 0.258
250.480 28 0.770 0.144 0.838 0.261
250.520 28 0.770 0.147 0.836 0.264
250.560 28 0.769 0.150 0.834 0.267
250.600 28 0.773 0.150 0.839 0.269
250.640 28 0.772 0.150 0.838 0.269
250.680 28 0.775 0.153 0.841 0.269
250.720 28 0.778 0.150 0.842 0.267
250.760 28 0.780 0.150 0.845 0.267
250.800 28 0.781 0.150 0.847 0.267
250.840 28 0.781 0.147 0.845 0.264
250.880 28 0.783 0.147 0.848 0.264
250.920 28 0.783 0.147 0.847 0.264
250.960 28 0.784 0.144 0.850 0.261
251.000 28 0.783 0.139 0.850 0.258
251.040 28 0.783 0.133 0.850 0.253
251.080 28 0.783 0.133 0.850 0.253
251.120 28 0.784 0.133 0.852 0.253
251.160 28 0.783 0.131 0.852 0.253
251.200 28 0.786 0.133 0.853 0.253
251.240 28 0.786 0.133 0.853 0.256
251.280 28 0.787 0.133 0.855 0.256
251.320 28 0.791 0.136 0.856 0.256
251.360 28 0.791 0.136 0.858 0.256
251.400 28 0.792 0.139 0.858 0.258
251.440 28 0.794 0.142 0.859 0.258
251.480 28 0.794 0.142 0.861 0.261
251.520 28 0.794 0.144 0.861 0.264
251.560 28 0.794 0.144 0.863 0.267
251.600 28 0.795 0.147 0.863 0.267
251.640 28 0.795 0.147 0.864 0.269
251.680 28 0.797 0.150 0.864 0.269
251.720 28 0.797 0.153 0.864 0.272
251.760 28 0.797 0.153 0.864 0.272
251.800 28 0.798 0.153 0.866 0.275
251.840 28 0.797 0.153 0.866 0.275
251.880 28 0.797 0.153 0.866 0.275
251.920 28 0.798 0.153 0.866 0.275
251.960 28 0.798 0.156 0.867 0.275
252.000 28 0.798 0.153 0.866 0.272
252.040 28 0.798 0.153 0.866 0.272
252.080 28 0.802 0.153 0.867 0.272
252.120 28 0.798 0.156 0.864 0.272
252.160 28 0.798 0.153 0.866 0.275
252.200 28 0.800 0.153 0.867 0.272
252.240 28 0.797 0.150 0.864 0.272
252.280 28 0.798 0.150 0.867 0.269
252.320 28 0.798 0.147 0.866 0.269
252.360 28 0.797 0.150 0.864 0.269
252.400 28 0.800 0.150 0.866 0.269
252.440 28 0.797 0.150 0.863 0.267
252.480 28 0.795 0.150 0.864 0.269
252.520 28 0.794 0.150 0.861 0.269
252.560 28 0.797 0.150 0.863 0.269
252.600 28 0.794 0.153 0.859 0.269
252.640 28 0.794 0.150 0.859 0.267
252.680 28 0.792 0.147 0.858 0.264
259.000 29 0.205 0.167 0.273 0.286
259.040 29 0.188 0.156 0.256 0.275
259.080 29 0.172 0.142 0.242 0.264
259.120 29 0.161 0.133 0.230 0.253
259.160 29 0.150 0.125 0.217 0.242
259.200 29 0.142 0.114 0.209 0.233
259.240 29 0.134 0.108 0.203 0.228
259.280 29 0.125 0.103 0.194 0.222
259.320 29 0.113 0.100 0.181 0.219
259.360 29 0.103 0.100 0.170 0.217
259.400 29 0.089 0.100 0.158 0.217
262.760 30 0.409 0.161 0.706 0.689
262.800 30 0.409 0.158 0.702 0.678
262.840 30 0.409 0.156 0.702 0.675
262.880 30 0.411 0.156 0.700 0.669
262.920 30 0.409 0.153 0.698 0.667
262.960 30 0.406 0.150 0.695 0.664
263.000 30 0.405 0.147 0.695 0.664
263.040 30 0.414 0.144 0.700 0.653
263.080 30 0.417 0.150 0.705 0.661
263.120 30 0.406 0.156 0.695 0.669
263.160 30 0.409 0.161 0.700 0.678
263.200 30 0.398 0.161 0.692 0.683
263.240 30 0.403 0.167 0.695 0.683
263.280 30 0.394 0.164 0.688 0.686
263.320 30 0.397 0.164 0.694 0.692
263.360 30 0.389 0.164 0.684 0.689
263.400 30 0.394 0.164 0.688 0.686
263.440 30 0.392 0.161 0.686 0.683
263.480 30 0.389 0.164 0.678 0.678
263.520 30 0.397 0.169 0.681 0.675
263.560 30 0.392 0.172 0.678 0.681
263.600 30 0.395 0.175 0.681 0.683
263.640 30 0.392 0.178 0.680 0.689
263.680 30 0.391 0.181 0.678 0.692
263.720 30 0.391 0.183 0.677 0.694
263.760 30 0.388 0.186 0.673 0.692
263.800 30 0.391 0.186 0.678 0.694
263.840 30 0.391 0.189 0.680 0.700
263.880 30 0.392 0.192 0.680 0.706
263.920 30 0.392 0.197 0.681 0.714
263.960 30 0.389 0.206 0.678 0.722
264.000 30 0.405 0.206 0.695 0.722
264.040 30 0.394 0.186 0.702 0.733
264.080 30 0.397 0.197 0.705 0.747
264.120 30 0.400 0.208 0.708 0.756
264.160 30 0.402 0.211 0.711 0.761
264.200 30 0.416 0.219 0.719 0.758
264.240 30 0.414 0.203 0.720 0.744
264.280 30 0.420 0.186 0.728 0.733
264.320 30 0.427 0.169 0.736 0.719
264.360 30 0.433 0.161 0.738 0.703
264.400 30 0.436 0.147 0.739 0.689
264.440 30 0.442 0.136 0.745 0.678
264.480 30 0.436 0.133 0.738 0.667
264.520 30 0.441 0.128 0.739 0.658
264.560 30 0.441 0.128 0.739 0.658
264.600 30 0.441 0.136 0.736 0.661
264.640 30 0.445 0.139 0.739 0.664
264.680 30 0.438 0.144 0.730 0.664
264.720 30 0.444 0.144 0.734 0.664
264.760 30 0.431 0.147 0.722 0.664
264.800 30 0.436 0.156 0.723 0.667
264.840 30 0.428 0.164 0.716 0.675
264.880 30 0.433 0.169 0.723 0.686
264.920 30 0.431 0.175 0.720 0.689
264.960 30 0.439 0.172 0.723 0.678
265.000 30 0.438 0.147 0.728 0.664
265.040 30 0.448 0.181 0.711 0.647
265.080 30 0.448 0.181 0.708 0.644
265.120 30 0.458 0.183 0.716 0.644
265.160 30 0.448 0.183 0.708 0.644
265.200 30 0.455 0.183 0.716 0.644
265.240 30 0.455 0.189 0.709 0.639
265.280 30 0.461 0.189 0.716 0.642
265.320 30 0.455 0.192 0.709 0.644
265.360 30 0.458 0.197 0.711 0.647
265.400 30 0.447 0.192 0.705 0.653
265.440 30 0.450 0.192 0.706 0.650
265.480 30 0.442 0.189 0.698 0.644
265.520 30 0.445 0.183 0.700 0.636
265.560 30 0.450 0.183 0.700 0.631
265.600 30 0.450 0.183 0.700 0.628
265.640 30 0.452 0.186 0.703 0.633
265.680 30 0.456 0.189 0.706 0.633
265.720 30 0.458 0.186 0.709 0.636
265.760 30 0.459 0.186 0.713 0.636
265.800 30 0.461 0.189 0.716 0.639
265.840 30 0.461 0.194 0.714 0.644
265.880 30 0.458 0.197 0.711 0.647
265.920 30 0.464 0.194 0.722 0.653
265.960 30 0.461 0.192 0.722 0.656
266.000 30 0.472 0.219 0.714 0.650
266.040 30 0.484 0.217 0.733 0.658
266.080 30 0.487 0.217 0.739 0.664
266.120 30 0.489 0.214 0.744 0.667
266.160 30 0.492 0.214 0.744 0.664
266.200 30 0.491 0.214 0.742 0.661
266.240 30 0.494 0.214 0.747 0.664
266.280 30 0.489 0.211 0.741 0.661
266.320 30 0.489 0.211 0.742 0.661
266.360 30 0.483 0.214 0.733 0.658
266.400 30 0.483 0.214 0.736 0.664
266.440 30 0.477 0.214 0.727 0.661
266.480 30 0.475 0.214 0.727 0.664
266.520 30 0.472 0.214 0.725 0.664
266.560 30 0.466 0.214 0.720 0.667
266.600 30 0.466 0.214 0.720 0.669
266.640 30 0.461 0.217 0.714 0.669
266.680 30 0.463 0.217 0.716 0.667
266.720 30 0.455 0.214 0.708 0.664
266.760 30 0.458 0.219 0.706 0.664
266.800 30 0.447 0.217 0.695 0.661
266.840 30 0.445 0.225 0.691 0.664
266.880 30 0.433 0.219 0.683 0.664
266.920 30 0.436 0.217 0.686 0.661
266.960 30 0.433 0.219 0.675 0.650
267.000 30 0.445 0.219 0.686 0.650
267.040 30 0.430 0.189 0.694 0.661
267.080 30 0.427 0.189 0.691 0.661
267.120 30 0.434 0.192 0.698 0.664
267.160 30 0.430 0.200 0.689 0.664
267.200 30 0.430 0.197 0.697 0.675
267.240 30 0.422 0.208 0.688 0.681
267.280 30 0.412 0.208 0.680 0.683
267.320 30 0.409 0.217 0.680 0.700
267.360 30 0.400 0.214 0.670 0.697
267.400 30 0.397 0.211 0.669 0.694
267.440 30 0.392 0.208 0.666 0.692
267.480 30 0.394 0.208 0.664 0.692
267.520 30 0.384 0.206 0.655 0.689
267.560 30 0.388 0.208 0.656 0.686
267.600 30 0.380 0.203 0.648 0.681
267.640 30 0.383 0.189 0.653 0.669
267.680 30 0.380 0.181 0.650 0.664
267.720 30 0.373 0.169 0.647 0.656
267.760 30 0.380 0.172 0.648 0.653
267.800 30 0.370 0.167 0.641 0.653
267.840 30 0.367 0.167 0.641 0.653
267.880 30 0.366 0.169 0.639 0.653
267.920 30 0.362 0.169 0.634 0.656
267.960 30 0.362 0.172 0.634 0.656
268.000 30 0.341 0.147 0.631 0.664
268.040 30 0.356 0.194 0.620 0.664
268.080 30 0.356 0.197 0.620 0.667
268.120 30 0.356 0.200 0.620 0.672
268.160 30 0.356 0.200 0.622 0.672
268.200 30 0.359 0.200 0.623 0.669
268.240 30 0.361 0.197 0.623 0.664
268.280 30 0.364 0.194 0.625 0.658
268.320 30 0.364 0.192 0.627 0.658
268.360 30 0.362 0.192 0.625 0.658
268.400 30 0.370 0.194 0.631 0.658
268.440 30 0.367 0.197 0.630 0.661
268.480 30 0.373 0.200 0.636 0.667
268.520 30 0.370 0.200 0.634 0.669
268.560 30 0.373 0.203 0.642 0.678
268.600 30 0.366 0.203 0.636 0.683
268.640 30 0.372 0.200 0.645 0.686
268.680 30 0.367 0.192 0.644 0.683
268.720 30 0.377 0.183 0.653 0.678
268.760 30 0.375 0.181 0.650 0.669
268.800 30 0.384 0.175 0.658 0.661
268.840 30 0.386 0.167 0.662 0.658
268.880 30 0.394 0.167 0.670 0.658
268.920 30 0.389 0.167 0.667 0.661
268.960 30 0.395 0.164 0.675 0.661
269.000 30 0.417 0.219 0.659 0.650
269.040 30 0.412 0.206 0.652 0.633
269.080 30 0.419 0.214 0.658 0.636
269.120 30 0.412 0.219 0.652 0.644
269.160 30 0.419 0.222 0.658 0.647
269.200 30 0.416 0.222 0.656 0.650
269.240 30 0.420 0.217 0.659 0.644
269.280 30 0.423 0.214 0.659 0.636
269.320 30 0.425 0.214 0.661 0.631
269.360 30 0.428 0.214 0.662 0.631
269.400 30 0.428 0.214 0.662 0.631
269.440 30 0.427 0.214 0.664 0.633
269.480 30 0.427 0.219 0.662 0.639
269.520 30 0.427 0.222 0.661 0.639
269.560 30 0.425 0.225 0.661 0.644
269.600 30 0.423 0.228 0.658 0.644
269.640 30 0.422 0.228 0.658 0.647
269.680 30 0.420 0.228 0.655 0.647
269.720 30 0.420 0.228 0.656 0.650
269.760 30 0.414 0.231 0.647 0.647
269.800 30 0.417 0.236 0.648 0.644
269.840 30 0.409 0.233 0.642 0.647
269.880 30 0.409 0.236 0.644 0.653
269.920 30 0.402 0.239 0.636 0.656
269.960 30 0.398 0.233 0.642 0.667
270.000 30 0.391 0.219 0.633 0.650
270.040 30 0.389 0.219 0.642 0.672
270.080 30 0.389 0.222 0.639 0.669
270.120 30 0.388 0.222 0.637 0.667
270.160 30 0.388 0.219 0.636 0.664
270.200 30 0.391 0.222 0.637 0.664
270.240 30 0.383 0.225 0.628 0.664
270.280 30 0.383 0.225 0.633 0.672
270.320 30 0.375 0.233 0.623 0.675
270.360 30 0.377 0.236 0.625 0.678
270.400 30 0.369 0.239 0.616 0.681
270.440 30 0.370 0.239 0.622 0.686
270.480 30 0.364 0.244 0.613 0.686
270.520 30 0.367 0.244 0.616 0.686
270.560 30 0.372 0.244 0.614 0.678
270.600 30 0.364 0.242 0.605 0.669
270.640 30 0.366 0.236 0.606 0.667
270.680 30 0.356 0.233 0.592 0.656
270.720 30 0.353 0.225 0.592 0.650
270.760 30 0.342 0.219 0.577 0.639
270.800 30 0.338 0.211 0.575 0.636
270.840 30 0.330 0.211 0.567 0.633
270.880 30 0.323 0.208 0.562 0.633
270.920 30 0.317 0.208 0.555 0.631
270.960 30 0.308 0.203 0.553 0.639
271.000 30 0.311 0.219 0.552 0.650
271.040 30 0.295 0.217 0.548 0.667
271.080 30 0.289 0.219 0.541 0.667
271.120 30 0.280 0.239 0.522 0.669
271.160 30 0.280 0.239 0.527 0.678
271.200 30 0.273 0.250 0.517 0.683
271.240 30 0.269 0.256 0.506 0.678
271.280 30 0.267 0.250 0.509 0.681
271.320 30 0.261 0.253 0.500 0.678
271.360 30 0.256 0.250 0.492 0.672
271.400 30 0.264 0.244 0.498 0.664
271.440 30 0.269 0.231 0.503 0.650
271.480 30 0.281 0.219 0.519 0.642
271.520 30 0.295 0.214 0.530 0.631
271.560 30 0.306 0.206 0.541 0.622
271.600 30 0.316 0.203 0.552 0.625
271.640 30 0.312 0.214 0.539 0.617
271.680 30 0.320 0.211 0.552 0.622
271.720 30 0.320 0.211 0.547 0.614
271.760 30 0.327 0.200 0.556 0.608
271.800 30 0.330 0.192 0.559 0.603
271.840 30 0.334 0.189 0.567 0.603
271.880 30 0.341 0.189 0.573 0.606
271.920 30 0.342 0.192 0.577 0.611
271.960 30 0.347 0.200 0.584 0.625
272.000 30 0.338 0.219 0.580 0.650
272.040 30 0.330 0.228 0.580 0.672
272.080 30 0.327 0.233 0.581 0.683
272.120 30 0.330 0.225 0.595 0.694
272.160 30 0.336 0.219 0.597 0.686
272.200 30 0.342 0.219 0.605 0.683
272.240 30 0.350 0.214 0.613 0.678
272.280 30 0.359 0.206 0.620 0.669
272.320 30 0.367 0.197 0.630 0.661
272.360 30 0.378 0.192 0.642 0.658
272.400 30 0.386 0.194 0.647 0.658
272.440 30 0.398 0.194 0.662 0.664
272.480 30 0.406 0.194 0.667 0.661
272.520 30 0.416 0.194 0.678 0.664
272.560 30 0.423 0.197 0.688 0.664
272.600 30 0.434 0.203 0.697 0.667
272.640 30 0.442 0.203 0.706 0.672
272.680 30 0.456 0.203 0.720 0.672
272.720 30 0.466 0.200 0.728 0.669
272.760 30 0.480 0.197 0.744 0.667
272.800 30 0.491 0.197 0.756 0.667
272.840 30 0.497 0.194 0.769 0.675
272.880 30 0.512 0.197 0.783 0.678
272.920 30 0.528 0.200 0.797 0.678
272.960 30 0.536 0.203 0.806 0.686
273.000 30 0.534 0.206 0.825 0.722
273.040 30 0.533 0.208 0.827 0.731
273.080 30 0.536 0.219 0.830 0.739
273.120 30 0.547 0.222 0.841 0.744
273.160 30 0.552 0.228 0.842 0.744
273.200 30 0.558 0.233 0.845 0.742
273.240 30 0.567 0.225 0.861 0.744
273.280 30 0.572 0.219 0.864 0.742
273.320 30 0.572 0.219 0.864 0.742
273.360 30 0.581 0.222 0.875 0.744
273.400 30 0.586 0.225 0.881 0.750
273.440 30 0.591 0.225 0.887 0.756
273.480 30 0.592 0.225 0.894 0.761
273.520 30 0.597 0.228 0.894 0.756
273.560 30 0.597 0.225 0.895 0.753
273.600 30 0.594 0.222 0.891 0.747
273.640 30 0.597 0.219 0.895 0.747
273.680 30 0.588 0.214 0.886 0.744
273.720 30 0.591 0.211 0.887 0.742
273.760 30 0.586 0.217 0.880 0.739
273.800 30 0.577 0.211 0.870 0.736
273.840 30 0.572 0.217 0.864 0.736
273.880 30 0.566 0.217 0.856 0.733
273.920 30 0.558 0.214 0.850 0.733
273.960 30 0.550 0.211 0.842 0.733
274.000 30 0.534 0.206 0.825 0.722
274.040 30 0.520 0.206 0.811 0.722
274.080 30 0.519 0.206 0.809 0.722
274.120 30 0.509 0.211 0.798 0.725
274.160 30 0.498 0.228 0.777 0.722
274.200 30 0.478 0.214 0.767 0.728
274.240 30 0.459 0.208 0.753 0.731
283.040 31 0.537 0.419 0.616 0.558
283.080 31 0.539 0.419 0.617 0.558
283.120 31 0.539 0.419 0.617 0.558
283.160 31 0.537 0.417 0.616 0.556
283.200 31 0.541 0.417 0.619 0.556
283.240 31 0.539 0.414 0.619 0.556
283.280 31 0.542 0.414 0.620 0.553
283.320 31 0.541 0.411 0.620 0.553
283.360 31 0.544 0.411 0.622 0.553
283.400 31 0.542 0.411 0.622 0.553
283.440 31 0.545 0.411 0.625 0.553
283.480 31 0.544 0.411 0.623 0.550
283.520 31 0.547 0.411 0.625 0.550
283.560 31 0.548 0.408 0.628 0.550
283.600 31 0.548 0.406 0.628 0.547
283.640 31 0.550 0.403 0.631 0.547
283.680 31 0.552 0.403 0.633 0.544
283.720 31 0.555 0.400 0.634 0.544
283.760 31 0.558 0.400 0.637 0.542
283.800 31 0.556 0.397 0.637 0.539
283.840 31 0.559 0.394 0.641 0.539
283.880 31 0.558 0.394 0.639 0.536
283.920 31 0.561 0.392 0.642 0.536
283.960 31 0.558 0.392 0.641 0.536
284.000 31 0.561 0.392 0.642 0.536
284.040 31 0.566 0.397 0.641 0.531
284.080 31 0.566 0.397 0.639 0.528
284.120 31 0.566 0.397 0.639 0.528
284.160 31 0.566 0.394 0.637 0.525
284.200 31 0.566 0.394 0.637 0.525
284.240 31 0.566 0.394 0.636 0.522
284.280 31 0.564 0.394 0.634 0.522
284.320 31 0.564 0.394 0.634 0.519
284.360 31 0.562 0.392 0.634 0.519
284.400 31 0.562 0.392 0.633 0.519
284.440 31 0.561 0.392 0.633 0.519
284.480 31 0.561 0.389 0.633 0.519
284.520 31 0.559 0.389 0.631 0.519
284.560 31 0.559 0.389 0.631 0.517
284.600 31 0.558 0.389 0.630 0.517
284.640 31 0.558 0.389 0.628 0.517
284.680 31 0.556 0.389 0.628 0.517
284.720 31 0.556 0.389 0.628 0.517
284.760 31 0.556 0.389 0.627 0.517
284.800 31 0.555 0.389 0.625 0.517
284.840 31 0.556 0.389 0.628 0.517
284.880 31 0.555 0.389 0.627 0.517
284.920 31 0.555 0.389 0.627 0.517
284.960 31 0.555 0.389 0.625 0.517
285.000 31 0.558 0.392 0.625 0.514
285.040 31 0.556 0.392 0.623 0.514
285.080 31 0.558 0.392 0.625 0.514
285.120 31 0.553 0.389 0.623 0.517
