50.040 0 0.212 0.208 0.452 0.633
50.080 0 0.225 0.211 0.464 0.639
50.120 0 0.239 0.219 0.477 0.644
50.160 0 0.239 0.222 0.478 0.647
50.200 0 0.248 0.219 0.492 0.653
50.240 0 0.241 0.219 0.484 0.653
50.280 0 0.239 0.214 0.484 0.650
50.320 0 0.223 0.211 0.472 0.653
50.360 0 0.209 0.208 0.458 0.647
50.400 0 0.194 0.206 0.438 0.639
50.440 0 0.173 0.197 0.419 0.636
50.480 0 0.159 0.203 0.405 0.642
50.520 0 0.156 0.200 0.402 0.636
50.560 0 0.147 0.219 0.386 0.647
50.600 0 0.145 0.236 0.381 0.656
50.640 0 0.144 0.239 0.384 0.667
50.680 0 0.133 0.247 0.378 0.683
50.720 0 0.127 0.256 0.367 0.683
50.760 0 0.136 0.256 0.373 0.678
50.800 0 0.123 0.247 0.361 0.667
50.840 0 0.128 0.239 0.367 0.664
50.880 0 0.133 0.242 0.370 0.664
50.920 0 0.136 0.247 0.377 0.672
50.960 0 0.142 0.258 0.383 0.686
51.000 0 0.148 0.267 0.391 0.697
51.040 0 0.161 0.275 0.405 0.711
51.080 0 0.173 0.278 0.419 0.714
51.120 0 0.186 0.286 0.430 0.722
51.160 0 0.191 0.294 0.436 0.731
51.200 0 0.203 0.303 0.448 0.739
51.240 0 0.195 0.308 0.441 0.744
51.280 0 0.200 0.311 0.444 0.744
51.320 0 0.195 0.306 0.441 0.742
51.360 0 0.183 0.297 0.430 0.736
51.400 0 0.183 0.292 0.428 0.728
51.440 0 0.169 0.283 0.414 0.722
51.480 0 0.169 0.283 0.412 0.717
51.520 0 0.156 0.283 0.400 0.714
51.560 0 0.150 0.283 0.394 0.717
51.600 0 0.152 0.286 0.397 0.722
51.640 0 0.144 0.292 0.389 0.728
51.680 0 0.155 0.300 0.402 0.739
51.720 0 0.144 0.303 0.395 0.750
51.760 0 0.152 0.300 0.412 0.761
51.800 0 0.152 0.297 0.409 0.758
51.840 0 0.159 0.272 0.419 0.733
51.880 0 0.166 0.264 0.425 0.725
51.920 0 0.180 0.261 0.430 0.703
51.960 0 0.184 0.253 0.430 0.686
54.320 1 0.195 0.303 0.434 0.731
54.360 1 0.189 0.292 0.431 0.725
54.400 1 0.186 0.286 0.428 0.722
54.440 1 0.181 0.283 0.425 0.719
54.480 1 0.186 0.286 0.428 0.719
54.520 1 0.177 0.286 0.423 0.728
54.560 1 0.177 0.292 0.423 0.731
54.600 1 0.178 0.297 0.423 0.739
54.640 1 0.183 0.303 0.430 0.744
54.680 1 0.175 0.303 0.420 0.742
54.720 1 0.183 0.303 0.425 0.739
54.760 1 0.173 0.294 0.423 0.742
54.800 1 0.181 0.289 0.431 0.736
54.840 1 0.169 0.278 0.417 0.725
54.880 1 0.180 0.272 0.423 0.708
54.920 1 0.169 0.269 0.409 0.700
54.960 1 0.175 0.267 0.416 0.697
55.000 1 0.177 0.267 0.417 0.697
55.040 1 0.173 0.253 0.427 0.703
55.080 1 0.184 0.253 0.434 0.700
55.120 1 0.195 0.253 0.447 0.700
55.160 1 0.202 0.253 0.452 0.700
55.200 1 0.211 0.253 0.463 0.703
55.240 1 0.216 0.256 0.466 0.706
55.280 1 0.231 0.261 0.483 0.711
55.320 1 0.223 0.264 0.475 0.711
55.360 1 0.234 0.264 0.489 0.717
55.400 1 0.225 0.264 0.477 0.711
55.440 1 0.223 0.264 0.477 0.714
55.480 1 0.220 0.264 0.472 0.711
55.520 1 0.216 0.264 0.464 0.708
55.560 1 0.208 0.261 0.458 0.706
55.600 1 0.205 0.256 0.458 0.706
55.640 1 0.195 0.250 0.448 0.703
55.680 1 0.195 0.242 0.453 0.700
55.720 1 0.186 0.236 0.445 0.700
55.760 1 0.184 0.228 0.448 0.700
55.800 1 0.170 0.225 0.436 0.700
55.840 1 0.167 0.222 0.436 0.700
55.880 1 0.158 0.231 0.420 0.700
55.920 1 0.153 0.228 0.417 0.703
55.960 1 0.153 0.233 0.412 0.697
56.000 1 0.147 0.206 0.438 0.722
56.040 1 0.147 0.194 0.456 0.744
56.080 1 0.159 0.192 0.466 0.736
56.120 1 0.153 0.200 0.456 0.739
56.160 1 0.172 0.214 0.470 0.747
56.200 1 0.166 0.222 0.463 0.750
56.240 1 0.184 0.239 0.475 0.753
56.280 1 0.178 0.256 0.463 0.758
56.320 1 0.183 0.258 0.467 0.764
56.360 1 0.177 0.264 0.458 0.767
56.400 1 0.178 0.267 0.461 0.769
56.440 1 0.169 0.272 0.450 0.772
56.480 2 0.223 0.206 0.500 0.697
56.520 2 0.222 0.200 0.506 0.703
56.560 2 0.223 0.197 0.511 0.708
56.600 2 0.227 0.192 0.519 0.714
56.640 2 0.223 0.189 0.516 0.708
56.680 2 0.233 0.186 0.525 0.708
56.720 2 0.233 0.186 0.527 0.708
56.760 2 0.234 0.186 0.528 0.708
56.800 2 0.236 0.192 0.530 0.711
56.840 2 0.239 0.197 0.530 0.714
56.880 2 0.241 0.200 0.531 0.714
56.920 2 0.242 0.200 0.533 0.717
56.960 2 0.244 0.203 0.534 0.719
57.000 2 0.244 0.206 0.534 0.722
57.040 2 0.255 0.231 0.530 0.719
57.080 2 0.258 0.233 0.534 0.722
57.120 2 0.255 0.233 0.528 0.722
57.160 2 0.259 0.236 0.533 0.719
57.200 2 0.253 0.236 0.525 0.717
57.240 2 0.258 0.236 0.527 0.714
57.280 2 0.255 0.239 0.522 0.714
57.320 2 0.253 0.242 0.520 0.717
57.360 2 0.252 0.244 0.517 0.717
57.400 2 0.248 0.244 0.512 0.714
57.440 2 0.252 0.242 0.519 0.714
57.480 2 0.247 0.242 0.512 0.714
57.520 2 0.250 0.242 0.514 0.714
57.560 2 0.252 0.242 0.514 0.711
57.600 2 0.252 0.242 0.514 0.706
57.640 2 0.248 0.239 0.511 0.703
57.680 2 0.255 0.236 0.519 0.706
57.720 2 0.253 0.236 0.517 0.706
57.760 2 0.255 0.239 0.519 0.708
57.800 2 0.256 0.244 0.520 0.711
57.840 2 0.259 0.244 0.522 0.711
57.880 2 0.261 0.242 0.527 0.714
57.920 2 0.266 0.244 0.527 0.708
57.960 2 0.269 0.242 0.528 0.706
58.000 2 0.283 0.267 0.525 0.697
58.040 2 0.289 0.269 0.528 0.697
58.080 2 0.291 0.272 0.530 0.697
58.120 2 0.294 0.275 0.533 0.700
58.160 2 0.289 0.275 0.530 0.703
58.200 2 0.294 0.275 0.534 0.703
58.240 2 0.291 0.278 0.528 0.700
58.280 2 0.292 0.278 0.533 0.706
58.320 2 0.291 0.278 0.530 0.703
58.360 2 0.300 0.278 0.539 0.703
58.400 2 0.292 0.278 0.530 0.700
58.440 2 0.302 0.278 0.539 0.703
58.480 2 0.297 0.275 0.537 0.703
58.520 2 0.305 0.278 0.544 0.703
58.560 2 0.300 0.272 0.541 0.700
58.600 2 0.306 0.269 0.547 0.694
58.640 2 0.302 0.264 0.542 0.692
58.680 2 0.308 0.264 0.547 0.686
58.720 2 0.306 0.261 0.544 0.683
58.760 2 0.316 0.264 0.548 0.678
58.800 2 0.308 0.261 0.545 0.681
58.840 2 0.314 0.261 0.555 0.686
58.880 2 0.312 0.261 0.555 0.692
58.920 2 0.323 0.261 0.567 0.694
58.960 2 0.327 0.267 0.567 0.694
59.000 2 0.338 0.267 0.580 0.697
59.040 2 0.338 0.286 0.577 0.711
59.080 2 0.338 0.275 0.581 0.708
59.120 2 0.336 0.267 0.581 0.703
59.160 2 0.334 0.261 0.580 0.697
59.200 2 0.333 0.256 0.578 0.692
59.240 2 0.330 0.253 0.573 0.686
59.280 2 0.327 0.250 0.569 0.681
59.320 2 0.319 0.247 0.561 0.675
59.360 2 0.320 0.242 0.562 0.672
59.400 2 0.308 0.233 0.548 0.661
59.440 2 0.314 0.231 0.555 0.658
59.480 2 0.305 0.231 0.545 0.658
59.520 2 0.309 0.236 0.548 0.661
59.560 2 0.302 0.236 0.544 0.667
59.600 2 0.305 0.242 0.545 0.672
59.640 2 0.298 0.239 0.541 0.669
59.680 2 0.295 0.239 0.537 0.672
59.720 2 0.292 0.242 0.533 0.669
59.760 2 0.289 0.242 0.533 0.675
59.800 2 0.287 0.250 0.528 0.675
59.840 2 0.286 0.250 0.528 0.681
59.880 2 0.287 0.258 0.523 0.678
59.920 2 0.286 0.253 0.527 0.681
59.960 2 0.289 0.258 0.525 0.675
60.000 2 0.283 0.267 0.525 0.697
60.040 2 0.284 0.250 0.527 0.681
60.080 2 0.283 0.256 0.523 0.683
60.120 2 0.291 0.256 0.533 0.689
60.160 2 0.287 0.258 0.530 0.692
60.200 2 0.294 0.261 0.536 0.694
60.240 2 0.292 0.264 0.533 0.694
60.280 2 0.298 0.261 0.542 0.697
60.320 2 0.294 0.258 0.537 0.692
60.360 2 0.298 0.256 0.544 0.692
60.400 2 0.294 0.253 0.541 0.692
60.440 2 0.300 0.247 0.547 0.689
60.480 2 0.294 0.244 0.544 0.689
60.520 2 0.300 0.244 0.550 0.689
60.560 2 0.297 0.242 0.545 0.683
60.600 2 0.303 0.239 0.553 0.683
60.640 2 0.300 0.239 0.548 0.681
60.680 2 0.308 0.233 0.556 0.681
60.720 2 0.303 0.231 0.552 0.675
60.760 2 0.311 0.228 0.559 0.672
60.800 2 0.308 0.228 0.553 0.667
60.840 2 0.314 0.228 0.559 0.667
60.880 2 0.309 0.228 0.553 0.664
60.920 2 0.311 0.231 0.558 0.669
60.960 2 0.314 0.233 0.558 0.669
61.000 2 0.311 0.219 0.552 0.650
61.040 2 0.311 0.236 0.556 0.675
61.080 2 0.306 0.239 0.550 0.675
61.120 2 0.305 0.239 0.545 0.669
61.160 2 0.291 0.236 0.534 0.672
61.200 2 0.292 0.236 0.536 0.669
61.240 2 0.286 0.239 0.528 0.669
61.280 2 0.281 0.244 0.517 0.667
61.320 2 0.281 0.244 0.519 0.669
61.360 2 0.272 0.242 0.511 0.669
61.400 2 0.270 0.242 0.508 0.664
61.440 2 0.267 0.239 0.505 0.661
61.480 2 0.267 0.236 0.503 0.661
61.520 2 0.270 0.233 0.506 0.656
61.560 2 0.275 0.233 0.514 0.661
61.600 2 0.275 0.239 0.511 0.661
61.640 2 0.281 0.236 0.520 0.664
61.680 2 0.280 0.242 0.517 0.667
61.720 2 0.286 0.239 0.528 0.669
61.760 2 0.284 0.244 0.525 0.672
61.800 2 0.292 0.242 0.534 0.675
61.840 2 0.287 0.244 0.528 0.675
61.880 2 0.289 0.250 0.528 0.675
61.920 2 0.283 0.250 0.519 0.672
61.960 2 0.283 0.256 0.516 0.672
62.000 2 0.283 0.267 0.525 0.697
62.040 2 0.284 0.267 0.527 0.697
62.080 2 0.291 0.264 0.537 0.703
62.120 2 0.291 0.261 0.533 0.694
62.160 2 0.297 0.261 0.542 0.694
62.200 2 0.286 0.258 0.531 0.697
62.240 2 0.294 0.264 0.539 0.700
62.280 2 0.291 0.261 0.536 0.697
62.320 2 0.292 0.261 0.537 0.697
62.360 2 0.295 0.261 0.541 0.697
62.400 2 0.302 0.256 0.550 0.697
62.440 2 0.291 0.253 0.537 0.692
62.480 3 0.219 0.200 0.472 0.653
62.520 3 0.205 0.197 0.458 0.650
62.560 3 0.197 0.200 0.448 0.653
62.600 3 0.186 0.200 0.433 0.642
62.640 3 0.183 0.203 0.427 0.639
62.680 3 0.184 0.208 0.425 0.639
62.720 3 0.177 0.208 0.417 0.639
62.760 3 0.177 0.206 0.422 0.644
62.800 3 0.172 0.211 0.411 0.639
62.840 3 0.175 0.217 0.414 0.644
62.880 3 0.156 0.206 0.405 0.650
62.920 3 0.169 0.211 0.416 0.653
62.960 3 0.163 0.214 0.408 0.653
63.000 3 0.177 0.219 0.417 0.650
63.040 3 0.205 0.267 0.412 0.639
63.080 3 0.212 0.261 0.422 0.636
63.120 3 0.223 0.256 0.434 0.631
63.160 3 0.230 0.258 0.439 0.633
63.200 3 0.237 0.256 0.450 0.631
63.240 3 0.241 0.250 0.453 0.628
63.280 3 0.247 0.247 0.461 0.631
63.320 3 0.244 0.244 0.459 0.628
63.360 3 0.252 0.244 0.467 0.631
63.400 3 0.245 0.242 0.461 0.628
63.440 3 0.250 0.244 0.467 0.631
63.480 3 0.244 0.244 0.463 0.633
63.520 3 0.247 0.247 0.463 0.631
63.560 3 0.250 0.247 0.463 0.625
63.600 3 0.250 0.244 0.466 0.631
63.640 3 0.242 0.244 0.461 0.633
63.680 3 0.248 0.247 0.467 0.639
63.720 3 0.244 0.250 0.464 0.644
63.760 3 0.247 0.256 0.467 0.647
63.800 3 0.250 0.261 0.469 0.650
63.840 3 0.252 0.264 0.470 0.653
63.880 3 0.252 0.264 0.470 0.653
63.920 3 0.248 0.264 0.467 0.653
63.960 3 0.252 0.267 0.469 0.653
64.000 3 0.258 0.303 0.459 0.661
64.040 3 0.255 0.311 0.450 0.658
64.080 3 0.255 0.308 0.455 0.664
64.120 3 0.250 0.311 0.447 0.661
64.160 3 0.252 0.311 0.452 0.667
64.200 3 0.245 0.311 0.444 0.664
64.240 3 0.250 0.311 0.448 0.664
64.280 3 0.256 0.314 0.453 0.664
64.320 3 0.256 0.311 0.453 0.661
64.360 3 0.267 0.314 0.464 0.664
64.400 3 0.278 0.303 0.475 0.653
64.440 3 0.292 0.297 0.491 0.650
64.480 3 0.309 0.289 0.505 0.636
64.520 3 0.323 0.286 0.519 0.633
64.560 3 0.338 0.278 0.536 0.631
64.600 3 0.355 0.278 0.550 0.625
64.640 3 0.366 0.272 0.561 0.619
64.680 3 0.380 0.278 0.577 0.628
64.720 3 0.381 0.275 0.581 0.631
64.760 3 0.386 0.281 0.584 0.633
64.480 4 0.283 0.228 0.522 0.653
64.520 4 0.295 0.222 0.536 0.650
64.560 4 0.306 0.203 0.552 0.639
64.600 4 0.320 0.208 0.564 0.642
64.640 4 0.339 0.206 0.584 0.642
64.680 4 0.342 0.211 0.586 0.644
64.720 4 0.352 0.206 0.602 0.650
64.760 4 0.356 0.211 0.603 0.650
64.800 4 0.361 0.217 0.605 0.650
64.840 4 0.356 0.214 0.603 0.653
64.880 4 0.364 0.219 0.608 0.650
64.920 4 0.364 0.219 0.606 0.650
64.960 4 0.364 0.219 0.606 0.650
65.000 4 0.364 0.219 0.606 0.650
65.040 4 0.362 0.219 0.606 0.650
65.080 4 0.359 0.217 0.605 0.653
65.120 4 0.350 0.214 0.598 0.656
65.160 4 0.356 0.219 0.600 0.653
65.200 4 0.347 0.214 0.594 0.653
65.240 4 0.350 0.219 0.594 0.656
65.280 4 0.345 0.219 0.591 0.656
65.320 4 0.341 0.219 0.586 0.656
65.360 4 0.328 0.206 0.583 0.658
65.400 4 0.322 0.214 0.575 0.667
65.440 4 0.328 0.222 0.573 0.661
65.480 4 0.323 0.222 0.569 0.658
65.520 4 0.330 0.253 0.550 0.644
65.560 4 0.316 0.250 0.541 0.650
65.600 4 0.300 0.247 0.527 0.650
65.640 4 0.286 0.242 0.516 0.650
65.680 4 0.275 0.242 0.506 0.653
65.720 4 0.267 0.239 0.500 0.653
65.760 4 0.264 0.236 0.500 0.658
65.800 4 0.256 0.236 0.492 0.656
65.840 4 0.250 0.233 0.487 0.653
65.880 4 0.247 0.228 0.483 0.650
65.920 4 0.244 0.228 0.480 0.647
65.960 4 0.241 0.219 0.480 0.647
66.000 4 0.258 0.261 0.459 0.619
66.040 4 0.259 0.258 0.458 0.611
66.080 4 0.256 0.256 0.455 0.608
66.120 4 0.255 0.253 0.455 0.608
66.160 4 0.255 0.253 0.455 0.606
66.200 4 0.253 0.247 0.453 0.606
66.240 4 0.252 0.244 0.453 0.603
66.280 4 0.250 0.244 0.453 0.603
66.320 4 0.250 0.242 0.452 0.603
66.360 4 0.248 0.242 0.452 0.603
66.400 4 0.248 0.239 0.450 0.600
66.440 4 0.247 0.239 0.450 0.600
66.480 4 0.245 0.236 0.448 0.597
66.520 4 0.244 0.236 0.447 0.597
66.560 4 0.239 0.236 0.441 0.594
66.600 4 0.239 0.236 0.439 0.592
66.640 4 0.242 0.236 0.444 0.592
66.680 4 0.237 0.236 0.438 0.592
66.720 4 0.239 0.233 0.441 0.594
66.760 4 0.237 0.236 0.441 0.597
66.800 4 0.237 0.233 0.441 0.597
66.840 4 0.237 0.233 0.439 0.592
66.880 4 0.237 0.228 0.439 0.586
66.920 4 0.236 0.225 0.436 0.581
66.960 4 0.239 0.225 0.439 0.583
67.000 4 0.236 0.222 0.438 0.581
67.040 4 0.230 0.222 0.434 0.583
67.080 4 0.234 0.225 0.438 0.586
67.120 4 0.231 0.228 0.431 0.583
67.160 4 0.234 0.225 0.441 0.594
67.200 4 0.234 0.228 0.436 0.583
67.240 4 0.241 0.228 0.441 0.583
67.280 4 0.236 0.225 0.438 0.583
67.320 4 0.236 0.222 0.438 0.583
67.360 4 0.244 0.228 0.439 0.575
67.400 4 0.234 0.225 0.430 0.572
67.440 4 0.234 0.225 0.431 0.575
67.480 4 0.223 0.219 0.420 0.569
67.520 4 0.211 0.222 0.409 0.572
67.560 4 0.200 0.222 0.400 0.578
67.600 4 0.184 0.228 0.384 0.583
67.520 4 0.219 0.158 0.464 0.592
67.560 4 0.205 0.158 0.450 0.592
67.600 4 0.191 0.161 0.436 0.594
67.640 4 0.177 0.161 0.423 0.600
67.680 4 0.163 0.161 0.411 0.600
67.720 4 0.155 0.167 0.402 0.600
67.760 4 0.158 0.172 0.402 0.603
67.800 4 0.150 0.172 0.394 0.600
67.840 4 0.153 0.178 0.383 0.586
67.880 4 0.155 0.172 0.397 0.603
67.920 4 0.142 0.172 0.386 0.603
67.960 4 0.148 0.172 0.391 0.600
68.000 4 0.148 0.172 0.391 0.600
68.040 4 0.148 0.172 0.391 0.600
68.080 4 0.150 0.172 0.394 0.603
68.120 4 0.152 0.172 0.395 0.603
68.160 4 0.152 0.164 0.411 0.619
68.200 4 0.166 0.156 0.427 0.617
68.240 4 0.180 0.153 0.441 0.614
68.320 4 0.206 0.228 0.423 0.611
68.360 4 0.225 0.225 0.439 0.606
68.400 4 0.239 0.225 0.448 0.597
68.440 4 0.247 0.222 0.455 0.592
68.480 4 0.252 0.222 0.459 0.592
68.520 4 0.256 0.219 0.464 0.589
68.560 4 0.261 0.217 0.473 0.594
68.600 4 0.259 0.217 0.470 0.592
68.640 4 0.266 0.217 0.477 0.589
68.680 4 0.267 0.214 0.475 0.583
68.720 4 0.267 0.214 0.475 0.583
68.760 4 0.266 0.214 0.473 0.583
68.800 4 0.267 0.214 0.477 0.583
68.840 4 0.263 0.217 0.467 0.581
68.880 4 0.261 0.217 0.466 0.581
68.920 4 0.259 0.217 0.464 0.581
68.960 4 0.263 0.217 0.467 0.583
69.000 4 0.258 0.222 0.459 0.581
69.040 4 0.255 0.228 0.452 0.581
69.080 4 0.258 0.233 0.458 0.589
69.120 4 0.253 0.242 0.450 0.594
69.160 4 0.255 0.242 0.455 0.597
69.200 4 0.253 0.242 0.453 0.597
69.240 4 0.252 0.233 0.452 0.592
69.280 4 0.250 0.228 0.450 0.583
69.320 4 0.252 0.225 0.450 0.578
69.360 4 0.252 0.225 0.450 0.578
69.400 4 0.247 0.228 0.442 0.575
69.440 4 0.248 0.228 0.448 0.581
69.480 4 0.245 0.233 0.442 0.581
69.520 4 0.253 0.236 0.452 0.586
69.560 4 0.250 0.244 0.452 0.603
69.600 4 0.250 0.247 0.453 0.611
69.640 4 0.247 0.256 0.452 0.617
69.680 4 0.259 0.258 0.463 0.619
69.720 5 0.258 0.236 0.548 0.750
69.760 5 0.241 0.231 0.533 0.744
69.800 5 0.258 0.236 0.547 0.747
69.840 5 0.252 0.247 0.539 0.753
69.880 5 0.264 0.253 0.555 0.764
69.920 5 0.270 0.258 0.561 0.772
69.960 5 0.273 0.261 0.566 0.778
70.000 5 0.277 0.264 0.567 0.778
70.040 5 0.281 0.289 0.559 0.781
70.080 5 0.273 0.286 0.552 0.781
70.120 5 0.281 0.292 0.555 0.778
70.160 5 0.272 0.297 0.547 0.783
70.200 5 0.277 0.303 0.552 0.789
70.240 5 0.269 0.308 0.545 0.797
70.280 5 0.270 0.311 0.550 0.808
70.320 5 0.263 0.317 0.541 0.808
70.360 5 0.264 0.317 0.542 0.811
70.400 5 0.263 0.311 0.542 0.806
70.440 5 0.263 0.308 0.541 0.800
70.480 5 0.267 0.306 0.542 0.794
70.520 5 0.263 0.300 0.539 0.789
70.560 5 0.263 0.294 0.539 0.786
70.600 5 0.266 0.289 0.541 0.778
70.640 5 0.266 0.283 0.537 0.767
70.680 5 0.273 0.272 0.544 0.753
70.720 5 0.272 0.264 0.542 0.742
70.760 5 0.278 0.253 0.548 0.731
70.800 5 0.281 0.247 0.547 0.719
70.840 5 0.284 0.242 0.550 0.714
70.880 5 0.284 0.244 0.544 0.703
70.920 5 0.283 0.239 0.542 0.700
70.960 5 0.281 0.239 0.541 0.697
71.000 5 0.283 0.267 0.525 0.697
71.040 5 0.289 0.264 0.530 0.689
71.080 5 0.287 0.269 0.525 0.692
71.120 5 0.278 0.267 0.517 0.692
71.160 5 0.270 0.272 0.509 0.697
71.200 5 0.273 0.278 0.508 0.694
71.240 5 0.266 0.278 0.502 0.697
71.280 5 0.269 0.275 0.508 0.700
71.320 5 0.266 0.275 0.505 0.700
71.360 5 0.275 0.278 0.512 0.700
71.400 5 0.273 0.278 0.509 0.700
71.440 5 0.284 0.281 0.519 0.700
71.480 5 0.287 0.286 0.520 0.700
71.520 5 0.292 0.286 0.525 0.700
71.560 5 0.297 0.289 0.528 0.700
71.600 5 0.300 0.289 0.533 0.703
71.640 5 0.302 0.286 0.536 0.703
71.680 5 0.305 0.286 0.539 0.703
71.720 5 0.308 0.286 0.541 0.700
71.760 5 0.305 0.286 0.539 0.700
71.800 5 0.303 0.283 0.537 0.700
71.840 5 0.300 0.278 0.536 0.697
71.880 5 0.295 0.275 0.534 0.700
71.920 5 0.291 0.269 0.531 0.700
71.960 5 0.280 0.261 0.527 0.700
72.000 5 0.283 0.267 0.525 0.697
72.040 5 0.256 0.228 0.534 0.722
72.080 5 0.242 0.225 0.525 0.728
72.120 5 0.231 0.219 0.517 0.731
72.160 5 0.230 0.222 0.514 0.728
72.200 5 0.225 0.222 0.509 0.725
72.240 5 0.220 0.219 0.505 0.728
72.280 5 0.227 0.219 0.512 0.728
72.320 5 0.225 0.222 0.509 0.728
72.360 5 0.234 0.222 0.519 0.728
72.400 5 0.231 0.219 0.520 0.733
72.440 5 0.245 0.222 0.530 0.728
72.480 5 0.248 0.214 0.536 0.725
72.520 5 0.256 0.219 0.542 0.725
72.560 5 0.263 0.222 0.545 0.722
72.600 5 0.273 0.231 0.552 0.725
72.640 5 0.270 0.236 0.548 0.731
72.680 5 0.280 0.239 0.558 0.733
72.720 5 0.273 0.242 0.552 0.736
72.760 5 0.275 0.239 0.553 0.733
72.800 5 0.269 0.239 0.548 0.733
72.840 5 0.270 0.239 0.547 0.731
72.880 5 0.267 0.236 0.542 0.725
72.920 5 0.264 0.233 0.537 0.722
72.960 5 0.259 0.233 0.534 0.719
73.000 5 0.244 0.206 0.534 0.722
73.040 5 0.233 0.203 0.527 0.725
73.080 5 0.230 0.206 0.522 0.728
73.120 5 0.231 0.211 0.522 0.728
73.160 5 0.231 0.211 0.523 0.731
73.200 5 0.234 0.211 0.525 0.728
73.240 5 0.231 0.208 0.523 0.725
73.280 5 0.237 0.211 0.527 0.725
73.320 5 0.241 0.208 0.530 0.722
73.360 5 0.244 0.208 0.531 0.719
73.400 5 0.247 0.203 0.534 0.711
73.440 5 0.248 0.194 0.537 0.708
73.480 5 0.253 0.192 0.542 0.706
73.520 5 0.255 0.192 0.542 0.703
73.560 5 0.264 0.194 0.545 0.694
73.600 5 0.258 0.192 0.541 0.694
73.640 5 0.264 0.183 0.545 0.681
73.680 5 0.259 0.172 0.542 0.675
73.720 5 0.264 0.156 0.547 0.658
73.760 5 0.256 0.147 0.539 0.650
73.800 5 0.258 0.144 0.541 0.647
73.840 5 0.248 0.144 0.530 0.644
73.880 5 0.242 0.150 0.522 0.647
73.920 5 0.230 0.150 0.509 0.647
73.960 5 0.230 0.161 0.502 0.644
74.000 5 0.211 0.147 0.502 0.664
74.040 5 0.195 0.133 0.498 0.672
74.080 5 0.205 0.147 0.497 0.667
74.120 5 0.192 0.144 0.491 0.675
74.160 5 0.203 0.158 0.494 0.675
74.200 5 0.206 0.167 0.494 0.678
74.240 5 0.208 0.169 0.495 0.681
74.280 5 0.211 0.172 0.497 0.683
74.320 5 0.214 0.178 0.500 0.686
74.360 5 0.219 0.183 0.502 0.686
74.400 5 0.220 0.183 0.505 0.686
74.440 5 0.220 0.186 0.505 0.692
74.480 5 0.222 0.189 0.506 0.694
74.520 5 0.223 0.189 0.508 0.694
74.560 5 0.230 0.186 0.517 0.697
74.600 5 0.225 0.186 0.509 0.694
74.640 5 0.225 0.186 0.509 0.692
74.680 5 0.225 0.192 0.509 0.697
74.720 5 0.225 0.194 0.509 0.700
95.280 6 0.214 -0.161 0.505 0.353
95.320 6 0.211 -0.147 0.503 0.372
95.360 6 0.206 -0.139 0.503 0.389
95.400 6 0.214 -0.122 0.514 0.411
95.440 6 0.211 -0.106 0.509 0.425
95.480 6 0.220 -0.092 0.522 0.444
95.520 6 0.220 -0.075 0.516 0.453
95.560 6 0.230 -0.058 0.528 0.472
95.600 6 0.228 -0.039 0.522 0.486
95.640 6 0.237 -0.017 0.530 0.500
95.680 6 0.234 -0.008 0.527 0.511
95.720 6 0.236 0.003 0.528 0.522
95.760 6 0.237 0.011 0.528 0.528
95.800 6 0.239 0.017 0.530 0.533
95.840 6 0.241 0.019 0.531 0.536
95.880 6 0.242 0.022 0.533 0.539
95.920 6 0.244 0.025 0.533 0.542
95.960 6 0.244 0.028 0.534 0.544
96.000 6 0.244 0.033 0.534 0.550
96.040 6 0.241 0.044 0.523 0.544
96.080 6 0.256 0.047 0.533 0.542
96.120 6 0.245 0.039 0.534 0.550
96.160 6 0.252 0.036 0.547 0.558
96.200 6 0.253 0.036 0.544 0.550
96.240 6 0.263 0.036 0.553 0.556
96.280 6 0.267 0.028 0.562 0.553
96.320 6 0.259 0.031 0.555 0.556
96.360 6 0.281 0.036 0.564 0.539
96.400 6 0.269 0.033 0.558 0.544
96.440 6 0.278 0.028 0.581 0.564
96.480 6 0.277 0.025 0.573 0.550
99.040 7 0.473 0.217 0.633 0.500
99.080 7 0.467 0.219 0.628 0.506
99.120 7 0.459 0.219 0.619 0.503
99.160 7 0.458 0.217 0.619 0.503
99.200 7 0.463 0.214 0.625 0.503
99.240 7 0.463 0.214 0.625 0.503
99.280 7 0.467 0.214 0.630 0.503
99.320 7 0.463 0.214 0.625 0.503
99.360 7 0.461 0.214 0.623 0.500
99.400 7 0.461 0.211 0.622 0.500
99.440 7 0.466 0.208 0.628 0.500
99.480 7 0.472 0.211 0.633 0.500
99.520 7 0.473 0.214 0.634 0.500
99.560 7 0.470 0.214 0.631 0.500
99.600 7 0.475 0.211 0.636 0.500
99.640 7 0.473 0.206 0.634 0.492
99.680 7 0.477 0.206 0.639 0.494
99.720 7 0.484 0.203 0.650 0.497
99.760 7 0.487 0.206 0.653 0.500
99.800 7 0.487 0.206 0.655 0.503
99.840 7 0.484 0.206 0.652 0.503
99.880 7 0.489 0.200 0.659 0.503
99.920 7 0.487 0.194 0.658 0.500
99.960 7 0.491 0.192 0.664 0.497
100.000 7 0.495 0.186 0.670 0.497
100.040 7 0.500 0.186 0.677 0.500
100.080 7 0.503 0.186 0.680 0.503
100.120 7 0.505 0.189 0.681 0.503
100.160 7 0.500 0.186 0.680 0.506
100.200 7 0.506 0.183 0.686 0.503
100.240 7 0.505 0.178 0.684 0.497
100.280 7 0.512 0.181 0.695 0.506
100.320 7 0.506 0.178 0.689 0.503
100.360 7 0.517 0.181 0.700 0.506
100.400 7 0.512 0.181 0.695 0.506
100.440 7 0.519 0.181 0.702 0.506
100.480 7 0.523 0.178 0.709 0.508
100.520 7 0.523 0.178 0.708 0.503
100.560 7 0.527 0.172 0.713 0.503
100.600 7 0.527 0.169 0.711 0.500
100.640 7 0.522 0.169 0.706 0.497
100.680 7 0.525 0.167 0.714 0.500
100.720 7 0.522 0.161 0.713 0.503
100.760 7 0.527 0.158 0.722 0.506
100.800 7 0.519 0.158 0.717 0.511
100.840 7 0.519 0.164 0.719 0.519
100.880 7 0.514 0.169 0.713 0.525
100.920 7 0.508 0.175 0.706 0.528
100.960 7 0.505 0.172 0.703 0.528
101.000 7 0.502 0.169 0.700 0.522
101.040 7 0.500 0.164 0.700 0.517
101.080 7 0.497 0.158 0.700 0.517
101.120 7 0.497 0.156 0.698 0.517
101.160 7 0.500 0.158 0.703 0.519
101.200 7 0.492 0.164 0.697 0.528
101.240 7 0.495 0.169 0.698 0.533
101.280 7 0.489 0.172 0.694 0.536
101.320 7 0.487 0.172 0.692 0.536
101.360 7 0.489 0.169 0.691 0.528
101.400 7 0.489 0.169 0.683 0.514
101.440 7 0.492 0.161 0.689 0.511
101.480 7 0.492 0.158 0.686 0.500
101.520 7 0.500 0.158 0.691 0.500
101.560 7 0.494 0.161 0.688 0.503
101.600 7 0.498 0.169 0.689 0.506
101.640 7 0.498 0.178 0.688 0.511
101.680 7 0.491 0.183 0.675 0.514
101.720 7 0.494 0.183 0.680 0.514
101.760 7 0.492 0.181 0.677 0.508
101.800 7 0.495 0.175 0.686 0.511
101.840 7 0.497 0.175 0.689 0.517
101.880 7 0.498 0.175 0.694 0.522
101.920 7 0.500 0.178 0.698 0.533
101.960 7 0.502 0.181 0.703 0.539
102.000 7 0.505 0.183 0.706 0.542
102.040 7 0.487 0.133 0.723 0.553
102.080 7 0.495 0.131 0.725 0.539
102.120 7 0.503 0.128 0.731 0.533
102.160 7 0.506 0.122 0.736 0.531
102.200 7 0.512 0.119 0.742 0.528
102.240 7 0.519 0.117 0.748 0.525
102.280 7 0.522 0.114 0.750 0.519
102.320 7 0.525 0.111 0.750 0.511
102.360 7 0.534 0.108 0.758 0.506
102.400 7 0.534 0.103 0.758 0.500
102.440 7 0.541 0.103 0.761 0.494
102.480 7 0.542 0.100 0.762 0.492
102.520 7 0.545 0.097 0.766 0.489
102.560 7 0.547 0.094 0.767 0.489
102.600 7 0.548 0.094 0.769 0.486
102.640 7 0.555 0.097 0.775 0.492
102.680 7 0.553 0.103 0.773 0.497
102.720 7 0.559 0.108 0.780 0.503
102.760 7 0.556 0.122 0.778 0.514
102.800 7 0.559 0.125 0.781 0.519
102.840 7 0.553 0.131 0.775 0.525
102.880 7 0.553 0.131 0.775 0.525
102.920 7 0.552 0.128 0.773 0.519
102.960 7 0.550 0.125 0.769 0.514
103.000 7 0.547 0.125 0.766 0.514
103.040 7 0.545 0.128 0.762 0.514
103.080 7 0.539 0.136 0.755 0.519
103.120 7 0.542 0.142 0.756 0.522
103.160 7 0.536 0.144 0.748 0.522
103.200 7 0.537 0.144 0.750 0.522
103.240 7 0.534 0.144 0.744 0.519
103.280 7 0.536 0.144 0.745 0.517
103.320 7 0.530 0.144 0.738 0.514
103.360 7 0.528 0.147 0.736 0.514
103.400 7 0.523 0.147 0.730 0.517
103.440 7 0.523 0.150 0.731 0.519
103.480 7 0.517 0.153 0.723 0.519
103.520 7 0.519 0.156 0.725 0.522
103.560 7 0.512 0.158 0.719 0.522
103.600 7 0.514 0.161 0.720 0.525
103.640 7 0.509 0.161 0.714 0.528
103.680 7 0.502 0.164 0.706 0.528
103.720 7 0.497 0.164 0.702 0.531
103.760 7 0.491 0.167 0.697 0.531
103.800 7 0.489 0.161 0.694 0.528
103.840 7 0.484 0.156 0.689 0.519
103.880 7 0.481 0.147 0.686 0.511
103.920 7 0.478 0.144 0.681 0.508
103.960 7 0.470 0.144 0.675 0.506
104.000 7 0.472 0.147 0.675 0.506
104.040 7 0.464 0.147 0.664 0.506
104.080 7 0.467 0.147 0.669 0.506
104.120 7 0.461 0.144 0.662 0.503
104.160 7 0.464 0.142 0.666 0.500
104.200 7 0.458 0.139 0.658 0.494
104.240 7 0.464 0.139 0.662 0.492
104.280 7 0.463 0.139 0.661 0.492
104.320 7 0.466 0.142 0.666 0.494
104.360 7 0.463 0.139 0.662 0.494
104.400 7 0.472 0.133 0.672 0.492
104.440 7 0.466 0.131 0.666 0.486
104.480 7 0.473 0.131 0.675 0.486
104.520 7 0.467 0.131 0.667 0.486
104.560 7 0.473 0.133 0.673 0.489
104.600 7 0.467 0.136 0.666 0.492
104.640 7 0.470 0.142 0.669 0.494
104.680 7 0.466 0.144 0.662 0.494
104.720 7 0.467 0.144 0.666 0.497
104.760 7 0.461 0.147 0.658 0.497
104.800 7 0.464 0.150 0.661 0.500
104.840 7 0.458 0.150 0.655 0.497
104.880 7 0.459 0.150 0.656 0.497
104.920 7 0.456 0.147 0.650 0.492
104.960 7 0.458 0.144 0.652 0.489
105.000 7 0.456 0.142 0.650 0.486
105.040 7 0.455 0.139 0.647 0.481
105.080 7 0.459 0.136 0.653 0.478
105.120 7 0.458 0.133 0.652 0.475
105.160 7 0.464 0.131 0.656 0.472
105.200 7 0.470 0.131 0.662 0.472
105.240 7 0.472 0.128 0.664 0.469
105.280 7 0.478 0.122 0.670 0.464
105.320 7 0.484 0.122 0.677 0.464
105.360 7 0.483 0.119 0.675 0.464
105.400 7 0.489 0.119 0.681 0.464
105.440 7 0.486 0.122 0.680 0.467
105.480 7 0.486 0.125 0.678 0.467
105.520 7 0.483 0.125 0.677 0.469
105.560 7 0.483 0.131 0.675 0.472
105.600 7 0.478 0.131 0.672 0.475
105.640 7 0.475 0.131 0.670 0.478
105.680 7 0.469 0.131 0.664 0.478
105.720 7 0.470 0.133 0.666 0.481
105.760 7 0.464 0.136 0.661 0.486
105.800 7 0.456 0.142 0.655 0.494
105.840 7 0.456 0.150 0.656 0.503
105.880 7 0.448 0.156 0.648 0.511
105.920 7 0.450 0.153 0.650 0.508
105.960 7 0.444 0.144 0.645 0.500
106.000 7 0.445 0.131 0.648 0.489
106.040 7 0.442 0.122 0.644 0.481
106.080 7 0.442 0.119 0.642 0.475
106.120 7 0.442 0.125 0.641 0.478
106.160 7 0.439 0.133 0.637 0.486
106.200 7 0.439 0.139 0.637 0.492
106.240 7 0.441 0.142 0.639 0.494
106.280 7 0.439 0.139 0.639 0.494
106.320 7 0.442 0.133 0.644 0.489
106.360 7 0.420 0.067 0.664 0.503
106.400 7 0.420 0.067 0.664 0.500
106.440 7 0.420 0.069 0.664 0.503
106.480 7 0.425 0.075 0.669 0.508
106.520 7 0.425 0.089 0.667 0.517
106.560 7 0.423 0.103 0.664 0.528
106.600 7 0.425 0.106 0.667 0.536
106.640 7 0.425 0.106 0.667 0.536
106.680 7 0.434 0.103 0.675 0.533
106.720 7 0.442 0.103 0.683 0.533
106.760 7 0.455 0.106 0.695 0.531
106.800 7 0.458 0.106 0.698 0.533
106.840 7 0.459 0.106 0.698 0.533
106.880 7 0.455 0.103 0.695 0.531
106.920 7 0.452 0.094 0.692 0.525
106.960 7 0.438 0.089 0.680 0.519
107.000 7 0.444 0.089 0.684 0.517
107.040 7 0.436 0.089 0.675 0.514
107.080 7 0.438 0.094 0.677 0.519
107.120 7 0.439 0.100 0.678 0.525
107.160 7 0.439 0.100 0.678 0.525
107.200 7 0.447 0.097 0.686 0.522
107.240 7 0.445 0.092 0.684 0.517
107.280 7 0.455 0.089 0.692 0.511
107.320 7 0.456 0.092 0.692 0.511
107.360 7 0.469 0.094 0.706 0.514
107.400 7 0.464 0.097 0.700 0.519
107.440 7 0.470 0.097 0.708 0.519
107.480 7 0.478 0.094 0.716 0.517
107.520 7 0.477 0.092 0.713 0.511
107.560 7 0.484 0.092 0.720 0.511
107.600 7 0.486 0.097 0.720 0.514
107.640 7 0.487 0.106 0.720 0.519
107.680 7 0.492 0.114 0.727 0.531
107.720 7 0.494 0.128 0.723 0.536
107.760 7 0.487 0.131 0.719 0.542
107.800 7 0.486 0.131 0.714 0.539
107.840 7 0.495 0.125 0.719 0.525
107.880 7 0.484 0.117 0.708 0.514
107.920 7 0.492 0.114 0.714 0.508
107.960 7 0.494 0.117 0.716 0.511
108.000 7 0.497 0.119 0.719 0.514
108.040 7 0.500 0.122 0.723 0.522
108.080 7 0.500 0.125 0.727 0.528
108.120 7 0.502 0.122 0.730 0.528
108.160 7 0.500 0.119 0.728 0.525
108.200 7 0.506 0.119 0.734 0.525
108.240 7 0.505 0.117 0.733 0.525
108.280 7 0.503 0.114 0.731 0.519
108.320 7 0.500 0.111 0.728 0.517
108.360 7 0.498 0.111 0.723 0.514
108.400 7 0.495 0.111 0.719 0.508
108.440 7 0.491 0.108 0.714 0.506
108.480 7 0.487 0.103 0.711 0.503
108.520 7 0.481 0.094 0.708 0.500
108.560 7 0.480 0.089 0.708 0.494
108.600 7 0.470 0.086 0.695 0.486
108.640 7 0.467 0.081 0.692 0.481
108.680 7 0.466 0.078 0.694 0.483
108.720 7 0.459 0.078 0.689 0.486
108.760 7 0.452 0.081 0.684 0.494
108.800 7 0.450 0.089 0.681 0.503
108.840 7 0.441 0.092 0.681 0.519
108.880 7 0.430 0.111 0.675 0.547
108.920 7 0.428 0.122 0.670 0.556
108.960 7 0.419 0.122 0.664 0.558
109.000 7 0.417 0.122 0.659 0.553
109.040 7 0.417 0.125 0.655 0.547
109.080 7 0.412 0.122 0.652 0.547
109.120 7 0.405 0.119 0.648 0.553
109.160 7 0.409 0.125 0.653 0.561
109.200 7 0.408 0.122 0.656 0.564
109.240 7 0.416 0.119 0.662 0.558
109.280 7 0.416 0.125 0.655 0.550
109.320 7 0.417 0.122 0.653 0.544
109.360 7 0.420 0.117 0.662 0.547
109.400 7 0.412 0.117 0.653 0.544
109.440 7 0.416 0.117 0.658 0.550
109.480 7 0.416 0.119 0.659 0.553
109.520 7 0.419 0.122 0.661 0.556
109.560 7 0.420 0.122 0.664 0.556
109.600 7 0.427 0.119 0.675 0.561
109.640 7 0.433 0.119 0.681 0.561
109.680 7 0.436 0.125 0.677 0.553
109.720 7 0.452 0.125 0.688 0.547
109.760 7 0.456 0.117 0.697 0.544
109.800 7 0.461 0.111 0.705 0.544
109.840 7 0.466 0.106 0.711 0.542
109.880 7 0.473 0.100 0.719 0.533
109.840 8 0.502 0.211 0.692 0.550
109.880 8 0.508 0.200 0.698 0.539
109.920 8 0.514 0.192 0.706 0.533
109.960 8 0.522 0.189 0.720 0.544
110.000 8 0.527 0.183 0.728 0.542
110.040 8 0.536 0.183 0.733 0.536
110.080 8 0.525 0.181 0.722 0.531
110.120 8 0.522 0.178 0.720 0.531
110.160 8 0.520 0.172 0.720 0.531
110.200 8 0.525 0.167 0.738 0.544
110.240 8 0.530 0.161 0.747 0.547
110.280 8 0.536 0.164 0.750 0.547
110.320 8 0.537 0.167 0.753 0.550
110.360 8 0.537 0.164 0.755 0.553
110.400 8 0.534 0.161 0.755 0.553
110.440 8 0.533 0.156 0.755 0.553
110.480 8 0.531 0.153 0.755 0.547
110.520 8 0.530 0.150 0.752 0.547
110.560 8 0.522 0.150 0.745 0.547
110.600 8 0.525 0.158 0.745 0.550
110.640 8 0.522 0.164 0.736 0.547
110.680 8 0.522 0.167 0.733 0.542
110.720 8 0.511 0.164 0.722 0.536
110.760 8 0.506 0.161 0.719 0.539
119.920 9 0.480 0.117 0.697 0.503
119.960 9 0.486 0.117 0.703 0.503
120.000 9 0.483 0.142 0.684 0.500
120.040 9 0.473 0.144 0.683 0.517
120.080 9 0.463 0.153 0.673 0.528
120.120 9 0.459 0.158 0.672 0.536
120.160 9 0.458 0.164 0.669 0.539
120.200 9 0.458 0.167 0.669 0.542
120.240 9 0.455 0.167 0.669 0.547
120.280 9 0.452 0.169 0.666 0.550
120.320 9 0.448 0.167 0.662 0.547
120.360 9 0.447 0.164 0.661 0.544
120.400 9 0.447 0.158 0.662 0.542
120.440 9 0.450 0.156 0.666 0.536
120.480 9 0.450 0.147 0.667 0.536
120.520 9 0.450 0.150 0.667 0.533
120.560 9 0.452 0.153 0.669 0.539
120.600 9 0.452 0.158 0.669 0.544
120.640 9 0.448 0.153 0.672 0.550
120.680 9 0.445 0.150 0.669 0.550
120.720 9 0.453 0.150 0.675 0.542
120.760 9 0.452 0.147 0.670 0.536
120.800 9 0.458 0.144 0.680 0.539
120.840 9 0.456 0.142 0.678 0.536
120.880 9 0.464 0.142 0.686 0.533
120.920 9 0.466 0.136 0.688 0.531
120.960 9 0.473 0.136 0.695 0.533
121.000 9 0.472 0.122 0.714 0.553
121.040 9 0.497 0.139 0.717 0.528
121.080 9 0.500 0.139 0.719 0.528
121.120 9 0.508 0.142 0.723 0.525
121.160 9 0.509 0.136 0.727 0.522
121.200 9 0.514 0.133 0.730 0.517
121.240 9 0.516 0.133 0.730 0.517
121.280 9 0.511 0.133 0.728 0.519
121.320 9 0.516 0.136 0.733 0.522
121.360 9 0.509 0.139 0.725 0.522
121.400 9 0.514 0.139 0.728 0.522
121.440 9 0.511 0.136 0.727 0.519
121.480 9 0.511 0.139 0.723 0.517
121.520 9 0.516 0.142 0.725 0.517
121.560 9 0.516 0.142 0.728 0.519
121.600 9 0.512 0.142 0.728 0.525
121.640 9 0.514 0.139 0.731 0.528
121.680 9 0.511 0.136 0.731 0.525
121.720 9 0.509 0.136 0.728 0.525
121.760 9 0.500 0.136 0.719 0.528
121.800 9 0.497 0.142 0.716 0.531
121.840 9 0.489 0.142 0.705 0.525
121.880 9 0.486 0.142 0.700 0.522
121.920 9 0.489 0.139 0.703 0.519
121.960 9 0.486 0.133 0.700 0.517
122.000 9 0.505 0.142 0.706 0.500
122.040 9 0.487 0.106 0.714 0.508
122.080 9 0.483 0.103 0.706 0.497
122.120 9 0.489 0.094 0.709 0.486
122.160 9 0.483 0.086 0.703 0.478
122.200 9 0.486 0.083 0.706 0.478
122.240 9 0.475 0.081 0.702 0.483
122.280 9 0.477 0.086 0.703 0.486
122.320 9 0.470 0.083 0.697 0.486
122.360 9 0.469 0.083 0.692 0.481
122.400 9 0.469 0.086 0.689 0.481
122.440 9 0.464 0.092 0.688 0.489
122.480 9 0.461 0.094 0.689 0.500
122.520 9 0.461 0.103 0.688 0.506
122.560 9 0.458 0.103 0.689 0.511
122.600 9 0.458 0.106 0.683 0.506
122.640 9 0.463 0.103 0.684 0.497
122.680 9 0.464 0.097 0.688 0.494
122.720 9 0.469 0.097 0.689 0.489
122.760 9 0.472 0.100 0.691 0.489
122.800 9 0.475 0.100 0.694 0.489
122.840 9 0.478 0.103 0.695 0.489
122.880 9 0.481 0.106 0.698 0.492
122.920 9 0.484 0.108 0.702 0.492
122.960 9 0.487 0.111 0.698 0.486
123.000 9 0.472 0.075 0.714 0.506
123.040 9 0.461 0.056 0.719 0.517
123.080 9 0.466 0.061 0.720 0.511
123.120 9 0.466 0.064 0.716 0.508
123.160 9 0.469 0.064 0.720 0.514
123.200 9 0.466 0.061 0.717 0.511
123.240 9 0.464 0.061 0.716 0.508
123.280 9 0.464 0.069 0.708 0.503
123.320 9 0.461 0.072 0.705 0.506
123.360 9 0.458 0.078 0.700 0.506
123.400 9 0.453 0.075 0.695 0.506
123.440 9 0.452 0.069 0.694 0.500
123.480 9 0.447 0.067 0.691 0.497
123.520 9 0.445 0.064 0.689 0.497
123.560 9 0.438 0.061 0.688 0.503
123.600 9 0.433 0.064 0.677 0.497
123.640 9 0.434 0.067 0.680 0.503
123.680 9 0.428 0.069 0.672 0.503
123.720 9 0.430 0.067 0.677 0.503
123.760 9 0.430 0.064 0.672 0.494
123.800 9 0.434 0.064 0.677 0.494
123.840 9 0.430 0.067 0.669 0.492
123.880 9 0.434 0.072 0.673 0.494
123.920 9 0.427 0.075 0.664 0.500
123.960 9 0.433 0.086 0.664 0.497
124.000 9 0.417 0.075 0.659 0.506
124.040 9 0.422 0.078 0.659 0.503
124.080 9 0.427 0.081 0.664 0.506
124.120 9 0.430 0.081 0.669 0.506
124.160 9 0.433 0.081 0.672 0.508
124.200 9 0.434 0.083 0.673 0.511
124.240 9 0.438 0.086 0.673 0.508
124.280 9 0.438 0.083 0.675 0.508
124.320 9 0.438 0.081 0.678 0.508
124.360 9 0.441 0.081 0.680 0.508
124.400 9 0.441 0.081 0.680 0.508
124.440 9 0.438 0.081 0.678 0.511
124.480 9 0.442 0.078 0.686 0.511
124.520 9 0.439 0.081 0.680 0.508
124.560 9 0.447 0.078 0.686 0.508
124.600 9 0.441 0.078 0.681 0.508
124.640 9 0.453 0.083 0.691 0.508
124.680 9 0.447 0.089 0.681 0.508
124.720 9 0.455 0.092 0.689 0.508
124.760 9 0.444 0.086 0.684 0.517
124.800 9 0.445 0.086 0.684 0.514
124.840 9 0.444 0.086 0.683 0.514
124.880 9 0.442 0.083 0.683 0.514
124.920 9 0.439 0.078 0.683 0.511
124.960 9 0.439 0.075 0.683 0.508
125.000 9 0.445 0.075 0.686 0.506
125.040 9 0.445 0.086 0.673 0.494
125.080 9 0.445 0.078 0.683 0.506
125.120 9 0.445 0.078 0.686 0.508
125.160 9 0.445 0.081 0.688 0.511
125.200 9 0.447 0.081 0.689 0.514
125.240 9 0.447 0.083 0.688 0.517
125.280 9 0.445 0.097 0.677 0.511
125.320 9 0.448 0.097 0.681 0.514
125.360 9 0.455 0.094 0.688 0.511
125.400 9 0.447 0.081 0.684 0.506
125.440 9 0.456 0.081 0.689 0.494
125.480 9 0.448 0.069 0.689 0.503
125.520 9 0.448 0.072 0.689 0.506
125.560 9 0.438 0.078 0.684 0.517
125.600 9 0.441 0.081 0.686 0.519
125.640 9 0.439 0.075 0.684 0.514
125.680 9 0.447 0.072 0.689 0.503
125.720 9 0.444 0.064 0.688 0.497
125.760 9 0.450 0.061 0.697 0.503
125.800 9 0.459 0.064 0.705 0.503
125.840 9 0.470 0.067 0.709 0.497
125.880 9 0.478 0.064 0.717 0.492
125.920 9 0.486 0.058 0.725 0.486
125.960 9 0.492 0.056 0.730 0.481
126.000 9 0.489 0.050 0.730 0.481
126.040 9 0.491 0.053 0.730 0.481
126.080 9 0.484 0.056 0.722 0.481
126.120 9 0.487 0.058 0.723 0.478
126.160 9 0.487 0.058 0.720 0.475
126.200 9 0.492 0.056 0.727 0.475
126.240 9 0.487 0.056 0.720 0.472
126.280 9 0.486 0.053 0.720 0.472
126.320 9 0.484 0.050 0.720 0.472
126.360 9 0.481 0.050 0.717 0.472
126.400 9 0.473 0.050 0.711 0.475
126.440 9 0.478 0.053 0.714 0.472
126.480 9 0.480 0.053 0.713 0.472
126.520 9 0.480 0.056 0.714 0.475
126.560 9 0.480 0.056 0.716 0.475
126.600 9 0.480 0.056 0.716 0.478
126.640 9 0.484 0.053 0.723 0.481
126.680 9 0.473 0.053 0.713 0.478
126.720 9 0.481 0.053 0.720 0.481
126.760 9 0.480 0.053 0.717 0.475
126.800 9 0.486 0.047 0.725 0.478
126.840 9 0.481 0.047 0.722 0.475
126.880 9 0.487 0.044 0.731 0.481
126.920 9 0.484 0.044 0.727 0.478
126.960 9 0.492 0.044 0.736 0.481
127.000 9 0.484 0.044 0.727 0.478
127.040 9 0.487 0.050 0.728 0.483
127.080 9 0.481 0.056 0.723 0.489
127.120 9 0.484 0.061 0.727 0.494
127.160 9 0.478 0.061 0.722 0.494
127.200 9 0.486 0.056 0.730 0.492
127.240 9 0.483 0.053 0.725 0.486
127.280 9 0.481 0.050 0.723 0.483
127.320 9 0.473 0.053 0.717 0.486
127.360 9 0.477 0.058 0.719 0.492
127.400 9 0.469 0.064 0.711 0.497
127.440 9 0.472 0.067 0.714 0.500
127.480 9 0.470 0.067 0.713 0.500
127.520 9 0.469 0.061 0.711 0.497
127.560 9 0.466 0.056 0.709 0.492
127.600 9 0.464 0.053 0.708 0.486
127.640 9 0.470 0.050 0.713 0.483
127.680 9 0.463 0.053 0.703 0.483
127.720 9 0.467 0.061 0.709 0.492
127.760 9 0.469 0.067 0.709 0.500
127.800 9 0.461 0.072 0.703 0.506
127.840 9 0.464 0.075 0.706 0.508
127.880 9 0.458 0.089 0.692 0.508
127.920 9 0.461 0.089 0.697 0.511
127.960 9 0.455 0.089 0.692 0.511
128.000 9 0.459 0.092 0.697 0.514
128.040 9 0.453 0.092 0.692 0.517
128.080 9 0.456 0.094 0.695 0.522
128.120 9 0.447 0.094 0.689 0.528
128.160 9 0.444 0.100 0.686 0.531
128.200 9 0.438 0.106 0.680 0.536
128.240 9 0.441 0.108 0.683 0.539
128.280 9 0.442 0.108 0.684 0.544
128.320 9 0.442 0.111 0.688 0.547
128.360 9 0.445 0.108 0.689 0.544
128.400 9 0.447 0.108 0.691 0.544
128.440 9 0.448 0.108 0.692 0.542
128.480 9 0.452 0.106 0.697 0.542
128.520 9 0.452 0.106 0.697 0.544
128.560 9 0.456 0.106 0.702 0.544
128.600 9 0.455 0.106 0.698 0.542
128.640 9 0.463 0.106 0.706 0.542
128.680 9 0.466 0.103 0.711 0.539
128.720 9 0.466 0.092 0.716 0.539
128.760 9 0.470 0.097 0.716 0.533
128.800 9 0.475 0.097 0.717 0.531
128.840 9 0.470 0.100 0.714 0.533
128.880 9 0.473 0.106 0.716 0.539
128.920 9 0.473 0.108 0.716 0.542
128.960 9 0.475 0.108 0.717 0.542
129.000 9 0.472 0.122 0.714 0.553
129.040 9 0.472 0.128 0.716 0.561
129.080 9 0.463 0.128 0.711 0.569
129.120 9 0.467 0.131 0.714 0.569
129.160 9 0.466 0.128 0.713 0.567
129.200 9 0.473 0.122 0.719 0.558
129.240 9 0.467 0.114 0.714 0.550
129.280 9 0.475 0.103 0.723 0.544
129.320 9 0.472 0.100 0.719 0.539
129.360 9 0.481 0.094 0.725 0.528
129.400 9 0.481 0.089 0.725 0.522
129.440 9 0.492 0.092 0.730 0.514
129.480 9 0.491 0.089 0.730 0.517
129.520 9 0.492 0.092 0.731 0.519
129.560 9 0.495 0.097 0.734 0.522
129.600 9 0.497 0.100 0.738 0.525
129.640 9 0.498 0.100 0.739 0.528
129.680 9 0.500 0.100 0.741 0.531
129.720 9 0.506 0.100 0.748 0.531
129.760 9 0.503 0.100 0.744 0.528
129.800 9 0.508 0.097 0.750 0.528
129.840 9 0.503 0.097 0.745 0.528
156.520 10 -0.016 0.389 0.041 0.489
156.560 10 -0.003 0.389 0.053 0.489
156.600 10 0.005 0.378 0.061 0.478
156.640 10 0.016 0.372 0.073 0.475
156.680 10 0.027 0.364 0.084 0.467
156.720 10 0.034 0.356 0.092 0.458
156.760 10 0.048 0.350 0.106 0.453
156.800 10 0.059 0.347 0.117 0.450
156.840 10 0.073 0.350 0.131 0.453
156.880 10 0.087 0.356 0.144 0.458
156.920 10 0.102 0.364 0.159 0.467
156.960 10 0.117 0.378 0.175 0.478
157.000 10 0.133 0.383 0.189 0.483
157.040 10 0.148 0.389 0.205 0.489
157.080 10 0.166 0.386 0.222 0.489
157.120 10 0.181 0.386 0.237 0.486
157.160 10 0.195 0.383 0.252 0.483
157.200 10 0.208 0.378 0.264 0.478
157.240 10 0.222 0.375 0.278 0.475
157.280 10 0.234 0.372 0.291 0.472
157.320 10 0.244 0.378 0.302 0.478
157.360 10 0.258 0.383 0.314 0.483
157.400 10 0.270 0.392 0.327 0.492
157.440 10 0.284 0.403 0.341 0.503
157.480 10 0.300 0.408 0.355 0.506
157.520 10 0.312 0.417 0.369 0.514
157.560 10 0.327 0.414 0.383 0.514
157.600 10 0.342 0.411 0.397 0.511
157.640 10 0.356 0.406 0.411 0.506
157.680 10 0.372 0.400 0.427 0.497
157.720 10 0.388 0.392 0.442 0.489
157.760 10 0.405 0.386 0.461 0.483
157.800 10 0.422 0.386 0.477 0.483
157.840 10 0.439 0.389 0.494 0.486
157.880 10 0.458 0.397 0.512 0.492
157.920 10 0.477 0.406 0.531 0.503
157.960 10 0.495 0.419 0.552 0.517
158.000 10 0.516 0.428 0.572 0.528
158.040 10 0.537 0.433 0.592 0.533
158.080 10 0.559 0.436 0.614 0.533
158.120 10 0.580 0.433 0.634 0.531
158.160 10 0.600 0.428 0.655 0.528
158.200 10 0.622 0.422 0.677 0.522
158.240 10 0.641 0.419 0.697 0.519
158.280 10 0.659 0.422 0.716 0.522
158.960 11 0.617 0.172 0.853 0.589
159.000 11 0.606 0.172 0.848 0.600
159.040 11 0.605 0.172 0.850 0.606
159.080 11 0.602 0.172 0.847 0.606
159.120 11 0.600 0.172 0.845 0.608
159.160 11 0.591 0.175 0.836 0.611
159.200 11 0.589 0.181 0.834 0.617
159.240 11 0.586 0.181 0.831 0.617
159.280 11 0.581 0.175 0.828 0.611
159.320 11 0.580 0.167 0.825 0.603
159.360 11 0.577 0.161 0.823 0.597
159.400 11 0.575 0.158 0.822 0.597
159.440 11 0.572 0.164 0.819 0.600
159.480 11 0.577 0.169 0.823 0.606
159.520 11 0.570 0.172 0.814 0.606
159.560 11 0.573 0.169 0.817 0.603
159.600 11 0.566 0.164 0.809 0.597
159.640 11 0.570 0.161 0.811 0.589
159.680 11 0.562 0.161 0.805 0.589
159.720 11 0.569 0.164 0.811 0.592
159.760 11 0.566 0.167 0.806 0.592
159.800 11 0.567 0.167 0.811 0.597
159.840 11 0.567 0.164 0.812 0.600
159.880 11 0.570 0.164 0.816 0.597
159.920 11 0.572 0.164 0.814 0.594
159.960 11 0.572 0.167 0.814 0.597
160.000 11 0.580 0.172 0.820 0.600
160.040 11 0.588 0.181 0.812 0.581
160.080 11 0.589 0.183 0.814 0.583
160.120 11 0.592 0.189 0.816 0.586
160.160 11 0.588 0.192 0.809 0.586
160.200 11 0.591 0.192 0.812 0.586
160.240 11 0.586 0.192 0.808 0.586
160.280 11 0.589 0.192 0.811 0.586
160.320 11 0.581 0.194 0.803 0.586
160.360 11 0.586 0.197 0.806 0.592
160.400 11 0.580 0.203 0.802 0.597
160.440 11 0.584 0.206 0.806 0.600
160.480 11 0.578 0.208 0.800 0.603
160.520 11 0.583 0.208 0.806 0.606
160.560 11 0.573 0.208 0.797 0.606
160.600 11 0.583 0.211 0.803 0.603
160.640 11 0.577 0.214 0.798 0.608
160.680 11 0.583 0.219 0.805 0.614
160.720 11 0.580 0.222 0.798 0.614
160.760 11 0.588 0.222 0.809 0.617
160.800 11 0.580 0.219 0.802 0.611
160.840 11 0.589 0.214 0.811 0.608
160.880 11 0.583 0.214 0.802 0.603
160.920 11 0.586 0.211 0.809 0.608
160.960 11 0.583 0.214 0.803 0.606
161.000 11 0.594 0.222 0.795 0.581
161.040 11 0.594 0.217 0.800 0.581
161.080 11 0.595 0.211 0.802 0.581
161.120 11 0.597 0.211 0.803 0.578
161.160 11 0.597 0.206 0.805 0.575
161.200 11 0.597 0.206 0.805 0.575
161.240 11 0.597 0.206 0.805 0.575
161.280 11 0.597 0.203 0.805 0.575
161.320 11 0.595 0.200 0.803 0.572
161.360 11 0.603 0.206 0.808 0.569
161.400 11 0.595 0.206 0.800 0.569
161.440 11 0.598 0.203 0.809 0.578
161.480 11 0.597 0.203 0.805 0.572
161.520 11 0.594 0.206 0.802 0.572
161.560 11 0.598 0.206 0.806 0.575
161.600 11 0.595 0.203 0.806 0.578
161.640 11 0.594 0.208 0.803 0.581
161.680 11 0.598 0.208 0.809 0.583
161.720 11 0.598 0.208 0.809 0.583
161.760 11 0.600 0.206 0.811 0.581
161.800 11 0.602 0.203 0.812 0.578
161.840 11 0.603 0.200 0.816 0.575
161.880 11 0.605 0.197 0.816 0.572
161.920 11 0.606 0.194 0.817 0.569
161.960 11 0.608 0.197 0.817 0.569
162.000 11 0.602 0.197 0.811 0.569
162.040 11 0.603 0.200 0.812 0.572
162.080 11 0.597 0.203 0.805 0.575
162.120 11 0.600 0.208 0.806 0.575
162.160 11 0.592 0.208 0.800 0.578
162.200 11 0.594 0.208 0.803 0.578
162.240 11 0.589 0.200 0.800 0.578
162.280 11 0.592 0.197 0.805 0.575
162.320 11 0.589 0.192 0.803 0.572
162.360 11 0.597 0.189 0.809 0.567
162.400 11 0.597 0.186 0.808 0.561
162.440 11 0.606 0.186 0.812 0.556
162.480 11 0.605 0.181 0.812 0.553
162.520 11 0.611 0.183 0.819 0.553
162.560 11 0.603 0.186 0.809 0.550
162.600 11 0.605 0.192 0.811 0.556
162.640 11 0.598 0.194 0.798 0.550
162.680 11 0.606 0.192 0.808 0.550
162.720 11 0.603 0.186 0.806 0.547
162.760 11 0.608 0.181 0.814 0.547
162.800 11 0.605 0.178 0.811 0.547
162.840 11 0.603 0.178 0.808 0.544
162.880 11 0.602 0.178 0.806 0.542
162.920 11 0.598 0.175 0.806 0.544
162.960 11 0.595 0.181 0.803 0.550
163.000 11 0.594 0.183 0.795 0.542
163.040 11 0.575 0.164 0.797 0.561
163.080 11 0.562 0.158 0.791 0.564
163.120 11 0.556 0.167 0.781 0.567
163.160 11 0.547 0.164 0.772 0.567
163.200 11 0.539 0.169 0.764 0.567
163.240 11 0.531 0.167 0.756 0.567
163.280 11 0.523 0.167 0.747 0.567
163.320 11 0.525 0.169 0.747 0.564
163.360 11 0.519 0.167 0.741 0.561
163.400 11 0.519 0.167 0.742 0.564
163.440 11 0.514 0.169 0.736 0.567
163.480 11 0.516 0.169 0.742 0.569
163.520 11 0.509 0.169 0.734 0.569
163.560 11 0.512 0.169 0.739 0.572
163.600 11 0.508 0.172 0.731 0.569
163.640 11 0.506 0.169 0.731 0.572
163.680 11 0.509 0.169 0.734 0.569
163.720 11 0.502 0.167 0.727 0.567
163.760 11 0.506 0.167 0.728 0.564
163.800 11 0.500 0.169 0.720 0.561
163.840 11 0.500 0.172 0.722 0.567
163.880 11 0.494 0.178 0.713 0.569
163.920 11 0.494 0.178 0.717 0.575
163.960 11 0.484 0.178 0.708 0.572
164.000 11 0.492 0.178 0.714 0.572
164.040 11 0.486 0.175 0.708 0.567
164.080 11 0.494 0.172 0.713 0.561
164.120 11 0.489 0.167 0.711 0.558
164.160 11 0.498 0.169 0.717 0.556
164.200 11 0.498 0.167 0.717 0.556
164.240 11 0.497 0.161 0.722 0.558
164.280 11 0.502 0.164 0.722 0.556
164.320 11 0.503 0.164 0.723 0.556
164.360 11 0.495 0.158 0.720 0.558
164.400 11 0.503 0.158 0.728 0.558
164.440 11 0.492 0.158 0.717 0.558
164.480 11 0.498 0.156 0.725 0.558
164.520 11 0.487 0.153 0.713 0.553
164.560 11 0.489 0.158 0.713 0.556
164.600 11 0.486 0.158 0.709 0.553
164.640 11 0.491 0.158 0.709 0.547
164.680 11 0.491 0.150 0.713 0.544
164.720 11 0.492 0.147 0.713 0.539
164.760 11 0.491 0.144 0.711 0.536
164.800 11 0.489 0.142 0.708 0.533
164.840 11 0.487 0.144 0.706 0.533
164.880 11 0.484 0.144 0.706 0.539
164.920 11 0.484 0.144 0.706 0.539
164.960 11 0.484 0.142 0.708 0.539
165.000 11 0.472 0.122 0.714 0.553
165.040 11 0.484 0.144 0.713 0.550
165.080 11 0.491 0.147 0.716 0.547
165.120 11 0.487 0.144 0.713 0.544
165.160 11 0.497 0.147 0.717 0.542
165.200 11 0.495 0.144 0.717 0.542
165.240 11 0.495 0.147 0.716 0.542
165.280 11 0.500 0.147 0.720 0.542
165.320 11 0.506 0.150 0.720 0.533
165.360 11 0.508 0.150 0.723 0.536
165.400 11 0.511 0.153 0.727 0.536
165.440 11 0.512 0.156 0.728 0.536
165.480 11 0.520 0.156 0.734 0.539
165.520 11 0.519 0.158 0.734 0.542
165.560 11 0.527 0.161 0.742 0.544
165.600 11 0.534 0.164 0.747 0.544
165.640 11 0.536 0.167 0.748 0.544
165.680 11 0.544 0.169 0.755 0.544
165.720 11 0.548 0.172 0.761 0.550
165.760 11 0.552 0.172 0.764 0.550
165.800 11 0.555 0.169 0.769 0.550
165.840 11 0.556 0.167 0.770 0.547
165.880 11 0.558 0.164 0.772 0.547
165.920 11 0.559 0.167 0.772 0.544
165.960 11 0.559 0.164 0.773 0.544
166.000 11 0.572 0.183 0.773 0.542
166.040 11 0.564 0.172 0.780 0.556
166.080 11 0.575 0.175 0.787 0.553
166.120 11 0.580 0.178 0.792 0.556
166.160 11 0.583 0.178 0.794 0.553
166.200 11 0.577 0.178 0.789 0.553
166.240 11 0.567 0.175 0.778 0.550
166.280 11 0.567 0.172 0.780 0.550
166.320 11 0.564 0.175 0.773 0.550
166.360 11 0.559 0.175 0.770 0.550
166.400 11 0.550 0.172 0.762 0.550
166.440 11 0.539 0.169 0.752 0.547
166.480 11 0.536 0.169 0.747 0.544
166.520 11 0.528 0.169 0.738 0.542
166.560 11 0.525 0.169 0.736 0.544
166.600 11 0.517 0.169 0.728 0.544
166.640 11 0.514 0.167 0.727 0.544
166.680 11 0.512 0.167 0.722 0.542
166.720 11 0.506 0.167 0.714 0.536
166.760 11 0.509 0.167 0.716 0.536
166.800 11 0.503 0.167 0.711 0.536
166.840 11 0.509 0.175 0.713 0.536
166.880 11 0.503 0.175 0.709 0.542
166.920 11 0.506 0.178 0.711 0.542
166.960 11 0.508 0.181 0.713 0.544
167.000 11 0.505 0.183 0.706 0.542
167.040 11 0.495 0.169 0.713 0.556
167.080 11 0.494 0.169 0.708 0.553
167.120 11 0.495 0.167 0.711 0.550
167.160 11 0.495 0.167 0.711 0.547
167.200 11 0.495 0.164 0.709 0.544
167.240 11 0.495 0.161 0.709 0.544
167.280 11 0.495 0.164 0.709 0.547
167.320 11 0.494 0.169 0.708 0.550
167.360 11 0.491 0.172 0.708 0.556
167.400 11 0.497 0.178 0.713 0.561
167.440 11 0.494 0.183 0.705 0.558
167.480 11 0.492 0.181 0.705 0.558
167.520 11 0.480 0.178 0.694 0.561
167.560 11 0.480 0.172 0.695 0.556
167.600 11 0.475 0.167 0.688 0.544
167.640 11 0.481 0.156 0.695 0.539
167.680 11 0.481 0.156 0.694 0.533
167.720 11 0.492 0.158 0.705 0.539
167.760 11 0.484 0.150 0.705 0.544
167.800 11 0.480 0.150 0.703 0.547
167.840 11 0.486 0.158 0.705 0.547
167.880 11 0.480 0.156 0.702 0.550
167.920 11 0.481 0.150 0.703 0.544
167.960 11 0.481 0.144 0.705 0.539
168.000 11 0.472 0.122 0.714 0.553
168.040 11 0.477 0.108 0.719 0.536
168.080 11 0.472 0.103 0.716 0.536
168.120 11 0.481 0.106 0.722 0.533
168.160 11 0.477 0.100 0.719 0.531
168.200 11 0.487 0.103 0.723 0.522
168.240 11 0.486 0.097 0.722 0.517
168.280 11 0.497 0.094 0.728 0.506
168.320 11 0.494 0.092 0.725 0.503
168.360 11 0.500 0.089 0.734 0.503
168.400 11 0.500 0.086 0.736 0.506
168.440 11 0.497 0.086 0.733 0.503
168.480 11 0.503 0.089 0.738 0.506
168.520 11 0.502 0.092 0.736 0.508
168.560 11 0.503 0.094 0.736 0.508
168.600 11 0.505 0.097 0.738 0.511
168.640 11 0.509 0.097 0.744 0.514
168.680 11 0.517 0.100 0.752 0.517
168.720 11 0.522 0.097 0.761 0.522
168.760 11 0.519 0.100 0.758 0.525
168.800 11 0.514 0.100 0.755 0.531
168.840 11 0.506 0.106 0.745 0.533
168.880 11 0.502 0.103 0.742 0.533
168.920 11 0.497 0.103 0.738 0.531
168.960 11 0.500 0.100 0.742 0.528
169.000 11 0.498 0.075 0.741 0.506
169.040 11 0.498 0.081 0.745 0.522
169.080 11 0.503 0.083 0.747 0.517
169.120 11 0.495 0.086 0.739 0.517
169.160 11 0.497 0.092 0.739 0.522
169.200 11 0.492 0.100 0.728 0.519
169.240 11 0.498 0.103 0.734 0.522
169.280 11 0.497 0.108 0.730 0.522
169.320 11 0.503 0.111 0.736 0.525
169.360 11 0.502 0.114 0.733 0.525
169.400 11 0.508 0.114 0.741 0.528
169.440 11 0.505 0.114 0.739 0.531
169.480 11 0.509 0.111 0.748 0.536
169.520 11 0.506 0.111 0.745 0.536
169.560 11 0.511 0.111 0.748 0.533
169.600 11 0.514 0.111 0.752 0.533
169.640 11 0.516 0.111 0.752 0.531
169.680 11 0.517 0.108 0.753 0.531
169.720 11 0.519 0.106 0.756 0.531
169.760 11 0.522 0.108 0.762 0.533
169.800 11 0.517 0.108 0.753 0.528
169.840 11 0.522 0.108 0.762 0.536
169.880 11 0.516 0.108 0.755 0.531
169.920 11 0.522 0.111 0.759 0.531
169.960 11 0.517 0.111 0.753 0.531
170.000 11 0.525 0.122 0.767 0.553
170.040 11 0.520 0.097 0.772 0.544
170.080 11 0.522 0.097 0.775 0.547
170.120 11 0.519 0.097 0.770 0.547
170.160 11 0.522 0.097 0.778 0.550
170.200 11 0.517 0.100 0.772 0.553
170.240 11 0.519 0.097 0.778 0.558
170.280 11 0.508 0.092 0.772 0.561
170.320 11 0.512 0.097 0.773 0.561
170.360 11 0.500 0.097 0.762 0.564
170.400 11 0.487 0.094 0.752 0.567
170.440 11 0.481 0.092 0.747 0.567
170.480 11 0.467 0.092 0.731 0.561
170.520 11 0.461 0.086 0.728 0.561
170.560 11 0.456 0.081 0.727 0.561
170.600 11 0.450 0.075 0.725 0.564
170.640 11 0.444 0.075 0.719 0.567
170.680 11 0.444 0.078 0.722 0.572
170.720 11 0.434 0.083 0.713 0.578
170.760 11 0.436 0.092 0.716 0.589
170.800 11 0.427 0.103 0.705 0.597
170.840 11 0.430 0.108 0.708 0.603
170.880 11 0.420 0.117 0.698 0.611
170.920 11 0.423 0.125 0.698 0.614
170.960 11 0.412 0.122 0.691 0.617
171.000 11 0.405 0.092 0.695 0.608
171.040 11 0.394 0.092 0.678 0.597
171.080 11 0.394 0.089 0.677 0.594
171.120 11 0.394 0.083 0.683 0.597
171.160 11 0.398 0.086 0.683 0.594
171.200 11 0.400 0.081 0.691 0.597
171.240 11 0.402 0.075 0.695 0.597
171.280 11 0.406 0.072 0.698 0.592
171.320 11 0.412 0.067 0.708 0.589
171.360 11 0.417 0.061 0.711 0.586
171.400 11 0.427 0.058 0.722 0.581
171.440 11 0.433 0.058 0.725 0.578
171.480 11 0.439 0.058 0.728 0.572
171.520 11 0.452 0.064 0.739 0.575
171.560 11 0.450 0.064 0.734 0.572
171.600 11 0.459 0.064 0.742 0.567
171.640 11 0.463 0.061 0.745 0.567
171.680 11 0.464 0.058 0.753 0.572
171.720 11 0.470 0.061 0.758 0.572
171.760 11 0.473 0.064 0.762 0.575
171.800 11 0.486 0.061 0.777 0.578
171.840 11 0.487 0.064 0.780 0.583
171.880 11 0.500 0.064 0.791 0.581
171.920 11 0.498 0.064 0.791 0.583
171.960 11 0.503 0.061 0.800 0.586
172.000 11 0.503 0.058 0.800 0.586
172.040 11 0.508 0.058 0.805 0.589
172.080 11 0.503 0.061 0.803 0.592
172.120 11 0.498 0.061 0.800 0.597
172.160 11 0.489 0.064 0.789 0.597
172.200 11 0.484 0.058 0.789 0.600
172.240 11 0.472 0.056 0.778 0.600
172.280 11 0.470 0.053 0.778 0.600
172.320 11 0.463 0.056 0.770 0.603
172.360 11 0.459 0.058 0.767 0.606
172.400 11 0.456 0.061 0.762 0.606
172.440 11 0.452 0.061 0.759 0.608
172.480 11 0.450 0.064 0.756 0.611
172.520 11 0.447 0.064 0.756 0.611
172.560 11 0.452 0.061 0.759 0.611
172.600 11 0.444 0.058 0.755 0.611
172.640 11 0.452 0.058 0.762 0.608
172.680 11 0.447 0.056 0.756 0.606
172.720 11 0.452 0.056 0.761 0.606
172.760 11 0.444 0.056 0.752 0.603
172.800 11 0.452 0.056 0.759 0.603
172.840 11 0.441 0.058 0.745 0.600
172.880 11 0.447 0.064 0.747 0.600
172.920 11 0.433 0.069 0.734 0.603
172.960 11 0.420 0.072 0.722 0.608
173.000 11 0.405 0.092 0.695 0.608
173.040 11 0.400 0.089 0.700 0.619
173.080 11 0.397 0.094 0.694 0.625
173.120 11 0.395 0.100 0.692 0.628
173.160 11 0.392 0.103 0.692 0.636
173.200 11 0.386 0.100 0.689 0.639
173.240 11 0.388 0.094 0.694 0.639
173.280 11 0.389 0.092 0.698 0.639
173.320 11 0.388 0.092 0.694 0.636
173.360 11 0.388 0.089 0.697 0.639
173.400 11 0.391 0.092 0.702 0.644
173.440 11 0.388 0.092 0.698 0.644
173.480 11 0.395 0.089 0.708 0.644
173.520 11 0.391 0.089 0.700 0.639
173.560 11 0.398 0.086 0.709 0.636
173.600 11 0.394 0.083 0.703 0.633
173.640 11 0.405 0.086 0.713 0.631
173.680 11 0.402 0.081 0.709 0.628
173.720 11 0.412 0.086 0.717 0.628
173.760 11 0.409 0.086 0.714 0.625
173.800 11 0.422 0.086 0.722 0.622
173.840 11 0.417 0.081 0.719 0.619
173.880 11 0.430 0.089 0.727 0.614
173.920 11 0.428 0.086 0.725 0.614
173.960 11 0.430 0.086 0.728 0.617
174.000 11 0.438 0.092 0.728 0.608
174.040 11 0.447 0.119 0.720 0.606
174.080 11 0.438 0.119 0.713 0.611
174.120 11 0.439 0.125 0.714 0.617
174.160 11 0.428 0.131 0.706 0.628
174.200 11 0.431 0.136 0.709 0.633
174.240 11 0.434 0.142 0.713 0.636
174.280 11 0.438 0.144 0.713 0.636
174.320 11 0.436 0.150 0.703 0.628
174.360 11 0.438 0.147 0.706 0.628
174.400 11 0.428 0.142 0.698 0.622
174.440 11 0.430 0.131 0.700 0.611
174.480 11 0.434 0.125 0.702 0.600
174.520 11 0.436 0.119 0.700 0.589
174.560 11 0.436 0.111 0.703 0.586
174.600 11 0.433 0.111 0.702 0.586
174.640 11 0.428 0.106 0.700 0.592
174.680 11 0.423 0.108 0.700 0.600
174.720 11 0.416 0.106 0.698 0.611
174.760 11 0.411 0.108 0.695 0.614
174.800 11 0.405 0.106 0.692 0.617
174.840 11 0.397 0.108 0.684 0.619
174.880 11 0.392 0.108 0.681 0.625
174.920 11 0.380 0.114 0.670 0.631
174.960 11 0.377 0.128 0.664 0.639
175.000 11 0.373 0.147 0.662 0.664
175.040 11 0.378 0.172 0.642 0.642
175.080 11 0.383 0.169 0.644 0.636
175.120 11 0.389 0.164 0.653 0.636
175.160 11 0.388 0.161 0.648 0.628
175.200 11 0.394 0.156 0.659 0.625
175.240 11 0.395 0.156 0.655 0.619
175.280 11 0.406 0.150 0.667 0.617
175.320 11 0.412 0.153 0.672 0.614
175.360 11 0.420 0.150 0.684 0.622
175.400 11 0.430 0.147 0.697 0.622
175.440 11 0.434 0.153 0.695 0.619
175.480 11 0.445 0.161 0.703 0.619
175.520 11 0.450 0.167 0.703 0.617
175.560 11 0.459 0.167 0.711 0.617
175.600 11 0.456 0.167 0.708 0.617
175.640 11 0.467 0.172 0.714 0.614
175.680 11 0.461 0.167 0.711 0.614
175.720 11 0.467 0.164 0.717 0.611
175.760 11 0.463 0.158 0.716 0.608
175.800 11 0.472 0.158 0.722 0.606
175.840 11 0.467 0.153 0.717 0.603
175.880 11 0.473 0.153 0.723 0.597
175.920 11 0.473 0.153 0.723 0.597
175.960 11 0.470 0.153 0.720 0.600
176.000 11 0.477 0.156 0.727 0.600
176.040 11 0.473 0.158 0.723 0.603
176.080 11 0.481 0.161 0.730 0.606
176.120 11 0.478 0.161 0.727 0.606
176.160 11 0.486 0.161 0.734 0.606
176.200 11 0.483 0.158 0.730 0.600
176.240 11 0.491 0.156 0.738 0.594
176.280 11 0.486 0.153 0.733 0.592
176.320 11 0.492 0.150 0.739 0.589
176.360 11 0.486 0.147 0.734 0.592
176.400 11 0.486 0.147 0.736 0.592
176.440 11 0.480 0.150 0.727 0.589
176.480 11 0.486 0.150 0.730 0.583
176.520 11 0.484 0.144 0.728 0.581
176.560 11 0.491 0.142 0.733 0.578
176.600 11 0.492 0.139 0.738 0.575
176.640 11 0.500 0.133 0.745 0.572
176.680 11 0.497 0.131 0.744 0.569
176.720 11 0.502 0.122 0.752 0.569
176.760 11 0.498 0.119 0.750 0.567
176.800 11 0.502 0.117 0.753 0.567
176.840 11 0.495 0.117 0.747 0.564
176.880 11 0.498 0.114 0.750 0.561
176.920 11 0.495 0.111 0.747 0.561
176.960 11 0.494 0.111 0.747 0.561
177.000 11 0.498 0.122 0.741 0.553
177.040 11 0.498 0.122 0.742 0.553
177.080 11 0.502 0.114 0.750 0.556
177.120 11 0.498 0.114 0.744 0.550
177.160 11 0.502 0.106 0.753 0.553
177.200 11 0.500 0.108 0.747 0.547
177.240 11 0.505 0.103 0.759 0.556
177.280 11 0.500 0.108 0.747 0.547
177.320 11 0.511 0.111 0.762 0.556
177.360 11 0.503 0.117 0.753 0.558
177.400 11 0.508 0.119 0.758 0.564
177.440 11 0.503 0.125 0.750 0.564
177.480 11 0.505 0.122 0.755 0.569
177.520 11 0.497 0.122 0.748 0.572
177.560 11 0.502 0.125 0.753 0.572
177.600 11 0.492 0.125 0.745 0.572
177.640 11 0.498 0.131 0.747 0.572
177.680 11 0.491 0.131 0.738 0.569
177.720 11 0.495 0.142 0.738 0.572
177.760 11 0.484 0.144 0.733 0.586
177.800 11 0.473 0.144 0.727 0.594
177.840 11 0.466 0.147 0.719 0.597
177.880 11 0.452 0.153 0.703 0.600
177.760 12 0.447 0.050 0.766 0.614
177.800 12 0.436 0.050 0.755 0.614
177.840 12 0.441 0.056 0.755 0.617
177.880 12 0.423 0.064 0.738 0.622
177.920 12 0.412 0.061 0.728 0.622
177.960 12 0.408 0.072 0.711 0.614
178.000 12 0.405 0.092 0.695 0.608
178.040 12 0.403 0.108 0.678 0.597
178.080 12 0.398 0.103 0.683 0.608
178.120 12 0.394 0.094 0.686 0.617
178.160 12 0.389 0.092 0.683 0.614
178.200 12 0.384 0.089 0.678 0.608
178.240 12 0.381 0.086 0.673 0.606
178.280 12 0.380 0.081 0.675 0.606
178.320 12 0.377 0.078 0.677 0.611
178.360 12 0.377 0.075 0.678 0.611
178.400 12 0.367 0.075 0.669 0.611
178.440 12 0.372 0.078 0.673 0.614
178.480 12 0.362 0.081 0.662 0.614
178.520 12 0.364 0.083 0.667 0.622
178.560 12 0.356 0.094 0.653 0.622
178.600 12 0.358 0.094 0.658 0.631
178.640 12 0.355 0.108 0.645 0.625
178.680 12 0.362 0.108 0.656 0.633
178.720 12 0.356 0.097 0.656 0.633
178.760 12 0.366 0.103 0.661 0.628
178.800 12 0.359 0.097 0.658 0.628
178.840 12 0.369 0.097 0.667 0.625
225.200 13 0.508 0.167 0.709 0.525
225.240 13 0.508 0.167 0.709 0.525
225.280 13 0.509 0.167 0.709 0.525
225.320 13 0.509 0.167 0.709 0.525
225.360 13 0.509 0.169 0.711 0.528
225.400 13 0.509 0.169 0.720 0.542
225.440 13 0.506 0.183 0.702 0.528
225.480 13 0.508 0.175 0.709 0.533
225.520 13 0.508 0.172 0.709 0.528
225.560 13 0.506 0.172 0.703 0.522
225.600 13 0.508 0.167 0.713 0.528
225.640 13 0.511 0.164 0.719 0.533
225.680 13 0.508 0.169 0.711 0.531
225.720 13 0.508 0.167 0.717 0.536
225.760 13 0.506 0.172 0.708 0.533
225.800 13 0.506 0.169 0.716 0.542
225.840 13 0.505 0.178 0.706 0.536
225.880 13 0.505 0.181 0.706 0.539
225.920 13 0.506 0.175 0.714 0.547
225.960 13 0.505 0.183 0.706 0.542
226.000 13 0.505 0.183 0.706 0.542
226.040 13 0.503 0.183 0.705 0.542
226.080 13 0.505 0.178 0.708 0.539
226.120 13 0.505 0.181 0.702 0.531
226.160 13 0.506 0.175 0.711 0.536
226.200 13 0.506 0.175 0.705 0.531
226.240 13 0.506 0.178 0.708 0.533
226.280 13 0.508 0.175 0.711 0.536
226.320 13 0.508 0.181 0.708 0.533
226.360 13 0.508 0.181 0.705 0.531
226.400 13 0.511 0.178 0.714 0.536
226.440 13 0.511 0.181 0.709 0.533
226.480 13 0.511 0.178 0.713 0.536
226.520 13 0.511 0.178 0.709 0.533
226.560 13 0.514 0.175 0.717 0.536
226.600 13 0.512 0.175 0.714 0.533
226.640 13 0.512 0.175 0.714 0.533
226.680 13 0.509 0.172 0.714 0.536
226.720 13 0.512 0.169 0.719 0.539
226.760 13 0.508 0.175 0.711 0.536
226.800 13 0.509 0.175 0.716 0.539
226.840 13 0.506 0.181 0.708 0.536
226.880 13 0.508 0.175 0.714 0.542
226.920 13 0.506 0.183 0.705 0.536
226.960 13 0.506 0.178 0.711 0.542
227.000 13 0.505 0.183 0.706 0.542
227.040 13 0.508 0.181 0.706 0.536
227.080 13 0.508 0.178 0.711 0.539
227.120 13 0.508 0.178 0.711 0.542
227.160 13 0.509 0.181 0.713 0.542
227.200 13 0.509 0.181 0.716 0.544
227.240 13 0.511 0.183 0.717 0.550
227.280 13 0.512 0.183 0.720 0.553
227.320 13 0.514 0.181 0.723 0.553
227.360 13 0.516 0.181 0.727 0.558
227.400 13 0.517 0.183 0.728 0.558
227.440 13 0.517 0.186 0.731 0.564
227.480 13 0.512 0.192 0.725 0.569
227.520 13 0.514 0.197 0.728 0.575
227.560 13 0.511 0.206 0.719 0.578
227.600 13 0.511 0.206 0.720 0.578
227.640 13 0.512 0.206 0.717 0.569
227.680 13 0.511 0.192 0.719 0.561
227.720 13 0.506 0.189 0.713 0.556
227.760 13 0.511 0.192 0.713 0.547
227.800 13 0.506 0.194 0.705 0.547
227.840 13 0.509 0.197 0.708 0.547
227.880 13 0.505 0.194 0.706 0.553
227.920 13 0.502 0.194 0.705 0.556
227.960 13 0.505 0.194 0.705 0.553
228.000 13 0.505 0.183 0.706 0.542
228.040 13 0.498 0.181 0.702 0.539
228.080 13 0.503 0.175 0.708 0.536
228.120 13 0.502 0.172 0.703 0.533
228.160 13 0.506 0.169 0.713 0.533
228.200 13 0.506 0.172 0.708 0.531
228.240 13 0.508 0.178 0.708 0.533
228.280 13 0.508 0.181 0.702 0.525
228.320 13 0.511 0.175 0.709 0.528
228.360 13 0.508 0.175 0.705 0.525
228.400 13 0.511 0.172 0.713 0.531
228.440 13 0.508 0.172 0.709 0.528
228.480 13 0.509 0.172 0.711 0.533
228.520 13 0.509 0.175 0.714 0.536
228.560 13 0.511 0.175 0.714 0.539
228.600 13 0.506 0.175 0.717 0.547
228.640 13 0.509 0.181 0.713 0.542
228.680 13 0.509 0.181 0.713 0.542
228.720 13 0.508 0.181 0.711 0.539
228.760 13 0.508 0.181 0.709 0.539
228.800 13 0.508 0.181 0.709 0.539
228.840 13 0.506 0.181 0.706 0.539
228.880 13 0.508 0.181 0.709 0.539
228.920 13 0.505 0.181 0.706 0.539
228.960 13 0.508 0.181 0.709 0.539
229.000 13 0.505 0.183 0.706 0.542
229.040 13 0.508 0.178 0.711 0.539
229.080 13 0.509 0.178 0.709 0.536
229.120 13 0.509 0.178 0.709 0.533
229.160 13 0.508 0.178 0.706 0.533
229.200 13 0.509 0.175 0.711 0.533
229.240 13 0.511 0.178 0.711 0.533
229.280 13 0.506 0.172 0.714 0.539
229.320 13 0.512 0.178 0.714 0.533
229.360 13 0.506 0.175 0.708 0.533
229.400 13 0.511 0.175 0.714 0.533
229.440 13 0.509 0.175 0.709 0.531
229.480 13 0.512 0.169 0.719 0.533
229.520 13 0.509 0.167 0.714 0.531
229.560 13 0.514 0.161 0.723 0.533
229.600 13 0.512 0.161 0.722 0.531
229.640 13 0.520 0.161 0.728 0.528
229.680 13 0.516 0.150 0.727 0.528
229.720 13 0.528 0.158 0.734 0.522
229.760 13 0.520 0.153 0.728 0.522
229.800 13 0.530 0.150 0.736 0.517
229.840 13 0.523 0.144 0.728 0.511
229.880 13 0.528 0.142 0.733 0.506
229.920 13 0.527 0.142 0.730 0.500
229.960 13 0.527 0.144 0.727 0.500
230.000 13 0.527 0.142 0.728 0.500
230.040 13 0.511 0.125 0.734 0.522
230.080 13 0.516 0.131 0.736 0.522
230.120 13 0.508 0.128 0.730 0.522
230.160 13 0.514 0.133 0.731 0.522
230.200 13 0.505 0.131 0.727 0.525
230.240 13 0.509 0.136 0.728 0.525
230.280 13 0.502 0.136 0.725 0.533
230.320 13 0.506 0.136 0.730 0.536
230.360 13 0.502 0.139 0.727 0.539
230.400 13 0.503 0.144 0.728 0.542
230.440 13 0.502 0.144 0.727 0.544
230.480 13 0.503 0.144 0.733 0.550
230.520 13 0.498 0.150 0.725 0.550
230.560 13 0.502 0.150 0.731 0.556
230.600 13 0.498 0.156 0.722 0.556
230.640 13 0.502 0.158 0.725 0.558
230.680 13 0.502 0.161 0.728 0.564
230.720 13 0.497 0.158 0.725 0.567
230.760 13 0.505 0.164 0.733 0.572
230.800 13 0.497 0.164 0.727 0.569
230.840 13 0.503 0.167 0.730 0.567
230.880 13 0.498 0.156 0.733 0.569
230.920 13 0.503 0.150 0.733 0.556
230.960 13 0.502 0.139 0.736 0.553
231.000 13 0.498 0.122 0.741 0.553
231.040 13 0.502 0.131 0.742 0.558
231.080 13 0.498 0.136 0.731 0.550
231.120 13 0.502 0.147 0.730 0.550
231.160 13 0.503 0.164 0.723 0.556
231.200 13 0.505 0.178 0.716 0.553
231.240 13 0.506 0.181 0.719 0.561
231.280 13 0.500 0.189 0.711 0.567
231.320 13 0.502 0.197 0.713 0.569
231.360 13 0.495 0.194 0.705 0.569
231.400 13 0.500 0.197 0.706 0.564
231.440 13 0.497 0.194 0.705 0.561
231.480 13 0.497 0.192 0.705 0.561
231.520 13 0.495 0.189 0.703 0.556
231.560 13 0.494 0.181 0.705 0.556
231.600 13 0.497 0.178 0.706 0.550
231.640 13 0.495 0.175 0.702 0.544
231.680 13 0.500 0.172 0.711 0.544
231.720 13 0.498 0.169 0.711 0.547
231.760 13 0.500 0.167 0.717 0.553
231.800 13 0.500 0.167 0.713 0.542
231.840 13 0.503 0.161 0.722 0.550
231.880 13 0.502 0.167 0.711 0.539
231.920 13 0.502 0.164 0.716 0.544
231.960 13 0.500 0.167 0.713 0.544
232.000 13 0.505 0.183 0.706 0.542
232.040 13 0.508 0.189 0.711 0.550
232.080 13 0.505 0.189 0.706 0.547
232.120 13 0.509 0.189 0.711 0.547
232.160 13 0.505 0.189 0.706 0.544
232.200 13 0.508 0.186 0.709 0.544
232.240 13 0.506 0.183 0.708 0.542
232.280 13 0.505 0.181 0.705 0.536
232.320 13 0.509 0.178 0.709 0.533
232.360 13 0.505 0.178 0.703 0.531
232.400 13 0.508 0.178 0.713 0.539
232.440 13 0.502 0.186 0.703 0.544
232.480 13 0.505 0.186 0.711 0.556
232.520 13 0.497 0.186 0.702 0.550
232.560 13 0.500 0.186 0.702 0.544
232.600 13 0.495 0.181 0.697 0.539
232.640 13 0.498 0.175 0.698 0.531
232.680 13 0.500 0.169 0.700 0.528
232.720 13 0.497 0.167 0.698 0.525
232.760 13 0.498 0.169 0.698 0.522
232.800 13 0.503 0.169 0.703 0.525
232.840 13 0.503 0.169 0.702 0.525
232.880 13 0.503 0.172 0.703 0.528
232.920 13 0.505 0.175 0.703 0.531
232.960 13 0.505 0.178 0.705 0.533
233.000 13 0.505 0.183 0.706 0.542
233.040 13 0.494 0.150 0.714 0.539
233.080 13 0.494 0.153 0.709 0.536
233.120 13 0.500 0.156 0.714 0.536
233.160 13 0.494 0.153 0.708 0.533
233.200 13 0.495 0.150 0.713 0.536
233.240 13 0.494 0.150 0.709 0.533
233.280 13 0.494 0.150 0.708 0.531
233.320 13 0.494 0.144 0.708 0.528
233.360 13 0.492 0.142 0.708 0.522
233.400 13 0.492 0.139 0.708 0.522
233.440 13 0.494 0.136 0.713 0.525
233.480 13 0.492 0.139 0.706 0.519
233.520 13 0.494 0.142 0.709 0.525
233.560 13 0.494 0.144 0.711 0.531
233.600 13 0.494 0.147 0.714 0.539
233.640 13 0.494 0.153 0.717 0.550
233.680 13 0.495 0.158 0.722 0.561
233.720 13 0.498 0.169 0.725 0.575
233.760 13 0.503 0.189 0.727 0.586
233.800 13 0.505 0.189 0.731 0.594
233.840 13 0.498 0.181 0.727 0.586
233.880 13 0.502 0.161 0.733 0.575
233.920 13 0.500 0.150 0.734 0.567
233.960 13 0.502 0.144 0.738 0.564
234.000 13 0.498 0.122 0.741 0.553
234.040 13 0.517 0.158 0.734 0.544
234.080 13 0.519 0.161 0.736 0.550
234.120 13 0.519 0.167 0.739 0.556
234.160 13 0.520 0.164 0.742 0.556
234.200 13 0.520 0.167 0.734 0.547
234.240 13 0.520 0.161 0.742 0.553
234.280 13 0.519 0.156 0.739 0.547
234.320 13 0.523 0.158 0.742 0.547
234.360 13 0.527 0.158 0.744 0.544
234.400 13 0.523 0.153 0.745 0.547
234.440 13 0.522 0.153 0.741 0.544
234.480 13 0.528 0.156 0.748 0.547
234.520 13 0.520 0.153 0.739 0.542
234.560 13 0.527 0.144 0.748 0.539
234.600 13 0.520 0.136 0.744 0.533
234.640 13 0.527 0.133 0.750 0.528
234.680 13 0.523 0.128 0.747 0.525
234.720 13 0.533 0.125 0.753 0.519
234.760 13 0.528 0.119 0.750 0.514
234.800 13 0.537 0.122 0.755 0.511
234.840 13 0.533 0.122 0.750 0.508
234.880 13 0.536 0.128 0.752 0.511
234.920 13 0.536 0.125 0.755 0.514
234.960 13 0.533 0.119 0.758 0.519
235.000 13 0.550 0.142 0.752 0.500
235.040 13 0.542 0.111 0.761 0.500
235.080 13 0.545 0.111 0.766 0.503
235.120 13 0.541 0.111 0.756 0.497
235.160 13 0.542 0.114 0.762 0.503
235.200 13 0.537 0.117 0.755 0.503
235.240 13 0.537 0.114 0.759 0.508
235.280 13 0.536 0.108 0.756 0.500
235.320 13 0.544 0.108 0.761 0.494
235.360 13 0.539 0.108 0.753 0.489
235.400 13 0.539 0.108 0.756 0.492
235.440 13 0.544 0.108 0.761 0.492
235.480 13 0.542 0.108 0.758 0.492
235.520 13 0.547 0.108 0.764 0.494
235.560 13 0.539 0.106 0.761 0.497
235.600 13 0.542 0.106 0.764 0.500
235.640 13 0.539 0.103 0.761 0.497
235.680 13 0.536 0.100 0.759 0.497
235.720 13 0.533 0.103 0.755 0.494
235.760 13 0.534 0.103 0.759 0.500
235.800 13 0.530 0.106 0.752 0.500
235.840 13 0.531 0.103 0.753 0.500
235.880 13 0.531 0.103 0.753 0.497
235.920 13 0.530 0.103 0.753 0.500
235.960 13 0.533 0.106 0.752 0.492
236.000 13 0.525 0.075 0.767 0.506
236.040 13 0.522 0.081 0.762 0.511
236.080 13 0.523 0.083 0.761 0.506
236.120 13 0.523 0.083 0.759 0.503
236.160 13 0.527 0.083 0.758 0.497
236.200 13 0.525 0.086 0.753 0.492
236.240 13 0.525 0.083 0.759 0.497
236.280 13 0.527 0.086 0.759 0.503
236.320 13 0.527 0.094 0.759 0.508
236.360 13 0.525 0.103 0.759 0.517
236.400 13 0.525 0.111 0.762 0.533
236.440 13 0.520 0.122 0.753 0.536
236.480 13 0.522 0.125 0.758 0.544
236.520 13 0.517 0.133 0.750 0.544
236.560 13 0.519 0.133 0.753 0.550
236.600 13 0.523 0.136 0.756 0.547
236.640 13 0.519 0.133 0.752 0.550
236.680 13 0.523 0.136 0.755 0.547
236.720 13 0.519 0.136 0.750 0.547
236.760 13 0.523 0.139 0.753 0.547
236.800 13 0.516 0.139 0.747 0.550
236.840 13 0.523 0.139 0.756 0.553
236.880 13 0.516 0.142 0.744 0.550
236.920 13 0.522 0.147 0.750 0.553
236.960 13 0.519 0.147 0.745 0.550
237.000 13 0.527 0.183 0.728 0.542
237.040 13 0.516 0.150 0.739 0.550
237.080 13 0.512 0.153 0.739 0.553
237.120 13 0.512 0.150 0.738 0.553
237.160 13 0.512 0.150 0.736 0.547
237.200 13 0.512 0.147 0.736 0.544
237.240 13 0.514 0.147 0.736 0.539
237.280 13 0.517 0.147 0.738 0.539
237.320 13 0.512 0.153 0.730 0.539
237.360 13 0.511 0.153 0.733 0.547
237.400 13 0.511 0.158 0.733 0.553
237.440 13 0.509 0.161 0.733 0.558
237.480 13 0.509 0.161 0.733 0.561
237.520 13 0.509 0.164 0.733 0.561
237.560 13 0.508 0.167 0.731 0.564
237.600 13 0.509 0.167 0.736 0.569
237.640 13 0.506 0.175 0.725 0.564
237.680 13 0.509 0.172 0.730 0.564
237.720 13 0.508 0.172 0.727 0.561
237.760 13 0.506 0.172 0.722 0.556
237.800 13 0.511 0.175 0.725 0.553
237.840 13 0.506 0.172 0.719 0.553
237.880 13 0.506 0.167 0.725 0.556
237.920 13 0.508 0.164 0.727 0.553
237.960 13 0.508 0.167 0.720 0.544
238.000 13 0.498 0.122 0.741 0.553
238.040 13 0.502 0.139 0.742 0.567
238.080 13 0.500 0.131 0.745 0.567
238.120 13 0.503 0.133 0.744 0.561
238.160 13 0.502 0.128 0.745 0.564
238.200 13 0.506 0.131 0.747 0.558
238.240 13 0.500 0.128 0.742 0.558
238.280 13 0.508 0.125 0.748 0.556
238.320 13 0.506 0.125 0.745 0.550
238.360 13 0.508 0.122 0.742 0.542
238.400 13 0.508 0.119 0.742 0.539
238.440 13 0.509 0.119 0.742 0.533
238.480 13 0.509 0.117 0.744 0.533
238.520 13 0.509 0.114 0.744 0.531
238.560 13 0.514 0.114 0.750 0.531
238.600 13 0.506 0.108 0.745 0.533
238.640 13 0.511 0.111 0.750 0.533
238.680 13 0.505 0.111 0.744 0.533
238.720 13 0.509 0.114 0.747 0.533
238.760 13 0.508 0.108 0.745 0.531
238.800 13 0.508 0.106 0.744 0.528
238.840 13 0.508 0.106 0.742 0.525
238.880 13 0.509 0.106 0.744 0.522
238.920 13 0.502 0.106 0.736 0.522
238.960 13 0.503 0.106 0.742 0.531
239.000 13 0.498 0.122 0.741 0.553
239.040 13 0.498 0.122 0.733 0.539
239.080 13 0.505 0.119 0.742 0.544
239.120 13 0.495 0.119 0.734 0.544
239.160 13 0.500 0.119 0.745 0.556
239.200 13 0.497 0.128 0.742 0.564
239.240 13 0.495 0.133 0.739 0.567
239.280 13 0.498 0.136 0.741 0.569
239.320 13 0.495 0.139 0.742 0.578
239.360 13 0.494 0.142 0.742 0.583
239.400 13 0.492 0.142 0.744 0.589
239.440 13 0.492 0.147 0.739 0.586
239.480 13 0.486 0.142 0.738 0.589
239.520 13 0.491 0.139 0.741 0.583
239.560 13 0.484 0.136 0.734 0.578
239.600 13 0.492 0.136 0.738 0.572
239.640 13 0.486 0.131 0.734 0.572
239.680 13 0.494 0.133 0.738 0.569
239.720 13 0.486 0.136 0.725 0.561
239.760 13 0.495 0.139 0.736 0.564
239.800 13 0.487 0.133 0.733 0.567
239.840 13 0.495 0.133 0.738 0.561
239.880 13 0.489 0.128 0.734 0.564
239.920 13 0.497 0.128 0.739 0.558
239.960 13 0.495 0.131 0.738 0.558
240.000 13 0.498 0.122 0.741 0.553
240.040 13 0.497 0.128 0.738 0.556
240.080 13 0.497 0.125 0.741 0.558
240.120 13 0.500 0.122 0.744 0.558
240.160 13 0.503 0.122 0.744 0.553
240.200 13 0.506 0.122 0.745 0.544
240.240 13 0.509 0.119 0.748 0.544
240.280 13 0.514 0.122 0.750 0.542
240.320 13 0.519 0.122 0.753 0.539
240.360 13 0.522 0.125 0.756 0.539
240.400 13 0.519 0.125 0.752 0.539
240.440 13 0.522 0.125 0.756 0.542
240.480 13 0.517 0.122 0.753 0.542
240.520 13 0.520 0.119 0.759 0.544
240.560 13 0.516 0.119 0.755 0.544
240.600 13 0.516 0.117 0.753 0.542
240.640 13 0.516 0.117 0.755 0.542
240.680 13 0.508 0.114 0.747 0.542
240.720 13 0.512 0.119 0.748 0.542
240.760 13 0.503 0.119 0.741 0.542
240.800 13 0.508 0.125 0.744 0.542
240.840 13 0.502 0.122 0.741 0.547
240.880 13 0.506 0.125 0.745 0.550
240.920 13 0.505 0.122 0.745 0.550
240.960 13 0.503 0.125 0.742 0.550
241.000 13 0.498 0.122 0.741 0.553
241.040 13 0.505 0.153 0.727 0.547
241.080 13 0.505 0.153 0.727 0.547
241.120 13 0.505 0.153 0.727 0.547
241.160 13 0.508 0.153 0.730 0.544
241.200 13 0.503 0.150 0.723 0.539
241.240 13 0.503 0.142 0.728 0.542
241.280 13 0.505 0.136 0.730 0.533
241.320 13 0.506 0.131 0.730 0.528
241.360 13 0.506 0.128 0.731 0.528
241.400 13 0.508 0.128 0.730 0.525
241.440 13 0.508 0.125 0.731 0.525
241.480 13 0.511 0.125 0.734 0.525
241.520 13 0.506 0.119 0.733 0.525
241.560 13 0.506 0.122 0.734 0.528
241.600 13 0.503 0.119 0.733 0.525
241.640 13 0.508 0.122 0.734 0.522
241.680 13 0.506 0.122 0.730 0.522
241.720 13 0.506 0.128 0.727 0.519
241.760 13 0.506 0.128 0.728 0.525
241.800 13 0.506 0.136 0.725 0.525
241.840 13 0.505 0.139 0.727 0.533
241.880 13 0.503 0.144 0.722 0.533
241.920 13 0.502 0.144 0.722 0.539
241.960 13 0.500 0.150 0.720 0.539
242.000 13 0.505 0.183 0.706 0.542
242.040 13 0.502 0.164 0.719 0.550
242.080 13 0.497 0.158 0.720 0.556
242.120 13 0.498 0.158 0.720 0.553
242.160 13 0.498 0.156 0.722 0.553
242.200 13 0.500 0.153 0.722 0.547
242.240 13 0.498 0.150 0.719 0.542
242.280 13 0.505 0.147 0.725 0.539
242.320 13 0.502 0.147 0.720 0.536
242.360 13 0.505 0.150 0.725 0.542
242.400 13 0.505 0.153 0.727 0.547
242.440 13 0.506 0.156 0.730 0.553
242.480 13 0.506 0.161 0.722 0.547
242.520 13 0.511 0.158 0.731 0.547
242.560 13 0.509 0.153 0.730 0.547
242.600 13 0.512 0.153 0.727 0.533
242.640 13 0.517 0.150 0.731 0.531
242.680 13 0.514 0.144 0.730 0.525
242.720 13 0.514 0.139 0.739 0.536
242.760 13 0.511 0.142 0.731 0.533
242.800 13 0.511 0.136 0.738 0.539
242.840 13 0.505 0.136 0.731 0.539
242.880 13 0.509 0.139 0.736 0.542
242.920 13 0.503 0.142 0.728 0.544
242.960 13 0.508 0.147 0.731 0.547
243.000 13 0.498 0.122 0.741 0.553
243.040 13 0.498 0.133 0.728 0.542
243.080 13 0.498 0.125 0.738 0.550
243.120 13 0.498 0.111 0.752 0.561
243.160 13 0.500 0.117 0.742 0.550
243.200 13 0.506 0.114 0.753 0.553
243.240 13 0.503 0.114 0.747 0.547
243.280 13 0.506 0.111 0.756 0.553
243.320 13 0.505 0.114 0.748 0.547
243.360 13 0.506 0.117 0.747 0.544
243.400 13 0.502 0.117 0.741 0.544
243.440 13 0.506 0.117 0.745 0.542
243.480 13 0.506 0.119 0.744 0.542
243.520 13 0.503 0.117 0.744 0.542
243.560 13 0.503 0.114 0.744 0.542
243.600 13 0.503 0.114 0.742 0.539
243.640 13 0.509 0.117 0.745 0.536
243.680 13 0.505 0.114 0.744 0.539
243.720 13 0.505 0.114 0.745 0.539
243.760 13 0.506 0.114 0.745 0.539
243.800 13 0.508 0.114 0.745 0.539
252.320 14 0.278 0.128 0.400 0.344
252.360 14 0.281 0.119 0.403 0.339
252.400 14 0.287 0.119 0.411 0.339
252.440 14 0.287 0.139 0.409 0.356
252.480 14 0.287 0.156 0.411 0.372
252.520 14 0.291 0.178 0.411 0.394
252.560 14 0.292 0.200 0.412 0.414
252.600 14 0.291 0.217 0.411 0.431
252.640 14 0.286 0.228 0.408 0.444
252.680 14 0.283 0.225 0.406 0.442
252.720 14 0.286 0.211 0.406 0.422
252.760 14 0.289 0.192 0.406 0.400
252.800 14 0.289 0.169 0.408 0.381
252.840 14 0.291 0.158 0.409 0.369
252.880 14 0.295 0.153 0.412 0.361
252.920 14 0.298 0.158 0.416 0.367
252.960 14 0.300 0.169 0.417 0.381
253.000 14 0.305 0.197 0.420 0.403
253.040 14 0.309 0.214 0.425 0.419
253.080 14 0.311 0.239 0.428 0.444
253.120 14 0.314 0.256 0.428 0.458
253.160 14 0.317 0.258 0.431 0.458
253.200 14 0.323 0.256 0.436 0.456
253.240 14 0.323 0.242 0.436 0.439
253.280 14 0.322 0.219 0.434 0.419
253.320 14 0.319 0.197 0.433 0.397
253.360 14 0.319 0.183 0.433 0.386
253.400 14 0.322 0.183 0.436 0.381
253.440 14 0.320 0.186 0.434 0.386
253.480 14 0.317 0.197 0.433 0.400
253.520 14 0.319 0.214 0.434 0.417
253.560 14 0.322 0.233 0.438 0.436
253.600 14 0.323 0.250 0.436 0.447
253.640 14 0.322 0.264 0.434 0.461
253.680 14 0.317 0.264 0.430 0.464
253.720 14 0.319 0.256 0.433 0.456
253.760 14 0.319 0.236 0.433 0.439
253.800 14 0.317 0.217 0.433 0.419
253.840 14 0.317 0.203 0.430 0.400
253.880 14 0.317 0.189 0.430 0.386
253.920 14 0.319 0.186 0.433 0.386
253.960 14 0.317 0.192 0.431 0.394
254.000 14 0.317 0.197 0.434 0.403
254.040 14 0.322 0.217 0.436 0.417
254.080 14 0.322 0.233 0.438 0.436
254.120 14 0.323 0.244 0.439 0.447
254.160 14 0.328 0.244 0.444 0.447
254.200 14 0.330 0.239 0.445 0.442
254.240 14 0.331 0.228 0.445 0.431
254.280 14 0.328 0.208 0.447 0.417
254.320 14 0.327 0.192 0.445 0.400
254.360 14 0.325 0.178 0.444 0.386
254.400 14 0.325 0.169 0.444 0.381
254.440 14 0.322 0.175 0.442 0.386
254.480 14 0.322 0.183 0.442 0.394
254.520 14 0.322 0.203 0.441 0.411
254.560 14 0.320 0.225 0.439 0.433
254.600 14 0.320 0.244 0.438 0.453
254.640 14 0.317 0.261 0.436 0.467
254.680 14 0.316 0.272 0.433 0.478
254.720 14 0.316 0.275 0.433 0.481
254.760 14 0.317 0.267 0.434 0.472
254.800 14 0.316 0.250 0.433 0.456
254.840 14 0.314 0.236 0.433 0.444
254.880 14 0.316 0.228 0.436 0.442
254.920 14 0.319 0.231 0.441 0.444
254.960 14 0.322 0.242 0.444 0.458
255.000 14 0.330 0.267 0.447 0.472
255.040 14 0.336 0.292 0.453 0.497
255.080 14 0.342 0.317 0.461 0.525
255.120 14 0.348 0.336 0.469 0.547
255.160 14 0.366 0.356 0.486 0.567
255.200 14 0.375 0.361 0.495 0.572
255.240 14 0.388 0.361 0.506 0.569
255.280 14 0.398 0.347 0.519 0.561
255.320 14 0.414 0.342 0.533 0.550
255.360 14 0.427 0.339 0.548 0.550
255.400 14 0.442 0.350 0.564 0.564
255.440 14 0.459 0.367 0.581 0.581
255.480 14 0.483 0.397 0.605 0.611
255.520 14 0.505 0.428 0.628 0.642
255.560 14 0.528 0.453 0.652 0.669
255.600 14 0.556 0.481 0.680 0.694
255.640 14 0.588 0.489 0.713 0.708
255.680 14 0.622 0.497 0.747 0.717
256.400 15 0.356 0.261 0.647 0.778
256.440 15 0.353 0.258 0.645 0.775
256.480 15 0.350 0.256 0.642 0.775
256.520 15 0.339 0.242 0.642 0.778
256.560 15 0.352 0.247 0.650 0.778
256.600 15 0.341 0.247 0.633 0.769
256.640 15 0.352 0.253 0.641 0.764
256.680 15 0.355 0.253 0.642 0.764
256.720 15 0.358 0.256 0.647 0.772
256.760 15 0.362 0.261 0.652 0.775
256.800 15 0.366 0.264 0.656 0.781
256.840 15 0.370 0.269 0.664 0.794
256.880 15 0.361 0.264 0.655 0.789
256.920 15 0.372 0.272 0.661 0.786
256.960 15 0.364 0.264 0.658 0.786
257.000 15 0.373 0.264 0.662 0.778
257.040 15 0.388 0.275 0.677 0.789
257.080 15 0.388 0.278 0.669 0.781
257.120 15 0.389 0.269 0.677 0.783
257.160 15 0.383 0.267 0.672 0.783
257.200 15 0.386 0.264 0.677 0.781
257.240 15 0.377 0.258 0.666 0.772
257.280 15 0.380 0.247 0.670 0.767
257.320 15 0.373 0.244 0.662 0.758
257.360 15 0.381 0.242 0.669 0.753
257.400 15 0.375 0.239 0.664 0.753
257.440 15 0.388 0.242 0.672 0.750
257.480 15 0.375 0.242 0.661 0.750
257.520 15 0.378 0.242 0.666 0.756
257.560 15 0.369 0.244 0.656 0.756
257.600 15 0.375 0.247 0.659 0.756
257.640 15 0.367 0.244 0.655 0.756
257.680 15 0.366 0.242 0.653 0.753
257.720 15 0.364 0.239 0.652 0.750
257.760 15 0.362 0.233 0.650 0.744
257.800 15 0.361 0.225 0.648 0.739
257.840 15 0.361 0.217 0.648 0.731
257.880 15 0.361 0.211 0.647 0.722
257.920 15 0.364 0.206 0.648 0.714
257.960 15 0.359 0.203 0.642 0.708
258.000 15 0.373 0.206 0.662 0.722
258.040 15 0.373 0.203 0.662 0.719
258.080 15 0.373 0.203 0.664 0.722
258.120 15 0.370 0.211 0.653 0.717
258.160 15 0.381 0.211 0.669 0.725
258.200 15 0.372 0.217 0.659 0.733
258.240 15 0.377 0.219 0.666 0.739
258.280 15 0.377 0.222 0.667 0.742
258.320 15 0.377 0.225 0.667 0.742
258.360 15 0.384 0.225 0.673 0.742
258.400 15 0.377 0.222 0.667 0.739
258.440 15 0.384 0.217 0.675 0.736
258.480 15 0.380 0.211 0.672 0.731
265.560 16 0.192 0.231 0.356 0.522
265.600 16 0.194 0.231 0.356 0.522
265.640 16 0.194 0.231 0.358 0.522
265.680 16 0.194 0.231 0.359 0.525
265.720 16 0.194 0.231 0.359 0.528
265.760 16 0.195 0.233 0.361 0.528
265.800 16 0.195 0.236 0.361 0.531
265.840 16 0.197 0.239 0.361 0.533
265.880 16 0.197 0.242 0.361 0.536
265.920 16 0.197 0.244 0.362 0.542
265.960 16 0.197 0.247 0.362 0.547
266.000 16 0.197 0.250 0.364 0.550
266.040 16 0.191 0.222 0.378 0.558
266.080 16 0.186 0.222 0.373 0.558
266.120 16 0.188 0.222 0.372 0.553
266.160 16 0.188 0.222 0.372 0.553
266.200 16 0.191 0.222 0.375 0.553
266.240 16 0.189 0.219 0.373 0.550
266.280 16 0.192 0.222 0.375 0.550
266.320 16 0.192 0.217 0.378 0.550
266.360 16 0.195 0.217 0.381 0.550
266.400 16 0.191 0.217 0.377 0.550
266.440 16 0.198 0.219 0.384 0.547
266.480 16 0.194 0.217 0.380 0.550
266.520 16 0.203 0.219 0.386 0.547
266.560 16 0.198 0.214 0.383 0.544
266.600 16 0.205 0.214 0.388 0.542
266.640 16 0.202 0.211 0.391 0.547
266.680 16 0.202 0.211 0.388 0.542
266.720 16 0.203 0.211 0.388 0.542
266.760 16 0.205 0.217 0.389 0.544
266.800 16 0.200 0.214 0.384 0.544
266.840 16 0.203 0.214 0.388 0.542
266.880 16 0.202 0.211 0.384 0.539
266.920 16 0.200 0.211 0.384 0.539
266.960 16 0.200 0.208 0.388 0.542
267.000 16 0.191 0.183 0.392 0.542
267.040 16 0.202 0.219 0.380 0.536
267.080 16 0.208 0.219 0.386 0.539
267.120 16 0.202 0.222 0.377 0.533
267.160 16 0.206 0.222 0.383 0.539
267.200 16 0.200 0.222 0.375 0.536
267.240 16 0.205 0.222 0.383 0.542
267.280 16 0.198 0.222 0.377 0.542
267.320 16 0.197 0.219 0.378 0.544
267.360 16 0.195 0.219 0.377 0.544
267.400 16 0.197 0.217 0.381 0.544
267.440 16 0.189 0.214 0.378 0.550
267.480 16 0.194 0.217 0.380 0.547
267.520 16 0.192 0.214 0.378 0.547
267.560 16 0.191 0.211 0.378 0.547
267.600 16 0.191 0.211 0.377 0.542
267.640 16 0.191 0.211 0.375 0.542
267.680 16 0.189 0.211 0.372 0.536
267.720 16 0.192 0.211 0.375 0.536
267.760 16 0.186 0.208 0.372 0.539
267.800 16 0.189 0.211 0.373 0.542
267.840 16 0.186 0.211 0.373 0.544
267.880 16 0.183 0.211 0.373 0.550
267.920 16 0.184 0.214 0.372 0.550
267.960 16 0.181 0.214 0.370 0.553
268.000 16 0.197 0.250 0.364 0.550
268.040 16 0.203 0.244 0.370 0.544
268.080 16 0.202 0.244 0.370 0.547
268.120 16 0.198 0.239 0.372 0.550
268.160 16 0.200 0.242 0.370 0.547
268.200 16 0.200 0.239 0.373 0.550
268.240 16 0.198 0.236 0.372 0.550
268.280 16 0.200 0.244 0.369 0.547
268.320 16 0.198 0.242 0.369 0.547
268.360 16 0.198 0.242 0.367 0.544
268.400 16 0.198 0.239 0.367 0.542
268.440 16 0.200 0.239 0.367 0.536
268.480 16 0.200 0.236 0.369 0.536
268.520 16 0.202 0.236 0.367 0.533
268.560 16 0.203 0.233 0.370 0.533
268.600 16 0.205 0.233 0.372 0.533
268.640 16 0.206 0.233 0.373 0.533
268.680 16 0.209 0.233 0.375 0.533
268.720 16 0.211 0.236 0.377 0.536
268.760 16 0.212 0.239 0.378 0.539
268.800 16 0.212 0.242 0.380 0.544
268.840 16 0.212 0.247 0.381 0.550
268.880 16 0.209 0.253 0.378 0.556
268.920 16 0.214 0.256 0.383 0.558
268.960 16 0.211 0.258 0.378 0.558
269.000 16 0.216 0.250 0.383 0.550
269.040 16 0.208 0.247 0.372 0.542
269.080 16 0.208 0.247 0.372 0.542
269.120 16 0.205 0.250 0.366 0.539
269.160 16 0.206 0.250 0.369 0.542
269.200 16 0.200 0.247 0.366 0.544
269.240 16 0.202 0.247 0.367 0.544
269.280 16 0.202 0.244 0.367 0.542
269.320 16 0.202 0.244 0.367 0.544
269.360 16 0.202 0.244 0.367 0.542
269.400 16 0.202 0.244 0.367 0.542
269.440 16 0.200 0.244 0.364 0.539
269.480 16 0.202 0.242 0.367 0.542
269.520 16 0.203 0.244 0.366 0.536
269.560 16 0.203 0.239 0.369 0.536
269.600 16 0.205 0.242 0.367 0.531
269.640 16 0.205 0.239 0.367 0.533
269.680 16 0.203 0.239 0.369 0.533
269.720 16 0.209 0.239 0.372 0.531
269.760 16 0.206 0.236 0.369 0.528
269.800 16 0.206 0.231 0.372 0.528
269.840 16 0.203 0.222 0.373 0.525
269.880 16 0.209 0.222 0.377 0.522
269.920 16 0.203 0.217 0.372 0.519
269.960 16 0.208 0.219 0.375 0.519
270.000 16 0.197 0.217 0.364 0.517
270.040 16 0.194 0.197 0.380 0.525
270.080 16 0.189 0.194 0.375 0.525
270.120 16 0.195 0.197 0.378 0.522
270.160 16 0.194 0.197 0.377 0.522
270.200 16 0.198 0.200 0.381 0.525
270.240 16 0.195 0.200 0.380 0.531
270.280 16 0.195 0.200 0.384 0.536
270.320 16 0.195 0.203 0.384 0.542
270.360 16 0.194 0.203 0.383 0.542
270.400 16 0.194 0.200 0.386 0.544
270.440 16 0.197 0.200 0.388 0.542
270.480 16 0.192 0.203 0.381 0.539
270.520 16 0.197 0.203 0.386 0.539
270.560 16 0.194 0.200 0.383 0.542
270.600 16 0.191 0.200 0.381 0.542
270.640 16 0.192 0.203 0.381 0.539
270.680 16 0.191 0.203 0.380 0.539
270.720 16 0.194 0.203 0.381 0.542
270.760 16 0.191 0.200 0.380 0.536
270.800 16 0.191 0.197 0.378 0.533
270.840 16 0.191 0.200 0.377 0.533
270.880 16 0.192 0.203 0.375 0.531
270.920 16 0.194 0.208 0.377 0.531
270.960 16 0.191 0.206 0.370 0.528
271.000 16 0.191 0.183 0.392 0.542
271.040 16 0.189 0.186 0.389 0.542
271.080 16 0.195 0.183 0.395 0.539
271.120 16 0.192 0.181 0.394 0.539
271.160 16 0.197 0.181 0.400 0.539
271.200 16 0.194 0.183 0.392 0.539
271.240 16 0.197 0.186 0.395 0.539
271.280 16 0.198 0.186 0.395 0.536
271.320 16 0.194 0.186 0.391 0.536
271.360 16 0.195 0.192 0.392 0.539
271.400 16 0.192 0.192 0.389 0.539
271.440 16 0.194 0.194 0.391 0.542
271.480 16 0.191 0.194 0.384 0.539
271.520 16 0.188 0.192 0.384 0.544
271.560 16 0.184 0.189 0.386 0.550
271.600 16 0.184 0.194 0.381 0.544
271.640 16 0.183 0.194 0.381 0.544
271.680 16 0.183 0.192 0.381 0.544
271.720 16 0.181 0.189 0.380 0.542
271.760 16 0.181 0.189 0.380 0.542
271.800 16 0.180 0.189 0.378 0.539
271.840 16 0.177 0.189 0.375 0.539
271.880 16 0.178 0.186 0.377 0.542
271.920 16 0.177 0.183 0.377 0.542
271.960 16 0.177 0.183 0.377 0.539
272.000 16 0.169 0.183 0.370 0.542
272.040 16 0.173 0.183 0.364 0.522
272.080 16 0.177 0.183 0.367 0.522
272.120 16 0.175 0.186 0.366 0.525
272.160 16 0.178 0.189 0.367 0.525
272.200 16 0.173 0.183 0.367 0.531
272.240 16 0.177 0.189 0.369 0.533
272.280 16 0.180 0.192 0.370 0.533
272.320 16 0.181 0.194 0.372 0.533
272.360 16 0.184 0.197 0.373 0.536
272.400 16 0.188 0.200 0.377 0.539
272.440 16 0.189 0.203 0.378 0.542
272.480 16 0.189 0.206 0.381 0.547
272.520 16 0.189 0.206 0.381 0.547
272.560 16 0.188 0.203 0.381 0.547
272.600 16 0.186 0.197 0.381 0.544
272.640 16 0.186 0.194 0.383 0.547
272.680 16 0.184 0.203 0.373 0.542
272.720 16 0.184 0.203 0.377 0.547
272.760 16 0.189 0.206 0.383 0.550
272.800 16 0.194 0.200 0.384 0.539
272.840 16 0.203 0.203 0.392 0.539
272.880 16 0.200 0.203 0.391 0.542
272.920 16 0.209 0.206 0.400 0.544
272.960 16 0.202 0.206 0.391 0.544
273.000 16 0.216 0.217 0.383 0.517
273.040 16 0.206 0.208 0.391 0.539
273.080 16 0.206 0.206 0.391 0.536
273.120 16 0.208 0.206 0.394 0.539
273.160 16 0.203 0.211 0.389 0.542
273.200 16 0.205 0.214 0.392 0.550
273.240 16 0.203 0.211 0.392 0.547
273.280 16 0.202 0.206 0.391 0.542
273.320 16 0.205 0.200 0.392 0.536
273.360 16 0.200 0.197 0.388 0.533
273.400 16 0.205 0.203 0.391 0.533
273.440 16 0.203 0.208 0.386 0.533
273.480 16 0.208 0.206 0.392 0.533
273.520 16 0.203 0.203 0.388 0.531
273.560 16 0.206 0.200 0.389 0.528
273.600 16 0.203 0.200 0.389 0.528
273.640 16 0.202 0.200 0.386 0.531
273.680 16 0.205 0.200 0.389 0.531
273.720 16 0.202 0.194 0.389 0.531
273.760 16 0.200 0.192 0.389 0.525
273.800 16 0.200 0.189 0.388 0.525
273.840 16 0.198 0.189 0.386 0.522
273.880 16 0.198 0.189 0.386 0.522
273.920 16 0.198 0.189 0.384 0.519
273.960 16 0.197 0.186 0.383 0.519
274.000 16 0.191 0.183 0.392 0.542
274.040 16 0.209 0.200 0.394 0.528
274.080 16 0.208 0.200 0.392 0.528
274.120 16 0.205 0.197 0.391 0.528
274.160 16 0.203 0.197 0.389 0.528
274.200 16 0.198 0.197 0.383 0.528
274.240 16 0.197 0.197 0.383 0.528
274.280 16 0.195 0.197 0.381 0.528
274.320 16 0.194 0.200 0.378 0.528
274.360 16 0.192 0.203 0.375 0.531
274.400 16 0.192 0.206 0.373 0.531
274.440 16 0.191 0.211 0.370 0.531
274.480 16 0.188 0.211 0.369 0.536
274.520 16 0.184 0.217 0.367 0.539
274.560 16 0.184 0.217 0.366 0.542
274.600 16 0.178 0.217 0.359 0.542
274.640 16 0.170 0.217 0.356 0.547
274.680 16 0.173 0.217 0.356 0.544
274.720 16 0.169 0.217 0.350 0.542
274.760 16 0.163 0.219 0.345 0.547
274.800 16 0.166 0.225 0.344 0.544
274.840 16 0.161 0.231 0.338 0.547
274.880 16 0.164 0.239 0.338 0.544
274.920 16 0.158 0.239 0.333 0.553
274.960 16 0.163 0.242 0.339 0.556
275.000 16 0.178 0.250 0.345 0.550
275.040 16 0.170 0.261 0.333 0.553
275.080 16 0.175 0.261 0.338 0.553
275.120 16 0.177 0.258 0.339 0.553
275.160 16 0.178 0.258 0.345 0.556
275.200 16 0.188 0.258 0.352 0.553
275.240 16 0.183 0.256 0.350 0.556
275.280 16 0.189 0.258 0.355 0.556
275.320 16 0.192 0.258 0.356 0.553
275.360 16 0.195 0.258 0.358 0.550
275.400 16 0.197 0.258 0.359 0.550
275.440 16 0.198 0.258 0.361 0.550
275.480 16 0.198 0.256 0.361 0.547
275.520 16 0.200 0.256 0.361 0.547
275.560 16 0.200 0.256 0.359 0.542
275.600 16 0.200 0.253 0.362 0.544
275.640 16 0.195 0.250 0.359 0.547
275.680 16 0.197 0.253 0.361 0.544
275.720 16 0.198 0.256 0.359 0.544
275.760 16 0.195 0.253 0.356 0.544
275.800 16 0.191 0.253 0.353 0.544
275.840 16 0.194 0.253 0.355 0.544
275.880 16 0.189 0.256 0.348 0.539
275.920 16 0.195 0.256 0.353 0.542
275.960 16 0.191 0.256 0.348 0.539
276.000 16 0.178 0.250 0.345 0.550
276.040 16 0.180 0.244 0.353 0.556
276.080 16 0.180 0.247 0.348 0.553
276.120 16 0.181 0.244 0.356 0.558
276.160 16 0.183 0.244 0.355 0.553
276.200 16 0.189 0.247 0.359 0.553
276.240 16 0.186 0.242 0.359 0.553
276.280 16 0.188 0.242 0.361 0.553
276.320 16 0.188 0.242 0.364 0.558
276.360 16 0.191 0.244 0.364 0.556
276.400 16 0.192 0.244 0.366 0.558
276.440 16 0.194 0.247 0.367 0.558
276.480 16 0.200 0.250 0.372 0.558
276.520 16 0.198 0.247 0.370 0.556
276.560 16 0.205 0.247 0.377 0.556
276.600 16 0.200 0.242 0.375 0.556
276.640 16 0.203 0.236 0.384 0.561
276.680 16 0.200 0.236 0.380 0.558
276.720 16 0.203 0.233 0.384 0.561
276.760 16 0.200 0.236 0.380 0.558
276.800 16 0.198 0.236 0.377 0.556
276.840 16 0.192 0.236 0.370 0.556
276.880 16 0.197 0.239 0.372 0.553
276.920 16 0.191 0.239 0.367 0.556
