25.280 0 0.431 0.306 0.491 0.411
25.320 0 0.434 0.300 0.494 0.406
25.360 0 0.438 0.297 0.497 0.403
25.400 0 0.442 0.292 0.500 0.397
25.440 0 0.444 0.283 0.503 0.392
25.480 0 0.447 0.281 0.506 0.389
25.520 0 0.450 0.281 0.509 0.386
25.560 0 0.452 0.278 0.512 0.386
25.600 0 0.455 0.281 0.516 0.386
25.640 0 0.458 0.278 0.519 0.386
25.680 0 0.459 0.275 0.520 0.383
25.720 0 0.461 0.272 0.522 0.381
25.760 0 0.461 0.269 0.522 0.378
25.800 0 0.463 0.264 0.523 0.375
25.840 0 0.458 0.258 0.522 0.372
25.880 0 0.458 0.256 0.522 0.369
25.920 0 0.456 0.253 0.522 0.369
25.960 0 0.455 0.250 0.520 0.367
26.000 0 0.453 0.247 0.520 0.367
26.040 0 0.450 0.244 0.516 0.364
26.080 0 0.447 0.242 0.517 0.364
26.120 0 0.439 0.231 0.516 0.367
26.160 0 0.436 0.225 0.512 0.364
26.200 0 0.433 0.225 0.511 0.361
26.240 0 0.430 0.222 0.506 0.361
26.280 0 0.428 0.222 0.506 0.361
26.320 0 0.428 0.222 0.505 0.358
26.360 0 0.428 0.222 0.505 0.358
26.400 0 0.430 0.222 0.506 0.358
26.440 0 0.433 0.222 0.509 0.361
26.480 0 0.438 0.222 0.514 0.358
26.520 0 0.442 0.225 0.520 0.364
26.560 0 0.448 0.222 0.527 0.358
26.600 0 0.456 0.222 0.533 0.361
26.640 0 0.463 0.219 0.541 0.358
26.680 0 0.467 0.219 0.547 0.361
26.720 0 0.475 0.219 0.555 0.364
26.760 0 0.481 0.219 0.562 0.364
26.800 0 0.486 0.219 0.569 0.367
26.840 0 0.492 0.219 0.577 0.367
26.880 0 0.498 0.217 0.583 0.367
26.920 0 0.505 0.217 0.589 0.367
26.960 0 0.511 0.214 0.597 0.367
27.000 0 0.512 0.203 0.609 0.375
27.040 0 0.511 0.200 0.614 0.386
27.080 0 0.519 0.200 0.622 0.383
27.120 0 0.525 0.197 0.628 0.381
27.160 0 0.534 0.192 0.639 0.381
27.200 0 0.542 0.194 0.648 0.383
27.240 0 0.548 0.192 0.656 0.386
27.280 0 0.556 0.192 0.666 0.386
27.320 0 0.561 0.189 0.670 0.386
27.360 0 0.569 0.189 0.680 0.389
27.400 0 0.575 0.189 0.686 0.389
27.440 0 0.581 0.186 0.694 0.386
27.480 0 0.588 0.181 0.703 0.386
27.520 0 0.594 0.181 0.709 0.386
27.560 0 0.598 0.178 0.714 0.383
27.600 0 0.606 0.172 0.723 0.381
27.640 0 0.613 0.167 0.731 0.381
27.680 0 0.622 0.161 0.742 0.378
27.720 0 0.630 0.161 0.750 0.375
27.760 0 0.637 0.150 0.761 0.369
27.800 0 0.645 0.144 0.772 0.369
27.840 0 0.655 0.142 0.783 0.369
27.880 0 0.666 0.139 0.795 0.369
27.920 0 0.675 0.133 0.808 0.369
27.960 0 0.688 0.128 0.823 0.372
28.000 0 0.692 0.125 0.831 0.375
28.040 0 0.705 0.119 0.847 0.375
28.080 0 0.725 0.122 0.861 0.367
28.120 0 0.736 0.119 0.877 0.372
28.160 0 0.755 0.131 0.894 0.381
28.200 0 0.770 0.125 0.911 0.381
28.240 0 0.791 0.128 0.933 0.383
28.280 0 0.806 0.122 0.952 0.383
42.880 1 0.345 0.183 0.575 0.589
42.920 1 0.334 0.178 0.569 0.592
42.960 1 0.338 0.172 0.580 0.600
43.000 1 0.338 0.172 0.580 0.600
43.040 1 0.355 0.203 0.569 0.583
43.080 1 0.355 0.203 0.570 0.583
43.120 1 0.350 0.203 0.566 0.581
43.160 1 0.348 0.200 0.562 0.581
43.200 1 0.339 0.200 0.550 0.572
43.240 1 0.334 0.189 0.550 0.572
43.280 1 0.323 0.189 0.537 0.567
43.320 1 0.314 0.181 0.531 0.567
43.360 1 0.302 0.175 0.519 0.561
43.400 1 0.289 0.172 0.506 0.556
43.440 1 0.277 0.167 0.492 0.550
43.480 1 0.263 0.164 0.483 0.556
43.520 1 0.248 0.158 0.472 0.553
43.560 1 0.239 0.158 0.463 0.556
43.600 1 0.230 0.161 0.456 0.561
43.640 1 0.223 0.161 0.452 0.564
43.680 1 0.220 0.164 0.448 0.569
43.720 1 0.214 0.167 0.441 0.569
43.760 1 0.206 0.175 0.433 0.575
43.800 1 0.206 0.178 0.436 0.583
43.840 1 0.200 0.181 0.427 0.583
43.880 1 0.203 0.183 0.430 0.583
43.920 1 0.195 0.186 0.423 0.586
43.960 1 0.200 0.189 0.427 0.592
44.000 1 0.214 0.222 0.416 0.581
44.040 1 0.202 0.206 0.425 0.600
44.080 1 0.212 0.203 0.438 0.600
44.120 1 0.222 0.206 0.445 0.603
44.160 1 0.233 0.194 0.458 0.592
44.200 1 0.247 0.194 0.475 0.600
44.240 1 0.259 0.194 0.492 0.606
44.280 1 0.270 0.197 0.502 0.606
44.320 1 0.275 0.194 0.506 0.603
44.360 1 0.281 0.194 0.512 0.606
44.400 1 0.286 0.194 0.517 0.606
44.440 1 0.291 0.200 0.519 0.603
44.480 1 0.292 0.200 0.520 0.606
44.520 1 0.294 0.203 0.522 0.608
44.560 1 0.294 0.203 0.522 0.608
44.600 1 0.292 0.203 0.520 0.606
44.640 1 0.289 0.197 0.519 0.606
44.680 1 0.287 0.194 0.516 0.600
44.720 1 0.284 0.192 0.512 0.594
44.760 1 0.280 0.186 0.508 0.592
44.800 1 0.275 0.183 0.505 0.592
44.840 1 0.270 0.181 0.502 0.592
44.880 1 0.270 0.181 0.502 0.592
44.920 1 0.264 0.183 0.492 0.589
44.960 1 0.269 0.186 0.495 0.589
45.000 1 0.256 0.172 0.498 0.600
45.040 1 0.266 0.194 0.484 0.581
45.080 1 0.263 0.192 0.483 0.583
45.120 1 0.259 0.194 0.478 0.581
45.160 1 0.252 0.200 0.467 0.583
45.200 1 0.252 0.203 0.469 0.586
45.240 1 0.244 0.206 0.463 0.592
45.280 1 0.247 0.208 0.466 0.594
45.320 1 0.250 0.208 0.467 0.594
45.360 1 0.253 0.208 0.472 0.597
45.400 1 0.256 0.208 0.475 0.600
45.440 1 0.258 0.208 0.478 0.600
45.480 1 0.263 0.208 0.484 0.600
45.520 1 0.267 0.208 0.491 0.606
45.560 1 0.267 0.208 0.489 0.600
45.600 1 0.273 0.206 0.495 0.600
45.640 1 0.277 0.206 0.497 0.597
45.680 1 0.278 0.208 0.500 0.600
45.720 1 0.281 0.208 0.502 0.600
45.760 1 0.281 0.208 0.505 0.603
45.800 1 0.283 0.208 0.505 0.603
45.840 1 0.291 0.208 0.511 0.603
45.880 1 0.289 0.208 0.508 0.597
45.920 1 0.295 0.208 0.516 0.597
45.960 1 0.291 0.206 0.511 0.597
46.000 1 0.303 0.222 0.505 0.581
46.040 1 0.300 0.194 0.519 0.583
46.080 1 0.302 0.194 0.519 0.583
46.120 1 0.302 0.197 0.519 0.583
46.160 1 0.302 0.197 0.519 0.583
46.200 1 0.302 0.197 0.517 0.581
46.240 1 0.302 0.197 0.517 0.581
46.280 1 0.300 0.194 0.516 0.581
46.320 1 0.302 0.194 0.517 0.581
46.360 1 0.297 0.200 0.509 0.575
46.400 1 0.303 0.200 0.516 0.578
46.440 1 0.297 0.200 0.506 0.572
46.480 1 0.295 0.194 0.514 0.583
46.520 1 0.289 0.197 0.506 0.583
46.560 1 0.294 0.200 0.511 0.586
46.600 1 0.287 0.200 0.506 0.586
46.640 1 0.292 0.200 0.511 0.589
46.680 1 0.284 0.200 0.506 0.592
46.720 1 0.289 0.200 0.508 0.589
46.760 1 0.291 0.203 0.506 0.586
46.800 1 0.289 0.203 0.506 0.589
46.840 1 0.289 0.206 0.508 0.592
46.880 1 0.291 0.203 0.511 0.594
46.920 1 0.295 0.203 0.517 0.597
46.960 1 0.308 0.206 0.528 0.597
47.000 1 0.311 0.172 0.552 0.600
47.040 1 0.328 0.169 0.572 0.600
47.080 1 0.345 0.181 0.583 0.603
47.120 1 0.358 0.186 0.594 0.606
47.160 1 0.361 0.192 0.595 0.608
47.760 1 0.342 0.228 0.578 0.644
47.800 1 0.333 0.222 0.564 0.636
47.840 1 0.311 0.222 0.550 0.647
47.880 1 0.305 0.217 0.547 0.650
47.920 1 0.292 0.222 0.533 0.647
47.960 1 0.287 0.219 0.528 0.650
48.000 1 0.283 0.219 0.525 0.650
48.040 1 0.294 0.247 0.508 0.631
48.080 1 0.289 0.244 0.506 0.631
48.120 1 0.284 0.242 0.503 0.631
48.160 1 0.281 0.239 0.500 0.628
48.200 1 0.277 0.236 0.495 0.625
48.240 1 0.273 0.233 0.492 0.625
48.280 1 0.270 0.233 0.491 0.622
48.320 1 0.267 0.228 0.487 0.622
48.360 1 0.263 0.222 0.486 0.619
48.400 1 0.259 0.219 0.483 0.617
48.440 1 0.256 0.214 0.481 0.614
48.480 1 0.255 0.214 0.480 0.611
48.520 1 0.253 0.211 0.478 0.611
48.560 1 0.252 0.208 0.477 0.608
48.600 1 0.250 0.206 0.477 0.606
48.640 1 0.250 0.203 0.475 0.606
48.680 1 0.248 0.203 0.475 0.603
48.720 1 0.248 0.203 0.475 0.603
48.760 1 0.248 0.203 0.475 0.603
48.800 1 0.248 0.203 0.473 0.603
48.840 1 0.248 0.203 0.473 0.603
48.880 1 0.247 0.200 0.473 0.603
48.920 1 0.247 0.197 0.473 0.600
48.960 1 0.245 0.194 0.473 0.600
49.000 1 0.258 0.222 0.459 0.581
49.040 1 0.252 0.219 0.456 0.583
49.080 1 0.252 0.219 0.456 0.581
49.120 1 0.253 0.219 0.455 0.581
49.160 1 0.253 0.222 0.455 0.581
49.200 1 0.253 0.222 0.455 0.581
49.240 1 0.253 0.225 0.455 0.581
49.280 1 0.255 0.225 0.456 0.581
49.320 1 0.256 0.225 0.458 0.581
49.360 1 0.256 0.225 0.458 0.581
49.400 1 0.255 0.225 0.456 0.581
49.440 1 0.256 0.222 0.461 0.586
49.480 1 0.255 0.222 0.456 0.581
49.520 1 0.263 0.225 0.463 0.581
49.560 1 0.261 0.222 0.463 0.581
49.600 1 0.261 0.222 0.464 0.581
49.640 1 0.263 0.222 0.464 0.583
49.680 1 0.263 0.222 0.467 0.589
49.720 1 0.259 0.222 0.464 0.583
49.760 1 0.269 0.225 0.472 0.586
49.800 1 0.259 0.225 0.461 0.583
49.840 1 0.267 0.225 0.469 0.586
49.880 1 0.264 0.225 0.464 0.581
49.920 1 0.263 0.225 0.463 0.581
49.960 1 0.266 0.225 0.466 0.581
50.000 1 0.258 0.222 0.459 0.581
50.040 1 0.250 0.217 0.458 0.586
50.080 1 0.255 0.222 0.458 0.586
50.120 1 0.248 0.222 0.452 0.586
50.160 1 0.253 0.225 0.455 0.586
50.200 1 0.248 0.225 0.450 0.586
50.240 1 0.253 0.225 0.455 0.586
50.280 1 0.252 0.225 0.453 0.583
50.320 1 0.245 0.225 0.447 0.583
50.360 1 0.245 0.225 0.450 0.589
50.400 1 0.239 0.225 0.445 0.592
50.440 1 0.248 0.228 0.455 0.592
50.480 1 0.237 0.222 0.444 0.589
50.520 1 0.250 0.228 0.453 0.589
50.560 1 0.247 0.228 0.448 0.586
50.600 1 0.255 0.228 0.456 0.586
50.640 1 0.253 0.225 0.455 0.583
50.680 1 0.266 0.225 0.464 0.578
50.720 1 0.273 0.219 0.470 0.569
50.760 1 0.278 0.214 0.478 0.569
50.800 1 0.286 0.214 0.483 0.564
50.840 1 0.294 0.214 0.489 0.561
50.880 1 0.298 0.214 0.494 0.561
50.920 1 0.298 0.211 0.495 0.564
50.680 2 0.231 0.181 0.477 0.614
50.720 2 0.239 0.172 0.484 0.608
50.760 2 0.256 0.178 0.494 0.597
50.800 2 0.255 0.169 0.494 0.592
50.840 2 0.267 0.169 0.509 0.597
50.880 2 0.272 0.169 0.514 0.600
50.920 2 0.277 0.169 0.519 0.597
50.960 2 0.280 0.172 0.522 0.600
51.000 2 0.283 0.172 0.525 0.600
51.040 2 0.289 0.158 0.537 0.597
51.080 2 0.286 0.161 0.528 0.592
51.120 2 0.289 0.156 0.541 0.600
51.160 2 0.291 0.158 0.537 0.594
51.200 2 0.292 0.161 0.539 0.597
51.240 2 0.294 0.161 0.544 0.606
51.280 2 0.291 0.161 0.539 0.603
51.320 2 0.297 0.164 0.544 0.600
51.360 2 0.297 0.172 0.539 0.600
51.400 2 0.292 0.167 0.539 0.606
51.440 2 0.297 0.172 0.541 0.603
51.480 2 0.298 0.175 0.537 0.600
51.520 2 0.295 0.172 0.539 0.603
51.560 2 0.297 0.175 0.537 0.600
51.600 2 0.297 0.178 0.537 0.603
51.640 2 0.298 0.178 0.539 0.603
51.680 2 0.300 0.181 0.539 0.606
51.720 2 0.302 0.183 0.541 0.606
51.760 2 0.303 0.183 0.542 0.608
51.800 2 0.305 0.186 0.544 0.608
51.840 2 0.306 0.186 0.545 0.608
51.880 2 0.306 0.186 0.545 0.608
51.920 2 0.308 0.186 0.545 0.608
51.960 2 0.311 0.183 0.550 0.608
52.000 2 0.311 0.172 0.552 0.600
52.040 2 0.308 0.172 0.550 0.606
52.080 2 0.305 0.175 0.544 0.600
52.120 2 0.309 0.172 0.552 0.606
52.160 2 0.306 0.175 0.544 0.600
52.200 2 0.311 0.172 0.552 0.600
52.240 2 0.309 0.175 0.545 0.594
52.280 2 0.316 0.175 0.553 0.597
52.320 2 0.316 0.178 0.548 0.592
52.360 2 0.316 0.169 0.555 0.594
52.400 2 0.312 0.169 0.553 0.597
52.440 2 0.314 0.172 0.555 0.600
52.480 2 0.309 0.167 0.553 0.600
52.520 2 0.317 0.175 0.552 0.594
52.560 2 0.314 0.175 0.547 0.589
52.600 2 0.320 0.175 0.553 0.589
52.640 2 0.316 0.169 0.553 0.594
52.680 2 0.309 0.167 0.553 0.597
52.720 2 0.316 0.167 0.559 0.600
52.760 2 0.314 0.169 0.555 0.597
52.800 2 0.316 0.169 0.556 0.597
52.840 2 0.316 0.169 0.556 0.597
52.880 2 0.314 0.169 0.555 0.600
52.920 2 0.317 0.172 0.555 0.594
52.960 2 0.319 0.169 0.559 0.597
53.000 2 0.311 0.172 0.552 0.600
53.040 2 0.322 0.167 0.562 0.594
53.080 2 0.327 0.167 0.566 0.594
53.120 2 0.328 0.167 0.569 0.594
53.160 2 0.331 0.167 0.569 0.589
53.200 2 0.331 0.164 0.570 0.592
53.240 2 0.330 0.164 0.569 0.589
53.280 2 0.330 0.161 0.575 0.597
53.320 2 0.330 0.169 0.570 0.597
53.360 2 0.323 0.167 0.566 0.597
53.400 2 0.323 0.172 0.559 0.592
53.440 2 0.314 0.175 0.553 0.600
53.480 2 0.311 0.178 0.548 0.600
53.520 2 0.305 0.172 0.550 0.608
53.560 2 0.305 0.178 0.547 0.608
53.600 2 0.302 0.175 0.547 0.611
53.640 2 0.305 0.181 0.544 0.606
53.680 2 0.303 0.181 0.545 0.608
53.720 2 0.305 0.183 0.542 0.603
53.760 2 0.302 0.181 0.542 0.608
53.800 2 0.300 0.181 0.541 0.608
53.840 2 0.295 0.178 0.537 0.611
53.880 2 0.298 0.181 0.539 0.608
53.920 2 0.298 0.181 0.537 0.608
53.960 2 0.302 0.181 0.541 0.606
54.000 2 0.311 0.172 0.552 0.600
54.040 2 0.286 0.164 0.537 0.608
54.080 2 0.297 0.169 0.545 0.608
54.120 2 0.291 0.167 0.537 0.606
54.160 2 0.297 0.169 0.544 0.606
54.200 2 0.291 0.167 0.539 0.606
54.240 2 0.298 0.169 0.545 0.606
54.280 2 0.292 0.161 0.544 0.608
54.320 2 0.294 0.164 0.545 0.611
54.360 2 0.294 0.167 0.545 0.614
54.400 2 0.292 0.164 0.547 0.614
54.440 2 0.292 0.169 0.539 0.608
54.480 2 0.298 0.169 0.545 0.606
54.520 2 0.292 0.161 0.544 0.608
54.560 2 0.294 0.164 0.545 0.608
54.600 2 0.295 0.167 0.547 0.614
54.640 2 0.294 0.164 0.545 0.608
54.680 2 0.292 0.161 0.545 0.611
54.720 2 0.294 0.164 0.545 0.608
54.760 2 0.291 0.164 0.544 0.611
54.800 2 0.297 0.167 0.544 0.603
54.840 2 0.297 0.164 0.544 0.603
54.880 2 0.286 0.156 0.544 0.614
54.920 2 0.291 0.164 0.544 0.608
54.960 2 0.294 0.164 0.544 0.608
55.000 2 0.283 0.172 0.525 0.600
55.040 2 0.281 0.164 0.527 0.600
55.080 2 0.284 0.164 0.531 0.600
55.120 2 0.278 0.164 0.525 0.600
55.160 2 0.283 0.164 0.533 0.606
55.200 2 0.277 0.167 0.519 0.597
55.240 2 0.283 0.167 0.531 0.606
55.280 2 0.277 0.172 0.519 0.600
55.320 2 0.283 0.169 0.530 0.603
55.360 2 0.281 0.175 0.519 0.597
55.400 2 0.281 0.172 0.523 0.600
55.440 2 0.281 0.175 0.519 0.597
55.480 2 0.281 0.175 0.523 0.600
55.520 2 0.280 0.178 0.519 0.597
55.560 2 0.287 0.183 0.519 0.589
55.600 2 0.287 0.181 0.519 0.589
55.640 2 0.280 0.178 0.519 0.597
55.680 2 0.280 0.178 0.519 0.597
55.720 2 0.287 0.181 0.519 0.589
55.760 2 0.286 0.181 0.519 0.592
55.800 2 0.280 0.178 0.517 0.597
55.840 2 0.281 0.175 0.522 0.600
55.880 2 0.283 0.178 0.517 0.592
55.920 2 0.286 0.178 0.523 0.597
55.960 2 0.280 0.175 0.519 0.597
56.000 2 0.283 0.172 0.525 0.600
56.040 2 0.286 0.178 0.520 0.592
56.080 2 0.289 0.178 0.525 0.594
56.120 2 0.284 0.175 0.519 0.592
56.160 2 0.291 0.178 0.527 0.594
56.200 2 0.284 0.178 0.522 0.597
56.240 2 0.286 0.169 0.533 0.606
56.280 2 0.278 0.169 0.525 0.606
56.320 2 0.287 0.167 0.534 0.606
56.360 2 0.281 0.167 0.527 0.600
56.400 2 0.287 0.169 0.534 0.603
56.440 2 0.283 0.167 0.530 0.600
56.480 2 0.287 0.172 0.528 0.597
56.520 2 0.289 0.169 0.534 0.603
56.560 2 0.283 0.167 0.528 0.600
56.600 2 0.289 0.169 0.534 0.603
56.640 2 0.281 0.167 0.528 0.606
56.680 2 0.284 0.167 0.533 0.608
56.720 2 0.283 0.167 0.528 0.600
56.760 2 0.289 0.167 0.536 0.603
56.800 2 0.280 0.167 0.525 0.600
56.840 2 0.283 0.164 0.533 0.606
56.880 2 0.281 0.167 0.531 0.606
56.920 2 0.286 0.169 0.534 0.606
56.960 2 0.280 0.164 0.531 0.608
57.000 2 0.283 0.172 0.525 0.600
57.040 2 0.292 0.178 0.533 0.603
57.080 2 0.291 0.178 0.531 0.603
57.120 2 0.289 0.178 0.528 0.600
57.160 2 0.286 0.178 0.527 0.603
57.200 2 0.284 0.178 0.525 0.603
57.240 2 0.283 0.178 0.523 0.603
57.280 2 0.281 0.178 0.522 0.603
57.320 2 0.280 0.178 0.520 0.603
57.360 2 0.275 0.172 0.519 0.603
57.400 2 0.275 0.175 0.519 0.606
57.440 2 0.275 0.181 0.516 0.603
57.480 2 0.270 0.175 0.516 0.608
57.520 2 0.266 0.172 0.512 0.608
57.560 2 0.269 0.172 0.516 0.608
57.600 2 0.261 0.172 0.509 0.611
57.640 2 0.264 0.172 0.512 0.608
57.680 2 0.261 0.172 0.509 0.611
57.720 2 0.267 0.172 0.516 0.611
57.760 2 0.266 0.175 0.511 0.611
57.800 2 0.266 0.172 0.512 0.611
57.840 2 0.266 0.172 0.512 0.608
57.880 2 0.269 0.172 0.516 0.606
57.920 2 0.267 0.172 0.512 0.603
57.960 2 0.269 0.169 0.511 0.597
58.000 2 0.283 0.172 0.525 0.600
58.040 2 0.280 0.169 0.519 0.594
58.080 2 0.280 0.169 0.522 0.597
58.120 2 0.283 0.169 0.525 0.597
58.160 2 0.286 0.172 0.528 0.600
58.200 2 0.289 0.175 0.530 0.600
58.240 2 0.292 0.175 0.533 0.600
58.280 2 0.294 0.175 0.536 0.603
58.320 2 0.297 0.175 0.539 0.603
58.360 2 0.298 0.178 0.541 0.603
58.400 2 0.300 0.178 0.542 0.606
58.440 2 0.303 0.178 0.545 0.606
58.480 2 0.298 0.175 0.545 0.611
58.520 2 0.298 0.181 0.539 0.606
58.560 2 0.303 0.178 0.547 0.608
58.600 2 0.297 0.175 0.539 0.606
58.640 2 0.300 0.181 0.542 0.608
58.680 2 0.297 0.181 0.539 0.608
58.720 2 0.305 0.186 0.544 0.608
58.760 2 0.294 0.183 0.534 0.606
58.800 2 0.306 0.183 0.545 0.608
58.840 2 0.298 0.181 0.539 0.606
58.880 2 0.298 0.183 0.539 0.608
58.920 2 0.298 0.181 0.539 0.608
58.960 2 0.295 0.178 0.537 0.606
59.000 2 0.283 0.172 0.525 0.600
59.040 2 0.287 0.164 0.531 0.597
59.080 2 0.286 0.164 0.531 0.600
59.120 2 0.284 0.167 0.527 0.594
59.160 2 0.292 0.167 0.533 0.594
59.200 2 0.289 0.167 0.528 0.589
59.240 2 0.289 0.164 0.533 0.597
59.280 2 0.289 0.167 0.534 0.600
59.320 2 0.291 0.167 0.534 0.600
59.360 2 0.291 0.167 0.536 0.600
59.400 2 0.292 0.167 0.537 0.600
59.440 2 0.292 0.167 0.537 0.600
59.480 2 0.294 0.169 0.537 0.603
59.520 2 0.294 0.169 0.539 0.603
59.560 2 0.295 0.169 0.539 0.603
59.600 2 0.297 0.172 0.541 0.603
59.640 2 0.303 0.178 0.541 0.600
59.680 2 0.300 0.178 0.536 0.597
59.720 2 0.302 0.175 0.542 0.600
59.760 2 0.305 0.178 0.539 0.594
59.800 2 0.305 0.178 0.541 0.600
59.840 2 0.303 0.178 0.542 0.600
59.880 2 0.300 0.172 0.544 0.603
59.920 2 0.311 0.183 0.542 0.597
59.960 2 0.303 0.183 0.539 0.597
60.000 2 0.311 0.172 0.552 0.600
60.040 2 0.312 0.164 0.562 0.608
60.080 2 0.300 0.161 0.552 0.608
60.120 2 0.312 0.161 0.562 0.608
60.160 2 0.294 0.150 0.553 0.611
74.960 3 0.291 0.219 0.370 0.361
75.000 3 0.292 0.217 0.373 0.361
75.040 3 0.295 0.217 0.377 0.361
75.080 3 0.295 0.214 0.375 0.358
75.120 3 0.297 0.214 0.378 0.358
75.160 3 0.298 0.211 0.381 0.358
75.200 3 0.298 0.211 0.380 0.356
75.240 3 0.302 0.211 0.383 0.356
76.800 4 0.225 0.189 0.319 0.353
76.840 4 0.219 0.186 0.314 0.353
76.880 4 0.217 0.183 0.312 0.353
76.920 4 0.217 0.183 0.314 0.353
76.960 4 0.219 0.183 0.317 0.356
77.000 4 0.220 0.183 0.319 0.356
77.040 4 0.227 0.197 0.317 0.356
77.080 4 0.228 0.197 0.319 0.356
77.120 4 0.230 0.197 0.320 0.356
77.160 4 0.231 0.200 0.320 0.358
77.200 4 0.231 0.200 0.322 0.361
77.240 4 0.231 0.203 0.323 0.364
77.280 4 0.231 0.203 0.323 0.367
77.320 4 0.233 0.206 0.325 0.367
77.360 4 0.233 0.206 0.325 0.369
77.400 4 0.233 0.208 0.327 0.372
77.440 4 0.233 0.208 0.327 0.372
77.480 4 0.233 0.208 0.327 0.372
77.520 4 0.236 0.208 0.330 0.372
77.560 4 0.234 0.206 0.328 0.369
77.600 4 0.237 0.206 0.331 0.369
77.640 4 0.237 0.206 0.328 0.367
77.680 4 0.239 0.203 0.331 0.367
77.720 4 0.239 0.203 0.330 0.361
77.760 4 0.242 0.203 0.333 0.364
77.800 4 0.239 0.203 0.330 0.364
77.840 4 0.242 0.203 0.334 0.367
77.880 4 0.237 0.200 0.331 0.364
77.920 4 0.241 0.203 0.333 0.367
77.960 4 0.241 0.200 0.334 0.367
78.000 4 0.247 0.217 0.328 0.361
78.040 4 0.250 0.217 0.331 0.361
78.080 4 0.248 0.214 0.330 0.358
78.120 4 0.250 0.214 0.333 0.358
78.160 4 0.250 0.214 0.331 0.358
78.200 4 0.252 0.211 0.334 0.358
78.240 4 0.252 0.208 0.333 0.356
78.280 4 0.255 0.208 0.336 0.353
78.320 4 0.256 0.208 0.338 0.353
78.360 4 0.259 0.206 0.341 0.350
78.400 4 0.261 0.203 0.344 0.347
78.440 4 0.264 0.203 0.345 0.347
78.480 4 0.267 0.200 0.348 0.347
79.720 5 0.258 0.178 0.355 0.353
79.760 5 0.252 0.175 0.350 0.350
79.800 5 0.248 0.175 0.347 0.353
79.840 5 0.245 0.178 0.344 0.353
79.880 5 0.244 0.181 0.339 0.353
79.920 5 0.244 0.181 0.342 0.356
79.960 5 0.242 0.183 0.339 0.356
80.000 5 0.242 0.183 0.339 0.356
80.040 5 0.245 0.200 0.334 0.356
80.080 5 0.247 0.200 0.336 0.356
80.120 5 0.248 0.200 0.338 0.356
80.160 5 0.248 0.197 0.338 0.356
80.200 5 0.250 0.197 0.339 0.356
80.240 5 0.248 0.197 0.339 0.358
80.280 5 0.250 0.197 0.341 0.358
80.320 5 0.250 0.200 0.341 0.358
80.360 5 0.252 0.200 0.341 0.361
80.400 5 0.252 0.200 0.342 0.361
80.440 5 0.253 0.200 0.344 0.361
80.480 5 0.253 0.200 0.344 0.361
80.520 5 0.255 0.200 0.345 0.361
80.560 5 0.255 0.200 0.345 0.361
80.600 5 0.256 0.203 0.345 0.361
80.640 5 0.256 0.203 0.345 0.361
80.680 5 0.259 0.203 0.348 0.361
80.720 5 0.258 0.203 0.347 0.361
80.760 5 0.258 0.203 0.348 0.361
80.800 5 0.259 0.203 0.348 0.361
80.840 5 0.258 0.200 0.348 0.361
80.880 5 0.261 0.203 0.350 0.361
80.920 5 0.258 0.200 0.350 0.361
80.960 5 0.259 0.200 0.352 0.361
81.000 5 0.264 0.217 0.345 0.361
81.040 5 0.259 0.197 0.350 0.358
81.080 5 0.261 0.200 0.350 0.358
81.120 5 0.258 0.200 0.347 0.358
81.160 5 0.263 0.200 0.352 0.358
81.200 5 0.256 0.200 0.345 0.358
81.240 5 0.259 0.200 0.350 0.358
81.280 5 0.258 0.200 0.347 0.358
81.320 5 0.261 0.200 0.350 0.358
81.360 5 0.259 0.200 0.348 0.358
81.400 5 0.261 0.197 0.352 0.358
81.440 5 0.258 0.197 0.348 0.358
81.480 5 0.261 0.197 0.350 0.358
81.520 5 0.261 0.197 0.350 0.356
81.560 5 0.261 0.197 0.348 0.356
81.600 5 0.261 0.200 0.348 0.353
81.640 5 0.261 0.200 0.347 0.353
81.680 5 0.261 0.200 0.347 0.353
81.720 5 0.261 0.200 0.345 0.353
81.760 5 0.259 0.200 0.347 0.356
81.800 5 0.259 0.200 0.347 0.356
81.840 5 0.258 0.200 0.345 0.356
81.880 5 0.258 0.200 0.347 0.358
81.920 5 0.258 0.200 0.345 0.358
81.960 5 0.258 0.200 0.345 0.358
82.000 5 0.253 0.183 0.350 0.356
82.040 5 0.253 0.181 0.355 0.358
82.080 5 0.248 0.178 0.350 0.358
82.120 5 0.252 0.178 0.356 0.364
82.160 5 0.245 0.172 0.352 0.361
82.200 5 0.248 0.172 0.356 0.364
82.240 5 0.247 0.172 0.353 0.361
82.280 5 0.244 0.172 0.352 0.361
82.320 5 0.247 0.172 0.352 0.361
82.360 5 0.247 0.175 0.352 0.361
82.400 5 0.245 0.175 0.347 0.358
82.440 5 0.248 0.181 0.348 0.358
82.480 5 0.247 0.183 0.344 0.356
82.520 5 0.248 0.181 0.347 0.356
82.560 5 0.248 0.181 0.347 0.358
82.600 5 0.252 0.183 0.348 0.356
82.640 5 0.250 0.183 0.347 0.356
82.680 5 0.253 0.183 0.348 0.353
82.720 5 0.250 0.181 0.347 0.356
82.760 5 0.250 0.181 0.348 0.356
82.800 5 0.253 0.183 0.350 0.353
82.840 5 0.252 0.181 0.348 0.353
82.880 5 0.252 0.181 0.348 0.353
82.920 5 0.252 0.181 0.348 0.353
90.640 6 0.245 0.194 0.328 0.342
90.680 6 0.241 0.197 0.320 0.342
90.720 6 0.239 0.203 0.317 0.342
90.760 6 0.237 0.206 0.314 0.344
90.800 6 0.237 0.208 0.316 0.347
90.840 6 0.239 0.211 0.319 0.350
90.880 6 0.239 0.211 0.319 0.353
90.920 6 0.242 0.214 0.323 0.356
90.960 6 0.244 0.214 0.323 0.358
91.000 6 0.247 0.217 0.328 0.361
91.040 6 0.244 0.206 0.336 0.369
91.080 6 0.244 0.208 0.336 0.369
91.120 6 0.248 0.208 0.338 0.369
91.160 6 0.248 0.208 0.339 0.369
91.200 6 0.250 0.208 0.341 0.369
91.240 6 0.252 0.211 0.342 0.372
91.280 6 0.253 0.211 0.344 0.372
91.320 6 0.255 0.211 0.345 0.372
91.360 6 0.256 0.211 0.347 0.372
91.400 6 0.256 0.214 0.347 0.375
91.440 6 0.258 0.214 0.348 0.375
91.480 6 0.259 0.214 0.348 0.372
91.520 6 0.263 0.214 0.352 0.372
91.560 6 0.261 0.217 0.348 0.372
91.600 6 0.266 0.217 0.353 0.372
91.640 6 0.263 0.214 0.350 0.369
91.680 6 0.266 0.214 0.353 0.369
91.720 6 0.264 0.214 0.350 0.369
91.760 6 0.266 0.214 0.355 0.372
91.800 6 0.266 0.214 0.355 0.369
91.840 6 0.266 0.214 0.355 0.369
91.880 6 0.267 0.214 0.355 0.372
91.920 6 0.267 0.214 0.356 0.372
91.960 6 0.269 0.214 0.356 0.372
92.000 6 0.264 0.203 0.361 0.375
92.040 6 0.264 0.203 0.361 0.375
92.080 6 0.264 0.203 0.361 0.375
92.120 6 0.266 0.203 0.361 0.375
92.160 6 0.267 0.203 0.364 0.375
92.200 6 0.266 0.203 0.362 0.372
92.240 6 0.269 0.203 0.366 0.372
92.280 6 0.269 0.203 0.362 0.369
92.320 6 0.270 0.200 0.366 0.372
92.360 6 0.269 0.200 0.364 0.369
92.400 6 0.270 0.200 0.366 0.369
92.440 6 0.269 0.200 0.364 0.367
92.480 6 0.273 0.200 0.366 0.364
92.520 6 0.272 0.200 0.364 0.364
92.560 6 0.273 0.197 0.367 0.364
92.600 6 0.272 0.200 0.364 0.361
92.640 6 0.270 0.200 0.362 0.364
92.680 6 0.270 0.200 0.364 0.364
92.720 6 0.267 0.200 0.361 0.364
104.520 7 0.550 0.906 0.619 1.031
104.560 7 0.550 0.900 0.619 1.025
104.600 7 0.552 0.892 0.619 1.014
104.640 7 0.550 0.883 0.617 1.006
104.680 7 0.550 0.875 0.617 0.997
104.720 7 0.552 0.867 0.617 0.989
104.760 7 0.552 0.864 0.617 0.983
104.800 7 0.552 0.853 0.619 0.975
104.840 7 0.552 0.844 0.617 0.964
104.880 7 0.550 0.836 0.617 0.958
104.920 7 0.550 0.831 0.619 0.956
104.960 7 0.550 0.822 0.617 0.944
105.000 7 0.548 0.814 0.617 0.939
105.040 7 0.548 0.808 0.619 0.936
105.080 7 0.548 0.800 0.617 0.925
105.120 7 0.548 0.794 0.619 0.922
105.160 7 0.550 0.789 0.619 0.914
105.200 7 0.552 0.781 0.619 0.906
105.240 7 0.550 0.775 0.619 0.900
105.280 7 0.548 0.769 0.617 0.894
105.320 7 0.550 0.761 0.619 0.889
105.360 7 0.548 0.756 0.619 0.881
105.400 7 0.550 0.750 0.619 0.872
105.440 7 0.550 0.742 0.617 0.867
105.480 7 0.548 0.736 0.616 0.861
105.520 7 0.550 0.731 0.619 0.856
105.560 7 0.547 0.717 0.617 0.847
105.600 7 0.548 0.717 0.617 0.842
105.640 7 0.547 0.708 0.617 0.833
105.680 7 0.548 0.706 0.617 0.831
105.720 7 0.550 0.700 0.617 0.822
105.760 7 0.550 0.694 0.619 0.817
105.800 7 0.550 0.686 0.617 0.808
105.840 7 0.550 0.683 0.614 0.803
105.880 7 0.548 0.675 0.614 0.792
105.920 7 0.550 0.672 0.614 0.789
105.960 7 0.550 0.667 0.616 0.786
106.000 7 0.550 0.658 0.617 0.781
106.040 7 0.550 0.653 0.617 0.772
106.080 7 0.550 0.647 0.617 0.767
106.120 7 0.550 0.642 0.616 0.761
106.160 7 0.552 0.642 0.617 0.758
106.200 7 0.552 0.633 0.617 0.750
106.240 7 0.550 0.631 0.616 0.747
106.280 7 0.552 0.622 0.617 0.742
106.320 7 0.552 0.619 0.616 0.736
106.360 7 0.552 0.614 0.617 0.731
106.400 7 0.552 0.611 0.616 0.728
106.440 7 0.552 0.606 0.617 0.722
106.480 7 0.550 0.603 0.616 0.719
106.520 7 0.552 0.600 0.616 0.717
106.560 7 0.552 0.594 0.617 0.714
106.600 7 0.552 0.594 0.617 0.708
106.640 7 0.552 0.592 0.616 0.706
106.680 7 0.553 0.589 0.617 0.703
106.720 7 0.553 0.586 0.617 0.700
106.760 7 0.552 0.583 0.616 0.697
106.800 7 0.553 0.581 0.617 0.697
106.840 7 0.552 0.581 0.616 0.694
106.880 7 0.553 0.578 0.617 0.692
106.920 7 0.552 0.575 0.616 0.689
106.960 7 0.552 0.572 0.617 0.689
107.000 7 0.550 0.567 0.617 0.686
107.040 7 0.550 0.564 0.617 0.683
107.080 7 0.552 0.564 0.619 0.683
107.120 7 0.548 0.564 0.616 0.681
107.160 7 0.552 0.561 0.617 0.681
107.200 7 0.550 0.561 0.617 0.678
130.440 8 0.333 0.178 0.412 0.319
130.480 8 0.331 0.175 0.411 0.317
130.520 8 0.331 0.175 0.411 0.317
130.560 8 0.330 0.172 0.411 0.317
130.600 8 0.330 0.172 0.409 0.314
130.640 8 0.328 0.169 0.411 0.317
130.680 8 0.327 0.167 0.409 0.314
130.720 8 0.327 0.167 0.408 0.314
130.760 8 0.325 0.167 0.408 0.314
130.800 8 0.323 0.167 0.406 0.311
130.840 8 0.323 0.164 0.405 0.311
130.880 8 0.323 0.167 0.406 0.314
130.920 8 0.320 0.167 0.403 0.311
130.960 8 0.320 0.167 0.402 0.311
131.000 8 0.319 0.167 0.400 0.311
131.040 8 0.316 0.167 0.395 0.308
131.080 8 0.309 0.164 0.392 0.311
131.320 8 0.289 0.181 0.369 0.322
131.360 8 0.289 0.181 0.370 0.322
131.400 8 0.292 0.181 0.372 0.322
131.440 8 0.294 0.178 0.375 0.322
131.480 8 0.297 0.178 0.377 0.319
131.520 8 0.300 0.178 0.380 0.319
131.560 8 0.302 0.175 0.383 0.319
131.600 8 0.305 0.172 0.386 0.317
131.640 8 0.309 0.175 0.389 0.317
131.680 8 0.311 0.175 0.389 0.317
131.720 8 0.314 0.175 0.394 0.317
131.760 8 0.316 0.178 0.395 0.319
131.800 8 0.316 0.178 0.398 0.322
131.840 8 0.317 0.178 0.398 0.325
131.880 8 0.317 0.181 0.400 0.325
131.920 8 0.319 0.181 0.400 0.328
131.960 8 0.319 0.183 0.400 0.328
132.000 8 0.319 0.183 0.400 0.328
132.040 8 0.319 0.183 0.400 0.328
132.080 8 0.317 0.186 0.397 0.328
132.120 8 0.319 0.186 0.400 0.331
132.160 8 0.316 0.186 0.397 0.333
132.200 8 0.316 0.189 0.398 0.336
132.240 8 0.312 0.189 0.397 0.339
132.280 8 0.312 0.189 0.398 0.339
132.320 8 0.311 0.189 0.394 0.339
132.360 8 0.312 0.189 0.395 0.339
132.400 8 0.311 0.189 0.395 0.339
132.440 8 0.311 0.189 0.395 0.339
132.480 8 0.311 0.189 0.395 0.339
132.520 8 0.311 0.189 0.395 0.339
132.560 8 0.309 0.189 0.395 0.339
132.600 8 0.309 0.186 0.395 0.339
132.640 8 0.312 0.186 0.397 0.336
132.680 8 0.312 0.186 0.395 0.333
132.720 8 0.317 0.181 0.400 0.331
132.760 8 0.319 0.178 0.403 0.328
132.800 8 0.323 0.175 0.406 0.322
132.720 9 0.325 0.175 0.395 0.300
132.760 9 0.327 0.172 0.397 0.297
132.800 9 0.330 0.167 0.400 0.292
132.840 9 0.331 0.167 0.400 0.289
132.880 9 0.334 0.167 0.400 0.286
132.920 9 0.334 0.167 0.402 0.286
132.960 9 0.334 0.164 0.403 0.286
133.000 9 0.333 0.167 0.400 0.286
133.040 9 0.330 0.167 0.405 0.303
133.080 9 0.328 0.167 0.405 0.303
133.120 9 0.328 0.169 0.403 0.303
133.160 9 0.328 0.169 0.403 0.303
133.200 9 0.327 0.169 0.402 0.303
133.240 9 0.327 0.169 0.402 0.303
133.280 9 0.325 0.172 0.400 0.303
133.320 9 0.325 0.172 0.400 0.306
133.360 9 0.323 0.172 0.398 0.306
133.400 9 0.325 0.172 0.398 0.306
133.440 9 0.322 0.172 0.397 0.306
133.480 9 0.323 0.172 0.398 0.306
133.520 9 0.322 0.172 0.397 0.306
133.560 9 0.322 0.172 0.397 0.306
133.600 9 0.322 0.172 0.395 0.306
133.640 9 0.322 0.172 0.395 0.303
133.680 9 0.320 0.169 0.395 0.303
133.720 9 0.320 0.167 0.395 0.300
133.760 9 0.322 0.167 0.395 0.297
133.800 9 0.320 0.164 0.394 0.297
133.840 9 0.322 0.164 0.397 0.297
133.880 9 0.320 0.161 0.395 0.294
133.920 9 0.323 0.161 0.398 0.294
133.960 9 0.322 0.164 0.395 0.294
134.000 9 0.319 0.167 0.400 0.311
134.040 9 0.316 0.172 0.395 0.314
134.080 9 0.311 0.178 0.391 0.319
134.120 9 0.305 0.178 0.388 0.322
134.160 9 0.302 0.181 0.381 0.322
134.200 9 0.300 0.186 0.378 0.328
134.240 9 0.300 0.189 0.380 0.328
134.280 9 0.300 0.192 0.380 0.331
134.320 9 0.300 0.192 0.380 0.333
134.360 9 0.302 0.192 0.381 0.333
134.400 9 0.305 0.192 0.384 0.333
134.440 9 0.306 0.194 0.386 0.336
134.480 9 0.308 0.194 0.388 0.336
134.520 9 0.309 0.197 0.389 0.336
134.160 10 0.308 0.183 0.386 0.322
134.200 10 0.305 0.183 0.383 0.322
134.240 10 0.303 0.183 0.381 0.325
134.280 10 0.300 0.186 0.380 0.325
134.320 10 0.303 0.186 0.383 0.328
134.360 10 0.302 0.189 0.381 0.331
134.400 10 0.305 0.189 0.384 0.331
134.440 10 0.306 0.192 0.386 0.333
134.480 10 0.306 0.192 0.388 0.336
134.520 10 0.309 0.192 0.392 0.336
134.560 10 0.311 0.189 0.394 0.339
134.600 10 0.312 0.189 0.395 0.339
134.640 10 0.312 0.192 0.397 0.339
134.680 10 0.314 0.192 0.397 0.342
134.720 10 0.316 0.194 0.398 0.342
134.760 10 0.316 0.197 0.398 0.342
134.800 10 0.316 0.197 0.398 0.344
134.840 10 0.317 0.200 0.400 0.350
134.880 10 0.316 0.200 0.397 0.344
134.920 10 0.319 0.200 0.398 0.344
134.960 10 0.317 0.200 0.397 0.344
135.000 10 0.319 0.200 0.400 0.344
135.040 10 0.317 0.200 0.402 0.350
135.080 10 0.319 0.200 0.402 0.347
135.120 10 0.319 0.200 0.402 0.347
135.160 10 0.320 0.200 0.402 0.344
135.200 10 0.320 0.197 0.403 0.344
135.240 10 0.320 0.197 0.403 0.344
135.280 10 0.322 0.197 0.405 0.342
135.320 10 0.322 0.194 0.405 0.342
135.360 10 0.322 0.192 0.405 0.339
135.400 10 0.323 0.194 0.405 0.339
135.440 10 0.325 0.192 0.406 0.339
135.480 10 0.325 0.192 0.406 0.336
135.520 10 0.327 0.192 0.406 0.336
135.560 10 0.327 0.192 0.408 0.336
135.600 10 0.328 0.192 0.408 0.336
135.640 10 0.328 0.192 0.409 0.336
135.680 10 0.330 0.192 0.409 0.336
135.720 10 0.330 0.194 0.411 0.336
135.760 10 0.331 0.194 0.411 0.339
135.800 10 0.331 0.197 0.411 0.339
135.840 10 0.331 0.197 0.412 0.342
135.880 10 0.331 0.200 0.411 0.342
135.920 10 0.331 0.197 0.411 0.342
135.960 10 0.330 0.197 0.411 0.342
136.000 10 0.328 0.200 0.409 0.344
136.040 10 0.325 0.197 0.406 0.342
136.080 10 0.325 0.197 0.406 0.342
136.120 10 0.322 0.194 0.406 0.344
136.160 10 0.322 0.197 0.403 0.342
136.200 10 0.320 0.197 0.403 0.342
136.240 10 0.320 0.197 0.402 0.342
136.280 10 0.319 0.197 0.400 0.342
136.320 10 0.319 0.197 0.400 0.342
136.360 10 0.317 0.197 0.398 0.342
136.400 10 0.317 0.197 0.398 0.342
136.440 10 0.317 0.197 0.398 0.342
136.480 10 0.316 0.197 0.397 0.342
136.520 10 0.316 0.197 0.395 0.339
136.560 10 0.317 0.197 0.398 0.342
136.600 10 0.314 0.197 0.395 0.342
136.640 10 0.316 0.197 0.398 0.344
136.680 10 0.314 0.197 0.395 0.342
136.720 10 0.317 0.197 0.400 0.342
136.760 10 0.317 0.197 0.398 0.342
136.800 10 0.317 0.197 0.398 0.342
136.840 10 0.319 0.197 0.400 0.342
136.880 10 0.319 0.197 0.400 0.342
136.920 10 0.319 0.200 0.400 0.344
136.960 10 0.320 0.200 0.402 0.344
137.000 10 0.319 0.200 0.400 0.344
137.040 10 0.320 0.203 0.402 0.347
137.080 10 0.320 0.203 0.402 0.347
137.120 10 0.320 0.203 0.403 0.347
137.160 10 0.320 0.200 0.402 0.347
137.200 10 0.320 0.200 0.403 0.344
137.240 10 0.320 0.197 0.402 0.342
137.280 10 0.320 0.197 0.403 0.342
137.320 10 0.322 0.194 0.403 0.339
137.360 10 0.322 0.192 0.403 0.339
137.400 10 0.320 0.189 0.405 0.339
137.440 10 0.322 0.189 0.405 0.336
137.480 10 0.322 0.189 0.405 0.336
137.520 10 0.322 0.189 0.403 0.333
137.560 10 0.322 0.189 0.403 0.333
137.600 10 0.320 0.186 0.403 0.333
137.640 10 0.320 0.186 0.403 0.333
137.680 10 0.319 0.186 0.402 0.333
137.720 10 0.320 0.186 0.403 0.333
137.760 10 0.319 0.186 0.400 0.331
137.800 10 0.319 0.183 0.400 0.331
137.840 10 0.317 0.183 0.398 0.328
137.880 10 0.319 0.183 0.400 0.328
137.920 10 0.317 0.183 0.397 0.328
137.960 10 0.317 0.183 0.398 0.328
138.000 10 0.319 0.183 0.400 0.328
138.040 10 0.320 0.183 0.403 0.331
138.080 10 0.319 0.183 0.402 0.328
138.120 10 0.322 0.181 0.405 0.328
138.160 10 0.320 0.181 0.403 0.328
138.200 10 0.323 0.178 0.406 0.322
138.240 10 0.322 0.175 0.405 0.322
138.280 10 0.323 0.172 0.408 0.322
138.320 10 0.319 0.169 0.403 0.322
138.360 10 0.323 0.175 0.408 0.322
138.400 10 0.322 0.175 0.406 0.322
138.440 10 0.325 0.175 0.408 0.322
138.480 10 0.323 0.172 0.406 0.322
138.520 10 0.325 0.172 0.409 0.322
138.560 10 0.323 0.172 0.408 0.322
139.680 11 0.309 0.175 0.388 0.314
139.720 11 0.306 0.175 0.384 0.317
139.760 11 0.302 0.178 0.383 0.322
139.800 11 0.298 0.178 0.381 0.322
139.840 11 0.295 0.181 0.377 0.325
139.880 11 0.295 0.181 0.377 0.325
139.920 11 0.294 0.183 0.373 0.325
139.960 11 0.295 0.183 0.375 0.328
140.000 11 0.292 0.183 0.373 0.328
140.040 11 0.295 0.192 0.375 0.331
140.080 11 0.297 0.192 0.377 0.333
140.120 11 0.297 0.192 0.377 0.333
140.160 11 0.298 0.192 0.378 0.333
140.200 11 0.300 0.192 0.380 0.333
140.240 11 0.302 0.189 0.383 0.336
140.280 11 0.303 0.192 0.383 0.336
140.320 11 0.306 0.192 0.386 0.333
140.360 11 0.306 0.189 0.388 0.336
140.400 11 0.309 0.189 0.391 0.333
140.440 11 0.311 0.192 0.391 0.336
140.480 11 0.311 0.192 0.392 0.336
140.520 11 0.314 0.192 0.394 0.336
140.560 11 0.314 0.192 0.395 0.336
140.600 11 0.314 0.189 0.395 0.336
140.640 11 0.314 0.189 0.397 0.336
140.680 11 0.314 0.189 0.397 0.336
140.720 11 0.316 0.189 0.398 0.339
140.760 11 0.316 0.192 0.398 0.339
140.800 11 0.316 0.192 0.398 0.339
140.840 11 0.314 0.192 0.398 0.342
140.880 11 0.314 0.192 0.398 0.342
140.920 11 0.316 0.192 0.398 0.342
140.960 11 0.316 0.194 0.398 0.339
141.000 11 0.319 0.200 0.400 0.344
141.040 11 0.314 0.189 0.398 0.339
141.080 11 0.314 0.189 0.400 0.339
141.120 11 0.314 0.189 0.398 0.339
141.160 11 0.316 0.189 0.400 0.339
141.200 11 0.314 0.186 0.398 0.336
141.240 11 0.317 0.189 0.400 0.336
141.280 11 0.314 0.186 0.398 0.336
141.320 11 0.314 0.183 0.400 0.336
141.360 11 0.314 0.183 0.398 0.336
141.400 11 0.316 0.183 0.400 0.333
141.440 11 0.314 0.183 0.398 0.333
141.480 11 0.316 0.181 0.402 0.333
141.520 11 0.314 0.181 0.400 0.333
141.560 11 0.317 0.181 0.402 0.333
141.600 11 0.317 0.181 0.402 0.333
141.640 11 0.316 0.181 0.402 0.333
141.680 11 0.319 0.181 0.405 0.333
141.720 11 0.317 0.181 0.403 0.336
141.760 11 0.319 0.181 0.406 0.336
141.800 11 0.319 0.181 0.406 0.333
141.840 11 0.320 0.181 0.406 0.333
141.880 11 0.320 0.175 0.408 0.331
141.920 11 0.323 0.169 0.411 0.325
141.960 11 0.323 0.164 0.414 0.322
142.000 11 0.319 0.144 0.416 0.317
142.040 11 0.322 0.147 0.416 0.311
142.080 11 0.322 0.144 0.416 0.311
142.120 11 0.320 0.142 0.416 0.311
142.160 11 0.320 0.142 0.414 0.308
142.200 11 0.320 0.142 0.414 0.308
142.240 11 0.319 0.142 0.412 0.308
142.280 11 0.319 0.142 0.411 0.308
142.320 11 0.317 0.142 0.412 0.308
142.360 11 0.319 0.142 0.412 0.308
142.400 11 0.317 0.144 0.409 0.311
142.440 11 0.317 0.147 0.411 0.311
142.480 11 0.319 0.150 0.411 0.314
142.520 11 0.317 0.150 0.409 0.317
142.560 11 0.319 0.153 0.409 0.317
142.600 11 0.317 0.156 0.409 0.319
142.640 11 0.317 0.156 0.409 0.319
142.680 11 0.319 0.158 0.409 0.322
142.720 11 0.316 0.161 0.406 0.322
142.760 11 0.317 0.161 0.409 0.322
142.800 11 0.316 0.164 0.406 0.325
142.840 11 0.317 0.167 0.406 0.325
142.880 11 0.316 0.169 0.405 0.325
142.920 11 0.316 0.169 0.406 0.331
142.960 11 0.314 0.172 0.403 0.331
143.000 11 0.319 0.183 0.400 0.328
143.040 11 0.312 0.186 0.398 0.342
143.080 11 0.309 0.189 0.395 0.344
143.120 11 0.306 0.192 0.394 0.347
143.160 11 0.305 0.192 0.392 0.347
143.200 11 0.303 0.192 0.391 0.347
143.240 11 0.303 0.192 0.391 0.347
143.280 11 0.302 0.192 0.389 0.347
143.320 11 0.302 0.189 0.389 0.344
143.360 11 0.302 0.189 0.389 0.344
143.400 11 0.302 0.186 0.391 0.344
143.440 11 0.302 0.186 0.391 0.344
143.480 11 0.302 0.186 0.391 0.344
143.520 11 0.303 0.186 0.392 0.344
143.560 11 0.303 0.186 0.392 0.344
143.600 11 0.302 0.183 0.391 0.344
143.640 11 0.302 0.183 0.392 0.344
143.680 11 0.303 0.186 0.392 0.344
143.720 11 0.302 0.183 0.392 0.344
143.760 11 0.302 0.186 0.392 0.344
143.800 11 0.302 0.186 0.391 0.344
143.840 11 0.305 0.189 0.392 0.342
143.880 11 0.302 0.186 0.389 0.342
143.920 11 0.305 0.189 0.391 0.342
143.960 11 0.303 0.189 0.389 0.342
144.000 11 0.297 0.183 0.394 0.356
144.040 11 0.298 0.175 0.394 0.344
144.080 11 0.298 0.175 0.392 0.342
144.120 11 0.300 0.175 0.395 0.344
144.160 11 0.298 0.175 0.394 0.342
144.200 11 0.300 0.172 0.397 0.342
144.240 11 0.300 0.172 0.395 0.342
144.280 11 0.302 0.169 0.398 0.342
144.320 11 0.300 0.172 0.395 0.339
144.360 11 0.303 0.169 0.398 0.342
144.400 11 0.302 0.169 0.397 0.339
144.440 11 0.303 0.169 0.398 0.342
144.480 11 0.303 0.169 0.400 0.342
144.520 11 0.303 0.169 0.400 0.342
144.560 11 0.305 0.169 0.402 0.344
144.600 11 0.305 0.169 0.403 0.344
144.640 11 0.305 0.169 0.405 0.347
144.680 11 0.308 0.172 0.405 0.347
144.720 11 0.306 0.172 0.403 0.344
144.760 11 0.306 0.169 0.406 0.347
144.800 11 0.305 0.169 0.408 0.350
144.840 11 0.308 0.169 0.409 0.350
144.880 11 0.306 0.169 0.408 0.350
144.920 11 0.306 0.169 0.408 0.350
144.960 11 0.306 0.169 0.408 0.350
145.000 11 0.308 0.164 0.405 0.336
152.520 12 0.223 0.189 0.341 0.397
152.560 12 0.223 0.189 0.339 0.394
152.600 12 0.223 0.189 0.338 0.392
152.640 12 0.222 0.186 0.336 0.389
152.680 12 0.225 0.183 0.341 0.389
152.720 12 0.225 0.183 0.339 0.386
152.760 12 0.228 0.178 0.344 0.386
152.800 12 0.227 0.178 0.342 0.383
152.840 12 0.230 0.175 0.347 0.383
152.880 12 0.233 0.175 0.350 0.383
152.920 12 0.231 0.172 0.350 0.381
152.960 12 0.233 0.164 0.355 0.383
153.000 12 0.239 0.172 0.356 0.381
153.040 12 0.241 0.172 0.358 0.381
153.080 12 0.241 0.172 0.359 0.381
153.120 12 0.242 0.172 0.359 0.381
153.160 12 0.242 0.172 0.359 0.383
153.200 12 0.237 0.172 0.358 0.386
153.240 12 0.241 0.172 0.359 0.386
153.280 12 0.236 0.172 0.358 0.389
153.320 12 0.239 0.172 0.361 0.389
153.360 12 0.239 0.172 0.361 0.392
153.400 12 0.239 0.172 0.362 0.392
153.440 12 0.239 0.172 0.364 0.394
153.480 12 0.239 0.172 0.364 0.394
153.520 12 0.239 0.172 0.364 0.394
153.560 12 0.244 0.169 0.369 0.392
153.600 12 0.242 0.169 0.364 0.386
153.640 12 0.247 0.169 0.369 0.386
153.680 12 0.245 0.169 0.367 0.386
153.720 12 0.247 0.169 0.369 0.386
153.760 12 0.252 0.172 0.372 0.386
153.800 12 0.261 0.178 0.375 0.381
153.840 12 0.267 0.172 0.383 0.378
153.840 12 0.256 0.156 0.373 0.364
153.880 12 0.263 0.156 0.383 0.369
153.920 12 0.270 0.150 0.388 0.358
153.960 12 0.272 0.144 0.394 0.361
154.000 12 0.278 0.150 0.395 0.358
154.040 12 0.280 0.150 0.397 0.358
154.080 12 0.281 0.150 0.397 0.358
154.120 12 0.281 0.153 0.397 0.358
154.160 12 0.281 0.153 0.397 0.358
154.200 12 0.283 0.153 0.398 0.358
154.240 12 0.284 0.156 0.398 0.358
154.280 12 0.292 0.158 0.405 0.358
154.320 12 0.295 0.156 0.408 0.356
154.360 12 0.297 0.156 0.411 0.358
156.720 13 0.280 0.142 0.395 0.350
156.760 13 0.281 0.142 0.397 0.350
156.800 13 0.278 0.147 0.392 0.353
156.840 13 0.272 0.147 0.386 0.353
156.880 13 0.269 0.147 0.381 0.353
156.920 13 0.264 0.147 0.378 0.353
156.960 13 0.258 0.153 0.372 0.356
157.000 13 0.253 0.150 0.369 0.358
157.040 13 0.250 0.158 0.367 0.372
157.080 13 0.247 0.158 0.366 0.372
157.120 13 0.252 0.158 0.372 0.372
157.160 13 0.247 0.158 0.367 0.372
157.200 13 0.252 0.156 0.372 0.372
157.240 13 0.247 0.153 0.369 0.372
157.280 13 0.252 0.153 0.373 0.372
157.320 13 0.248 0.153 0.370 0.372
157.360 13 0.253 0.153 0.375 0.372
157.400 13 0.248 0.150 0.372 0.372
157.440 13 0.253 0.150 0.377 0.372
157.480 13 0.248 0.150 0.372 0.369
157.520 13 0.253 0.150 0.377 0.372
157.560 13 0.250 0.150 0.373 0.369
157.600 13 0.252 0.153 0.373 0.372
157.640 13 0.250 0.153 0.372 0.372
157.680 13 0.255 0.156 0.375 0.372
157.720 13 0.250 0.153 0.372 0.372
157.760 13 0.255 0.156 0.375 0.372
157.800 13 0.256 0.156 0.377 0.369
157.840 13 0.258 0.156 0.377 0.369
157.880 13 0.261 0.156 0.380 0.369
157.920 13 0.261 0.158 0.378 0.367
157.960 13 0.266 0.158 0.381 0.367
158.000 13 0.266 0.172 0.381 0.381
158.040 13 0.264 0.158 0.388 0.381
158.080 13 0.267 0.161 0.391 0.381
158.120 13 0.272 0.161 0.394 0.381
158.160 13 0.272 0.161 0.394 0.381
158.200 13 0.275 0.161 0.398 0.381
158.240 13 0.270 0.161 0.395 0.383
158.280 13 0.275 0.161 0.397 0.381
158.320 13 0.275 0.164 0.395 0.381
158.360 13 0.278 0.164 0.400 0.381
158.400 13 0.275 0.161 0.397 0.381
158.440 13 0.275 0.158 0.400 0.383
158.480 13 0.277 0.158 0.402 0.381
158.520 13 0.277 0.153 0.403 0.381
158.560 13 0.277 0.147 0.406 0.381
158.600 13 0.281 0.144 0.411 0.375
158.640 13 0.283 0.142 0.412 0.372
158.680 13 0.286 0.142 0.412 0.369
158.720 13 0.289 0.142 0.417 0.372
158.760 13 0.291 0.142 0.417 0.369
158.800 13 0.292 0.144 0.419 0.372
158.840 13 0.291 0.144 0.417 0.372
158.880 13 0.289 0.144 0.416 0.372
158.920 13 0.292 0.144 0.419 0.372
158.960 13 0.292 0.144 0.419 0.369
159.000 13 0.287 0.125 0.428 0.375
159.040 13 0.294 0.125 0.427 0.364
159.080 13 0.294 0.125 0.428 0.364
159.120 13 0.289 0.125 0.425 0.367
159.160 13 0.291 0.125 0.428 0.369
159.200 13 0.291 0.128 0.428 0.372
159.240 13 0.291 0.131 0.428 0.372
159.280 13 0.289 0.131 0.427 0.375
159.320 13 0.291 0.133 0.428 0.378
159.360 13 0.291 0.136 0.425 0.378
159.400 13 0.291 0.142 0.423 0.381
159.440 13 0.291 0.144 0.423 0.381
159.480 13 0.291 0.147 0.423 0.383
159.520 13 0.294 0.153 0.423 0.383
159.560 13 0.292 0.153 0.423 0.386
159.600 13 0.292 0.153 0.422 0.386
159.640 13 0.291 0.153 0.422 0.386
159.680 13 0.291 0.156 0.420 0.386
159.720 13 0.291 0.158 0.419 0.386
159.760 13 0.289 0.161 0.417 0.389
159.800 13 0.291 0.167 0.414 0.386
159.840 13 0.289 0.169 0.414 0.389
159.880 13 0.289 0.172 0.412 0.389
159.920 13 0.287 0.172 0.411 0.392
159.960 13 0.286 0.172 0.411 0.392
160.000 13 0.291 0.172 0.408 0.381
160.040 13 0.287 0.167 0.416 0.397
160.080 13 0.286 0.164 0.416 0.394
160.120 13 0.286 0.161 0.416 0.392
160.160 13 0.281 0.158 0.411 0.389
160.200 13 0.283 0.158 0.412 0.389
160.240 13 0.278 0.161 0.406 0.389
160.280 13 0.277 0.161 0.405 0.389
160.320 13 0.275 0.164 0.403 0.392
160.360 13 0.273 0.164 0.402 0.392
160.400 13 0.273 0.167 0.400 0.392
160.440 13 0.273 0.169 0.400 0.392
160.480 13 0.273 0.169 0.400 0.394
160.520 13 0.273 0.169 0.400 0.394
160.560 13 0.275 0.172 0.402 0.394
160.600 13 0.275 0.172 0.402 0.397
160.640 13 0.277 0.172 0.403 0.397
160.680 13 0.278 0.172 0.405 0.397
160.720 13 0.280 0.175 0.406 0.400
160.760 13 0.281 0.175 0.408 0.403
160.800 13 0.283 0.178 0.409 0.406
160.840 13 0.284 0.181 0.411 0.406
160.880 13 0.286 0.181 0.414 0.408
160.920 13 0.289 0.183 0.416 0.408
160.960 13 0.289 0.183 0.417 0.411
161.000 13 0.287 0.181 0.428 0.431
161.040 13 0.294 0.192 0.422 0.419
161.080 13 0.295 0.192 0.422 0.419
161.120 13 0.295 0.194 0.423 0.422
161.160 13 0.294 0.192 0.422 0.422
161.200 13 0.295 0.192 0.425 0.422
161.240 13 0.295 0.192 0.427 0.422
161.280 13 0.297 0.189 0.425 0.419
161.320 13 0.295 0.186 0.423 0.414
161.360 13 0.294 0.178 0.428 0.414
161.400 13 0.292 0.169 0.425 0.406
161.440 13 0.292 0.164 0.422 0.394
161.480 13 0.291 0.156 0.422 0.389
161.520 13 0.287 0.147 0.419 0.383
161.560 13 0.284 0.142 0.417 0.378
161.600 13 0.284 0.136 0.417 0.372
161.640 13 0.283 0.133 0.417 0.369
161.680 13 0.281 0.131 0.416 0.369
161.720 13 0.280 0.131 0.416 0.369
161.760 13 0.280 0.131 0.414 0.369
161.800 13 0.280 0.131 0.414 0.369
161.840 13 0.278 0.133 0.411 0.367
161.880 13 0.277 0.133 0.409 0.369
161.920 13 0.275 0.136 0.408 0.372
161.960 13 0.273 0.136 0.406 0.375
162.000 13 0.278 0.150 0.395 0.358
162.040 13 0.281 0.150 0.395 0.356
162.080 13 0.280 0.150 0.394 0.353
162.120 13 0.280 0.150 0.395 0.356
162.160 13 0.277 0.150 0.389 0.353
162.200 13 0.278 0.150 0.392 0.356
162.240 13 0.275 0.150 0.389 0.353
162.280 13 0.277 0.153 0.392 0.356
162.320 13 0.273 0.153 0.388 0.358
162.360 13 0.275 0.156 0.391 0.358
162.400 13 0.272 0.156 0.386 0.361
162.440 13 0.273 0.158 0.388 0.361
162.480 13 0.269 0.158 0.384 0.364
162.520 13 0.270 0.161 0.384 0.364
162.560 13 0.266 0.161 0.381 0.367
162.600 13 0.267 0.164 0.383 0.369
162.640 13 0.263 0.161 0.380 0.369
162.680 13 0.267 0.161 0.383 0.369
162.720 13 0.266 0.161 0.381 0.367
162.760 13 0.269 0.161 0.384 0.367
162.800 13 0.267 0.161 0.383 0.367
162.840 13 0.270 0.161 0.386 0.364
162.880 13 0.270 0.158 0.384 0.364
162.920 13 0.273 0.156 0.389 0.361
162.960 13 0.275 0.153 0.391 0.361
163.000 13 0.278 0.150 0.395 0.358
163.040 13 0.277 0.153 0.395 0.367
163.080 13 0.275 0.150 0.395 0.367
163.120 13 0.277 0.147 0.400 0.367
163.160 13 0.280 0.142 0.405 0.369
163.200 13 0.280 0.142 0.408 0.367
163.240 13 0.283 0.139 0.408 0.364
163.280 13 0.281 0.139 0.406 0.364
163.320 13 0.280 0.139 0.403 0.361
163.360 13 0.277 0.142 0.400 0.361
163.400 13 0.273 0.142 0.395 0.358
163.440 13 0.275 0.144 0.392 0.358
163.480 13 0.272 0.147 0.388 0.358
163.520 13 0.270 0.153 0.386 0.358
163.560 13 0.269 0.153 0.384 0.364
163.600 13 0.267 0.158 0.383 0.364
163.640 13 0.267 0.158 0.384 0.367
163.680 13 0.264 0.158 0.383 0.369
163.720 13 0.269 0.158 0.386 0.369
163.760 13 0.267 0.158 0.386 0.369
163.800 13 0.270 0.158 0.389 0.372
163.840 13 0.269 0.161 0.388 0.372
163.880 13 0.267 0.161 0.389 0.378
163.920 13 0.269 0.164 0.386 0.375
163.960 13 0.272 0.164 0.389 0.375
164.000 13 0.266 0.172 0.381 0.381
164.040 13 0.266 0.172 0.381 0.381
164.080 13 0.269 0.172 0.383 0.378
164.120 13 0.267 0.169 0.381 0.378
164.160 13 0.270 0.169 0.384 0.378
164.200 13 0.269 0.169 0.383 0.378
164.240 13 0.272 0.169 0.388 0.378
164.280 13 0.269 0.167 0.384 0.375
164.320 13 0.272 0.167 0.389 0.378
164.360 13 0.270 0.167 0.386 0.375
167.960 14 0.242 0.206 0.386 0.461
168.000 14 0.241 0.208 0.381 0.458
168.040 14 0.242 0.208 0.383 0.458
168.080 14 0.247 0.208 0.386 0.458
168.120 14 0.245 0.211 0.383 0.453
168.160 14 0.245 0.208 0.384 0.456
168.200 14 0.245 0.208 0.383 0.453
168.240 14 0.242 0.208 0.383 0.458
168.280 14 0.242 0.208 0.381 0.458
168.320 14 0.241 0.208 0.381 0.458
168.360 14 0.239 0.208 0.380 0.458
168.400 14 0.242 0.214 0.380 0.458
168.440 14 0.237 0.211 0.377 0.458
168.480 14 0.242 0.214 0.381 0.458
168.520 14 0.236 0.211 0.377 0.458
168.560 14 0.244 0.211 0.383 0.458
168.600 14 0.239 0.211 0.377 0.456
168.640 14 0.241 0.211 0.380 0.458
168.680 14 0.241 0.214 0.377 0.456
168.720 14 0.237 0.211 0.377 0.458
168.760 14 0.241 0.211 0.380 0.458
168.800 14 0.237 0.211 0.377 0.458
168.840 14 0.241 0.211 0.380 0.458
168.880 14 0.237 0.208 0.377 0.456
168.920 14 0.239 0.208 0.381 0.461
168.960 14 0.233 0.208 0.375 0.461
169.000 14 0.241 0.208 0.381 0.458
169.040 14 0.241 0.208 0.381 0.458
169.080 14 0.241 0.208 0.381 0.458
169.120 14 0.241 0.208 0.381 0.458
169.160 14 0.241 0.208 0.381 0.458
169.200 14 0.241 0.208 0.381 0.458
169.240 14 0.241 0.208 0.381 0.458
169.280 14 0.241 0.208 0.381 0.458
169.320 14 0.241 0.208 0.381 0.458
169.360 14 0.241 0.208 0.381 0.458
169.400 14 0.241 0.208 0.381 0.458
169.440 14 0.241 0.208 0.381 0.458
169.480 14 0.237 0.208 0.380 0.461
169.520 14 0.241 0.208 0.381 0.458
169.560 14 0.239 0.208 0.380 0.458
169.600 14 0.236 0.208 0.375 0.456
169.640 14 0.239 0.208 0.380 0.458
169.680 14 0.234 0.208 0.375 0.458
169.720 14 0.234 0.208 0.375 0.458
169.760 14 0.227 0.203 0.369 0.458
169.800 14 0.223 0.214 0.362 0.464
169.840 14 0.212 0.219 0.352 0.467
169.840 14 0.214 0.203 0.359 0.461
169.880 14 0.209 0.208 0.355 0.464
169.920 14 0.202 0.206 0.347 0.464
169.960 14 0.194 0.206 0.338 0.461
170.000 14 0.194 0.208 0.334 0.458
170.040 14 0.194 0.211 0.331 0.456
170.080 14 0.192 0.211 0.330 0.453
170.120 14 0.192 0.211 0.328 0.453
170.160 14 0.192 0.211 0.328 0.453
170.200 14 0.194 0.214 0.325 0.447
170.240 14 0.195 0.217 0.323 0.444
170.280 14 0.192 0.217 0.320 0.444
170.320 14 0.195 0.217 0.327 0.450
170.360 14 0.195 0.217 0.325 0.444
170.400 14 0.195 0.217 0.325 0.447
170.440 14 0.195 0.217 0.325 0.447
170.480 14 0.195 0.217 0.325 0.447
170.520 15 0.498 0.450 0.586 0.606
170.560 15 0.492 0.450 0.581 0.608
170.600 15 0.487 0.450 0.581 0.617
170.640 15 0.483 0.458 0.575 0.622
170.680 15 0.478 0.453 0.570 0.619
170.720 15 0.477 0.450 0.570 0.617
170.760 15 0.470 0.447 0.566 0.614
170.800 15 0.470 0.444 0.567 0.619
170.840 15 0.464 0.444 0.562 0.619
170.880 15 0.461 0.439 0.559 0.611
170.920 15 0.463 0.436 0.559 0.608
170.960 15 0.461 0.442 0.555 0.611
171.000 15 0.461 0.444 0.556 0.614
171.040 15 0.456 0.442 0.552 0.608
171.080 15 0.461 0.442 0.553 0.608
171.120 15 0.459 0.450 0.552 0.614
171.160 15 0.459 0.461 0.550 0.622
171.200 15 0.463 0.450 0.553 0.614
171.240 15 0.467 0.453 0.559 0.617
171.280 15 0.470 0.458 0.564 0.625
171.320 15 0.470 0.464 0.562 0.628
171.360 15 0.473 0.464 0.566 0.628
171.400 15 0.478 0.467 0.572 0.633
171.440 15 0.481 0.469 0.577 0.639
171.480 15 0.484 0.464 0.580 0.633
171.520 15 0.491 0.456 0.583 0.619
171.560 15 0.497 0.447 0.588 0.611
171.600 15 0.498 0.444 0.588 0.603
171.640 15 0.498 0.444 0.589 0.606
171.680 15 0.498 0.447 0.589 0.608
171.720 15 0.498 0.450 0.588 0.606
171.760 15 0.502 0.442 0.594 0.606
171.800 15 0.498 0.442 0.592 0.608
171.840 15 0.497 0.442 0.589 0.606
171.880 15 0.497 0.431 0.592 0.600
171.920 15 0.495 0.431 0.591 0.600
171.960 15 0.492 0.431 0.589 0.603
172.000 15 0.491 0.433 0.588 0.606
172.040 15 0.489 0.439 0.583 0.606
170.520 16 0.294 0.350 0.441 0.611
170.560 16 0.292 0.350 0.439 0.611
170.600 16 0.292 0.350 0.438 0.608
170.640 16 0.294 0.353 0.436 0.606
170.680 16 0.291 0.350 0.433 0.603
170.720 16 0.295 0.350 0.439 0.603
170.760 16 0.289 0.347 0.431 0.600
170.800 16 0.294 0.344 0.436 0.597
170.840 16 0.287 0.342 0.428 0.592
170.880 16 0.287 0.333 0.431 0.589
170.920 16 0.283 0.322 0.430 0.583
170.960 16 0.287 0.325 0.428 0.575
171.000 16 0.287 0.319 0.428 0.569
171.040 16 0.292 0.311 0.434 0.564
171.080 16 0.287 0.308 0.430 0.561
171.120 16 0.292 0.306 0.433 0.556
171.160 16 0.291 0.300 0.431 0.550
171.200 16 0.289 0.297 0.430 0.547
171.240 16 0.291 0.294 0.431 0.547
171.280 16 0.286 0.292 0.428 0.544
171.320 16 0.291 0.294 0.433 0.544
171.360 16 0.287 0.294 0.430 0.544
171.400 16 0.286 0.294 0.428 0.547
171.440 16 0.286 0.297 0.427 0.547
171.480 16 0.284 0.300 0.423 0.547
171.520 16 0.286 0.300 0.427 0.553
171.560 16 0.284 0.303 0.425 0.553
171.600 16 0.286 0.303 0.425 0.553
171.640 16 0.286 0.303 0.425 0.553
171.680 16 0.283 0.303 0.425 0.553
171.720 16 0.287 0.303 0.428 0.553
171.760 16 0.286 0.306 0.425 0.553
171.800 16 0.286 0.308 0.422 0.550
171.840 16 0.287 0.306 0.425 0.550
171.880 16 0.284 0.303 0.422 0.547
171.920 16 0.286 0.297 0.427 0.547
171.960 16 0.284 0.294 0.425 0.544
172.000 16 0.287 0.292 0.428 0.542
172.040 16 0.289 0.289 0.433 0.542
198.160 17 0.428 0.239 0.603 0.553
198.200 17 0.433 0.239 0.606 0.553
198.240 17 0.442 0.242 0.616 0.556
198.280 17 0.441 0.242 0.617 0.558
198.320 17 0.445 0.239 0.622 0.556
198.360 17 0.452 0.239 0.627 0.553
198.400 17 0.450 0.236 0.627 0.553
198.440 17 0.458 0.239 0.630 0.547
198.480 17 0.461 0.239 0.633 0.550
198.520 17 0.464 0.242 0.636 0.553
198.560 17 0.467 0.244 0.639 0.550
198.600 17 0.470 0.244 0.641 0.553
198.640 17 0.472 0.244 0.645 0.556
198.680 17 0.467 0.239 0.644 0.558
198.720 17 0.477 0.247 0.647 0.553
198.760 17 0.477 0.247 0.647 0.553
198.800 17 0.478 0.247 0.647 0.550
198.840 17 0.478 0.250 0.647 0.550
198.880 17 0.478 0.250 0.647 0.550
198.920 17 0.478 0.250 0.645 0.550
198.960 17 0.483 0.250 0.648 0.550
199.000 17 0.477 0.250 0.644 0.550
199.040 17 0.480 0.256 0.642 0.547
199.080 17 0.486 0.256 0.650 0.550
199.120 17 0.483 0.256 0.647 0.550
199.160 17 0.487 0.256 0.650 0.547
199.200 17 0.487 0.256 0.650 0.544
199.240 17 0.494 0.253 0.658 0.547
199.280 17 0.492 0.253 0.656 0.550
199.320 17 0.494 0.256 0.658 0.550
199.360 17 0.495 0.253 0.661 0.550
199.400 17 0.492 0.250 0.658 0.550
199.440 17 0.495 0.250 0.662 0.550
199.480 17 0.492 0.250 0.659 0.547
199.520 17 0.492 0.253 0.658 0.550
199.560 17 0.491 0.256 0.655 0.550
199.600 17 0.489 0.256 0.653 0.550
199.640 17 0.487 0.256 0.652 0.550
199.680 17 0.484 0.258 0.650 0.553
199.720 17 0.484 0.258 0.648 0.553
199.760 17 0.483 0.258 0.648 0.556
199.800 17 0.483 0.258 0.648 0.558
199.840 17 0.486 0.261 0.652 0.556
199.880 17 0.483 0.258 0.648 0.556
199.920 17 0.489 0.253 0.655 0.553
199.960 17 0.486 0.250 0.653 0.550
200.000 17 0.495 0.250 0.662 0.550
200.040 17 0.483 0.219 0.666 0.547
200.080 17 0.484 0.219 0.667 0.547
200.120 17 0.486 0.219 0.669 0.547
200.160 17 0.483 0.222 0.664 0.547
200.200 17 0.484 0.222 0.666 0.547
200.240 17 0.483 0.222 0.664 0.544
200.280 17 0.483 0.219 0.664 0.542
200.320 17 0.483 0.219 0.662 0.542
200.360 17 0.483 0.219 0.664 0.542
200.400 17 0.477 0.217 0.658 0.542
200.440 17 0.478 0.219 0.661 0.544
200.480 17 0.473 0.219 0.655 0.544
200.520 17 0.477 0.222 0.658 0.547
200.560 17 0.470 0.222 0.652 0.544
200.600 17 0.475 0.222 0.655 0.544
200.640 17 0.472 0.225 0.653 0.547
200.680 17 0.473 0.225 0.653 0.547
200.720 17 0.473 0.222 0.655 0.544
200.760 17 0.472 0.222 0.655 0.544
200.800 17 0.475 0.225 0.656 0.547
200.840 17 0.470 0.222 0.650 0.544
200.880 17 0.467 0.219 0.650 0.544
200.920 17 0.458 0.214 0.642 0.544
200.960 17 0.458 0.214 0.641 0.542
201.000 17 0.438 0.183 0.639 0.542
201.040 17 0.436 0.206 0.636 0.558
201.080 17 0.439 0.206 0.636 0.558
201.120 17 0.433 0.208 0.631 0.561
201.160 17 0.430 0.208 0.628 0.561
201.200 17 0.427 0.206 0.625 0.558
201.240 17 0.419 0.208 0.617 0.561
201.280 17 0.423 0.208 0.622 0.564
201.320 17 0.417 0.208 0.617 0.564
201.360 17 0.420 0.208 0.620 0.564
201.400 17 0.423 0.208 0.622 0.564
201.440 17 0.428 0.208 0.628 0.561
201.480 17 0.436 0.208 0.634 0.561
201.520 17 0.434 0.208 0.634 0.564
201.560 17 0.441 0.214 0.636 0.561
201.600 17 0.441 0.208 0.639 0.561
201.640 17 0.445 0.211 0.639 0.556
201.680 17 0.445 0.208 0.642 0.558
201.720 17 0.448 0.208 0.644 0.558
201.760 17 0.448 0.206 0.647 0.558
201.800 17 0.452 0.211 0.645 0.553
201.840 17 0.455 0.206 0.652 0.558
201.880 17 0.456 0.208 0.653 0.558
201.920 17 0.456 0.208 0.655 0.561
201.960 17 0.453 0.206 0.656 0.564
202.000 17 0.459 0.222 0.661 0.581
202.040 17 0.467 0.211 0.662 0.561
202.080 17 0.463 0.208 0.661 0.561
202.120 17 0.469 0.211 0.664 0.558
202.160 17 0.464 0.206 0.662 0.558
202.200 17 0.472 0.208 0.667 0.556
202.240 17 0.466 0.206 0.661 0.556
202.280 17 0.472 0.211 0.666 0.553
202.320 17 0.467 0.200 0.667 0.558
202.360 17 0.466 0.200 0.667 0.558
202.400 17 0.459 0.197 0.664 0.561
202.440 17 0.463 0.200 0.666 0.561
202.480 17 0.455 0.194 0.661 0.564
202.520 17 0.456 0.200 0.659 0.561
202.560 17 0.455 0.200 0.656 0.558
202.600 17 0.455 0.200 0.655 0.556
202.640 17 0.453 0.200 0.653 0.556
202.680 17 0.452 0.200 0.653 0.556
202.720 17 0.452 0.197 0.652 0.553
202.760 17 0.453 0.200 0.653 0.553
202.800 17 0.450 0.197 0.650 0.553
202.840 17 0.447 0.197 0.648 0.556
202.880 17 0.445 0.200 0.645 0.556
202.920 17 0.445 0.206 0.641 0.553
202.960 17 0.441 0.203 0.639 0.556
203.000 17 0.438 0.183 0.639 0.542
203.040 17 0.433 0.181 0.636 0.542
203.080 17 0.434 0.181 0.636 0.542
203.120 17 0.425 0.178 0.631 0.544
203.160 17 0.430 0.181 0.633 0.542
203.200 17 0.422 0.178 0.627 0.544
203.240 17 0.427 0.183 0.630 0.544
203.280 17 0.417 0.178 0.625 0.550
203.320 17 0.422 0.183 0.627 0.547
203.360 17 0.414 0.178 0.623 0.550
203.400 17 0.419 0.183 0.625 0.547
203.440 17 0.411 0.178 0.620 0.550
203.480 17 0.412 0.181 0.619 0.547
203.520 17 0.409 0.181 0.616 0.547
203.560 17 0.406 0.181 0.613 0.544
203.600 17 0.402 0.175 0.609 0.547
203.640 17 0.406 0.181 0.611 0.544
203.680 17 0.398 0.178 0.605 0.547
203.720 17 0.400 0.181 0.605 0.547
203.760 17 0.400 0.183 0.602 0.542
203.800 17 0.403 0.183 0.605 0.542
203.840 17 0.397 0.183 0.600 0.542
203.880 17 0.397 0.181 0.602 0.544
203.920 17 0.395 0.181 0.600 0.544
203.960 17 0.395 0.183 0.598 0.542
204.000 17 0.392 0.183 0.594 0.542
204.040 17 0.400 0.197 0.589 0.531
204.080 17 0.398 0.197 0.588 0.531
204.120 17 0.394 0.194 0.584 0.533
204.160 17 0.398 0.194 0.589 0.533
204.200 17 0.391 0.192 0.581 0.531
204.240 17 0.398 0.194 0.589 0.533
204.280 17 0.397 0.197 0.583 0.528
204.320 17 0.400 0.197 0.588 0.531
204.360 17 0.398 0.197 0.583 0.525
204.400 17 0.400 0.197 0.586 0.525
204.440 17 0.402 0.194 0.588 0.525
204.480 17 0.395 0.194 0.584 0.531
204.520 17 0.400 0.197 0.588 0.531
204.560 17 0.392 0.194 0.581 0.531
204.600 17 0.395 0.197 0.584 0.533
204.640 17 0.391 0.197 0.580 0.531
204.680 17 0.395 0.197 0.584 0.533
204.720 17 0.394 0.200 0.581 0.531
204.760 17 0.395 0.197 0.583 0.533
204.800 17 0.391 0.200 0.577 0.531
204.840 17 0.394 0.197 0.581 0.533
204.880 17 0.389 0.200 0.575 0.531
204.920 17 0.392 0.200 0.577 0.531
204.960 17 0.388 0.200 0.573 0.531
205.000 17 0.402 0.217 0.570 0.517
205.040 17 0.402 0.217 0.570 0.517
205.080 17 0.400 0.214 0.570 0.517
205.120 17 0.405 0.211 0.573 0.514
205.160 17 0.402 0.211 0.572 0.511
205.200 17 0.408 0.208 0.577 0.511
205.240 17 0.397 0.208 0.580 0.533
205.280 17 0.400 0.208 0.581 0.531
205.320 17 0.403 0.208 0.584 0.528
205.360 17 0.412 0.211 0.591 0.531
205.400 17 0.414 0.211 0.592 0.528
205.440 17 0.419 0.211 0.598 0.528
205.480 17 0.425 0.211 0.603 0.531
205.520 17 0.430 0.214 0.608 0.531
205.560 17 0.436 0.217 0.613 0.531
205.600 17 0.442 0.219 0.617 0.531
205.640 17 0.448 0.222 0.622 0.533
205.680 17 0.453 0.225 0.627 0.533
205.720 17 0.458 0.222 0.634 0.539
205.760 17 0.464 0.228 0.641 0.542
205.800 17 0.466 0.231 0.641 0.542
205.840 17 0.469 0.231 0.644 0.542
205.880 17 0.472 0.231 0.645 0.542
205.920 17 0.473 0.231 0.648 0.542
205.960 17 0.475 0.231 0.650 0.544
206.000 17 0.459 0.222 0.661 0.581
206.040 17 0.475 0.242 0.658 0.569
206.080 17 0.470 0.236 0.658 0.569
206.120 17 0.477 0.236 0.662 0.569
206.160 17 0.475 0.233 0.661 0.567
206.200 17 0.481 0.233 0.666 0.564
206.240 17 0.481 0.233 0.662 0.556
206.280 17 0.486 0.233 0.669 0.561
206.320 17 0.478 0.233 0.661 0.561
206.360 17 0.481 0.233 0.666 0.561
206.400 17 0.477 0.236 0.659 0.561
206.440 17 0.480 0.233 0.664 0.561
206.480 17 0.477 0.233 0.661 0.561
206.520 17 0.481 0.233 0.666 0.564
206.560 17 0.477 0.231 0.664 0.564
206.600 17 0.484 0.231 0.669 0.564
206.640 17 0.480 0.231 0.666 0.564
206.680 17 0.481 0.231 0.667 0.564
206.720 17 0.480 0.233 0.666 0.564
206.760 17 0.478 0.233 0.664 0.564
206.800 17 0.481 0.233 0.666 0.564
206.840 17 0.481 0.233 0.666 0.561
206.880 17 0.477 0.233 0.662 0.564
206.920 17 0.484 0.236 0.667 0.564
206.960 17 0.481 0.233 0.664 0.561
207.000 17 0.495 0.250 0.662 0.550
207.040 17 0.502 0.253 0.664 0.547
207.080 17 0.502 0.250 0.667 0.547
207.120 17 0.502 0.250 0.667 0.547
207.160 17 0.503 0.250 0.670 0.547
207.200 17 0.502 0.250 0.669 0.547
207.240 17 0.500 0.250 0.666 0.547
207.280 17 0.498 0.250 0.666 0.547
207.320 17 0.497 0.250 0.664 0.550
207.360 17 0.495 0.250 0.661 0.550
207.400 17 0.492 0.250 0.661 0.550
207.440 17 0.492 0.250 0.658 0.550
207.480 17 0.491 0.250 0.656 0.550
207.520 17 0.489 0.250 0.655 0.547
207.560 17 0.486 0.250 0.653 0.550
207.600 17 0.484 0.250 0.650 0.547
207.640 17 0.483 0.253 0.648 0.550
207.680 17 0.481 0.253 0.648 0.553
207.720 17 0.480 0.253 0.647 0.553
207.760 17 0.478 0.253 0.645 0.550
207.800 17 0.480 0.253 0.644 0.547
207.840 17 0.477 0.253 0.642 0.550
207.880 17 0.477 0.253 0.642 0.550
207.920 17 0.477 0.250 0.645 0.553
207.960 17 0.473 0.247 0.642 0.550
208.000 17 0.477 0.250 0.644 0.550
208.040 17 0.470 0.247 0.639 0.550
208.080 17 0.470 0.247 0.637 0.547
208.120 17 0.470 0.247 0.637 0.547
208.160 17 0.470 0.247 0.637 0.544
208.200 17 0.473 0.247 0.639 0.544
208.240 17 0.469 0.247 0.636 0.547
208.280 17 0.472 0.244 0.642 0.550
208.320 17 0.469 0.247 0.634 0.542
208.360 17 0.472 0.244 0.637 0.542
208.400 17 0.470 0.244 0.636 0.542
208.440 17 0.470 0.247 0.634 0.539
208.480 17 0.472 0.247 0.636 0.542
208.520 17 0.469 0.247 0.633 0.542
208.560 17 0.469 0.247 0.636 0.547
208.600 17 0.467 0.247 0.633 0.544
208.640 17 0.473 0.247 0.639 0.544
208.680 17 0.467 0.247 0.633 0.542
208.720 17 0.470 0.247 0.636 0.544
208.760 17 0.466 0.247 0.630 0.544
208.800 17 0.467 0.250 0.633 0.547
208.840 17 0.463 0.250 0.628 0.547
208.880 17 0.467 0.250 0.634 0.547
208.920 17 0.464 0.250 0.628 0.547
208.960 17 0.464 0.253 0.630 0.547
209.000 17 0.458 0.250 0.625 0.550
209.040 17 0.463 0.250 0.630 0.553
209.080 17 0.463 0.250 0.630 0.553
209.120 17 0.464 0.250 0.633 0.553
209.160 17 0.463 0.250 0.631 0.553
209.200 17 0.464 0.253 0.631 0.550
209.240 17 0.466 0.250 0.633 0.550
209.280 17 0.467 0.250 0.634 0.553
209.320 17 0.467 0.250 0.636 0.553
209.360 17 0.470 0.250 0.637 0.553
209.400 17 0.472 0.250 0.639 0.550
209.440 17 0.475 0.250 0.639 0.544
209.480 17 0.475 0.247 0.642 0.547
209.520 17 0.477 0.250 0.644 0.547
209.560 17 0.478 0.250 0.647 0.553
209.600 17 0.475 0.250 0.644 0.550
209.640 17 0.478 0.250 0.645 0.550
209.680 17 0.480 0.250 0.647 0.550
209.720 17 0.477 0.250 0.644 0.550
209.760 17 0.480 0.250 0.648 0.553
209.800 17 0.477 0.250 0.644 0.550
209.840 17 0.478 0.250 0.644 0.547
209.880 17 0.475 0.250 0.642 0.547
209.920 17 0.475 0.250 0.641 0.547
209.960 17 0.472 0.250 0.637 0.547
210.000 17 0.477 0.250 0.644 0.550
210.040 17 0.475 0.247 0.644 0.550
210.080 17 0.477 0.247 0.645 0.550
210.120 17 0.470 0.244 0.639 0.550
210.160 17 0.472 0.247 0.641 0.547
210.200 17 0.469 0.247 0.637 0.547
210.240 17 0.470 0.247 0.637 0.547
210.280 17 0.470 0.247 0.639 0.550
210.320 17 0.464 0.244 0.634 0.550
210.360 17 0.464 0.244 0.637 0.556
210.400 17 0.463 0.244 0.633 0.550
210.440 17 0.469 0.244 0.639 0.550
210.480 17 0.463 0.244 0.633 0.550
210.520 17 0.467 0.244 0.637 0.550
210.560 17 0.464 0.244 0.634 0.550
210.600 17 0.466 0.244 0.636 0.553
210.640 17 0.466 0.244 0.636 0.550
210.680 17 0.467 0.244 0.637 0.550
210.720 17 0.469 0.247 0.637 0.550
210.760 17 0.470 0.247 0.637 0.550
210.800 17 0.470 0.250 0.639 0.550
210.840 17 0.472 0.250 0.639 0.550
210.880 17 0.473 0.253 0.639 0.550
210.920 17 0.475 0.253 0.641 0.553
210.960 17 0.475 0.253 0.642 0.553
211.000 17 0.477 0.250 0.644 0.550
211.040 17 0.483 0.250 0.648 0.550
211.080 17 0.478 0.250 0.645 0.553
211.120 17 0.481 0.250 0.650 0.553
211.160 17 0.473 0.247 0.644 0.553
211.200 17 0.477 0.247 0.652 0.561
211.240 17 0.477 0.250 0.647 0.553
219.560 18 0.530 0.311 0.597 0.433
219.600 18 0.531 0.308 0.598 0.431
219.640 18 0.534 0.308 0.600 0.428
219.680 18 0.536 0.306 0.603 0.428
219.720 18 0.534 0.306 0.602 0.425
219.760 18 0.537 0.303 0.605 0.425
219.800 18 0.537 0.303 0.603 0.425
219.840 18 0.537 0.306 0.603 0.425
219.880 18 0.536 0.311 0.602 0.431
219.920 18 0.533 0.317 0.600 0.439
219.960 18 0.531 0.322 0.598 0.444
220.000 18 0.528 0.325 0.595 0.447
220.040 18 0.523 0.322 0.591 0.444
220.080 18 0.520 0.314 0.589 0.436
220.120 18 0.514 0.303 0.583 0.428
220.160 18 0.511 0.292 0.581 0.419
220.200 18 0.506 0.283 0.577 0.411
220.240 18 0.506 0.275 0.577 0.403
220.280 18 0.505 0.267 0.575 0.397
220.320 18 0.502 0.261 0.572 0.389
227.920 19 0.280 0.186 0.350 0.311
227.960 19 0.281 0.189 0.350 0.314
228.000 19 0.280 0.192 0.348 0.314
228.040 19 0.280 0.192 0.350 0.317
228.080 19 0.281 0.192 0.352 0.319
228.120 19 0.283 0.194 0.355 0.322
228.160 19 0.283 0.194 0.355 0.322
228.200 19 0.286 0.197 0.356 0.322
228.240 19 0.284 0.197 0.356 0.325
228.280 19 0.287 0.200 0.359 0.325
228.320 19 0.286 0.200 0.358 0.325
228.360 19 0.289 0.200 0.359 0.325
228.400 19 0.289 0.200 0.359 0.325
228.440 19 0.291 0.200 0.361 0.325
228.480 19 0.291 0.197 0.359 0.322
228.520 19 0.292 0.197 0.362 0.322
228.560 19 0.291 0.197 0.361 0.322
228.600 19 0.292 0.197 0.362 0.322
228.640 19 0.294 0.197 0.362 0.322
228.680 19 0.294 0.197 0.364 0.322
228.720 19 0.294 0.200 0.364 0.325
228.760 19 0.294 0.200 0.364 0.328
228.800 19 0.292 0.200 0.364 0.328
228.840 19 0.292 0.200 0.364 0.328
228.880 19 0.292 0.200 0.362 0.328
228.920 19 0.292 0.203 0.362 0.328
228.960 19 0.292 0.203 0.362 0.328
229.000 19 0.295 0.206 0.362 0.325
229.040 19 0.294 0.206 0.361 0.325
229.080 19 0.295 0.206 0.362 0.325
229.120 19 0.294 0.206 0.361 0.325
229.160 19 0.294 0.206 0.362 0.328
229.200 19 0.292 0.206 0.362 0.328
229.240 19 0.295 0.206 0.366 0.328
229.280 19 0.295 0.206 0.361 0.322
229.320 19 0.295 0.206 0.362 0.325
229.360 19 0.292 0.206 0.362 0.328
229.400 19 0.297 0.206 0.366 0.328
229.440 19 0.295 0.206 0.361 0.322
229.480 19 0.295 0.206 0.364 0.325
229.520 19 0.297 0.206 0.364 0.325
229.560 19 0.297 0.206 0.364 0.328
229.600 19 0.297 0.203 0.367 0.328
229.640 19 0.297 0.203 0.366 0.325
229.680 19 0.298 0.203 0.369 0.325
229.720 19 0.298 0.203 0.367 0.325
229.760 19 0.300 0.200 0.369 0.322
229.800 19 0.303 0.197 0.373 0.322
229.840 19 0.306 0.194 0.378 0.322
230.840 19 0.312 0.181 0.384 0.311
230.880 19 0.314 0.181 0.386 0.311
230.920 19 0.312 0.181 0.384 0.311
230.960 19 0.312 0.181 0.384 0.311
231.000 19 0.311 0.181 0.381 0.311
231.040 19 0.312 0.181 0.384 0.311
231.080 19 0.311 0.183 0.383 0.311
231.120 19 0.311 0.181 0.381 0.311
231.160 19 0.311 0.183 0.383 0.311
231.200 19 0.309 0.183 0.380 0.311
231.240 19 0.309 0.183 0.380 0.311
231.280 19 0.311 0.183 0.380 0.311
231.320 19 0.308 0.186 0.378 0.311
231.360 19 0.309 0.186 0.378 0.311
231.400 19 0.306 0.186 0.375 0.311
231.440 19 0.306 0.186 0.375 0.311
231.480 19 0.306 0.186 0.377 0.314
231.520 19 0.305 0.186 0.373 0.314
231.560 19 0.305 0.186 0.375 0.314
231.600 19 0.305 0.186 0.375 0.314
231.640 19 0.305 0.189 0.373 0.314
231.680 19 0.305 0.189 0.375 0.314
231.720 19 0.303 0.189 0.372 0.314
231.760 19 0.305 0.189 0.373 0.314
231.800 19 0.305 0.192 0.370 0.314
231.840 19 0.305 0.192 0.373 0.314
231.880 19 0.303 0.192 0.370 0.314
231.920 19 0.303 0.189 0.373 0.317
231.960 19 0.303 0.192 0.370 0.314
232.000 19 0.303 0.192 0.370 0.314
232.040 19 0.305 0.192 0.372 0.314
232.080 19 0.305 0.192 0.370 0.314
232.120 19 0.306 0.192 0.373 0.314
232.160 19 0.305 0.189 0.373 0.314
232.200 19 0.306 0.186 0.377 0.314
232.240 19 0.305 0.186 0.375 0.314
232.280 19 0.303 0.186 0.372 0.314
232.320 19 0.300 0.189 0.370 0.317
232.360 19 0.298 0.189 0.367 0.317
232.400 19 0.300 0.200 0.366 0.319
232.440 19 0.298 0.203 0.362 0.319
232.480 19 0.295 0.203 0.359 0.319
232.520 19 0.294 0.203 0.358 0.319
232.560 19 0.292 0.203 0.358 0.322
232.600 19 0.291 0.206 0.356 0.322
232.640 19 0.291 0.206 0.356 0.322
232.680 19 0.291 0.206 0.356 0.322
232.720 19 0.291 0.203 0.356 0.322
232.760 19 0.291 0.203 0.356 0.322
232.800 19 0.292 0.203 0.358 0.322
232.840 19 0.291 0.203 0.358 0.322
232.880 19 0.294 0.203 0.359 0.322
232.920 19 0.292 0.200 0.359 0.322
232.960 19 0.294 0.200 0.361 0.319
233.000 19 0.295 0.206 0.362 0.325
233.040 19 0.295 0.206 0.362 0.325
233.080 19 0.294 0.203 0.361 0.322
233.120 19 0.294 0.203 0.359 0.322
233.160 19 0.291 0.206 0.355 0.319
233.200 19 0.291 0.206 0.356 0.322
233.240 19 0.287 0.203 0.353 0.319
233.280 19 0.287 0.206 0.353 0.322
233.320 19 0.284 0.206 0.350 0.322
233.360 19 0.287 0.206 0.352 0.319
233.400 19 0.284 0.203 0.348 0.319
235.280 20 0.253 0.197 0.314 0.306
235.320 20 0.250 0.197 0.312 0.308
235.360 20 0.248 0.197 0.311 0.308
235.400 20 0.248 0.197 0.311 0.308
235.440 20 0.248 0.197 0.312 0.311
235.480 20 0.250 0.197 0.316 0.311
235.520 20 0.252 0.197 0.316 0.314
235.560 20 0.255 0.200 0.319 0.314
235.600 20 0.255 0.200 0.320 0.314
235.640 20 0.258 0.200 0.323 0.317
235.680 20 0.259 0.200 0.323 0.317
235.720 20 0.263 0.200 0.328 0.317
235.760 20 0.263 0.203 0.328 0.317
235.800 20 0.266 0.203 0.333 0.319
235.840 20 0.267 0.203 0.333 0.319
235.880 20 0.270 0.203 0.336 0.322
235.920 20 0.270 0.206 0.336 0.322
235.960 20 0.272 0.206 0.339 0.325
236.000 20 0.273 0.206 0.341 0.325
236.040 20 0.275 0.206 0.342 0.325
236.080 20 0.275 0.206 0.342 0.325
236.120 20 0.277 0.208 0.344 0.328
236.160 20 0.277 0.208 0.345 0.328
236.200 20 0.278 0.208 0.345 0.328
236.240 20 0.281 0.208 0.350 0.328
236.280 20 0.284 0.208 0.350 0.328
236.320 20 0.289 0.211 0.355 0.328
236.360 20 0.294 0.211 0.359 0.331
237.320 20 0.302 0.203 0.372 0.328
237.360 20 0.298 0.203 0.366 0.322
237.400 20 0.295 0.203 0.362 0.322
237.440 20 0.294 0.203 0.361 0.322
237.480 20 0.292 0.206 0.358 0.322
237.520 20 0.294 0.206 0.359 0.322
237.560 20 0.292 0.206 0.358 0.325
237.600 20 0.291 0.206 0.358 0.325
237.640 20 0.292 0.206 0.358 0.325
237.680 20 0.294 0.208 0.358 0.325
237.720 20 0.291 0.208 0.356 0.322
237.760 20 0.292 0.208 0.358 0.325
237.800 20 0.292 0.208 0.356 0.322
237.840 20 0.294 0.206 0.359 0.325
237.880 20 0.294 0.206 0.358 0.322
237.920 20 0.294 0.206 0.361 0.325
237.960 20 0.295 0.206 0.362 0.325
238.000 20 0.295 0.206 0.362 0.325
238.040 20 0.298 0.206 0.364 0.322
238.080 20 0.300 0.206 0.366 0.322
238.120 20 0.300 0.208 0.366 0.322
238.160 20 0.300 0.208 0.366 0.325
238.200 20 0.300 0.208 0.366 0.325
238.240 20 0.300 0.208 0.366 0.325
238.280 20 0.300 0.208 0.366 0.325
238.320 20 0.302 0.208 0.367 0.325
238.360 20 0.300 0.208 0.366 0.325
238.400 20 0.300 0.208 0.366 0.325
238.440 20 0.302 0.208 0.367 0.325
238.480 20 0.300 0.208 0.366 0.325
238.520 20 0.300 0.211 0.366 0.328
238.560 20 0.300 0.211 0.366 0.328
238.600 20 0.302 0.208 0.367 0.328
238.640 20 0.300 0.208 0.366 0.328
238.680 20 0.300 0.206 0.367 0.328
238.720 20 0.298 0.206 0.367 0.325
238.760 20 0.300 0.203 0.369 0.328
238.800 20 0.298 0.203 0.367 0.328
238.840 20 0.300 0.203 0.369 0.328
238.880 20 0.298 0.203 0.369 0.328
238.920 20 0.300 0.203 0.369 0.328
238.960 20 0.300 0.206 0.369 0.328
239.000 20 0.303 0.206 0.370 0.325
239.040 20 0.303 0.206 0.370 0.325
239.080 20 0.303 0.206 0.370 0.325
239.120 20 0.303 0.208 0.372 0.328
239.160 20 0.305 0.208 0.372 0.328
239.200 20 0.305 0.208 0.372 0.328
239.240 20 0.306 0.211 0.372 0.328
239.280 20 0.306 0.211 0.373 0.331
239.320 20 0.308 0.214 0.373 0.331
264.680 21 0.520 0.228 0.600 0.369
264.720 21 0.520 0.228 0.602 0.372
264.760 21 0.520 0.228 0.602 0.372
264.800 21 0.520 0.228 0.603 0.375
264.840 21 0.522 0.228 0.603 0.375
264.880 21 0.522 0.231 0.605 0.375
264.920 21 0.523 0.231 0.605 0.375
264.960 21 0.525 0.231 0.606 0.375
265.000 21 0.525 0.231 0.606 0.375
265.040 21 0.525 0.231 0.608 0.378
265.080 21 0.527 0.231 0.609 0.378
265.120 21 0.528 0.231 0.613 0.381
265.160 21 0.530 0.228 0.614 0.378
265.200 21 0.531 0.231 0.614 0.375
265.240 21 0.534 0.231 0.616 0.378
265.280 21 0.534 0.231 0.619 0.378
265.320 21 0.534 0.231 0.617 0.378
265.360 21 0.536 0.231 0.619 0.378
265.400 21 0.536 0.231 0.619 0.378
265.440 21 0.537 0.231 0.620 0.378
265.480 21 0.539 0.228 0.622 0.375
265.520 21 0.537 0.225 0.620 0.375
265.560 21 0.539 0.228 0.622 0.375
265.600 21 0.537 0.228 0.620 0.375
265.640 21 0.539 0.228 0.622 0.375
265.680 21 0.536 0.228 0.619 0.375
265.720 21 0.537 0.228 0.620 0.375
265.760 21 0.536 0.228 0.619 0.375
265.800 21 0.536 0.228 0.619 0.375
265.840 21 0.534 0.228 0.617 0.375
265.880 21 0.536 0.231 0.617 0.375
265.920 21 0.534 0.228 0.617 0.375
265.960 21 0.534 0.231 0.616 0.375
266.000 21 0.534 0.231 0.616 0.375
266.040 21 0.533 0.242 0.616 0.389
266.080 21 0.534 0.244 0.614 0.386
266.120 21 0.534 0.242 0.616 0.386
266.160 21 0.533 0.244 0.614 0.386
266.200 21 0.533 0.244 0.614 0.386
266.240 21 0.531 0.244 0.613 0.389
266.280 21 0.531 0.244 0.613 0.389
266.320 21 0.531 0.244 0.611 0.389
266.360 21 0.530 0.244 0.611 0.392
266.400 21 0.530 0.247 0.609 0.392
266.440 21 0.528 0.247 0.609 0.392
266.480 21 0.527 0.247 0.608 0.392
266.520 21 0.527 0.247 0.606 0.392
266.560 21 0.525 0.247 0.605 0.392
266.600 21 0.527 0.250 0.606 0.392
266.640 21 0.523 0.250 0.605 0.392
266.680 21 0.525 0.250 0.605 0.392
266.720 21 0.525 0.250 0.605 0.392
266.760 21 0.523 0.250 0.605 0.392
266.800 21 0.525 0.250 0.605 0.392
266.840 21 0.525 0.250 0.605 0.392
266.880 21 0.525 0.250 0.605 0.392
266.920 21 0.523 0.250 0.603 0.392
266.960 21 0.523 0.250 0.603 0.392
267.000 21 0.525 0.250 0.605 0.392
267.040 21 0.522 0.250 0.602 0.392
267.080 21 0.523 0.250 0.603 0.392
267.120 21 0.520 0.250 0.602 0.394
267.160 21 0.522 0.250 0.603 0.394
267.200 21 0.520 0.253 0.602 0.394
267.240 21 0.522 0.253 0.603 0.397
267.280 21 0.520 0.250 0.602 0.397
267.320 21 0.520 0.253 0.602 0.394
267.360 21 0.519 0.250 0.600 0.394
267.400 21 0.520 0.247 0.602 0.394
267.440 21 0.520 0.247 0.603 0.394
267.480 21 0.523 0.247 0.606 0.392
267.520 21 0.528 0.244 0.609 0.392
267.560 21 0.531 0.242 0.614 0.389
267.600 21 0.536 0.242 0.619 0.389
267.640 21 0.539 0.239 0.622 0.386
267.680 21 0.542 0.239 0.625 0.386
267.720 21 0.542 0.239 0.625 0.386
267.760 21 0.544 0.236 0.627 0.386
267.800 21 0.544 0.236 0.627 0.383
267.840 21 0.544 0.236 0.627 0.383
267.880 21 0.544 0.236 0.627 0.383
267.920 21 0.544 0.236 0.625 0.381
267.960 21 0.544 0.236 0.625 0.381
268.000 21 0.544 0.247 0.625 0.392
268.040 21 0.542 0.239 0.623 0.381
268.080 21 0.542 0.239 0.622 0.381
268.120 21 0.544 0.239 0.623 0.381
268.160 21 0.541 0.236 0.622 0.381
268.200 21 0.542 0.236 0.623 0.383
268.240 21 0.541 0.236 0.622 0.383
268.280 21 0.541 0.236 0.622 0.383
268.320 21 0.539 0.236 0.622 0.383
268.360 21 0.539 0.236 0.622 0.381
268.400 21 0.537 0.236 0.620 0.381
268.440 21 0.537 0.236 0.620 0.381
268.480 21 0.539 0.236 0.620 0.381
268.520 21 0.537 0.236 0.619 0.381
268.560 21 0.537 0.236 0.619 0.381
268.600 21 0.537 0.236 0.620 0.383
268.640 21 0.539 0.236 0.620 0.383
268.680 21 0.539 0.239 0.622 0.383
268.720 21 0.539 0.239 0.622 0.383
268.760 21 0.541 0.239 0.623 0.386
268.800 21 0.541 0.239 0.623 0.386
268.840 21 0.542 0.239 0.625 0.386
268.880 21 0.542 0.239 0.625 0.386
268.920 21 0.544 0.239 0.625 0.386
268.960 21 0.542 0.239 0.625 0.386
269.000 21 0.544 0.231 0.625 0.375
269.040 21 0.542 0.231 0.625 0.381
269.080 21 0.544 0.233 0.625 0.378
269.120 21 0.544 0.231 0.628 0.381
269.160 21 0.545 0.228 0.630 0.381
269.200 21 0.547 0.228 0.633 0.381
269.240 21 0.548 0.228 0.636 0.381
269.280 21 0.548 0.225 0.636 0.381
269.320 21 0.552 0.228 0.639 0.381
269.360 21 0.552 0.228 0.637 0.381
269.400 21 0.552 0.228 0.636 0.378
269.440 21 0.553 0.228 0.639 0.381
269.480 21 0.552 0.228 0.636 0.378
269.520 21 0.553 0.228 0.639 0.381
269.560 21 0.553 0.228 0.637 0.378
269.600 21 0.553 0.228 0.636 0.375
269.640 21 0.553 0.228 0.634 0.375
269.680 21 0.553 0.228 0.636 0.372
269.720 21 0.553 0.225 0.637 0.375
269.760 21 0.553 0.222 0.639 0.375
269.800 21 0.555 0.222 0.641 0.375
269.840 21 0.553 0.222 0.639 0.375
269.880 21 0.553 0.225 0.639 0.375
269.920 21 0.553 0.225 0.637 0.375
269.960 21 0.552 0.225 0.636 0.375
270.000 21 0.553 0.231 0.634 0.375
270.040 21 0.555 0.236 0.637 0.383
270.080 21 0.555 0.239 0.634 0.381
270.120 21 0.555 0.236 0.636 0.383
270.160 21 0.553 0.236 0.636 0.381
270.200 21 0.553 0.236 0.634 0.381
270.240 21 0.555 0.236 0.636 0.381
270.280 21 0.553 0.239 0.633 0.381
270.320 21 0.553 0.239 0.634 0.381
270.360 21 0.552 0.239 0.631 0.383
270.400 21 0.552 0.239 0.633 0.383
270.440 21 0.550 0.239 0.630 0.383
270.480 21 0.552 0.239 0.633 0.383
270.520 21 0.550 0.242 0.630 0.383
270.560 21 0.552 0.242 0.633 0.383
270.600 21 0.552 0.242 0.631 0.383
270.640 21 0.552 0.242 0.631 0.383
270.680 21 0.550 0.242 0.630 0.383
270.720 21 0.552 0.242 0.631 0.383
270.760 21 0.548 0.242 0.630 0.386
270.800 21 0.552 0.244 0.631 0.386
270.840 21 0.550 0.244 0.630 0.386
270.880 21 0.550 0.244 0.630 0.386
270.920 21 0.552 0.244 0.633 0.386
270.960 21 0.550 0.242 0.631 0.386
271.000 21 0.553 0.247 0.634 0.392
271.040 21 0.548 0.247 0.631 0.392
271.080 21 0.548 0.247 0.631 0.392
271.120 21 0.548 0.247 0.631 0.394
271.160 21 0.548 0.247 0.631 0.394
271.200 21 0.548 0.247 0.631 0.394
271.240 21 0.550 0.247 0.631 0.394
271.280 21 0.550 0.247 0.631 0.392
271.320 21 0.550 0.247 0.631 0.392
271.360 21 0.550 0.247 0.633 0.394
271.400 21 0.548 0.247 0.631 0.394
271.440 21 0.550 0.247 0.633 0.394
271.480 21 0.550 0.247 0.631 0.392
271.520 21 0.550 0.247 0.631 0.392
271.560 21 0.550 0.247 0.631 0.392
271.600 21 0.550 0.247 0.631 0.392
271.640 21 0.548 0.247 0.630 0.392
271.680 21 0.548 0.247 0.633 0.394
271.720 21 0.548 0.247 0.631 0.394
271.760 21 0.548 0.247 0.631 0.394
271.800 21 0.548 0.247 0.630 0.392
271.840 21 0.548 0.244 0.633 0.392
271.880 21 0.548 0.244 0.631 0.392
271.920 21 0.548 0.247 0.630 0.392
271.960 21 0.548 0.247 0.630 0.392
272.000 21 0.544 0.247 0.625 0.392
272.040 21 0.544 0.244 0.625 0.392
272.080 21 0.545 0.247 0.625 0.389
272.120 21 0.545 0.247 0.625 0.389
272.160 21 0.544 0.247 0.625 0.389
272.200 21 0.545 0.247 0.625 0.389
272.240 21 0.542 0.247 0.623 0.389
272.280 21 0.544 0.247 0.625 0.392
272.320 21 0.541 0.247 0.622 0.392
272.360 21 0.542 0.247 0.623 0.394
272.400 21 0.542 0.247 0.622 0.392
272.440 21 0.542 0.247 0.622 0.392
272.480 21 0.542 0.247 0.623 0.392
272.520 21 0.541 0.247 0.623 0.392
272.560 21 0.541 0.247 0.622 0.392
272.600 21 0.542 0.250 0.623 0.392
272.640 21 0.539 0.247 0.620 0.392
272.680 21 0.544 0.250 0.623 0.392
272.720 21 0.539 0.247 0.620 0.392
272.760 21 0.542 0.250 0.623 0.392
272.800 21 0.541 0.247 0.622 0.392
272.840 21 0.542 0.247 0.623 0.392
272.880 21 0.541 0.247 0.623 0.392
272.920 21 0.541 0.247 0.623 0.394
272.960 21 0.542 0.247 0.623 0.394
273.000 21 0.544 0.247 0.625 0.392
273.040 21 0.547 0.250 0.627 0.392
273.080 21 0.545 0.247 0.625 0.389
273.120 21 0.548 0.247 0.628 0.389
273.160 21 0.547 0.247 0.627 0.386
273.200 21 0.550 0.247 0.628 0.389
273.240 21 0.548 0.247 0.627 0.386
273.280 21 0.550 0.247 0.630 0.389
273.320 21 0.548 0.247 0.628 0.386
273.360 21 0.550 0.247 0.631 0.389
273.400 21 0.550 0.244 0.631 0.389
273.440 21 0.552 0.244 0.633 0.392
273.480 21 0.550 0.244 0.631 0.389
273.520 21 0.552 0.244 0.634 0.392
273.560 21 0.552 0.247 0.633 0.389
273.600 21 0.552 0.244 0.633 0.389
273.640 21 0.552 0.244 0.633 0.392
273.680 21 0.552 0.244 0.634 0.392
273.720 21 0.552 0.244 0.634 0.392
273.760 21 0.552 0.244 0.634 0.392
273.800 21 0.553 0.244 0.634 0.389
273.840 21 0.553 0.244 0.634 0.389
273.880 21 0.553 0.244 0.636 0.392
273.920 21 0.552 0.244 0.633 0.389
273.960 21 0.553 0.244 0.634 0.392
274.000 21 0.553 0.247 0.634 0.392
274.040 21 0.553 0.247 0.634 0.392
274.080 21 0.553 0.247 0.634 0.392
274.120 21 0.555 0.247 0.636 0.392
274.160 21 0.553 0.247 0.633 0.389
274.200 21 0.555 0.247 0.636 0.392
274.240 21 0.552 0.247 0.631 0.389
274.280 21 0.553 0.247 0.636 0.392
274.320 21 0.552 0.247 0.631 0.389
274.360 21 0.552 0.247 0.633 0.392
274.400 21 0.552 0.247 0.633 0.392
274.440 21 0.552 0.247 0.633 0.392
274.480 21 0.552 0.247 0.633 0.392
274.520 21 0.552 0.247 0.633 0.392
274.560 21 0.552 0.247 0.633 0.392
274.600 21 0.552 0.247 0.633 0.392
274.640 21 0.552 0.247 0.633 0.392
274.680 21 0.552 0.247 0.633 0.392
274.720 21 0.552 0.247 0.633 0.392
274.760 21 0.552 0.247 0.633 0.392
274.800 21 0.553 0.250 0.631 0.389
274.840 21 0.552 0.247 0.633 0.392
274.880 21 0.552 0.247 0.633 0.392
274.920 21 0.552 0.247 0.633 0.392
274.960 21 0.553 0.247 0.634 0.392
275.000 21 0.553 0.247 0.634 0.392
275.040 21 0.548 0.247 0.630 0.392
275.080 21 0.548 0.247 0.631 0.392
275.120 21 0.548 0.244 0.631 0.392
275.160 21 0.548 0.247 0.631 0.392
275.200 21 0.548 0.247 0.631 0.392
275.240 21 0.548 0.247 0.631 0.392
275.280 21 0.550 0.244 0.631 0.392
275.320 21 0.548 0.247 0.628 0.392
275.360 21 0.548 0.244 0.631 0.394
275.400 21 0.548 0.250 0.628 0.392
275.440 21 0.548 0.247 0.631 0.394
275.480 21 0.548 0.247 0.630 0.392
275.520 21 0.548 0.247 0.630 0.392
275.560 21 0.548 0.247 0.630 0.392
275.600 21 0.548 0.247 0.630 0.392
275.640 21 0.548 0.247 0.630 0.392
275.680 21 0.548 0.247 0.630 0.394
275.720 21 0.548 0.247 0.631 0.394
275.760 21 0.548 0.250 0.630 0.392
275.800 21 0.548 0.250 0.630 0.392
275.840 21 0.548 0.247 0.630 0.392
275.880 21 0.548 0.250 0.630 0.392
275.920 21 0.548 0.250 0.630 0.392
275.960 21 0.548 0.250 0.630 0.392
276.000 21 0.544 0.247 0.625 0.392
276.040 21 0.544 0.247 0.625 0.392
276.080 21 0.544 0.247 0.625 0.392
276.120 21 0.544 0.247 0.625 0.392
276.160 21 0.544 0.247 0.625 0.392
276.200 21 0.544 0.247 0.625 0.392
276.240 21 0.544 0.244 0.628 0.394
276.280 21 0.541 0.244 0.623 0.394
276.320 21 0.544 0.247 0.627 0.394
276.360 21 0.544 0.247 0.625 0.392
276.400 21 0.544 0.247 0.625 0.389
276.440 21 0.542 0.244 0.625 0.389
276.480 21 0.539 0.244 0.623 0.392
276.520 21 0.542 0.244 0.625 0.392
276.560 21 0.539 0.244 0.623 0.394
276.600 21 0.542 0.244 0.627 0.394
276.640 21 0.539 0.244 0.622 0.392
276.680 21 0.542 0.244 0.628 0.397
276.720 21 0.539 0.244 0.622 0.392
276.760 21 0.542 0.244 0.622 0.389
276.800 21 0.542 0.247 0.622 0.389
276.840 21 0.542 0.247 0.622 0.389
276.880 21 0.542 0.247 0.622 0.389
276.920 21 0.542 0.247 0.622 0.389
277.720 22 0.011 0.156 0.067 0.256
277.760 22 0.020 0.158 0.077 0.256
277.800 22 0.031 0.161 0.087 0.261
277.840 22 0.041 0.167 0.098 0.267
277.880 22 0.053 0.169 0.109 0.269
277.920 22 0.064 0.172 0.120 0.272
277.960 22 0.077 0.175 0.134 0.275
278.000 22 0.089 0.172 0.147 0.275
278.040 22 0.103 0.172 0.161 0.275
278.080 22 0.113 0.167 0.172 0.272
278.120 22 0.125 0.164 0.181 0.264
278.160 22 0.134 0.158 0.192 0.261
278.200 22 0.142 0.153 0.200 0.256
278.240 22 0.150 0.153 0.208 0.256
278.280 22 0.159 0.153 0.216 0.256
278.320 22 0.169 0.156 0.227 0.261
278.360 22 0.175 0.161 0.233 0.264
278.400 22 0.184 0.167 0.244 0.269
278.440 22 0.194 0.169 0.252 0.272
278.480 22 0.200 0.169 0.259 0.275
278.520 22 0.209 0.167 0.267 0.269
278.560 22 0.217 0.161 0.275 0.264
278.600 22 0.228 0.158 0.286 0.261
278.640 22 0.237 0.156 0.295 0.258
278.680 22 0.248 0.150 0.306 0.250
278.720 22 0.259 0.144 0.316 0.244
278.760 22 0.272 0.142 0.328 0.242
278.800 22 0.284 0.142 0.339 0.239
278.840 22 0.294 0.144 0.350 0.242
278.880 22 0.308 0.150 0.362 0.247
278.920 22 0.320 0.156 0.375 0.253
278.960 22 0.331 0.161 0.386 0.258
279.000 22 0.345 0.161 0.402 0.261
279.040 22 0.359 0.161 0.416 0.261
279.080 22 0.373 0.156 0.430 0.256
279.120 22 0.388 0.153 0.445 0.256
279.160 22 0.400 0.147 0.456 0.247
279.200 22 0.409 0.139 0.467 0.242
