25.960 0 0.798 0.844 0.928 1.075
26.000 0 0.780 0.825 0.906 1.050
26.040 0 0.766 0.803 0.892 1.031
26.080 0 0.745 0.781 0.875 1.008
26.120 0 0.731 0.756 0.861 0.983
26.160 0 0.713 0.733 0.842 0.964
26.200 0 0.697 0.711 0.827 0.942
26.240 0 0.680 0.689 0.811 0.922
26.280 0 0.661 0.669 0.792 0.903
26.320 0 0.650 0.653 0.783 0.889
26.360 0 0.636 0.639 0.769 0.875
26.400 0 0.622 0.625 0.752 0.856
26.440 0 0.614 0.600 0.745 0.836
26.480 0 0.609 0.581 0.741 0.817
26.520 0 0.603 0.561 0.738 0.800
26.560 0 0.594 0.544 0.727 0.783
26.600 0 0.581 0.525 0.717 0.767
26.640 0 0.569 0.503 0.708 0.750
26.680 0 0.556 0.478 0.698 0.731
26.720 0 0.539 0.458 0.683 0.711
26.760 0 0.522 0.433 0.667 0.692
26.800 0 0.505 0.417 0.648 0.672
26.840 0 0.492 0.397 0.639 0.656
26.880 0 0.478 0.381 0.620 0.633
26.920 0 0.461 0.367 0.603 0.619
26.960 0 0.444 0.353 0.586 0.606
27.000 0 0.428 0.347 0.567 0.594
27.040 0 0.414 0.339 0.553 0.586
27.080 0 0.416 0.331 0.555 0.578
31.520 1 0.377 0.206 0.622 0.644
31.560 1 0.377 0.200 0.619 0.633
31.600 1 0.383 0.192 0.628 0.633
31.640 1 0.395 0.189 0.644 0.633
31.680 1 0.403 0.192 0.652 0.636
31.720 1 0.417 0.192 0.666 0.636
31.760 1 0.420 0.203 0.669 0.644
31.800 1 0.439 0.200 0.689 0.644
31.840 1 0.433 0.206 0.680 0.647
31.880 1 0.445 0.206 0.694 0.653
31.920 1 0.442 0.214 0.684 0.650
31.960 1 0.444 0.217 0.684 0.650
32.000 1 0.445 0.219 0.686 0.650
32.040 1 0.448 0.222 0.689 0.650
32.080 1 0.461 0.222 0.700 0.653
32.120 1 0.461 0.222 0.705 0.658
32.160 1 0.477 0.233 0.711 0.653
32.200 1 0.475 0.242 0.702 0.647
32.240 1 0.489 0.244 0.713 0.642
32.280 1 0.484 0.250 0.703 0.642
32.320 1 0.492 0.258 0.703 0.633
32.360 1 0.495 0.253 0.711 0.639
32.400 1 0.489 0.256 0.703 0.639
32.440 1 0.492 0.256 0.705 0.639
32.480 1 0.486 0.261 0.695 0.636
32.520 1 0.478 0.258 0.692 0.642
32.560 1 0.464 0.256 0.681 0.644
32.600 1 0.452 0.256 0.670 0.647
32.640 1 0.431 0.264 0.656 0.664
32.680 1 0.412 0.250 0.650 0.672
32.720 1 0.394 0.244 0.631 0.667
32.760 1 0.381 0.250 0.619 0.675
32.800 1 0.378 0.247 0.616 0.672
32.840 1 0.364 0.244 0.603 0.672
32.880 1 0.362 0.244 0.605 0.678
32.920 1 0.359 0.244 0.602 0.678
46.800 2 0.294 0.183 0.552 0.642
46.840 2 0.287 0.183 0.545 0.644
46.880 2 0.291 0.186 0.552 0.650
46.920 2 0.283 0.189 0.545 0.658
46.960 2 0.286 0.194 0.548 0.658
47.000 2 0.278 0.194 0.544 0.667
47.040 2 0.280 0.200 0.544 0.669
47.080 2 0.280 0.203 0.545 0.675
47.120 2 0.281 0.206 0.545 0.675
47.160 2 0.284 0.208 0.545 0.675
47.200 2 0.286 0.214 0.545 0.675
47.240 2 0.291 0.219 0.544 0.672
47.280 2 0.292 0.225 0.547 0.675
47.320 2 0.297 0.231 0.548 0.678
47.360 2 0.300 0.239 0.548 0.681
47.400 2 0.302 0.244 0.548 0.683
47.440 2 0.305 0.247 0.556 0.692
47.480 2 0.302 0.256 0.547 0.692
47.520 2 0.303 0.253 0.555 0.700
47.560 2 0.298 0.258 0.545 0.697
47.600 2 0.300 0.253 0.555 0.706
47.640 2 0.297 0.261 0.542 0.697
47.680 2 0.298 0.256 0.550 0.703
47.720 2 0.292 0.258 0.539 0.697
47.760 2 0.294 0.256 0.545 0.703
47.800 2 0.289 0.264 0.534 0.697
47.840 2 0.291 0.261 0.541 0.706
47.880 2 0.286 0.267 0.530 0.700
47.920 2 0.286 0.269 0.528 0.700
47.960 2 0.284 0.267 0.527 0.697
48.000 2 0.283 0.267 0.525 0.697
48.040 2 0.281 0.267 0.523 0.697
48.080 2 0.281 0.267 0.522 0.694
48.120 2 0.280 0.267 0.520 0.694
48.160 2 0.273 0.269 0.511 0.689
48.200 2 0.277 0.269 0.516 0.694
48.240 2 0.269 0.267 0.509 0.697
48.280 2 0.275 0.269 0.514 0.694
48.320 2 0.275 0.269 0.514 0.694
48.360 2 0.275 0.269 0.514 0.694
48.400 2 0.275 0.269 0.514 0.694
48.440 2 0.281 0.269 0.519 0.692
48.480 2 0.272 0.267 0.508 0.686
48.520 2 0.277 0.258 0.519 0.686
48.560 2 0.264 0.228 0.509 0.664
48.600 2 0.261 0.206 0.506 0.644
68.920 3 0.170 0.183 0.237 0.300
68.960 3 0.175 0.183 0.237 0.294
69.000 3 0.175 0.181 0.242 0.300
69.040 3 0.178 0.181 0.245 0.300
69.080 3 0.178 0.175 0.247 0.297
69.120 3 0.180 0.175 0.248 0.297
69.160 3 0.181 0.172 0.252 0.297
69.200 3 0.184 0.172 0.253 0.297
69.240 3 0.186 0.172 0.256 0.297
69.280 3 0.184 0.172 0.253 0.297
69.320 3 0.186 0.172 0.255 0.297
69.360 3 0.186 0.172 0.256 0.297
69.400 3 0.184 0.172 0.255 0.297
69.440 3 0.183 0.172 0.252 0.294
69.480 3 0.186 0.175 0.253 0.294
69.520 3 0.181 0.172 0.250 0.294
69.560 3 0.186 0.172 0.255 0.294
74.640 4 0.489 0.172 0.658 0.475
74.680 4 0.489 0.172 0.658 0.475
74.720 4 0.491 0.175 0.659 0.478
74.760 4 0.491 0.175 0.661 0.481
74.800 4 0.487 0.172 0.659 0.483
74.840 4 0.494 0.178 0.664 0.481
74.880 4 0.495 0.178 0.664 0.478
74.920 4 0.495 0.181 0.664 0.483
74.960 4 0.495 0.178 0.670 0.489
75.000 4 0.495 0.183 0.662 0.483
75.040 4 0.498 0.175 0.670 0.486
75.080 4 0.500 0.181 0.670 0.486
75.120 4 0.498 0.183 0.667 0.486
75.160 4 0.503 0.186 0.670 0.486
75.200 4 0.500 0.186 0.667 0.486
75.240 4 0.500 0.186 0.670 0.492
75.280 4 0.500 0.186 0.672 0.494
75.320 4 0.500 0.186 0.675 0.500
75.360 4 0.502 0.186 0.677 0.500
75.400 4 0.500 0.186 0.675 0.500
75.440 4 0.505 0.186 0.681 0.500
75.480 4 0.500 0.183 0.675 0.500
75.520 4 0.508 0.189 0.681 0.497
75.560 4 0.505 0.183 0.678 0.494
75.600 4 0.511 0.181 0.683 0.489
75.640 4 0.508 0.178 0.680 0.489
75.680 4 0.512 0.172 0.686 0.486
75.720 4 0.511 0.172 0.681 0.475
75.760 4 0.516 0.164 0.688 0.472
75.800 4 0.512 0.161 0.684 0.467
75.840 4 0.519 0.158 0.689 0.464
75.880 4 0.517 0.156 0.688 0.464
75.920 4 0.523 0.156 0.692 0.458
75.960 4 0.522 0.153 0.691 0.456
76.000 4 0.533 0.150 0.700 0.450
76.040 4 0.527 0.144 0.708 0.469
76.080 4 0.523 0.142 0.706 0.469
76.120 4 0.525 0.147 0.709 0.475
76.160 4 0.525 0.150 0.711 0.478
76.200 4 0.523 0.142 0.714 0.483
76.240 4 0.527 0.142 0.713 0.475
76.280 4 0.528 0.142 0.711 0.467
76.320 4 0.527 0.136 0.711 0.467
76.360 4 0.533 0.142 0.711 0.461
76.400 4 0.525 0.139 0.708 0.464
76.440 4 0.531 0.147 0.709 0.464
76.480 4 0.527 0.150 0.708 0.475
76.520 4 0.525 0.153 0.708 0.483
76.560 4 0.527 0.158 0.709 0.486
76.600 4 0.523 0.161 0.705 0.486
76.640 4 0.528 0.158 0.711 0.486
76.680 4 0.522 0.153 0.709 0.486
76.720 4 0.530 0.156 0.713 0.483
76.760 4 0.525 0.150 0.711 0.483
76.800 4 0.533 0.153 0.716 0.481
76.840 4 0.528 0.150 0.714 0.481
76.880 4 0.536 0.153 0.719 0.478
76.920 4 0.534 0.150 0.719 0.481
76.960 4 0.533 0.142 0.723 0.486
77.000 4 0.527 0.142 0.728 0.500
77.040 4 0.537 0.147 0.725 0.481
77.080 4 0.537 0.150 0.722 0.478
77.120 4 0.544 0.150 0.728 0.481
77.160 4 0.542 0.153 0.725 0.481
77.200 4 0.548 0.156 0.731 0.483
77.240 4 0.548 0.158 0.728 0.481
77.280 4 0.552 0.161 0.727 0.475
77.320 4 0.552 0.158 0.728 0.478
77.360 4 0.555 0.161 0.731 0.475
77.400 4 0.553 0.158 0.730 0.478
77.440 4 0.553 0.161 0.730 0.478
77.480 4 0.553 0.161 0.731 0.478
77.520 4 0.552 0.161 0.731 0.481
77.560 4 0.552 0.164 0.730 0.483
77.600 4 0.550 0.164 0.731 0.486
77.640 4 0.548 0.167 0.730 0.489
77.680 4 0.548 0.169 0.730 0.492
77.720 4 0.550 0.172 0.730 0.492
77.760 4 0.547 0.175 0.727 0.497
77.800 4 0.547 0.175 0.730 0.500
77.840 4 0.545 0.178 0.727 0.503
77.880 4 0.550 0.181 0.731 0.506
77.920 4 0.545 0.181 0.727 0.506
77.960 4 0.548 0.181 0.728 0.503
78.000 4 0.552 0.183 0.719 0.483
78.040 4 0.547 0.178 0.717 0.486
78.080 4 0.548 0.178 0.720 0.483
78.120 4 0.547 0.178 0.716 0.481
78.160 4 0.545 0.178 0.717 0.486
78.200 4 0.545 0.181 0.716 0.483
78.240 4 0.545 0.178 0.714 0.481
78.280 4 0.545 0.175 0.714 0.475
78.320 4 0.544 0.169 0.714 0.475
78.360 4 0.544 0.167 0.714 0.472
78.400 4 0.544 0.164 0.713 0.469
78.440 4 0.542 0.161 0.713 0.469
78.480 4 0.541 0.158 0.711 0.464
78.520 4 0.547 0.158 0.717 0.464
78.560 4 0.541 0.158 0.711 0.464
78.600 4 0.547 0.161 0.717 0.467
78.640 4 0.542 0.164 0.709 0.467
78.680 4 0.544 0.161 0.711 0.461
78.720 4 0.539 0.156 0.706 0.456
78.760 4 0.542 0.153 0.709 0.453
78.800 4 0.541 0.150 0.709 0.453
78.840 4 0.547 0.150 0.713 0.450
78.880 4 0.545 0.147 0.713 0.450
78.920 4 0.552 0.150 0.717 0.447
78.960 4 0.552 0.150 0.717 0.447
79.000 4 0.552 0.150 0.719 0.450
79.040 4 0.559 0.150 0.723 0.444
79.080 4 0.558 0.153 0.722 0.447
79.120 4 0.564 0.156 0.728 0.450
79.160 4 0.561 0.156 0.727 0.453
79.200 4 0.566 0.158 0.731 0.456
79.240 4 0.562 0.158 0.730 0.458
79.280 4 0.566 0.161 0.736 0.464
79.320 4 0.564 0.161 0.733 0.467
79.360 4 0.569 0.167 0.738 0.467
79.400 4 0.567 0.169 0.734 0.467
79.440 4 0.572 0.169 0.741 0.469
79.480 4 0.570 0.169 0.739 0.469
79.520 4 0.573 0.169 0.742 0.469
79.560 4 0.575 0.167 0.747 0.475
79.600 4 0.577 0.167 0.747 0.469
79.640 4 0.578 0.161 0.750 0.469
79.680 4 0.581 0.161 0.752 0.467
79.720 4 0.584 0.158 0.755 0.464
79.760 4 0.588 0.158 0.756 0.461
79.800 4 0.591 0.161 0.758 0.458
79.840 4 0.594 0.153 0.764 0.461
79.880 4 0.595 0.156 0.767 0.461
79.920 4 0.595 0.147 0.770 0.461
79.960 4 0.598 0.150 0.772 0.461
80.000 4 0.606 0.150 0.775 0.450
80.040 4 0.608 0.161 0.773 0.456
80.080 4 0.606 0.158 0.773 0.456
80.120 4 0.608 0.158 0.775 0.456
80.160 4 0.608 0.158 0.777 0.458
80.200 4 0.609 0.161 0.777 0.461
80.240 4 0.609 0.164 0.777 0.461
80.280 4 0.609 0.164 0.778 0.461
80.320 4 0.611 0.167 0.778 0.464
80.360 4 0.613 0.172 0.780 0.469
80.400 4 0.609 0.169 0.777 0.469
80.440 4 0.614 0.167 0.783 0.467
80.480 4 0.613 0.167 0.778 0.461
80.520 4 0.616 0.161 0.784 0.464
80.560 4 0.614 0.161 0.781 0.461
80.600 4 0.617 0.167 0.784 0.461
80.640 4 0.617 0.161 0.787 0.464
80.680 4 0.622 0.167 0.789 0.464
80.720 4 0.625 0.167 0.794 0.464
80.760 4 0.630 0.167 0.797 0.464
80.800 4 0.634 0.169 0.802 0.467
80.840 4 0.637 0.169 0.806 0.469
80.880 4 0.641 0.169 0.809 0.469
80.920 4 0.644 0.172 0.812 0.472
80.960 4 0.647 0.175 0.816 0.475
81.000 4 0.644 0.183 0.812 0.483
81.040 4 0.653 0.183 0.819 0.478
81.080 4 0.653 0.189 0.819 0.483
81.120 4 0.655 0.192 0.820 0.486
81.160 4 0.655 0.194 0.820 0.489
81.200 4 0.653 0.194 0.820 0.492
81.240 4 0.653 0.197 0.820 0.494
81.280 4 0.653 0.200 0.820 0.497
81.320 4 0.653 0.200 0.820 0.500
81.360 4 0.655 0.203 0.822 0.503
81.400 4 0.655 0.208 0.822 0.506
81.440 4 0.655 0.211 0.822 0.508
81.480 4 0.653 0.214 0.820 0.511
81.520 4 0.652 0.214 0.820 0.514
81.560 4 0.648 0.214 0.817 0.517
81.600 4 0.642 0.217 0.814 0.519
81.640 4 0.637 0.217 0.808 0.522
81.680 4 0.631 0.217 0.802 0.519
81.720 4 0.623 0.217 0.795 0.522
81.760 4 0.620 0.214 0.792 0.519
81.800 4 0.619 0.214 0.789 0.519
81.840 4 0.617 0.214 0.787 0.517
81.880 4 0.617 0.211 0.786 0.511
81.920 4 0.616 0.203 0.786 0.506
81.960 4 0.619 0.200 0.789 0.503
82.000 4 0.625 0.183 0.794 0.483
82.040 4 0.620 0.178 0.792 0.481
82.080 4 0.623 0.172 0.794 0.475
82.120 4 0.625 0.169 0.795 0.475
82.160 4 0.625 0.169 0.797 0.475
82.200 4 0.630 0.169 0.803 0.478
82.240 4 0.628 0.175 0.800 0.481
82.280 4 0.634 0.178 0.805 0.483
82.320 4 0.630 0.178 0.800 0.481
82.360 4 0.631 0.175 0.803 0.478
82.400 4 0.628 0.175 0.795 0.472
82.440 4 0.630 0.169 0.797 0.467
82.480 4 0.625 0.169 0.789 0.461
82.520 4 0.623 0.167 0.787 0.458
82.560 4 0.617 0.167 0.781 0.458
82.600 4 0.619 0.167 0.781 0.458
82.640 4 0.614 0.172 0.775 0.458
82.680 4 0.608 0.172 0.770 0.464
82.720 4 0.605 0.175 0.770 0.469
82.760 4 0.602 0.186 0.767 0.481
82.800 4 0.602 0.194 0.764 0.483
82.840 4 0.600 0.200 0.761 0.486
82.880 4 0.598 0.197 0.761 0.486
82.920 4 0.597 0.189 0.764 0.486
82.960 4 0.592 0.181 0.759 0.481
83.000 4 0.588 0.183 0.756 0.483
83.040 4 0.584 0.175 0.764 0.497
83.080 4 0.589 0.181 0.769 0.497
83.120 4 0.584 0.181 0.761 0.494
83.160 4 0.588 0.181 0.766 0.497
83.200 4 0.588 0.186 0.762 0.494
83.240 4 0.586 0.186 0.761 0.497
83.280 4 0.591 0.189 0.764 0.500
83.320 4 0.588 0.194 0.759 0.497
83.360 4 0.589 0.194 0.761 0.500
83.400 4 0.589 0.192 0.762 0.500
83.440 4 0.588 0.194 0.756 0.497
83.480 4 0.589 0.194 0.758 0.494
83.520 4 0.588 0.192 0.758 0.494
83.560 4 0.588 0.192 0.758 0.492
83.600 4 0.591 0.192 0.756 0.486
83.640 4 0.591 0.189 0.759 0.486
83.680 4 0.592 0.186 0.761 0.483
83.720 4 0.594 0.183 0.762 0.483
83.760 4 0.595 0.183 0.762 0.483
83.800 4 0.598 0.183 0.764 0.481
83.840 4 0.600 0.183 0.766 0.481
83.880 4 0.600 0.183 0.769 0.483
83.920 4 0.600 0.183 0.770 0.483
83.960 4 0.602 0.183 0.770 0.483
84.000 4 0.606 0.183 0.775 0.483
84.040 4 0.598 0.169 0.780 0.492
84.080 4 0.600 0.167 0.783 0.492
84.120 4 0.603 0.167 0.784 0.492
84.160 4 0.600 0.167 0.784 0.492
84.200 4 0.600 0.164 0.784 0.492
84.240 4 0.598 0.164 0.784 0.492
84.280 4 0.597 0.161 0.783 0.494
84.320 4 0.594 0.161 0.781 0.494
84.360 4 0.592 0.161 0.780 0.494
84.400 4 0.591 0.158 0.778 0.494
84.440 4 0.589 0.158 0.777 0.494
84.480 4 0.584 0.156 0.773 0.494
84.520 4 0.586 0.158 0.777 0.494
84.560 4 0.583 0.158 0.772 0.494
84.600 4 0.583 0.158 0.773 0.497
84.640 4 0.578 0.158 0.769 0.494
84.680 4 0.577 0.156 0.767 0.497
84.720 4 0.575 0.156 0.766 0.494
84.760 4 0.573 0.153 0.766 0.494
84.800 4 0.570 0.153 0.764 0.497
84.840 4 0.573 0.156 0.766 0.497
84.880 4 0.575 0.158 0.764 0.494
84.920 4 0.578 0.158 0.767 0.494
84.960 4 0.573 0.156 0.764 0.492
85.000 4 0.572 0.142 0.773 0.500
85.040 4 0.566 0.122 0.769 0.486
85.080 4 0.562 0.125 0.767 0.486
85.120 4 0.559 0.122 0.764 0.486
85.160 4 0.559 0.128 0.761 0.489
85.200 4 0.553 0.125 0.755 0.486
85.240 4 0.550 0.125 0.753 0.489
85.280 4 0.548 0.128 0.750 0.489
85.320 4 0.545 0.131 0.748 0.492
85.360 4 0.544 0.136 0.745 0.497
85.400 4 0.539 0.142 0.742 0.503
85.440 4 0.539 0.144 0.738 0.497
85.480 4 0.539 0.147 0.736 0.497
85.520 4 0.533 0.144 0.731 0.500
85.560 4 0.523 0.144 0.728 0.508
85.600 4 0.527 0.153 0.728 0.508
85.640 4 0.519 0.150 0.723 0.511
85.680 4 0.519 0.150 0.722 0.511
85.720 4 0.517 0.147 0.720 0.508
85.760 4 0.516 0.144 0.719 0.503
85.800 4 0.514 0.139 0.716 0.500
85.840 4 0.512 0.136 0.716 0.494
85.880 4 0.512 0.133 0.714 0.492
85.920 4 0.511 0.128 0.714 0.489
85.960 4 0.509 0.122 0.714 0.483
86.000 4 0.505 0.103 0.706 0.461
86.040 4 0.514 0.131 0.695 0.456
86.080 4 0.516 0.125 0.698 0.453
86.120 4 0.516 0.122 0.698 0.447
86.160 4 0.516 0.117 0.698 0.442
86.200 4 0.516 0.114 0.697 0.439
86.240 4 0.516 0.111 0.697 0.436
86.280 4 0.516 0.114 0.697 0.436
86.320 4 0.517 0.114 0.698 0.439
86.360 4 0.517 0.119 0.698 0.444
86.400 4 0.517 0.125 0.698 0.450
86.440 4 0.514 0.128 0.697 0.453
86.480 4 0.516 0.128 0.697 0.453
86.520 4 0.514 0.128 0.695 0.453
86.560 4 0.511 0.128 0.695 0.458
86.600 4 0.516 0.139 0.698 0.464
86.640 4 0.509 0.139 0.694 0.469
86.680 4 0.509 0.136 0.695 0.469
86.720 4 0.502 0.128 0.688 0.461
86.760 4 0.502 0.125 0.683 0.453
86.800 4 0.491 0.122 0.673 0.447
86.840 4 0.489 0.125 0.669 0.444
86.880 4 0.481 0.128 0.662 0.453
86.920 4 0.475 0.136 0.658 0.461
86.960 4 0.469 0.142 0.652 0.469
87.000 4 0.477 0.183 0.644 0.483
87.040 4 0.472 0.186 0.636 0.481
87.080 4 0.467 0.189 0.630 0.481
87.120 4 0.473 0.189 0.634 0.478
87.160 4 0.464 0.186 0.627 0.475
87.200 4 0.470 0.181 0.630 0.469
87.240 4 0.464 0.178 0.625 0.467
87.280 4 0.470 0.175 0.630 0.461
87.320 4 0.470 0.172 0.628 0.458
87.360 4 0.477 0.172 0.634 0.456
87.400 4 0.480 0.169 0.637 0.453
87.440 4 0.486 0.167 0.645 0.450
87.480 4 0.491 0.167 0.650 0.453
87.520 4 0.498 0.167 0.656 0.450
87.560 4 0.505 0.164 0.664 0.450
87.600 4 0.512 0.161 0.672 0.447
87.640 4 0.517 0.158 0.677 0.444
87.680 4 0.517 0.153 0.680 0.442
87.720 4 0.523 0.153 0.684 0.444
87.760 4 0.522 0.150 0.686 0.444
87.800 4 0.522 0.150 0.688 0.444
87.840 4 0.522 0.150 0.688 0.447
87.880 4 0.522 0.150 0.688 0.447
87.920 4 0.520 0.153 0.684 0.447
87.960 4 0.519 0.156 0.683 0.447
88.000 4 0.514 0.150 0.681 0.450
88.040 4 0.512 0.153 0.675 0.444
88.080 4 0.508 0.156 0.670 0.447
88.120 4 0.506 0.158 0.672 0.456
88.160 4 0.503 0.167 0.667 0.461
88.200 4 0.498 0.167 0.666 0.464
88.240 4 0.494 0.169 0.659 0.467
88.280 4 0.489 0.175 0.653 0.469
88.320 4 0.487 0.175 0.656 0.475
88.360 4 0.483 0.178 0.650 0.478
88.400 4 0.477 0.181 0.644 0.478
88.440 4 0.477 0.178 0.645 0.481
88.480 4 0.472 0.181 0.639 0.478
88.520 4 0.472 0.178 0.639 0.478
88.560 4 0.470 0.178 0.637 0.478
88.600 4 0.467 0.175 0.637 0.478
88.640 4 0.473 0.172 0.641 0.472
88.680 4 0.470 0.167 0.639 0.469
88.720 4 0.475 0.164 0.642 0.464
88.760 4 0.475 0.156 0.645 0.461
88.800 4 0.477 0.153 0.645 0.453
88.840 4 0.475 0.142 0.648 0.450
88.880 4 0.472 0.133 0.647 0.444
88.920 4 0.473 0.122 0.650 0.439
88.960 4 0.472 0.119 0.647 0.433
89.000 4 0.477 0.119 0.644 0.417
89.040 4 0.475 0.128 0.639 0.419
89.080 4 0.477 0.122 0.642 0.419
89.120 4 0.478 0.125 0.642 0.417
89.160 4 0.473 0.122 0.641 0.419
89.200 4 0.469 0.119 0.642 0.428
89.240 4 0.469 0.125 0.641 0.431
89.280 4 0.464 0.125 0.641 0.439
89.320 4 0.463 0.131 0.636 0.444
89.360 4 0.464 0.139 0.637 0.450
89.400 4 0.458 0.142 0.631 0.453
89.440 4 0.461 0.147 0.631 0.450
89.480 4 0.455 0.147 0.627 0.456
89.520 4 0.459 0.156 0.625 0.456
89.560 4 0.452 0.158 0.622 0.461
89.600 4 0.455 0.167 0.620 0.461
89.640 4 0.448 0.164 0.617 0.467
89.680 4 0.452 0.172 0.616 0.464
89.720 4 0.448 0.169 0.613 0.464
89.760 4 0.444 0.169 0.609 0.464
89.800 4 0.445 0.172 0.609 0.464
89.840 4 0.441 0.172 0.605 0.464
89.880 4 0.442 0.175 0.606 0.467
89.920 4 0.438 0.175 0.603 0.469
89.960 4 0.442 0.175 0.608 0.469
90.000 4 0.439 0.183 0.606 0.483
90.040 4 0.445 0.183 0.609 0.478
90.080 4 0.447 0.183 0.611 0.478
90.120 4 0.448 0.183 0.613 0.478
90.160 4 0.452 0.186 0.616 0.481
90.200 4 0.453 0.178 0.619 0.472
90.240 4 0.459 0.175 0.623 0.469
90.280 4 0.467 0.175 0.630 0.469
90.320 4 0.469 0.169 0.633 0.467
90.360 4 0.475 0.169 0.642 0.469
90.400 4 0.478 0.167 0.645 0.467
90.440 4 0.483 0.161 0.652 0.464
90.480 4 0.484 0.156 0.652 0.458
90.520 4 0.486 0.153 0.655 0.456
90.560 4 0.487 0.153 0.656 0.456
90.600 4 0.487 0.153 0.656 0.456
90.640 4 0.489 0.153 0.658 0.456
90.680 4 0.489 0.153 0.658 0.456
90.720 4 0.489 0.156 0.658 0.458
90.760 4 0.489 0.158 0.658 0.461
90.800 4 0.487 0.161 0.658 0.467
90.840 4 0.486 0.164 0.656 0.469
90.880 4 0.483 0.169 0.655 0.475
90.920 4 0.483 0.172 0.652 0.478
90.960 4 0.475 0.181 0.647 0.489
91.000 4 0.477 0.183 0.644 0.483
91.040 4 0.467 0.181 0.636 0.483
91.080 4 0.461 0.186 0.630 0.489
91.120 4 0.459 0.189 0.628 0.492
91.160 4 0.456 0.197 0.620 0.492
91.200 4 0.455 0.194 0.619 0.489
91.240 4 0.447 0.192 0.611 0.486
91.280 4 0.448 0.186 0.611 0.478
91.320 4 0.444 0.183 0.606 0.475
91.360 4 0.445 0.186 0.608 0.478
91.400 4 0.444 0.192 0.606 0.483
91.440 4 0.442 0.189 0.605 0.483
91.480 4 0.444 0.183 0.606 0.475
91.520 4 0.439 0.178 0.602 0.469
91.560 4 0.444 0.175 0.605 0.464
91.600 4 0.441 0.172 0.602 0.458
91.640 4 0.444 0.169 0.603 0.456
91.680 4 0.444 0.167 0.603 0.453
91.720 4 0.444 0.164 0.603 0.450
91.760 4 0.448 0.164 0.606 0.447
91.800 4 0.448 0.164 0.606 0.447
91.840 4 0.455 0.164 0.613 0.450
91.880 4 0.450 0.167 0.608 0.450
91.920 4 0.456 0.164 0.616 0.447
91.960 4 0.464 0.164 0.622 0.450
92.000 4 0.458 0.150 0.625 0.450
92.040 4 0.461 0.158 0.630 0.461
92.080 4 0.467 0.156 0.636 0.458
92.120 4 0.469 0.156 0.639 0.458
92.160 4 0.472 0.153 0.641 0.456
92.200 4 0.475 0.153 0.644 0.456
92.240 4 0.477 0.150 0.645 0.453
92.280 4 0.478 0.147 0.648 0.453
92.320 4 0.478 0.142 0.652 0.450
92.360 4 0.480 0.142 0.652 0.450
92.400 4 0.483 0.142 0.655 0.450
92.440 4 0.478 0.139 0.653 0.450
92.480 4 0.484 0.139 0.656 0.447
92.520 4 0.483 0.139 0.655 0.447
92.560 4 0.484 0.142 0.653 0.444
92.600 4 0.484 0.139 0.655 0.444
92.640 4 0.486 0.142 0.655 0.444
92.680 4 0.481 0.142 0.652 0.447
92.720 4 0.484 0.144 0.656 0.453
92.760 4 0.480 0.150 0.650 0.453
92.800 4 0.481 0.150 0.655 0.458
92.840 4 0.478 0.156 0.648 0.464
92.880 4 0.480 0.158 0.652 0.467
92.920 4 0.475 0.167 0.645 0.472
92.960 4 0.475 0.167 0.648 0.478
93.000 4 0.477 0.183 0.644 0.483
93.040 4 0.475 0.181 0.647 0.489
93.080 4 0.475 0.186 0.645 0.492
93.120 4 0.477 0.192 0.647 0.497
93.160 4 0.481 0.197 0.652 0.503
93.200 4 0.492 0.208 0.659 0.508
93.240 4 0.494 0.214 0.661 0.514
93.280 4 0.503 0.219 0.670 0.519
93.320 4 0.503 0.222 0.672 0.525
93.360 4 0.509 0.225 0.677 0.528
93.400 4 0.511 0.228 0.680 0.531
93.440 4 0.508 0.228 0.677 0.531
93.480 4 0.505 0.222 0.673 0.525
93.520 4 0.498 0.214 0.667 0.517
93.560 4 0.494 0.203 0.661 0.506
93.600 4 0.487 0.189 0.655 0.489
93.640 4 0.478 0.181 0.645 0.478
93.680 4 0.477 0.167 0.644 0.469
93.720 4 0.467 0.158 0.636 0.461
93.760 4 0.469 0.150 0.637 0.453
93.800 4 0.464 0.147 0.633 0.450
93.840 4 0.467 0.147 0.637 0.453
93.880 4 0.466 0.153 0.636 0.458
93.920 4 0.470 0.153 0.642 0.461
93.960 4 0.470 0.147 0.642 0.456
94.000 4 0.477 0.150 0.644 0.450
94.040 4 0.478 0.153 0.645 0.453
94.080 4 0.480 0.156 0.647 0.456
94.120 4 0.480 0.156 0.647 0.456
94.160 4 0.481 0.158 0.648 0.456
94.200 4 0.483 0.158 0.648 0.458
94.240 4 0.484 0.161 0.650 0.458
94.280 4 0.484 0.164 0.652 0.464
94.320 4 0.486 0.169 0.652 0.467
94.360 4 0.486 0.172 0.652 0.469
104.600 5 0.522 0.272 0.581 0.375
104.640 5 0.523 0.267 0.581 0.369
104.680 5 0.525 0.264 0.583 0.367
104.720 5 0.525 0.264 0.583 0.367
104.760 5 0.527 0.267 0.583 0.367
104.800 5 0.527 0.272 0.583 0.372
104.840 5 0.525 0.272 0.583 0.375
104.880 5 0.530 0.275 0.586 0.378
104.920 5 0.528 0.283 0.584 0.381
104.960 5 0.528 0.286 0.584 0.386
105.000 5 0.527 0.283 0.583 0.383
105.040 5 0.523 0.275 0.580 0.372
105.080 5 0.525 0.269 0.580 0.367
105.120 5 0.527 0.264 0.581 0.361
105.160 5 0.527 0.258 0.583 0.358
105.200 5 0.528 0.256 0.583 0.356
105.240 5 0.530 0.256 0.586 0.353
105.280 5 0.531 0.258 0.588 0.356
105.320 5 0.533 0.261 0.589 0.358
105.360 5 0.534 0.264 0.589 0.361
105.400 5 0.536 0.269 0.592 0.367
105.440 5 0.539 0.275 0.594 0.372
105.480 5 0.542 0.278 0.597 0.375
105.520 5 0.545 0.278 0.602 0.378
105.560 5 0.548 0.272 0.605 0.372
105.600 5 0.547 0.261 0.605 0.364
105.640 5 0.550 0.256 0.605 0.356
105.680 5 0.550 0.253 0.606 0.353
105.720 5 0.550 0.250 0.606 0.347
105.760 5 0.553 0.247 0.609 0.347
105.800 5 0.552 0.247 0.606 0.347
105.840 5 0.555 0.250 0.611 0.350
105.880 5 0.553 0.253 0.609 0.353
105.920 5 0.553 0.256 0.609 0.356
105.960 5 0.553 0.258 0.609 0.358
106.000 5 0.552 0.261 0.608 0.361
106.040 5 0.548 0.258 0.606 0.361
106.080 5 0.548 0.253 0.608 0.358
106.120 5 0.547 0.253 0.603 0.353
106.160 5 0.547 0.244 0.603 0.347
106.200 5 0.548 0.244 0.603 0.342
106.240 5 0.550 0.239 0.605 0.336
106.280 5 0.550 0.239 0.605 0.336
106.320 5 0.550 0.239 0.605 0.336
106.360 5 0.548 0.239 0.603 0.336
106.400 5 0.548 0.244 0.603 0.339
106.440 5 0.548 0.247 0.602 0.342
106.480 5 0.548 0.253 0.602 0.347
106.520 5 0.552 0.256 0.608 0.353
106.560 5 0.555 0.256 0.609 0.353
106.600 5 0.555 0.247 0.609 0.347
106.640 5 0.558 0.244 0.613 0.344
106.680 5 0.561 0.239 0.616 0.339
106.720 5 0.561 0.236 0.617 0.336
106.760 5 0.561 0.233 0.617 0.331
106.800 5 0.564 0.233 0.619 0.331
106.840 5 0.562 0.236 0.617 0.333
106.880 5 0.564 0.236 0.620 0.336
106.920 5 0.564 0.239 0.619 0.339
106.960 5 0.564 0.242 0.619 0.342
107.000 5 0.562 0.244 0.619 0.344
107.040 5 0.561 0.244 0.617 0.344
107.080 5 0.561 0.244 0.616 0.342
107.120 5 0.561 0.239 0.617 0.336
107.160 5 0.561 0.231 0.616 0.331
107.200 5 0.561 0.225 0.617 0.325
107.240 5 0.562 0.219 0.619 0.319
107.280 5 0.564 0.217 0.620 0.317
107.320 5 0.569 0.217 0.625 0.317
107.360 5 0.570 0.217 0.627 0.317
104.600 6 0.319 0.219 0.372 0.314
104.640 6 0.317 0.219 0.370 0.314
104.680 6 0.314 0.217 0.367 0.311
104.720 6 0.311 0.219 0.366 0.317
104.760 6 0.308 0.225 0.362 0.322
104.800 6 0.303 0.228 0.359 0.331
104.840 6 0.302 0.228 0.359 0.331
104.880 6 0.298 0.228 0.356 0.331
104.920 6 0.294 0.225 0.348 0.325
104.960 6 0.289 0.222 0.345 0.322
105.000 6 0.289 0.217 0.345 0.317
105.040 6 0.292 0.211 0.348 0.311
105.080 6 0.294 0.211 0.350 0.308
105.120 6 0.297 0.208 0.353 0.308
105.160 6 0.295 0.208 0.352 0.308
105.200 6 0.297 0.211 0.352 0.308
105.240 6 0.295 0.214 0.352 0.311
105.280 6 0.297 0.217 0.352 0.317
105.320 6 0.302 0.222 0.356 0.319
105.360 6 0.302 0.222 0.358 0.322
105.400 6 0.305 0.222 0.361 0.322
105.440 6 0.309 0.217 0.366 0.319
105.480 6 0.312 0.217 0.370 0.317
105.520 6 0.316 0.211 0.372 0.311
105.560 6 0.317 0.208 0.373 0.308
105.600 6 0.319 0.203 0.375 0.303
105.640 6 0.316 0.203 0.373 0.303
105.680 6 0.317 0.203 0.373 0.303
105.720 6 0.316 0.203 0.372 0.306
105.760 6 0.317 0.208 0.373 0.308
105.800 6 0.317 0.214 0.373 0.314
105.840 6 0.316 0.217 0.372 0.317
105.880 6 0.316 0.222 0.370 0.319
105.920 6 0.317 0.219 0.372 0.317
105.960 6 0.316 0.217 0.370 0.314
106.000 6 0.316 0.211 0.370 0.308
106.040 6 0.316 0.206 0.370 0.303
106.080 6 0.319 0.206 0.373 0.303
106.120 6 0.322 0.200 0.377 0.297
106.160 6 0.325 0.200 0.378 0.297
106.200 6 0.327 0.200 0.381 0.294
106.240 6 0.330 0.200 0.384 0.297
106.280 6 0.331 0.206 0.386 0.300
106.320 6 0.336 0.208 0.391 0.306
106.360 6 0.341 0.211 0.394 0.308
106.400 6 0.345 0.214 0.400 0.311
106.440 6 0.350 0.211 0.403 0.308
106.480 6 0.355 0.208 0.409 0.306
106.520 6 0.359 0.206 0.412 0.300
106.560 6 0.361 0.200 0.416 0.294
106.600 6 0.362 0.194 0.417 0.292
106.640 6 0.366 0.192 0.420 0.286
106.680 6 0.367 0.192 0.422 0.286
106.720 6 0.367 0.192 0.420 0.286
106.760 6 0.366 0.192 0.419 0.286
106.800 6 0.366 0.194 0.419 0.289
106.840 6 0.366 0.197 0.419 0.292
106.880 6 0.364 0.203 0.417 0.294
106.920 6 0.362 0.203 0.416 0.297
106.960 6 0.362 0.203 0.414 0.294
107.000 6 0.361 0.197 0.414 0.292
107.040 6 0.361 0.192 0.414 0.283
107.080 6 0.359 0.186 0.412 0.281
107.120 6 0.361 0.181 0.414 0.275
107.160 6 0.362 0.175 0.416 0.269
107.200 6 0.366 0.172 0.419 0.267
107.240 6 0.369 0.169 0.422 0.264
107.280 6 0.369 0.169 0.422 0.264
107.320 6 0.370 0.172 0.423 0.267
107.360 6 0.375 0.175 0.428 0.269
124.280 7 0.266 0.258 0.400 0.497
124.320 7 0.267 0.253 0.402 0.492
124.360 7 0.270 0.247 0.406 0.489
124.400 7 0.267 0.242 0.405 0.489
124.440 7 0.272 0.244 0.408 0.486
124.480 7 0.273 0.239 0.412 0.489
124.520 7 0.269 0.239 0.408 0.489
124.560 7 0.270 0.236 0.412 0.489
124.600 7 0.269 0.239 0.409 0.486
124.640 7 0.272 0.239 0.412 0.486
124.680 7 0.273 0.239 0.412 0.486
124.720 7 0.273 0.239 0.412 0.486
124.760 7 0.275 0.242 0.412 0.486
124.800 7 0.278 0.244 0.414 0.483
124.840 7 0.272 0.242 0.408 0.483
124.880 7 0.273 0.239 0.414 0.489
124.920 7 0.273 0.236 0.414 0.486
124.960 7 0.272 0.236 0.412 0.486
125.000 7 0.272 0.236 0.412 0.486
125.040 7 0.272 0.236 0.414 0.489
125.080 7 0.272 0.236 0.414 0.489
125.120 7 0.273 0.236 0.417 0.492
125.160 7 0.270 0.236 0.412 0.492
125.200 7 0.272 0.236 0.416 0.492
125.240 7 0.270 0.233 0.414 0.489
125.280 7 0.277 0.236 0.417 0.486
125.320 7 0.269 0.236 0.409 0.486
125.360 7 0.273 0.236 0.414 0.489
125.400 7 0.272 0.236 0.414 0.486
125.440 7 0.272 0.233 0.414 0.486
125.480 7 0.272 0.233 0.414 0.486
125.520 7 0.270 0.233 0.414 0.486
125.560 7 0.269 0.231 0.414 0.489
125.600 7 0.270 0.231 0.414 0.489
125.640 7 0.270 0.233 0.412 0.486
125.680 7 0.273 0.233 0.416 0.486
125.720 7 0.267 0.233 0.409 0.486
125.760 7 0.272 0.233 0.414 0.486
125.800 7 0.269 0.233 0.411 0.483
125.840 7 0.272 0.233 0.414 0.483
125.880 7 0.269 0.233 0.409 0.483
125.920 7 0.275 0.236 0.412 0.481
125.960 7 0.272 0.236 0.408 0.481
126.000 7 0.272 0.236 0.412 0.486
126.040 7 0.275 0.239 0.414 0.486
126.080 7 0.272 0.236 0.412 0.486
126.120 7 0.275 0.239 0.414 0.486
126.160 7 0.272 0.239 0.411 0.486
126.200 7 0.275 0.239 0.412 0.483
126.240 7 0.273 0.239 0.412 0.486
126.280 7 0.273 0.236 0.412 0.486
126.320 7 0.272 0.236 0.412 0.483
126.360 7 0.277 0.239 0.412 0.481
126.400 7 0.269 0.236 0.409 0.483
126.440 7 0.273 0.233 0.416 0.486
126.480 7 0.272 0.236 0.412 0.483
126.520 7 0.275 0.239 0.412 0.483
126.560 7 0.272 0.236 0.412 0.483
126.600 7 0.272 0.236 0.412 0.483
126.640 7 0.270 0.236 0.411 0.486
126.680 7 0.275 0.236 0.414 0.486
126.720 7 0.272 0.239 0.409 0.483
126.760 7 0.273 0.236 0.412 0.486
126.800 7 0.272 0.236 0.412 0.483
126.840 7 0.272 0.233 0.412 0.486
126.880 7 0.270 0.231 0.414 0.486
126.920 7 0.272 0.233 0.416 0.489
126.960 7 0.267 0.231 0.412 0.489
127.000 7 0.272 0.236 0.412 0.486
127.040 7 0.269 0.239 0.408 0.483
128.880 8 0.247 0.192 0.333 0.350
128.920 8 0.247 0.192 0.333 0.347
128.960 8 0.247 0.189 0.333 0.344
129.000 8 0.247 0.189 0.333 0.344
129.040 8 0.247 0.186 0.331 0.342
129.080 8 0.245 0.183 0.331 0.339
129.120 8 0.247 0.183 0.331 0.336
129.160 8 0.245 0.183 0.330 0.333
129.200 8 0.248 0.181 0.333 0.333
129.240 8 0.245 0.181 0.328 0.331
129.280 8 0.250 0.181 0.333 0.333
129.320 8 0.245 0.181 0.328 0.331
129.360 8 0.250 0.181 0.333 0.333
129.400 8 0.247 0.181 0.330 0.333
129.440 8 0.252 0.181 0.336 0.333
129.480 8 0.248 0.181 0.333 0.333
129.520 8 0.253 0.181 0.338 0.333
129.560 8 0.250 0.181 0.336 0.336
129.600 8 0.255 0.183 0.339 0.336
129.640 8 0.253 0.186 0.338 0.339
129.680 8 0.255 0.186 0.339 0.339
129.720 8 0.252 0.186 0.338 0.342
129.760 8 0.253 0.189 0.338 0.342
129.800 8 0.255 0.192 0.338 0.342
129.840 8 0.255 0.194 0.338 0.342
129.880 8 0.256 0.194 0.338 0.344
129.920 8 0.253 0.194 0.336 0.344
129.960 8 0.256 0.197 0.339 0.347
130.000 8 0.256 0.200 0.336 0.344
130.040 8 0.255 0.203 0.333 0.342
130.080 8 0.256 0.200 0.336 0.344
130.120 8 0.255 0.203 0.331 0.342
130.160 8 0.256 0.203 0.334 0.344
130.200 8 0.253 0.203 0.331 0.342
130.240 8 0.255 0.203 0.333 0.342
130.280 8 0.253 0.200 0.333 0.344
141.280 9 0.372 0.217 0.430 0.319
141.320 9 0.378 0.214 0.438 0.317
141.360 9 0.384 0.208 0.442 0.311
141.400 9 0.391 0.203 0.448 0.306
141.440 9 0.395 0.197 0.453 0.303
141.480 9 0.397 0.189 0.458 0.294
141.520 9 0.400 0.181 0.461 0.289
141.560 9 0.400 0.172 0.463 0.281
141.600 9 0.403 0.167 0.464 0.278
141.640 9 0.403 0.164 0.466 0.275
141.680 9 0.406 0.164 0.470 0.278
141.720 9 0.406 0.167 0.469 0.278
141.760 9 0.405 0.169 0.467 0.281
141.800 9 0.402 0.172 0.466 0.286
141.840 9 0.398 0.178 0.463 0.292
141.880 9 0.392 0.178 0.458 0.294
141.920 9 0.386 0.181 0.452 0.300
141.960 9 0.377 0.181 0.444 0.300
142.000 9 0.370 0.181 0.438 0.300
142.040 9 0.364 0.178 0.433 0.300
142.080 9 0.359 0.175 0.428 0.300
142.120 9 0.355 0.172 0.425 0.297
142.160 9 0.353 0.167 0.423 0.294
146.000 10 0.283 0.031 0.627 0.639
146.040 10 0.283 0.031 0.622 0.633
146.080 10 0.295 0.031 0.633 0.631
146.120 10 0.305 0.025 0.644 0.628
146.160 10 0.316 0.025 0.655 0.628
146.200 10 0.333 0.025 0.672 0.625
146.240 10 0.336 0.025 0.678 0.633
146.280 10 0.339 0.028 0.683 0.639
146.320 10 0.342 0.033 0.684 0.642
146.360 10 0.344 0.039 0.683 0.642
146.400 10 0.344 0.039 0.684 0.644
146.440 10 0.352 0.042 0.691 0.647
146.480 10 0.342 0.044 0.683 0.647
146.520 10 0.348 0.047 0.688 0.650
146.560 10 0.338 0.047 0.678 0.650
146.600 10 0.344 0.047 0.684 0.653
146.640 10 0.333 0.047 0.672 0.650
146.680 10 0.334 0.047 0.675 0.656
146.720 10 0.323 0.047 0.664 0.653
146.760 10 0.319 0.047 0.659 0.653
146.800 10 0.320 0.047 0.661 0.656
146.840 10 0.308 0.044 0.652 0.656
146.880 10 0.311 0.044 0.659 0.661
146.920 10 0.298 0.042 0.648 0.661
146.960 10 0.308 0.047 0.652 0.658
147.000 10 0.294 0.042 0.642 0.661
147.040 10 0.306 0.081 0.633 0.658
147.080 10 0.311 0.089 0.637 0.667
147.120 10 0.300 0.094 0.627 0.675
147.160 10 0.305 0.100 0.633 0.683
147.200 10 0.297 0.108 0.623 0.689
147.240 10 0.303 0.114 0.628 0.694
147.280 10 0.295 0.119 0.619 0.694
147.320 10 0.298 0.119 0.625 0.703
147.360 10 0.286 0.111 0.619 0.703
147.400 10 0.294 0.111 0.625 0.700
147.440 10 0.297 0.111 0.627 0.697
147.480 10 0.297 0.106 0.630 0.697
147.520 10 0.302 0.103 0.631 0.689
147.560 10 0.303 0.094 0.636 0.689
147.600 10 0.308 0.092 0.641 0.683
147.640 10 0.312 0.092 0.642 0.678
147.680 10 0.316 0.089 0.645 0.675
147.720 10 0.312 0.094 0.641 0.678
147.760 10 0.311 0.094 0.641 0.683
147.800 10 0.305 0.100 0.631 0.681
147.840 10 0.316 0.106 0.637 0.678
147.880 10 0.312 0.106 0.634 0.678
147.920 10 0.311 0.100 0.636 0.678
147.960 10 0.314 0.100 0.636 0.675
148.000 10 0.341 0.147 0.631 0.664
148.040 10 0.341 0.147 0.631 0.664
148.080 10 0.341 0.150 0.631 0.667
148.120 10 0.333 0.153 0.623 0.672
148.160 10 0.339 0.161 0.627 0.672
148.200 10 0.328 0.158 0.620 0.675
148.240 10 0.338 0.164 0.623 0.672
148.280 10 0.338 0.164 0.622 0.669
148.320 10 0.336 0.164 0.619 0.667
148.360 10 0.333 0.161 0.617 0.667
148.400 10 0.331 0.161 0.614 0.667
148.440 10 0.328 0.161 0.611 0.664
148.480 10 0.319 0.161 0.600 0.661
148.520 10 0.322 0.161 0.605 0.664
148.560 10 0.309 0.153 0.602 0.672
148.600 10 0.320 0.153 0.613 0.672
148.640 10 0.314 0.150 0.606 0.669
148.680 10 0.305 0.153 0.597 0.669
148.720 10 0.309 0.156 0.600 0.672
148.760 10 0.302 0.161 0.589 0.672
148.800 10 0.306 0.172 0.588 0.672
148.840 10 0.298 0.178 0.578 0.675
148.880 10 0.291 0.186 0.569 0.683
148.920 10 0.292 0.194 0.570 0.692
149.720 10 0.316 0.136 0.645 0.722
149.760 10 0.316 0.136 0.639 0.708
149.800 10 0.325 0.122 0.650 0.700
149.840 10 0.334 0.100 0.664 0.683
149.880 10 0.342 0.086 0.678 0.683
149.920 10 0.352 0.064 0.691 0.667
149.960 10 0.361 0.053 0.705 0.664
150.000 10 0.370 0.042 0.719 0.661
150.040 10 0.372 0.014 0.722 0.636
150.080 10 0.383 0.011 0.733 0.633
150.120 10 0.391 0.011 0.748 0.650
150.160 10 0.395 0.017 0.755 0.656
150.200 10 0.400 0.022 0.758 0.661
150.240 10 0.403 0.031 0.759 0.664
150.280 10 0.403 0.036 0.759 0.667
150.320 10 0.398 0.039 0.755 0.672
150.360 10 0.406 0.044 0.756 0.667
150.400 10 0.406 0.044 0.758 0.667
150.440 10 0.403 0.044 0.753 0.667
150.480 10 0.408 0.044 0.759 0.669
150.520 10 0.412 0.042 0.762 0.667
150.560 10 0.408 0.042 0.759 0.667
150.600 10 0.411 0.044 0.758 0.664
150.640 10 0.414 0.042 0.764 0.667
150.680 10 0.405 0.042 0.756 0.667
150.720 10 0.411 0.044 0.762 0.669
150.760 10 0.400 0.047 0.753 0.675
150.800 10 0.408 0.053 0.758 0.675
150.840 10 0.395 0.053 0.745 0.678
150.880 10 0.400 0.058 0.748 0.681
150.920 10 0.388 0.058 0.736 0.678
150.960 10 0.391 0.064 0.739 0.683
151.000 10 0.370 0.042 0.719 0.661
151.040 10 0.355 0.039 0.705 0.661
151.080 10 0.353 0.042 0.703 0.664
151.120 10 0.347 0.042 0.700 0.667
151.160 10 0.342 0.044 0.694 0.667
151.200 10 0.339 0.044 0.689 0.667
151.240 10 0.339 0.044 0.689 0.667
151.280 10 0.328 0.042 0.678 0.664
151.320 10 0.331 0.047 0.678 0.664
151.360 10 0.328 0.044 0.677 0.664
151.400 10 0.327 0.042 0.677 0.664
151.440 10 0.327 0.042 0.675 0.661
151.480 10 0.323 0.039 0.670 0.656
151.520 10 0.323 0.042 0.672 0.658
151.560 10 0.325 0.044 0.670 0.658
151.600 10 0.325 0.044 0.670 0.661
151.640 10 0.323 0.044 0.670 0.661
151.680 10 0.323 0.044 0.672 0.664
151.720 10 0.322 0.039 0.675 0.669
151.760 10 0.320 0.036 0.673 0.664
151.800 10 0.320 0.042 0.672 0.664
151.840 10 0.333 0.042 0.683 0.664
151.880 10 0.327 0.042 0.675 0.661
151.920 10 0.338 0.042 0.688 0.664
151.960 10 0.336 0.042 0.684 0.661
152.000 10 0.331 0.042 0.680 0.661
152.040 10 0.336 0.047 0.694 0.686
152.080 10 0.333 0.044 0.694 0.689
152.120 10 0.339 0.047 0.700 0.689
152.160 10 0.336 0.044 0.698 0.692
152.200 10 0.336 0.044 0.702 0.692
152.240 10 0.338 0.044 0.703 0.694
152.280 10 0.339 0.047 0.705 0.697
152.320 10 0.341 0.050 0.706 0.697
152.360 10 0.344 0.050 0.708 0.700
152.400 10 0.345 0.053 0.709 0.700
152.440 10 0.347 0.050 0.711 0.700
152.480 10 0.348 0.050 0.716 0.703
152.520 10 0.352 0.047 0.722 0.706
152.560 10 0.359 0.053 0.725 0.703
152.600 10 0.364 0.053 0.731 0.706
152.640 10 0.366 0.056 0.733 0.708
152.680 10 0.367 0.069 0.725 0.706
152.720 10 0.361 0.072 0.722 0.714
152.760 10 0.358 0.069 0.722 0.719
152.800 10 0.361 0.081 0.717 0.714
152.840 10 0.364 0.083 0.722 0.717
152.880 10 0.358 0.089 0.711 0.714
152.920 10 0.367 0.089 0.719 0.714
152.960 10 0.361 0.089 0.713 0.714
153.000 10 0.370 0.108 0.719 0.728
153.040 10 0.391 0.114 0.725 0.706
153.080 10 0.386 0.108 0.722 0.706
153.120 10 0.397 0.108 0.734 0.708
153.160 10 0.389 0.108 0.727 0.708
153.200 10 0.394 0.114 0.730 0.708
153.240 10 0.389 0.108 0.727 0.708
153.280 10 0.384 0.106 0.725 0.708
153.320 10 0.383 0.106 0.719 0.706
153.360 10 0.381 0.106 0.713 0.697
153.400 10 0.370 0.108 0.700 0.694
153.440 10 0.375 0.111 0.703 0.692
153.480 10 0.367 0.111 0.692 0.689
153.520 10 0.367 0.111 0.692 0.689
153.560 10 0.361 0.111 0.686 0.689
153.600 10 0.366 0.111 0.689 0.686
153.640 10 0.356 0.111 0.678 0.683
153.680 10 0.348 0.117 0.670 0.689
153.720 10 0.348 0.117 0.670 0.689
153.760 10 0.338 0.119 0.653 0.681
153.800 10 0.341 0.125 0.655 0.686
153.840 10 0.331 0.125 0.644 0.681
153.880 10 0.334 0.131 0.645 0.683
153.920 10 0.327 0.136 0.634 0.683
153.960 10 0.331 0.136 0.641 0.686
154.000 10 0.341 0.147 0.631 0.664
154.040 10 0.334 0.144 0.636 0.681
154.080 10 0.341 0.142 0.645 0.683
154.120 10 0.338 0.142 0.639 0.678
154.160 10 0.339 0.144 0.644 0.686
154.200 10 0.339 0.147 0.645 0.689
154.240 10 0.339 0.147 0.645 0.692
154.280 10 0.339 0.150 0.645 0.694
154.320 10 0.338 0.150 0.644 0.697
154.360 10 0.334 0.150 0.641 0.697
154.400 10 0.341 0.153 0.647 0.697
154.440 10 0.333 0.156 0.639 0.697
154.480 10 0.333 0.153 0.641 0.700
154.520 10 0.334 0.150 0.647 0.706
154.560 10 0.328 0.150 0.637 0.700
154.600 10 0.331 0.147 0.642 0.700
154.640 10 0.323 0.142 0.634 0.697
154.680 10 0.331 0.139 0.642 0.694
154.720 10 0.323 0.131 0.642 0.694
154.760 10 0.333 0.122 0.655 0.694
154.800 10 0.328 0.117 0.650 0.689
154.840 10 0.339 0.119 0.659 0.689
154.880 10 0.339 0.119 0.658 0.689
154.920 10 0.341 0.122 0.659 0.689
154.960 10 0.341 0.119 0.662 0.692
155.000 10 0.331 0.108 0.680 0.728
155.040 10 0.331 0.106 0.673 0.717
155.080 10 0.327 0.106 0.672 0.717
155.120 10 0.323 0.100 0.670 0.717
155.160 10 0.322 0.094 0.669 0.711
155.200 10 0.322 0.083 0.673 0.706
155.240 10 0.323 0.072 0.678 0.700
155.280 10 0.327 0.061 0.684 0.697
155.320 10 0.330 0.056 0.688 0.692
155.360 10 0.331 0.053 0.689 0.689
155.400 10 0.331 0.053 0.691 0.689
155.440 10 0.330 0.053 0.688 0.689
155.480 10 0.334 0.053 0.692 0.689
155.520 10 0.336 0.056 0.691 0.689
155.560 10 0.339 0.056 0.695 0.689
155.600 10 0.334 0.056 0.691 0.689
155.640 10 0.333 0.056 0.689 0.689
155.680 10 0.333 0.061 0.684 0.686
155.720 10 0.331 0.064 0.678 0.681
155.760 10 0.336 0.064 0.684 0.681
155.800 10 0.328 0.061 0.675 0.678
155.840 10 0.331 0.058 0.680 0.678
155.880 10 0.331 0.053 0.681 0.678
155.920 10 0.325 0.047 0.680 0.681
155.960 10 0.330 0.044 0.688 0.683
156.000 10 0.331 0.042 0.680 0.661
156.040 10 0.341 0.042 0.694 0.669
156.080 10 0.339 0.039 0.692 0.664
156.120 10 0.353 0.033 0.717 0.681
162.000 11 0.294 0.108 0.642 0.728
162.040 11 0.312 0.097 0.648 0.694
162.080 11 0.316 0.086 0.653 0.686
162.120 11 0.322 0.081 0.658 0.681
162.160 11 0.328 0.072 0.667 0.675
162.200 11 0.336 0.061 0.680 0.669
162.240 11 0.345 0.053 0.691 0.667
162.280 11 0.356 0.050 0.700 0.661
162.320 11 0.362 0.042 0.709 0.658
162.360 11 0.370 0.039 0.717 0.656
162.400 11 0.378 0.042 0.723 0.653
162.440 11 0.386 0.039 0.730 0.650
162.480 11 0.381 0.039 0.727 0.653
162.520 11 0.389 0.042 0.738 0.661
162.560 11 0.378 0.044 0.728 0.667
162.600 11 0.383 0.047 0.734 0.672
162.640 11 0.372 0.047 0.725 0.675
162.680 11 0.381 0.056 0.730 0.675
162.720 11 0.372 0.056 0.722 0.678
162.760 11 0.380 0.058 0.725 0.675
162.800 11 0.373 0.056 0.723 0.678
162.840 11 0.375 0.056 0.725 0.681
162.880 11 0.377 0.053 0.733 0.686
162.920 11 0.372 0.044 0.739 0.694
162.960 11 0.380 0.039 0.747 0.692
163.000 11 0.409 0.042 0.758 0.661
163.040 11 0.392 0.025 0.753 0.667
163.080 11 0.395 0.028 0.756 0.669
163.120 11 0.398 0.033 0.759 0.675
163.160 11 0.402 0.039 0.761 0.678
163.200 11 0.403 0.047 0.762 0.683
163.240 11 0.408 0.056 0.766 0.689
163.280 11 0.403 0.067 0.753 0.692
163.320 11 0.409 0.075 0.758 0.694
163.360 11 0.402 0.086 0.744 0.694
163.400 11 0.405 0.089 0.750 0.703
163.440 11 0.397 0.094 0.738 0.700
163.480 11 0.400 0.092 0.742 0.703
163.520 11 0.391 0.089 0.736 0.703
163.560 11 0.394 0.089 0.739 0.703
163.600 11 0.384 0.089 0.730 0.700
163.640 11 0.389 0.089 0.734 0.703
163.680 11 0.386 0.086 0.731 0.700
163.720 11 0.384 0.086 0.730 0.700
163.760 11 0.383 0.083 0.727 0.697
163.800 11 0.384 0.083 0.727 0.689
163.840 11 0.388 0.078 0.727 0.681
163.880 11 0.389 0.072 0.730 0.678
163.920 11 0.389 0.067 0.731 0.672
163.960 11 0.389 0.061 0.730 0.664
164.000 11 0.370 0.042 0.719 0.661
164.040 11 0.383 0.053 0.738 0.683
164.080 11 0.380 0.053 0.733 0.678
164.120 11 0.377 0.050 0.728 0.675
164.160 11 0.372 0.047 0.722 0.669
164.200 11 0.367 0.047 0.714 0.661
164.240 11 0.362 0.044 0.709 0.658
164.280 11 0.358 0.042 0.705 0.656
164.320 11 0.355 0.039 0.700 0.650
164.360 11 0.353 0.036 0.697 0.647
164.400 11 0.355 0.036 0.698 0.647
164.440 11 0.342 0.033 0.688 0.647
164.480 11 0.347 0.036 0.691 0.650
164.520 11 0.336 0.039 0.678 0.647
164.560 11 0.341 0.044 0.683 0.653
164.600 11 0.333 0.050 0.670 0.653
164.640 11 0.341 0.058 0.673 0.653
164.680 11 0.330 0.064 0.662 0.656
164.720 11 0.334 0.067 0.669 0.661
164.760 11 0.328 0.078 0.655 0.661
164.800 11 0.334 0.083 0.661 0.664
164.840 11 0.327 0.089 0.653 0.669
164.880 11 0.333 0.094 0.658 0.672
164.920 11 0.325 0.097 0.652 0.678
164.960 11 0.333 0.103 0.656 0.681
165.000 11 0.331 0.108 0.680 0.728
165.040 11 0.330 0.111 0.678 0.731
165.080 11 0.330 0.111 0.675 0.725
165.120 11 0.331 0.114 0.670 0.717
165.160 11 0.333 0.114 0.677 0.725
165.200 11 0.333 0.111 0.678 0.728
165.240 11 0.333 0.111 0.680 0.731
165.280 11 0.333 0.111 0.681 0.731
165.320 11 0.331 0.108 0.688 0.742
165.360 11 0.328 0.111 0.678 0.731
165.400 11 0.338 0.114 0.684 0.728
165.440 11 0.336 0.117 0.680 0.728
165.480 11 0.334 0.122 0.678 0.731
165.520 11 0.333 0.122 0.677 0.733
165.560 11 0.333 0.125 0.675 0.733
165.600 11 0.331 0.128 0.673 0.733
165.640 11 0.328 0.131 0.669 0.733
165.680 11 0.338 0.131 0.677 0.731
165.720 11 0.333 0.131 0.672 0.731
165.760 11 0.331 0.125 0.673 0.736
165.800 11 0.341 0.128 0.681 0.733
165.840 11 0.333 0.128 0.672 0.731
165.880 11 0.338 0.125 0.678 0.733
165.920 11 0.334 0.122 0.675 0.728
165.960 11 0.334 0.119 0.677 0.728
166.000 11 0.331 0.108 0.680 0.728
166.040 11 0.325 0.083 0.680 0.711
166.080 11 0.320 0.083 0.670 0.706
166.120 11 0.328 0.078 0.683 0.708
166.160 11 0.322 0.075 0.678 0.706
166.200 11 0.333 0.072 0.691 0.706
166.240 11 0.327 0.067 0.688 0.706
166.280 11 0.341 0.069 0.698 0.706
166.320 11 0.338 0.069 0.695 0.706
166.360 11 0.341 0.069 0.697 0.706
166.400 11 0.344 0.069 0.702 0.706
166.440 11 0.344 0.064 0.708 0.711
166.480 11 0.345 0.058 0.713 0.711
166.520 11 0.358 0.056 0.727 0.711
166.560 11 0.361 0.050 0.731 0.706
166.600 11 0.366 0.047 0.734 0.703
166.640 11 0.372 0.031 0.752 0.706
166.680 11 0.378 0.031 0.756 0.703
166.720 11 0.380 0.028 0.759 0.703
166.760 11 0.380 0.022 0.764 0.706
166.800 11 0.378 0.017 0.770 0.714
166.840 11 0.394 0.017 0.786 0.714
166.880 11 0.397 0.017 0.789 0.714
166.920 11 0.400 0.019 0.794 0.717
166.960 11 0.403 0.025 0.795 0.722
167.000 11 0.409 0.042 0.758 0.661
167.040 11 0.400 0.058 0.753 0.689
167.080 11 0.386 0.058 0.745 0.697
167.120 11 0.388 0.058 0.750 0.703
167.160 11 0.375 0.061 0.738 0.706
167.200 11 0.380 0.069 0.738 0.706
167.240 11 0.369 0.072 0.725 0.706
167.280 11 0.366 0.075 0.723 0.711
167.320 11 0.359 0.072 0.719 0.711
167.360 11 0.355 0.072 0.714 0.711
167.400 11 0.350 0.072 0.708 0.711
167.440 11 0.350 0.075 0.708 0.708
167.480 11 0.338 0.072 0.697 0.711
167.520 11 0.341 0.072 0.702 0.717
167.560 11 0.331 0.072 0.694 0.714
167.600 11 0.328 0.072 0.689 0.714
167.640 11 0.323 0.072 0.683 0.714
167.680 11 0.317 0.075 0.677 0.714
167.720 11 0.312 0.078 0.673 0.717
167.760 11 0.309 0.081 0.667 0.714
167.800 11 0.302 0.081 0.658 0.711
167.840 11 0.300 0.081 0.658 0.714
167.880 11 0.295 0.083 0.647 0.708
167.920 11 0.294 0.081 0.647 0.711
167.960 11 0.292 0.086 0.642 0.708
168.000 11 0.294 0.108 0.642 0.728
168.040 11 0.284 0.108 0.631 0.725
168.080 11 0.292 0.117 0.636 0.725
168.120 11 0.284 0.117 0.627 0.728
168.160 11 0.300 0.119 0.642 0.728
168.200 11 0.280 0.111 0.625 0.722
168.240 11 0.305 0.133 0.636 0.722
168.280 11 0.291 0.139 0.616 0.717
168.320 11 0.298 0.139 0.630 0.728
168.360 11 0.295 0.133 0.625 0.719
168.400 11 0.295 0.133 0.623 0.717
168.440 11 0.306 0.136 0.631 0.714
168.480 11 0.298 0.133 0.627 0.714
168.520 11 0.306 0.131 0.636 0.714
168.560 11 0.298 0.125 0.630 0.714
168.600 11 0.309 0.125 0.639 0.714
168.640 11 0.302 0.122 0.634 0.714
173.080 12 0.298 0.047 0.650 0.672
173.120 12 0.292 0.039 0.647 0.672
173.160 12 0.314 0.044 0.662 0.664
173.200 12 0.317 0.044 0.658 0.650
173.240 12 0.328 0.050 0.670 0.656
173.280 12 0.322 0.036 0.670 0.656
173.320 12 0.334 0.042 0.681 0.656
173.360 12 0.336 0.042 0.684 0.658
173.400 12 0.336 0.036 0.688 0.661
173.440 12 0.336 0.036 0.689 0.664
173.480 12 0.336 0.039 0.689 0.667
173.520 12 0.344 0.044 0.694 0.667
173.560 12 0.333 0.044 0.684 0.667
173.600 12 0.333 0.044 0.681 0.664
173.640 12 0.333 0.047 0.678 0.661
173.680 12 0.333 0.047 0.677 0.658
173.720 12 0.331 0.047 0.670 0.650
173.760 12 0.338 0.044 0.686 0.664
173.800 12 0.322 0.044 0.670 0.664
173.840 12 0.330 0.042 0.680 0.664
173.880 12 0.328 0.033 0.691 0.681
173.920 12 0.339 0.039 0.688 0.661
173.960 12 0.323 0.044 0.670 0.658
174.000 12 0.331 0.042 0.680 0.661
174.040 12 0.347 0.033 0.689 0.642
174.080 12 0.344 0.042 0.681 0.642
174.120 12 0.345 0.042 0.684 0.644
174.160 12 0.348 0.044 0.686 0.647
174.200 12 0.344 0.047 0.683 0.650
174.240 12 0.344 0.050 0.683 0.653
174.280 12 0.342 0.050 0.681 0.656
174.320 12 0.341 0.053 0.681 0.658
174.360 12 0.341 0.058 0.680 0.658
174.400 12 0.342 0.061 0.678 0.658
174.440 12 0.341 0.064 0.673 0.653
174.480 12 0.352 0.061 0.681 0.647
174.520 12 0.345 0.056 0.678 0.644
174.560 12 0.359 0.058 0.688 0.642
174.600 12 0.353 0.058 0.686 0.647
174.640 12 0.356 0.058 0.691 0.653
174.680 12 0.353 0.050 0.695 0.656
174.720 12 0.361 0.053 0.695 0.647
174.760 12 0.364 0.047 0.698 0.642
174.800 12 0.372 0.050 0.702 0.639
174.840 12 0.375 0.056 0.703 0.639
174.880 12 0.380 0.067 0.705 0.642
174.920 12 0.370 0.067 0.698 0.650
174.960 12 0.380 0.075 0.702 0.647
175.000 12 0.370 0.042 0.719 0.661
175.040 12 0.372 0.044 0.719 0.661
175.080 12 0.372 0.047 0.719 0.664
175.120 12 0.362 0.056 0.709 0.672
175.160 12 0.367 0.067 0.714 0.681
175.200 12 0.358 0.075 0.702 0.686
175.240 12 0.362 0.081 0.706 0.692
175.280 12 0.350 0.081 0.695 0.694
175.320 12 0.358 0.081 0.702 0.692
175.360 12 0.350 0.081 0.694 0.692
175.400 12 0.358 0.086 0.698 0.692
175.440 12 0.345 0.086 0.692 0.703
175.480 12 0.355 0.097 0.697 0.706
197.360 13 0.245 0.189 0.444 0.542
197.400 13 0.252 0.189 0.452 0.542
197.440 13 0.256 0.192 0.455 0.544
197.480 13 0.250 0.189 0.447 0.539
197.520 13 0.259 0.186 0.458 0.539
197.560 13 0.250 0.183 0.448 0.536
197.600 13 0.261 0.186 0.459 0.539
197.640 13 0.252 0.186 0.450 0.539
197.680 13 0.255 0.183 0.458 0.544
197.720 13 0.256 0.183 0.458 0.542
197.760 13 0.256 0.183 0.458 0.542
197.800 13 0.256 0.183 0.458 0.542
197.840 13 0.256 0.183 0.458 0.542
197.880 13 0.263 0.189 0.461 0.539
197.920 13 0.255 0.186 0.452 0.536
197.960 13 0.258 0.183 0.459 0.542
198.000 13 0.258 0.183 0.459 0.542
198.040 13 0.255 0.181 0.455 0.536
198.080 13 0.258 0.186 0.455 0.533
198.120 13 0.253 0.181 0.453 0.536
198.160 13 0.258 0.181 0.458 0.536
198.200 13 0.255 0.181 0.455 0.536
198.240 13 0.256 0.186 0.453 0.536
198.280 13 0.255 0.183 0.455 0.539
198.320 13 0.255 0.186 0.453 0.536
198.360 13 0.253 0.186 0.453 0.539
198.400 13 0.252 0.186 0.450 0.539
198.440 13 0.255 0.186 0.455 0.542
198.480 13 0.250 0.189 0.448 0.542
198.520 13 0.252 0.186 0.452 0.542
198.560 13 0.248 0.189 0.447 0.542
198.600 13 0.248 0.186 0.448 0.542
198.640 13 0.248 0.186 0.448 0.542
198.680 13 0.250 0.186 0.450 0.542
198.720 13 0.245 0.189 0.444 0.539
198.760 13 0.247 0.192 0.445 0.544
198.800 13 0.244 0.189 0.444 0.544
198.840 13 0.247 0.192 0.444 0.542
198.880 13 0.244 0.189 0.444 0.547
198.920 13 0.242 0.189 0.444 0.547
198.960 13 0.241 0.189 0.442 0.547
199.000 13 0.236 0.183 0.438 0.542
199.040 13 0.231 0.186 0.434 0.544
199.080 13 0.233 0.186 0.434 0.544
199.120 13 0.231 0.186 0.433 0.544
199.160 13 0.231 0.186 0.433 0.544
199.200 13 0.225 0.183 0.427 0.544
199.240 13 0.225 0.186 0.427 0.544
199.280 13 0.223 0.186 0.423 0.542
199.320 13 0.225 0.186 0.423 0.542
199.360 13 0.217 0.186 0.419 0.542
199.400 13 0.220 0.186 0.422 0.547
199.440 13 0.214 0.186 0.416 0.544
199.480 13 0.216 0.186 0.419 0.547
199.520 13 0.211 0.183 0.412 0.542
199.560 13 0.214 0.183 0.416 0.544
199.600 13 0.209 0.181 0.411 0.542
199.640 13 0.211 0.181 0.414 0.542
199.680 13 0.206 0.178 0.409 0.539
199.720 13 0.209 0.178 0.411 0.539
199.760 13 0.206 0.178 0.409 0.539
199.800 13 0.206 0.178 0.409 0.539
199.840 13 0.208 0.178 0.411 0.539
199.880 13 0.208 0.178 0.411 0.539
199.920 13 0.209 0.178 0.412 0.539
199.960 13 0.211 0.178 0.414 0.539
200.000 13 0.214 0.183 0.416 0.542
200.040 13 0.216 0.181 0.420 0.544
200.080 13 0.217 0.181 0.422 0.544
200.120 13 0.219 0.183 0.423 0.544
200.160 13 0.220 0.181 0.425 0.544
200.200 13 0.222 0.181 0.427 0.544
200.240 13 0.228 0.183 0.433 0.547
200.280 13 0.223 0.181 0.427 0.544
200.320 13 0.230 0.181 0.433 0.544
200.360 13 0.228 0.183 0.431 0.544
200.400 13 0.230 0.183 0.433 0.544
200.440 13 0.231 0.186 0.433 0.544
200.480 13 0.234 0.189 0.434 0.544
200.520 13 0.236 0.192 0.436 0.547
200.560 13 0.239 0.194 0.439 0.553
200.600 13 0.241 0.200 0.444 0.561
200.640 13 0.244 0.206 0.447 0.569
200.680 13 0.244 0.211 0.450 0.578
200.720 13 0.245 0.214 0.453 0.581
200.760 13 0.247 0.214 0.455 0.586
200.800 13 0.248 0.217 0.456 0.586
200.840 13 0.250 0.217 0.458 0.586
200.880 13 0.253 0.214 0.463 0.586
200.920 13 0.252 0.217 0.459 0.586
200.960 13 0.253 0.217 0.461 0.586
201.000 13 0.258 0.222 0.459 0.581
201.040 13 0.261 0.233 0.459 0.589
201.080 13 0.261 0.233 0.461 0.589
201.120 13 0.261 0.233 0.461 0.589
201.160 13 0.263 0.233 0.463 0.592
201.200 13 0.261 0.236 0.459 0.589
201.240 13 0.259 0.236 0.456 0.589
201.280 13 0.263 0.242 0.458 0.586
201.320 13 0.258 0.231 0.458 0.586
201.360 13 0.256 0.231 0.456 0.583
201.400 13 0.255 0.228 0.453 0.583
201.440 13 0.252 0.225 0.452 0.581
201.480 13 0.250 0.225 0.450 0.581
201.520 13 0.248 0.222 0.447 0.578
201.560 13 0.247 0.222 0.445 0.575
201.600 13 0.245 0.222 0.444 0.575
201.640 13 0.244 0.222 0.441 0.572
201.680 13 0.241 0.222 0.439 0.572
201.720 13 0.239 0.222 0.436 0.572
201.760 13 0.237 0.219 0.434 0.569
201.800 13 0.236 0.219 0.431 0.567
201.840 13 0.239 0.219 0.433 0.567
201.880 13 0.233 0.217 0.430 0.567
201.920 13 0.236 0.214 0.436 0.569
201.960 13 0.231 0.214 0.430 0.567
202.000 13 0.236 0.222 0.438 0.581
202.040 13 0.228 0.228 0.428 0.583
202.080 13 0.230 0.231 0.430 0.586
202.120 13 0.231 0.236 0.430 0.592
202.160 13 0.231 0.239 0.431 0.594
202.200 13 0.233 0.242 0.431 0.597
202.240 13 0.233 0.242 0.433 0.600
202.280 13 0.231 0.242 0.433 0.600
202.320 13 0.237 0.242 0.439 0.600
202.360 13 0.234 0.239 0.436 0.597
202.400 13 0.237 0.239 0.438 0.594
202.440 13 0.239 0.239 0.439 0.594
202.480 13 0.237 0.236 0.438 0.592
202.520 13 0.236 0.236 0.436 0.589
202.560 13 0.236 0.233 0.434 0.589
202.600 13 0.234 0.233 0.434 0.589
202.640 13 0.233 0.231 0.433 0.586
202.680 13 0.231 0.225 0.431 0.583
202.720 13 0.228 0.222 0.430 0.583
202.760 13 0.227 0.222 0.430 0.581
202.800 13 0.225 0.219 0.428 0.581
202.840 13 0.225 0.219 0.430 0.581
202.880 13 0.223 0.219 0.425 0.581
202.920 13 0.222 0.219 0.425 0.581
202.960 13 0.222 0.219 0.425 0.581
203.000 13 0.214 0.222 0.416 0.581
203.040 13 0.211 0.200 0.423 0.581
203.080 13 0.208 0.200 0.422 0.581
203.120 13 0.211 0.203 0.423 0.581
203.160 13 0.211 0.208 0.419 0.578
203.200 13 0.211 0.206 0.419 0.575
203.240 13 0.211 0.206 0.422 0.578
203.280 13 0.209 0.203 0.422 0.581
203.320 13 0.212 0.206 0.420 0.578
203.360 13 0.214 0.203 0.423 0.578
203.400 13 0.219 0.203 0.425 0.572
203.440 13 0.220 0.200 0.427 0.567
203.480 13 0.228 0.200 0.436 0.569
203.520 13 0.234 0.197 0.441 0.564
203.560 13 0.242 0.197 0.450 0.564
203.600 13 0.244 0.192 0.452 0.564
203.640 13 0.253 0.194 0.459 0.561
203.680 13 0.255 0.194 0.463 0.561
203.720 13 0.258 0.192 0.464 0.561
203.760 13 0.266 0.197 0.469 0.558
203.800 13 0.264 0.194 0.467 0.558
203.840 13 0.270 0.194 0.475 0.558
203.880 13 0.269 0.192 0.473 0.556
203.920 13 0.277 0.194 0.480 0.556
203.960 13 0.273 0.189 0.480 0.556
204.000 13 0.281 0.183 0.483 0.542
204.040 13 0.289 0.192 0.487 0.544
204.080 13 0.289 0.192 0.487 0.544
204.120 13 0.289 0.192 0.487 0.544
204.160 13 0.292 0.192 0.492 0.547
204.200 13 0.286 0.192 0.484 0.544
204.240 13 0.292 0.192 0.494 0.550
204.280 13 0.287 0.189 0.487 0.544
204.320 13 0.289 0.192 0.486 0.542
204.360 13 0.289 0.194 0.486 0.544
204.400 13 0.289 0.194 0.486 0.544
204.440 13 0.287 0.194 0.486 0.547
204.480 13 0.286 0.194 0.484 0.547
204.520 13 0.286 0.194 0.481 0.544
204.560 13 0.287 0.194 0.484 0.544
204.600 13 0.283 0.192 0.480 0.542
204.640 13 0.281 0.192 0.481 0.544
204.680 13 0.280 0.192 0.480 0.547
204.720 13 0.278 0.189 0.480 0.550
204.760 13 0.277 0.189 0.480 0.550
204.800 13 0.277 0.189 0.481 0.553
204.840 13 0.277 0.192 0.481 0.553
204.880 13 0.277 0.192 0.484 0.558
204.920 13 0.273 0.197 0.481 0.564
204.960 13 0.277 0.206 0.483 0.572
205.000 13 0.281 0.222 0.483 0.581
205.040 13 0.280 0.211 0.481 0.572
205.080 13 0.280 0.217 0.480 0.572
205.120 13 0.278 0.217 0.480 0.575
205.160 13 0.277 0.217 0.475 0.572
205.200 13 0.277 0.217 0.478 0.575
205.240 13 0.275 0.214 0.478 0.575
205.280 13 0.270 0.214 0.472 0.572
205.320 13 0.275 0.214 0.477 0.572
205.360 13 0.269 0.214 0.470 0.572
205.400 13 0.272 0.211 0.473 0.567
205.440 13 0.266 0.211 0.466 0.564
205.480 13 0.267 0.206 0.469 0.564
205.520 13 0.261 0.206 0.461 0.564
205.560 13 0.263 0.203 0.464 0.558
205.600 13 0.256 0.200 0.456 0.558
205.640 13 0.259 0.203 0.458 0.556
205.680 13 0.253 0.200 0.452 0.553
205.720 13 0.256 0.197 0.453 0.550
205.760 13 0.248 0.197 0.447 0.550
205.800 13 0.252 0.197 0.450 0.550
205.840 13 0.245 0.197 0.444 0.547
205.880 13 0.247 0.194 0.448 0.553
205.920 13 0.244 0.197 0.442 0.547
205.960 13 0.241 0.194 0.442 0.553
206.000 13 0.236 0.183 0.438 0.542
206.040 13 0.231 0.183 0.436 0.547
206.080 13 0.236 0.186 0.441 0.550
206.120 13 0.230 0.186 0.434 0.550
206.160 13 0.231 0.186 0.436 0.550
206.200 13 0.231 0.189 0.434 0.550
206.240 13 0.230 0.186 0.434 0.550
206.280 13 0.228 0.186 0.434 0.550
206.320 13 0.230 0.189 0.434 0.550
206.360 13 0.227 0.186 0.431 0.550
206.400 13 0.230 0.192 0.433 0.550
206.440 13 0.225 0.186 0.430 0.550
206.480 13 0.230 0.189 0.434 0.550
206.520 13 0.223 0.189 0.428 0.550
206.560 13 0.230 0.192 0.431 0.547
206.600 13 0.227 0.192 0.427 0.547
206.640 13 0.230 0.189 0.430 0.547
206.680 13 0.222 0.186 0.423 0.544
206.720 13 0.225 0.183 0.427 0.542
206.760 13 0.217 0.181 0.419 0.539
206.800 13 0.220 0.181 0.422 0.539
206.840 13 0.216 0.181 0.414 0.533
206.880 13 0.217 0.183 0.417 0.536
206.920 13 0.212 0.181 0.411 0.533
206.960 13 0.217 0.183 0.416 0.536
207.000 13 0.214 0.183 0.416 0.542
207.040 13 0.214 0.186 0.416 0.542
207.080 13 0.214 0.186 0.416 0.544
207.120 13 0.214 0.189 0.416 0.544
207.160 13 0.214 0.189 0.416 0.547
207.200 13 0.214 0.189 0.417 0.553
207.240 13 0.214 0.192 0.417 0.553
207.280 13 0.216 0.186 0.427 0.558
207.320 13 0.214 0.192 0.414 0.547
207.360 13 0.220 0.192 0.427 0.556
207.400 13 0.216 0.192 0.419 0.553
207.440 13 0.219 0.194 0.422 0.556
207.480 13 0.220 0.194 0.423 0.556
207.520 13 0.220 0.194 0.425 0.558
207.560 13 0.220 0.194 0.427 0.561
207.600 13 0.227 0.194 0.434 0.561
207.640 13 0.220 0.186 0.447 0.586
207.680 13 0.219 0.186 0.444 0.586
207.720 13 0.234 0.194 0.453 0.583
207.760 13 0.242 0.200 0.456 0.581
207.800 13 0.255 0.206 0.466 0.578
207.840 13 0.259 0.208 0.469 0.583
207.880 13 0.267 0.211 0.475 0.583
207.920 13 0.267 0.211 0.475 0.581
207.960 13 0.275 0.211 0.480 0.575
208.000 13 0.281 0.222 0.483 0.581
208.040 13 0.280 0.214 0.489 0.586
208.080 13 0.284 0.208 0.497 0.586
208.120 13 0.292 0.214 0.495 0.575
208.160 13 0.302 0.219 0.503 0.578
208.200 13 0.303 0.217 0.503 0.575
208.240 13 0.305 0.219 0.506 0.578
208.280 13 0.305 0.219 0.506 0.578
208.320 13 0.312 0.222 0.512 0.578
208.360 13 0.311 0.219 0.511 0.575
208.400 13 0.311 0.219 0.512 0.578
208.440 13 0.314 0.222 0.514 0.581
208.480 13 0.316 0.228 0.516 0.583
208.520 13 0.316 0.233 0.517 0.589
208.560 13 0.317 0.242 0.519 0.597
208.600 13 0.312 0.250 0.514 0.608
208.640 13 0.317 0.256 0.519 0.614
208.680 13 0.309 0.253 0.516 0.619
208.720 13 0.312 0.253 0.517 0.617
208.760 13 0.305 0.250 0.509 0.614
208.800 13 0.306 0.250 0.511 0.614
208.840 13 0.300 0.250 0.503 0.611
208.880 13 0.297 0.244 0.502 0.608
208.920 13 0.292 0.239 0.497 0.603
208.960 13 0.283 0.228 0.489 0.594
209.000 13 0.281 0.222 0.483 0.581
209.040 13 0.275 0.214 0.472 0.564
209.080 13 0.269 0.206 0.466 0.556
209.120 13 0.261 0.200 0.459 0.553
209.160 13 0.255 0.197 0.453 0.553
209.200 13 0.252 0.197 0.452 0.553
209.240 13 0.244 0.197 0.445 0.553
209.280 13 0.239 0.200 0.438 0.553
209.320 13 0.241 0.200 0.441 0.556
209.360 13 0.234 0.200 0.433 0.553
209.400 13 0.236 0.200 0.436 0.556
209.440 13 0.231 0.200 0.430 0.556
209.480 13 0.234 0.203 0.434 0.558
209.520 13 0.230 0.203 0.428 0.556
209.560 13 0.230 0.203 0.430 0.558
209.600 13 0.231 0.200 0.433 0.558
209.640 13 0.223 0.194 0.427 0.556
209.680 13 0.223 0.186 0.431 0.556
209.720 13 0.217 0.186 0.427 0.558
209.760 13 0.211 0.181 0.422 0.556
209.800 13 0.208 0.181 0.419 0.556
209.840 13 0.206 0.178 0.419 0.556
209.880 13 0.209 0.181 0.420 0.553
209.920 13 0.206 0.181 0.416 0.553
209.960 13 0.211 0.178 0.422 0.556
210.000 13 0.214 0.183 0.416 0.542
210.040 13 0.208 0.192 0.414 0.556
210.080 13 0.212 0.192 0.417 0.556
210.120 13 0.209 0.194 0.414 0.558
210.160 13 0.214 0.194 0.420 0.564
210.200 13 0.212 0.197 0.417 0.561
210.240 13 0.222 0.203 0.422 0.558
210.280 13 0.220 0.197 0.422 0.556
210.320 13 0.228 0.200 0.428 0.556
210.360 13 0.231 0.200 0.431 0.556
210.400 13 0.231 0.203 0.431 0.561
210.440 13 0.237 0.211 0.438 0.567
210.480 13 0.237 0.214 0.438 0.569
210.520 13 0.245 0.217 0.444 0.569
210.560 13 0.244 0.219 0.438 0.561
210.600 13 0.252 0.217 0.447 0.567
210.640 13 0.245 0.217 0.439 0.561
210.680 13 0.252 0.214 0.448 0.567
210.720 13 0.242 0.214 0.439 0.567
210.760 13 0.250 0.219 0.445 0.567
210.800 13 0.244 0.217 0.439 0.564
210.840 13 0.248 0.217 0.444 0.564
210.880 13 0.245 0.217 0.442 0.567
210.920 13 0.244 0.217 0.441 0.564
210.960 13 0.244 0.217 0.441 0.564
211.000 13 0.236 0.222 0.438 0.581
211.040 13 0.230 0.203 0.436 0.569
211.080 13 0.233 0.206 0.436 0.567
211.120 13 0.228 0.203 0.434 0.569
211.160 13 0.231 0.203 0.436 0.567
211.200 13 0.225 0.197 0.430 0.561
211.240 13 0.227 0.194 0.431 0.558
211.280 13 0.219 0.189 0.425 0.558
211.320 13 0.223 0.192 0.428 0.556
211.360 13 0.214 0.189 0.419 0.553
211.400 13 0.217 0.194 0.420 0.556
211.440 13 0.211 0.194 0.412 0.553
211.480 13 0.212 0.194 0.414 0.553
211.520 13 0.208 0.197 0.408 0.553
211.560 13 0.211 0.200 0.412 0.558
211.600 13 0.206 0.200 0.408 0.558
211.640 13 0.212 0.203 0.411 0.556
211.680 13 0.209 0.200 0.409 0.556
211.720 13 0.208 0.200 0.409 0.558
211.760 13 0.214 0.200 0.414 0.556
211.800 13 0.211 0.200 0.409 0.556
211.840 13 0.212 0.200 0.414 0.556
211.880 13 0.211 0.200 0.411 0.556
211.920 13 0.214 0.200 0.416 0.558
211.960 13 0.212 0.200 0.412 0.556
212.000 13 0.214 0.183 0.416 0.542
212.040 13 0.217 0.194 0.416 0.547
212.080 13 0.217 0.194 0.417 0.550
212.120 13 0.217 0.194 0.419 0.550
212.160 13 0.219 0.194 0.419 0.550
212.200 13 0.219 0.194 0.419 0.550
212.240 13 0.220 0.197 0.420 0.553
212.280 13 0.220 0.200 0.420 0.556
212.320 13 0.222 0.206 0.422 0.558
212.360 13 0.222 0.208 0.422 0.564
212.400 13 0.223 0.211 0.425 0.569
212.440 13 0.222 0.214 0.422 0.569
212.480 13 0.227 0.211 0.427 0.567
212.520 13 0.223 0.206 0.423 0.561
212.560 13 0.230 0.200 0.431 0.558
212.600 13 0.225 0.197 0.427 0.553
212.640 13 0.230 0.197 0.431 0.556
212.680 13 0.230 0.197 0.430 0.553
212.720 13 0.228 0.200 0.428 0.556
212.760 13 0.230 0.197 0.433 0.558
212.800 13 0.231 0.197 0.433 0.556
212.840 13 0.230 0.192 0.436 0.558
212.880 13 0.231 0.194 0.436 0.558
212.920 13 0.233 0.197 0.438 0.561
212.960 13 0.233 0.206 0.438 0.569
213.000 13 0.236 0.222 0.438 0.581
213.040 13 0.234 0.231 0.436 0.589
213.080 13 0.236 0.231 0.441 0.594
213.120 13 0.236 0.219 0.441 0.583
213.160 13 0.231 0.214 0.434 0.575
213.200 13 0.234 0.208 0.438 0.569
213.240 13 0.231 0.208 0.434 0.569
213.280 13 0.234 0.211 0.436 0.572
213.320 13 0.236 0.217 0.439 0.578
213.360 13 0.231 0.222 0.434 0.583
213.400 13 0.233 0.222 0.439 0.589
213.440 13 0.231 0.222 0.434 0.583
213.480 13 0.234 0.217 0.438 0.578
213.520 13 0.230 0.211 0.433 0.569
213.560 13 0.234 0.206 0.438 0.569
213.600 13 0.233 0.208 0.434 0.567
213.640 13 0.231 0.214 0.434 0.572
213.680 13 0.236 0.219 0.439 0.581
213.720 13 0.233 0.222 0.439 0.592
213.760 13 0.231 0.222 0.438 0.589
213.800 13 0.236 0.222 0.439 0.583
213.840 13 0.234 0.217 0.438 0.578
213.880 13 0.234 0.211 0.438 0.572
213.920 13 0.236 0.208 0.441 0.572
213.960 13 0.233 0.206 0.439 0.572
214.000 13 0.236 0.222 0.438 0.581
214.040 13 0.236 0.208 0.441 0.569
214.080 13 0.236 0.211 0.439 0.572
214.120 13 0.234 0.208 0.438 0.569
214.160 13 0.237 0.203 0.442 0.567
214.200 13 0.231 0.203 0.436 0.567
214.240 13 0.236 0.200 0.442 0.569
214.280 13 0.231 0.200 0.436 0.564
214.320 13 0.234 0.200 0.439 0.564
214.360 13 0.228 0.200 0.433 0.564
214.400 13 0.230 0.200 0.438 0.569
214.440 13 0.225 0.200 0.431 0.567
214.480 13 0.228 0.203 0.436 0.569
214.520 13 0.223 0.203 0.430 0.572
214.560 13 0.228 0.206 0.434 0.572
214.600 13 0.227 0.203 0.428 0.564
214.640 13 0.230 0.200 0.434 0.564
214.680 13 0.227 0.197 0.433 0.564
214.720 13 0.228 0.200 0.434 0.564
214.760 13 0.230 0.203 0.434 0.564
214.800 13 0.231 0.206 0.434 0.567
214.840 13 0.233 0.208 0.434 0.569
214.880 13 0.233 0.208 0.434 0.569
214.920 13 0.236 0.208 0.436 0.567
214.960 13 0.231 0.206 0.433 0.564
215.000 13 0.236 0.183 0.438 0.542
215.040 13 0.241 0.181 0.442 0.539
215.080 13 0.237 0.181 0.438 0.536
215.120 13 0.237 0.181 0.438 0.536
215.160 13 0.237 0.183 0.439 0.542
215.200 13 0.234 0.189 0.433 0.542
215.240 13 0.236 0.186 0.438 0.544
215.280 13 0.236 0.186 0.438 0.544
215.320 13 0.236 0.183 0.438 0.542
215.360 13 0.236 0.183 0.438 0.542
215.400 13 0.236 0.183 0.438 0.544
215.440 13 0.230 0.183 0.431 0.544
215.480 13 0.234 0.186 0.436 0.544
215.520 13 0.230 0.186 0.431 0.544
225.080 14 0.287 0.153 0.406 0.364
225.120 14 0.287 0.150 0.406 0.361
225.160 14 0.284 0.147 0.405 0.361
225.200 14 0.287 0.147 0.406 0.358
225.240 14 0.284 0.142 0.405 0.358
225.280 14 0.289 0.142 0.408 0.356
225.320 14 0.286 0.139 0.406 0.353
225.360 14 0.291 0.142 0.408 0.350
225.400 14 0.291 0.139 0.408 0.347
225.440 14 0.286 0.131 0.406 0.344
225.480 14 0.294 0.136 0.412 0.344
225.520 14 0.292 0.136 0.409 0.344
225.560 14 0.294 0.136 0.412 0.347
225.600 14 0.291 0.139 0.408 0.347
225.640 14 0.292 0.136 0.412 0.350
225.680 14 0.291 0.139 0.408 0.347
225.720 14 0.292 0.139 0.411 0.350
225.760 14 0.291 0.142 0.408 0.350
225.800 14 0.291 0.142 0.408 0.353
225.840 14 0.289 0.144 0.408 0.356
225.880 14 0.289 0.142 0.412 0.361
225.920 14 0.286 0.144 0.408 0.358
225.960 14 0.292 0.147 0.411 0.358
226.000 14 0.291 0.150 0.408 0.358
226.040 14 0.292 0.153 0.409 0.361
226.080 14 0.292 0.153 0.409 0.361
226.120 14 0.294 0.153 0.411 0.361
226.160 14 0.291 0.153 0.408 0.361
226.200 14 0.292 0.150 0.411 0.361
226.240 14 0.292 0.150 0.408 0.358
226.280 14 0.292 0.153 0.408 0.358
226.320 14 0.292 0.153 0.406 0.358
226.360 14 0.291 0.153 0.406 0.358
226.400 14 0.291 0.156 0.406 0.358
226.440 14 0.291 0.153 0.406 0.361
226.480 14 0.289 0.153 0.408 0.364
226.520 14 0.286 0.150 0.406 0.367
226.560 14 0.291 0.150 0.412 0.367
226.600 14 0.283 0.147 0.406 0.367
226.640 14 0.289 0.150 0.411 0.364
226.680 14 0.286 0.144 0.408 0.364
226.720 14 0.291 0.147 0.412 0.361
226.760 14 0.286 0.144 0.408 0.361
226.800 14 0.291 0.144 0.411 0.358
226.840 14 0.286 0.144 0.406 0.358
226.880 14 0.289 0.144 0.412 0.361
226.920 14 0.289 0.147 0.408 0.356
226.960 14 0.289 0.144 0.409 0.358
227.000 14 0.291 0.150 0.408 0.358
227.040 14 0.291 0.150 0.408 0.358
227.080 14 0.291 0.150 0.408 0.358
227.120 14 0.291 0.150 0.408 0.358
229.440 15 0.284 0.808 0.364 0.953
229.480 15 0.287 0.814 0.364 0.950
229.520 15 0.283 0.811 0.359 0.947
229.560 15 0.287 0.814 0.364 0.950
229.600 15 0.283 0.811 0.359 0.947
229.640 15 0.287 0.814 0.364 0.947
229.680 15 0.283 0.808 0.364 0.953
229.720 15 0.287 0.814 0.362 0.950
229.760 15 0.283 0.811 0.359 0.947
229.800 15 0.287 0.814 0.364 0.947
229.840 15 0.283 0.808 0.364 0.953
229.880 15 0.283 0.811 0.361 0.950
229.920 15 0.284 0.808 0.364 0.950
229.960 15 0.280 0.806 0.362 0.953
230.000 15 0.283 0.808 0.364 0.953
230.040 15 0.287 0.814 0.364 0.947
230.080 15 0.283 0.811 0.359 0.947
230.120 15 0.287 0.814 0.362 0.947
230.160 15 0.283 0.811 0.359 0.947
230.200 15 0.287 0.814 0.362 0.947
230.240 15 0.283 0.808 0.364 0.953
230.280 15 0.283 0.808 0.364 0.953
230.320 15 0.283 0.808 0.364 0.953
230.360 15 0.283 0.808 0.364 0.953
230.400 15 0.283 0.806 0.364 0.950
230.440 15 0.284 0.806 0.366 0.950
230.480 15 0.280 0.806 0.362 0.950
230.520 15 0.284 0.808 0.364 0.950
230.560 15 0.283 0.806 0.362 0.950
230.600 15 0.284 0.806 0.366 0.950
230.640 15 0.283 0.806 0.364 0.950
230.680 15 0.284 0.806 0.366 0.947
230.720 15 0.283 0.806 0.364 0.947
230.760 15 0.283 0.806 0.364 0.947
230.800 15 0.283 0.803 0.364 0.947
230.840 15 0.284 0.803 0.366 0.947
230.880 15 0.283 0.803 0.364 0.947
230.920 15 0.284 0.803 0.366 0.944
230.960 15 0.283 0.803 0.364 0.944
231.000 15 0.283 0.803 0.364 0.944
231.040 15 0.283 0.803 0.364 0.944
231.080 15 0.284 0.800 0.366 0.944
231.120 15 0.283 0.800 0.364 0.944
231.160 15 0.283 0.800 0.364 0.944
231.200 15 0.284 0.800 0.366 0.944
231.240 15 0.283 0.800 0.364 0.942
231.280 15 0.283 0.800 0.364 0.942
231.320 15 0.283 0.800 0.364 0.942
231.360 15 0.283 0.800 0.364 0.942
231.400 15 0.283 0.800 0.364 0.942
231.440 15 0.283 0.800 0.364 0.942
231.480 15 0.283 0.797 0.364 0.942
231.520 15 0.283 0.797 0.364 0.942
231.560 15 0.283 0.797 0.364 0.942
231.600 15 0.283 0.797 0.364 0.942
231.640 15 0.284 0.800 0.366 0.942
238.360 16 0.298 0.147 0.414 0.356
238.400 16 0.298 0.147 0.416 0.356
238.440 16 0.297 0.147 0.412 0.356
238.480 16 0.300 0.147 0.416 0.356
238.520 16 0.297 0.144 0.416 0.356
238.560 16 0.302 0.144 0.419 0.356
238.600 16 0.298 0.139 0.419 0.356
238.640 16 0.303 0.142 0.420 0.353
238.680 16 0.303 0.144 0.420 0.356
238.720 16 0.303 0.142 0.425 0.358
238.760 16 0.300 0.144 0.420 0.364
238.800 16 0.305 0.147 0.425 0.364
238.840 16 0.305 0.153 0.420 0.361
238.880 16 0.305 0.153 0.420 0.361
238.920 16 0.305 0.150 0.420 0.358
238.960 16 0.305 0.150 0.420 0.358
239.000 16 0.305 0.150 0.420 0.358
239.040 16 0.303 0.153 0.419 0.358
239.080 16 0.303 0.153 0.417 0.358
239.120 16 0.302 0.153 0.417 0.358
239.160 16 0.302 0.150 0.417 0.358
239.200 16 0.298 0.150 0.416 0.358
239.240 16 0.300 0.150 0.417 0.358
239.280 16 0.298 0.150 0.414 0.358
239.320 16 0.300 0.150 0.417 0.361
239.360 16 0.297 0.153 0.412 0.358
239.400 16 0.300 0.153 0.417 0.361
239.440 16 0.298 0.153 0.414 0.361
239.480 16 0.297 0.150 0.414 0.358
239.520 16 0.297 0.150 0.414 0.358
239.560 16 0.297 0.150 0.414 0.358
239.600 16 0.297 0.147 0.412 0.356
239.640 16 0.297 0.147 0.412 0.353
239.680 16 0.297 0.142 0.416 0.353
239.720 16 0.294 0.139 0.411 0.350
239.760 16 0.298 0.142 0.414 0.350
239.800 16 0.297 0.144 0.411 0.347
239.840 16 0.295 0.144 0.409 0.347
239.880 16 0.294 0.144 0.409 0.353
239.920 16 0.292 0.147 0.409 0.356
239.960 16 0.295 0.150 0.409 0.356
240.000 16 0.291 0.150 0.408 0.358
240.040 16 0.287 0.150 0.408 0.364
240.080 16 0.291 0.153 0.408 0.364
240.120 16 0.291 0.153 0.408 0.364
240.160 16 0.291 0.156 0.408 0.364
240.200 16 0.291 0.156 0.409 0.364
240.240 16 0.294 0.158 0.409 0.364
240.280 16 0.289 0.156 0.409 0.367
240.320 16 0.292 0.156 0.409 0.364
240.360 16 0.294 0.156 0.409 0.361
240.400 16 0.292 0.153 0.409 0.361
240.440 16 0.292 0.150 0.409 0.358
240.480 16 0.291 0.147 0.408 0.358
240.520 16 0.292 0.147 0.408 0.356
240.560 16 0.292 0.147 0.406 0.350
240.600 16 0.295 0.147 0.408 0.350
240.640 16 0.292 0.147 0.408 0.353
240.680 16 0.291 0.147 0.405 0.350
240.720 16 0.295 0.150 0.408 0.350
240.760 16 0.291 0.150 0.405 0.353
240.800 16 0.294 0.150 0.408 0.356
240.840 16 0.291 0.150 0.406 0.356
240.880 16 0.291 0.150 0.408 0.358
240.920 16 0.291 0.150 0.405 0.356
240.960 16 0.292 0.150 0.408 0.358
241.000 16 0.291 0.150 0.408 0.358
241.040 16 0.287 0.147 0.417 0.378
241.080 16 0.289 0.150 0.417 0.375
241.120 16 0.287 0.147 0.417 0.378
241.160 16 0.287 0.147 0.417 0.378
241.200 16 0.286 0.144 0.416 0.378
241.240 16 0.287 0.147 0.417 0.378
241.280 16 0.287 0.144 0.420 0.381
241.320 16 0.286 0.144 0.419 0.381
241.360 16 0.284 0.144 0.417 0.381
241.400 16 0.289 0.147 0.420 0.378
241.440 16 0.286 0.144 0.419 0.381
241.480 16 0.289 0.144 0.422 0.381
241.520 16 0.286 0.142 0.419 0.381
241.560 16 0.289 0.144 0.422 0.381
241.600 16 0.287 0.147 0.420 0.381
241.640 16 0.289 0.150 0.420 0.381
241.680 16 0.291 0.150 0.420 0.381
241.720 16 0.291 0.150 0.420 0.381
241.760 16 0.291 0.150 0.420 0.381
241.800 16 0.291 0.150 0.420 0.381
241.840 16 0.292 0.153 0.420 0.381
241.880 16 0.292 0.153 0.420 0.381
241.920 16 0.294 0.156 0.420 0.381
241.960 16 0.292 0.153 0.423 0.386
242.000 16 0.287 0.153 0.428 0.403
242.040 16 0.291 0.156 0.419 0.383
242.080 16 0.294 0.158 0.420 0.381
242.120 16 0.292 0.156 0.420 0.383
242.160 16 0.291 0.156 0.419 0.383
242.200 16 0.291 0.158 0.416 0.381
242.240 16 0.294 0.158 0.419 0.381
242.280 16 0.291 0.156 0.419 0.383
242.320 16 0.292 0.158 0.416 0.381
242.360 16 0.292 0.158 0.417 0.381
242.400 16 0.291 0.156 0.416 0.381
242.440 16 0.289 0.156 0.417 0.381
242.480 16 0.292 0.156 0.419 0.381
242.520 16 0.289 0.153 0.416 0.381
242.560 16 0.292 0.156 0.419 0.378
242.600 16 0.289 0.153 0.414 0.375
242.640 16 0.291 0.150 0.417 0.375
242.680 16 0.289 0.147 0.417 0.375
242.720 16 0.287 0.144 0.417 0.375
242.760 16 0.287 0.144 0.417 0.375
242.800 16 0.287 0.144 0.417 0.375
242.840 16 0.289 0.150 0.414 0.369
242.880 16 0.286 0.144 0.416 0.375
242.920 16 0.287 0.147 0.416 0.378
242.960 16 0.287 0.147 0.416 0.378
243.000 16 0.291 0.150 0.408 0.358
243.040 16 0.292 0.150 0.409 0.361
243.080 16 0.291 0.150 0.409 0.358
243.120 16 0.294 0.150 0.412 0.361
243.160 16 0.291 0.147 0.409 0.358
243.200 16 0.291 0.144 0.409 0.356
243.240 16 0.292 0.147 0.411 0.356
243.280 16 0.292 0.147 0.409 0.356
243.320 16 0.292 0.144 0.411 0.358
243.360 16 0.291 0.150 0.406 0.356
243.400 16 0.294 0.150 0.409 0.356
243.440 16 0.289 0.150 0.406 0.358
243.480 16 0.292 0.150 0.411 0.361
243.520 16 0.291 0.156 0.406 0.358
243.560 16 0.292 0.156 0.408 0.361
243.600 16 0.291 0.153 0.408 0.361
243.640 16 0.291 0.153 0.406 0.358
243.680 16 0.289 0.150 0.406 0.358
243.720 16 0.289 0.150 0.406 0.356
243.760 16 0.289 0.147 0.406 0.356
243.800 16 0.289 0.147 0.406 0.353
243.840 16 0.289 0.144 0.406 0.353
243.880 16 0.289 0.144 0.406 0.353
243.920 16 0.289 0.144 0.406 0.353
243.960 16 0.289 0.147 0.406 0.356
244.000 16 0.291 0.150 0.408 0.358
244.040 16 0.291 0.153 0.409 0.364
244.080 16 0.291 0.156 0.411 0.369
244.120 16 0.289 0.156 0.408 0.367
244.160 16 0.294 0.158 0.409 0.364
244.200 16 0.292 0.156 0.409 0.364
244.240 16 0.292 0.156 0.409 0.364
244.280 16 0.292 0.156 0.409 0.364
244.320 16 0.292 0.153 0.409 0.364
244.360 16 0.292 0.153 0.409 0.361
244.400 16 0.294 0.153 0.409 0.358
244.440 16 0.292 0.150 0.409 0.361
244.480 16 0.291 0.150 0.408 0.358
244.520 16 0.291 0.150 0.409 0.361
244.560 16 0.291 0.147 0.411 0.361
244.600 16 0.287 0.144 0.408 0.358
244.640 16 0.291 0.147 0.411 0.358
244.680 16 0.287 0.144 0.408 0.358
244.720 16 0.291 0.147 0.411 0.361
244.760 16 0.287 0.144 0.408 0.358
244.800 16 0.291 0.150 0.408 0.358
244.840 16 0.289 0.150 0.408 0.358
244.880 16 0.291 0.150 0.408 0.356
244.920 16 0.291 0.153 0.406 0.356
244.960 16 0.289 0.150 0.406 0.358
245.000 16 0.291 0.150 0.408 0.358
245.040 16 0.291 0.144 0.412 0.361
245.080 16 0.287 0.144 0.409 0.358
245.120 16 0.292 0.150 0.409 0.358
245.160 16 0.292 0.153 0.409 0.358
245.200 16 0.294 0.153 0.409 0.361
245.240 16 0.294 0.156 0.409 0.361
245.280 16 0.294 0.150 0.416 0.367
245.320 16 0.287 0.150 0.409 0.364
245.360 16 0.294 0.150 0.412 0.364
245.400 16 0.294 0.150 0.411 0.358
245.440 16 0.298 0.156 0.411 0.356
245.480 16 0.295 0.153 0.409 0.356
261.960 17 0.287 0.258 0.478 0.600
262.000 17 0.287 0.258 0.478 0.597
262.040 17 0.289 0.261 0.481 0.603
262.080 17 0.283 0.258 0.475 0.597
262.120 17 0.292 0.258 0.483 0.597
262.160 17 0.287 0.258 0.478 0.600
262.200 17 0.287 0.261 0.481 0.606
262.240 17 0.283 0.258 0.475 0.600
262.280 17 0.287 0.258 0.480 0.600
262.320 17 0.287 0.256 0.478 0.597
262.360 17 0.287 0.256 0.478 0.594
262.400 17 0.286 0.256 0.477 0.592
262.440 17 0.286 0.253 0.475 0.589
262.480 17 0.289 0.253 0.478 0.589
262.520 17 0.283 0.253 0.473 0.592
262.560 17 0.286 0.253 0.477 0.592
262.600 17 0.283 0.253 0.472 0.589
262.640 17 0.283 0.256 0.472 0.592
262.680 17 0.283 0.256 0.472 0.592
262.720 17 0.283 0.256 0.473 0.594
262.760 17 0.284 0.256 0.473 0.594
262.800 17 0.284 0.258 0.475 0.597
262.840 17 0.284 0.261 0.475 0.597
262.880 17 0.284 0.261 0.475 0.600
262.920 17 0.284 0.261 0.477 0.603
262.960 17 0.284 0.261 0.477 0.603
263.000 17 0.284 0.264 0.477 0.606
263.040 17 0.284 0.264 0.478 0.606
263.080 17 0.286 0.264 0.478 0.606
263.120 17 0.283 0.267 0.472 0.603
263.160 17 0.286 0.264 0.478 0.606
263.200 17 0.286 0.264 0.478 0.603
263.240 17 0.287 0.264 0.480 0.603
263.280 17 0.287 0.261 0.480 0.603
263.320 17 0.287 0.264 0.480 0.603
263.360 17 0.289 0.264 0.480 0.606
263.400 17 0.289 0.264 0.481 0.606
263.440 17 0.291 0.264 0.481 0.606
263.480 17 0.291 0.264 0.481 0.606
263.520 17 0.291 0.267 0.483 0.606
263.560 17 0.294 0.269 0.484 0.608
263.600 17 0.284 0.261 0.481 0.611
263.640 17 0.287 0.258 0.487 0.614
263.680 17 0.286 0.256 0.494 0.625
263.720 17 0.283 0.258 0.483 0.614
263.760 17 0.292 0.258 0.492 0.617
263.800 17 0.281 0.256 0.481 0.611
263.840 17 0.292 0.258 0.494 0.617
263.880 17 0.287 0.261 0.487 0.614
263.920 17 0.289 0.261 0.491 0.619
263.960 17 0.283 0.261 0.484 0.619
264.000 17 0.281 0.261 0.483 0.619
264.040 17 0.281 0.253 0.497 0.636
264.080 17 0.292 0.244 0.509 0.631
264.120 17 0.281 0.236 0.506 0.636
264.160 17 0.287 0.233 0.516 0.639
264.200 17 0.275 0.228 0.503 0.636
264.240 17 0.278 0.231 0.509 0.642
264.280 17 0.281 0.236 0.511 0.644
264.320 17 0.286 0.242 0.511 0.642
264.360 17 0.291 0.247 0.512 0.642
264.400 17 0.303 0.250 0.525 0.644
264.440 17 0.308 0.256 0.528 0.647
264.480 17 0.327 0.261 0.545 0.650
264.520 17 0.331 0.264 0.548 0.650
264.440 18 0.305 0.261 0.512 0.631
264.480 18 0.317 0.264 0.525 0.633
264.520 18 0.328 0.267 0.536 0.636
264.560 18 0.339 0.269 0.547 0.639
264.600 18 0.342 0.272 0.548 0.642
264.640 18 0.352 0.278 0.558 0.642
264.680 18 0.356 0.283 0.559 0.644
264.720 18 0.359 0.286 0.561 0.644
264.760 18 0.362 0.292 0.561 0.644
264.800 18 0.366 0.297 0.562 0.647
264.840 18 0.369 0.300 0.564 0.650
264.880 18 0.370 0.303 0.566 0.650
264.920 18 0.372 0.303 0.567 0.650
264.960 18 0.373 0.303 0.567 0.650
265.000 18 0.373 0.303 0.569 0.650
265.040 18 0.373 0.306 0.569 0.650
265.080 18 0.378 0.306 0.572 0.650
265.120 18 0.373 0.306 0.567 0.653
265.160 18 0.373 0.308 0.567 0.653
265.200 18 0.375 0.308 0.567 0.650
265.240 18 0.380 0.311 0.570 0.653
265.280 18 0.375 0.314 0.566 0.650
265.320 18 0.380 0.314 0.569 0.650
265.360 18 0.375 0.314 0.564 0.650
265.400 18 0.377 0.317 0.566 0.653
265.440 18 0.380 0.317 0.569 0.656
265.480 18 0.375 0.319 0.564 0.656
265.520 18 0.378 0.322 0.567 0.658
265.560 18 0.373 0.325 0.562 0.658
265.600 18 0.377 0.331 0.564 0.664
265.640 18 0.372 0.328 0.558 0.661
265.680 18 0.378 0.325 0.569 0.664
265.720 18 0.372 0.325 0.564 0.667
265.760 18 0.372 0.325 0.562 0.664
265.800 18 0.369 0.322 0.562 0.667
265.840 18 0.369 0.322 0.564 0.667
265.880 18 0.359 0.319 0.556 0.669
265.920 18 0.355 0.317 0.552 0.667
265.960 18 0.350 0.308 0.552 0.664
266.000 18 0.348 0.303 0.550 0.661
266.040 18 0.345 0.297 0.550 0.661
266.080 18 0.344 0.292 0.550 0.658
266.120 18 0.342 0.286 0.550 0.653
266.160 18 0.342 0.281 0.548 0.647
266.200 18 0.341 0.278 0.547 0.644
266.240 18 0.345 0.278 0.550 0.642
266.280 18 0.341 0.275 0.545 0.639
266.320 18 0.342 0.272 0.547 0.636
266.360 18 0.342 0.269 0.547 0.633
266.400 18 0.341 0.267 0.545 0.631
266.440 18 0.344 0.267 0.547 0.628
266.480 18 0.342 0.261 0.550 0.631
266.520 18 0.342 0.258 0.550 0.628
266.560 18 0.342 0.250 0.553 0.628
266.600 18 0.344 0.250 0.555 0.625
266.640 18 0.339 0.250 0.548 0.622
266.680 18 0.344 0.253 0.550 0.619
266.720 18 0.344 0.253 0.550 0.619
266.760 18 0.341 0.253 0.547 0.619
266.800 18 0.347 0.253 0.552 0.619
266.840 18 0.344 0.253 0.548 0.619
266.880 18 0.344 0.256 0.547 0.619
266.920 18 0.348 0.256 0.553 0.619
266.960 18 0.344 0.256 0.548 0.619
267.000 18 0.348 0.261 0.550 0.619
267.040 18 0.348 0.253 0.559 0.628
267.080 18 0.338 0.250 0.550 0.628
267.120 18 0.348 0.250 0.561 0.628
267.160 18 0.342 0.253 0.552 0.622
267.200 18 0.348 0.261 0.552 0.622
267.240 18 0.348 0.261 0.552 0.619
267.280 18 0.348 0.250 0.555 0.617
267.320 18 0.350 0.250 0.556 0.617
267.360 18 0.345 0.253 0.547 0.611
267.400 18 0.348 0.258 0.547 0.614
267.440 18 0.344 0.267 0.541 0.617
267.480 18 0.339 0.272 0.534 0.619
267.520 18 0.338 0.275 0.531 0.622
267.560 18 0.333 0.275 0.527 0.619
267.600 18 0.331 0.275 0.525 0.619
267.640 18 0.328 0.275 0.522 0.617
267.680 18 0.331 0.275 0.523 0.617
267.720 18 0.328 0.272 0.523 0.617
267.760 18 0.327 0.269 0.520 0.614
267.800 18 0.325 0.267 0.520 0.617
267.840 18 0.320 0.267 0.516 0.614
267.880 18 0.316 0.269 0.508 0.614
267.920 18 0.317 0.272 0.511 0.617
267.960 18 0.311 0.272 0.503 0.614
268.000 18 0.311 0.272 0.503 0.614
268.040 18 0.314 0.275 0.505 0.614
268.080 18 0.314 0.275 0.505 0.614
268.120 18 0.312 0.275 0.505 0.617
268.160 18 0.312 0.278 0.503 0.617
268.200 18 0.314 0.281 0.503 0.619
268.240 18 0.314 0.283 0.503 0.622
268.280 18 0.316 0.286 0.506 0.625
268.320 18 0.314 0.286 0.503 0.625
268.360 18 0.311 0.286 0.502 0.625
268.400 18 0.312 0.286 0.503 0.625
268.440 18 0.311 0.286 0.502 0.625
268.480 18 0.309 0.283 0.500 0.622
268.520 18 0.314 0.286 0.503 0.622
268.560 18 0.308 0.283 0.498 0.622
268.600 18 0.311 0.283 0.500 0.619
268.640 18 0.312 0.283 0.502 0.619
268.680 18 0.308 0.283 0.497 0.619
268.720 18 0.314 0.286 0.502 0.622
268.760 18 0.308 0.292 0.495 0.622
268.800 18 0.314 0.294 0.502 0.628
268.840 18 0.312 0.294 0.500 0.631
268.880 18 0.322 0.297 0.509 0.631
268.920 18 0.327 0.297 0.514 0.631
268.960 18 0.333 0.306 0.520 0.636
269.000 18 0.338 0.314 0.523 0.647
269.040 18 0.338 0.325 0.523 0.653
269.080 18 0.334 0.328 0.522 0.661
269.120 18 0.330 0.328 0.516 0.661
269.160 18 0.327 0.328 0.512 0.658
269.200 18 0.316 0.328 0.500 0.656
269.240 18 0.306 0.328 0.491 0.656
269.280 18 0.300 0.328 0.484 0.653
269.320 18 0.298 0.328 0.483 0.653
269.360 18 0.303 0.322 0.491 0.658
269.400 18 0.305 0.322 0.494 0.661
269.440 18 0.308 0.319 0.495 0.656
269.480 18 0.311 0.317 0.498 0.650
269.520 18 0.317 0.311 0.500 0.639
269.560 18 0.322 0.306 0.506 0.633
269.600 18 0.328 0.308 0.512 0.636
269.640 18 0.325 0.311 0.509 0.639
269.680 18 0.328 0.317 0.511 0.642
269.720 18 0.325 0.314 0.509 0.642
269.760 18 0.323 0.314 0.506 0.639
269.800 18 0.320 0.308 0.503 0.636
269.840 18 0.314 0.303 0.498 0.631
269.880 18 0.312 0.297 0.497 0.625
269.920 18 0.302 0.292 0.487 0.619
269.960 18 0.297 0.289 0.481 0.617
270.000 18 0.281 0.261 0.483 0.619
270.040 18 0.275 0.258 0.481 0.625
270.080 18 0.270 0.258 0.475 0.622
270.120 18 0.269 0.256 0.472 0.619
270.160 18 0.269 0.258 0.470 0.617
270.200 18 0.272 0.258 0.470 0.614
270.240 18 0.273 0.258 0.473 0.614
270.280 18 0.278 0.261 0.475 0.611
270.320 18 0.284 0.261 0.481 0.608
270.360 18 0.289 0.261 0.484 0.608
270.400 18 0.297 0.264 0.492 0.611
270.440 18 0.303 0.258 0.500 0.608
270.480 18 0.308 0.261 0.502 0.608
270.520 18 0.306 0.261 0.500 0.606
270.560 18 0.312 0.264 0.506 0.608
270.600 18 0.305 0.264 0.498 0.608
270.640 18 0.314 0.269 0.505 0.608
270.680 18 0.305 0.264 0.498 0.608
270.720 18 0.311 0.264 0.505 0.608
270.760 18 0.306 0.264 0.500 0.611
270.800 18 0.311 0.267 0.503 0.608
270.840 18 0.305 0.264 0.500 0.611
270.880 18 0.306 0.264 0.502 0.611
270.920 18 0.303 0.264 0.498 0.611
270.960 18 0.306 0.264 0.502 0.611
271.000 18 0.303 0.261 0.505 0.619
271.040 18 0.295 0.261 0.497 0.619
271.080 18 0.298 0.258 0.500 0.619
271.120 18 0.292 0.258 0.494 0.617
271.160 18 0.294 0.258 0.497 0.619
271.200 18 0.291 0.258 0.492 0.617
271.240 18 0.292 0.258 0.494 0.617
271.280 18 0.287 0.258 0.489 0.617
271.320 18 0.287 0.258 0.487 0.614
271.360 18 0.286 0.258 0.487 0.617
271.400 18 0.284 0.261 0.486 0.617
271.440 18 0.283 0.261 0.486 0.619
271.480 18 0.284 0.264 0.484 0.619
271.520 18 0.281 0.261 0.484 0.622
271.560 18 0.281 0.261 0.484 0.622
271.600 18 0.283 0.264 0.484 0.622
271.640 18 0.283 0.264 0.484 0.622
271.680 18 0.281 0.267 0.483 0.622
271.720 18 0.284 0.264 0.486 0.622
271.760 18 0.286 0.267 0.486 0.622
271.800 18 0.284 0.264 0.487 0.622
271.840 18 0.286 0.264 0.486 0.622
271.880 18 0.286 0.264 0.487 0.622
271.920 18 0.286 0.264 0.487 0.619
271.960 18 0.287 0.261 0.491 0.622
272.000 18 0.283 0.261 0.487 0.625
272.040 18 0.284 0.264 0.489 0.625
272.080 18 0.287 0.261 0.491 0.625
272.120 18 0.284 0.261 0.486 0.622
272.160 18 0.291 0.264 0.492 0.622
272.200 18 0.281 0.264 0.483 0.622
272.240 18 0.284 0.261 0.491 0.628
272.280 18 0.284 0.261 0.486 0.619
272.320 18 0.287 0.264 0.489 0.622
272.360 18 0.283 0.264 0.484 0.622
272.400 18 0.286 0.264 0.486 0.622
272.440 18 0.287 0.267 0.484 0.617
272.480 18 0.286 0.264 0.487 0.619
272.520 18 0.286 0.267 0.484 0.619
272.560 18 0.292 0.267 0.489 0.619
272.600 18 0.284 0.264 0.483 0.617
272.640 18 0.291 0.267 0.491 0.622
272.680 18 0.284 0.264 0.487 0.625
272.720 18 0.281 0.258 0.487 0.625
272.760 18 0.286 0.256 0.491 0.619
272.800 18 0.281 0.253 0.484 0.614
272.840 18 0.287 0.256 0.489 0.614
272.880 18 0.287 0.258 0.484 0.611
272.920 18 0.281 0.253 0.486 0.617
272.960 18 0.287 0.256 0.491 0.619
273.000 18 0.281 0.261 0.483 0.619
273.040 18 0.277 0.264 0.477 0.617
273.080 18 0.287 0.267 0.484 0.617
273.120 18 0.283 0.264 0.477 0.608
273.160 18 0.281 0.264 0.483 0.619
273.200 18 0.281 0.264 0.483 0.622
273.240 18 0.281 0.264 0.484 0.622
273.280 18 0.281 0.264 0.484 0.622
273.320 18 0.283 0.264 0.486 0.625
273.360 18 0.289 0.261 0.492 0.625
