71.560 0 0.334 0.286 0.578 0.719
71.600 0 0.336 0.292 0.580 0.725
71.640 0 0.342 0.289 0.588 0.725
71.680 0 0.336 0.283 0.583 0.722
71.720 0 0.339 0.272 0.588 0.714
71.760 0 0.341 0.253 0.591 0.697
71.800 0 0.348 0.242 0.600 0.692
71.840 0 0.355 0.231 0.611 0.686
71.880 0 0.369 0.219 0.625 0.678
71.920 0 0.367 0.214 0.627 0.672
71.960 0 0.375 0.211 0.634 0.672
72.000 0 0.378 0.211 0.641 0.675
72.040 0 0.378 0.214 0.644 0.683
72.080 0 0.398 0.211 0.666 0.689
72.120 0 0.391 0.217 0.659 0.694
72.160 0 0.403 0.219 0.672 0.697
72.200 0 0.406 0.219 0.680 0.708
72.240 0 0.420 0.222 0.695 0.711
72.280 0 0.420 0.225 0.695 0.714
72.320 0 0.420 0.222 0.697 0.717
72.360 0 0.419 0.225 0.700 0.722
72.400 0 0.428 0.222 0.709 0.722
72.440 0 0.436 0.214 0.722 0.722
72.480 0 0.442 0.200 0.733 0.719
72.520 0 0.442 0.194 0.733 0.711
72.560 0 0.452 0.192 0.744 0.711
72.600 0 0.466 0.192 0.759 0.711
72.640 0 0.469 0.192 0.762 0.714
72.680 0 0.467 0.189 0.761 0.711
72.720 0 0.466 0.186 0.761 0.711
72.760 0 0.461 0.181 0.759 0.711
72.800 0 0.470 0.178 0.769 0.708
72.840 0 0.466 0.172 0.764 0.703
72.880 0 0.475 0.172 0.773 0.703
72.920 0 0.467 0.178 0.767 0.708
72.960 0 0.469 0.183 0.769 0.717
73.000 0 0.473 0.189 0.777 0.728
73.040 0 0.466 0.194 0.769 0.733
73.080 0 0.470 0.192 0.777 0.736
73.120 0 0.458 0.192 0.761 0.733
73.160 0 0.466 0.194 0.767 0.731
73.200 0 0.466 0.194 0.769 0.731
73.240 0 0.472 0.200 0.773 0.739
73.280 0 0.470 0.217 0.769 0.750
73.320 0 0.466 0.225 0.766 0.758
73.360 0 0.470 0.228 0.772 0.764
73.400 0 0.458 0.222 0.758 0.753
73.440 0 0.463 0.211 0.759 0.742
73.480 0 0.466 0.192 0.762 0.719
73.520 0 0.469 0.181 0.767 0.711
73.560 0 0.475 0.169 0.773 0.700
73.600 0 0.486 0.167 0.783 0.694
73.640 0 0.500 0.169 0.797 0.694
73.680 0 0.505 0.175 0.802 0.703
73.720 0 0.512 0.186 0.808 0.711
73.760 0 0.503 0.189 0.797 0.708
73.800 0 0.517 0.189 0.811 0.711
73.840 0 0.506 0.183 0.806 0.717
73.880 0 0.511 0.181 0.816 0.722
73.920 0 0.506 0.194 0.802 0.717
73.960 0 0.511 0.203 0.802 0.719
74.000 0 0.502 0.206 0.792 0.722
74.040 0 0.487 0.197 0.789 0.733
74.080 0 0.502 0.197 0.805 0.736
74.120 0 0.491 0.192 0.795 0.736
74.160 0 0.503 0.200 0.809 0.744
74.200 0 0.495 0.200 0.797 0.736
74.240 0 0.505 0.211 0.800 0.736
74.280 0 0.508 0.217 0.800 0.736
74.320 0 0.509 0.219 0.802 0.739
74.360 0 0.517 0.214 0.814 0.742
74.400 0 0.512 0.217 0.806 0.739
74.440 0 0.505 0.222 0.797 0.739
74.480 0 0.502 0.231 0.794 0.750
74.520 0 0.497 0.242 0.792 0.767
75.080 0 0.502 0.192 0.783 0.689
75.120 0 0.511 0.189 0.791 0.683
75.160 0 0.519 0.181 0.802 0.681
75.200 0 0.528 0.181 0.812 0.683
75.240 0 0.545 0.194 0.827 0.692
75.280 0 0.547 0.203 0.830 0.703
75.320 0 0.559 0.208 0.848 0.717
75.360 0 0.552 0.222 0.838 0.728
75.400 0 0.562 0.222 0.853 0.736
75.440 0 0.553 0.225 0.845 0.739
75.480 0 0.555 0.228 0.847 0.744
75.520 0 0.545 0.236 0.836 0.750
75.560 0 0.545 0.239 0.839 0.756
75.600 0 0.534 0.256 0.819 0.756
75.640 0 0.531 0.253 0.823 0.769
75.680 0 0.523 0.256 0.812 0.767
75.720 0 0.509 0.250 0.795 0.756
75.760 0 0.502 0.242 0.783 0.739
75.800 0 0.506 0.236 0.781 0.722
75.840 0 0.508 0.217 0.794 0.725
75.880 0 0.508 0.214 0.805 0.739
75.920 0 0.508 0.231 0.798 0.742
75.960 0 0.503 0.244 0.797 0.764
76.000 0 0.502 0.264 0.792 0.778
76.040 0 0.497 0.278 0.791 0.797
76.080 0 0.487 0.283 0.781 0.803
76.120 0 0.486 0.286 0.772 0.794
76.160 0 0.478 0.286 0.761 0.783
76.200 0 0.467 0.289 0.753 0.794
76.240 0 0.455 0.289 0.745 0.803
76.280 0 0.442 0.289 0.739 0.814
76.320 0 0.433 0.292 0.730 0.814
76.360 0 0.416 0.294 0.713 0.817
76.400 0 0.406 0.297 0.702 0.819
76.440 0 0.381 0.300 0.681 0.831
76.440 0 0.425 0.294 0.717 0.814
76.480 0 0.400 0.294 0.697 0.822
76.520 0 0.377 0.283 0.675 0.817
76.560 0 0.353 0.292 0.652 0.819
76.600 0 0.347 0.286 0.647 0.819
76.640 0 0.333 0.306 0.628 0.831
76.680 0 0.331 0.319 0.623 0.842
76.720 0 0.316 0.322 0.608 0.842
76.760 0 0.305 0.328 0.597 0.847
76.800 0 0.295 0.331 0.589 0.853
76.840 0 0.287 0.328 0.586 0.858
76.880 0 0.272 0.331 0.570 0.861
76.920 0 0.281 0.328 0.580 0.858
76.960 0 0.266 0.319 0.564 0.850
77.000 0 0.277 0.319 0.567 0.836
77.040 0 0.280 0.314 0.583 0.853
77.080 0 0.287 0.322 0.569 0.822
77.120 0 0.289 0.319 0.570 0.817
77.160 0 0.292 0.314 0.575 0.814
77.200 0 0.297 0.314 0.575 0.806
77.240 0 0.302 0.308 0.580 0.800
77.280 0 0.294 0.300 0.570 0.792
77.320 0 0.291 0.292 0.567 0.783
77.360 0 0.287 0.286 0.567 0.783
77.400 0 0.289 0.283 0.572 0.783
77.440 0 0.292 0.283 0.573 0.783
77.480 0 0.286 0.281 0.572 0.789
77.520 0 0.289 0.281 0.575 0.789
77.560 0 0.298 0.275 0.583 0.781
77.600 0 0.294 0.261 0.583 0.772
77.640 0 0.294 0.247 0.584 0.761
77.680 0 0.302 0.239 0.594 0.756
77.720 0 0.302 0.236 0.597 0.758
77.760 0 0.305 0.239 0.605 0.769
77.800 0 0.308 0.247 0.609 0.781
77.840 0 0.312 0.256 0.611 0.789
77.880 0 0.312 0.261 0.613 0.797
77.920 0 0.312 0.267 0.614 0.800
77.960 0 0.316 0.267 0.613 0.794
78.000 0 0.308 0.264 0.598 0.778
78.040 0 0.308 0.261 0.598 0.772
78.080 0 0.309 0.250 0.609 0.781
78.120 0 0.308 0.258 0.592 0.761
78.160 0 0.325 0.269 0.606 0.767
78.200 0 0.316 0.267 0.597 0.764
78.240 0 0.331 0.269 0.613 0.764
78.280 0 0.328 0.264 0.616 0.772
78.320 0 0.345 0.267 0.631 0.769
78.360 0 0.348 0.264 0.636 0.772
78.400 0 0.367 0.258 0.650 0.758
82.960 1 0.081 0.083 0.138 0.183
83.000 1 0.083 0.083 0.139 0.183
83.040 1 0.081 0.083 0.138 0.183
96.040 2 0.836 0.806 0.903 0.922
96.080 2 0.834 0.806 0.902 0.922
96.120 2 0.831 0.806 0.897 0.922
96.160 2 0.828 0.806 0.895 0.922
96.200 2 0.827 0.806 0.894 0.922
96.240 2 0.823 0.806 0.889 0.919
96.280 2 0.819 0.806 0.886 0.919
96.320 2 0.819 0.808 0.883 0.919
96.360 2 0.816 0.806 0.880 0.919
96.400 2 0.812 0.806 0.877 0.919
96.440 2 0.811 0.806 0.877 0.917
96.480 2 0.806 0.806 0.872 0.919
96.520 2 0.806 0.808 0.869 0.917
96.560 2 0.803 0.806 0.866 0.917
96.600 2 0.797 0.806 0.863 0.919
96.640 2 0.797 0.808 0.861 0.917
96.680 2 0.794 0.806 0.858 0.917
96.720 2 0.789 0.806 0.855 0.919
96.760 2 0.789 0.806 0.853 0.917
96.800 2 0.783 0.806 0.848 0.919
96.840 2 0.783 0.808 0.847 0.917
96.880 2 0.777 0.808 0.842 0.922
96.920 2 0.778 0.808 0.841 0.917
96.960 2 0.770 0.806 0.838 0.922
97.000 2 0.767 0.806 0.836 0.925
97.040 2 0.759 0.803 0.833 0.928
97.080 2 0.756 0.800 0.830 0.931
97.120 2 0.753 0.803 0.827 0.931
97.160 2 0.750 0.800 0.823 0.931
97.200 2 0.748 0.800 0.822 0.931
97.240 2 0.744 0.800 0.817 0.931
97.280 2 0.741 0.800 0.816 0.928
97.320 2 0.741 0.800 0.812 0.928
97.360 2 0.736 0.800 0.809 0.931
97.400 2 0.733 0.800 0.806 0.928
97.440 2 0.730 0.800 0.803 0.928
97.480 2 0.728 0.800 0.802 0.928
97.520 2 0.723 0.800 0.795 0.928
97.560 2 0.722 0.800 0.794 0.928
97.600 2 0.717 0.797 0.791 0.928
97.640 2 0.713 0.797 0.787 0.928
97.680 2 0.709 0.797 0.784 0.928
97.720 2 0.705 0.797 0.780 0.928
97.760 2 0.705 0.797 0.778 0.928
97.800 2 0.700 0.797 0.775 0.928
97.840 2 0.695 0.797 0.770 0.931
97.880 2 0.694 0.797 0.767 0.928
97.920 2 0.689 0.797 0.766 0.931
97.960 2 0.688 0.794 0.761 0.928
98.000 2 0.678 0.792 0.759 0.936
98.040 2 0.672 0.789 0.758 0.942
98.080 2 0.667 0.786 0.753 0.942
98.120 2 0.669 0.792 0.750 0.936
98.160 2 0.662 0.789 0.747 0.939
98.200 2 0.662 0.792 0.744 0.936
98.240 2 0.658 0.792 0.739 0.939
98.280 2 0.653 0.789 0.736 0.936
98.320 2 0.652 0.789 0.734 0.933
98.360 2 0.647 0.789 0.730 0.936
98.400 2 0.642 0.786 0.725 0.933
98.440 2 0.642 0.786 0.723 0.933
98.480 2 0.636 0.783 0.717 0.931
98.520 2 0.634 0.783 0.716 0.931
98.560 2 0.628 0.783 0.713 0.931
98.600 2 0.625 0.781 0.708 0.928
98.640 2 0.622 0.778 0.706 0.928
98.680 2 0.616 0.778 0.700 0.928
98.720 2 0.616 0.778 0.698 0.925
98.760 2 0.608 0.775 0.692 0.928
98.800 2 0.608 0.775 0.692 0.928
98.840 2 0.603 0.775 0.688 0.925
98.880 2 0.598 0.772 0.683 0.922
102.000 3 0.086 0.592 0.153 0.714
102.040 3 0.087 0.592 0.155 0.711
102.080 3 0.086 0.592 0.152 0.711
102.120 3 0.084 0.589 0.153 0.711
102.160 3 0.087 0.589 0.156 0.711
102.200 3 0.086 0.592 0.152 0.708
102.240 3 0.089 0.592 0.153 0.708
102.280 3 0.087 0.589 0.155 0.708
102.320 3 0.087 0.589 0.155 0.708
102.360 3 0.087 0.586 0.155 0.708
102.400 3 0.087 0.586 0.155 0.708
102.440 3 0.087 0.589 0.153 0.708
102.480 3 0.087 0.586 0.156 0.711
102.520 3 0.086 0.586 0.153 0.711
102.560 3 0.087 0.586 0.156 0.708
102.600 3 0.087 0.586 0.155 0.708
102.640 3 0.084 0.586 0.153 0.708
102.680 3 0.086 0.586 0.155 0.708
102.720 3 0.084 0.583 0.153 0.708
102.760 3 0.086 0.583 0.155 0.706
102.800 3 0.084 0.583 0.152 0.706
102.840 3 0.087 0.583 0.155 0.706
102.880 3 0.084 0.581 0.152 0.703
102.920 3 0.086 0.583 0.155 0.703
102.960 3 0.084 0.581 0.152 0.703
103.000 3 0.086 0.581 0.153 0.700
103.040 3 0.086 0.581 0.153 0.700
103.080 3 0.084 0.578 0.152 0.697
103.120 3 0.084 0.578 0.152 0.697
103.160 3 0.084 0.578 0.152 0.697
103.200 3 0.084 0.578 0.155 0.700
103.240 3 0.081 0.575 0.152 0.700
103.280 3 0.084 0.575 0.153 0.700
112.360 4 0.380 0.158 0.670 0.678
112.400 4 0.375 0.153 0.666 0.672
112.440 4 0.372 0.142 0.666 0.667
112.480 4 0.358 0.139 0.647 0.653
112.520 4 0.352 0.128 0.642 0.647
112.560 4 0.338 0.125 0.628 0.644
112.600 4 0.353 0.133 0.644 0.653
112.640 4 0.347 0.144 0.636 0.661
112.680 4 0.362 0.153 0.652 0.669
112.720 4 0.361 0.167 0.652 0.686
112.760 4 0.358 0.186 0.647 0.703
112.800 4 0.355 0.206 0.644 0.719
112.840 4 0.358 0.214 0.647 0.731
112.880 4 0.362 0.219 0.652 0.736
112.920 4 0.367 0.219 0.658 0.739
112.960 4 0.362 0.211 0.655 0.733
113.000 4 0.373 0.206 0.662 0.722
113.040 4 0.384 0.175 0.678 0.697
113.080 4 0.381 0.164 0.675 0.689
113.120 4 0.380 0.158 0.673 0.681
113.160 4 0.380 0.158 0.670 0.675
113.200 4 0.383 0.161 0.670 0.675
113.240 4 0.370 0.161 0.656 0.672
113.280 4 0.384 0.167 0.670 0.675
113.320 4 0.375 0.169 0.659 0.678
113.360 4 0.389 0.172 0.673 0.678
113.400 4 0.384 0.175 0.670 0.683
113.440 4 0.403 0.178 0.691 0.692
113.480 4 0.422 0.181 0.709 0.692
113.520 4 0.423 0.186 0.711 0.700
113.560 4 0.439 0.192 0.723 0.700
113.600 4 0.438 0.194 0.722 0.700
113.640 4 0.447 0.200 0.728 0.700
113.680 4 0.444 0.203 0.723 0.700
113.720 4 0.450 0.206 0.730 0.706
113.760 4 0.444 0.206 0.722 0.703
113.800 4 0.447 0.203 0.725 0.697
113.840 4 0.433 0.197 0.708 0.689
113.880 4 0.417 0.178 0.691 0.667
113.920 4 0.403 0.161 0.677 0.647
113.960 4 0.395 0.147 0.667 0.631
114.000 4 0.383 0.136 0.652 0.617
114.040 4 0.380 0.122 0.648 0.600
114.080 4 0.367 0.111 0.636 0.589
114.120 4 0.359 0.106 0.630 0.589
114.160 4 0.352 0.106 0.622 0.589
114.200 4 0.359 0.111 0.631 0.597
114.240 4 0.361 0.122 0.631 0.606
114.280 4 0.366 0.142 0.636 0.622
114.320 4 0.366 0.164 0.637 0.647
114.360 4 0.375 0.178 0.650 0.669
114.400 4 0.369 0.192 0.645 0.683
114.440 4 0.386 0.200 0.664 0.694
114.480 4 0.397 0.197 0.672 0.686
114.520 4 0.402 0.192 0.675 0.675
114.560 4 0.411 0.181 0.684 0.669
114.600 4 0.417 0.172 0.695 0.669
114.640 4 0.422 0.175 0.697 0.667
114.680 4 0.427 0.175 0.702 0.667
114.720 4 0.425 0.175 0.698 0.664
114.760 4 0.423 0.172 0.698 0.664
114.800 4 0.420 0.169 0.695 0.661
114.840 4 0.423 0.167 0.698 0.658
114.880 4 0.428 0.169 0.702 0.656
114.920 4 0.436 0.175 0.706 0.656
114.960 4 0.441 0.181 0.711 0.658
115.000 4 0.438 0.147 0.728 0.664
115.040 4 0.438 0.150 0.725 0.661
115.080 4 0.444 0.147 0.738 0.669
115.120 4 0.452 0.150 0.739 0.664
115.160 4 0.466 0.144 0.756 0.658
115.200 4 0.448 0.147 0.748 0.683
115.240 4 0.463 0.153 0.758 0.675
115.280 4 0.467 0.150 0.761 0.669
115.320 4 0.480 0.147 0.773 0.667
115.360 4 0.484 0.139 0.777 0.658
115.400 4 0.489 0.133 0.780 0.650
115.440 4 0.481 0.128 0.767 0.639
115.480 4 0.477 0.122 0.761 0.628
115.520 4 0.459 0.108 0.745 0.617
115.560 4 0.455 0.100 0.742 0.614
115.600 4 0.439 0.092 0.727 0.600
115.640 4 0.434 0.081 0.725 0.597
115.680 4 0.425 0.069 0.716 0.586
115.720 4 0.434 0.064 0.720 0.575
115.760 4 0.434 0.069 0.725 0.586
115.800 4 0.444 0.078 0.734 0.594
115.840 4 0.441 0.092 0.728 0.603
115.880 4 0.445 0.103 0.738 0.625
115.920 4 0.444 0.122 0.734 0.639
115.960 4 0.455 0.136 0.742 0.647
116.000 4 0.438 0.147 0.728 0.664
116.040 4 0.450 0.158 0.741 0.675
116.080 4 0.447 0.150 0.738 0.664
116.120 4 0.444 0.133 0.736 0.653
116.160 4 0.441 0.114 0.734 0.633
116.200 4 0.439 0.103 0.730 0.619
116.240 4 0.439 0.097 0.731 0.617
116.280 4 0.442 0.097 0.733 0.617
116.320 4 0.445 0.100 0.736 0.617
116.360 4 0.436 0.100 0.728 0.619
116.400 4 0.425 0.108 0.719 0.631
116.440 4 0.416 0.117 0.709 0.642
116.480 4 0.409 0.128 0.700 0.644
116.520 4 0.402 0.131 0.691 0.644
116.560 4 0.391 0.133 0.678 0.642
116.600 4 0.394 0.133 0.681 0.644
116.640 4 0.388 0.139 0.672 0.644
116.680 4 0.397 0.147 0.680 0.650
116.720 4 0.394 0.158 0.675 0.658
116.760 4 0.405 0.172 0.681 0.664
116.800 4 0.408 0.178 0.686 0.675
116.840 4 0.409 0.181 0.691 0.681
116.880 4 0.416 0.181 0.698 0.683
116.920 4 0.406 0.169 0.689 0.672
116.960 4 0.403 0.156 0.689 0.664
117.000 4 0.405 0.147 0.695 0.664
117.040 4 0.394 0.131 0.686 0.650
117.080 4 0.377 0.117 0.675 0.644
117.120 4 0.386 0.108 0.686 0.642
117.160 4 0.370 0.103 0.669 0.636
117.200 4 0.367 0.103 0.664 0.631
117.240 4 0.359 0.111 0.653 0.633
117.280 4 0.342 0.103 0.637 0.631
117.320 4 0.331 0.114 0.630 0.644
117.360 4 0.345 0.122 0.644 0.653
117.400 4 0.333 0.131 0.636 0.667
117.440 4 0.336 0.139 0.639 0.681
117.480 4 0.336 0.144 0.642 0.692
117.680 4 0.361 0.111 0.650 0.622
117.720 4 0.370 0.100 0.659 0.614
117.760 4 0.381 0.108 0.667 0.617
117.800 4 0.380 0.106 0.667 0.617
117.840 4 0.395 0.111 0.683 0.622
117.880 4 0.378 0.111 0.667 0.625
117.920 4 0.370 0.103 0.666 0.628
117.960 4 0.355 0.097 0.650 0.622
118.000 4 0.341 0.092 0.631 0.608
118.040 4 0.339 0.086 0.631 0.603
118.080 4 0.350 0.092 0.641 0.608
118.120 4 0.356 0.075 0.653 0.603
118.160 4 0.359 0.075 0.656 0.603
118.200 4 0.375 0.072 0.661 0.581
118.240 4 0.373 0.067 0.658 0.575
118.280 4 0.384 0.061 0.667 0.564
118.320 4 0.378 0.053 0.662 0.556
118.360 4 0.372 0.042 0.656 0.547
118.400 4 0.367 0.036 0.652 0.542
118.440 4 0.373 0.031 0.661 0.542
118.480 4 0.377 0.033 0.661 0.539
118.520 4 0.394 0.039 0.675 0.542
118.800 4 0.389 0.147 0.683 0.669
118.840 4 0.380 0.147 0.672 0.669
118.880 4 0.364 0.147 0.658 0.667
118.920 4 0.352 0.142 0.645 0.664
118.960 4 0.347 0.133 0.641 0.656
119.000 4 0.358 0.128 0.650 0.647
119.040 4 0.359 0.086 0.655 0.608
119.080 4 0.355 0.053 0.650 0.578
119.120 4 0.350 0.028 0.647 0.553
119.160 4 0.342 0.006 0.637 0.533
119.200 4 0.325 -0.006 0.622 0.522
119.240 4 0.316 -0.006 0.613 0.522
119.280 4 0.300 0.006 0.595 0.528
119.320 4 0.317 0.017 0.611 0.539
119.360 4 0.328 0.028 0.623 0.553
119.400 4 0.331 0.033 0.628 0.561
119.440 4 0.347 0.044 0.645 0.575
119.480 4 0.330 0.039 0.630 0.572
119.520 4 0.336 0.033 0.637 0.569
119.560 4 0.319 0.025 0.623 0.567
119.600 4 0.314 0.019 0.617 0.558
119.640 4 0.312 0.014 0.614 0.553
119.680 4 0.306 0.014 0.609 0.553
119.720 4 0.312 0.003 0.620 0.550
119.760 4 0.338 0.025 0.641 0.564
119.800 4 0.339 0.039 0.639 0.575
119.840 4 0.359 0.056 0.658 0.586
119.880 4 0.367 0.061 0.664 0.592
119.920 4 0.391 0.081 0.688 0.608
119.960 4 0.397 0.089 0.694 0.617
120.000 4 0.412 0.097 0.711 0.628
120.040 4 0.419 0.108 0.716 0.636
120.080 4 0.409 0.114 0.706 0.644
120.120 4 0.394 0.117 0.689 0.642
120.160 4 0.377 0.103 0.667 0.619
120.200 4 0.355 0.111 0.644 0.625
120.240 4 0.336 0.114 0.630 0.633
120.280 4 0.322 0.094 0.620 0.625
120.320 4 0.298 0.078 0.597 0.608
120.360 4 0.275 0.064 0.575 0.600
120.400 4 0.259 0.069 0.558 0.600
120.440 4 0.255 0.069 0.553 0.597
120.480 4 0.270 0.064 0.569 0.594
120.520 4 0.272 0.072 0.573 0.608
120.560 4 0.275 0.083 0.573 0.614
120.600 4 0.291 0.083 0.589 0.614
120.640 4 0.297 0.094 0.594 0.625
120.680 4 0.302 0.106 0.598 0.633
120.720 4 0.306 0.114 0.603 0.642
120.760 4 0.316 0.128 0.611 0.653
120.800 4 0.325 0.131 0.616 0.650
120.840 4 0.341 0.139 0.631 0.653
120.880 4 0.352 0.133 0.641 0.647
120.920 4 0.373 0.128 0.662 0.642
120.960 4 0.416 0.097 0.705 0.614
121.000 4 0.438 0.092 0.728 0.608
121.040 4 0.433 0.114 0.722 0.625
121.080 4 0.420 0.119 0.708 0.631
121.120 4 0.402 0.136 0.689 0.647
121.160 4 0.377 0.183 0.656 0.681
121.200 4 0.338 0.219 0.616 0.711
121.240 4 0.308 0.256 0.589 0.753
121.280 4 0.281 0.267 0.561 0.764
121.320 4 0.256 0.253 0.541 0.756
121.360 4 0.252 0.214 0.539 0.725
121.400 4 0.252 0.183 0.539 0.694
121.440 4 0.255 0.156 0.542 0.667
121.480 4 0.267 0.139 0.555 0.650
121.520 4 0.278 0.133 0.564 0.642
121.560 4 0.287 0.128 0.573 0.636
121.600 4 0.297 0.125 0.583 0.633
121.640 4 0.291 0.125 0.575 0.633
121.680 4 0.284 0.125 0.572 0.633
121.720 4 0.283 0.119 0.569 0.631
121.760 4 0.273 0.114 0.559 0.622
121.800 4 0.289 0.114 0.570 0.611
121.840 4 0.303 0.114 0.581 0.611
121.880 4 0.316 0.106 0.592 0.597
121.920 4 0.328 0.117 0.605 0.611
121.960 4 0.342 0.131 0.622 0.628
122.000 4 0.341 0.147 0.631 0.664
122.040 4 0.342 0.175 0.622 0.672
122.080 4 0.338 0.197 0.622 0.703
122.120 4 0.334 0.222 0.619 0.728
122.160 4 0.333 0.242 0.614 0.742
122.200 4 0.327 0.250 0.608 0.750
122.240 4 0.334 0.247 0.619 0.753
122.280 4 0.331 0.242 0.617 0.750
122.320 4 0.341 0.236 0.627 0.744
122.360 4 0.355 0.206 0.644 0.719
122.400 4 0.366 0.181 0.653 0.692
122.440 4 0.378 0.178 0.659 0.678
122.480 4 0.370 0.181 0.652 0.681
122.520 4 0.386 0.192 0.667 0.689
122.560 4 0.383 0.217 0.664 0.719
122.600 4 0.378 0.267 0.662 0.769
122.640 4 0.375 0.317 0.659 0.819
122.680 4 0.377 0.364 0.664 0.875
122.720 4 0.381 0.417 0.666 0.922
122.760 4 0.411 0.447 0.692 0.947
122.800 4 0.420 0.461 0.705 0.964
122.840 4 0.436 0.467 0.720 0.972
113.760 5 0.516 0.439 0.633 0.642
113.800 5 0.509 0.433 0.627 0.639
113.840 5 0.498 0.425 0.614 0.631
113.880 5 0.483 0.406 0.600 0.611
113.920 5 0.469 0.386 0.586 0.594
113.960 5 0.459 0.372 0.578 0.578
114.000 5 0.447 0.358 0.564 0.564
114.040 5 0.436 0.342 0.555 0.550
114.080 5 0.425 0.333 0.542 0.539
114.120 5 0.420 0.328 0.537 0.533
114.160 5 0.414 0.331 0.531 0.536
114.200 5 0.417 0.336 0.536 0.542
114.240 5 0.420 0.347 0.537 0.553
114.280 5 0.423 0.364 0.542 0.572
122.160 6 0.348 0.250 0.627 0.747
122.200 6 0.339 0.256 0.617 0.753
122.240 6 0.334 0.253 0.614 0.750
122.280 6 0.334 0.256 0.616 0.756
122.320 6 0.356 0.239 0.637 0.742
122.360 6 0.366 0.219 0.648 0.725
122.400 6 0.375 0.192 0.658 0.697
122.440 6 0.377 0.172 0.661 0.681
122.480 6 0.373 0.167 0.661 0.681
122.520 6 0.397 0.186 0.681 0.694
122.560 6 0.394 0.225 0.678 0.733
122.600 6 0.391 0.275 0.675 0.786
122.640 6 0.389 0.328 0.670 0.833
122.680 6 0.392 0.378 0.675 0.883
122.720 6 0.395 0.419 0.677 0.922
122.760 6 0.420 0.444 0.705 0.953
122.800 6 0.423 0.469 0.711 0.983
122.840 6 0.445 0.464 0.734 0.981
122.880 6 0.469 0.436 0.756 0.950
122.920 6 0.491 0.406 0.780 0.922
122.960 6 0.506 0.386 0.797 0.906
123.000 6 0.516 0.381 0.808 0.903
123.040 6 0.498 0.375 0.791 0.897
123.080 6 0.469 0.392 0.762 0.914
123.120 6 0.441 0.411 0.733 0.933
123.160 6 0.417 0.414 0.711 0.939
123.200 6 0.391 0.406 0.689 0.936
123.240 6 0.370 0.389 0.664 0.917
123.280 6 0.367 0.356 0.661 0.881
123.320 6 0.377 0.314 0.672 0.839
123.360 6 0.388 0.275 0.680 0.797
123.400 6 0.398 0.247 0.689 0.767
123.440 6 0.409 0.233 0.697 0.747
123.480 6 0.425 0.228 0.714 0.744
123.520 6 0.438 0.247 0.722 0.756
123.560 6 0.441 0.275 0.727 0.786
123.600 6 0.442 0.303 0.731 0.819
123.640 6 0.439 0.325 0.728 0.842
123.680 6 0.458 0.325 0.741 0.833
123.720 6 0.472 0.319 0.758 0.828
123.760 6 0.480 0.308 0.770 0.828
123.800 6 0.483 0.267 0.773 0.789
123.840 6 0.480 0.250 0.770 0.769
123.880 6 0.484 0.233 0.772 0.747
123.920 6 0.481 0.219 0.770 0.736
123.960 6 0.477 0.211 0.764 0.728
124.000 6 0.470 0.206 0.759 0.722
124.040 6 0.456 0.200 0.745 0.719
124.080 6 0.463 0.197 0.753 0.719
124.120 6 0.444 0.194 0.741 0.725
124.160 6 0.439 0.189 0.734 0.717
124.200 6 0.434 0.186 0.728 0.714
124.240 6 0.439 0.189 0.734 0.717
124.280 6 0.445 0.194 0.741 0.722
124.320 6 0.452 0.200 0.747 0.728
124.360 6 0.469 0.203 0.762 0.731
134.920 7 0.703 0.375 0.759 0.478
134.960 7 0.705 0.381 0.761 0.481
135.000 7 0.708 0.383 0.764 0.483
135.040 7 0.714 0.386 0.769 0.483
135.080 7 0.717 0.383 0.775 0.483
135.120 7 0.722 0.381 0.780 0.483
137.680 8 0.445 0.167 0.702 0.617
137.720 8 0.436 0.172 0.694 0.628
137.760 8 0.447 0.178 0.706 0.636
137.800 8 0.439 0.181 0.697 0.639
137.840 8 0.455 0.189 0.711 0.644
137.880 8 0.458 0.192 0.716 0.647
137.920 8 0.466 0.186 0.725 0.644
137.960 8 0.483 0.192 0.738 0.642
138.000 8 0.491 0.189 0.747 0.642
138.040 8 0.486 0.178 0.745 0.636
138.080 8 0.492 0.167 0.752 0.625
138.120 8 0.480 0.161 0.738 0.617
138.160 8 0.466 0.153 0.722 0.606
138.200 8 0.463 0.147 0.716 0.592
138.240 8 0.448 0.139 0.702 0.583
138.280 8 0.458 0.139 0.708 0.581
138.320 8 0.445 0.142 0.694 0.581
138.360 8 0.447 0.147 0.695 0.586
138.400 8 0.441 0.153 0.686 0.586
138.440 8 0.438 0.150 0.683 0.583
138.480 8 0.427 0.150 0.669 0.578
138.520 8 0.412 0.142 0.655 0.569
138.560 8 0.419 0.142 0.659 0.567
138.600 8 0.433 0.147 0.673 0.572
138.640 8 0.442 0.158 0.681 0.581
138.680 8 0.450 0.169 0.689 0.592
138.720 8 0.448 0.183 0.686 0.603
138.760 8 0.434 0.178 0.673 0.600
138.800 8 0.436 0.186 0.673 0.606
138.840 8 0.422 0.183 0.661 0.606
138.880 8 0.434 0.192 0.672 0.608
138.920 8 0.427 0.189 0.666 0.611
138.960 8 0.423 0.183 0.662 0.606
139.000 8 0.417 0.172 0.659 0.600
139.040 8 0.409 0.161 0.653 0.592
139.080 8 0.412 0.153 0.656 0.586
139.120 8 0.419 0.153 0.664 0.589
139.160 8 0.427 0.158 0.670 0.589
139.200 8 0.425 0.158 0.670 0.589
139.240 8 0.428 0.156 0.672 0.589
139.280 8 0.419 0.147 0.666 0.583
139.320 8 0.411 0.136 0.658 0.575
139.360 8 0.406 0.128 0.655 0.567
139.400 8 0.405 0.122 0.652 0.561
139.440 8 0.417 0.125 0.664 0.564
139.480 8 0.434 0.131 0.684 0.572
139.520 8 0.452 0.144 0.705 0.592
139.560 8 0.461 0.161 0.713 0.606
139.600 8 0.452 0.167 0.700 0.608
139.640 8 0.448 0.169 0.695 0.606
139.680 8 0.436 0.167 0.686 0.608
139.720 8 0.436 0.169 0.686 0.611
139.760 8 0.441 0.172 0.689 0.614
139.800 8 0.444 0.178 0.692 0.617
139.840 8 0.441 0.178 0.688 0.614
139.880 8 0.441 0.178 0.686 0.614
139.920 8 0.434 0.178 0.684 0.619
139.960 8 0.425 0.172 0.678 0.619
140.000 8 0.417 0.172 0.659 0.600
140.040 8 0.414 0.153 0.656 0.581
140.080 8 0.408 0.136 0.653 0.569
140.120 8 0.406 0.122 0.652 0.558
140.160 8 0.409 0.117 0.655 0.550
140.200 8 0.420 0.111 0.666 0.547
140.240 8 0.417 0.106 0.664 0.542
140.280 8 0.419 0.097 0.666 0.536
140.320 8 0.405 0.092 0.652 0.531
140.360 8 0.409 0.094 0.656 0.531
140.400 8 0.402 0.094 0.650 0.536
140.440 8 0.391 0.097 0.639 0.539
140.480 8 0.383 0.097 0.633 0.539
140.520 8 0.389 0.100 0.639 0.542
140.560 8 0.392 0.108 0.639 0.544
140.600 8 0.412 0.119 0.656 0.553
140.640 8 0.414 0.136 0.659 0.569
140.680 8 0.423 0.156 0.667 0.586
140.720 8 0.422 0.172 0.666 0.606
140.760 8 0.419 0.181 0.664 0.617
140.800 8 0.425 0.183 0.670 0.619
140.840 8 0.422 0.183 0.667 0.619
140.880 8 0.422 0.175 0.672 0.619
140.920 8 0.428 0.178 0.675 0.617
140.960 8 0.441 0.181 0.683 0.614
141.000 8 0.445 0.172 0.686 0.600
141.040 8 0.444 0.169 0.686 0.597
141.080 8 0.442 0.164 0.684 0.594
141.120 8 0.442 0.161 0.684 0.592
141.160 8 0.442 0.161 0.683 0.589
141.200 8 0.441 0.158 0.683 0.589
141.240 8 0.439 0.158 0.680 0.586
141.280 8 0.425 0.150 0.670 0.586
141.320 8 0.431 0.144 0.677 0.583
141.360 8 0.416 0.131 0.666 0.575
141.400 8 0.423 0.125 0.672 0.567
141.440 8 0.409 0.114 0.658 0.558
141.480 8 0.422 0.100 0.673 0.550
141.520 8 0.425 0.103 0.680 0.556
141.560 8 0.438 0.108 0.695 0.564
141.600 8 0.430 0.117 0.686 0.572
141.640 8 0.416 0.114 0.672 0.567
141.680 8 0.395 0.103 0.653 0.558
141.720 8 0.402 0.097 0.662 0.561
141.760 8 0.398 0.094 0.658 0.556
141.800 8 0.406 0.092 0.669 0.556
141.840 8 0.416 0.089 0.677 0.553
141.880 8 0.425 0.083 0.684 0.547
141.840 8 0.417 0.147 0.655 0.567
141.880 8 0.422 0.142 0.661 0.564
141.920 8 0.428 0.136 0.666 0.558
141.960 8 0.422 0.128 0.664 0.558
142.000 8 0.417 0.122 0.659 0.553
142.040 8 0.412 0.119 0.656 0.550
142.080 8 0.405 0.117 0.647 0.547
142.120 8 0.411 0.125 0.650 0.550
142.640 8 0.441 0.150 0.681 0.575
142.680 8 0.442 0.164 0.678 0.583
142.720 8 0.444 0.172 0.677 0.586
142.760 8 0.433 0.175 0.662 0.583
142.800 8 0.420 0.175 0.650 0.583
142.840 8 0.416 0.175 0.644 0.581
142.880 8 0.427 0.175 0.656 0.583
142.920 8 0.430 0.178 0.659 0.586
142.960 8 0.431 0.178 0.661 0.586
143.000 8 0.430 0.172 0.659 0.581
143.040 8 0.428 0.167 0.659 0.575
143.080 8 0.416 0.158 0.645 0.569
143.120 8 0.420 0.153 0.652 0.564
143.160 8 0.408 0.147 0.641 0.561
143.200 8 0.412 0.147 0.647 0.561
143.240 8 0.417 0.153 0.648 0.561
143.280 8 0.416 0.150 0.645 0.561
143.320 8 0.428 0.147 0.659 0.561
143.360 8 0.420 0.147 0.653 0.561
143.400 8 0.414 0.153 0.645 0.561
143.440 8 0.412 0.153 0.647 0.567
143.480 8 0.412 0.156 0.650 0.575
143.520 8 0.422 0.158 0.662 0.586
143.560 8 0.434 0.161 0.677 0.592
143.600 8 0.438 0.164 0.680 0.594
143.640 8 0.448 0.169 0.692 0.600
143.680 8 0.452 0.175 0.695 0.606
143.720 8 0.453 0.178 0.698 0.614
143.760 8 0.455 0.183 0.698 0.617
143.800 8 0.458 0.189 0.702 0.619
143.840 8 0.452 0.200 0.692 0.628
143.880 8 0.464 0.206 0.706 0.636
143.920 8 0.470 0.217 0.706 0.636
143.960 8 0.481 0.219 0.720 0.644
144.000 8 0.472 0.219 0.714 0.650
144.040 8 0.475 0.231 0.716 0.661
144.080 8 0.478 0.236 0.717 0.664
144.120 8 0.475 0.239 0.714 0.664
144.160 8 0.480 0.239 0.716 0.658
144.200 8 0.480 0.239 0.714 0.656
144.240 8 0.469 0.233 0.706 0.656
144.280 8 0.453 0.225 0.689 0.644
144.320 8 0.447 0.219 0.683 0.639
144.360 8 0.438 0.217 0.675 0.639
144.400 8 0.433 0.217 0.670 0.639
144.440 8 0.436 0.219 0.673 0.642
144.480 8 0.436 0.219 0.675 0.644
144.520 8 0.438 0.222 0.675 0.644
144.560 8 0.436 0.225 0.672 0.644
144.600 8 0.433 0.222 0.675 0.650
144.640 8 0.438 0.228 0.675 0.650
144.680 8 0.433 0.228 0.672 0.653
144.720 8 0.441 0.228 0.680 0.656
144.760 8 0.444 0.233 0.681 0.656
144.800 8 0.448 0.233 0.691 0.664
144.840 8 0.458 0.239 0.697 0.664
144.880 8 0.464 0.242 0.705 0.672
144.920 8 0.472 0.250 0.709 0.672
144.960 8 0.473 0.258 0.711 0.681
145.000 8 0.472 0.267 0.714 0.697
145.040 8 0.467 0.261 0.708 0.689
145.080 8 0.461 0.267 0.698 0.689
145.120 8 0.455 0.267 0.694 0.689
145.160 8 0.461 0.264 0.703 0.692
145.200 8 0.459 0.258 0.702 0.689
145.240 8 0.466 0.250 0.709 0.683
145.280 8 0.461 0.250 0.705 0.681
145.320 8 0.464 0.247 0.706 0.678
145.360 8 0.453 0.247 0.692 0.672
145.400 8 0.448 0.239 0.691 0.669
145.440 8 0.438 0.242 0.675 0.664
145.480 8 0.441 0.242 0.678 0.664
145.520 8 0.438 0.236 0.678 0.664
145.560 8 0.445 0.233 0.689 0.667
145.600 8 0.448 0.225 0.694 0.661
145.640 8 0.456 0.219 0.700 0.656
145.680 8 0.461 0.214 0.709 0.656
145.720 8 0.459 0.208 0.708 0.653
145.760 8 0.466 0.214 0.714 0.653
145.800 8 0.463 0.225 0.708 0.661
145.840 8 0.470 0.239 0.711 0.667
145.880 8 0.473 0.242 0.716 0.669
145.920 8 0.480 0.242 0.725 0.678
145.960 8 0.477 0.236 0.722 0.669
146.000 8 0.472 0.219 0.714 0.650
146.040 8 0.481 0.228 0.702 0.619
146.080 8 0.480 0.225 0.698 0.617
146.120 8 0.472 0.228 0.688 0.611
146.160 8 0.464 0.228 0.684 0.619
146.200 8 0.470 0.222 0.691 0.617
146.240 8 0.459 0.214 0.680 0.608
146.280 8 0.458 0.211 0.678 0.606
146.320 8 0.448 0.211 0.667 0.600
146.360 8 0.445 0.208 0.664 0.597
146.400 8 0.433 0.208 0.652 0.597
146.440 8 0.438 0.206 0.658 0.597
146.480 8 0.431 0.208 0.648 0.597
146.520 8 0.442 0.214 0.661 0.603
146.560 8 0.447 0.222 0.664 0.608
146.600 8 0.459 0.225 0.677 0.611
146.640 8 0.456 0.225 0.672 0.608
146.680 8 0.466 0.222 0.683 0.608
146.720 8 0.463 0.222 0.680 0.611
146.760 8 0.470 0.228 0.686 0.614
146.800 8 0.480 0.233 0.697 0.617
146.840 8 0.487 0.239 0.703 0.619
146.880 8 0.494 0.242 0.711 0.628
146.920 8 0.494 0.244 0.713 0.633
146.960 8 0.492 0.244 0.713 0.636
147.000 8 0.505 0.261 0.706 0.619
147.040 8 0.503 0.258 0.705 0.617
147.080 8 0.500 0.258 0.702 0.617
147.120 8 0.497 0.261 0.695 0.617
147.160 8 0.505 0.256 0.709 0.617
147.200 8 0.502 0.264 0.702 0.619
147.240 8 0.505 0.256 0.720 0.639
147.280 8 0.495 0.258 0.705 0.628
147.320 8 0.495 0.256 0.702 0.622
147.360 8 0.487 0.256 0.691 0.617
147.400 8 0.492 0.247 0.698 0.614
147.440 8 0.489 0.244 0.694 0.611
147.480 8 0.494 0.242 0.703 0.614
147.520 8 0.498 0.239 0.709 0.614
147.560 8 0.503 0.244 0.709 0.611
147.600 8 0.505 0.247 0.709 0.611
147.640 8 0.502 0.247 0.706 0.611
147.680 8 0.495 0.247 0.697 0.606
147.720 8 0.503 0.244 0.713 0.617
165.280 9 0.362 0.678 0.608 1.114
165.320 9 0.367 0.656 0.609 1.086
165.360 9 0.362 0.628 0.608 1.067
165.400 9 0.366 0.606 0.609 1.039
165.440 9 0.362 0.581 0.608 1.017
165.480 9 0.366 0.558 0.609 0.992
165.520 9 0.359 0.517 0.611 0.964
165.560 9 0.362 0.494 0.613 0.939
165.600 9 0.359 0.467 0.611 0.914
165.640 9 0.362 0.442 0.614 0.889
165.680 9 0.359 0.417 0.611 0.864
165.720 9 0.366 0.400 0.609 0.833
165.760 9 0.361 0.372 0.609 0.811
165.800 9 0.362 0.333 0.614 0.781
165.840 9 0.359 0.308 0.611 0.758
165.880 9 0.362 0.283 0.614 0.733
165.920 9 0.359 0.258 0.611 0.706
165.960 9 0.366 0.239 0.611 0.678
166.000 9 0.364 0.219 0.606 0.650
166.040 9 0.364 0.200 0.602 0.622
166.080 9 0.364 0.172 0.606 0.603
166.120 9 0.361 0.147 0.603 0.581
166.160 9 0.366 0.128 0.605 0.553
166.200 9 0.361 0.100 0.605 0.531
166.240 9 0.364 0.067 0.606 0.497
166.280 9 0.361 0.042 0.603 0.475
166.320 9 0.364 0.017 0.606 0.450
166.360 9 0.361 -0.006 0.603 0.425
166.400 9 0.362 -0.022 0.597 0.394
166.440 9 0.362 -0.061 0.603 0.367
166.480 9 0.361 -0.081 0.598 0.342
166.520 9 0.362 -0.106 0.602 0.319
199.280 10 0.186 0.231 0.466 0.731
199.320 10 0.198 0.236 0.480 0.736
199.360 10 0.198 0.239 0.481 0.742
199.400 10 0.200 0.247 0.481 0.747
199.440 10 0.205 0.256 0.484 0.756
199.480 10 0.209 0.269 0.489 0.767
199.520 10 0.216 0.281 0.497 0.778
199.560 10 0.206 0.278 0.487 0.775
199.600 10 0.216 0.278 0.495 0.775
199.640 10 0.220 0.283 0.500 0.781
199.680 10 0.222 0.289 0.500 0.783
199.720 10 0.219 0.289 0.495 0.781
199.760 10 0.222 0.275 0.498 0.767
199.800 10 0.227 0.256 0.502 0.747
199.840 10 0.219 0.244 0.498 0.739
199.880 10 0.231 0.244 0.505 0.731
199.920 10 0.233 0.244 0.506 0.731
199.960 10 0.236 0.247 0.508 0.731
200.000 10 0.239 0.253 0.509 0.733
200.040 10 0.244 0.261 0.512 0.739
200.080 10 0.237 0.272 0.505 0.747
200.120 10 0.237 0.283 0.503 0.756
200.160 10 0.242 0.289 0.509 0.764
200.200 10 0.234 0.292 0.500 0.764
200.240 10 0.234 0.289 0.498 0.761
200.280 10 0.228 0.286 0.494 0.758
200.320 10 0.237 0.286 0.500 0.753
200.360 10 0.236 0.281 0.500 0.747
200.400 10 0.245 0.275 0.508 0.742
200.440 10 0.234 0.272 0.495 0.736
200.480 10 0.241 0.269 0.503 0.736
200.520 10 0.239 0.272 0.497 0.731
200.560 10 0.247 0.272 0.506 0.731
200.600 10 0.245 0.269 0.500 0.719
200.640 10 0.259 0.272 0.512 0.722
200.680 10 0.247 0.267 0.503 0.719
200.720 10 0.255 0.264 0.512 0.722
200.760 10 0.256 0.267 0.514 0.722
200.800 10 0.258 0.264 0.517 0.725
200.840 10 0.255 0.261 0.514 0.722
200.880 10 0.269 0.261 0.528 0.722
200.920 10 0.261 0.267 0.519 0.725
200.960 10 0.263 0.272 0.520 0.731
201.000 10 0.255 0.278 0.511 0.736
201.040 10 0.261 0.289 0.512 0.736
201.080 10 0.253 0.292 0.508 0.744
201.120 10 0.242 0.303 0.500 0.758
201.160 10 0.237 0.303 0.489 0.750
201.200 10 0.236 0.306 0.484 0.747
201.240 10 0.236 0.306 0.483 0.744
201.280 10 0.237 0.308 0.483 0.744
201.320 10 0.239 0.308 0.483 0.744
201.360 10 0.241 0.308 0.486 0.747
201.400 10 0.241 0.311 0.486 0.747
201.440 10 0.247 0.311 0.492 0.747
201.480 10 0.239 0.311 0.483 0.747
201.520 10 0.244 0.317 0.486 0.747
201.560 10 0.236 0.319 0.478 0.747
201.600 10 0.233 0.311 0.477 0.744
201.640 10 0.242 0.319 0.483 0.747
201.680 10 0.234 0.319 0.475 0.747
201.720 10 0.242 0.331 0.475 0.744
201.760 10 0.230 0.325 0.466 0.744
201.800 10 0.234 0.319 0.473 0.744
201.840 10 0.233 0.317 0.473 0.744
201.880 10 0.233 0.317 0.472 0.742
201.920 10 0.234 0.319 0.464 0.731
201.960 10 0.241 0.322 0.473 0.736
202.000 10 0.230 0.314 0.472 0.744
202.040 10 0.236 0.311 0.472 0.731
202.080 10 0.239 0.314 0.475 0.733
202.120 10 0.233 0.319 0.466 0.736
202.160 10 0.234 0.322 0.470 0.739
202.200 10 0.228 0.325 0.461 0.739
202.240 10 0.230 0.325 0.463 0.739
202.280 10 0.225 0.325 0.456 0.736
202.320 10 0.228 0.325 0.459 0.733
202.360 10 0.222 0.319 0.450 0.728
202.400 10 0.223 0.314 0.455 0.725
202.440 10 0.223 0.314 0.448 0.714
202.480 10 0.223 0.308 0.447 0.706
202.520 10 0.228 0.303 0.448 0.697
202.560 10 0.222 0.300 0.444 0.694
202.600 10 0.228 0.300 0.450 0.694
202.640 10 0.225 0.303 0.447 0.694
202.680 10 0.228 0.306 0.450 0.697
202.720 10 0.231 0.308 0.452 0.703
202.760 10 0.231 0.314 0.453 0.708
202.800 10 0.234 0.322 0.456 0.717
202.840 10 0.230 0.328 0.450 0.722
202.880 10 0.236 0.333 0.455 0.725
202.920 10 0.234 0.336 0.455 0.728
202.960 10 0.237 0.339 0.453 0.722
203.000 10 0.237 0.336 0.456 0.722
203.040 10 0.236 0.336 0.455 0.725
203.080 10 0.236 0.339 0.455 0.725
203.120 10 0.234 0.339 0.455 0.728
203.160 10 0.236 0.342 0.453 0.728
203.200 10 0.237 0.344 0.452 0.728
203.240 10 0.237 0.350 0.452 0.728
203.280 10 0.236 0.353 0.448 0.733
203.320 10 0.233 0.356 0.445 0.736
203.360 10 0.227 0.361 0.439 0.739
203.400 10 0.225 0.367 0.438 0.742
203.440 10 0.222 0.364 0.434 0.742
203.480 10 0.222 0.364 0.434 0.739
203.520 10 0.222 0.361 0.433 0.736
203.560 10 0.220 0.358 0.430 0.731
203.600 10 0.223 0.356 0.431 0.725
203.640 10 0.223 0.353 0.431 0.719
203.680 10 0.220 0.344 0.428 0.714
203.720 10 0.223 0.331 0.430 0.700
203.760 10 0.222 0.319 0.430 0.689
203.800 10 0.223 0.311 0.431 0.683
203.840 10 0.227 0.308 0.433 0.675
203.880 10 0.228 0.308 0.438 0.678
203.920 10 0.230 0.308 0.439 0.681
203.960 10 0.233 0.314 0.441 0.686
204.000 10 0.234 0.319 0.444 0.692
204.040 10 0.237 0.322 0.447 0.694
204.080 10 0.234 0.328 0.442 0.697
204.120 10 0.242 0.331 0.448 0.700
204.160 10 0.237 0.331 0.444 0.700
204.200 10 0.245 0.333 0.450 0.697
204.240 10 0.242 0.328 0.447 0.694
204.280 10 0.248 0.328 0.453 0.692
204.320 10 0.247 0.328 0.450 0.689
204.360 10 0.247 0.328 0.452 0.692
204.400 10 0.245 0.328 0.450 0.692
204.440 10 0.252 0.328 0.456 0.689
204.480 10 0.247 0.322 0.450 0.683
204.520 10 0.253 0.317 0.453 0.672
204.560 10 0.248 0.311 0.450 0.667
204.600 10 0.250 0.303 0.448 0.658
204.640 10 0.250 0.294 0.450 0.650
204.680 10 0.244 0.289 0.442 0.642
204.720 10 0.245 0.286 0.445 0.642
204.760 10 0.239 0.286 0.438 0.642
204.800 10 0.241 0.292 0.439 0.644
204.840 10 0.234 0.297 0.433 0.650
204.880 10 0.237 0.303 0.434 0.653
204.920 10 0.231 0.308 0.428 0.658
204.960 10 0.236 0.314 0.431 0.658
205.000 10 0.236 0.303 0.438 0.661
205.040 10 0.230 0.317 0.430 0.669
205.080 10 0.233 0.317 0.433 0.672
205.120 10 0.230 0.311 0.431 0.667
205.160 10 0.231 0.308 0.431 0.664
205.200 10 0.231 0.306 0.433 0.664
205.240 10 0.233 0.303 0.434 0.664
205.280 10 0.234 0.303 0.436 0.664
205.320 10 0.236 0.303 0.439 0.661
205.360 10 0.239 0.300 0.442 0.664
205.400 10 0.241 0.303 0.444 0.664
205.440 10 0.242 0.300 0.445 0.661
205.480 10 0.244 0.300 0.447 0.661
205.520 10 0.245 0.300 0.448 0.658
205.560 10 0.245 0.297 0.450 0.658
205.600 10 0.247 0.297 0.450 0.661
205.640 10 0.247 0.300 0.450 0.661
205.680 10 0.248 0.297 0.453 0.661
205.720 10 0.244 0.297 0.448 0.658
205.760 10 0.247 0.294 0.452 0.658
205.800 10 0.245 0.292 0.448 0.653
205.840 10 0.245 0.289 0.447 0.650
205.880 10 0.244 0.286 0.445 0.647
205.920 10 0.242 0.289 0.442 0.644
205.960 10 0.244 0.294 0.441 0.642
206.000 10 0.236 0.303 0.438 0.661
206.040 10 0.227 0.308 0.436 0.683
206.080 10 0.234 0.317 0.441 0.686
206.120 10 0.227 0.325 0.434 0.692
206.160 10 0.231 0.333 0.438 0.700
206.200 10 0.233 0.333 0.441 0.703
206.240 10 0.227 0.331 0.436 0.703
206.280 10 0.230 0.331 0.438 0.700
206.320 10 0.225 0.328 0.433 0.697
206.360 10 0.228 0.325 0.438 0.694
206.400 10 0.225 0.325 0.430 0.689
206.440 10 0.230 0.325 0.434 0.689
206.480 10 0.228 0.322 0.434 0.689
206.520 10 0.228 0.328 0.431 0.689
206.560 10 0.236 0.336 0.434 0.689
206.600 10 0.233 0.339 0.430 0.689
206.640 10 0.237 0.339 0.436 0.692
206.680 10 0.233 0.339 0.430 0.689
206.720 10 0.239 0.339 0.436 0.689
206.760 10 0.234 0.339 0.431 0.689
206.800 10 0.236 0.336 0.438 0.692
206.840 10 0.239 0.336 0.436 0.686
206.880 10 0.237 0.331 0.438 0.689
206.920 10 0.241 0.333 0.438 0.686
206.960 10 0.241 0.336 0.438 0.683
207.000 10 0.236 0.342 0.438 0.700
207.040 10 0.241 0.350 0.436 0.700
207.080 10 0.247 0.364 0.438 0.706
207.120 10 0.255 0.375 0.447 0.717
207.160 10 0.259 0.392 0.448 0.731
207.200 10 0.270 0.406 0.458 0.739
207.240 10 0.269 0.403 0.461 0.744
207.400 10 0.250 0.364 0.452 0.722
207.440 10 0.250 0.336 0.456 0.703
207.480 10 0.234 0.319 0.442 0.689
207.520 10 0.241 0.311 0.450 0.681
207.560 10 0.230 0.308 0.439 0.678
207.600 10 0.241 0.308 0.450 0.681
207.640 10 0.230 0.308 0.438 0.681
207.680 10 0.239 0.308 0.448 0.681
207.720 10 0.227 0.306 0.439 0.681
207.760 10 0.233 0.297 0.447 0.681
207.800 10 0.223 0.297 0.436 0.675
207.840 10 0.233 0.306 0.436 0.667
207.880 10 0.227 0.300 0.433 0.667
207.920 10 0.234 0.303 0.436 0.664
207.960 10 0.228 0.300 0.434 0.667
208.000 10 0.236 0.303 0.438 0.661
208.040 10 0.258 0.311 0.445 0.644
208.080 10 0.259 0.314 0.442 0.636
208.120 10 0.258 0.303 0.447 0.636
208.160 10 0.253 0.294 0.442 0.633
208.200 10 0.253 0.286 0.447 0.631
208.240 10 0.253 0.286 0.442 0.622
208.280 10 0.252 0.281 0.441 0.617
208.320 10 0.252 0.283 0.441 0.617
208.360 10 0.247 0.283 0.433 0.614
208.400 10 0.250 0.286 0.438 0.619
208.440 10 0.247 0.292 0.434 0.625
208.480 10 0.248 0.300 0.436 0.633
208.520 10 0.244 0.306 0.430 0.636
208.560 10 0.247 0.314 0.431 0.642
208.600 10 0.247 0.317 0.433 0.647
208.640 10 0.247 0.319 0.433 0.650
208.680 10 0.250 0.319 0.434 0.647
208.720 10 0.248 0.317 0.433 0.644
208.760 10 0.247 0.311 0.433 0.642
208.800 10 0.245 0.308 0.431 0.639
208.840 10 0.245 0.303 0.434 0.639
208.880 10 0.248 0.306 0.433 0.633
208.920 10 0.247 0.303 0.436 0.636
208.960 10 0.248 0.303 0.436 0.639
209.000 10 0.270 0.317 0.439 0.617
209.040 10 0.272 0.311 0.447 0.622
209.080 10 0.264 0.311 0.438 0.622
209.120 10 0.272 0.311 0.447 0.622
209.160 10 0.269 0.314 0.438 0.614
209.200 10 0.270 0.319 0.436 0.614
209.240 10 0.269 0.317 0.434 0.611
209.280 10 0.267 0.311 0.433 0.608
209.320 10 0.266 0.306 0.431 0.603
209.360 10 0.263 0.300 0.431 0.600
209.400 10 0.263 0.300 0.430 0.597
209.440 10 0.263 0.300 0.428 0.597
209.480 10 0.263 0.303 0.428 0.597
209.520 10 0.264 0.308 0.428 0.600
209.560 10 0.264 0.314 0.428 0.606
209.600 10 0.264 0.317 0.430 0.611
209.640 10 0.267 0.325 0.430 0.614
209.680 10 0.269 0.328 0.431 0.619
209.720 10 0.270 0.331 0.433 0.619
209.760 10 0.280 0.336 0.434 0.611
209.800 10 0.281 0.331 0.436 0.606
209.840 10 0.283 0.325 0.438 0.600
209.880 10 0.275 0.311 0.438 0.597
242.640 11 0.209 0.172 0.373 0.467
242.680 11 0.212 0.175 0.373 0.464
242.720 11 0.208 0.178 0.367 0.464
242.760 11 0.206 0.175 0.372 0.472
242.800 11 0.203 0.178 0.369 0.475
242.840 11 0.198 0.181 0.364 0.478
242.880 11 0.194 0.181 0.359 0.478
242.920 11 0.191 0.183 0.355 0.478
242.960 11 0.184 0.183 0.350 0.483
243.000 11 0.178 0.183 0.345 0.483
243.040 11 0.178 0.186 0.342 0.483
243.080 11 0.181 0.192 0.344 0.483
243.120 11 0.177 0.192 0.339 0.486
243.160 11 0.178 0.192 0.341 0.486
243.200 11 0.177 0.192 0.341 0.486
243.240 11 0.175 0.189 0.341 0.486
243.280 11 0.175 0.189 0.339 0.486
243.320 11 0.175 0.189 0.339 0.486
243.360 11 0.175 0.189 0.339 0.483
243.400 11 0.175 0.189 0.339 0.483
243.440 11 0.175 0.189 0.339 0.483
243.480 11 0.172 0.189 0.339 0.486
243.520 11 0.175 0.189 0.341 0.486
243.560 11 0.172 0.186 0.339 0.486
243.600 11 0.175 0.186 0.341 0.486
243.640 11 0.175 0.186 0.341 0.486
243.680 11 0.175 0.186 0.341 0.486
243.720 11 0.175 0.186 0.341 0.486
243.760 11 0.173 0.186 0.341 0.486
243.800 11 0.175 0.186 0.341 0.486
243.840 11 0.173 0.186 0.341 0.486
243.880 11 0.173 0.186 0.341 0.486
243.920 11 0.177 0.186 0.344 0.486
243.960 11 0.170 0.181 0.342 0.489
244.000 11 0.178 0.183 0.345 0.483
244.040 11 0.175 0.175 0.344 0.478
244.080 11 0.173 0.175 0.344 0.481
244.120 11 0.175 0.175 0.344 0.478
244.160 11 0.175 0.169 0.347 0.478
244.200 11 0.177 0.164 0.350 0.475
244.240 11 0.180 0.164 0.352 0.469
244.280 11 0.184 0.158 0.358 0.469
244.320 11 0.186 0.153 0.361 0.467
244.360 11 0.191 0.156 0.361 0.461
244.400 11 0.191 0.150 0.364 0.461
244.440 11 0.195 0.153 0.364 0.456
244.480 11 0.197 0.156 0.364 0.456
244.520 11 0.198 0.161 0.364 0.458
244.560 11 0.198 0.164 0.362 0.458
244.600 11 0.197 0.164 0.362 0.461
244.640 11 0.197 0.164 0.362 0.461
244.680 11 0.197 0.161 0.362 0.458
244.720 11 0.198 0.161 0.364 0.461
244.760 11 0.195 0.161 0.361 0.458
244.800 11 0.195 0.161 0.361 0.458
244.840 11 0.200 0.161 0.364 0.456
244.880 11 0.195 0.158 0.362 0.458
244.920 11 0.202 0.161 0.366 0.456
244.960 11 0.198 0.156 0.366 0.456
245.000 11 0.197 0.150 0.364 0.450
245.040 11 0.202 0.153 0.369 0.453
245.080 11 0.198 0.147 0.369 0.453
245.120 11 0.205 0.150 0.373 0.453
245.160 11 0.200 0.144 0.372 0.453
245.200 11 0.203 0.147 0.373 0.453
245.240 11 0.205 0.147 0.373 0.450
245.280 11 0.205 0.147 0.375 0.450
245.320 11 0.208 0.147 0.377 0.450
245.360 11 0.202 0.142 0.375 0.453
245.400 11 0.208 0.144 0.380 0.450
245.440 11 0.205 0.142 0.377 0.450
245.480 11 0.212 0.144 0.380 0.444
245.520 11 0.208 0.142 0.378 0.444
245.560 11 0.216 0.144 0.381 0.442
245.600 11 0.214 0.144 0.381 0.442
245.640 11 0.216 0.144 0.381 0.444
245.680 11 0.216 0.147 0.383 0.447
245.720 11 0.216 0.147 0.383 0.447
245.760 11 0.216 0.147 0.383 0.450
245.800 11 0.216 0.147 0.384 0.450
245.840 11 0.216 0.147 0.384 0.450
245.880 11 0.214 0.147 0.381 0.447
245.920 11 0.217 0.150 0.384 0.450
245.960 11 0.216 0.147 0.384 0.450
246.000 11 0.216 0.150 0.383 0.450
246.040 11 0.222 0.164 0.383 0.456
246.080 11 0.219 0.164 0.381 0.456
246.120 11 0.219 0.164 0.381 0.456
246.160 11 0.217 0.161 0.381 0.453
246.200 11 0.217 0.161 0.381 0.453
246.240 11 0.217 0.161 0.381 0.453
246.280 11 0.217 0.158 0.380 0.453
246.320 11 0.216 0.158 0.380 0.453
246.360 11 0.216 0.158 0.378 0.450
246.400 11 0.217 0.161 0.378 0.450
246.440 11 0.214 0.164 0.373 0.450
246.480 11 0.216 0.164 0.377 0.453
246.520 11 0.211 0.167 0.372 0.456
246.560 11 0.214 0.167 0.375 0.456
246.600 11 0.208 0.167 0.370 0.458
246.640 11 0.206 0.167 0.372 0.464
246.680 11 0.202 0.167 0.366 0.461
246.720 11 0.198 0.169 0.364 0.467
246.760 11 0.192 0.172 0.358 0.467
246.800 11 0.192 0.175 0.356 0.472
246.840 11 0.191 0.178 0.356 0.475
246.880 11 0.191 0.178 0.358 0.475
246.920 11 0.191 0.172 0.361 0.475
246.960 11 0.194 0.169 0.362 0.475
247.000 11 0.197 0.183 0.364 0.483
247.040 11 0.197 0.172 0.367 0.475
247.080 11 0.195 0.172 0.364 0.475
247.120 11 0.197 0.172 0.366 0.475
247.160 11 0.197 0.172 0.366 0.475
247.200 11 0.195 0.172 0.362 0.472
247.240 11 0.197 0.172 0.366 0.475
247.280 11 0.198 0.175 0.364 0.472
247.320 11 0.198 0.172 0.366 0.472
247.360 11 0.202 0.172 0.366 0.469
247.400 11 0.202 0.169 0.369 0.467
247.440 11 0.203 0.169 0.369 0.464
247.480 11 0.205 0.164 0.370 0.464
247.520 11 0.206 0.164 0.372 0.461
247.560 11 0.208 0.161 0.373 0.458
247.600 11 0.208 0.158 0.375 0.458
247.640 11 0.211 0.161 0.375 0.456
247.680 11 0.212 0.158 0.380 0.458
247.720 11 0.212 0.161 0.378 0.458
247.760 11 0.216 0.161 0.381 0.458
247.800 11 0.214 0.161 0.380 0.458
247.840 11 0.217 0.161 0.381 0.458
247.880 11 0.216 0.161 0.380 0.458
247.920 11 0.216 0.164 0.381 0.458
247.960 11 0.217 0.164 0.381 0.458
248.000 11 0.216 0.150 0.383 0.450
248.040 11 0.228 0.161 0.381 0.436
248.080 11 0.230 0.164 0.383 0.436
248.120 11 0.230 0.164 0.383 0.436
248.160 11 0.230 0.164 0.383 0.436
248.200 11 0.228 0.164 0.381 0.436
248.240 11 0.231 0.167 0.381 0.436
248.280 11 0.228 0.161 0.381 0.436
248.320 11 0.227 0.164 0.378 0.433
248.360 11 0.227 0.161 0.380 0.436
248.400 11 0.222 0.161 0.377 0.436
248.440 11 0.227 0.161 0.380 0.436
248.480 11 0.222 0.161 0.378 0.436
248.520 11 0.222 0.161 0.377 0.436
248.560 11 0.220 0.158 0.375 0.436
248.600 11 0.220 0.161 0.373 0.436
248.640 11 0.217 0.161 0.372 0.439
248.680 11 0.217 0.164 0.372 0.439
248.720 11 0.216 0.164 0.372 0.442
248.760 11 0.214 0.164 0.369 0.439
248.800 11 0.214 0.167 0.370 0.442
248.840 11 0.214 0.167 0.367 0.442
248.880 11 0.214 0.167 0.369 0.444
248.920 11 0.214 0.167 0.370 0.444
248.960 11 0.212 0.167 0.369 0.447
249.000 11 0.225 0.181 0.366 0.431
249.040 11 0.214 0.178 0.370 0.456
249.080 11 0.214 0.178 0.372 0.461
249.120 11 0.211 0.178 0.370 0.461
249.160 11 0.211 0.178 0.369 0.464
249.200 11 0.209 0.181 0.367 0.461
249.240 11 0.208 0.181 0.367 0.464
249.280 11 0.208 0.181 0.366 0.461
249.320 11 0.206 0.181 0.364 0.464
249.360 11 0.206 0.181 0.362 0.461
249.400 11 0.205 0.183 0.361 0.461
249.440 11 0.205 0.183 0.361 0.464
249.480 11 0.203 0.183 0.361 0.464
249.520 11 0.203 0.181 0.361 0.464
249.560 11 0.202 0.178 0.359 0.461
249.600 11 0.205 0.183 0.361 0.461
249.640 11 0.198 0.181 0.356 0.461
249.680 11 0.203 0.183 0.358 0.461
249.720 11 0.202 0.183 0.358 0.461
249.760 11 0.202 0.181 0.358 0.461
249.800 11 0.203 0.183 0.358 0.461
249.840 11 0.202 0.183 0.358 0.461
249.880 11 0.202 0.183 0.358 0.461
249.920 11 0.203 0.183 0.359 0.461
249.960 11 0.206 0.181 0.364 0.464
250.000 11 0.197 0.183 0.364 0.483
250.040 11 0.203 0.178 0.366 0.469
250.080 11 0.203 0.178 0.366 0.469
250.120 11 0.205 0.178 0.369 0.472
250.160 11 0.200 0.178 0.362 0.472
250.200 11 0.202 0.181 0.364 0.472
250.240 11 0.195 0.178 0.359 0.472
250.280 11 0.197 0.181 0.358 0.472
250.320 11 0.197 0.181 0.358 0.469
250.360 11 0.198 0.181 0.359 0.472
250.400 11 0.195 0.181 0.356 0.469
250.440 11 0.198 0.178 0.361 0.469
250.480 11 0.197 0.178 0.358 0.467
250.520 11 0.197 0.178 0.358 0.464
250.560 11 0.195 0.178 0.356 0.464
250.600 11 0.195 0.178 0.356 0.464
250.640 11 0.195 0.175 0.356 0.464
250.680 11 0.197 0.172 0.359 0.461
250.720 11 0.200 0.169 0.361 0.458
250.760 11 0.202 0.167 0.362 0.458
250.800 11 0.205 0.167 0.366 0.458
250.840 11 0.205 0.164 0.370 0.458
250.880 11 0.206 0.161 0.373 0.458
250.920 11 0.211 0.164 0.375 0.458
250.960 11 0.209 0.156 0.380 0.461
251.000 11 0.216 0.150 0.383 0.450
251.040 11 0.228 0.164 0.378 0.431
251.080 11 0.227 0.161 0.378 0.433
251.120 11 0.227 0.161 0.380 0.433
251.160 11 0.227 0.161 0.380 0.433
251.200 11 0.228 0.161 0.381 0.433
251.240 11 0.227 0.161 0.378 0.431
251.280 11 0.231 0.164 0.381 0.433
251.320 11 0.228 0.161 0.381 0.433
251.360 11 0.227 0.161 0.380 0.433
251.400 11 0.228 0.161 0.383 0.436
251.440 11 0.228 0.161 0.383 0.436
251.480 11 0.228 0.158 0.383 0.436
251.520 11 0.227 0.158 0.383 0.439
251.560 11 0.228 0.158 0.384 0.439
251.600 11 0.225 0.161 0.380 0.439
251.640 11 0.227 0.161 0.381 0.436
251.680 11 0.227 0.161 0.380 0.436
251.720 11 0.227 0.161 0.380 0.436
251.760 11 0.222 0.158 0.378 0.439
251.800 11 0.222 0.167 0.377 0.444
251.840 11 0.219 0.167 0.375 0.450
251.880 11 0.219 0.169 0.373 0.447
251.920 11 0.217 0.169 0.372 0.447
251.960 11 0.217 0.169 0.372 0.447
252.000 11 0.225 0.181 0.366 0.431
252.040 11 0.214 0.161 0.373 0.444
252.080 11 0.214 0.164 0.370 0.442
252.120 11 0.214 0.164 0.370 0.442
252.160 11 0.212 0.158 0.372 0.444
252.200 11 0.216 0.161 0.372 0.442
252.240 11 0.214 0.158 0.373 0.442
252.280 11 0.219 0.161 0.373 0.439
252.320 11 0.220 0.161 0.378 0.442
252.360 11 0.222 0.161 0.378 0.439
252.400 11 0.223 0.164 0.380 0.442
252.440 11 0.227 0.164 0.381 0.442
252.480 11 0.228 0.164 0.383 0.442
252.520 11 0.231 0.169 0.384 0.442
252.560 11 0.228 0.169 0.381 0.442
252.600 11 0.230 0.167 0.384 0.444
252.640 11 0.230 0.164 0.388 0.447
252.680 11 0.228 0.164 0.386 0.444
252.720 11 0.228 0.164 0.384 0.444
252.760 11 0.230 0.164 0.384 0.442
252.800 11 0.228 0.167 0.381 0.439
252.840 11 0.231 0.167 0.384 0.439
252.880 11 0.228 0.164 0.383 0.442
252.920 11 0.230 0.169 0.380 0.439
252.960 11 0.230 0.169 0.380 0.439
253.000 11 0.216 0.150 0.383 0.450
253.040 11 0.208 0.150 0.381 0.461
253.080 11 0.211 0.153 0.381 0.458
253.120 11 0.211 0.153 0.381 0.458
253.160 11 0.209 0.153 0.380 0.458
253.200 11 0.206 0.150 0.378 0.458
253.240 11 0.209 0.153 0.380 0.458
253.280 11 0.209 0.153 0.378 0.456
253.320 11 0.208 0.153 0.377 0.456
253.360 11 0.208 0.150 0.377 0.453
253.400 11 0.206 0.150 0.375 0.453
253.440 11 0.206 0.150 0.373 0.453
253.480 11 0.205 0.150 0.373 0.453
253.520 11 0.202 0.150 0.370 0.453
253.560 11 0.203 0.150 0.372 0.450
253.600 11 0.203 0.150 0.370 0.450
253.640 11 0.202 0.147 0.370 0.450
253.680 11 0.202 0.147 0.370 0.450
253.720 11 0.202 0.150 0.370 0.450
253.760 11 0.202 0.150 0.369 0.450
253.800 11 0.202 0.150 0.369 0.450
253.840 11 0.202 0.150 0.369 0.447
253.880 11 0.202 0.150 0.367 0.447
253.920 11 0.200 0.147 0.367 0.447
253.960 11 0.200 0.147 0.366 0.444
254.000 11 0.197 0.150 0.364 0.450
254.040 11 0.194 0.144 0.362 0.447
254.080 11 0.195 0.150 0.359 0.444
254.120 11 0.192 0.150 0.358 0.447
254.160 11 0.192 0.156 0.356 0.447
254.200 11 0.192 0.153 0.355 0.447
254.240 11 0.191 0.153 0.355 0.447
254.280 11 0.189 0.153 0.355 0.447
254.320 11 0.189 0.156 0.353 0.450
254.360 11 0.186 0.153 0.355 0.456
254.400 11 0.186 0.158 0.353 0.458
254.440 11 0.184 0.156 0.353 0.458
254.480 11 0.184 0.158 0.352 0.458
254.520 11 0.184 0.158 0.352 0.458
254.560 11 0.186 0.156 0.353 0.456
254.600 11 0.181 0.153 0.350 0.456
254.640 11 0.184 0.156 0.352 0.456
254.680 11 0.183 0.153 0.352 0.456
254.720 11 0.183 0.153 0.352 0.456
254.760 11 0.183 0.156 0.352 0.458
254.800 11 0.183 0.156 0.352 0.458
254.840 11 0.181 0.156 0.350 0.461
254.880 11 0.177 0.156 0.347 0.461
254.920 11 0.178 0.156 0.347 0.458
254.960 11 0.177 0.153 0.347 0.458
255.000 11 0.178 0.150 0.345 0.450
255.040 11 0.178 0.150 0.345 0.450
255.080 11 0.178 0.150 0.345 0.450
255.120 11 0.178 0.150 0.345 0.450
255.160 11 0.181 0.147 0.352 0.453
255.200 11 0.180 0.150 0.347 0.450
255.240 11 0.181 0.147 0.353 0.456
255.280 11 0.180 0.150 0.348 0.453
255.320 11 0.183 0.147 0.353 0.453
255.360 11 0.180 0.147 0.348 0.450
255.400 11 0.184 0.147 0.353 0.450
255.440 11 0.181 0.147 0.350 0.450
255.480 11 0.186 0.144 0.356 0.453
255.520 11 0.184 0.142 0.355 0.450
255.560 11 0.184 0.150 0.356 0.458
255.600 11 0.191 0.150 0.361 0.453
255.640 11 0.188 0.144 0.359 0.450
255.680 11 0.192 0.144 0.362 0.453
255.720 11 0.195 0.147 0.364 0.450
255.760 11 0.197 0.144 0.367 0.447
255.800 11 0.200 0.144 0.367 0.444
255.840 11 0.205 0.139 0.372 0.442
255.880 11 0.208 0.136 0.380 0.444
255.920 11 0.209 0.136 0.381 0.442
255.960 11 0.216 0.136 0.384 0.439
256.000 11 0.216 0.150 0.383 0.450
256.040 11 0.220 0.144 0.395 0.458
256.080 11 0.217 0.144 0.392 0.458
256.120 11 0.220 0.150 0.391 0.456
256.160 11 0.219 0.150 0.388 0.453
256.200 11 0.216 0.150 0.386 0.456
256.240 11 0.214 0.150 0.383 0.456
256.280 11 0.211 0.150 0.381 0.453
256.320 11 0.209 0.147 0.380 0.453
256.360 11 0.208 0.144 0.378 0.453
256.400 11 0.205 0.142 0.378 0.453
256.440 11 0.202 0.142 0.377 0.456
256.480 11 0.200 0.144 0.373 0.456
256.520 11 0.198 0.147 0.370 0.456
256.560 11 0.197 0.147 0.370 0.456
256.600 11 0.198 0.147 0.370 0.456
256.640 11 0.194 0.147 0.366 0.456
256.680 11 0.197 0.150 0.367 0.453
256.720 11 0.192 0.150 0.361 0.453
256.760 11 0.194 0.147 0.362 0.450
256.800 11 0.189 0.147 0.358 0.450
256.840 11 0.192 0.147 0.359 0.450
256.880 11 0.192 0.147 0.359 0.447
256.920 11 0.192 0.150 0.359 0.450
256.960 11 0.192 0.150 0.359 0.450
257.000 11 0.197 0.150 0.364 0.450
257.040 11 0.197 0.142 0.364 0.442
257.080 11 0.197 0.142 0.364 0.444
257.120 11 0.197 0.144 0.364 0.444
257.160 11 0.197 0.144 0.364 0.444
257.200 11 0.197 0.147 0.361 0.442
257.240 11 0.202 0.150 0.364 0.442
257.280 11 0.197 0.147 0.362 0.442
257.320 11 0.198 0.147 0.362 0.444
257.360 11 0.197 0.150 0.359 0.442
257.400 11 0.198 0.150 0.364 0.447
257.440 11 0.197 0.147 0.362 0.444
257.480 11 0.195 0.147 0.361 0.444
257.520 11 0.197 0.147 0.364 0.447
257.560 11 0.198 0.147 0.366 0.447
257.600 11 0.198 0.147 0.366 0.447
257.640 11 0.198 0.147 0.364 0.444
257.680 11 0.202 0.153 0.364 0.444
257.720 11 0.197 0.156 0.359 0.444
257.760 11 0.203 0.161 0.362 0.447
257.800 11 0.198 0.158 0.359 0.447
257.840 11 0.202 0.156 0.366 0.447
257.880 11 0.198 0.153 0.364 0.447
257.920 11 0.198 0.156 0.366 0.453
257.960 11 0.197 0.156 0.366 0.458
258.000 11 0.197 0.150 0.364 0.450
258.040 11 0.195 0.150 0.364 0.450
258.080 11 0.195 0.147 0.362 0.450
258.120 11 0.192 0.147 0.362 0.450
258.160 11 0.184 0.142 0.359 0.456
258.200 11 0.181 0.147 0.355 0.456
258.240 11 0.186 0.144 0.359 0.453
258.280 11 0.177 0.142 0.348 0.450
258.320 11 0.181 0.139 0.353 0.450
258.360 11 0.172 0.136 0.344 0.444
258.400 11 0.181 0.139 0.353 0.450
258.440 11 0.180 0.142 0.352 0.447
258.480 11 0.186 0.142 0.356 0.447
