55.680 62.080 1392 1552 claire_gibault 1.000
96.080 99.360 2402 2484 jean_francois_sivadier 1.000
229.920 238.240 5748 5956 francois_riviere 1.000
568.280 574.280 14207 14357 francois_riviere 1.000
1030.440 1037.440 25761 25936 francois_riviere 1.000
1117.840 1124.840 27946 28121 claire_gibault 1.000
1199.400 1205.600 29985 30140 jean_francois_sivadier 1.000
1372.240 1375.400 34306 34385 jean_francois_sivadier 1.000
1495.320 1503.880 37383 37597 jean_francois_sivadier 1.000
1686.320 1692.920 42158 42323 jean_francois_sivadier 1.000
1736.200 1740.040 43405 43501 didier_georges_gabily 1.000
1819.640 1827.240 45491 45681 jean_francois_sivadier 1.000
1952.120 1958.960 48803 48974 jean_francois_sivadier 1.000
2518.240 2525.120 62956 63128 nicolas_vial 1.000
