489.000 490.480 12225 12262 couleur_soleil_poussin 1.000
1521.600 1524.000 38040 38100 isabelle_martinet 1.000
1853.080 1866.960 46327 46674 la_belle_vie 0.800
1855.720 1866.960 46393 46674 joe_dassin 1.000
1871.600 1877.680 46790 46942 une_seule_vi 1.000
1871.640 1877.680 46791 46942 la_belle_vie 0.800
1886.320 1890.960 47158 47274 la_belle_vie 0.800
1921.080 1926.000 48027 48150 faire_comme_tout_le_monde 1.000
1970.720 1978.760 49268 49469 joe_dassin 1.000
2138.960 2152.320 53474 53808 joe_dassin 1.000
2176.920 2180.000 54423 54500 joe_dassin 1.000
2253.720 2257.240 56343 56431 tapi_dans_mon_esprit 1.000
2271.240 2311.760 56781 57794 tapi_dans_mon_esprit 1.000
2344.080 2347.680 58602 58692 joe_dassin 1.000
2409.120 2412.080 60228 60302 caches_dans_les_rochers 1.000
2461.640 2463.160 61541 61579 joe_dassin 1.000
2477.040 2478.280 61926 61957 joe_dassin 1.000
2721.040 2723.240 68026 68081 levee_sans_reveil 1.000
2772.640 2775.760 69316 69394 hal_uta_gain 1.000
2953.480 2954.880 73837 73872 maintenant_c_est_le_gloss 0.952
3181.560 3183.240 79539 79581 jean_de_garrigues 0.867
