0 0
1 1
2 2
3 0
4 1
5 5
6 1
7 2
8 8
9 9
10 2
11 1
12 12
13 0
14 14
15 15
16 16
17 17
18 18
19 19
20 20
21 1
22 22
23 17
24 0
25 25
26 26
27 27
28 28
29 1
30 30
31 1
32 32
33 9
34 0
35 30
36 36
37 8
38 38
39 19
40 8
41 19
42 42
43 43
44 1
45 45
46 2
47 0
48 30
49 49
50 18
51 0
52 0
53 30
54 0
55 12
56 5
57 57
58 58
59 59
60 5
61 61
62 12
63 5
64 43
65 57
66 27
67 19
68 68
69 69
70 68
71 5
72 72
73 57
74 15
75 5
76 76
77 5
78 59
79 79
80 57
81 57
82 82
83 57
84 19
85 5
86 57
87 87
88 57
89 79
90 5
91 91
92 92
93 12
94 82
95 95
96 68
97 5
98 68
99 5
100 100
101 59
102 5
103 59
104 5
105 57
106 106
107 57
108 92
109 91
110 57
111 111
112 112
113 57
114 27
115 115
116 116
117 117
118 118
119 12
120 22
121 22
122 122
123 123
124 122
125 19
126 122
127 100
128 45
129 122
130 22
131 131
132 122
133 133
134 122
135 135
136 15
137 137
138 22
139 139
140 45
141 19
142 45
143 139
144 144
145 27
146 146
147 92
148 27
149 19
150 12
151 27
152 5
153 30
154 154
155 1
156 154
157 0
158 17
159 139
160 17
161 8
162 162
163 19
164 0
165 17
166 166
167 30
168 17
169 22
170 1
171 17
172 172
173 1
174 19
175 1
176 12
177 177
178 178
179 1
180 180
181 0
182 22
183 1
184 1
185 17
186 8
187 18
188 188
189 0
190 22
191 191
192 17
193 0
194 166
195 195
196 196
197 1
198 8
199 199
200 200
201 1
202 27
203 1
204 1
205 36
206 1
207 8
208 208
209 17
210 1
211 0
212 19
213 8
214 19
215 19
216 8
217 217
218 218
219 19
220 220
221 8
222 222
223 223
224 224
225 8
226 19
227 227
228 228
229 19
230 30
231 8
232 8
233 233
234 8
235 19
236 122
237 8
238 27
239 22
240 122
241 122
242 242
243 243
244 45
245 45
246 246
247 45
248 1
249 122
250 250
251 92
252 91
253 19
254 122
255 122
256 246
257 22
258 122
259 259
260 92
261 5
262 45
263 263
264 45
265 45
266 266
267 122
268 15
269 135
270 270
271 178
272 12
273 5
274 27
275 15
276 5
277 30
278 19
279 30
280 19
281 30
282 19
283 12
284 27
285 18
286 19
287 2
288 1
289 30
290 12
291 0
292 12
293 2
294 17
295 1
296 0
297 30
298 178
299 19
300 18
301 1
302 0
303 1
304 5
305 1
306 306
307 8
308 5
309 59
310 68
311 57
312 19
313 5
314 91
315 68
316 68
317 59
318 139
319 5
320 82
321 5
322 100
323 92
324 324
325 68
326 19
327 68
328 59
329 5
330 57
331 331
332 57
333 0
334 5
335 0
336 68
337 1
338 68
339 69
340 340
341 68
342 342
343 15
344 12
345 57
346 19
347 57
348 91
349 92
350 59
351 57
352 178
353 5
354 15
355 5
356 356
357 357
358 12
359 359
360 360
361 5
362 27
363 5
364 15
365 12
366 12
367 91
368 115
369 12
370 370
371 5
372 342
373 139
374 5
375 154
376 27
377 27
378 27
379 27
380 380
381 381
382 382
383 383
384 384
385 385
386 386
387 387
388 388
389 389
390 390
391 391
392 392
393 393
394 394
395 391
396 390
397 394
398 393
399 389
400 400
401 401
402 402
403 403
404 401
405 389
406 393
407 394
408 408
409 391
410 410
411 411
412 393
413 394
414 390
415 401
416 416
417 417
418 401
419 419
420 420
421 416
422 416
423 423
424 424
425 425
426 426
427 427
428 428
429 429
430 430
431 220
432 432
433 433
434 434
435 424
436 436
437 437
438 438
439 439
440 440
441 438
442 442
443 443
444 444
445 17
446 5
447 0
448 448
449 449
450 0
451 1
452 452
453 5
454 1
455 0
456 19
457 0
458 1
459 16
460 460
461 16
462 0
463 463
464 0
465 1
466 12
467 14
468 19
469 469
470 18
471 9
472 0
473 1
474 228
475 9
476 476
477 22
478 1
479 19
480 1
481 196
482 16
483 0
484 18
485 19
486 1
487 487
488 488
489 17
490 27
491 9
492 228
493 5
494 17
495 19
496 18
497 9
498 1
499 0
500 0
501 30
502 1
503 30
504 1
505 19
506 0
507 507
508 22
509 1
510 0
511 1
512 19
513 1
514 133
515 0
516 195
517 19
518 8
519 19
520 222
521 8
522 19
523 523
524 27
525 8
526 526
527 8
528 30
529 19
530 30
531 531
532 532
533 8
534 12
535 8
536 536
537 19
538 30
539 539
540 14
541 12
542 122
543 45
544 544
545 122
546 45
547 547
548 45
549 12
550 22
551 27
552 30
553 45
554 554
555 555
556 45
557 242
558 133
559 22
560 122
561 19
562 122
563 563
564 139
565 122
566 22
567 45
568 568
569 122
570 45
571 122
572 246
573 122
574 45
575 12
576 45
577 45
578 5
579 92
580 45
581 581
582 45
583 5
584 45
585 45
586 122
587 45
588 45
589 589
590 590
591 22
592 122
593 27
594 27
595 27
596 27
597 597
598 598
599 599
600 600
601 601
602 602
603 603
604 604
605 604
606 604
607 604
608 608
609 609
610 610
611 611
612 612
613 613
614 614
615 615
616 616
617 615
618 614
619 619
620 620
621 621
622 622
623 623
624 624
625 622
626 626
627 627
628 628
629 629
630 630
631 444
632 30
633 19
634 634
635 30
636 30
637 12
638 30
639 2
640 0
641 641
642 19
643 643
644 12
645 1
646 30
647 0
648 2
649 0
650 9
651 9
652 0
653 653
654 1
655 22
656 30
657 0
658 1
659 0
660 660
661 526
662 8
663 663
664 5
665 1
666 17
667 5
668 30
669 12
670 8
671 18
672 30
673 19
674 22
675 30
676 8
677 677
678 30
679 19
680 8
681 8
682 22
683 19
684 19
685 5
686 8
687 12
688 8
689 19
690 30
691 691
692 19
693 5
694 694
695 1
696 5
697 59
698 698
699 36
700 5
701 15
702 68
703 19
704 12
705 5
706 59
707 68
708 12
709 5
710 19
711 5
712 92
713 5
714 15
715 5
716 19
717 12
718 718
719 45
720 122
721 22
722 12
723 22
724 724
725 22
726 27
727 727
728 19
729 45
730 15
731 731
732 122
733 12
734 45
735 12
736 736
737 19
738 45
739 45
740 122
741 741
742 45
743 743
744 744
745 45
746 139
747 747
748 731
749 45
750 19
751 122
752 45
753 19
754 45
755 589
756 5
757 92
758 27
759 8
760 8
761 19
762 8
763 19
764 19
765 765
766 766
767 767
768 5
769 68
770 770
771 771
772 91
773 68
774 91
775 765
776 776
777 91
778 92
779 30
780 770
781 91
782 5
783 57
784 5
785 770
786 786
787 1
788 30
789 14
790 1
791 0
792 14
793 27
794 30
795 8
796 796
797 12
798 19
799 30
800 19
801 8
802 19
803 19
804 19
805 805
806 806
807 27
808 5
809 8
810 18
811 122
812 45
813 45
814 814
815 45
816 19
817 45
818 122
819 14
820 0
821 43
822 765
823 823
824 14
825 825
826 14
827 1
828 0
829 8
830 765
831 19
832 19
833 8
834 12
835 835
836 836
837 837
838 837
839 837
840 840
841 837
842 842
843 843
844 844
845 845
846 846
847 847
848 848
849 849
850 850
851 851
852 852
853 853
854 854
855 855
856 856
857 857
858 858
859 859
860 860
861 861
862 862
863 863
864 864
865 865
866 866
867 867
868 868
869 869
870 870
871 871
872 872
873 873
874 874
875 875
876 876
877 877
878 878
879 879
880 880
881 881
882 882
883 883
884 884
885 885
886 886
887 882
888 883
889 886
890 884
891 891
892 892
893 883
894 894
895 895
896 884
897 897
