0 0
1 1
2 2
3 3
4 4
5 5
6 6
7 4
8 8
9 9
10 10
11 11
12 12
13 13
14 14
15 15
16 16
17 17
18 17
19 19
20 20
21 21
22 22
23 23
24 24
25 25
26 26
27 27
28 28
29 29
30 30
31 31
32 32
33 33
34 33
35 35
36 33
37 33
38 38
39 35
40 40
41 35
42 33
43 33
44 35
45 45
46 46
47 35
48 23
49 49
50 50
51 50
52 52
53 50
54 52
55 50
56 50
57 50
58 58
59 59
60 59
61 61
62 62
63 63
64 63
65 65
66 66
67 67
68 68
69 69
70 70
71 71
72 62
73 73
74 62
75 75
76 76
77 77
78 78
79 79
80 80
81 81
82 82
83 83
84 84
85 85
86 86
87 87
88 88
89 89
90 90
91 91
92 92
93 91
94 94
95 95
96 96
97 97
98 97
99 97
100 100
101 101
102 102
103 103
104 102
105 102
106 106
107 107
108 102
109 109
110 110
111 111
112 102
113 113
114 114
115 102
116 116
117 116
118 118
119 119
120 120
121 118
122 122
123 120
124 118
125 118
126 126
127 118
128 126
129 120
130 118
131 118
132 97
133 97
134 134
135 135
136 135
137 135
138 138
139 135
140 140
141 141
142 142
143 143
144 144
145 142
146 146
147 147
148 148
149 149
150 150
151 151
152 152
153 153
154 154
155 155
156 156
157 156
158 158
159 159
160 160
161 161
162 162
163 163
164 162
165 165
166 166
167 167
168 168
169 169
170 169
171 169
172 172
173 173
174 174
175 175
176 80
177 177
178 178
179 179
180 97
181 181
182 182
183 182
184 184
185 185
186 186
187 187
188 181
189 181
190 190
191 191
192 192
193 193
194 194
195 195
196 196
197 197
198 198
199 162
200 200
201 201
202 202
203 102
204 204
205 80
