0 0
1 1
2 2
3 3
4 4
5 3
6 6
7 7
8 8
9 9
10 10
11 11
12 12
13 13
14 12
15 12
16 16
17 17
18 12
19 19
20 20
21 21
22 22
23 23
24 23
25 25
26 26
27 27
28 28
29 29
30 29
31 31
32 32
33 33
34 34
35 29
36 36
37 37
38 38
39 39
40 40
41 41
42 42
43 43
44 44
45 44
46 43
47 43
48 48
49 28
50 12
51 12
52 52
53 53
54 54
55 55
56 56
57 56
58 58
59 59
60 56
61 56
62 62
63 56
64 62
65 65
66 66
67 67
68 68
69 69
70 70
71 71
72 72
73 73
74 74
75 75
76 76
77 77
78 78
79 12
80 80
81 12
82 82
83 83
84 84
85 85
86 82
87 87
88 88
89 89
90 90
91 91
92 92
93 93
94 94
95 95
96 96
97 97
98 98
99 99
100 100
101 101
102 102
103 103
104 104
105 105
106 87
107 107
108 108
109 87
110 108
111 89
112 112
113 113
114 114
115 115
116 87
117 117
118 107
119 119
120 89
121 121
122 89
123 123
124 87
125 119
126 126
127 87
128 87
129 121
130 117
131 131
132 132
133 133
134 134
135 121
136 136
137 137
138 126
139 87
140 87
141 137
142 121
143 131
144 117
145 121
146 146
147 147
148 148
149 137
150 107
151 137
152 152
153 137
154 107
155 155
156 137
157 157
158 121
159 87
160 160
161 119
162 148
163 163
164 164
165 87
166 121
167 117
168 168
169 169
170 170
171 171
172 172
173 173
174 107
175 117
176 176
177 177
178 117
179 131
180 121
181 117
182 182
183 171
184 131
185 117
186 121
187 115
188 188
189 189
190 188
191 87
192 171
193 193
194 107
195 188
196 196
197 121
198 188
199 199
200 121
201 188
202 202
203 203
204 188
205 137
206 87
207 207
208 87
209 107
210 193
211 114
212 212
213 119
214 214
215 87
216 137
217 217
218 214
219 121
220 87
221 121
222 117
223 131
224 224
225 137
226 226
227 227
228 228
229 121
230 230
231 231
232 87
233 199
234 87
235 235
236 112
237 237
238 238
239 239
240 240
241 87
242 87
243 243
244 87
245 107
246 87
247 199
248 121
249 249
250 250
251 121
252 252
253 253
254 121
255 117
256 121
257 107
258 152
259 259
260 260
261 117
262 131
263 121
264 264
265 121
266 266
267 121
268 264
269 121
270 117
271 117
272 260
273 131
274 152
275 87
276 260
277 119
278 177
279 107
280 137
281 121
282 107
283 283
284 107
285 87
286 152
287 152
288 288
289 152
290 107
291 152
292 87
293 293
294 294
295 295
296 117
297 297
298 121
299 299
300 107
301 117
302 117
303 303
304 304
305 305
306 306
307 307
308 152
309 117
310 121
311 311
312 87
313 121
314 137
315 315
316 121
317 137
318 318
319 121
320 107
321 321
322 107
323 137
324 121
325 117
326 137
327 327
328 328
329 253
330 87
331 121
332 214
333 333
334 334
335 335
336 260
337 117
338 121
339 260
340 131
341 117
342 199
343 260
344 344
345 345
346 260
347 131
348 334
349 349
350 121
351 260
352 117
353 131
354 354
355 121
356 356
357 117
358 260
359 131
360 121
361 259
362 87
363 107
364 87
365 365
366 87
367 137
368 107
369 369
370 107
371 371
372 117
373 121
374 137
375 117
376 107
377 334
378 121
379 112
380 107
381 381
382 382
383 107
384 384
385 107
386 381
387 107
388 137
389 389
390 390
391 107
392 392
393 87
394 214
395 87
396 121
397 87
398 107
399 87
400 400
401 107
402 214
403 252
404 253
405 405
406 121
407 214
408 107
409 409
410 410
411 411
412 412
413 413
414 414
415 137
416 416
417 148
418 137
419 419
420 420
421 89
422 422
423 423
424 424
425 137
426 426
427 427
428 428
429 429
430 430
431 431
432 432
433 433
434 434
435 435
436 436
437 437
438 438
439 439
440 440
441 441
442 442
443 443
444 443
445 443
446 446
447 443
448 448
449 449
450 450
451 443
452 450
453 443
454 454
455 439
456 456
457 457
458 457
459 459
460 457
461 461
462 457
463 463
464 457
465 457
466 463
467 457
468 457
469 457
470 457
471 471
472 463
473 457
474 457
475 475
476 438
477 457
478 478
479 479
480 480
481 481
482 482
483 483
484 481
485 485
486 486
487 487
488 488
489 489
490 490
491 491
492 487
493 493
494 487
495 495
496 496
497 489
498 498
499 499
500 500
501 501
502 489
503 489
504 504
505 505
506 489
507 487
508 508
509 509
510 489
511 487
512 488
513 489
514 490
515 515
516 516
517 517
518 517
519 517
520 517
521 521
522 517
523 517
524 524
525 524
526 524
527 524
528 528
529 528
530 528
531 528
532 532
533 528
534 528
535 489
536 521
537 521
538 538
539 538
540 538
541 541
542 542
543 489
544 489
545 545
546 546
547 547
548 438
549 549
550 490
551 490
552 490
553 490
554 489
555 555
556 555
557 557
558 558
559 559
560 560
561 561
562 561
563 561
