0 0
1 1
2 0
3 1
4 0
5 0
6 6
7 0
8 8
9 9
10 10
11 10
12 0
13 13
14 0
15 0
16 16
17 0
18 18
19 1
20 0
21 21
22 0
23 1
24 0
25 21
26 0
27 0
28 0
29 16
30 0
31 0
32 32
33 0
34 0
35 0
36 36
37 0
38 9
39 0
40 1
41 41
42 0
43 1
44 0
45 45
46 0
47 45
48 0
49 0
50 0
51 45
52 52
53 0
54 45
55 45
56 0
57 0
58 0
59 0
60 0
61 10
62 0
63 9
64 18
65 0
66 21
67 0
68 68
69 69
70 8
71 0
72 21
73 0
74 9
75 36
76 0
77 21
78 0
79 0
80 0
81 0
82 0
83 0
84 0
85 45
86 0
87 0
88 8
89 9
90 0
91 0
92 0
93 0
94 0
95 0
96 0
97 0
98 10
99 0
100 52
101 0
102 32
103 9
104 104
105 0
106 106
107 107
108 0
109 109
110 0
111 0
112 45
113 0
114 0
115 0
116 0
117 36
118 0
119 0
120 10
121 121
122 52
123 123
124 45
125 18
126 126
127 127
128 45
129 0
130 130
131 10
134 134
135 135
136 135
137 137
138 138
139 138
140 10
141 141
142 52
143 143
144 144
145 145
146 10
147 147
148 10
149 149
150 141
151 149
152 145
153 153
154 154
155 155
156 156
157 157
158 156
159 159
160 141
161 156
162 162
163 157
164 145
165 10
166 154
167 162
168 168
169 154
170 157
171 154
172 157
173 145
174 174
175 157
176 176
177 177
178 157
179 156
180 157
181 177
182 145
183 10
184 162
185 157
186 186
187 52
188 157
189 189
190 10
191 157
192 10
193 157
194 194
195 157
196 154
197 157
198 194
199 156
200 157
201 145
202 52
203 157
204 141
205 52
206 157
207 156
208 157
209 209
210 157
211 52
212 212
213 141
214 157
215 10
216 141
217 10
218 162
219 156
220 154
221 10
222 10
223 223
224 157
225 225
226 226
227 156
228 162
229 156
230 145
231 10
232 157
233 157
234 141
235 235
236 145
237 237
238 156
239 239
240 240
241 154
242 157
243 209
244 157
245 157
246 157
247 162
248 194
249 156
250 157
251 194
252 156
253 147
254 10
255 255
256 10
257 154
258 10
259 145
260 157
261 10
262 145
263 52
264 52
265 138
266 138
267 267
268 268
269 269
270 270
271 270
272 272
273 273
274 272
275 275
276 275
277 277
278 278
279 279
280 278
282 282
283 270
284 272
285 285
286 286
287 272
288 282
289 289
290 290
291 291
292 282
293 270
294 282
295 145
296 10
297 10
298 52
299 299
300 10
301 301
302 302
303 303
304 10
305 52
306 10
307 307
308 308
309 141
310 138
311 302
312 308
313 149
314 302
315 315
316 149
317 149
318 10
319 145
320 320
321 149
322 52
323 149
324 324
325 325
326 326
327 327
328 328
329 329
330 325
331 331
332 332
333 333
334 334
335 327
336 336
337 337
338 325
339 325
340 340
341 328
342 342
343 325
344 325
345 345
346 346
347 347
348 328
349 340
350 328
351 340
352 325
353 346
354 346
355 355
356 328
357 328
358 358
359 10
360 360
361 361
362 147
363 52
364 328
365 327
366 366
367 367
368 327
369 340
370 332
371 302
372 302
373 340
374 374
375 375
376 149
377 377
378 149
379 147
380 10
381 149
382 149
383 145
384 52
385 149
386 149
387 149
388 149
389 149
390 149
391 391
392 52
393 149
394 394
395 145
396 149
397 149
398 10
399 399
400 149
401 138
402 402
403 10
404 10
405 10
406 138
407 138
408 408
409 409
410 410
411 411
412 412
413 413
414 414
415 415
416 415
417 417
418 418
419 419
420 420
421 421
422 422
423 423
424 424
425 425
426 424
427 424
428 145
429 10
430 10
431 147
432 52
433 138
434 52
435 147
436 138
437 141
438 10
439 439
440 10
441 441
442 52
443 443
444 10
445 445
446 446
447 10
448 10
449 449
450 450
451 149
452 145
453 10
454 138
455 149
456 138
457 153
458 145
459 10
460 460
461 461
462 462
463 463
464 52
465 462
466 466
467 467
468 468
469 469
470 470
471 471
472 472
473 473
474 474
475 475
476 475
477 477
478 478
479 479
480 480
481 481
482 480
483 483
484 484
485 479
486 486
487 478
488 488
489 489
490 490
491 491
492 492
493 491
494 494
495 495
496 496
497 497
498 498
499 499
500 500
501 138
502 10
503 141
504 52
505 505
506 10
507 507
508 10
509 145
510 10
511 511
512 512
513 145
514 52
515 505
516 516
517 505
518 145
519 519
520 505
521 507
522 516
523 52
524 145
525 512
526 52
527 145
528 505
529 505
530 516
531 531
532 505
533 516
534 505
535 10
536 147
537 512
538 507
539 539
540 540
541 507
542 542
544 10
545 542
546 546
547 507
548 10
549 10
550 52
551 512
552 552
553 10
554 516
555 505
556 556
557 505
558 10
559 147
560 235
561 147
562 542
563 147
564 512
565 10
566 10
567 145
568 512
569 512
570 542
571 512
572 512
573 516
574 512
575 10
576 576
577 10
578 10
579 145
580 52
581 581
582 302
583 147
584 584
585 505
586 516
587 145
588 10
589 141
590 10
591 516
592 505
593 593
594 10
595 595
596 505
597 516
598 505
599 52
600 52
601 145
602 516
603 145
604 10
605 605
606 516
607 607
608 608
609 609
610 505
611 10
612 512
613 516
614 52
615 552
616 10
617 145
618 618
619 145
620 10
621 512
622 622
623 542
624 512
625 516
626 542
627 627
628 138
629 629
630 630
631 177
632 584
633 633
634 546
635 512
636 516
637 542
638 512
639 147
640 627
641 542
642 10
643 147
644 52
645 542
646 505
647 542
648 507
649 10
650 147
651 516
652 605
653 505
654 10
655 655
656 145
657 505
658 10
659 145
660 516
661 145
662 662
663 516
664 664
665 665
666 516
667 516
668 507
669 302
670 145
671 302
672 512
673 10
674 147
675 302
676 52
677 153
678 52
679 679
680 302
681 138
682 682
683 683
684 684
685 685
686 686
687 687
688 688
689 689
690 690
691 691
692 692
693 690
694 694
695 695
696 696
697 697
698 688
699 699
700 700
701 701
702 702
703 702
704 704
705 705
706 706
707 707
708 708
709 709
710 710
711 711
712 712
713 713
714 712
715 145
716 10
717 10
718 516
719 552
720 516
721 552
722 722
723 516
724 724
725 516
726 507
727 727
728 507
729 512
730 507
731 605
732 507
733 505
734 516
735 52
736 736
737 516
738 738
739 505
740 10
741 505
742 516
743 516
744 145
745 52
746 746
747 52
748 145
749 505
750 750
751 605
752 505
753 52
754 145
755 505
756 516
757 147
758 727
759 507
760 605
761 542
762 762
763 542
764 542
765 507
766 516
767 512
768 10
769 145
770 10
771 302
772 507
773 302
774 10
775 775
776 10
777 138
778 467
779 147
780 780
781 507
782 780
783 507
784 784
785 52
786 507
787 516
788 788
789 507
790 507
791 507
792 542
793 780
794 507
795 507
796 52
797 516
798 145
799 52
800 516
801 138
802 52
803 507
804 138
805 52
806 507
807 147
808 147
809 10
810 810
811 52
812 147
813 516
814 505
815 815
816 516
817 817
818 516
819 505
820 52
821 516
822 505
823 662
824 10
825 505
826 516
827 10
828 145
829 512
830 52
831 138
832 507
833 147
834 52
835 665
836 145
837 52
838 539
839 145
840 52
841 52
842 512
843 618
844 10
845 845
846 618
847 10
848 145
849 147
850 850
851 851
852 10
853 147
854 138
855 855
856 856
857 135
858 855
859 135
860 860
861 861
862 862
863 863
864 864
865 863
866 862
867 867
868 868
869 869
870 870
871 871
