0 0
1 1
3 3
4 4
5 5
6 6
7 7
8 8
9 9
10 10
11 11
12 12
13 13
14 14
15 11
16 16
17 17
18 14
19 9
20 20
21 9
22 22
23 9
24 24
25 9
26 26
27 27
28 28
29 27
30 30
31 31
32 32
33 27
34 34
35 35
36 36
37 37
38 38
39 39
40 40
41 37
42 42
43 27
44 44
45 45
46 37
47 47
48 35
49 27
50 37
51 51
52 27
53 38
54 27
55 55
56 27
57 37
58 58
59 59
60 5
61 5
62 62
63 63
64 64
65 65
66 66
67 67
68 66
69 66
70 70
71 71
72 72
73 11
74 67
75 75
76 14
77 70
78 9
79 79
80 80
81 81
82 81
83 83
84 70
85 85
86 70
87 87
88 88
89 70
90 14
91 81
92 92
93 11
94 80
95 70
96 96
97 97
98 80
99 11
100 100
101 101
102 9
103 27
104 11
105 105
106 70
107 14
108 9
109 109
110 70
111 13
112 81
113 70
114 109
115 70
116 80
117 66
118 70
119 81
120 120
121 80
122 122
123 9
124 124
125 80
126 66
127 127
128 128
129 80
130 9
131 128
132 132
133 128
134 134
135 70
136 14
137 81
138 80
139 81
140 67
141 141
142 67
143 141
144 67
145 145
146 67
147 147
148 148
149 149
150 150
151 147
152 150
153 80
154 97
155 80
156 156
157 81
158 158
159 9
160 80
161 128
162 27
163 163
164 70
165 14
166 70
167 80
168 66
169 81
170 170
171 171
172 67
173 173
174 81
175 14
176 80
177 158
178 81
179 9
180 70
181 70
182 14
183 70
184 81
185 66
186 109
187 81
188 188
189 189
190 189
191 27
192 189
193 193
194 194
195 189
196 10
197 189
198 198
199 199
200 199
201 201
202 202
203 203
204 204
205 204
206 66
207 70
208 66
209 70
210 109
211 80
212 11
213 213
214 214
215 14
216 81
217 217
218 218
219 219
220 11
221 70
222 81
223 14
224 81
225 9
226 70
227 109
228 228
229 109
230 9
231 109
232 70
233 233
234 109
235 9
236 70
237 81
238 70
239 14
240 9
241 27
242 9
243 9
244 244
245 245
246 246
247 245
248 248
249 199
250 250
251 199
252 252
253 253
254 199
255 255
256 255
257 257
258 258
259 70
260 255
261 261
262 255
263 66
264 264
265 265
266 255
267 267
268 10
269 269
270 261
271 267
272 255
273 273
274 274
275 66
276 70
277 9
278 81
279 80
280 11
281 81
282 9
283 70
284 80
285 14
286 286
287 287
288 109
289 81
290 70
291 14
292 81
293 80
294 10
295 10
296 128
297 11
298 10
299 80
300 300
301 300
302 300
303 11
304 150
305 10
307 150
308 11
309 80
310 150
311 150
312 312
313 150
314 80
315 150
316 316
317 150
318 10
319 11
320 320
321 255
322 80
323 109
324 14
325 325
326 326
327 81
328 199
329 326
330 109
331 331
332 81
333 9
334 81
335 335
336 81
337 70
338 81
339 109
340 81
341 13
342 70
343 343
344 81
345 345
346 70
347 347
348 150
349 80
350 350
351 351
352 27
353 9
354 80
355 81
356 14
357 357
358 9
359 80
360 27
361 361
362 81
363 14
364 80
365 365
366 9
367 14
368 70
369 27
370 9
371 81
372 70
373 9
374 27
375 128
376 219
377 377
378 378
379 379
380 380
381 128
382 219
383 383
384 80
385 9
386 70
387 70
388 388
389 70
390 9
392 7
393 14
394 394
395 14
396 396
397 267
398 398
399 66
400 27
401 9
402 402
403 267
404 404
405 267
406 267
407 407
408 267
409 409
410 410
411 411
412 409
413 413
414 267
415 9
416 14
417 264
418 267
419 9
420 267
421 421
422 267
423 9
424 267
425 425
426 426
427 427
428 428
429 429
430 430
431 267
432 432
433 9
434 267
435 267
436 14
437 264
438 264
439 267
440 66
441 264
442 442
443 443
444 444
445 445
446 446
447 447
448 448
449 449
450 450
451 451
452 452
453 453
454 264
455 9
456 27
457 9
458 458
459 264
460 460
461 461
462 264
463 463
464 464
465 465
466 461
467 267
468 461
469 9
470 470
471 461
472 27
473 267
474 474
475 264
476 264
477 264
478 267
479 479
480 267
481 9
482 264
483 267
484 484
485 485
486 485
487 487
488 488
489 489
490 490
491 267
492 14
493 470
494 494
495 267
496 470
497 9
498 80
499 70
500 128
501 27
502 13
503 264
504 264
505 505
506 505
507 505
508 264
509 509
511 509
512 512
513 505
514 264
515 505
516 267
517 27
518 470
519 505
520 520
521 9
522 14
523 267
524 267
525 9
526 267
527 527
528 528
529 527
530 530
531 470
532 532
533 100
534 27
535 535
536 9
537 537
538 14
539 267
540 470
541 541
542 542
543 543
544 544
545 545
546 267
547 547
548 548
549 545
550 542
551 543
552 545
553 553
554 547
555 545
556 14
557 267
558 547
559 9
560 560
561 543
562 541
563 545
564 564
565 470
566 547
567 14
568 564
569 545
570 570
571 545
572 267
573 547
574 574
575 575
576 553
577 543
578 564
579 543
580 267
581 267
582 14
583 267
584 543
585 564
586 543
587 587
588 14
589 267
590 560
591 14
592 267
593 564
594 267
595 564
596 543
597 597
598 564
599 267
600 14
601 564
602 267
603 14
604 541
605 564
606 570
607 564
608 267
609 14
610 564
611 564
612 612
613 541
614 267
615 14
616 616
617 267
618 616
619 14
620 542
621 564
622 9
623 543
624 564
625 543
626 9
627 564
628 267
629 629
630 553
631 631
632 267
633 14
634 564
635 635
636 543
637 9
638 564
639 553
640 14
641 267
642 27
643 643
644 470
645 267
646 14
647 9
648 267
649 649
650 650
651 651
652 652
653 653
654 654
655 653
656 656
657 657
658 658
659 654
660 660
661 661
662 662
663 663
664 657
665 665
666 666
667 14
668 470
669 66
670 27
671 671
672 66
673 673
674 66
675 9
676 9
677 66
678 470
679 470
680 14
681 9
682 470
683 14
684 470
685 27
686 267
687 14
688 27
689 80
690 27
691 80
692 27
693 80
694 100
695 13
696 267
697 697
698 267
699 267
700 267
701 14
702 267
703 66
704 27
705 9
706 706
707 707
708 708
709 66
710 14
711 711
712 712
713 27
714 128
715 715
716 14
717 715
718 718
719 719
720 128
721 721
722 722
723 718
724 128
725 715
726 14
727 727
728 718
729 715
730 718
731 731
732 14
733 715
734 128
735 735
736 736
737 9
738 738
739 715
740 711
741 741
742 715
743 711
744 14
745 745
746 128
747 711
748 14
749 749
750 128
751 751
752 711
753 753
754 754
755 718
756 9
757 757
758 14
759 759
760 760
761 761
762 718
763 715
764 764
765 718
766 766
767 718
768 715
769 14
770 718
771 771
772 772
773 718
774 14
775 715
776 718
777 777
778 778
779 779
780 715
781 479
782 715
783 783
784 718
785 785
786 786
787 787
788 711
789 789
790 718
791 791
792 792
793 735
794 794
795 14
796 711
797 128
798 711
799 799
800 800
801 128
802 128
803 14
804 804
805 718
806 715
807 128
808 715
809 809
810 14
811 804
812 812
813 128
814 814
815 718
816 816
817 817
818 718
819 819
820 820
821 718
822 128
823 823
824 711
825 715
826 826
827 718
828 828
829 718
830 830
831 711
832 832
833 715
834 718
835 711
836 836
837 128
838 838
839 839
840 715
841 14
842 128
843 715
844 715
845 832
846 14
847 711
848 718
849 849
850 718
851 14
852 711
853 832
854 854
855 128
856 711
857 128
858 711
859 14
860 804
861 832
862 718
863 14
864 711
865 786
866 849
867 867
868 711
869 869
870 128
871 735
872 9
873 718
874 874
875 875
876 832
877 711
878 14
879 718
880 718
881 715
882 882
883 718
884 786
885 13
886 832
887 887
888 718
889 711
890 14
891 715
892 718
893 849
894 875
895 895
896 715
897 718
898 721
899 128
900 711
901 715
902 832
903 14
904 718
905 13
906 128
907 907
908 908
909 909
910 14
911 718
912 909
913 735
914 914
915 915
916 916
917 718
918 718
919 9
920 287
921 14
922 718
923 909
924 718
925 715
926 915
927 718
928 718
929 929
930 909
931 9
932 932
933 718
934 934
935 711
936 936
937 832
938 718
939 14
940 718
941 941
942 942
943 943
944 718
945 711
946 718
947 13
948 128
949 735
950 27
951 761
952 66
953 953
954 954
955 761
956 956
957 957
958 9
959 959
960 960
961 961
962 962
963 963
964 963
966 966
967 967
968 968
969 37
970 963
971 37
972 963
973 27
974 963
975 9
976 963
977 9
978 978
979 979
980 980
981 27
982 982
983 983
984 984
985 963
986 66
987 987
988 988
989 962
990 963
991 963
992 992
993 962
994 9
995 963
996 988
997 997
998 988
999 962
1000 1000
1001 1001
1002 988
1003 963
1004 9
1005 1005
1006 1005
1007 1005
1008 1008
1009 1009
1010 1010
1011 1011
1012 1012
1013 1013
1014 1014
1015 1015
1016 1005
1017 1017
1018 1018
1019 27
1020 1020
1021 963
1022 9
1023 962
1024 963
1025 962
1026 963
1027 962
1028 1028
1029 1028
1030 962
1031 27
1032 963
1033 1028
1034 963
1035 1028
1036 1036
1037 963
1038 27
1039 37
1040 962
1041 1028
1042 963
1043 9
1044 1044
1045 963
1046 1028
1047 9
1048 962
1049 1028
1050 963
1051 1028
1052 27
1053 963
1054 1028
1055 9
1056 9
1057 1057
1058 1058
1059 1059
1060 1060
1061 1061
1062 1062
1063 1063
1064 1064
1065 1065
1067 1067
1068 1068
1069 1068
1070 1068
1071 1068
1072 1068
1073 1068
1074 1074
1075 1075
1076 1076
1077 1076
1078 1078
1079 1079
1080 1080
1081 962
1082 27
1083 9
1084 1084
1085 9
1086 963
1087 9
1088 128
1089 27
1090 1090
1091 1091
1092 27
1093 1093
1094 1094
1095 963
1096 14
1097 963
1098 14
1099 963
1100 9
1101 963
1102 14
1103 9
1104 80
1105 963
1106 14
1107 14
1108 1108
1109 1109
1110 1110
1111 1111
1112 1108
1113 1113
1114 963
1115 14
1116 963
1117 14
1118 1118
1119 1119
1120 1118
1121 1119
1122 1118
1123 1119
1124 1124
1126 1126
1127 1118
1128 1118
1129 1129
1130 1118
1131 1131
1132 963
1133 1133
1134 1119
1135 963
1136 1136
1137 1137
1138 83
1139 963
1140 9
1141 963
1142 1142
1143 1143
1144 1144
1145 11
1146 1146
1147 14
1148 1148
1149 1118
1150 1150
1151 1118
1152 1118
1153 1118
1154 1154
1155 1118
1156 1118
1157 1118
1158 1158
1159 1118
1160 1118
1161 1161
1162 1118
1163 1118
1164 1164
1165 1165
1166 963
1167 27
1168 14
1169 1169
1170 1170
1171 1171
1172 1172
1173 1137
1174 1174
1175 10
1176 963
1177 14
1178 27
1179 963
1180 14
1181 963
1182 1182
1183 1146
1184 1184
1185 1118
1186 1118
1187 1187
1188 1118
1189 1118
1190 1118
1191 1191
1192 1118
1193 1118
1194 1118
1195 1191
1196 1118
1197 1197
1198 1198
1199 963
1200 1200
1201 963
1202 1118
1203 1203
1204 1137
1205 963
1206 14
1207 1207
1208 963
1209 14
1210 27
1211 10
1212 1212
1213 962
1214 1214
1215 66
1216 963
1217 1217
1218 66
1219 9
1220 1220
1221 962
1222 14
1223 962
1224 9
1225 962
1226 11
1227 1227
1228 1228
1229 963
1230 962
1231 11
1232 1227
1233 963
1234 962
1235 9
1236 962
1237 1237
1238 1238
1239 1144
1240 963
1241 10
1242 1242
1243 11
1244 9
1245 1144
1246 962
1247 1247
1248 9
1249 963
1250 760
1251 962
1252 10
1253 1253
1254 962
1255 963
1256 963
1257 1253
1258 11
1259 1146
1260 962
1261 1261
1262 55
1263 800
1264 1144
1265 11
1266 1146
1267 962
1268 9
1269 963
1270 962
1271 9
1272 1272
1273 963
1274 9
1275 1275
1276 9
1277 9
1278 962
1279 1279
1280 1280
1281 1281
1282 1282
1283 1283
1284 1284
1285 9
1286 962
1287 11
1288 1282
1289 80
1290 963
1291 1291
1292 1146
1293 11
1294 963
1295 1295
1296 1296
1297 963
1298 9
1299 963
1300 963
1301 11
1302 1227
1303 1303
1304 963
1305 963
1306 1306
1307 1307
1308 963
1309 1309
1310 55
1311 11
1312 9
1313 963
1314 962
1315 80
1316 11
1317 963
1318 9
1319 963
1320 9
1321 9
1322 963
1323 9
1324 963
1325 9
1326 1306
1327 9
1328 963
1329 1146
1330 11
1331 1331
1332 10
1333 963
1334 9
1335 962
1336 963
1337 962
1338 10
1339 11
1340 963
1341 962
1342 9
1343 962
1344 9
1345 1345
1346 11
1347 10
1348 1348
1349 10
1350 11
1351 1331
1352 963
1353 9
1354 962
1355 12
1356 1356
1357 963
1358 9
1359 962
1360 963
1361 9
1362 10
1363 962
1364 9
1365 962
1366 963
1367 9
1368 962
1369 1369
1370 962
1371 963
1372 80
1373 11
1374 1374
1375 963
1376 9
1377 962
1378 9
1379 962
1380 963
1381 10
1382 9
1383 962
1384 963
1385 1385
1386 962
1387 962
1388 1388
1389 14
1390 55
1391 963
1392 962
1393 1388
1394 963
1395 962
1396 963
1397 1397
1398 1398
1399 9
1400 962
1401 962
1402 14
1403 55
1404 9
1405 963
1406 11
1407 1407
1408 962
1409 1409
1410 1214
1411 9
1412 963
1413 1118
1414 1414
1415 1414
1416 1416
1417 1417
1418 1417
1419 1419
1420 1420
1421 1421
1422 1417
1423 1423
1424 1424
1425 1425
1426 1424
1427 11
1428 1425
1429 1429
1430 14
1431 1431
1432 1432
1433 963
1434 1434
1435 1435
1436 1436
1437 1144
1438 9
1439 1439
1440 1144
1441 962
1442 962
1443 963
1444 1444
1445 1306
1446 9
1447 963
1448 1144
1449 962
1450 9
1451 962
1452 1452
1453 962
1454 9
1455 962
1456 27
1457 962
1458 1458
1459 984
1460 1109
1461 9
1462 1462
1463 10
1464 1464
1465 1465
1466 1466
1467 1467
1468 1468
1469 1469
1470 1470
1471 1471
1472 1472
1473 1473
1474 1474
1475 1475
1476 1476
1477 1477
1478 1478
1479 1479
1480 1480
1481 27
1482 1475
1483 1483
1484 1484
1485 1485
1486 1486
1487 1487
1488 1488
1489 1489
1490 1490
1491 1491
1492 1492
1493 1493
1494 1494
1495 1495
1496 1496
1497 1497
1498 1498
1499 1499
1500 1500
1502 1502
1503 1503
1504 1504
1505 1505
1506 1506
1507 1507
1508 1505
1509 1509
