0.720 5.760 18 144 la_facture_du_printemps_pourri 84.300
0.720 10.560 18 264 heures 118.060
6.480 19.440 162 486 hyper_anniversaire 131.429
24.480 33.120 612 828 catnerine_desiweui 23.802
24.480 33.120 612 828 edmom_du 37.906
46.800 51.120 1170 1278 dver 19.042
71.520 72.720 1788 1818 hautfrance 7.377
71.520 72.720 1788 1818 electronique 10.879
71.520 72.720 1788 1818 alhnv_hum 2.754
71.760 72.960 1794 1824 au_disposml_calculatcur_incitations 23.382
12.960 86.880 324 2172 heures 827.060
89.040 92.160 2226 2304 heures 48.878
96.240 97.440 2406 2436 noc_amant 6.953
96.240 97.440 2406 2436 nase_dono_hayon_h 8.782
120.720 122.880 3018 3072 ivraison_de_fioul 31.705
0.720 150.000 18 3750 inc 456.037
92.880 171.840 2322 4296 heures 942.056
172.560 190.080 4314 4752 heures 166.060
150.720 192.000 3768 4800 inc 166.037
190.800 192.240 4770 4806 heures_premier_ministre 24.341
192.720 196.560 4818 4914 jeanmarc_ayrault 34.058
192.960 223.440 4824 5586 heures 330.060
224.160 233.280 5604 5832 heures 82.060
230.640 233.280 5766 5832 direct_hotel_matignon_paris 49.468
234.000 289.920 5850 7248 direct_hotel_matignon_paris 278.119
314.160 315.600 7854 7890 le_succes_de_la_capitalisation 25.519
331.200 333.120 8280 8328 doutantn 5.729
290.640 337.200 7266 8430 heures 536.060
338.640 343.200 8466 8580 dominique_palacci 56.093
340.080 343.920 8502 8598 ili 7.201
339.600 345.120 8490 8628 coco 6.135
347.760 353.040 8694 8826 heures 27.060
350.880 353.040 8772 8826 bannies 4.928
357.120 359.520 8928 8988 rente_mensuelle 46.815
372.000 376.320 9300 9408 directeur_epargne_axa_assurance 80.344
371.760 376.560 9294 9414 olivier_mariee 61.272
390.000 391.680 9750 9792 simplicite 11.099
392.880 395.280 9822 9882 milliards 33.411
353.760 401.520 8844 10038 heures 570.048
199.200 405.360 4980 10134 inc 406.037
402.960 405.840 10074 10146 heures 36.873
405.840 410.160 10146 10254 economiste 50.831
407.760 411.120 10194 10278 heures 31.986
421.920 426.720 10548 10668 reportage_y_junqua_m_dreujou 50.848
421.920 426.720 10548 10668 d_bonnet_m_olico 57.046
411.360 510.720 10284 12768 heures 1144.040
530.160 533.280 13254 13332 pdg_eads 42.121
530.160 533.520 13254 13338 thomas_enders 52.926
536.640 540.960 13416 13524 reportage_j_duperray_m_lassaga 44.879
536.640 541.200 13416 13530 d_breysse_l_saadi 33.583
511.440 579.840 12786 14496 heures 787.056
580.320 583.440 14508 14586 direct_aeroport_toulouseblagnac_hautegaronne 63.422
580.560 630.720 14514 15768 direct_aeroport_toulouseblagnac 223.512
630.000 633.600 15750 15840 cana 4.072
630.480 633.840 15762 15846 coran 3.709
630.960 684.000 15774 17100 heures 615.059
738.240 742.080 18456 18552 recit_ac_hinet 53.188
738.240 742.080 18456 18552 montage_m_semerjian 66.645
684.720 755.520 17118 18888 heures 783.054
756.240 759.840 18906 18996 teheran_iran 28.142
760.560 789.360 19014 19734 heures 344.040
790.080 794.400 19752 19860 direct 46.932
791.520 794.400 19788 19860 heures 39.946
789.600 794.640 19740 19866 dorothee_ollieric 77.789
789.600 845.760 19740 21144 direct_teheran_iran 244.500
866.400 869.520 21660 21738 la_vie_qug_enne_sous_les_mollahs 21.154
846.480 872.160 21162 21804 heures 307.047
873.600 876.960 21840 21924 teheran_iran 44.945
878.400 893.280 21960 22332 heures 191.039
912.000 914.400 22800 22860 heures 11.060
895.680 919.440 22392 22986 heures 280.057
920.160 924.960 23004 23124 heures 45.987
409.920 926.160 10248 23154 inc 1431.040
930.960 937.920 23274 23448 heures 85.023
939.360 940.560 23484 23514 jf_monier_l_lavieille 19.867
939.360 943.440 23484 23586 reportage_d_ollieric 61.492
942.000 943.440 23550 23586 jf_monier_l_lavieille 26.800
983.280 986.160 24582 24654 directeur_de_l_hopital 27.331
983.280 986.400 24582 24660 dr_ciamak_morsadegh 51.463
942.480 1002.240 23562 25056 heures 681.047
1002.960 1047.360 25074 26184 heures 512.009
1068.960 1073.280 26724 26832 president_fonderie_loiselet 75.472
1068.960 1073.520 26724 26838 sylvain_loiselet 70.788
1072.080 1079.280 26802 26982 ualuuu_uwiap_mut 3.429
1078.560 1086.000 26964 27150 ill_lulu 3.348
1119.360 1121.040 27984 28026 iselet 28.244
1119.360 1121.280 27984 28032 reux 23.107
1119.360 1121.280 27984 28032 chine 29.969
1119.600 1121.280 27990 28032 loiselet 30.415
1123.680 1125.120 28092 28128 bantou_dupa 7.866
1123.680 1125.840 28092 28146 decomposition_ou 16.389
1123.680 1125.840 28092 28146 cantonnantana 13.493
1123.680 1126.080 28092 28152 loiselet 25.455
1123.200 1126.080 28080 28152 dreux 32.512
1123.200 1126.080 28080 28152 chine 31.969
1123.440 1126.080 28086 28152 loiselet 19.455
1123.440 1126.080 28086 28152 prix_a_la_piece 22.119
1128.240 1134.720 28206 28368 bathours_cocoannoncent 16.627
1143.360 1146.480 28584 28662 fondeur 47.714
1143.120 1146.960 28578 28674 hassan_danba 55.106
1155.120 1159.440 28878 28986 reportage_j_debraux_g_michel 53.436
1155.120 1159.680 28878 28992 p_crapoulet_b_puigmarty 47.641
928.320 1221.600 23208 30540 inc 926.037
1235.040 1236.240 30876 30906 lu_rouansvu_lnntunt_t_du_camions 18.343
1235.040 1236.240 30876 30906 paalouvwmoulraovoap 6.180
1235.040 1236.240 30876 30906 o_ou_nmmnooh_mu_le_du_on_nlun_aucunnotant 9.817
1235.040 1236.240 30876 30906 nnusw_a_poneys_on_h_cacha 10.312
1235.040 1236.240 30876 30906 non_augmentant_credits 19.728
1235.040 1236.240 30876 30906 o_autrement_man_unlomt 17.968
1048.080 1237.440 26202 30936 heures 1958.050
1254.720 1259.280 31368 31482 directeur_de_la_federation_cresus 82.655
1254.960 1259.520 31374 31488 jeanlouis_kiehl 64.462
1258.560 1260.000 31464 31500 lon 2.495
1274.160 1278.720 31854 31968 consommation_logement_et_cadre_de_vie 84.729
1274.160 1278.960 31854 31974 reineclaude_mader 76.328
1240.320 1291.680 31008 32292 heures 593.052
1293.360 1296.720 32334 32418 bnp_personnal_finance_cetelem 45.585
1292.880 1296.960 32322 32424 thierry_laborde 63.679
1228.080 1296.960 30702 32424 inc 139.037
1296.240 1307.520 32406 32688 heures 118.955
1306.560 1309.920 32664 32748 banque_m_france 20.282
1307.520 1311.840 32688 32796 reportage_t_de_tricornot_m_maniere_e_tran_n_guyen 63.499
1307.040 1312.080 32676 32802 g_fraize_jp_pasteur_m_freujou_z_berkous_p_gramain 70.734
1408.560 1411.680 35214 35292 etudiant 46.842
1408.560 1411.920 35214 35298 bruno_rodovalho 49.297
1415.280 1418.400 35382 35460 lyceen 43.476
1414.800 1418.640 35370 35466 jonathan_levain 49.988
1310.160 1423.440 32754 35586 heures 1352.050
1436.880 1441.440 35922 36036 professeur_de_physique_lycee_edouard_belin_vesoul 88.046
1436.640 1441.680 35916 36042 henri_alfonsi 75.952
1424.160 1453.440 35604 36336 heures 345.025
1460.400 1463.760 36510 36594 lycee_victor_hugo_marseille 52.430
1460.160 1464.000 36504 36600 iceme_bounaas 60.517
1465.920 1469.280 36648 36732 reportage_p_bonnet_n_luiset_m_meuneuvaux_b_jourdan 61.168
1454.160 1470.720 36354 36768 heures 168.060
1479.120 1482.720 36978 37068 http_llwwwfrancetvinfofr 28.555
1471.440 1489.200 36786 37230 heures 183.049
1490.880 1501.440 37272 37536 paris_ce_matin 32.700
1496.640 1562.640 37416 39066 heures 725.056
1563.360 1568.880 39084 39222 pr_alain_fischer 78.441
1563.360 1600.560 39084 40014 heures 372.049
1605.360 1609.920 40134 40248 guillaume_nicolas 69.563
1618.560 1623.120 40464 40578 reportage 62.380
1618.560 1623.120 40464 40578 f_prabonnaud_p_maire_c_germain 72.787
1603.680 1652.880 40092 41322 heures 573.060
1301.760 1696.560 32544 42414 inc 1258.040
1716.480 1723.200 42912 43080 ina 29.486
1656.240 1729.920 41406 43248 heures 792.041
1700.880 1736.640 42522 43416 inc 78.037
1737.360 1741.680 43434 43542 le_magazine_de_la_grande_distribution 81.405
1738.080 1741.920 43452 43548 yves_puget 55.624
1732.080 1755.360 43302 43884 heures 298.060
1748.400 1756.080 43710 43902 reportage_d_wolfromm_k_makdeche 96.647
1748.400 1756.080 43710 43902 o_martinez_a_cosqueric 65.084
1771.440 1774.800 44286 44370 decouverte 21.793
1775.520 1777.200 44388 44430 decouverte 7.793
1784.160 1788.000 44604 44700 frejus 54.646
1803.600 1807.440 45090 45186 heures_maraicher_et_producteur_de_fraises_a_frejus_var 80.664
1803.360 1807.920 45084 45198 christian_gallo 68.790
1820.640 1823.520 45516 45588 specialiste_de_fruits_et_legumes 32.452
1820.160 1823.760 45504 45594 valerie_sibilli 60.570
1758.720 1842.960 43968 46074 heures 911.054
1843.440 1846.800 46086 46170 recit_o_theron 26.988
1843.920 1846.800 46098 46170 montage_h_ayroulet 39.116
1918.080 1919.760 47952 47994 lala 8.078
1930.560 1935.120 48264 48378 muninationalo 16.837
1930.320 1935.360 48258 48384 jhcatre_chonllol_tr 28.127
1930.560 1935.360 48264 48384 en_yorbabuc 22.521
1930.560 1935.360 48264 48384 canna_lmm 19.797
1930.560 1935.360 48264 48384 canon 21.203
1930.560 1935.360 48264 48384 timon_lionne 26.691
1931.760 1935.360 48294 48384 olgo_pot_tu 10.895
1956.000 1976.880 48900 49422 fedenco 5.681
1955.760 1976.880 48894 49422 mica 6.141
1979.280 1980.480 49482 49512 nale_lahono_i_encan_ici 11.932
1979.280 1980.480 49482 49512 cormon_tonne 8.476
1979.280 1980.480 49482 49512 in_vanadium 5.206
1979.280 1980.480 49482 49512 carmon_uloth 7.689
1979.280 1980.480 49482 49512 la_fointu_de_lot_raya 10.185
1979.280 1980.480 49482 49512 carolyn_cartoon_i_en_yld 11.748
1979.280 1980.480 49482 49512 mon_muru_amant_mono 12.540
1843.680 2010.720 46092 50268 heures 1839.060
2012.160 2015.520 50304 50388 heures 33.681
1739.280 2016.000 43482 50400 inc 867.037
2016.480 2154.720 50412 53868 heures 1523.040
2156.880 2172.480 53922 54312 heures 188.055
2175.600 2188.800 54390 54720 heures 169.018
2189.520 2200.560 54738 55014 heures 76.921
2201.280 2234.640 55032 55866 heures 368.008
2234.880 2246.640 55872 56166 heures 113.987
2249.040 2252.880 56226 56322 heures 47.036
2261.280 2264.640 56532 56616 g_drain_m_laporte 41.257
2261.280 2264.640 56532 56616 reportage_f_faure 55.839
2253.600 2322.960 56340 58074 heures 793.060
2318.400 2322.960 57960 58074 cmsams_nisnvnn 10.585
2318.400 2322.960 57960 58074 nec 19.144
2323.200 2325.840 58080 58146 editions_du 19.965
2326.560 2328.480 58164 58212 edmom_du 16.651
2326.320 2328.480 58158 58212 catherine_nam 9.158
2326.320 2328.480 58158 58212 nec 14.144
2018.880 2347.200 50472 58680 inc 787.037
2349.120 2350.800 58728 58770 buffaultw 9.212
2349.120 2350.800 58728 58770 abat 8.376
2349.120 2350.800 58728 58770 man 8.301
2349.120 2350.800 58728 58770 mamannana 11.888
2349.120 2350.800 58728 58770 cuniture_ph 12.943
2421.360 2429.040 60534 60726 nec 32.144
2421.360 2429.040 60534 60726 sans 33.638
2421.120 2429.040 60528 60726 catherine_desuvelii 15.570
2461.920 2463.120 61548 61578 galant 6.515
2461.920 2463.120 61548 61578 citnerine_deshvelii 17.657
2461.920 2463.120 61548 61578 nec 6.144
2499.360 2501.280 62484 62532 catiierine_destneui 17.258
2499.360 2501.280 62484 62532 editions 14.239
2499.600 2501.280 62490 62532 nec 7.144
2327.280 2641.440 58182 66036 heures 3649.050
2642.400 2644.080 66060 66102 heures_philippe_denis_jeanyves_perrin_virginie_fichet 49.771
2644.800 2646.480 66120 66162 u_annelaure_cailler 20.857
2647.200 2648.880 66180 66222 heures_jeanchristophe_giudicelli_patrick_simon 53.206
2641.920 2648.880 66048 66222 charges_de_production 35.060
2649.600 2651.040 66240 66276 heures_daniela_suteu 27.491
2649.840 2651.280 66246 66282 realisation 29.232
850.800 2657.760 21270 66444 inn 20.265
2652.480 2657.760 66312 66444 heures 77.060
2348.640 2657.760 58716 66444 inc 952.037
2652.000 2657.760 66300 66444 toute_l__nfo_en_continu_sur 57.015
2655.120 2657.760 66378 66444 info 15.198
2664.960 2671.200 66624 66780 toute_une_histoire 48.727
2671.440 2672.880 66786 66822 toir 11.455
2677.920 2681.520 66948 67038 ne_hist 14.857
2686.560 2687.760 67164 67194 commen_va_bien 14.909
2701.200 2702.400 67530 67560 aune 7.960
2688.480 2703.360 67212 67584 comment_ca_va_bien 52.714
2705.280 2708.400 67632 67710 vudlikji 5.618
2718.000 2719.680 67950 67992 fautil_qu_elle_reformule_la_question 34.200
2729.040 2732.400 68226 68310 pour_etre_la_personne_que_vous_attendez 61.465
2738.400 2740.080 68460 68502 chanel 25.699
2754.000 2758.080 68850 68952 necessite_un_abonnement 70.992
2760.960 2765.520 69024 69138 reservez_votre_essai_au 25.166
2767.200 2768.400 69180 69210 ce_week_end 12.524
2767.200 2768.400 69180 69210 chez_renault 26.914
2778.440 2783.720 69461 69593 incisant 7.154
2778.440 2783.720 69461 69593 e_env_son_u_ouan_trous_vans 9.740
2779.160 2783.720 69479 69593 l_extrait_d_huile_de_krill_aide_a_ameliorer_le_confort_des_articulations_sensibles 68.932
2781.800 2783.720 69545 69593 resulwiouh 7.479
2772.200 2796.920 69305 69923 pour_votre_sante_evitez_de_manger_trop_gras_trop_sucre_trop_sale_wwwmangerbougerfr 119.811
2791.160 2796.920 69779 69923 jeu_concours_soumis_a_conditions_voir_modalites_sur_wwvmovasantecom_ou_aupres_de_nos_distributeurs_agrees 76.743
2792.360 2796.920 69809 69923 non_l 5.841
2804.600 2805.800 70115 70145 rite 5.344
2804.120 2811.320 70103 70283 il_amplifon 6.124
2813.720 2818.040 70343 70451 appel_gratuit_depuis_un_poste_fixe 33.910
2813.240 2818.040 70331 70451 moyennant_le_versement_d_un 83.448
2813.240 2818.040 70331 70451 depot_de_garantie_restituable_au 69.313
2813.240 2818.040 70331 70451 terme_du_pret_selon_conditions 78.539
2813.240 2818.040 70331 70451 disponibles_dans_les_centres_amplifon 94.452
2813.480 2818.040 70337 70451 trustagaauwu_stsaeu_b_ksulqoo_o_uusuuls 8.595
2822.120 2827.400 70553 70685 appelez_stannah_maintenant 51.246
2828.120 2833.880 70703 70847 wwwosiaennahotr 5.426
2827.640 2833.880 70691 70847 appelez_stannah_maintenant 109.246
2827.640 2833.880 70691 70847 appel_gratuit_depuis_un_poste_fixe 90.324
2828.840 2833.880 70721 70847 w_ont 6.806
2852.120 2855.000 71303 71375 e_l_jnpes 13.965
2851.400 2855.000 71285 71375 tabacinfoserviceir 32.308
2859.320 2860.520 71483 71513 paris 16.606
2868.440 2869.880 71711 71747 paris 18.606
2873.720 2875.880 71843 71897 soin_yeux_nouveau_regard 45.486
2873.720 2875.880 71843 71897 paris 32.606
2903.000 2904.440 72575 72611 es_pepetes_a_perpet 26.198
2908.280 2909.720 72707 72743 hse_hotels 27.150
2908.280 2909.720 72707 72743 reserver_maintenant 30.532
2908.280 2909.720 72707 72743 description_de_l_hotel 33.001
2908.280 2909.720 72707 72743 l_hotel_gran_marina_est_situe_en_plein_centre_de 59.192
2908.280 2909.720 72707 72743 aeveelene_e_ilannn_e_pieele_de_le_rennele_et_elle 35.384
2908.280 2909.720 72707 72743 lemlenn_callell_l_se_lmeeerernle_eue_renmo_nneenne_met 37.635
2911.640 2913.320 72791 72833 iati_ebein_genou_ne 12.508
2912.120 2913.320 72803 72833 voir_l_offre 20.357
2911.400 2913.320 72785 72833 hotelclub 13.803
2911.400 2913.320 72785 72833 olotelscom 15.949
2941.400 2944.040 73535 73601 avance_vos_frais_de 34.049
2941.400 2944.040 73535 73601 uedi_e_i 10.275
2945.240 2949.080 73631 73727 wwwpreditmutuelfr 14.268
2951.480 2952.920 73787 73823 nouveau_uconnect_a_ecran_tactile 30.504
2956.520 2958.200 73913 73955 nouveaux_interieurs 30.128
2961.080 2962.280 74027 74057 nouvelle_calandre 29.777
2963.960 2968.520 74099 74213 nouvelle_motorisation 44.563
2970.440 2978.120 74261 74453 orientant 11.861
2970.440 2978.120 74261 74453 alfa_roveo 26.924
2970.440 2978.120 74261 74453 un_credit_vous_engage_et_doit_etre_rembourse 36.584
2970.440 2978.120 74261 74453 verifiez_vos_capacites_de_remboursement_avant_de_vous_engager 78.207
3001.880 3003.560 75047 75089 assurances_banque_sante 45.925
3009.800 3011.960 75245 75299 isabelle_martinet 45.662
3014.840 3019.160 75371 75479 meteo 11.261
3009.800 3021.320 75245 75533 meteo 145.240
3022.040 3165.800 75551 79145 meteo 1458.150
3157.160 3165.800 78929 79145 toute_la_meteo_en_continu 116.005
3174.200 3175.880 79355 79397 assurances_banque_sante 44.004
3179.480 3181.160 79487 79529 francetelevisions 37.148
3179.000 3181.160 79475 79529 qditv 5.265
3187.880 3189.320 79697 79733 israelienne 17.581
3188.120 3192.440 79703 79811 israelienne 21.581
3187.160 3192.920 79679 79823 yifat_gat 7.817
3192.200 3193.400 79805 79835 israelienne 13.081
3232.280 3233.480 80807 80837 dnvld_kent 11.808
3232.280 3233.480 80807 80837 ellubdh_connu 8.790
3232.280 3233.480 80807 80837 claire_pelletier 19.859
3233.960 3235.880 80849 80897 tous_droits_reserves 26.701
3233.960 3235.880 80849 80897 administration_de_production 33.889
3233.960 3236.120 80849 80903 pauline_de_crepy 15.116
3233.960 3236.120 80849 80903 jeun_francois_bort 13.181
3233.960 3236.120 80849 80903 sandre_gille 13.164
3239.240 3241.160 80981 81029 il_dl_lbu 5.830
3269.480 3277.640 81737 81941 trouble_de_voisinage_devoirs_et_droits 28.103
3279.080 3284.840 81977 82121 confederation_syndicale_des_familles 105.037
3278.840 3284.840 81971 82121 lena_morvan 65.409
3286.280 3311.720 82157 82793 trouble_de_voisinage_devoirs_etdroits 41.103
3312.920 3314.840 82823 82871 lena_morvan 32.858
3313.160 3314.840 82829 82871 confederation_syndicale_des_familles 52.276
3316.280 3322.520 82907 83063 a_trouble_ne_voisinage_devoirs_ernnons 24.517
3323.720 3329.000 83093 83225 lena_morvan 73.711
3323.960 3329.000 83099 83225 confederation_syndicale_des_familles 92.286
3330.440 3338.120 83261 83453 a_trouble_ne_voisinage_devoirs_eronons 26.373
3339.320 3342.200 83483 83555 lena_morvan 45.968
3339.560 3342.200 83489 83555 confederation_syndicale_des_familles 64.181
3347.720 3350.360 83693 83759 trouble_de_voisinage_devoirs_etdroits 28.103
3365.720 3370.040 84143 84251 confederation_syndicale_des_familles 67.192
3388.520 3391.640 84713 84791 siephaneium 7.931
3407.480 3409.400 85187 85235 orbe 19.290
3411.320 3421.640 85283 85541 nouveau 119.431
3424.760 3426.920 85619 85673 aian 7.452
3425.240 3426.920 85631 85673 restez_connectes 27.534
3440.600 3443.000 86015 86075 europe 9.240
3440.600 3443.000 86015 86075 universal 20.198
3440.840 3443.000 86021 86075 couiioia_cul_l 5.003
3444.440 3457.160 86111 86429 pour_votre_sante_mangez_au_moins_cinq_fruits_et_legumes_par_jour_wwwmangerbougenfr 82.820
3469.160 3470.600 86729 86765 facebook_com_capricedesdieux 16.475
3457.880 3473.720 86447 86843 pour_votre_sante_mangez_au_moins_cinq_fruits_et_legumes_par_jour_wwwmangerbougenfr 98.763
3499.880 3502.040 87497 87551 allons_plus_loin 40.570
3514.760 3515.960 87869 87899 ucanda 5.997
3514.760 3515.960 87869 87899 scanongouo 5.828
3518.360 3521.000 87959 88025 scorpioparfumsfr 14.013
3518.360 3521.000 87959 88025 voir_modalites_sur_scorpiopariumstr 26.520
3533.000 3537.080 88325 88427 au_mac_val 21.230
3534.440 3537.080 88361 88427 reservations_liberatioilfr 19.607
3535.160 3537.080 88379 88427 ihnralinn 3.671
3535.400 3537.080 88385 88427 demain_s_invente_ici 32.179
3535.400 3537.080 88385 88427 iledefrance 30.797
3559.160 3563.720 88979 89093 etablissement_francais_du_sang 82.769
3567.320 3569.000 89183 89225 recueillis_par_an 36.218
3567.320 3569.000 89183 89225 wwwdondusangnet 12.209
3573.560 3586.760 89339 89669 vendredi_polar 157.435
3573.560 3587.000 89339 89675 tango 168.438
3587.720 3594.440 89693 89861 ce_soir_ou_jamais 33.987
3595.400 3600.920 89885 90023 taratata 79.634
3602.360 3603.280 90059 90082 ce_soir_ou_jamais 8.987
3602.360 3603.280 90059 90082 taratata 17.634
