0 0
1 1
2 2
3 3
4 4
5 3
6 2
7 7
8 8
9 9
10 8
11 9
12 12
13 13
14 12
15 13
16 12
17 17
18 18
19 19
20 17
21 17
22 22
23 22
24 24
25 25
26 26
27 27
28 28
29 29
30 30
31 31
32 32
33 33
34 34
35 35
36 36
37 31
38 38
39 39
40 40
41 41
42 42
43 43
44 44
45 45
46 40
47 47
48 48
49 49
50 50
51 51
52 52
53 53
54 54
55 55
56 56
57 57
58 58
59 59
60 60
61 61
62 62
63 63
64 62
65 39
66 63
67 67
68 63
69 69
70 70
71 71
72 72
73 73
74 74
75 75
76 76
77 77
78 62
79 79
80 80
83 77
84 62
85 79
86 86
87 87
88 88
89 89
90 90
91 91
92 92
93 93
94 94
95 95
96 96
97 97
98 96
99 99
100 94
101 101
102 102
103 103
104 104
105 97
106 94
107 96
108 95
109 109
110 110
111 111
112 110
113 96
114 94
115 115
116 116
117 117
118 118
119 119
120 120
121 121
122 116
123 123
124 124
125 125
126 126
127 127
128 128
129 129
130 130
131 131
132 132
133 133
134 134
135 135
136 136
137 137
138 138
139 139
140 140
141 141
142 142
143 143
144 144
145 145
146 146
147 147
148 148
149 149
150 140
151 151
152 152
153 153
154 154
155 155
156 156
157 157
158 158
159 159
160 160
161 161
162 162
163 163
164 164
165 165
166 160
167 159
168 160
169 164
170 170
171 171
172 172
173 173
174 174
175 175
176 176
177 177
178 178
179 160
180 180
181 181
182 182
183 44
184 184
185 185
186 186
187 187
188 188
189 189
190 190
191 191
192 192
193 193
194 194
195 195
196 196
197 197
198 97
199 40
200 200
201 201
202 202
203 203
204 204
205 205
206 206
207 207
208 208
209 97
210 197
211 211
212 212
213 213
214 212
215 215
216 216
217 217
218 218
219 212
220 220
221 221
222 222
223 222
224 224
225 222
226 226
227 222
228 228
229 229
230 228
231 231
232 232
233 233
234 234
235 211
236 212
237 229
238 229
239 239
240 240
241 240
242 239
243 243
244 244
245 245
247 247
248 248
249 249
250 250
251 251
252 252
253 253
254 254
255 255
256 256
257 257
258 258
259 259
260 259
261 261
262 262
263 263
264 264
265 265
266 212
267 211
268 268
269 269
270 270
271 271
272 272
273 273
274 212
275 275
276 276
277 277
278 222
279 279
280 280
281 281
282 282
283 283
284 284
285 285
286 286
287 287
288 288
289 289
290 290
291 291
292 292
293 293
294 294
295 295
296 296
297 297
298 298
299 222
300 226
301 301
302 302
303 303
304 304
305 305
306 222
307 307
308 308
309 309
310 222
311 222
312 312
313 313
314 314
315 315
316 316
317 317
318 318
319 319
320 320
321 321
322 322
323 323
324 324
325 325
326 326
327 327
328 328
329 329
330 228
331 331
332 228
333 228
334 334
335 335
336 336
337 337
338 338
339 339
340 340
341 341
342 342
343 343
344 344
345 345
346 346
347 347
348 348
349 349
350 350
351 351
352 352
353 353
354 354
355 355
356 356
358 358
359 359
360 360
361 361
362 362
363 363
364 364
365 365
