0 0
1 1
2 2
3 3
4 2
5 1
6 6
7 7
8 0
9 7
10 10
11 11
12 12
13 1
14 7
15 3
16 1
17 7
18 18
19 19
20 7
21 7
22 22
23 1
24 2
25 7
26 26
27 27
28 28
29 27
30 30
31 7
32 32
33 33
34 34
35 35
36 0
37 2
38 0
39 7
40 40
41 41
42 42
43 7
44 3
45 45
46 0
47 41
48 0
49 3
50 41
51 7
52 52
53 1
54 18
55 55
56 7
57 57
58 7
59 22
60 3
61 2
62 3
63 63
64 7
65 2
66 1
67 3
68 41
69 1
70 0
71 71
72 1
73 73
74 19
75 7
76 76
77 41
78 76
79 76
80 7
81 30
82 7
83 76
84 84
85 76
86 86
87 87
88 76
89 30
90 7
91 76
92 92
93 76
94 94
95 33
96 76
97 2
98 45
99 99
100 2
101 99
102 99
103 99
104 104
105 105
106 106
107 76
108 42
109 109
110 110
111 109
112 106
113 76
114 114
115 114
116 116
117 114
118 118
119 119
120 120
121 114
122 76
123 19
124 114
125 76
126 114
127 127
128 114
129 76
130 76
131 131
132 116
133 133
134 134
135 135
136 136
137 135
138 138
139 106
140 114
141 114
142 45
143 114
144 116
145 114
146 42
147 114
148 148
149 18
150 150
151 150
152 152
153 148
154 114
155 2
156 114
157 116
158 114
159 42
160 114
161 161
162 2
163 114
164 2
165 114
166 114
167 114
168 168
169 42
170 114
171 119
172 172
173 114
174 174
175 114
176 114
177 177
178 114
179 19
180 114
181 19
182 114
183 106
184 76
185 185
186 186
187 42
188 42
189 189
190 76
191 42
192 2
193 42
194 106
195 76
196 42
197 197
198 198
199 42
200 200
201 42
202 200
203 203
204 200
205 42
206 19
207 200
208 42
209 42
210 200
211 211
212 212
213 42
214 42
215 200
216 197
217 217
218 76
219 19
220 42
221 221
222 42
223 200
224 19
225 200
226 42
227 200
228 42
229 229
230 135
231 42
232 200
233 76
234 200
235 76
236 42
237 200
238 198
239 200
240 76
241 200
242 242
243 243
244 200
245 197
246 42
247 198
248 2
249 41
250 30
251 30
252 200
253 30
254 30
255 30
256 109
257 30
258 30
259 259
260 260
261 30
262 41
263 30
264 264
265 265
266 109
267 259
268 268
269 269
270 270
271 30
272 2
273 30
274 30
275 259
276 269
277 277
278 105
279 2
280 280
281 106
282 114
283 106
284 284
285 76
286 109
287 116
288 288
289 114
290 76
291 114
292 114
293 42
294 116
295 114
296 296
297 19
298 298
299 114
300 300
301 19
302 148
303 303
304 114
305 305
306 114
307 42
308 116
309 114
310 19
311 114
312 41
313 30
314 197
315 42
316 109
317 30
318 264
319 30
320 259
321 109
322 42
323 197
324 30
325 325
326 30
327 30
328 109
329 30
330 30
331 331
332 30
333 333
334 334
335 333
336 336
337 337
338 30
339 339
340 3
341 30
342 42
343 30
344 30
345 345
346 346
347 30
348 334
349 42
350 109
351 30
352 42
353 42
354 354
355 30
356 30
357 197
358 42
359 30
360 269
361 361
362 30
363 259
364 334
365 42
366 109
367 19
368 19
369 200
370 42
371 371
372 372
373 42
374 200
375 19
376 200
377 45
378 200
379 197
380 380
381 381
382 382
383 150
384 200
385 197
386 200
387 19
388 388
389 200
390 197
391 391
392 392
393 393
394 76
395 76
396 19
397 109
398 197
399 200
400 106
401 200
402 76
403 19
404 200
405 104
406 200
407 407
408 408
409 409
410 380
411 200
412 200
413 19
414 200
415 2
416 200
417 197
418 200
419 19
420 200
421 421
422 200
423 2
424 424
425 425
426 424
427 427
428 106
429 200
430 106
431 19
432 200
433 19
434 200
435 435
436 296
437 200
438 334
439 439
440 200
441 441
442 200
443 2
444 200
445 19
446 2
447 30
448 30
449 41
450 30
451 7
452 19
453 41
454 30
455 109
456 197
457 197
458 30
459 459
460 269
461 30
462 212
463 463
464 30
465 30
466 30
467 334
468 30
469 469
470 106
471 109
472 106
473 109
474 106
475 19
476 114
477 19
478 114
479 19
480 114
481 114
482 346
483 483
484 114
485 469
486 114
487 487
488 116
489 114
490 114
491 148
492 492
493 493
494 494
495 114
496 19
497 114
498 2
499 114
500 116
501 487
502 114
503 114
504 504
505 505
506 506
507 114
508 508
509 114
510 2
511 511
512 106
513 197
514 514
515 515
516 200
517 106
518 197
519 76
520 76
521 19
522 200
523 2
524 200
525 19
526 200
527 508
528 197
529 197
530 530
531 200
532 197
533 533
534 200
535 535
536 200
537 537
538 200
539 203
540 200
541 76
542 200
543 200
544 371
545 200
546 546
547 547
548 548
549 200
550 200
551 2
552 41
553 553
554 554
555 555
556 30
557 30
558 109
559 334
560 560
561 561
562 30
563 200
564 30
565 565
566 19
567 30
568 2
569 30
570 565
571 19
572 30
573 259
574 200
575 30
576 576
577 2
578 578
579 339
580 30
581 581
582 30
583 109
584 30
585 200
586 30
587 30
588 200
589 30
590 259
591 591
592 19
593 2
594 99
595 595
596 596
597 597
598 598
599 599
600 599
601 601
602 602
603 603
604 604
605 605
606 606
607 607
608 608
609 608
610 610
611 611
612 608
613 613
614 614
615 615
616 613
617 605
618 615
619 619
620 605
621 621
622 622
623 605
624 621
625 622
626 605
627 605
628 628
629 605
630 605
631 605
632 605
633 605
634 605
635 41
636 636
637 637
638 41
639 41
640 30
641 560
642 30
643 30
644 30
645 30
646 2
647 647
648 30
649 200
650 30
651 265
652 265
653 2
654 30
655 259
656 41
657 265
658 30
659 30
660 109
661 109
662 334
663 30
664 268
665 269
666 30
667 265
668 30
669 669
670 670
671 76
672 259
673 105
674 41
675 30
676 265
677 269
678 265
679 30
680 265
681 259
682 76
683 2
684 106
685 109
686 19
687 109
688 106
689 106
690 19
691 691
692 692
693 76
694 114
695 334
696 109
697 511
698 106
699 114
700 114
701 19
702 114
703 2
704 114
705 106
706 706
707 106
708 197
709 76
710 371
711 186
712 200
713 200
714 109
715 200
716 200
717 441
718 200
719 19
720 200
721 721
722 722
723 425
724 200
725 76
726 200
727 197
728 441
729 197
730 200
731 731
732 732
733 106
734 200
735 106
736 76
737 200
738 19
739 200
740 740
741 741
742 243
743 200
744 19
745 197
746 200
747 747
748 200
749 99
750 2
751 259
752 76
753 259
754 30
755 30
756 109
757 30
758 259
759 30
760 41
761 761
762 762
763 30
764 30
765 30
766 766
767 30
768 336
769 30
770 259
771 771
772 265
773 773
774 259
775 259
776 99
777 41
778 19
779 30
780 109
781 259
782 76
783 76
784 259
785 197
786 76
787 76
788 76
789 789
790 114
791 19
792 76
793 793
794 114
795 109
796 796
797 116
798 114
799 114
800 116
801 114
802 114
803 803
804 114
805 803
806 76
807 511
808 197
809 19
810 114
811 114
812 19
813 114
814 814
815 114
816 116
817 487
818 114
819 537
820 114
821 821
822 114
823 116
824 487
825 114
826 41
827 30
828 30
829 30
830 30
831 30
832 264
833 30
834 30
835 109
836 30
837 2
838 109
839 30
840 30
841 841
842 842
843 30
844 844
845 19
846 846
847 847
848 848
849 105
850 2
851 851
852 259
853 511
854 2
855 106
856 197
857 106
858 197
859 106
860 76
861 197
862 441
863 200
864 109
865 200
866 866
867 867
868 200
869 435
870 200
871 871
872 872
873 200
874 19
875 200
876 200
877 197
878 19
879 814
880 880
881 881
882 114
883 2
884 114
885 885
886 706
887 114
888 888
889 114
890 2
891 891
892 892
893 114
894 19
895 114
896 19
897 114
898 114
899 19
900 19
901 114
902 41
903 595
904 2
905 41
906 30
907 2
908 30
909 109
910 30
911 30
912 912
913 913
914 30
915 2
916 30
917 917
918 109
919 2
920 30
921 30
922 265
923 19
924 30
925 265
926 2
927 265
928 200
929 135
930 200
931 265
932 334
933 109
934 30
935 576
936 936
937 3
938 463
939 30
940 197
941 109
942 30
943 943
944 2
945 706
946 197
947 814
948 948
949 76
950 19
951 76
952 952
953 953
954 19
955 106
956 200
957 109
958 197
959 76
960 19
961 2
962 962
963 76
964 76
965 105
966 76
967 109
968 197
969 76
970 970
971 76
972 109
973 76
974 19
975 975
976 19
977 105
978 2
979 19
980 980
981 76
982 19
983 76
984 109
985 197
986 76
987 109
988 76
989 30
990 990
991 76
992 76
993 76
994 104
995 76
996 109
997 197
998 105
1000 30
1001 3
999 76
1002 76
1003 76
1004 197
1005 109
1006 2
1007 19
1008 259
1009 3
1010 1010
1011 30
1012 30
1013 259
1014 3
1015 19
1016 30
1017 1017
1018 45
1019 814
1020 41
1021 1
1022 0
1023 2
1024 7
1025 560
1026 7
1027 0
1028 3
1029 346
1030 0
1031 1031
1032 1032
1033 161
1034 1034
1035 7
1036 1036
1037 1037
1038 0
1039 41
1040 40
1041 45
1042 1042
1043 0
1044 63
1045 0
1046 2
1047 27
1048 135
1049 1049
1050 1050
1051 7
1052 27
1053 0
1054 1054
1055 30
1056 1056
1057 45
1058 1058
1059 3
1060 135
1061 2
1062 1062
1063 3
1064 0
1065 1
1066 1066
1067 1067
1068 7
1069 2
1070 3
1071 3
1072 1072
1073 19
1074 1074
1075 1075
1076 27
1077 1074
1078 1078
1079 1054
1080 27
1081 99
1082 45
1083 99
1084 99
1085 2
1086 1086
1087 1087
1088 1088
1089 1089
1090 1090
1091 1091
1092 1092
1093 1089
1094 1094
1095 1095
1096 1095
1097 1095
1098 1098
1099 1099
1100 1100
1101 1095
1102 1095
1103 1103
1104 1103
1105 1103
1106 1106
1107 1107
1108 1108
1109 1109
1110 1110
1111 1111
1112 1095
1113 1095
1114 1095
1115 1095
1116 1116
1117 1095
1118 1118
1119 1119
1120 1118
1121 1119
1122 1095
1123 1123
1124 1095
1125 1119
1126 1126
1127 1127
1128 1095
1129 1129
1130 1130
1131 1131
1132 2
1133 1133
1134 1134
1135 1135
1136 45
1137 1137
1138 1138
1139 1137
1140 1140
1141 1137
1142 174
1143 1137
1144 1137
1145 1145
1146 1137
1147 1145
1148 45
1149 1145
1150 1137
1151 1151
1152 1152
1153 19
1154 1154
1155 45
1156 1156
1157 1137
1158 1145
1159 1137
1160 1137
1161 1145
1162 45
1163 1163
1164 1145
1165 1165
1166 1166
1167 1137
1168 1145
1169 1137
1170 1145
1171 1137
1172 1145
1173 1137
1174 1166
1175 1137
1176 1137
1177 1145
1178 1178
1179 1137
1180 1180
1181 19
1182 1182
1183 1183
1184 1163
1186 1165
1187 1137
1188 1188
1189 1137
1190 1190
1191 1180
1192 1192
1193 1137
1194 1180
1195 1137
1196 99
1197 1197
1198 1198
1199 1199
1200 2
1201 1201
1202 1202
1203 3
1204 1204
1205 1205
1206 99
1207 99
1208 99
1209 99
1210 1210
1211 99
1212 19
1213 2
1214 45
1215 99
1216 1058
1217 99
1218 1218
1219 595
1220 1220
1221 2
1222 1222
1223 595
1224 1224
1225 2
1226 1226
1227 1227
1228 1228
1229 1229
1230 1230
1231 425
1232 99
1233 1233
1234 1234
1235 1233
