0 0
1 1
2 2
4 4
5 5
6 6
7 7
8 8
9 9
10 10
11 11
12 5
13 5
14 14
15 5
16 5
17 5
18 18
19 4
20 20
21 21
22 22
23 23
24 24
25 25
26 26
27 25
28 25
29 26
30 24
31 31
32 26
33 25
34 5
35 35
36 10
37 37
39 10
40 24
41 41
42 7
43 6
44 10
45 45
46 46
47 6
48 48
49 10
50 24
51 7
52 6
53 31
54 24
55 55
56 6
57 45
58 58
59 24
60 60
61 45
62 10
63 4
64 45
65 4
66 45
67 5
68 45
69 9
70 70
71 45
72 72
73 45
74 74
75 74
76 76
77 77
78 78
79 9
80 45
81 10
82 45
83 83
84 31
85 85
86 46
87 6
88 5
89 70
90 45
91 91
92 92
93 6
94 94
95 45
96 6
97 45
98 98
99 6
100 10
101 70
102 45
103 103
104 45
105 6
106 6
107 107
108 6
109 109
110 110
111 109
112 6
113 113
114 6
115 107
116 116
117 117
118 118
119 119
120 118
121 121
122 122
123 123
124 122
125 6
126 6
127 122
128 60
129 129
130 6
131 24
132 45
133 133
134 9
135 45
136 6
137 46
138 7
139 24
140 45
141 46
142 24
143 143
144 144
145 10
146 45
147 45
148 72
149 144
150 45
151 9
152 45
153 45
154 154
155 45
156 156
157 157
158 45
159 159
160 160
161 109
162 162
163 45
164 46
165 7
166 166
167 48
168 156
169 9
170 60
171 45
172 172
173 173
174 45
175 9
176 45
177 177
178 6
179 60
180 24
181 4
182 182
183 60
184 184
185 185
186 186
187 45
188 188
189 24
190 45
191 191
192 192
193 193
194 194
195 193
196 196
197 194
198 9
199 199
200 122
201 201
202 45
203 9
204 45
205 24
206 45
207 7
208 6
209 45
210 45
211 9
212 45
213 85
214 45
215 215
216 122
217 217
218 217
219 191
220 217
221 217
222 45
223 10
224 4
225 45
226 5
227 60
228 45
229 5
230 24
231 60
232 5
233 41
234 234
235 2
236 2
237 10
238 109
239 109
240 24
241 109
242 46
243 243
244 109
245 9
246 46
247 166
248 9
249 109
250 46
251 24
252 46
253 253
254 254
255 255
256 256
257 41
258 5
259 259
260 260
261 261
262 262
263 263
264 264
265 264
266 266
267 267
268 268
269 269
270 109
271 260
272 5
273 9
274 274
275 109
276 259
277 260
278 278
279 279
280 280
281 278
282 279
283 260
284 259
285 24
286 286
287 259
288 260
289 9
290 274
291 259
292 260
293 259
294 24
295 260
296 259
297 297
298 298
299 299
300 5
301 24
302 302
303 4
304 41
305 109
306 306
307 9
308 308
309 309
310 259
311 309
312 312
313 313
314 312
315 313
316 316
317 317
318 318
319 319
320 302
321 261
322 322
323 323
324 313
325 312
326 302
327 308
328 328
329 7
330 312
331 323
332 160
333 264
334 334
335 335
336 336
337 109
338 338
339 302
340 340
341 341
342 342
343 338
344 312
345 323
346 338
347 338
348 308
349 302
350 312
351 306
352 323
353 302
354 354
355 312
356 306
357 323
358 302
359 354
360 306
361 109
362 362
363 306
364 308
365 309
366 312
367 323
368 306
369 302
370 306
371 243
372 109
373 9
374 374
375 313
376 323
377 308
378 302
379 309
380 308
381 381
382 306
383 160
384 354
385 302
386 386
387 387
388 312
389 389
390 306
391 313
392 7
393 24
394 312
395 306
396 323
397 316
398 302
399 340
400 400
401 309
402 308
403 306
404 7
405 309
406 302
407 387
408 306
409 24
410 410
411 306
412 313
413 354
414 306
415 9
416 109
417 302
418 418
419 306
420 7
421 421
422 322
423 46
424 166
425 418
426 426
427 7
428 302
429 387
430 430
431 323
432 312
433 7
434 322
435 435
436 322
437 323
438 418
439 302
440 322
441 323
442 109
443 323
444 306
445 312
446 389
447 302
448 448
449 312
450 306
451 7
452 354
453 386
454 387
455 306
456 323
457 312
458 313
459 11
460 24
461 323
462 312
463 306
464 389
465 302
466 306
467 323
468 322
469 312
470 302
471 389
472 306
473 312
474 474
475 109
476 476
477 9
478 478
479 259
480 480
481 478
482 308
483 7
484 478
485 478
486 323
487 478
488 312
489 478
490 478
491 323
492 302
493 478
494 308
495 478
496 323
497 302
498 389
499 312
500 478
501 7
502 478
503 109
504 313
505 505
506 478
507 302
508 508
509 478
510 302
511 354
512 478
513 302
514 478
515 515
516 478
517 7
518 302
519 323
520 4
521 521
522 323
523 523
524 302
525 525
526 418
527 24
528 259
529 529
530 530
531 531
532 109
533 24
534 480
535 535
536 109
537 5
538 9
539 109
540 540
541 541
542 542
543 543
544 544
545 545
546 546
547 547
548 548
549 549
550 550
551 551
552 552
553 553
554 554
555 259
556 259
557 24
558 109
559 243
560 109
561 9
562 259
563 563
564 564
565 259
566 566
567 567
568 568
569 569
570 570
571 571
572 567
573 566
574 569
575 575
576 576
577 575
578 569
579 109
580 580
581 581
582 582
583 5
584 109
585 41
586 586
587 24
588 259
589 589
590 9
591 589
592 259
593 9
594 259
595 595
596 109
597 9
598 259
599 109
600 600
601 109
602 24
603 259
604 9
605 259
606 24
607 41
608 259
609 259
610 595
611 611
612 259
613 24
614 41
615 109
616 109
617 5
618 41
619 41
620 9
621 259
622 622
623 259
624 624
625 480
626 259
627 259
628 5
629 109
630 5
631 631
632 632
633 633
634 5
635 7
636 636
637 637
638 637
639 7
640 7
641 641
642 642
643 7
644 644
645 636
646 642
647 636
648 648
649 642
650 24
651 651
652 642
653 648
654 654
655 642
656 648
657 642
658 642
659 659
660 24
661 644
662 662
663 636
664 636
665 665
666 642
667 24
668 668
669 669
670 636
671 642
672 642
673 7
674 662
675 636
676 24
677 642
678 642
679 636
680 24
681 681
682 654
683 636
684 684
685 642
686 636
687 681
688 24
689 636
690 642
691 662
692 7
693 637
694 636
695 695
696 641
697 695
698 173
699 7
700 700
701 173
702 7
703 703
704 695
705 705
706 695
707 24
708 695
709 695
710 636
711 703
712 712
713 713
714 636
715 695
716 695
717 636
718 695
719 641
720 695
721 24
722 722
723 703
724 695
725 705
726 703
727 7
728 636
729 729
730 665
731 255
732 644
733 665
734 665
735 695
736 705
737 665
738 738
739 636
740 695
741 695
742 695
743 695
744 705
745 695
746 24
747 747
748 703
749 695
750 705
751 695
752 752
753 636
754 695
755 695
756 636
757 695
758 636
759 24
760 636
761 695
762 762
763 642
764 636
765 642
766 695
767 767
768 24
769 641
770 695
771 637
772 772
773 641
774 695
775 703
776 24
777 777
778 705
779 779
780 695
781 695
782 695
783 783
784 695
785 785
786 713
787 636
788 695
789 789
790 24
791 705
792 695
793 636
794 641
795 705
796 796
797 636
798 695
799 644
800 642
801 801
802 642
803 636
804 642
805 642
806 636
807 807
808 642
809 642
810 24
811 644
812 636
813 813
814 642
815 815
816 642
817 642
818 24
819 636
820 642
821 821
822 642
823 642
824 824
825 825
826 636
827 642
828 24
829 829
830 636
831 831
832 832
833 642
834 636
835 705
836 695
837 837
838 695
839 705
840 695
841 695
842 636
843 695
844 705
845 24
846 846
847 695
848 695
849 705
850 7
851 665
852 7
853 705
854 695
855 166
856 665
857 703
858 695
859 166
860 695
861 642
862 695
863 695
864 705
865 695
866 866
867 867
868 868
869 705
870 695
871 695
872 872
873 642
874 695
875 703
876 876
877 705
878 695
879 7
880 642
881 665
882 642
883 7
884 884
885 642
886 886
887 636
888 886
889 24
890 642
891 891
892 642
893 642
894 24
895 654
896 695
897 705
898 703
899 636
900 695
901 705
902 703
903 903
904 173
905 636
906 642
907 642
908 908
909 909
910 642
911 642
912 912
913 642
914 642
915 915
916 636
917 695
918 642
919 636
920 920
921 921
922 922
923 642
924 5
925 41
926 926
927 927
928 928
929 929
930 930
931 931
932 9
933 933
934 934
935 935
936 936
937 937
938 938
939 939
940 940
941 31
942 942
943 943
944 944
945 939
946 31
947 944
948 948
949 949
950 950
951 25
952 5
953 953
954 5
955 955
956 24
957 24
958 958
959 944
960 24
961 944
962 24
963 944
964 958
965 24
966 944
967 24
968 944
969 24
970 944
971 5
972 972
973 973
974 974
975 5
976 83
977 977
978 5
979 979
980 944
981 24
982 944
983 24
984 944
985 41
986 986
987 987
988 944
989 974
990 944
991 24
992 944
993 974
994 41
995 31
996 944
997 997
998 24
999 958
1000 1000
1001 24
1002 974
1003 944
1004 24
1005 944
1006 972
1007 958
1008 944
1009 1009
1010 944
1011 944
1012 24
1013 944
1014 24
1015 944
1016 997
1017 5
1018 997
1019 977
1020 1020
1021 5
1022 974
1023 1023
1024 997
1025 958
1026 1026
1027 1027
1028 1028
1029 1029
1030 1030
1031 1031
1032 1030
1033 1033
1034 1034
1035 1035
1036 1030
1037 1030
1038 1038
1039 1039
1040 1040
1041 1030
1042 31
1043 1043
1044 958
1045 24
1046 958
1047 1047
1048 944
1049 24
1050 944
1051 958
1052 24
1053 944
1054 997
1055 24
1056 1056
1057 1057
1058 4
1059 974
1060 944
1061 24
1062 25
1063 943
1064 1064
1065 944
1066 24
1067 944
1068 944
1069 1069
1070 944
1071 997
1072 1072
1073 974
1074 668
1075 944
1076 1076
1077 1077
1078 944
1079 944
1080 24
1081 958
1082 1082
1083 24
1084 1084
1085 1085
1086 1086
1087 1087
1088 1088
1089 1089
1090 1090
1091 1091
1092 1092
1093 1093
1094 1094
1095 1095
1096 1096
1097 24
1098 5
1099 958
1100 1100
1101 6
1102 958
1103 4
1104 6
1105 1105
1106 5
1107 1107
1108 1108
1109 958
1110 24
1111 9
1112 31
1113 1113
1114 1114
1115 1115
1116 24
1117 31
1118 9
1119 480
1120 1120
1121 1121
1122 958
1123 6
1124 1124
1125 9
1126 1126
1127 9
1128 1128
1129 9
1130 1130
1131 6
1132 1132
1133 1133
1134 1134
1135 1135
1136 1136
1137 1137
1138 1137
1139 1134
1140 6
1141 1141
1142 1142
1143 6
1144 1113
1145 1145
1146 9
1147 1147
1148 1148
1149 9
1150 1150
1151 9
1152 1152
1153 1153
1154 1154
1155 1155
1156 1156
1157 1157
1158 1153
1159 1159
1160 1160
1161 1161
1162 1162
1163 1163
1164 1164
1165 1162
1166 1166
1167 1161
1168 1157
1169 1162
1170 1156
1171 1155
1172 1172
1173 1162
1174 1155
1175 1157
1176 1162
1177 1177
1178 1156
1179 1162
1180 1172
1181 1177
1182 1156
1183 1155
1184 1157
1185 1185
1186 1186
1187 9
1188 958
1189 9
1190 1190
1191 1191
1192 4
1193 1193
1194 1194
1195 1185
1196 1196
1197 6
1198 6
1199 1196
1200 1191
1201 1113
1202 1196
1203 6
1204 9
1205 1121
1206 1206
1207 1207
1208 1207
1209 1207
1210 7
1211 6
1212 1212
1213 1213
1214 9
1215 7
1216 1216
1217 1217
1218 5
1219 1219
1220 1220
1221 1120
1222 9
1223 1223
1224 31
1225 7
1226 1226
1227 9
1228 24
1229 1229
1230 4
1231 944
1232 5
1233 24
1234 24
1235 1235
1236 1236
1237 1237
1238 1238
1239 1239
1240 1239
1241 1235
1242 977
1243 1243
1244 24
1245 944
1246 958
1247 1247
1248 7
1249 1249
1250 6
1251 46
1252 1150
1253 83
1254 1254
1255 1255
1256 1249
1257 1257
1258 1258
1259 9
1260 1150
1261 1105
1262 1262
1263 6
1264 24
1265 1265
1266 958
1267 958
1268 1268
1269 944
1270 6
1271 7
1272 944
1273 1273
1274 31
1275 24
1276 944
1277 944
1278 7
1279 6
1280 944
1281 24
1282 944
1283 1283
1284 958
1285 24
1286 944
1287 958
1288 1288
1289 6
1290 944
1291 944
1292 1292
1293 1293
1294 6
1295 944
1296 6
1297 1297
1298 4
1299 944
1300 1300
1301 1301
1302 944
1303 1303
1304 944
1305 1283
1306 944
1307 6
1308 1308
1309 944
1310 1310
1311 1311
1312 944
1313 24
1314 944
1315 6
1316 1316
1317 944
1318 958
1319 944
1320 4
1321 944
1322 10
1323 1323
1324 4
1325 944
1326 1326
1327 1114
1328 1328
1329 944
1330 1145
1331 958
1332 1301
1333 7
1334 1334
1335 1335
1336 1336
1337 1337
1338 6
1339 1339
1340 944
1341 7
1342 1342
1343 9
1344 1337
1345 1114
1346 1115
1347 1347
1348 4
1349 944
1350 1334
1351 1351
1352 1352
1353 1353
1354 24
1355 944
1356 958
1357 944
1358 6
1359 7
1360 944
1361 4
1362 4
1363 944
1364 944
1365 7
1366 1337
1367 6
1368 944
1369 24
1370 944
1371 24
1372 7
1373 1373
1374 7
1375 944
1376 31
1377 1377
1378 944
1379 7
1380 944
1381 944
1382 24
1383 944
1384 6
1385 1385
1386 944
1387 4
1388 1388
1389 1389
1390 1390
1391 4
1392 1392
1393 4
1394 24
1395 24
1396 944
1397 1301
1398 944
1399 6
1400 1400
1401 944
1402 944
1403 944
1404 944
1405 1405
1406 6
1407 944
1408 944
1409 6
1410 7
1411 944
1412 24
1413 958
1414 944
1415 6
1416 7
1417 944
1418 31
1419 9
1420 944
1421 24
1422 944
1423 5
1424 958
1425 944
1426 4
1427 944
1428 7
1429 1114
1430 1430
1431 1431
1432 4
1433 1433
1434 977
1435 24
1436 5
1437 4
1438 1438
1439 24
1440 1440
1441 1441
1442 1442
1443 1443
1444 1444
1445 1445
1446 1446
1447 1447
1448 1448
1449 1449
1450 1450
1451 1451
1452 1452
1453 1453
1454 1454
1455 1455
1456 1456
1457 1457
1458 1458
1459 1459
1460 1460
1461 1461
1462 1462
1463 1463
1464 1464
1465 1465
1466 1466
1467 1467
1468 1468
1469 1469
1470 1470
1471 1471
1472 1472
1473 1473
1474 1474
1475 1475
1476 1476
1477 1477
1478 1478
1479 1479
1480 1480
1481 1481
1482 1482
1483 1483
1484 1484
1485 1485
1486 1486
1487 1487
1488 1488
1489 1489
1490 1490
1491 1491
1492 1492
1493 1493
1494 1494
