0 0
1 1
2 2
3 1
4 1
5 1
6 6
7 7
8 8
9 9
10 10
11 11
12 12
13 13
14 14
15 15
16 16
17 17
18 18
19 19
20 20
21 21
22 20
23 23
24 24
25 25
26 26
27 27
28 28
29 29
30 30
31 31
32 32
33 33
34 34
35 35
36 36
37 37
38 38
39 39
40 40
41 41
42 42
43 43
44 44
45 45
46 46
47 47
48 47
49 47
50 50
51 47
52 50
53 53
54 54
55 50
56 56
57 47
58 58
59 59
60 60
61 61
62 59
63 63
64 64
65 65
66 66
67 67
68 68
69 69
70 70
71 68
72 66
73 73
74 74
75 75
76 76
77 77
78 78
79 79
80 80
81 81
82 82
83 83
84 84
85 85
86 83
87 87
88 88
89 89
90 90
91 91
92 92
93 93
94 94
95 95
96 96
97 97
98 98
99 99
100 100
101 101
102 102
103 103
104 104
105 105
106 106
107 107
108 105
109 109
110 105
111 105
112 112
113 105
114 114
115 115
116 116
117 117
118 114
119 104
120 117
121 105
122 116
123 123
124 116
125 115
126 115
127 104
128 128
129 114
130 104
131 114
132 132
133 117
134 132
135 135
136 132
137 137
138 138
139 115
140 114
141 104
142 132
143 138
144 144
145 114
146 146
147 135
148 132
149 132
150 132
151 114
152 152
153 132
154 117
155 138
156 137
157 132
158 158
159 159
160 114
161 159
162 114
163 163
164 114
165 104
166 114
167 104
168 114
169 114
170 114
171 137
172 138
173 114
174 135
175 114
176 105
177 132
178 114
179 116
180 137
181 115
182 114
183 104
184 152
185 185
186 186
187 114
188 132
189 132
190 132
191 191
192 192
193 132
194 132
195 105
196 159
197 192
198 104
199 192
200 117
201 192
202 117
203 117
204 191
205 192
206 192
207 207
208 115
209 192
210 192
211 192
212 105
213 104
214 207
215 104
216 216
217 217
218 117
219 192
220 220
221 216
222 207
223 115
224 192
225 225
226 116
227 227
228 104
229 116
230 116
231 231
232 116
233 233
234 227
235 235
236 116
237 237
238 238
239 231
240 138
241 227
242 116
243 117
244 116
245 220
246 116
247 116
248 115
249 116
250 116
251 231
252 252
253 104
254 105
255 115
256 105
257 115
258 104
259 220
260 115
261 105
262 115
263 115
264 264
265 115
266 104
267 267
268 268
269 115
270 115
271 271
272 272
273 273
274 220
275 115
276 104
277 115
278 278
279 273
280 115
281 281
282 115
283 283
284 273
285 273
286 115
287 115
288 115
289 273
290 290
291 273
292 273
293 115
294 115
295 105
296 114
297 105
298 105
299 299
300 300
301 301
302 302
303 303
304 302
305 305
306 306
307 307
308 308
309 309
310 310
311 310
312 312
313 313
314 314
315 315
316 316
317 317
318 318
319 319
320 320
321 321
322 322
323 323
324 216
325 216
326 192
327 216
328 192
329 216
330 330
331 216
332 115
333 207
334 192
335 335
336 336
337 337
338 104
339 192
340 340
341 132
342 191
343 117
344 344
345 207
346 191
347 216
348 191
349 192
350 216
351 192
352 352
353 207
354 115
355 104
356 191
357 192
358 358
359 135
360 358
361 192
362 112
363 358
364 192
365 344
366 216
367 367
368 192
369 220
370 358
371 371
372 105
373 114
374 104
375 132
376 371
377 117
378 191
379 144
380 132
381 381
382 382
383 114
384 132
385 115
386 104
387 114
388 114
389 389
390 132
391 191
392 117
393 191
394 138
395 137
396 132
397 144
398 132
399 104
400 132
401 104
402 132
403 231
404 404
405 132
406 132
407 237
408 114
409 114
410 144
411 411
412 138
413 413
414 191
415 104
416 132
417 117
418 104
419 115
420 420
421 115
422 191
423 115
424 115
425 273
426 273
427 191
428 115
429 115
430 191
431 273
432 115
433 104
434 273
435 435
436 104
437 115
438 273
439 115
440 116
441 115
442 116
443 443
444 231
445 116
446 191
447 116
448 117
449 220
450 116
451 237
452 452
453 453
454 116
455 455
456 116
457 457
458 231
459 117
460 104
461 116
462 135
463 452
464 464
465 264
466 116
467 104
468 116
469 104
470 116
471 455
472 116
473 473
474 115
475 116
476 231
477 116
478 116
479 479
480 116
481 115
482 116
483 115
484 104
485 135
486 220
487 115
488 488
489 115
490 490
491 491
492 191
493 371
494 494
495 135
496 114
497 371
498 115
499 499
500 191
501 114
502 340
503 191
504 132
505 117
506 132
507 340
508 104
509 340
510 114
511 158
512 132
513 114
514 114
515 191
516 132
517 191
518 104
519 114
520 520
521 104
522 132
523 523
524 524
525 525
526 371
527 115
528 371
529 191
530 340
531 371
532 104
533 132
534 138
535 137
536 536
537 114
538 104
539 135
540 104
541 114
542 132
543 114
544 135
545 358
546 132
