46.320 51.840 1158 1296 eurgmaszszs 8.312
46.080 51.840 1152 1296 fernando_odriozola 77.981
46.080 51.840 1152 1296 wavegarden_cofounder 46.648
151.680 157.200 3792 3930 pierric_tsien 64.778
151.680 157.200 3792 3930 loves_to_surf_skate_and_snowboard 80.989
180.720 185.520 4518 4638 casper_steinfath 53.115
180.720 185.520 4518 4638 vice_president_international_surfing_association 65.058
180.960 185.520 4524 4638 euio 8.393
233.040 238.320 5826 5958 pierric_tsien 55.778
233.040 238.320 5826 5958 surfer 69.406
266.400 271.680 6660 6792 fernando_odriozola 63.981
266.640 271.680 6666 6792 engineer 70.716
280.560 284.880 7014 7122 eurgmaszszs 6.312
280.320 284.880 7008 7122 robert_richter_report_camera_editor 53.888
