67.680 74.400 1692 1860 taxi_driver 80.425
67.680 74.400 1692 1860 jeff_thomas 94.244
136.800 138.720 3420 3468 tran_ira_l 3.950
140.400 142.320 3510 3558 onbon_ansn_useum_anspo 9.373
157.680 160.080 3942 4002 eurgmaszszs 2.312
157.440 160.080 3936 4002 jeff_thomas 43.244
157.200 160.080 3930 4002 taxi_driver 42.425
172.560 173.760 4314 4344 agorun 1.963
170.160 174.480 4254 4362 sport_museum_trans_fut 10.700
185.760 189.600 4644 4740 taxi_driver 48.425
185.760 189.600 4644 4740 beresford_francis 58.996
283.680 288.240 7092 7206 haroon_zyed_editor 52.882
283.920 288.240 7098 7206 euio 9.393
283.680 288.240 7092 7206 conal_reid_camera 29.538
283.680 288.240 7092 7206 martin_herzogreport 23.302
296.640 296.760 7416 7419 owo_owu 1.307
