6.240 9.120 156 228 euromaxxdeluxe 26.090
57.600 59.520 1440 1488 ehi_died 3.510
71.760 76.800 1794 1920 miguel_abecasis 44.769
71.760 77.040 1794 1926 architect 57.626
74.160 96.480 1854 2412 than 5.162
223.440 227.520 5586 5688 daniela_krtsch 50.004
223.680 227.520 5592 5688 artist 42.567
244.080 248.160 6102 6204 bianca_kopsch_report 23.390
244.080 248.160 6102 6204 jochen_bartelt_camera 34.075
244.080 248.160 6102 6204 eva_luenig_editor 34.849
244.560 248.160 6114 6204 eurgmazszs 9.787
262.080 267.120 6552 6678 miguel_abecasis 41.769
262.080 267.120 6552 6678 architect 68.626
