25.200 28.560 630 714 fashion_label_founders 51.744
25.440 28.560 636 714 euio 9.393
122.640 131.040 3066 3276 source_trigema_change_collection 24.451
151.680 158.640 3792 3966 karin_frick 91.703
151.680 158.640 3792 3966 trend_researcher 100.650
152.160 158.880 3804 3972 euio 13.393
245.280 251.280 6132 6282 daniel_freitag 52.023
245.280 251.280 6132 6282 fashion_label_founder 85.219
245.280 251.520 6132 6288 euio 11.393
278.880 282.000 6972 7050 markus_freitag 23.549
278.880 282.000 6972 7050 freitag_fashion_label 44.203
300.240 304.560 7506 7614 alain_kaiser_camera 48.588
300.000 304.560 7500 7614 jan_grunfeld_editor 26.125
