39.600 45.120 990 1128 assemble_member 80.876
39.600 45.120 990 1128 joseph_halligan 63.363
88.080 91.440 2202 2286 granby_resident 47.309
88.080 91.680 2202 2292 hazel_tilley 39.995
117.120 121.680 2928 3042 maria_lisogorskaya 52.343
117.120 121.680 2928 3042 assemble_cofounder 66.368
149.520 152.160 3738 3804 adam_willis 35.283
149.520 152.160 3738 3804 assemble_member 42.876
162.720 165.600 4068 4140 source_zander_olsen 44.923
167.040 180.000 4176 4500 source_assemble 55.440
181.920 185.520 4548 4638 maria_lisogorskaya 43.343
181.920 185.520 4548 4638 former_architecture_student 67.662
230.400 231.600 5760 5790 utansius 4.456
269.760 274.320 6744 6858 joseph_halligan 48.363
270.000 274.320 6750 6858 granby_project_participant 30.655
279.840 283.920 6996 7098 miriam_dagan_report 27.615
280.080 283.920 7002 7098 eurgmazszs 5.787
279.840 283.920 6996 7098 r_fiedler_k_begic_editor 24.196
279.840 283.920 6996 7098 j_williams_p_taylor_camera 32.267
293.520 294.080 7338 7352 dwcolti 1.227
