35.520 40.320 888 1008 lisamarie_miiller 35.224
73.200 77.040 1830 1926 eurgmazszs 7.787
72.960 77.040 1824 1926 sacha_szabo 60.627
72.960 77.040 1824 1926 sociologist 42.762
223.200 229.680 5580 5742 sacha_szabo 90.627
223.200 229.920 5580 5748 eurgmazszs 7.787
223.440 229.920 5586 5748 sociologist_and_author 88.402
242.880 246.720 6072 6168 christian_forster_editor 30.617
242.880 246.720 6072 6168 miriam_dagan_report 41.615
242.880 246.720 6072 6168 malte_pelka_miriam_dagan_camera 30.410
280.800 284.640 7020 7116 lisamarie_miiller 30.224
296.160 296.440 7404 7411 owo_owe 2.085
