30.240 36.240 756 906 photographer 86.058
30.240 36.240 756 906 arno_specht 84.656
30.480 36.480 762 912 eurgmaeszs 6.124
67.200 71.040 1680 1776 source_arno_specht 41.459
111.600 113.040 2790 2826 berlin 12.123
121.680 123.120 3042 3078 we_bseite 7.066
121.920 123.120 3048 3078 illulnauenlen_no 7.529
127.200 133.200 3180 3330 source_ciaren_fahey 60.884
133.440 135.600 3336 3390 ordnung 4.225
218.160 224.160 5454 5604 arnas_diemann 57.498
218.160 224.400 5454 5610 tour_guide 83.316
268.320 273.840 6708 6846 nicholas_potter_report 48.601
268.560 273.840 6714 6846 marek_neumannschonwetter_camera 40.092
268.080 273.840 6702 6846 david_jacobi_editor 31.355
268.320 273.840 6708 6846 euio 6.393
278.640 282.960 6966 7074 arno_specht 63.656
278.640 282.960 6966 7074 urban_explorer 60.730
278.880 283.200 6972 7080 euto 8.545
289.680 297.840 7242 7446 source_arno_specht 111.092
