38.640 41.040 966 1026 jan_gunneweg 40.503
38.640 41.040 966 1026 designer 36.467
39.840 41.040 996 1026 euio 6.393
164.160 167.040 4104 4176 bicycle_manufacturer 47.635
164.160 167.040 4104 4176 tobias_meyer 42.514
164.640 167.040 4116 4176 euio 6.393
269.520 272.400 6738 6810 gonna_ketels_report 13.584
269.760 272.400 6744 6810 jihueon_lin_editor 21.647
269.760 272.400 6744 6810 d_drechsler_w_schmudt_camera 17.559
277.440 280.800 6936 7020 trained_boatbuilder 42.130
277.680 280.800 6942 7020 jan_gunneweg 45.503
