85.680 90.720 2142 2268 euio 7.393
85.920 90.720 2148 2268 karin_berg 62.391
85.920 90.720 2148 2268 director_holmenkollen_ski_museum 73.301
109.440 111.120 2736 2778 uiemimi 2.365
120.480 123.840 3012 3096 eurgmazszs 8.787
120.240 123.840 3006 3096 faye_harris 43.617
120.240 123.840 3006 3096 tourist_from_england 53.560
151.920 155.280 3798 3882 hedda_hagesenhallesby 26.592
151.920 155.280 3798 3882 spokeswoman_oslo_opera_house 56.297
152.160 155.520 3804 3888 euio 10.393
177.360 182.880 4434 4572 euio 11.393
177.120 182.880 4428 4572 magne_fremmerlid 61.243
177.120 182.880 4428 4572 bass_singer 77.325
252.480 255.600 6312 6390 euio 11.393
252.240 255.600 6306 6390 aksel_kolstad 52.049
252.240 255.600 6306 6390 pianist 44.544
283.920 288.480 7098 7212 annabelle_steffes_report 43.795
283.920 288.480 7098 7212 axel_dietrich_camera 17.753
284.160 288.480 7104 7212 euio 7.393
283.920 288.480 7098 7212 kirsten_jungclaus_editor 54.937
294.960 296.400 7374 7410 finns_our 4.306
