10.560 14.160 264 354 euromaxxhighlights 27.485
20.640 25.920 516 648 the_sky_s_the_limit 77.858
20.640 25.920 516 648 elaiq 14.549
27.360 33.120 684 828 underground_art 81.194
27.840 33.120 696 828 eljoiueixx 5.336
34.800 40.080 870 1002 drone_alarm 73.579
34.560 40.080 864 1002 eljoihexx 6.593
53.760 56.160 1344 1404 anne_o_donnell 34.571
93.360 96.960 2334 2424 artist 33.567
93.360 96.960 2334 2424 berndnaut_smilde 32.438
93.600 107.280 2340 2682 ieewvi 14.383
243.360 246.240 6084 6156 artist 39.567
243.360 246.240 6084 6156 berndnaut_smilde 28.438
299.040 301.680 7476 7542 sharon_berkal_report 20.928
299.040 301.680 7476 7542 frank_von_kydrowski_camera 21.192
299.040 301.680 7476 7542 andreas_hyronimus_editor 32.410
336.720 338.880 8418 8472 iou_nllt_rm_iflin 5.835
339.600 342.720 8490 8568 tia 13.232
355.440 359.280 8886 8982 per_karlsson 53.127
355.440 359.280 8886 8982 fisherman 56.257
618.000 620.400 15450 15510 alexander_dluzak_report 50.140
618.000 620.640 15450 15516 alexander_dluzak_camera 39.730
618.000 620.880 15450 15522 david_holfelder_editor 32.349
623.760 626.640 15594 15666 illilllil 2.659
648.480 651.120 16212 16278 euromaxx_highlights 20.485
684.960 686.640 17124 17166 ars_electronica_future_lab 33.719
684.960 686.640 17124 17166 horst_hortner 14.445
846.240 850.560 21156 21264 horst_hortner 24.445
846.240 850.560 21156 21264 director_ars_electronica_future_lab 71.846
857.040 859.920 21426 21498 antje_binder_report 19.266
857.040 860.160 21426 21504 robert_fiedler_editor 36.740
857.040 860.160 21426 21504 rossi_kruger_camera 19.600
901.440 904.320 22536 22608 anne_o_donnell 43.571
984.480 987.360 24612 24684 oscar_tusquets_blanca 48.071
984.480 987.360 24612 24684 architect 42.626
984.960 987.360 24624 24684 euio 6.393
1026.000 1029.360 25650 25734 oliviero_toscani 33.390
1026.000 1029.360 25650 25734 photographer 51.058
1040.880 1043.040 26022 26076 ltii_copper 2.614
1043.760 1045.440 26094 26136 at_wmv_re_izilpileie 8.088
1108.560 1110.480 27714 27762 ingiieuanngduinipifiupl_uqinianolo_mom_si_cb 17.910
1154.880 1158.720 28872 28968 alvaro_siza_vieira 33.172
1154.880 1158.720 28872 28968 pritzker_prize_winner 37.650
1155.120 1164.000 28878 29100 bed_cijcdiedei 5.937
1213.200 1215.600 30330 30390 m_kadereit_e_sc_hwab_report 18.222
1213.200 1215.600 30330 30390 michael_kadereit_camera 27.077
1213.200 1215.840 30330 30396 florian_scholz_editor 26.950
1259.520 1266.480 31488 31662 kiiking_ee 12.253
1281.600 1284.000 32040 32100 euio 4.393
1281.600 1284.000 32040 32100 extreme_athlete 46.006
1281.600 1284.000 32040 32100 miriam_pedaja 16.791
1295.760 1298.160 32394 32454 era 2.618
1325.760 1329.840 33144 33246 kiiking_inventor 56.478
1325.760 1329.840 33144 33246 ado_kosk 58.111
1326.000 1330.080 33150 33252 euio 7.393
1348.080 1349.520 33702 33738 hanut 5.269
1348.080 1349.520 33702 33738 es_lent 6.275
1348.560 1350.240 33714 33756 ekultuur_eeq 4.285
1389.840 1392.960 34746 34824 eurgrreazszs 2.976
1389.600 1392.960 34740 34824 kiiking_enthusiast 48.178
1389.600 1392.960 34740 34824 alari_vahtre 34.693
1415.280 1417.680 35382 35442 kandi 30.117
1419.360 1424.160 35484 35604 former_kiiking_world_record_holder 63.581
1419.360 1424.160 35484 35604 ants_tamme 69.019
1418.640 1426.800 35466 35670 ilrejidb_bebe 5.087
1466.880 1470.720 36672 36768 euio 5.393
1466.880 1470.720 36672 36768 mirjam_pedaja 32.226
1466.880 1470.720 36672 36768 extreme_athlete 61.006
1483.680 1486.080 37092 37152 lndrek_kraus_camera 19.977
1483.440 1486.080 37086 37152 jochen_lohmann_report 28.739
1483.920 1486.080 37098 37152 euio 5.393
1483.680 1486.080 37092 37152 franz_taplickeditor 14.221
1492.080 1498.560 37302 37464 source_eesti_knlungv_liit 15.160
1526.400 1534.320 38160 38358 director 62.310
1526.400 1534.320 38160 38358 tankred_schonfisch 65.268
1526.400 1534.320 38160 38358 neumann 84.262
1526.400 1534.320 38160 38358 frank 93.392
1526.400 1534.320 38160 38358 host 21.932
1526.400 1534.320 38160 38358 camera 80.859
1526.400 1534.320 38160 38358 guido_seifensieder 76.728
1526.400 1534.320 38160 38358 sound 41.542
1526.400 1534.320 38160 38358 karl_rix 83.872
1526.400 1534.320 38160 38358 lighting 50.820
1535.280 1544.880 38382 38622 rolf_rische 90.521
1535.280 1544.880 38382 38622 executive_producer 96.591
1535.280 1544.880 38382 38622 sonja_kaun 88.865
1535.280 1544.880 38382 38622 peter_wilson 79.980
1535.280 1544.880 38382 38622 producers 105.926
1526.400 1544.880 38160 38622 anne_o_donnell 101.571
1545.600 1553.040 38640 38826 studio 68.293
1535.280 1553.040 38382 38826 produced_at 85.548
1525.920 1553.040 38148 38826 elaiq 30.549
1553.520 1558.080 38838 38952 dwcomenglisheuromaxx 21.625
1553.520 1558.080 38838 38952 euromaxxenglish_dwcom 29.625
1553.520 1558.320 38838 38958 germany 68.115
1560.720 1563.000 39018 39075 owo_owe 4.085
