3.840 6.720 96 168 oico 8.019
34.800 40.800 870 1020 eden 7.524
42.240 48.000 1056 1200 alexander_dragunov 83.547
42.240 48.000 1056 1200 amateur_photographer 87.648
86.880 88.320 2172 2208 missunderground 21.903
87.360 88.560 2184 2214 rilin_jlinuwncnmlimtlaiimon_ondon 11.455
87.600 88.800 2190 2220 underground_cam_and_maul_mo 12.860
93.600 97.680 2340 2442 source_mussunderground 17.029
111.600 116.400 2790 2910 source_andrei_makarov 28.029
286.080 290.640 7152 7266 alexander_dragunov 66.547
286.320 290.640 7158 7266 programmer 58.945
298.320 302.880 7458 7572 robert_richter_report_camera_editor 58.920
