3.840 6.240 96 156 euromaxxserles 13.900
13.200 17.520 330 438 bedtime_stories 68.941
13.920 17.520 348 438 hotel_adlon_berlin 52.923
8.400 18.240 210 456 euromaxx_series 49.155
51.840 57.120 1296 1428 emile_bootsma 53.531
51.840 57.120 1296 1428 hotel_adlon_general_manager 77.414
52.080 57.120 1302 1428 euio 13.393
126.720 132.480 3168 3312 ricardo_diirner 61.193
126.960 132.480 3174 3312 euio 13.393
126.720 132.480 3168 3312 butler 79.380
291.360 296.160 7284 7404 emile_bootsma 51.531
291.360 296.160 7284 7404 general_manager 72.614
307.200 311.040 7680 7776 bettina_busch_report 23.895
307.200 311.280 7680 7782 david_jacobi_editor 20.207
306.960 311.280 7674 7782 hansjugen_kassube_camera 26.885
