44.640 49.200 1116 1230 managing_director_bragi 44.785
44.640 49.200 1116 1230 nikolaj_hviid 39.755
153.120 157.440 3828 3936 arne_loermann 63.327
153.120 157.440 3828 3936 designer 61.467
152.640 162.720 3816 4068 cece 9.506
153.120 162.720 3828 4068 tubal 10.049
193.920 196.800 4848 4920 v_nw_hoverbake_com 5.768
217.200 222.000 5430 5550 entaku_ondon_com 9.035
248.640 253.200 6216 6330 karsten_wenzlaff 65.573
248.640 253.200 6216 6330 communications_expert 58.288
279.120 285.360 6978 7134 nikolaj_hviid 47.755
297.840 303.360 7446 7584 uwe_schwarze_editor 36.092
298.080 303.360 7452 7584 euio 6.393
297.840 303.360 7446 7584 stephanie_drescher_report 40.472
297.840 303.360 7446 7584 uwe_schwarze_camera 46.792
