325.781 329.541 8144 8238 joan_roura 0.860
435.101 438.941 10877 10973 joaquin_aguirre 0.850
448.101 452.021 11202 11300 jose_manuel_regadera 0.860
712.501 716.461 17812 17911 miguel_sebastian 0.830
810.221 813.941 20255 20348 jose_montilla 0.830
835.141 839.021 20878 20975 daniel_sirera 0.870
842.221 845.981 21055 21149 joan_saura 0.850
850.221 853.941 21255 21348 jaume_freixes 0.850
870.101 873.981 21752 21849 joan_puigcercos 0.850
936.141 939.901 23403 23497 francesc_homs 0.870
952.181 955.981 23804 23899 antoni_castells 0.820
1015.500 1019.260 25387 25481 josep_lluis_carod_rovira 0.840
1177.980 1181.780 29449 29544 xavier_bru_de_sala 0.870
1263.540 1267.340 31588 31683 jordi_hereu 0.850
1263.580 1267.340 31589 31683 alcalde_de_barcelona 0.840
1444.300 1448.020 36107 36200 josep_guardiola 0.840
1785.500 1788.780 44637 44719 albert_closa 0.870
1929.740 1937.300 48243 48432 alessia_vivian 0.900
1977.700 1984.900 49442 49622 josep_francesc 0.840
2079.140 2087.140 51978 52178 josep_francesc 0.880
2230.260 2237.940 55756 55948 josep_francesc 0.740
2547.340 2552.300 63683 63807 jordina_molas 0.860
2626.820 2632.420 65670 65810 anton_costas 0.830
2812.980 2819.300 70324 70482 anton_costas 0.840
2960.900 2967.220 74022 74180 anton_costas 0.840
3094.580 3101.460 77364 77536 anton_costas 0.870
