0 0
1 1
2 2
3 3
4 4
5 1
6 2
7 3
8 8
9 0
10 2
11 3
12 1
13 13
14 14
15 3
16 1
17 2
18 18
19 19
20 2
21 21
22 4
23 23
24 2
25 21
26 4
27 27
28 28
29 29
30 30
31 28
32 27
33 33
34 34
35 28
36 36
37 29
38 29
39 39
40 40
41 28
42 28
43 43
44 44
45 45
46 43
47 43
48 28
49 3
50 43
51 51
52 52
53 14
54 19
55 55
56 3
57 2
58 1
59 3
60 27
61 2
62 62
63 63
64 64
65 1
66 66
67 3
68 2
69 69
70 3
71 71
72 4
73 1
74 74
75 2
76 76
77 77
78 76
79 79
80 80
81 80
82 82
83 83
84 84
85 85
86 84
87 85
88 84
89 84
90 76
91 82
92 76
93 82
94 76
95 82
96 76
97 85
98 84
99 99
100 85
101 85
102 84
103 103
104 104
105 103
106 106
107 107
108 106
109 109
110 106
111 103
112 104
113 103
114 104
115 115
116 104
117 103
118 104
119 119
120 120
121 104
122 103
123 104
124 103
125 104
126 104
127 115
128 128
129 128
130 115
131 104
132 106
133 106
134 106
135 79
136 106
137 104
138 138
139 120
140 106
141 115
142 106
143 138
144 103
145 106
146 146
147 103
148 148
149 148
150 148
151 151
152 148
153 153
154 148
155 155
156 148
157 157
158 158
159 148
160 103
161 153
162 82
163 103
164 82
165 148
166 148
167 167
168 148
169 169
170 170
171 148
172 172
173 148
174 153
175 175
176 103
177 177
178 103
179 138
180 103
181 172
182 103
183 106
184 138
185 172
186 104
187 187
188 188
189 189
190 104
191 191
192 106
193 191
194 104
195 106
196 196
197 106
198 103
199 106
200 104
201 201
202 202
203 76
204 104
205 106
206 80
207 106
208 191
209 172
210 210
211 172
212 79
213 80
214 76
215 103
216 216
217 217
218 216
219 172
220 220
221 172
222 222
223 82
224 172
225 216
226 172
227 227
228 216
229 172
230 76
231 172
232 172
233 216
234 82
235 80
236 236
237 216
238 172
239 216
240 76
241 241
242 80
243 243
244 80
245 245
246 80
247 76
248 148
249 103
250 148
251 251
252 252
253 148
254 254
255 255
256 82
257 257
258 148
259 76
260 148
261 82
262 148
263 76
264 85
265 241
266 76
267 85
268 76
269 84
270 270
271 115
272 272
273 84
274 274
275 76
276 276
277 84
278 76
279 279
280 85
281 281
282 85
283 84
284 85
285 285
286 286
287 287
288 84
289 289
290 84
291 85
292 153
293 84
294 84
295 76
296 104
297 106
298 104
299 106
300 153
301 120
302 104
303 103
304 138
305 115
306 106
307 138
308 106
309 138
310 115
311 106
312 138
313 313
314 106
315 76
316 84
317 317
318 85
319 319
320 115
321 85
322 322
323 84
324 80
325 85
326 84
327 115
328 85
329 329
330 84
331 103
332 82
333 333
334 148
335 103
336 153
337 148
338 148
339 103
340 148
341 341
342 153
343 80
344 82
345 345
346 346
347 148
348 153
349 82
350 115
351 103
352 138
353 104
354 106
355 355
356 120
357 357
358 191
359 104
360 115
361 191
362 191
363 106
364 103
365 83
366 104
367 103
368 106
369 104
370 370
371 120
372 76
373 104
374 374
375 120
376 106
377 377
378 106
379 106
380 138
381 381
382 138
383 191
384 76
385 84
386 76
387 115
388 317
389 84
390 85
391 85
392 80
393 393
394 393
395 84
396 317
397 84
398 85
399 76
400 115
401 76
402 402
403 85
404 80
405 393
406 82
407 85
408 408
409 409
410 76
411 409
412 412
413 409
414 85
415 80
416 416
417 79
418 216
419 243
420 420
421 216
422 422
423 172
424 216
425 243
426 216
427 427
428 428
429 216
430 430
431 80
432 216
433 172
434 243
435 80
436 79
437 437
438 80
439 243
440 440
441 441
442 103
443 443
444 83
445 103
446 446
447 104
448 103
449 104
450 103
451 106
452 103
453 104
454 138
455 455
456 437
457 191
458 115
459 191
460 104
461 80
462 104
463 104
464 104
465 120
466 191
467 138
468 191
469 138
470 83
471 138
472 106
473 153
474 138
475 475
476 138
477 80
478 104
479 106
480 480
481 481
482 104
483 103
484 484
485 485
486 83
487 487
488 83
489 484
490 103
491 491
492 492
493 493
494 494
495 495
496 496
497 497
498 498
499 499
500 500
501 501
502 502
503 503
504 504
505 505
506 506
507 507
508 506
509 509
510 510
511 511
512 512
513 513
514 514
515 55
516 516
517 517
518 518
519 519
520 520
521 521
522 522
523 523
524 524
525 525
526 526
527 527
528 510
529 514
530 530
531 530
532 510
533 533
534 534
535 535
536 536
537 537
538 538
539 539
540 540
541 541
542 542
543 543
544 544
545 545
546 546
547 547
548 548
549 549
550 550
551 551
552 552
553 553
554 554
555 555
556 556
557 557
558 558
559 559
560 560
561 561
562 562
563 563
564 564
565 565
566 566
567 567
568 568
569 569
570 570
571 571
572 572
573 573
574 574
575 575
576 576
577 577
578 578
579 579
580 580
581 581
582 582
583 583
584 584
585 585
586 586
587 587
588 588
589 589
590 510
591 510
592 76
593 115
594 85
595 76
596 84
597 76
598 598
599 85
600 600
601 85
602 85
603 103
604 76
605 77
606 216
607 446
608 80
609 82
610 80
611 77
612 172
613 77
614 614
615 115
616 216
617 83
618 77
619 172
620 216
621 172
622 80
623 79
624 76
625 80
626 76
627 216
628 103
629 79
630 76
631 103
632 76
633 82
634 148
635 82
636 148
637 82
638 217
639 153
640 640
641 148
642 642
643 103
644 148
645 153
646 148
647 85
648 76
649 85
650 84
651 651
652 652
653 76
654 115
655 655
656 76
657 104
658 76
659 80
660 216
661 661
662 77
663 216
664 664
665 665
666 77
667 667
668 243
669 76
670 77
671 76
672 672
673 673
674 103
675 675
676 416
677 216
678 243
679 679
680 243
681 76
682 172
683 216
684 216
685 82
686 80
687 76
688 80
689 79
690 76
691 80
692 191
693 104
694 437
695 191
696 104
697 437
698 104
699 446
700 76
701 138
702 79
703 104
704 437
705 104
706 80
707 104
708 106
709 709
710 710
711 104
712 103
713 104
714 115
715 104
716 103
717 104
718 718
719 104
720 103
721 104
722 80
723 104
724 103
725 80
726 103
727 103
728 104
729 79
730 104
731 731
732 732
733 191
734 104
735 104
736 736
737 191
738 437
739 79
740 104
741 104
742 104
743 85
744 76
745 115
746 84
747 115
748 85
749 393
750 115
751 76
752 115
753 753
754 754
755 115
756 84
757 76
758 115
759 84
760 83
761 115
762 85
763 210
764 85
765 765
766 393
767 84
768 76
769 148
770 103
771 148
772 148
773 773
774 148
775 103
776 148
777 153
778 148
779 779
780 148
781 781
782 153
783 148
784 103
785 785
786 786
787 148
788 103
789 148
790 257
791 791
792 148
793 115
794 84
795 115
796 76
797 115
798 82
799 85
800 84
801 103
802 191
803 437
804 437
805 805
806 104
807 104
808 148
809 82
810 148
811 811
812 812
813 79
814 153
815 82
816 84
817 85
818 818
819 84
820 103
821 82
822 822
823 148
824 824
825 825
826 826
827 148
828 85
829 829
830 830
831 103
832 104
833 833
834 191
835 103
836 836
837 104
838 138
839 104
840 840
841 841
842 103
843 104
844 844
845 845
846 191
847 104
848 848
849 104
850 850
851 104
852 191
853 104
854 270
855 104
856 191
857 191
858 104
859 859
860 104
861 861
862 862
863 104
864 104
865 106
866 866
867 867
868 106
869 869
870 106
871 120
872 106
873 79
874 106
875 106
876 106
877 85
878 191
879 115
880 85
881 191
882 85
883 104
884 103
885 115
886 191
887 887
888 106
889 138
890 84
891 138
892 85
893 893
894 894
895 895
896 104
897 897
898 83
899 899
900 409
901 276
902 104
903 76
904 640
905 899
906 83
907 76
908 85
909 115
910 85
911 80
912 115
913 913
914 914
915 276
916 104
917 153
918 918
919 104
920 276
921 85
922 276
923 153
924 216
925 925
926 216
927 243
928 80
929 216
930 243
931 931
932 216
933 80
934 216
935 79
936 216
937 913
938 82
939 153
940 940
941 148
942 942
943 913
944 76
945 446
946 899
947 106
948 948
949 83
950 138
951 104
952 952
953 276
954 104
955 138
956 153
957 106
958 276
959 104
960 216
961 172
962 416
963 963
964 79
965 80
966 966
967 967
968 80
969 216
970 172
971 216
972 972
973 80
974 216
975 975
976 976
977 216
978 598
979 80
980 899
981 106
982 276
983 103
984 984
985 985
986 986
987 987
988 988
989 989
990 990
991 991
992 992
993 993
994 994
995 995
996 996
997 997
998 998
999 999
1000 1000
1001 1001
1002 1002
1003 1003
1004 1004
1005 1005
1006 1006
1007 1007
1008 1008
1009 1009
1010 1010
1011 1011
1012 1012
1013 1013
1014 1014
1015 1015
1016 1016
1017 1017
1018 1018
1019 1018
1020 1020
1021 1018
1022 1022
1023 1023
1024 1024
1025 1023
1026 1023
1027 1027
1028 1028
1029 1029
1030 1030
1031 1031
1032 1032
1033 1033
1034 1034
1035 1035
1036 1036
1037 1037
1038 1038
1039 1039
1040 1040
1041 1041
1042 1042
1043 1043
1044 1044
1045 1045
1046 1046
1047 1044
1048 1045
1049 1044
1050 1046
1051 1044
1052 1052
1053 1044
