0 0
1 1
2 2
3 3
4 4
5 3
6 6
7 7
8 3
9 9
10 6
11 11
12 6
13 13
14 3
15 0
16 3
17 17
18 18
19 3
20 18
21 3
22 22
23 3
24 24
25 25
26 1
27 27
28 28
29 29
30 1
31 24
32 25
33 33
34 1
35 35
36 36
37 33
38 25
39 39
40 40
41 41
42 1
43 43
44 44
45 1
46 33
47 25
48 48
49 3
50 50
51 51
52 33
53 25
54 54
55 6
56 6
57 33
58 25
59 59
60 60
61 61
62 62
63 63
64 64
65 65
67 67
68 68
69 69
70 70
71 71
72 72
73 73
74 74
75 75
76 76
77 77
78 78
79 79
80 80
81 81
82 82
83 83
84 84
85 85
86 86
87 87
88 88
89 89
90 90
91 91
92 92
93 93
94 94
95 95
96 96
97 97
98 98
100 100
99 99
101 101
102 102
103 103
104 104
105 105
106 106
107 107
108 108
109 109
110 110
111 111
112 112
113 112
114 112
115 112
116 116
117 117
118 117
119 117
120 120
121 121
122 122
123 122
124 124
125 125
126 126
127 127
128 128
129 129
130 129
131 129
132 129
133 133
134 134
135 133
136 136
137 137
138 138
139 137
140 137
141 141
142 142
143 137
144 137
145 145
146 146
147 137
148 146
149 149
150 137
151 137
152 137
153 137
154 154
155 155
156 156
157 157
158 158
159 142
160 160
161 161
162 162
163 163
164 164
165 165
166 166
167 167
168 168
169 169
170 170
171 171
172 172
173 173
174 171
175 173
176 172
177 177
178 178
179 179
180 180
181 179
182 182
183 183
184 184
185 185
186 183
187 183
188 188
189 185
190 183
191 185
192 192
193 185
194 194
195 195
196 196
197 197
198 198
199 199
200 200
201 201
202 202
203 203
204 204
205 204
206 185
207 204
208 208
209 208
210 208
211 204
212 212
213 213
214 214
215 215
216 216
217 214
218 218
219 219
220 220
221 179
222 222
223 223
224 224
225 183
226 183
227 227
228 227
229 183
230 185
231 227
232 232
233 185
234 185
235 235
236 236
237 236
238 236
239 236
240 236
241 241
242 236
243 236
244 185
245 245
246 246
247 246
248 246
249 236
250 236
251 251
252 236
253 236
254 254
255 236
256 236
257 241
258 258
259 236
260 260
261 261
262 262
263 246
264 264
265 241
266 266
267 267
268 236
269 236
270 236
271 271
272 272
273 273
274 241
275 241
276 236
277 241
278 278
279 279
280 278
281 278
282 241
283 283
284 284
285 284
286 286
287 287
288 199
289 289
290 290
291 291
292 292
293 293
294 294
295 294
296 296
297 297
298 298
299 299
300 300
301 299
302 302
303 303
304 304
305 305
306 306
307 303
308 308
309 309
310 310
311 241
312 312
313 313
314 314
315 241
316 241
