0 0
1 1
2 2
3 3
4 4
5 5
6 6
7 7
8 8
9 9
10 10
11 9
12 12
13 13
14 14
15 15
16 16
17 17
18 18
19 19
20 20
21 21
22 19
23 23
24 24
25 25
26 26
27 27
28 24
29 29
30 30
31 31
32 32
33 33
34 34
35 35
36 36
37 37
38 38
39 39
40 40
41 41
42 41
43 41
44 44
45 45
46 46
47 47
48 48
49 49
50 50
51 50
52 52
53 53
54 54
55 55
56 56
57 57
58 58
59 59
60 60
61 61
62 62
63 63
64 64
65 65
66 66
67 67
68 68
69 64
70 65
71 71
72 68
73 65
74 74
75 65
76 76
77 77
78 78
79 79
80 80
81 81
82 82
83 83
84 82
85 85
86 86
87 82
88 88
89 89
90 90
91 91
92 92
93 89
94 89
95 95
96 96
97 97
98 98
99 99
100 100
101 101
102 102
103 103
104 104
105 105
106 106
107 102
108 108
109 109
110 110
111 111
112 112
113 113
114 114
115 115
116 116
117 117
118 118
119 119
120 115
121 119
122 122
123 123
124 119
125 125
126 115
127 127
128 128
129 129
130 130
131 131
132 132
133 133
134 134
135 135
136 134
137 132
138 135
139 139
140 140
141 134
142 89
143 143
144 144
145 143
146 146
147 147
148 146
149 147
150 146
151 147
152 146
153 153
154 154
155 115
156 135
157 115
158 158
159 135
160 115
161 158
162 115
163 135
164 158
165 165
166 166
167 134
168 116
169 169
170 134
171 116
172 172
173 173
174 174
175 130
176 176
177 177
178 131
179 179
180 180
182 182
183 183
184 184
185 185
186 147
187 187
188 188
189 146
190 147
191 191
192 192
193 184
194 146
195 188
196 147
197 197
198 198
199 199
200 200
201 99
202 91
203 203
204 204
205 205
206 206
207 102
208 208
209 208
210 210
211 109
212 102
213 109
214 214
215 215
216 77
217 217
218 218
219 219
220 78
221 221
222 222
223 78
224 224
225 225
226 226
227 224
228 78
229 226
230 225
231 78
232 225
233 226
234 78
235 235
236 226
237 78
238 238
239 226
240 240
241 78
242 242
243 243
244 86
245 82
246 83
247 247
248 248
249 249
250 82
251 172
252 248
253 85
254 172
255 82
256 85
257 172
258 82
259 259
260 260
261 172
262 82
263 172
264 82
265 82
266 248
267 82
268 82
269 269
270 82
271 269
272 82
273 269
274 82
275 269
276 82
277 269
278 278
279 279
280 280
281 279
282 279
283 115
284 284
285 285
286 89
287 287
288 288
289 289
290 135
291 291
292 289
293 293
294 294
295 295
296 296
297 297
298 184
299 191
300 300
301 146
302 188
303 303
304 184
305 146
306 300
307 184
308 308
309 191
310 300
311 146
312 188
313 192
314 184
315 315
316 184
317 192
318 192
319 191
320 320
321 146
322 192
323 184
324 191
325 146
326 188
327 191
328 184
329 297
330 330
331 331
332 188
333 146
334 184
335 335
336 191
337 337
338 146
339 339
340 340
341 341
342 188
343 146
344 344
345 345
346 192
347 191
348 348
349 349
350 350
351 351
352 352
353 183
354 146
355 143
356 356
357 184
358 192
359 146
360 143
361 183
362 362
363 192
364 184
365 183
366 146
367 143
368 183
369 369
370 147
371 146
372 183
373 147
374 146
375 183
376 146
377 183
378 378
379 379
380 380
381 381
382 382
383 383
384 384
385 383
386 386
387 387
388 54
389 55
390 56
391 58
392 392
393 57
394 58
395 395
396 396
397 397
398 398
399 399
400 400
401 401
402 402
403 400
404 400
405 405
406 406
407 407
408 408
409 409
410 410
411 411
412 412
413 383
414 384
415 383
416 416
417 417
418 418
419 419
421 421
422 422
423 422
424 424
425 425
426 426
427 427
428 428
429 429
430 422
431 431
432 432
433 422
434 434
435 435
436 422
437 437
438 438
439 439
440 440
441 441
442 442
443 443
444 444
445 445
446 446
447 447
448 448
449 449
450 450
451 446
452 452
453 453
454 454
455 455
456 446
457 447
458 446
459 446
460 460
461 461
462 462
463 453
464 464
465 465
466 466
467 467
468 468
469 469
470 470
471 471
472 472
473 473
474 472
475 475
476 472
477 472
478 478
479 475
480 480
481 481
482 482
483 483
484 447
485 467
486 486
487 487
488 488
489 489
490 490
491 489
492 492
493 493
494 494
495 492
496 489
497 497
498 498
499 499
500 498
501 489
502 502
503 503
504 504
505 505
506 506
507 507
508 508
509 507
510 510
511 511
512 512
513 513
514 514
515 515
516 516
517 517
518 518
519 519
520 520
521 521
522 522
523 523
524 520
525 520
526 526
527 527
528 528
529 529
530 530
531 506
532 532
533 533
534 534
535 534
536 536
537 448
538 536
539 539
540 536
541 541
542 534
543 90
544 544
545 545
546 546
547 547
548 548
549 549
550 550
551 551
552 544
553 553
554 554
555 503
556 556
557 557
558 558
559 559
560 544
561 561
562 534
563 90
564 564
565 565
566 566
567 567
568 568
569 568
570 568
571 571
572 572
573 573
574 447
575 575
576 576
577 577
578 578
579 579
580 580
581 581
582 582
583 583
584 584
585 585
586 506
587 587
588 588
589 587
590 590
591 587
592 592
593 593
594 594
595 595
596 596
597 597
598 557
599 599
600 600
601 601
602 602
603 603
604 604
605 605
606 606
607 607
608 608
609 609
610 610
611 611
612 612
613 613
614 614
615 615
616 616
617 617
618 506
619 617
620 620
621 621
622 622
623 507
624 624
625 625
626 626
627 627
628 566
629 629
630 630
631 631
632 632
633 633
634 634
635 635
636 636
637 637
638 637
639 639
640 634
641 639
642 642
643 634
644 644
645 645
646 646
647 647
648 648
649 647
650 646
651 651
652 652
653 653
654 634
655 642
656 568
657 657
658 658
659 639
660 634
661 447
662 487
663 663
664 663
665 665
666 666
667 667
668 668
669 669
670 663
671 671
672 663
673 673
674 668
675 675
676 676
677 677
678 678
679 679
680 680
681 681
682 682
683 663
684 684
685 685
686 557
687 687
688 688
689 689
690 690
691 557
692 692
693 693
694 694
695 695
696 696
697 697
698 698
699 697
700 651
701 701
702 702
703 703
704 704
705 705
706 706
707 707
708 708
709 709
710 710
711 711
712 712
713 713
714 714
715 715
716 716
717 717
718 718
719 719
720 704
721 721
722 722
723 723
724 724
725 697
726 726
727 697
728 728
729 729
730 730
731 731
732 732
733 733
734 734
735 735
736 729
737 737
738 738
739 739
740 740
741 730
742 742
743 704
744 738
745 735
746 746
747 747
748 748
749 749
750 750
751 751
752 704
753 753
754 729
755 755
756 756
757 757
758 758
759 759
760 760
761 761
762 762
763 763
764 753
765 765
766 766
767 760
768 761
769 749
770 770
771 771
772 766
773 773
774 760
775 775
776 759
777 733
778 750
779 779
780 740
781 781
782 782
783 783
784 784
785 785
786 786
787 787
788 788
789 789
790 747
791 791
792 792
793 785
794 794
795 794
796 796
797 797
798 798
799 761
800 733
801 801
802 802
803 803
804 804
805 801
806 536
807 807
808 808
809 809
810 810
811 811
812 812
813 813
814 814
815 815
816 816
817 817
818 818
819 819
820 820
821 821
822 822
823 801
824 821
825 813
826 826
827 827
828 669
829 817
830 827
831 831
832 832
833 812
834 834
835 813
836 836
837 837
838 809
839 827
840 840
841 841
842 840
843 843
844 844
845 817
846 817
847 801
848 827
849 849
850 850
851 804
852 852
853 541
854 852
855 855
856 856
857 852
858 858
859 817
860 852
861 827
862 862
863 863
864 819
865 865
866 866
867 817
868 827
869 813
870 870
871 871
872 872
873 568
874 874
875 875
876 876
877 874
878 568
879 879
880 568
881 875
882 882
883 882
884 884
885 667
886 886
887 887
888 888
889 568
890 890
891 891
892 892
893 893
894 894
895 879
896 896
897 572
898 572
899 896
900 572
901 901
902 902
903 896
904 904
905 905
906 901
907 905
908 902
909 876
910 812
911 536
912 541
913 913
914 913
915 915
916 896
917 561
918 896
919 734
920 730
921 921
922 462
923 923
924 669
925 925
926 926
927 927
928 928
929 929
930 928
931 931
932 466
933 447
934 934
935 927
936 936
937 730
938 938
939 928
940 462
941 941
942 669
943 798
944 944
945 945
946 462
947 947
948 948
949 949
950 950
951 951
952 949
953 526
954 954
955 955
956 956
957 957
958 547
959 959
960 960
961 961
962 876
963 963
964 950
965 965
966 966
967 967
968 809
969 950
970 812
971 809
972 950
973 812
974 966
975 975
976 949
977 977
978 978
979 979
980 980
981 981
982 982
983 983
984 984
985 985
986 986
987 987
988 988
989 989
990 990
991 991
992 992
993 993
994 608
995 487
996 996
997 997
998 998
999 606
1000 1000
1001 471
1002 1002
1003 1003
1004 1004
1005 1005
1006 1006
1007 1007
1008 1008
1009 1009
1010 1010
1011 1011
1012 606
1013 1013
1014 1008
1015 1015
1016 1016
1017 1017
1018 1018
1019 1019
1020 1020
1021 1018
1022 1017
1023 1020
1024 996
1025 1025
1026 1026
1027 1027
1028 1028
1029 1029
1030 1030
1031 1031
1032 1032
1033 1033
1034 1032
1035 1031
1036 447
1037 1037
1038 635
1039 447
1040 634
1041 634
1042 1042
1043 1043
1044 1044
1045 1045
1046 1046
1047 1047
1048 1048
1049 634
1050 1050
1051 1051
1052 1050
1053 1053
1054 1054
1055 568
1056 1056
1057 1057
1058 1058
1059 1059
1060 775
1061 1061
1062 1062
1063 1063
1064 1064
1065 1065
1066 1066
1067 775
1068 1068
1069 827
1070 1070
1071 541
1072 827
1073 568
1074 1074
1075 1075
1076 1074
1077 1077
1078 594
1079 1079
1080 541
1081 975
1082 1068
1083 536
1084 1084
1085 1085
1086 1064
1087 1087
1088 1088
1089 1089
1090 1090
1091 1091
1092 634
1093 1093
1094 1087
1095 634
1096 1089
1097 1089
1098 730
1099 747
1100 1100
1101 1101
1102 730
1103 1103
1104 1104
1105 1105
1106 1106
1107 1107
1108 775
1109 1109
1110 634
1111 634
1112 1112
