0 0
1 1
2 2
3 3
4 4
5 5
6 6
7 7
8 8
9 9
10 10
11 11
12 12
13 13
14 14
15 15
16 16
17 17
18 18
19 17
20 20
21 17
22 22
23 23
24 14
25 13
26 26
27 14
28 28
29 15
30 23
31 14
32 13
33 33
34 34
35 13
36 28
37 13
38 15
39 28
40 15
41 28
42 14
43 15
44 14
45 45
46 17
47 16
48 48
49 17
50 50
51 17
52 48
53 53
54 16
55 18
56 28
57 18
58 58
59 23
60 17
61 23
62 18
63 23
64 17
65 33
66 66
67 33
68 68
69 69
70 17
71 16
72 72
73 68
74 74
75 17
76 74
77 17
78 78
79 20
80 18
81 78
82 20
83 33
84 20
85 23
86 18
87 16
88 88
89 18
90 90
91 91
92 33
93 23
94 14
95 13
96 33
97 97
98 33
99 99
100 23
101 68
102 23
103 103
104 97
105 33
106 97
107 33
108 68
109 97
110 33
111 45
112 18
113 16
114 90
115 17
116 16
117 17
118 33
119 16
120 17
121 121
122 18
123 16
124 124
125 26
126 124
127 124
128 23
129 28
130 18
131 131
132 33
133 13
134 14
135 135
136 90
137 137
138 13
139 137
140 13
141 28
142 14
143 13
144 14
145 13
146 33
147 147
148 148
149 14
150 33
151 28
152 13
153 14
154 28
155 45
156 14
157 148
158 28
159 13
160 14
161 90
162 16
163 17
164 23
165 165
166 18
167 68
168 17
169 16
170 124
171 26
172 23
173 26
174 28
175 16
176 18
177 23
178 68
179 17
180 165
181 26
182 165
183 17
184 184
185 16
186 18
187 187
188 14
189 13
190 45
191 191
192 13
193 14
194 13
195 14
196 23
197 13
198 14
199 14
200 13
201 28
202 14
203 148
204 23
205 90
206 68
207 124
208 26
209 33
210 210
211 23
212 14
213 13
214 28
215 148
216 147
217 217
218 18
219 16
220 17
221 23
222 210
223 16
224 18
225 45
226 18
227 16
228 28
229 16
230 18
231 231
232 17
233 165
234 26
235 235
236 236
237 165
238 23
239 33
240 90
241 14
242 13
243 23
244 68
245 245
246 23
247 18
248 16
249 17
250 18
251 236
252 17
253 28
254 165
255 18
256 256
257 257
258 17
259 16
260 16
261 18
262 90
263 18
264 16
265 16
266 18
267 23
268 16
269 17
270 270
271 165
272 28
273 90
274 14
275 13
276 23
277 28
278 90
279 17
280 16
281 33
282 90
283 283
284 16
285 285
286 16
287 18
288 288
289 18
290 165
291 291
292 16
293 293
294 18
295 16
296 90
297 17
298 16
299 33
300 16
301 33
302 302
303 17
304 165
305 90
306 13
307 14
308 308
309 309
310 28
311 45
312 14
313 13
314 137
315 14
316 13
317 28
318 13
319 14
320 320
321 321
322 322
323 323
324 324
325 325
326 90
327 23
328 16
329 18
330 28
331 331
332 16
333 18
334 334
335 335
336 18
337 23
338 14
339 13
340 231
341 341
342 14
343 28
344 344
345 26
346 90
347 13
348 14
349 23
350 28
351 14
352 15
353 33
354 28
355 18
356 16
357 16
358 18
359 28
360 90
361 361
362 33
363 16
364 18
365 53
366 53
367 16
368 17
369 23
370 53
371 28
372 20
373 18
374 33
375 26
376 68
377 377
378 23
379 165
380 18
381 381
382 26
383 28
384 17
385 33
386 68
387 18
388 28
389 389
390 16
391 18
392 392
393 69
394 28
395 395
396 18
397 16
398 398
399 398
400 33
401 68
402 28
403 17
404 20
405 23
406 406
407 407
408 20
409 18
410 28
411 18
412 16
413 17
414 414
415 415
416 416
417 18
418 16
419 28
420 23
421 421
422 422
423 423
424 424
425 425
426 426
427 23
428 14
429 15
430 23
431 23
432 15
433 14
434 33
435 15
436 14
437 15
438 28
439 14
440 440
441 14
442 15
443 23
444 28
445 13
446 14
447 23
448 15
449 14
450 23
451 14
452 15
453 14
454 15
455 28
456 14
457 15
458 23
459 459
460 23
461 13
462 14
463 463
464 14
465 13
466 466
467 33
468 468
469 14
470 470
471 33
472 15
473 33
474 33
475 414
476 15
477 14
478 33
479 479
480 28
481 14
482 28
483 14
484 15
485 23
486 15
487 14
488 23
489 489
490 33
491 15
492 14
493 23
494 28
495 14
496 15
497 68
498 124
499 499
500 23
501 14
502 15
503 23
504 15
505 14
506 124
507 14
508 13
509 509
510 28
511 124
512 512
513 512
514 514
515 515
516 514
518 512
519 519
520 520
521 521
522 522
523 523
524 524
525 525
526 519
527 422
528 422
529 422
530 530
531 531
532 532
533 533
534 534
535 535
536 536
537 422
538 538
539 539
540 422
541 541
542 422
543 543
544 543
545 545
546 546
547 547
548 543
549 549
550 550
551 551
552 552
553 553
554 554
555 555
556 556
557 557
558 558
559 559
560 560
561 561
562 562
563 563
564 564
565 565
566 566
567 567
568 568
569 569
570 570
571 571
572 572
573 573
574 567
575 575
576 576
577 577
578 578
579 579
580 580
581 581
582 582
583 582
584 584
585 585
586 586
587 587
588 588
589 589
590 590
591 591
592 592
593 593
594 594
595 595
596 596
597 597
598 598
599 599
600 600
601 601
602 601
603 603
604 603
605 603
606 606
607 607
608 608
609 609
610 610
611 611
612 612
613 613
614 614
615 615
616 616
617 519
618 618
619 619
620 620
621 618
622 622
623 519
624 624
625 625
626 626
627 627
628 628
629 629
630 630
631 631
632 632
633 631
634 634
635 628
636 618
637 637
638 618
639 637
640 618
641 618
642 637
643 618
644 628
645 626
646 525
647 626
648 628
649 649
650 618
651 626
652 652
653 626
654 634
655 628
656 634
657 628
658 634
659 525
660 618
661 661
662 618
663 663
664 618
665 637
666 618
667 667
668 626
669 628
670 626
671 628
672 626
673 673
674 674
675 626
676 676
677 626
678 632
679 626
680 634
681 628
682 634
683 683
684 525
685 634
686 634
687 525
688 618
689 626
690 634
691 626
692 525
693 618
694 694
695 525
696 696
697 634
698 525
699 626
700 634
701 618
702 525
703 634
704 628
705 634
706 694
707 618
708 694
709 637
710 618
711 711
712 525
713 626
714 628
715 634
716 716
717 628
718 718
719 519
720 628
721 716
722 630
723 629
724 628
725 631
726 726
727 628
728 630
729 729
730 631
731 731
732 631
733 629
734 631
735 628
736 519
737 737
738 622
739 739
740 626
741 741
742 742
743 626
744 744
745 741
746 632
747 747
748 748
749 626
750 750
751 750
752 627
753 741
754 632
755 755
756 756
757 757
758 628
759 519
760 619
761 619
762 762
763 619
764 619
765 632
766 619
767 632
768 618
769 619
770 770
771 632
772 772
773 619
774 774
775 775
776 619
777 777
778 778
779 619
780 632
781 741
782 632
783 783
784 741
785 632
786 786
787 741
788 628
789 789
790 628
791 741
792 632
793 741
794 626
795 795
796 750
797 797
798 798
799 799
800 800
801 801
802 619
803 803
804 804
805 805
806 806
807 619
808 619
809 628
810 619
811 619
812 812
813 813
814 632
815 619
816 775
817 817
818 632
819 619
820 820
821 619
822 632
823 618
824 632
825 628
826 619
827 618
828 628
829 618
830 628
831 831
832 519
833 631
834 834
835 835
836 836
837 731
838 631
839 839
840 629
841 630
842 634
843 631
844 631
845 628
846 619
847 628
848 632
849 619
850 618
851 619
852 852
853 853
854 854
855 519
856 718
857 857
858 619
859 632
860 619
861 618
862 619
863 628
864 864
865 865
866 866
867 631
868 868
869 869
870 870
871 871
872 872
873 631
874 631
875 875
876 630
877 630
878 631
879 879
880 634
881 630
882 631
883 883
884 631
885 630
886 629
887 631
888 630
889 630
890 631
891 634
892 632
893 893
894 628
895 630
896 629
897 632
898 625
899 627
900 900
901 750
902 748
903 626
904 904
905 626
906 626
907 907
908 900
909 750
910 910
911 911
912 741
913 628
914 747
915 915
916 916
917 525
918 637
919 775
920 637
921 775
922 619
923 628
924 637
925 619
926 775
927 927
928 775
929 525
930 627
931 625
932 525
933 627
934 525
935 625
936 627
937 628
938 627
939 632
940 940
941 627
942 629
943 628
944 629
945 628
946 629
947 694
948 775
949 628
950 525
951 525
952 625
953 525
954 674
955 625
956 956
957 525
958 629
959 775
960 525
961 775
962 628
963 619
964 775
965 628
966 525
967 629
968 775
969 625
970 637
971 627
972 625
973 632
974 625
975 628
976 625
977 628
978 978
979 628
980 519
981 981
982 632
983 629
984 630
985 634
986 986
987 987
988 634
989 989
990 630
991 634
992 992
993 836
994 994
995 630
996 631
997 634
998 629
999 999
1000 630
1001 628
1002 1002
1003 631
1004 1004
1005 1005
1006 626
1007 1007
1008 632
1009 626
1010 1010
1011 1011
1012 1012
1013 750
1014 750
1015 1011
1016 750
1017 1017
1018 748
1019 750
1020 1020
1021 750
1022 1022
1023 626
1024 748
1025 626
1026 741
1027 750
1028 1028
1029 741
1030 626
1031 519
1032 1032
1033 1033
1034 1034
1035 1032
1036 1036
1037 1032
1038 774
1039 1039
1040 1040
1041 619
1042 632
1043 519
1044 632
1045 1045
1046 1045
1047 750
1048 632
1049 750
1050 1050
1051 1051
1052 750
1053 978
1054 750
1055 900
1056 1056
1057 1057
1058 1058
1059 900
1060 747
1061 718
1062 864
1063 999
1064 1064
1065 750
1066 1066
1067 626
1068 750
1069 741
1070 741
1071 750
1072 750
1073 1073
1074 1074
1075 1075
1076 628
1077 628
1078 519
1079 1032
1080 619
1081 1032
1082 619
1083 1083
1084 619
1085 618
1086 775
1087 619
1088 1088
1089 1089
1090 1090
1091 1091
1092 1092
1093 619
1094 1094
1095 619
1096 618
1097 632
1098 619
1099 628
1100 632
1101 634
1102 630
1103 1103
1104 630
1105 1103
1106 630
1107 1103
1108 632
1109 630
1110 1110
1111 626
1112 618
1113 632
1114 630
1115 1115
1116 1116
1117 750
1118 1118
1119 618
1120 1120
1121 1121
1122 1122
1123 1123
1124 1124
1125 1125
1126 1126
1127 1127
1128 1128
1129 1129
1130 1130
1131 1131
1132 1132
1133 1133
1134 1134
1135 1135
1136 1136
1137 1137
1138 1138
1139 1139
1140 1140
1141 1141
1142 1142
1143 1143
1144 1144
1145 1145
1146 1146
1147 1147
1148 1148
1149 1149
1150 718
1151 864
1152 519
1153 632
1154 1154
1155 1155
1156 696
1157 750
1158 627
1159 750
1160 625
1161 750
1162 1057
1163 750
1164 1164
1165 750
1166 1166
1167 627
1168 750
1169 750
1170 1170
1171 1171
1172 1172
1173 1173
1174 750
1175 632
1176 750
1177 1177
1178 1178
1179 632
1180 1180
1181 634
1182 634
1183 1183
1184 519
1185 1185
1186 1032
1187 619
1188 628
1189 1189
1190 775
1191 774
1192 1090
1193 519
1194 864
1195 628
1196 1196
1197 1197
1198 1198
1199 1199
1200 1200
1201 519
1202 1202
1203 1203
1204 628
1205 1205
1206 1206
1207 1203
1208 628
1209 1209
1210 1210
1211 1211
1212 525
1213 1203
1214 1214
1215 1206
1216 628
1217 1203
1218 1218
1219 629
1220 1210
1221 1209
1222 1222
1223 729
1224 1218
1225 1225
1226 628
1227 1227
