0 0
1 0
2 2
3 3
4 4
5 5
6 6
7 7
8 8
9 9
10 10
11 11
12 12
13 13
14 14
15 15
16 16
17 17
18 18
19 19
20 14
21 21
22 21
23 14
24 24
25 4
26 26
27 21
28 28
29 14
30 30
31 14
32 32
33 14
34 26
35 35
36 36
37 37
38 26
39 39
40 40
41 41
42 42
43 43
44 44
45 45
46 46
47 47
48 48
49 49
50 50
51 51
52 52
53 53
54 54
55 55
56 56
57 57
58 58
59 59
60 60
61 54
62 62
63 4
64 64
65 65
66 66
67 67
68 68
69 69
70 67
71 71
72 72
73 73
74 74
75 75
76 76
77 77
78 78
79 79
80 80
81 81
82 82
83 83
84 84
85 85
86 19
87 87
88 88
89 89
90 90
91 91
92 92
93 85
94 94
95 95
96 96
97 97
98 98
99 99
100 95
101 101
102 102
103 103
104 104
105 105
106 106
107 95
108 108
109 109
110 110
111 111
112 112
113 113
114 114
115 115
116 87
117 117
118 118
119 119
120 88
121 19
122 85
123 113
124 119
125 88
126 126
127 127
128 128
129 129
130 54
131 131
132 132
133 133
134 134
135 135
136 4
137 137
138 68
139 139
140 140
141 141
142 68
143 117
144 115
145 145
146 17
147 147
148 127
149 54
150 150
151 117
152 133
153 153
154 154
155 117
156 156
157 157
158 4
159 115
160 160
161 161
162 162
163 163
164 95
165 115
166 95
167 17
168 168
169 169
170 170
171 171
172 172
173 173
174 174
175 17
176 176
177 4
178 115
179 176
180 88
181 181
182 182
183 183
184 184
185 185
186 168
187 17
188 68
189 189
190 190
191 191
192 192
193 127
194 194
195 17
196 54
197 68
198 127
199 17
200 117
201 112
202 4
203 203
204 112
205 205
206 194
207 127
208 17
209 113
210 117
211 211
212 212
213 213
214 214
215 17
216 216
217 211
218 218
219 219
220 220
221 221
222 222
223 92
224 224
225 213
226 226
227 227
228 228
229 99
230 230
231 231
232 232
233 233
234 68
235 54
236 236
237 237
238 238
239 239
240 240
241 68
242 109
243 95
244 244
245 54
246 99
247 247
248 248
249 249
250 250
251 251
252 252
253 253
254 254
255 255
256 256
257 257
258 258
259 259
260 260
261 261
262 262
263 263
264 264
265 265
266 266
267 267
268 268
269 269
270 270
271 271
272 272
273 273
274 274
275 275
276 276
277 277
278 278
279 279
280 280
281 281
282 282
283 283
284 284
285 275
286 286
287 287
288 288
289 289
290 290
291 291
292 292
293 293
294 294
295 295
296 296
297 297
298 298
299 297
300 300
301 301
302 293
303 296
304 304
305 305
306 300
307 307
308 301
309 309
310 294
311 294
312 312
313 296
314 314
315 315
316 316
317 317
318 318
319 319
320 320
321 321
322 322
323 323
324 324
325 325
326 293
327 296
328 293
329 293
330 293
331 325
332 332
333 333
334 334
335 335
336 293
337 294
338 294
339 293
340 294
341 294
342 294
343 296
344 294
345 294
346 293
347 347
348 294
349 294
350 350
351 293
352 296
353 293
354 293
355 294
356 293
357 296
358 293
359 294
360 293
361 293
362 296
363 363
364 294
365 293
366 293
367 294
368 296
369 294
370 370
371 294
372 325
373 293
374 294
375 375
376 293
377 294
378 294
379 293
380 293
381 294
382 370
383 325
384 293
385 296
386 294
387 293
388 294
389 293
390 294
391 293
392 392
393 393
394 294
395 395
396 396
397 296
398 293
399 296
400 293
401 296
402 293
403 294
404 325
405 405
406 392
407 407
408 293
409 294
410 325
411 347
412 294
413 325
414 296
415 293
416 294
417 393
418 294
419 293
420 325
421 370
422 407
423 392
424 424
425 425
426 370
427 325
428 392
429 429
430 430
431 325
432 432
433 433
434 392
435 296
436 433
437 293
438 293
439 433
440 392
441 441
442 441
443 433
444 293
445 325
446 393
447 447
448 433
449 449
450 392
451 451
452 293
453 447
454 449
455 433
456 456
457 392
458 393
459 393
460 393
461 392
462 433
463 433
464 370
465 325
466 393
467 467
468 392
469 296
470 470
471 433
472 433
473 392
474 293
475 393
476 432
477 433
478 393
479 293
480 370
481 293
482 370
483 293
484 484
485 485
486 325
487 370
488 396
489 396
490 490
491 370
492 293
493 493
494 370
495 484
496 334
497 392
498 498
499 293
500 500
501 370
502 325
503 370
504 293
505 485
506 484
507 507
508 293
509 509
510 293
511 293
512 325
513 293
514 514
515 392
516 393
517 490
518 293
519 293
520 520
521 521
522 490
523 523
524 293
525 393
526 392
527 514
528 293
529 370
530 392
531 393
532 325
533 293
534 370
535 433
536 293
537 433
538 393
539 293
540 325
541 433
542 392
543 393
544 392
545 449
546 546
547 433
548 548
549 447
550 293
551 393
552 467
553 392
554 293
555 392
556 393
557 407
558 392
559 295
560 301
561 561
562 301
563 563
564 301
565 565
566 301
567 567
568 301
569 569
570 301
571 309
572 301
