0 0
1 1
2 2
3 3
4 4
5 5
6 6
7 7
8 7
9 9
10 7
11 7
12 12
13 4
14 14
15 4
16 7
17 6
18 2
19 19
20 20
21 21
22 20
23 23
24 24
25 25
26 26
27 27
28 28
29 29
30 30
31 31
32 32
33 31
34 34
35 2
36 36
37 37
38 2
39 32
40 31
41 34
42 1
43 2
44 31
45 45
46 46
47 47
48 48
49 49
50 50
51 51
52 52
53 53
54 54
55 1
56 56
57 56
58 31
59 59
60 60
61 61
62 62
63 63
64 64
65 65
66 66
67 1
68 1
69 1
70 70
71 71
72 71
73 73
74 74
75 71
76 76
77 71
78 73
79 71
80 76
81 74
82 76
83 71
84 74
85 73
86 71
87 76
88 73
89 71
90 73
91 76
92 73
93 71
94 71
95 73
96 71
97 76
98 71
99 99
100 74
101 101
102 102
103 76
104 71
105 74
106 71
107 76
108 71
109 76
110 110
111 73
112 71
113 73
114 76
115 71
116 71
117 110
118 76
119 110
120 71
121 76
122 73
123 74
124 71
125 76
126 76
127 110
128 76
129 71
130 73
131 73
132 76
133 71
134 76
135 71
136 74
137 110
138 76
139 71
140 76
141 76
142 71
143 110
144 76
145 71
146 76
147 12
148 76
149 110
150 74
151 110
152 110
153 76
154 73
155 110
156 73
157 76
158 110
159 74
160 76
161 71
162 76
163 71
164 76
165 110
166 166
167 167
168 168
169 169
170 170
171 171
172 172
173 173
174 174
175 71
176 71
177 74
178 71
179 74
180 76
181 71
182 73
183 74
184 110
185 74
186 71
187 74
188 110
189 189
190 76
191 191
192 192
193 1
194 1
195 1
196 1
197 197
198 198
199 1
200 7
201 1
202 1
203 1
204 7
205 1
206 1
207 1
208 7
209 192
210 210
211 211
212 212
213 213
214 34
215 24
216 24
217 34
218 218
219 211
220 212
221 221
222 222
223 102
224 102
225 34
226 226
227 218
228 212
229 229
230 213
231 231
232 211
233 34
234 213
235 211
236 34
237 229
238 238
239 239
240 240
241 241
242 242
243 243
244 212
245 218
246 34
247 211
248 211
249 34
250 218
251 212
252 34
253 34
254 254
255 24
256 256
257 257
258 258
259 259
260 260
261 24
262 262
263 34
264 24
265 265
266 29
267 34
268 268
269 269
270 229
271 24
272 229
273 273
274 274
275 275
276 276
277 277
278 278
279 279
280 280
281 229
282 282
283 283
284 274
285 229
286 274
287 287
288 288
289 287
290 229
291 291
292 292
293 293
294 294
295 295
296 296
297 297
298 291
299 299
300 300
301 301
302 302
303 303
304 304
305 305
306 306
307 297
308 308
309 309
310 297
311 311
312 305
313 313
314 314
315 311
316 316
317 34
318 238
319 305
320 305
321 321
322 305
323 323
324 305
325 325
326 326
327 327
328 328
329 329
330 330
331 305
332 332
333 333
334 334
335 335
336 323
337 337
338 338
339 338
340 338
341 341
342 323
343 343
344 323
345 338
346 346
347 347
348 348
349 338
350 350
351 351
352 352
353 353
354 354
355 355
356 356
357 357
358 358
359 359
360 221
361 361
362 362
363 363
364 364
365 365
366 366
367 367
368 368
369 369
370 370
371 323
372 372
373 373
374 374
375 375
376 376
377 377
378 378
379 379
380 380
381 381
382 379
383 4
384 338
385 385
386 386
387 387
388 388
389 389
390 390
391 391
392 389
393 393
394 389
395 395
396 396
397 397
398 398
399 399
400 400
401 398
402 402
403 403
404 404
405 403
406 406
407 407
408 404
409 409
410 410
411 411
412 412
413 413
414 414
415 400
416 416
417 417
418 418
419 419
420 420
421 398
422 422
423 423
424 424
425 425
426 426
427 427
428 428
429 429
430 430
431 431
432 432
433 433
434 434
435 435
436 436
437 437
438 438
439 431
440 440
441 400
442 398
443 398
444 444
445 445
446 446
447 447
448 448
449 449
450 400
451 451
452 435
453 453
454 454
455 455
456 398
457 457
458 458
459 459
460 460
461 461
462 462
463 463
464 454
465 400
466 398
467 400
468 398
469 400
470 398
471 400
472 472
473 473
474 474
475 475
476 476
477 477
478 478
479 478
480 480
481 478
482 482
483 483
484 484
485 485
486 486
487 487
488 488
489 489
490 476
491 29
492 478
493 493
494 494
495 495
496 495
497 495
498 495
499 499
500 500
501 494
502 494
503 503
504 504
505 505
506 505
507 507
508 505
509 505
510 231
511 505
512 507
513 513
514 514
515 515
516 516
517 517
518 518
519 519
520 520
521 521
522 522
523 523
524 524
525 525
526 520
527 527
528 528
529 529
530 519
531 531
532 532
533 533
534 231
535 535
536 536
537 110
538 538
539 539
540 540
541 541
542 542
543 231
544 532
545 533
546 546
547 547
548 548
549 549
550 535
551 231
552 533
553 532
554 554
555 520
556 556
557 557
558 558
559 554
560 560
561 561
562 488
563 554
564 564
565 561
566 566
567 567
568 568
569 569
570 535
571 571
572 231
573 533
574 574
575 575
576 576
577 577
578 578
579 579
580 533
581 231
582 582
583 582
584 584
585 585
586 586
587 587
588 588
589 589
590 590
591 591
592 592
593 593
594 594
595 231
596 579
597 533
598 598
599 571
600 475
601 478
602 602
603 603
604 604
605 475
606 606
607 607
608 475
609 609
610 231
611 475
612 612
613 613
614 614
615 615
616 614
617 614
618 618
619 619
620 620
621 621
622 622
623 0
624 624
625 620
626 231
627 627
628 571
629 533
630 630
631 631
632 632
633 20
634 56
635 635
636 636
637 637
638 638
639 639
640 640
641 641
642 641
643 641
644 644
645 645
646 646
647 647
648 648
649 649
650 641
651 651
652 652
653 641
654 654
655 655
656 641
657 657
658 658
659 659
660 658
661 658
662 659
663 663
664 658
665 659
666 658
667 667
668 658
669 669
670 659
671 658
672 659
673 658
674 659
675 675
676 676
677 677
678 678
679 679
680 680
681 681
682 682
683 683
684 684
