0 0
1 1
2 2
3 3
4 4
5 5
6 6
7 0
8 8
10 10
9 9
11 11
12 4
13 13
14 6
15 15
16 16
17 16
18 4
19 19
20 20
21 0
22 0
23 4
24 2
25 6
26 26
27 1
28 0
29 29
30 16
31 0
32 2
33 0
34 6
35 35
36 1
37 5
38 16
39 0
40 16
41 0
42 4
43 0
44 44
45 45
46 46
47 0
48 16
49 0
50 16
51 51
52 52
53 0
54 54
55 0
56 16
57 57
58 16
59 0
60 29
61 61
62 0
63 57
64 64
65 65
66 4
67 67
68 0
69 69
70 0
71 29
72 10
73 15
74 74
75 0
76 6
77 5
78 0
79 54
80 0
81 29
82 82
83 5
84 6
85 85
86 0
87 4
88 64
89 89
90 90
91 0
92 92
93 93
94 94
95 0
96 6
97 97
98 4
99 99
100 57
101 4
102 102
103 0
104 15
105 0
106 106
107 5
108 4
109 6
110 1
111 16
112 0
113 0
114 11
115 115
116 4
117 0
118 118
119 119
120 6
121 0
122 4
123 123
124 124
125 125
126 29
127 15
128 4
129 4
130 5
131 16
132 0
133 16
134 0
135 16
136 4
137 5
138 138
139 139
140 16
141 141
142 16
143 16
144 144
145 145
146 146
147 147
148 148
149 149
150 150
151 151
152 152
153 153
154 154
155 155
156 0
157 157
158 57
159 0
160 160
161 161
162 162
163 163
164 16
165 0
166 6
167 167
168 168
169 2
170 46
171 171
172 0
173 0
174 0
175 175
176 6
177 5
178 4
179 179
180 16
181 181
182 54
183 16
184 0
185 185
186 16
187 0
188 2
189 5
190 6
191 0
192 0
193 54
194 194
195 195
196 0
197 4
198 5
199 6
200 15
201 0
202 2
203 6
204 5
205 0
206 2
207 0
208 6
209 5
210 210
211 211
212 54
213 0
214 214
215 4
216 216
217 217
218 218
219 0
220 29
221 5
222 6
223 0
224 2
225 4
226 54
227 4
228 228
229 0
230 4
231 231
232 5
233 0
234 4
235 235
236 0
237 237
238 15
239 5
240 240
241 160
242 242
243 46
244 45
245 15
246 160
247 45
248 44
249 249
250 250
251 251
252 0
253 253
254 6
255 44
256 46
257 45
258 160
259 4
260 0
261 261
262 16
263 46
264 44
265 45
266 160
267 0
268 16
269 0
270 155
271 16
272 0
273 44
274 45
275 275
276 4
277 218
278 0
279 2
280 6
281 0
282 5
283 0
284 0
285 0
286 286
287 0
288 2
289 289
290 290
291 0
292 292
293 293
294 46
295 295
299 0
300 45
301 46
302 44
303 0
304 11
305 0
306 306
307 0
308 5
309 6
310 0
311 4
312 16
313 313
314 0
315 16
316 4
317 5
318 4
319 319
320 6
321 321
322 0
323 29
324 324
325 325
326 326
327 15
328 6
329 329
330 253
331 15
332 54
333 15
334 275
335 335
336 46
337 44
338 338
339 45
340 0
341 341
342 16
343 343
344 344
345 345
346 4
347 6
348 348
349 349
350 4
351 351
352 0
353 29
354 44
355 45
356 0
357 11
358 15
359 5
360 360
361 361
362 6
363 16
364 4
365 365
366 366
367 16
368 368
369 369
370 370
371 371
372 372
373 373
374 374
375 375
376 376
377 377
378 378
379 378
380 376
381 376
382 382
383 383
384 384
385 385
386 385
387 385
388 388
389 389
390 390
391 376
392 376
393 376
394 376
395 376
396 376
397 397
398 398
399 399
400 400
401 401
402 402
403 400
404 400
405 400
406 400
407 407
408 408
409 409
410 410
411 411
412 412
413 413
414 414
415 415
416 415
417 417
418 418
419 419
420 420
421 421
422 414
423 423
424 424
425 425
426 426
427 427
428 428
429 429
430 430
431 431
432 432
433 433
434 434
436 434
437 437
438 434
439 433
440 434
441 433
442 434
444 433
445 434
446 433
447 447
448 434
449 449
450 434
451 433
452 452
453 453
454 454
455 455
456 456
457 457
458 458
459 459
460 460
461 461
462 455
463 463
464 464
465 465
466 466
467 467
468 468
469 469
470 470
471 469
472 472
473 468
474 474
475 470
476 469
477 474
478 468
479 479
480 480
481 481
482 479
483 479
484 484
485 485
486 479
487 479
488 488
489 489
490 490
491 491
492 492
493 493
494 494
495 495
496 496
497 497
498 498
499 499
500 500
501 501
502 502
503 503
504 504
505 505
506 506
507 507
508 508
509 509
510 510
511 511
512 512
513 513
514 514
515 515
516 516
517 517
518 518
519 519
520 520
521 521
522 522
523 523
524 524
525 525
526 526
527 527
528 528
529 529
530 530
531 531
532 532
533 533
534 534
535 535
536 536
537 537
538 538
539 529
540 540
541 541
542 542
543 543
544 544
545 545
546 546
547 547
548 548
549 549
550 550
551 551
552 552
553 553
554 554
555 555
556 555
557 557
558 558
559 559
560 560
561 561
562 562
563 563
564 564
565 565
566 566
567 567
568 568
569 569
570 570
571 571
572 572
573 573
574 574
575 575
576 576
577 577
578 578
579 579
580 580
581 576
582 582
583 576
584 584
585 579
586 525
587 576
588 588
589 589
590 590
591 591
592 592
593 593
594 594
595 595
596 596
597 597
598 598
599 591
600 593
601 601
602 602
603 603
604 604
605 605
606 606
607 607
608 608
609 609
610 610
611 611
612 536
613 613
614 614
615 615
616 616
617 617
618 618
619 619
620 620
621 621
622 622
623 623
624 624
625 625
626 626
627 627
628 628
629 629
630 630
631 631
632 632
633 633
634 633
635 635
636 636
637 637
638 638
639 639
640 640
641 641
642 642
643 643
644 644
645 645
646 642
647 647
648 648
649 642
650 644
651 651
652 652
653 653
654 654
655 655
656 656
657 657
658 658
659 659
660 660
661 660
662 662
663 663
664 664
665 665
666 666
667 667
668 668
669 669
670 670
671 671
672 672
673 673
674 674
675 667
676 669
677 668
678 678
679 679
680 680
681 680
682 682
683 682
684 682
685 682
686 686
687 682
688 682
689 689
690 682
691 682
692 682
693 686
694 682
695 695
696 686
697 682
698 698
699 699
700 700
701 701
702 702
703 703
704 704
705 705
706 706
707 707
708 708
709 709
710 710
711 711
712 712
713 712
714 714
715 712
716 716
717 712
718 712
719 712
720 720
721 712
722 722
723 722
724 712
725 711
726 712
727 712
728 728
729 711
730 730
731 712
732 716
733 712
734 712
735 712
736 712
737 712
738 712
739 712
740 712
741 741
742 742
743 743
744 744
745 712
746 709
747 747
748 748
749 749
750 750
751 751
752 752
753 753
754 754
755 755
757 757
758 758
759 759
760 760
761 761
762 762
763 763
764 764
765 765
766 754
767 767
768 768
769 769
770 770
771 771
772 772
773 773
774 774
775 775
776 776
777 754
778 778
779 779
780 780
781 781
782 782
783 783
784 784
785 761
