1152.480 1156.080 28812 28902 and 9.300
1602.240 1608.240 40056 40206 ce_programme 48.764
1602.480 1608.240 40062 40206 voir_et_revoir 33.832
1616.160 1621.680 40404 40542 a_suivre 6.817
1616.400 1621.680 40410 40542 c_dans_l_air 35.571
1617.120 1621.920 40428 40548 lauent_bazm 9.414
1651.440 1653.120 41286 41328 association_francaise_plipargne_et_de_retraite 43.087
1657.920 1659.600 41448 41490 annonce 17.037
1686.000 1690.560 42150 42264 implement_merveilleux 55.913
1701.600 1703.280 42540 42582 sang 18.036
1701.360 1703.520 42534 42588 vuin 4.236
1703.760 1708.560 42594 42714 etablissement_francais_du_sang 87.192
1709.520 1711.440 42738 42786 wwwdondusangnet 15.209
1712.880 1724.400 42822 43110 pour_votre_sante_evitez_de_grignoter_entre_les_repas_www_mangerbouger_fr 65.378
1726.080 1729.200 43152 43230 annonce 32.266
1755.360 1763.040 43884 44076 le_monde_en_face 100.884
1757.040 1763.040 43926 44076 franceifr 50.979
1770.480 1773.120 44262 44328 quotidien_d_information_gratuit 54.854
1777.200 1778.880 44430 44472 naines 5.338
1776.960 1779.840 44424 44496 des_retraltes 14.704
1776.960 1780.080 44424 44502 le_test 12.891
1813.680 1821.840 45342 45546 tonscoui_trunsms 9.356
1836.960 1839.360 45924 45984 bric_aubln 9.443
1837.440 1839.360 45936 45984 responsable_co_federal_desretraites 33.761
1836.960 1839.360 45924 45984 a_la_confederation_generale_du_travall_cgt 30.049
1847.280 1851.120 46182 46278 aenes_verdiermounle 18.891
1847.280 1851.120 46182 46278 fordatior_pour_la_recherche_sur 22.852
1847.280 1851.120 46182 46278 les_admi_lstrations_et_les_politiougs_publioues 36.008
1857.120 1860.000 46428 46500 bernard_vivier 10.141
1857.120 1860.000 46428 46500 institut_supgrigur_du_travall 19.982
1867.440 1870.800 46686 46770 mistg 13.335
1867.680 1871.040 46692 46776 hicolbs_bouzou 12.994
1896.000 1901.520 47400 47538 a_la_confederation_generale_ou_travail_cgt 33.674
1896.000 1901.520 47400 47538 responsable_confederal_des_retraites 38.646
1895.520 1901.760 47388 47544 bric_aubl 15.033
2148.960 2154.480 53724 53862 aenes_verdiermounle 18.427
2148.960 2154.480 53724 53862 ation_pour_la_recherche_sua 21.849
2268.720 2274.480 56718 56862 semant 8.304
2268.720 2274.480 56718 56862 institut_supgrigur_du_travall 20.982
2432.400 2439.600 60810 60990 uicolas_bouzou 25.980
2432.160 2439.840 60804 60996 economiste 23.937
2619.120 2631.600 65478 65790 mettre_les_retraites_a_contribution 188.174
2623.440 2631.600 65586 65790 augmenter_les_cotisations 132.432
2633.280 2640.000 65832 66000 luc_chatel 44.975
2633.280 2640.000 65832 66000 vicepresaoent_delegue_de_igump 20.619
2632.560 2640.960 65814 66024 carcan 3.277
2637.840 2643.600 65946 66090 euron 13.417
2643.840 2649.600 66096 66240 cotons 3.351
2645.040 2657.280 66126 66432 euron 24.417
2661.360 2663.040 66534 66576 eurorv 5.566
2653.440 2663.280 66336 66582 ces 5.118
2632.080 2663.280 65802 66582 tele 231.075
2632.080 2663.280 65802 66582 arlslen 159.985
2632.080 2663.280 65802 66582 europe 272.240
2632.080 2663.280 65802 66582 rope 157.794
2632.080 2663.280 65802 66582 ourd_lmunl 11.737
2676.720 2684.160 66918 67104 jeanmanne_le_guen 14.781
2676.480 2684.160 66912 67104 dgputg_ps_de_paris 18.588
2736.000 2743.680 68400 68592 annick_coupe 21.319
2735.520 2743.680 68388 68592 portgpbrolg_de_l_union_syndicalg_solidbirgs 16.861
2774.160 2782.320 69354 69558 jeanfnancous_pilliar 12.769
2774.160 2782.320 69354 69558 phesident_de_la_commussslon 19.136
2774.160 2782.320 69354 69558 sociblg_du_mener 36.981
2819.040 2833.920 70476 70848 q_q_en_sentonsnous_la_eiujourdhu_sa_agaee_de_la 27.084
2818.800 2833.920 70470 70848 hors_cout_d_un_sms 61.219
2837.760 2841.120 70944 71028 agnes_verdiermounle 19.343
2837.760 2841.120 70944 71028 fondatjon_pour_la_recherche_sur 22.128
2838.240 2841.120 70956 71028 les_administrations_et_les_politiques_publiques 44.761
3018.960 3024.000 75474 75600 responsable_confederal_des_retraites 39.617
3018.720 3024.240 75468 75606 eric_aubin 14.253
3019.200 3024.240 75480 75606 a_la_confederation_generale_du_travall_cgt 32.738
3155.520 3160.080 78888 79002 econonnsie 13.909
3155.760 3160.080 78894 79002 uicoleis_bouzou 14.264
3245.280 3250.560 81132 81264 bernard_vivigr 10.797
3245.280 3250.560 81132 81264 iustitut_superieur_ou_mavaul 20.140
3416.400 3420.960 85410 85524 uicoleis_bouzou 15.997
3416.400 3420.960 85410 85524 economnsie 8.838
3442.560 3446.880 86064 86172 bric_aubln 16.443
3442.560 3446.880 86064 86172 responsable_confederal_des_retraite 35.019
3442.560 3446.880 86064 86172 a_la_confederation_generale_ou_travaiucgt 33.014
3602.160 3602.840 90054 90071 tlgl_lai 3.371
