125.000 126.000 3125 3150 emmanuel_moire 1.000
485.440 486.320 12136 12158 etre_gay 1.000
486.360 487.240 12159 12181 etre_gay 1.000
667.680 674.400 16692 16860 emmanuel_moire_le_chemin 1.000
737.920 739.240 18448 18481 nolwenn_leroy 1.000
739.280 740.560 18482 18514 nolwenn_leroy 1.000
740.600 741.800 18515 18545 nolwenn_leroy 1.000
933.840 936.280 23346 23407 la_pavillon_de_lu_ruine 0.789
2987.560 2990.880 74689 74772 et_jean_luc_bideau 1.000
3226.840 3228.440 80671 80711 comble_les_rides 1.000
3310.280 3313.040 82757 82826 coupe_de_france 0.846
