0 0
1 1
2 2
3 3
4 4
5 5
6 6
7 7
8 8
9 9
10 10
11 11
12 12
13 13
14 14
15 15
16 16
17 17
18 18
19 19
20 20
21 21
22 18
23 23
24 24
25 25
26 26
27 27
28 28
29 29
30 30
31 31
32 32
33 33
34 34
35 35
36 36
37 37
38 38
39 39
40 38
41 41
42 42
43 43
44 44
45 45
46 46
47 47
48 48
49 49
50 50
51 51
52 52
53 53
54 54
55 55
56 56
57 57
58 58
59 59
60 60
61 61
62 62
63 63
64 64
65 65
66 63
67 63
68 68
69 69
70 70
71 71
72 72
73 73
74 74
75 75
76 76
77 77
78 78
79 79
80 80
81 81
82 81
83 83
84 84
85 85
86 86
87 87
88 88
89 89
90 90
91 91
92 92
93 93
94 94
95 93
96 96
97 93
98 98
99 99
100 93
101 98
102 98
103 93
104 104
105 93
106 104
107 104
108 93
109 109
110 109
111 109
112 93
113 109
114 93
115 115
116 116
117 115
118 96
119 104
120 96
121 104
122 96
123 104
124 124
125 125
126 104
127 127
128 128
129 96
130 104
131 96
132 104
133 125
134 134
135 104
136 136
137 104
138 134
139 139
140 96
141 104
142 142
143 143
144 96
145 104
146 96
147 104
148 96
149 104
150 143
151 104
152 152
153 143
154 154
155 104
156 134
157 125
158 104
159 96
160 143
161 96
162 104
163 104
164 164
165 165
166 143
167 127
168 168
169 104
170 104
171 171
172 143
173 142
174 104
175 96
176 104
177 177
178 143
179 104
180 180
181 143
182 154
183 104
184 154
185 143
186 154
187 104
188 188
189 104
190 104
191 125
192 192
193 104
194 98
195 143
196 196
197 197
198 104
199 96
200 96
201 104
202 154
203 143
204 104
205 104
206 206
207 207
208 125
209 209
210 104
211 142
212 104
213 142
214 214
215 104
216 142
217 93
218 104
219 96
220 143
221 96
222 104
223 104
224 224
225 127
226 104
227 125
228 134
229 104
230 154
231 143
232 104
233 104
234 142
235 143
236 236
237 96
238 238
239 109
240 240
241 96
242 242
243 243
244 244
245 245
246 242
247 109
248 188
249 242
250 250
251 109
252 238
253 238
254 242
255 127
256 238
257 242
258 245
259 109
260 242
261 261
262 262
263 109
264 242
265 109
266 238
267 242
268 268
269 238
270 180
271 238
272 96
273 242
274 109
275 275
276 109
277 96
278 238
279 242
280 238
281 96
282 238
283 96
284 115
285 154
286 115
287 287
288 180
289 115
290 238
291 115
292 115
293 293
294 115
295 295
296 296
297 287
298 293
299 299
300 115
301 293
302 302
303 303
304 293
305 93
306 115
307 307
308 93
309 309
310 93
311 96
312 312
313 313
314 314
315 315
316 316
317 317
318 316
319 319
320 313
321 315
322 314
323 323
324 315
325 313
326 314
327 327
328 319
329 313
330 314
331 315
332 332
333 317
334 314
335 315
336 313
337 337
338 338
339 339
340 323
341 313
342 342
343 313
344 339
345 323
346 346
347 347
348 348
349 349
350 347
351 346
352 352
353 353
354 354
355 347
356 356
357 348
358 358
359 347
360 360
361 348
362 362
363 363
364 356
365 347
366 366
367 363
368 363
369 347
370 370
371 314
372 363
373 373
374 317
375 338
376 49
377 314
378 313
379 315
380 380
381 314
382 313
383 383
384 346
385 315
386 314
387 387
388 388
389 313
390 390
391 391
392 323
393 315
394 394
395 314
396 313
397 96
398 242
399 96
400 180
401 238
402 242
403 238
404 404
405 93
406 236
407 407
408 236
409 407
410 407
411 236
412 96
413 404
414 96
415 404
416 96
417 404
418 96
419 236
420 420
421 407
422 236
423 96
424 424
425 104
426 142
427 104
428 428
429 143
430 430
431 143
432 96
433 104
434 96
435 104
436 142
437 104
438 125
439 439
440 104
441 96
442 104
443 96
444 104
445 104
446 446
447 447
448 104
449 143
450 143
451 143
452 238
453 143
454 104
455 455
456 125
457 143
458 98
459 143
460 104
461 154
462 143
463 134
464 96
465 115
466 115
467 115
468 468
469 115
470 299
471 293
472 472
473 115
474 474
475 475
476 115
477 154
478 293
479 296
480 154
481 293
482 115
483 115
484 484
485 115
486 486
487 487
488 115
489 242
490 115
491 491
492 492
493 96
494 154
495 495
496 154
497 143
498 154
499 242
500 154
501 104
502 143
503 455
504 104
505 242
506 104
507 507
508 134
509 509
510 104
511 455
512 143
513 455
514 143
515 192
516 143
517 154
518 143
519 104
520 520
521 136
522 104
523 523
524 143
525 238
526 143
527 455
528 242
529 250
530 242
531 238
532 96
533 154
534 242
535 535
536 242
537 109
538 109
539 268
540 109
541 242
542 542
543 109
544 109
