0 0
1 1
2 2
3 3
4 4
5 5
6 4
7 7
8 7
9 9
10 9
11 9
12 9
13 9
14 9
15 15
16 9
17 9
18 9
19 19
20 9
21 9
22 9
23 23
24 24
25 23
26 26
27 27
28 27
29 29
30 26
31 31
32 26
33 33
34 26
35 35
36 26
37 26
38 26
39 39
40 40
41 39
42 42
43 43
44 40
45 45
46 46
47 47
48 48
49 43
50 50
51 29
52 52
53 53
54 54
55 29
56 26
57 57
58 58
59 58
60 58
61 61
62 62
63 63
64 64
65 65
66 66
67 67
68 68
69 69
70 70
71 71
72 72
73 73
74 74
75 75
76 76
77 77
78 78
79 79
80 80
81 81
82 82
83 83
84 84
85 84
86 86
87 87
88 39
89 39
90 39
91 91
92 9
93 87
94 94
95 95
96 96
97 39
98 84
99 96
100 84
101 96
102 84
103 103
104 39
105 84
106 84
107 84
108 108
109 109
110 110
111 111
112 112
113 113
114 114
115 114
116 114
117 117
118 118
119 119
120 120
121 121
122 122
123 123
124 124
125 125
126 126
127 127
128 128
129 129
130 130
131 131
132 132
133 133
134 134
135 135
136 136
137 137
138 138
139 138
140 140
141 141
142 142
143 143
144 144
145 143
146 144
147 147
148 148
149 149
150 138
151 151
152 152
153 153
154 154
155 155
156 156
157 157
158 158
159 159
160 160
161 161
162 122
163 163
164 164
165 165
166 166
167 167
168 168
169 169
170 170
171 171
172 172
173 173
174 174
175 175
176 176
177 177
178 174
179 179
180 174
181 174
182 174
183 183
184 184
185 185
186 174
187 187
188 188
189 174
190 190
191 174
192 174
193 174
194 174
195 195
196 196
197 174
198 198
199 174
200 174
201 201
202 202
203 203
204 204
205 205
206 174
207 207
208 208
209 209
210 210
211 211
212 212
213 213
214 188
215 215
216 216
217 217
218 218
219 188
220 211
221 221
222 222
223 216
224 224
225 211
226 226
227 227
228 228
229 229
230 230
231 231
232 232
233 233
234 234
235 218
236 236
237 237
238 234
239 239
240 239
241 241
242 242
243 241
244 239
245 241
246 246
247 247
248 234
249 218
250 134
251 188
252 252
253 234
254 254
255 255
256 256
257 234
258 258
259 234
260 234
261 234
262 262
263 234
264 234
265 265
266 266
267 234
268 234
269 269
270 234
271 234
272 272
273 273
274 274
275 275
276 276
277 277
278 278
279 279
280 278
281 281
282 277
283 283
284 279
285 285
286 286
287 287
288 288
289 289
290 290
291 133
292 133
293 293
294 288
295 295
296 278
297 283
298 278
299 299
300 300
301 301
302 302
303 303
304 304
305 305
306 306
307 305
308 305
309 309
310 310
311 311
312 312
313 313
314 311
315 303
316 316
317 317
318 318
319 319
320 320
321 321
322 321
323 323
324 324
325 310
326 326
327 321
328 328
329 329
330 330
331 331
332 332
333 333
334 334
335 335
336 336
337 336
338 336
339 339
340 340
341 341
342 342
343 343
344 344
345 345
346 346
347 347
348 348
349 349
350 350
351 351
352 352
353 349
354 354
355 355
356 348
357 349
358 358
359 359
360 360
361 361
362 362
363 363
