907.440 908.360 22686 22709 aliste_pierre_menes 1.000
1104.120 1106.880 27603 27672 eddie_murphy 1.000
1972.160 1973.960 49304 49349 julien_en 1.000
2039.720 2042.200 50993 51055 duel_vers_de_verlaine 0.889
2048.000 2050.160 51200 51254 duel_vers_de_verlaine_clan 0.909
2193.480 2202.680 54837 55067 oeme,_quel_mot_paul_eluard 0.773
2525.400 2527.800 63135 63195 juis_avi 1.000
2656.440 2664.560 66411 66614 jesus_christ 1.000
2656.440 2667.400 66411 66685 ai_super_gay 1.000
2726.360 2733.240 68159 68331 laurel_et_hardy 1.000
2739.360 2740.760 68484 68519 laurel_et_hardy 1.000
2758.960 2764.480 68974 69112 marie_antoinette 1.000
2767.960 2769.360 69199 69234 alain_delon 1.000
3569.560 3580.160 89239 89504 stephane_richard_dans_la_tourmente 0.933
