0 0
1 1
2 2
3 3
4 4
5 5
6 6
7 5
8 8
9 2
10 10
11 5
12 2
13 13
14 14
15 15
16 16
17 0
18 0
19 19
20 20
21 21
22 22
23 23
24 24
25 1
26 26
27 27
28 28
29 28
30 30
31 31
32 28
33 28
34 34
35 35
36 28
37 37
38 31
39 30
40 28
41 35
42 31
43 30
44 31
45 28
46 30
47 31
48 31
49 28
50 35
51 31
52 30
53 31
54 54
55 55
56 30
57 37
58 30
59 59
60 30
61 61
62 28
63 30
64 30
65 59
66 28
67 30
68 68
69 59
70 30
71 55
72 72
73 59
74 30
75 30
76 28
77 59
78 59
79 30
80 28
81 59
82 59
83 30
84 72
85 55
86 86
87 30
88 27
89 28
90 27
91 28
92 28
93 93
94 27
95 28
96 28
97 31
98 31
99 30
100 55
101 30
102 35
103 30
104 28
105 30
106 106
107 30
108 59
109 30
110 28
111 59
112 30
113 59
114 30
115 59
116 27
117 28
118 34
119 35
120 31
121 35
122 28
123 31
124 30
125 125
126 31
127 30
128 31
129 55
130 30
131 28
132 55
133 55
134 55
135 55
136 55
137 137
138 55
139 55
140 72
141 141
142 142
143 143
144 144
145 145
146 146
147 147
148 148
149 149
150 150
151 151
152 152
153 153
154 154
155 155
156 156
157 157
158 158
159 159
160 160
161 161
162 162
163 163
164 164
165 164
166 166
167 162
168 168
169 169
170 170
171 164
172 162
173 173
174 174
175 162
176 164
177 162
178 178
179 179
180 162
181 164
182 162
183 183
184 163
185 164
186 173
187 166
188 164
189 173
190 164
191 162
192 173
193 164
194 173
195 195
196 164
197 173
198 164
199 162
200 164
201 162
202 166
203 162
204 166
205 163
206 206
207 173
208 164
209 173
210 166
211 162
212 212
213 163
214 164
215 164
216 216
217 173
218 166
219 173
220 164
221 221
222 163
223 164
224 162
225 164
226 162
227 162
228 164
229 162
230 164
231 162
232 164
233 162
234 164
235 162
236 216
237 173
238 216
239 163
240 164
241 163
242 242
243 243
244 163
245 173
246 164
247 163
248 163
249 164
250 250
251 164
252 163
253 164
254 254
255 216
256 216
257 163
258 216
259 259
260 173
261 216
262 163
263 164
264 163
265 265
266 163
267 267
268 163
269 164
270 163
271 164
272 143
273 273
274 273
275 273
276 273
277 273
278 278
279 278
280 278
281 273
282 278
283 278
284 273
285 285
286 273
287 273
288 278
289 278
290 278
291 273
292 278
293 285
294 285
295 285
296 278
297 278
298 285
299 278
300 278
301 285
302 278
303 278
304 278
305 278
306 273
307 278
308 278
309 278
310 278
311 273
312 273
313 273
314 273
315 273
316 273
317 273
318 278
319 278
320 278
321 273
322 278
323 278
324 285
325 278
326 278
327 278
328 278
329 278
330 278
331 278
332 273
333 333
334 278
335 278
336 285
337 273
338 278
339 278
340 278
341 278
342 278
343 285
344 285
345 345
346 285
347 285
348 278
349 273
350 278
351 285
352 278
353 273
354 273
355 273
356 278
357 278
358 278
359 285
360 285
361 285
362 278
363 285
364 278
365 285
366 278
367 273
368 368
369 273
370 273
371 278
372 273
373 285
374 278
375 278
376 278
377 278
378 278
379 278
380 278
381 278
382 382
383 383
384 383
385 143
386 386
387 387
388 388
